backend/lakes/data/Gooseberry Lake/goob_dem_tm.asc
ncols         108
nrows         76
xllcorner     788950
yllcorner     5778500
cellsize      50
NODATA_value  -9999
[rows 30 to 59 of 76, columns 0 to 67 of 108]
-9999 -9999 -9999 -9999 -9999 -9999 -9999 -9999 -9999 -9999 -9999 -9999 -9999 -9999 -9999 -9999 -9999 -9999 -9999 -9999 -9999 -9999 -9999 -9999 -9999 -9999 -9999 -9999 -9999 -9999 -9999 -9999 -9999 -9999 -9999 -9999 -9999 -9999 -9999 700.1166 698.1692 696.5359 695.3679 694.7944 694.585 694.369 694.2108 694.5023 694.8792 695.0242 694.8854 694.3517 693.3916 692.2988 691.1028 689.8006 688.6417 687.7667 687.2106 686.8527 686.684 686.6769 686.7729 686.8635 686.9488 686.9501 686.9498 686.9495
-9999 -9999 -9999 -9999 -9999 -9999 -9999 -9999 -9999 -9999 -9999 -9999 -9999 -9999 -9999 -9999 -9999 -9999 -9999 -9999 -9999 -9999 -9999 -9999 -9999 -9999 -9999 -9999 -9999 -9999 -9999 -9999 -9999 -9999 -9999 -9999 -9999 -9999 701.7211 699.195 696.9715 695.2476 694.1245 693.6304 693.606 693.6273 693.3793 693.6952 694.0129 694.17 693.9559 693.1448 692.1652 690.9694 689.7364 688.7009 687.9818 687.4902 687.1188 686.9104 686.8419 686.8618 686.9471 686.9503 686.9764 686.9708 686.965 686.9641
-9999 -9999 -9999 -9999 -9999 -9999 -9999 -9999 -9999 -9999 -9999 -9999 -9999 -9999 -9999 -9999 -9999 -9999 -9999 -9999 -9999 -9999 -9999 -9999 -9999 -9999 -9999 -9999 -9999 -9999 -9999 -9999 -9999 -9999 -9999 -9999 -9999 704.1754 701.3696 698.4888 696.0038 694.1526 692.9946 692.5137 692.6563 692.7589 692.4607 692.6134 692.7958 692.7622 692.3916 691.4406 690.4702 689.4919 688.6002 687.9705 687.5406 687.2421 687.0462 686.9538 686.9496 686.9501 686.98 686.9669 686.9487 686.9197 686.8944 686.8793
-9999 -9999 -9999 -9999 -9999 -9999 -9999 -9999 -9999 -9999 -9999 -9999 -9999 -9999 -9999 -9999 -9999 -9999 -9999 -9999 -9999 -9999 -9999 -9999 -9999 -9999 -9999 -9999 -9999 704.5417 704.79 705.2235 705.7042 -9999 -9999 -9999 706.0866 703.8372 700.8233 697.7258 695.0662 693.1069 691.9068 691.5082 691.7234 691.8312 691.4465 691.452 691.4664 691.1849 690.6946 690.0328 689.2509 688.5596 687.9476 687.5339 687.2453 687.0687 686.988 686.95 686.9557 686.9596 686.9611 686.9342 686.8898 686.8352 686.7832 686.7438
-9999 -9999 -9999 -9999 -9999 -9999 -9999 -9999 -9999 -9999 -9999 -9999 -9999 -9999 -9999 -9999 -9999 -9999 -9999 -9999 -9999 -9999 -9999 -9999 -9999 -9999 705.3188 703.5691 702.7094 702.5527 702.8168 703.4202 704.2566 705.2424 706.1451 706.4565 705.3812 703.0203 699.9256 696.7443 694.0016 691.9545 690.6451 690.2567 690.4822 690.4984 690.3258 690.2846 690.2189 689.7232 689.392 689.4601 688.8268 688.1044 687.5725 687.2521 687.0562 686.951 686.9496 686.9324 686.9318 686.9297 686.9164 686.8789 686.8185 686.7421 686.6621 686.5933
-9999 -9999 -9999 -9999 -9999 -9999 -9999 -9999 -9999 -9999 -9999 -9999 -9999 -9999 -9999 -9999 -9999 -9999 -9999 -9999 -9999 -9999 -9999 -9999 -9999 706.896 704.1099 702.0012 700.7943 700.3864 700.5393 701.2372 702.3721 703.6993 704.7856 705.1412 703.9742 701.6158 698.584 695.4577 692.7177 690.6638 689.3532 688.9139 689.0334 689.1388 689.1327 689.0919 688.9537 688.6671 688.4786 688.5441 688.3406 687.7084 687.3125 687.0784 686.9489 686.881 686.8829 686.887 686.8887 686.8804 686.8574 686.8124 686.7424 686.6501 686.5453 686.4467
-9999 -9999 -9999 -9999 -9999 -9999 -9999 -9999 -9999 -9999 -9999 -9999 -9999 -9999 -9999 -9999 -9999 -9999 -9999 -9999 -9999 -9999 -9999 711.7902 708.8817 705.7785 702.8066 700.3699 698.7431 697.9804 697.9577 698.6859 700.0187 701.6129 702.8598 703.191 702.0354 699.7797 696.9073 693.9263 691.3138 689.4207 688.3456 688.0072 688.0751 688.1963 688.2281 688.1749 688.0798 687.9017 687.687 687.6774 687.6149 687.3452 687.1082 686.9488 686.8509 686.8115 686.8199 686.8352 686.8379 686.8219 686.7881 686.7352 686.6587 686.5562 686.4332 686.3096
-9999 -9999 -9999 -9999 -9999 -9999 -9999 -9999 -9999 -9999 -9999 -9999 -9999 -9999 -9999 -9999 -9999 -9999 -9999 -9999 -9999 -9999 712.8575 710.2959 707.3994 704.281 701.1976 698.4787 696.4531 695.3306 695.1128 695.8422 697.3046 699.1273 700.5899 700.968 699.9022 697.811 695.1338 692.3433 690.0264 688.5006 687.7283 687.5013 687.5712 687.6857 687.7059 687.6009 687.5696 687.5275 687.3544 687.2849 687.23 687.0967 686.949 686.8297 686.7607 686.743 686.7615 686.7838 686.7855 686.7592 686.7107 686.6452 686.5604 686.451 686.318 686.1785
-9999 -9999 -9999 -9999 -9999 -9999 -9999 -9999 -9999 -9999 -9999 -9999 -9999 -9999 -9999 -9999 -9999 -9999 -9999 -9999 -9999 713.5311 711.2078 708.5404 705.5609 702.3852 699.2171 696.2896 693.9639 692.5493 692.1744 692.9277 694.4944 696.5005 698.2077 698.7755 697.8888 696.0049 693.5608 691.0859 689.1774 688.0317 687.4774 687.3428 687.4298 687.5428 687.557 687.4282 687.3475 687.2848 687.176 687.1031 687.0452 686.9481 686.8239 686.7289 686.6819 686.6802 686.7068 686.7324 686.7311 686.6932 686.6267 686.5431 686.4457 686.33 686.1935 686.0491
-9999 -9999 -9999 -9999 -9999 -9999 -9999 -9999 -9999 -9999 -9999 -9999 -9999 -9999 -9999 -9999 -9999 -9999 -9999 -9999 -9999 711.8342 709.3858 706.566 703.4572 700.18 696.9235 693.9554 691.6472 690.1992 689.8124 690.5087 692.0806 694.1149 696.0586 696.8965 696.2164 694.5298 692.3091 690.1965 688.7943 687.928 687.4987 687.4042 687.4864 687.56 687.4917 687.3534 687.2433 687.1631 687.0823 687.0157 686.9484 686.835 686.7231 686.6472 686.6177 686.6267 686.6555 686.6782 686.6707 686.6216 686.5381 686.4353 686.3229 686.2003 686.0652 685.9258
-9999 -9999 -9999 -9999 -9999 -9999 -9999 -9999 -9999 -9999 -9999 -9999 -9999 -9999 -9999 -9999 -9999 -9999 -9999 -9999 712.2485 710.0271 707.4005 704.3845 701.0959 697.7071 694.4858 691.7279 689.7583 688.6238 688.3375 688.9224 690.3097 692.2972 694.4031 695.4869 694.9629 693.4076 691.4307 689.831 688.8 688.0762 687.6527 687.5307 687.56 687.5239 687.4243 687.2897 687.1736 687.0865 687.0154 686.9493 686.8556 686.7458 686.6508 686.5931 686.5771 686.5902 686.6128 686.6236 686.6042 686.5449 686.4499 686.334 686.2104 686.0846 685.9557 685.8297
-9999 -9999 -9999 -9999 -9999 -9999 -9999 -9999 -9999 -9999 -9999 -9999 -9999 -9999 -9999 -9999 -9999 -9999 -9999 712.4304 710.4784 708.1132 705.2668 702.0331 698.5817 695.1841 692.2268 689.9958 688.5813 687.8048 687.632 688.1374 689.3376 691.2125 693.3243 694.5195 694.0417 692.4882 690.7179 689.9015 689.0223 688.2798 687.7551 687.5574 687.481 687.4092 687.3134 687.2018 687.1042 687.0195 686.9498 686.8783 686.7908 686.6992 686.6252 686.5839 686.575 686.5842 686.5923 686.5834 686.547 686.4783 686.38 686.2636 686.1418 686.0228 685.9086 685.803
-9999 -9999 -9999 -9999 -9999 -9999 -9999 -9999 -9999 -9999 -9999 -9999 -9999 -9999 -9999 -9999 -9999 -9999 -9999 710.6306 708.6101 706.0797 703.0371 699.6259 696.1229 692.9603 690.5984 689.0219 688.1501 687.6881 687.5648 687.9641 689.003 690.7241 692.736 693.8098 693.3541 691.5676 689.9383 689.3384 688.8771 688.2206 687.6257 687.4071 687.3113 687.2456 687.1696 687.0817 687.0249 686.9498 686.8863 686.8395 686.778 686.7137 686.6633 686.6356 686.6278 686.6273 686.6182 686.5891 686.5374 686.4641 686.3737 686.2732 686.1717 686.076 685.9884 685.9111
-9999 -9999 -9999 -9999 -9999 -9999 -9999 -9999 -9999 -9999 -9999 -9999 -9999 -9999 -9999 -9999 -9999 -9999 710.4769 708.7455 706.6223 703.9575 700.7679 697.2745 693.949 691.3745 689.9214 688.9916 688.3701 688.0684 687.8776 688.1215 688.9807 690.5361 692.4222 693.166 692.8923 691.0337 689.5452 688.7361 688.2081 687.6942 687.3606 687.2068 687.1209 687.0806 687.031 686.9517 686.9481 686.8748 686.8423 686.8555 686.83 686.7975 686.7722 686.7574 686.7496 686.7412 686.7228 686.6884 686.6396 686.5798 686.5149 686.4495 686.3876 686.3331 686.2853 686.2424
-9999 -9999 -9999 -9999 -9999 -9999 -9999 -9999 -9999 -9999 -9999 -9999 -9999 -9999 -9999 -9999 -9999 710.2978 708.6006 706.7676 704.525 701.7795 698.5522 695.1011 692.1196 690.3694 690.2339 689.4147 688.7186 688.3181 688.1617 688.303 688.9861 690.3192 691.9945 692.575 692.5484 690.706 689.17 688.1876 687.6219 687.3035 687.1195 687.0379 686.9511 686.9478 686.9482 686.8885 686.8571 686.8222 686.8426 686.9453 686.9481 686.946 686.9446 686.9435 686.9427 686.9427 686.941 686.9393 686.9414 686.9366 686.9304 686.9235 686.9191 686.9175 686.9164 686.9084
-9999 -9999 -9999 -9999 -9999 -9999 -9999 -9999 -9999 -9999 -9999 -9999 -9999 -9999 -9999 -9999 710.3173 708.4921 706.7062 704.7098 702.347 699.5851 696.4798 693.2051 690.5862 689.2797 689.3503 689.2064 688.7007 688.3278 688.1701 688.3583 688.9326 690.0079 691.6501 692.8181 692.2342 690.3641 688.7532 687.7075 687.2255 687.0549 686.9509 686.9429 686.8295 686.8208 686.8697 686.9433 686.9537 686.9532 686.9753 687.0771 687.127 687.1501 687.1581 687.1609 687.1805 687.2323 687.2958 687.3986 687.5539 687.6808 687.7909 687.8734 687.9393 687.9905 688.0241 688.0346
-9999 -9999 -9999 -9999 -9999 -9999 -9999 -9999 -9999 -9999 -9999 -9999 -9999 -9999 -9999 -9999 708.4839 706.6459 704.7405 702.554 700.0467 697.3014 694.5284 691.5192 689.3945 688.5217 688.5176 688.5461 688.3437 688.1821 688.1711 688.3768 688.781 689.4946 690.7162 691.5992 691.4852 689.8187 688.2468 687.3252 686.9579 686.9405 686.8463 686.8206 686.8433 686.973 687.1418 687.3723 687.4935 687.5564 687.6129 687.6879 687.7587 687.8052 687.8184 687.8112 687.8475 687.9648 688.1072 688.3557 688.7628 689.1431 689.4716 689.6868 689.8304 689.9064 689.9024 689.9065
-9999 -9999 -9999 -9999 -9999 -9999 -9999 -9999 -9999 -9999 -9999 -9999 -9999 -9999 -9999 708.4767 706.5932 704.7302 702.658 700.2469 697.5689 694.8167 692.2615 689.9537 688.5123 687.946 687.9025 687.95 687.9277 687.9895 688.1716 688.3943 688.6442 689.0474 689.7208 690.4052 690.2496 689.0441 687.7611 687.0186 686.7942 686.8218 686.9387 687.0713 687.3696 687.8245 688.2493 688.5482 688.7151 688.8182 688.9209 689.0566 689.208 689.3133 689.3402 689.2943 689.3157 689.4385 689.6586 690.0683 690.7379 691.4137 692.0013 692.3247 692.4949 692.5081 692.4988 692.5388
-9999 -9999 -9999 -9999 -9999 -9999 -9999 -9999 -9999 -9999 -9999 -9999 -9999 -9999 -9999 706.4478 704.6436 702.7485 700.5029 697.8716 695.072 692.457 690.2669 688.6849 687.8633 687.6125 687.5616 687.5635 687.5821 687.7877 688.1306 688.3396 688.4378 688.5197 688.7589 689.0309 689.0633 688.2757 687.2759 686.9404 686.9295 687.1085 687.577 688.1021 688.8092 689.5591 690.183 690.5668 690.7725 690.8779 690.9732 691.1169 691.3215 691.4792 691.5059 691.3816 691.3506 691.4382 691.7115 692.2385 693.1011 694.0563 694.866 695.2813 695.4017 695.3865 695.3908 695.4952
-9999 -9999 -9999 -9999 -9999 -9999 -9999 -9999 -9999 -9999 -9999 -9999 -9999 -9999 706.1325 704.3866 702.6801 700.7692 698.4043 695.6191 692.8496 690.478 688.7952 687.8455 687.5208 687.5598 687.5181 687.4742 687.4726 687.5766 687.8634 688.0969 688.0969 687.9041 687.8197 687.7735 687.7292 687.4064 686.9623 687.0233 687.3998 688.0314 688.9263 689.873 690.9203 691.8729 692.6115 693.0507 693.2682 693.3499 693.4083 693.5104 693.6653 693.8016 693.8026 693.6566 693.5432 693.5597 693.8259 694.4241 695.4369 696.6379 697.6611 698.1679 698.2581 698.2092 698.2097 698.3469
-9999 -9999 -9999 -9999 -9999 -9999 -9999 -9999 -9999 -9999 -9999 -9999 -9999 -9999 703.9277 702.3895 700.813 698.9301 696.5561 693.7715 691.1003 689.0901 687.8913 687.3485 687.3143 687.5493 687.5647 687.5164 687.4904 687.4889 687.5611 687.5923 687.5524 687.3384 687.1191 686.981 686.9622 686.9511 687.0944 687.5972 688.4202 689.5787 690.8508 692.0901 693.2908 694.3649 695.2136 695.7069 695.9151 695.9578 695.9747 696.0341 696.1462 696.2535 696.246 696.0885 695.9033 695.8266 696.0328 696.6499 697.7585 699.1206 700.2581 700.8044 700.8795 700.7964 700.787 700.9481
-9999 -9999 -9999 -9999 -9999 -9999 -9999 -9999 -9999 -9999 -9999 -9999 -9999 -9999 701.8849 700.5804 699.138 697.3331 695.0451 692.3947 689.9998 688.3665 687.4813 687.131 687.1766 687.4092 687.5582 687.56 687.5593 687.4825 687.4437 687.3936 687.3066 687.1364 686.9605 686.943 687.0747 687.3643 687.9095 688.8354 690.0895 691.5334 693.0002 694.3463 695.6161 696.7872 697.7188 698.2745 698.4979 698.5145 698.5152 698.5595 698.6698 698.8005 698.8242 698.6782 698.4526 698.2955 698.4275 699.0078 700.1098 701.4875 702.5909 703.0964 703.1343 703.0116 703.0092 703.2264
-9999 -9999 -9999 -9999 -9999 -9999 -9999 -9999 -9999 -9999 -9999 -9999 -9999 -9999 700.245 699.0989 697.7473 696.0554 693.9573 691.6031 689.564 688.2509 687.5376 687.2199 687.2166 687.3636 687.4872 687.5298 687.5571 687.5571 687.5514 687.5477 687.5494 687.5481 687.5689 687.7295 688.093 688.668 689.5596 690.7906 692.2532 693.7736 695.2363 696.5785 697.8414 699.0389 699.9927 700.589 700.8631 700.9089 700.9406 700.9906 701.1155 701.2731 701.348 701.2424 701.0031 700.8035 700.8751 701.3864 702.4065 703.6344 -9999 -9999 -9999 -9999 -9999 -9999
-9999 -9999 -9999 -9999 -9999 -9999 -9999 -9999 -9999 -9999 -9999 -9999 -9999 -9999 699.1809 698.0742 696.743 695.1972 693.387 691.4298 689.7534 688.6638 688.012 687.6152 687.5221 687.5729 687.6337 687.6818 687.7622 687.8531 687.9491 688.1158 688.37 688.6802 689.0084 689.4637 690.1478 690.9537 691.9892 693.2677 694.6813 696.1234 697.5176 698.8015 700.0021 701.1586 702.0941 -9999 -9999 -9999 -9999 -9999 -9999 -9999 -9999 -9999 -9999 -9999 -9999 -9999 -9999 -9999 -9999 -9999 -9999 -9999 -9999 -9999
-9999 -9999 -9999 -9999 -9999 -9999 -9999 -9999 -9999 -9999 -9999 -9999 -9999 -9999 -9999 697.5071 696.1973 694.8339 693.3224 691.7723 690.3943 689.3838 688.698 688.2577 688.1331 688.1315 688.1504 688.2268 688.4353 688.7051 688.9714 689.3915 689.9684 690.6646 691.3682 692.0608 692.8986 693.7659 694.7718 695.9361 697.2092 698.4965 699.7916 701.0229 702.1943 -9999 -9999 -9999 -9999 -9999 -9999 -9999 -9999 -9999 -9999 -9999 -9999 -9999 -9999 -9999 -9999 -9999 -9999 -9999 -9999 -9999 -9999 -9999
-9999 -9999 -9999 -9999 -9999 -9999 -9999 -9999 -9999 -9999 -9999 -9999 -9999 -9999 -9999 697.146 695.9232 694.7515 693.5407 692.3918 691.3939 690.4245 689.6926 689.2385 689.0831 689.0709 689.1155 689.336 689.7919 690.3932 691.0075 691.7258 692.5667 693.4862 694.3249 695.0622 695.824 696.6416 697.5834 698.6337 699.7531 700.8621 702.0334 703.2455 -9999 -9999 -9999 -9999 -9999 -9999 -9999 -9999 -9999 -9999 -9999 -9999 -9999 -9999 -9999 -9999 -9999 -9999 -9999 -9999 -9999 -9999 -9999 -9999
-9999 -9999 -9999 -9999 -9999 -9999 -9999 -9999 -9999 -9999 -9999 -9999 -9999 -9999 -9999 -9999 695.7445 694.8021 693.9582 693.1852 692.5519 691.8024 691.0951 690.5958 690.4055 690.4312 690.5698 691.0727 691.9497 692.9396 693.8204 694.6648 695.5348 696.4349 697.257 697.9617 698.6674 699.4645 700.3588 701.3077 702.296 703.2502 -9999 -9999 -9999 -9999 -9999 -9999 -9999 -9999 -9999 -9999 -9999 -9999 -9999 -9999 -9999 -9999 -9999 -9999 -9999 -9999 -9999 -9999 -9999 -9999 -9999 -9999
-9999 -9999 -9999 -9999 -9999 -9999 -9999 -9999 -9999 -9999 -9999 -9999 -9999 -9999 -9999 -9999 695.8099 695.1279 694.6186 694.1923 693.8409 693.3281 692.7119 692.1783 691.9544 692.0251 692.4059 693.2205 694.382 695.6077 696.6408 697.5358 698.3665 699.1943 699.9665 700.6512 701.3584 702.1814 703.0465 703.8902 704.7548 -9999 -9999 -9999 -9999 -9999 -9999 -9999 -9999 -9999 -9999 -9999 -9999 -9999 -9999 -9999 -9999 -9999 -9999 -9999 -9999 -9999 -9999 -9999 -9999 -9999 -9999 -9999
-9999 -9999 -9999 -9999 -9999 -9999 -9999 -9999 -9999 -9999 -9999 -9999 -9999 -9999 -9999 -9999 -9999 695.8907 695.6284 695.463 695.293 694.9518 694.418 693.9177 693.7037 693.8362 694.3809 695.4012 696.7528 698.1183 699.23 700.1635 700.9585 701.729 702.4637 703.1594 703.8859 704.6849 -9999 -9999 -9999 -9999 -9999 -9999 -9999 -9999 -9999 -9999 -9999 -9999 -9999 -9999 -9999 -9999 -9999 -9999 -9999 -9999 -9999 -9999 -9999 -9999 -9999 -9999 -9999 -9999 -9999 -9999
-9999 -9999 -9999 -9999 -9999 -9999 -9999 -9999 -9999 -9999 -9999 -9999 -9999 -9999 -9999 -9999 -9999 -9999 696.9771 696.9288 696.8282 696.5763 696.1857 695.8295 695.6948 695.9048 696.5406 697.6181 699.0161 700.3996 701.5516 702.541 703.3589 704.1091 704.807 -9999 -9999 -9999 -9999 -9999 -9999 -9999 -9999 -9999 -9999 -9999 -9999 -9999 -9999 -9999 -9999 -9999 -9999 -9999 -9999 -9999 -9999 -9999 -9999 -9999 -9999 -9999 -9999 -9999 -9999 -9999 -9999 -9999
