backend/lakes/data/Iosegun Lake/iose_dem_tm.asc
ncols         142
nrows         199
xllcorner     376850
yllcorner     6030850
cellsize      50
NODATA_value  -9999
[rows 31 to 61 of 199, columns 0 to 69 of 142]
-9999 -9999 -9999 -9999 -9999 -9999 -9999 -9999 -9999 -9999 -9999 -9999 -9999 -9999 -9999 780.0691 779.4769 777.9246 775.87 773.7934 772.223 771.3118 770.8721 770.688 770.6261 770.6324 770.6645 770.6964 770.7168 770.7172 770.6888 770.6287 770.5575 770.4982 770.4703 770.472 770.4727 770.4443 770.3954 770.3845 770.5092 770.8679 771.2863 772.2954 773.3152 774.3226 775.4515 -9999 -9999 -9999 -9999 -9999 -9999 -9999 -9999 -9999 -9999 -9999 -9999 -9999 -9999 -9999 -9999 -9999 -9999 -9999 -9999 -9999 -9999 -9999
-9999 -9999 -9999 -9999 -9999 -9999 -9999 -9999 -9999 -9999 -9999 -9999 -9999 -9999 780.7985 780.1918 779.2277 777.4681 775.3034 773.2646 771.9197 771.1921 770.8925 770.804 770.7997 770.8171 770.8464 770.8639 770.863 770.8439 770.8016 770.7351 770.6573 770.5881 770.547 770.5395 770.5444 770.5317 770.4909 770.4368 770.4193 770.5585 771.0593 771.994 773.025 774.0547 775.0828 -9999 -9999 -9999 -9999 -9999 -9999 -9999 -9999 -9999 -9999 -9999 -9999 -9999 -9999 -9999 -9999 -9999 -9999 -9999 -9999 -9999 -9999 -9999
-9999 -9999 -9999 -9999 -9999 -9999 -9999 -9999 -9999 -9999 -9999 -9999 -9999 -9999 780.4322 779.7152 778.4958 776.6506 774.5156 772.6214 771.5494 771.0459 770.8986 770.9184 770.9742 771.0156 771.0317 771.0255 770.9948 770.9495 770.8944 770.8253 770.748 770.6774 770.6284 770.6101 770.6152 770.6226 770.6172 770.5892 770.535 770.6244 771.0267 771.8688 772.9165 773.9669 774.9286 -9999 -9999 -9999 -9999 -9999 -9999 -9999 -9999 -9999 -9999 -9999 -9999 -9999 -9999 -9999 -9999 -9999 -9999 -9999 -9999 -9999 -9999 -9999
-9999 -9999 -9999 -9999 -9999 -9999 -9999 -9999 -9999 -9999 -9999 -9999 -9999 -9999 779.4294 778.7043 777.4579 775.696 773.7162 772.009 771.2018 770.9026 770.8845 770.9905 771.1015 771.176 771.1952 771.1682 771.1053 771.0289 770.9619 770.903 770.8411 770.7767 770.7194 770.6835 770.6767 770.699 770.7532 770.8499 770.9664 770.8315 771.0587 771.7787 772.8879 773.9732 -9999 -9999 -9999 -9999 -9999 -9999 -9999 -9999 -9999 -9999 -9999 -9999 -9999 -9999 -9999 -9999 -9999 -9999 -9999 -9999 -9999 -9999 -9999 -9999
-9999 -9999 -9999 -9999 -9999 -9999 -9999 -9999 -9999 -9999 -9999 -9999 -9999 -9999 778.1469 777.5276 776.472 774.9449 773.2083 771.7465 771.0363 770.8283 770.8791 771.0216 771.1687 771.2609 771.3036 771.2782 771.1953 771.0883 771.0005 770.9492 770.9165 770.8783 770.8242 770.7659 770.7247 770.7178 770.7599 770.8605 770.9763 770.7905 771.0482 771.8963 773.0432 774.1655 -9999 -9999 -9999 -9999 -9999 -9999 -9999 -9999 -9999 -9999 -9999 -9999 -9999 -9999 -9999 -9999 -9999 -9999 -9999 -9999 -9999 -9999 -9999 -9999
-9999 -9999 -9999 -9999 -9999 -9999 -9999 -9999 -9999 -9999 -9999 -9999 -9999 -9999 777.0303 776.5737 775.7652 774.4941 773.0036 771.7088 771.0052 770.827 770.8896 771.0314 771.1693 771.277 771.3277 771.3278 771.259 771.1403 771.0284 770.9691 770.9547 770.9475 770.9127 770.8403 770.7529 770.6782 770.6342 770.6182 770.5932 770.5273 771.0412 772.1131 773.4747 774.7648 775.7129 -9999 -9999 -9999 -9999 -9999 -9999 -9999 -9999 -9999 -9999 -9999 -9999 -9999 -9999 -9999 -9999 -9999 -9999 -9999 -9999 -9999 -9999 -9999
-9999 -9999 -9999 -9999 -9999 -9999 -9999 -9999 -9999 -9999 -9999 -9999 -9999 -9999 -9999 775.9824 775.334 774.3057 772.9948 771.8304 771.0426 770.8909 770.9192 771.0188 771.1281 771.2189 771.2841 771.3033 771.2683 771.1771 771.066 770.9915 770.9726 770.9779 770.9603 770.8883 770.7673 770.6307 770.5114 770.431 770.4116 770.5484 771.2419 772.5423 774.126 775.6074 776.7371 -9999 -9999 -9999 -9999 -9999 -9999 -9999 -9999 -9999 -9999 -9999 -9999 -9999 -9999 -9999 -9999 -9999 -9999 -9999 -9999 -9999 -9999 -9999
-9999 -9999 -9999 -9999 -9999 -9999 -9999 -9999 -9999 -9999 -9999 -9999 -9999 -9999 -9999 775.8245 775.2333 774.2784 773.0187 771.8848 771.0712 770.9976 770.9523 770.9758 771.0432 771.1163 771.1791 771.2203 771.221 771.1736 771.0961 771.0299 771.0028 771 770.9811 770.9109 770.7798 770.6173 770.4736 770.4075 770.4994 770.8839 771.7205 773.1384 774.8518 776.5632 777.9444 -9999 -9999 -9999 -9999 -9999 -9999 -9999 -9999 -9999 -9999 -9999 -9999 -9999 -9999 -9999 -9999 -9999 -9999 -9999 -9999 -9999 -9999 -9999
-9999 -9999 -9999 -9999 -9999 -9999 -9999 -9999 -9999 -9999 -9999 -9999 -9999 -9999 -9999 -9999 775.4606 774.3724 773.0568 771.9005 771.0745 770.9985 770.9117 770.8831 770.9121 770.9772 771.045 771.0994 771.1292 771.1275 771.099 771.0643 771.0449 771.0361 771.0081 770.9342 770.8081 770.6554 770.5349 770.5266 770.7346 771.2684 772.3205 773.8131 775.5606 777.3503 778.8849 -9999 -9999 -9999 -9999 -9999 -9999 -9999 -9999 -9999 -9999 -9999 -9999 -9999 -9999 -9999 -9999 -9999 -9999 -9999 -9999 -9999 -9999 -9999
-9999 -9999 -9999 -9999 -9999 -9999 -9999 -9999 -9999 -9999 -9999 -9999 -9999 -9999 -9999 -9999 775.8868 774.591 773.1678 771.9616 771.1252 770.9929 770.8337 770.7513 770.7538 770.8126 770.8951 770.9686 771.02 771.0503 771.0668 771.0759 771.0818 771.0795 771.0505 770.9781 770.8676 770.7511 770.6921 770.7841 771.1686 771.9053 773.0396 774.4206 775.9454 777.5392 778.9921 -9999 -9999 -9999 -9999 -9999 -9999 -9999 -9999 -9999 -9999 -9999 -9999 -9999 -9999 -9999 -9999 -9999 -9999 -9999 -9999 -9999 -9999 -9999
-9999 -9999 -9999 -9999 -9999 -9999 -9999 -9999 -9999 -9999 -9999 -9999 -9999 -9999 -9999 -9999 776.2774 774.9311 773.4477 772.1875 771.3499 770.9859 770.7352 770.6097 770.5895 770.6454 770.7396 770.8358 770.9111 770.9656 771.012 771.0562 771.0931 771.1106 771.0944 771.0368 770.9531 770.8883 770.9144 771.1313 771.7823 772.6023 773.5453 774.6129 775.7504 776.9716 778.1739 778.8476 778.3542 -9999 776.0761 775.4331 775.8948 776.9289 778.4377 780.4635 -9999 -9999 -9999 -9999 -9999 -9999 -9999 -9999 -9999 -9999 -9999 -9999 -9999 -9999
-9999 -9999 -9999 -9999 -9999 -9999 -9999 -9999 -9999 -9999 -9999 -9999 -9999 -9999 -9999 -9999 776.6099 775.4156 773.9613 772.6107 771.6274 771.0093 770.6694 770.5024 770.458 770.4998 770.5941 770.7039 770.801 770.8788 770.947 771.0143 771.0745 771.113 771.1155 771.08 771.0281 771.0164 771.132 771.4669 772.0101 772.6185 773.2336 774.0408 774.9407 775.8632 776.7543 777.3433 777.0506 776.1761 775.2527 774.7494 774.9946 775.8618 777.2524 779.2502 781.8217 -9999 -9999 -9999 -9999 -9999 -9999 -9999 -9999 -9999 -9999 -9999 -9999 -9999
-9999 -9999 -9999 -9999 -9999 -9999 -9999 -9999 -9999 -9999 -9999 -9999 -9999 -9999 -9999 -9999 776.6185 775.7392 774.4393 773.0925 772.0052 771.2026 770.755 770.5024 770.3997 770.4056 770.4779 770.5807 770.6868 770.7831 770.8708 770.9541 771.0291 771.0829 771.1014 771.0808 771.0411 771.0365 771.1495 771.4613 771.9319 772.3405 772.687 773.1337 773.7464 774.364 774.9943 775.5275 775.5793 775.0921 774.4653 773.975 774.0129 774.7015 776.0018 777.9786 780.6172 783.5745 -9999 -9999 -9999 -9999 -9999 -9999 -9999 -9999 -9999 -9999 -9999 -9999
-9999 -9999 -9999 -9999 -9999 -9999 -9999 -9999 -9999 -9999 -9999 -9999 -9999 -9999 -9999 -9999 -9999 775.8923 774.8348 773.614 772.5687 771.7745 771.1259 770.6935 770.4611 770.3851 770.4084 770.4813 770.5751 770.6761 770.7775 770.8735 770.9579 771.0214 771.0506 771.0361 770.9871 770.941 770.9551 771.0807 771.4799 771.8125 771.9312 772.0751 772.3774 772.735 773.2229 773.7349 774.052 773.9651 773.6107 773.0401 772.8938 773.4103 774.6972 776.7303 779.4493 782.5367 785.509 -9999 -9999 -9999 -9999 -9999 -9999 -9999 -9999 -9999 -9999 -9999
-9999 -9999 -9999 -9999 -9999 -9999 -9999 -9999 -9999 -9999 -9999 -9999 -9999 -9999 -9999 -9999 -9999 775.9966 775.2037 774.2021 773.239 772.4737 771.8046 771.1191 770.6895 770.4702 770.4005 770.4184 770.481 770.5692 770.6709 770.7726 770.8629 770.9325 770.9696 770.9597 770.9022 770.8251 770.7848 770.8322 770.9962 771.0734 771.0667 771.0665 771.1519 771.3446 771.7218 772.1731 772.5724 772.7958 772.6104 772.0122 771.746 772.1476 773.4321 775.5657 778.4169 781.5836 784.6068 787.1953 -9999 -9999 -9999 -9999 -9999 -9999 -9999 -9999 -9999 -9999
-9999 -9999 -9999 -9999 -9999 -9999 -9999 -9999 -9999 -9999 -9999 -9999 -9999 -9999 -9999 -9999 -9999 -9999 775.7848 775.0099 774.1428 773.3848 772.6998 771.8375 771.1539 770.7151 770.4871 770.4103 770.4227 770.4851 770.5708 770.6634 770.7502 770.8229 770.8665 770.8632 770.8042 770.7108 770.6377 770.6282 770.6572 770.6158 770.5189 770.4342 770.424 770.5249 770.7597 771.0696 771.3943 771.7496 771.6827 771.2042 771.1101 771.4601 772.5226 774.6444 777.5704 780.791 783.7828 786.3187 -9999 -9999 -9999 -9999 -9999 -9999 -9999 -9999 -9999 -9999
-9999 -9999 -9999 -9999 -9999 -9999 -9999 -9999 -9999 -9999 -9999 -9999 -9999 -9999 -9999 -9999 -9999 -9999 776.2257 775.7972 775.1445 774.5316 773.819 772.8945 771.9755 771.1957 770.7184 770.4918 770.4296 770.457 770.5104 770.5721 770.6378 770.7033 770.7502 770.7535 770.6993 770.5994 770.5073 770.4693 770.4481 770.3574 770.2128 770.0903 770.0424 770.0999 770.2611 770.5121 770.7843 771.009 771.0498 771.0339 771.1096 771.4315 772.2811 774.2073 777.0348 780.1718 783.0712 785.5139 -9999 -9999 -9999 -9999 -9999 -9999 -9999 -9999 -9999 -9999
-9999 -9999 -9999 -9999 -9999 -9999 -9999 -9999 -9999 -9999 -9999 -9999 -9999 -9999 -9999 -9999 -9999 -9999 -9999 776.3437 776.0051 775.6154 774.9326 773.9981 772.9616 771.9614 771.1483 770.7159 770.5498 770.5367 770.5345 770.5345 770.5547 770.5959 770.6354 770.6387 770.5875 770.4868 770.3831 770.3341 770.3095 770.2168 770.0583 769.932 769.889 769.9474 770.0912 770.3214 770.5686 770.7483 770.978 771.2958 771.613 772.0569 772.8662 774.3939 776.9727 779.8759 782.5627 784.8305 -9999 -9999 -9999 -9999 -9999 -9999 -9999 -9999 -9999 -9999
-9999 -9999 -9999 -9999 -9999 -9999 -9999 -9999 -9999 -9999 -9999 -9999 -9999 -9999 -9999 -9999 -9999 -9999 -9999 -9999 776.5416 776.2886 775.8002 774.9775 773.9415 772.8564 771.8412 771.1652 770.8522 770.7986 770.6934 770.5856 770.5314 770.5325 770.5471 770.5334 770.4717 770.3665 770.2533 770.1971 770.1849 770.116 769.97 769.8618 769.8594 769.9562 770.1217 770.3507 770.5873 770.7312 771.0244 771.61 772.2349 772.9212 773.7687 774.9915 777.3405 779.9957 782.3809 784.3643 -9999 -9999 -9999 -9999 -9999 -9999 -9999 -9999 -9999 -9999
-9999 -9999 -9999 -9999 -9999 -9999 -9999 -9999 -9999 -9999 -9999 -9999 -9999 -9999 -9999 -9999 -9999 -9999 -9999 -9999 -9999 776.6515 776.2943 775.6791 774.7453 773.7648 772.8186 771.9986 771.4255 771.3172 771.0196 770.7465 770.594 770.5492 770.5186 770.4587 770.3612 770.2358 770.1094 770.0411 770.0381 769.9999 769.8835 769.8047 769.8663 770.0311 770.243 770.4722 770.6992 770.8098 771.0485 771.7347 772.5784 773.4807 774.4417 775.5376 777.8039 780.2835 782.386 784.0258 -9999 -9999 -9999 -9999 -9999 -9999 -9999 -9999 -9999 -9999
-9999 -9999 -9999 -9999 -9999 -9999 -9999 -9999 -9999 -9999 -9999 -9999 -9999 -9999 -9999 -9999 -9999 -9999 -9999 -9999 -9999 -9999 776.5043 775.9427 775.1736 774.4923 773.8485 773.1163 772.4274 771.9963 771.485 771.0253 770.764 770.6843 770.5819 770.4329 770.2634 770.0963 769.9493 769.8624 769.858 769.8451 769.7676 769.7225 769.8484 770.1013 770.3746 770.5983 770.7864 770.9124 771.0656 771.6519 772.3663 772.8755 773.6231 775.474 777.9976 780.4526 782.3676 783.704 -9999 -9999 -9999 -9999 -9999 -9999 -9999 -9999 -9999 -9999
-9999 -9999 -9999 -9999 -9999 -9999 -9999 -9999 -9999 -9999 -9999 -9999 -9999 -9999 -9999 -9999 -9999 -9999 -9999 -9999 -9999 -9999 -9999 776.1434 775.6262 775.2483 774.9881 774.493 773.7732 773.014 772.1918 771.5161 771.0807 770.9646 770.7445 770.4535 770.1771 769.9497 769.7773 769.6696 769.6597 769.6604 769.6246 769.6195 769.78 770.1176 770.4625 770.6876 770.811 770.8772 771.0316 771.4476 771.7582 772.2098 773.17 775.3242 777.9289 780.2704 781.9836 783.0571 -9999 -9999 -9999 -9999 -9999 -9999 -9999 -9999 -9999 -9999
-9999 -9999 -9999 -9999 -9999 -9999 -9999 -9999 -9999 -9999 -9999 -9999 -9999 -9999 -9999 -9999 -9999 -9999 -9999 -9999 -9999 -9999 -9999 -9999 -9999 776.1648 776.1982 775.9285 775.2589 774.275 773.1895 772.248 771.6265 771.2817 770.9376 770.4759 770.0843 769.7981 769.6097 769.4833 769.4785 769.4802 769.4813 769.5287 769.6799 770.0452 770.4644 770.7273 770.7755 770.7394 770.7396 770.9196 771.149 771.7328 772.9569 775.182 777.6262 779.6533 781.0986 782.0587 -9999 -9999 -9999 -9999 -9999 -9999 -9999 -9999 -9999 -9999
-9999 -9999 -9999 -9999 -9999 -9999 -9999 -9999 -9999 -9999 -9999 -9999 -9999 -9999 -9999 -9999 -9999 -9999 -9999 -9999 -9999 -9999 -9999 -9999 -9999 -9999 776.9493 776.8551 776.467 775.5447 774.3329 773.1943 772.3 771.6742 771.0337 770.4464 769.9692 769.6457 769.4766 769.3645 769.3392 769.3492 769.3912 769.4778 769.5851 769.8842 770.3352 770.674 770.7249 770.5963 770.4771 770.5161 770.7849 771.4922 772.9134 775.0993 777.2337 778.864 779.9979 -9999 -9999 -9999 -9999 -9999 -9999 -9999 -9999 -9999 -9999 -9999
-9999 -9999 -9999 -9999 -9999 -9999 -9999 -9999 -9999 -9999 -9999 -9999 -9999 -9999 -9999 -9999 -9999 -9999 -9999 -9999 -9999 -9999 -9999 -9999 -9999 -9999 -9999 777.1632 777.062 776.4963 775.3838 774.2169 773.1736 772.2518 771.2633 770.4657 769.8652 769.4963 769.3339 769.255 769.2374 769.2496 769.2961 769.3752 769.4771 769.6851 770.0656 770.4603 770.6229 770.4937 770.3218 770.3231 770.6324 771.4287 772.9755 775.0569 776.8795 778.1801 779.0623 -9999 -9999 -9999 -9999 -9999 -9999 -9999 -9999 -9999 -9999 -9999
-9999 -9999 -9999 -9999 -9999 -9999 -9999 -9999 -9999 -9999 -9999 -9999 -9999 -9999 -9999 -9999 -9999 -9999 -9999 -9999 -9999 -9999 -9999 -9999 -9999 -9999 -9999 -9999 -9999 776.7561 775.9655 775.0831 774.0428 772.849 771.6334 770.5347 769.7869 769.4546 769.2524 769.1785 769.1742 769.1867 769.2154 769.2711 769.3462 769.4794 769.7593 770.1039 770.3678 770.3873 770.2583 770.2788 770.6781 771.6157 773.209 775.221 776.808 777.8992 778.5776 -9999 -9999 -9999 -9999 -9999 -9999 -9999 -9999 -9999 -9999 -9999
-9999 -9999 -9999 -9999 -9999 -9999 -9999 -9999 -9999 -9999 -9999 -9999 -9999 -9999 -9999 -9999 -9999 -9999 -9999 -9999 -9999 -9999 -9999 -9999 -9999 -9999 -9999 -9999 -9999 776.2589 776.0308 775.7086 774.8011 773.3496 771.8097 770.4821 769.5963 769.2841 769.1573 769.1276 769.1478 769.167 769.1714 769.1917 769.2375 769.3228 769.4833 769.7552 770.0129 770.1646 770.1942 770.3036 770.7721 771.8164 773.5369 775.5172 776.9487 777.8684 778.3911 -9999 -9999 -9999 -9999 -9999 -9999 -9999 -9999 -9999 -9999 -9999
-9999 -9999 -9999 -9999 -9999 -9999 -9999 -9999 -9999 -9999 -9999 -9999 -9999 -9999 -9999 -9999 -9999 -9999 -9999 -9999 -9999 -9999 -9999 -9999 -9999 -9999 -9999 -9999 -9999 775.9891 776.0218 776.0283 775.3837 773.8498 771.9205 770.4225 769.5529 769.2548 769.1626 769.1509 769.1744 769.1915 769.1738 769.1509 769.1648 769.2223 769.3354 769.495 769.7375 769.8978 770.0433 770.2863 770.8338 771.9099 773.787 775.7685 777.1534 777.9535 778.5065 -9999 -9999 -9999 -9999 -9999 -9999 -9999 -9999 -9999 -9999 -9999
-9999 -9999 -9999 -9999 -9999 -9999 -9999 -9999 -9999 -9999 -9999 -9999 -9999 -9999 -9999 -9999 -9999 -9999 -9999 -9999 -9999 -9999 -9999 -9999 -9999 -9999 -9999 -9999 -9999 776.1854 776.4214 776.3633 775.611 773.9531 771.9114 770.3768 769.6946 769.4095 769.2969 769.2616 769.2584 769.2524 769.213 769.1494 769.1226 769.1687 769.2891 769.4724 769.5985 769.7224 769.8921 770.2303 770.8846 772.0317 773.9427 775.897 777.3002 777.9653 778.5631 -9999 -9999 -9999 -9999 -9999 -9999 -9999 -9999 -9999 -9999 -9999
-9999 -9999 -9999 -9999 -9999 -9999 -9999 -9999 -9999 -9999 -9999 -9999 -9999 -9999 -9999 -9999 -9999 -9999 -9999 -9999 -9999 -9999 -9999 -9999 -9999 -9999 -9999 -9999 776.6708 776.9054 776.9755 776.6003 775.4899 773.5976 771.5815 770.5436 769.9869 769.6675 769.4902 769.4081 769.3685 769.3308 769.2633 769.1696 769.0961 769.1048 769.2031 769.3527 769.4786 769.5887 769.79 770.1903 770.9363 772.1711 773.9834 775.7817 777.1152 777.9471 778.5508 -9999 -9999 -9999 -9999 -9999 -9999 -9999 -9999 -9999 -9999 -9999
-9999 -9999 -9999 -9999 -9999 -9999 -9999 -9999 -9999 -9999 -9999 -9999 -9999 -9999 -9999 -9999 -9999 -9999 -9999 -9999 -9999 -9999 -9999 -9999 -9999 -9999 -9999 776.5752 776.979 777.1946 777.0919 776.4687 774.9677 772.871 771.051 770.5635 770.1455 769.8179 769.6 769.4952 769.4464 769.3926 769.3037 769.1845 769.0775 769.0391 769.0986 769.2248 769.3576 769.4852 769.7033 770.1239 770.8826 772.0922 773.7765 775.5251 776.9272 777.913 778.647 -9999 -9999 -9999 -9999 -9999 -9999 -9999 -9999 -9999 -9999 -9999
