backend/lakes/data/Iosegun Lake/iose_dem_tm.asc
ncols         142
nrows         199
xllcorner     376850
yllcorner     6030850
cellsize      50
NODATA_value  -9999
[rows 62 to 92 of 199, columns 0 to 69 of 142]
-9999 -9999 -9999 -9999 -9999 -9999 -9999 -9999 -9999 -9999 -9999 -9999 -9999 -9999 -9999 -9999 -9999 -9999 -9999 -9999 -9999 -9999 -9999 -9999 -9999 -9999 776.1876 776.4561 776.8336 776.9744 776.636 775.6936 773.9332 771.8438 770.3025 769.8558 769.6904 769.621 769.4888 769.4443 769.4385 769.4042 769.3143 769.1805 769.051 768.9832 769.0076 769.1198 769.2814 769.4698 769.6284 770.0053 770.6962 771.7795 773.2698 775.0841 776.7003 777.9335 778.9174 -9999 -9999 -9999 -9999 -9999 -9999 -9999 -9999 -9999 -9999 -9999
-9999 -9999 -9999 -9999 -9999 -9999 -9999 -9999 -9999 -9999 -9999 -9999 -9999 -9999 -9999 -9999 -9999 -9999 -9999 -9999 -9999 -9999 -9999 -9999 -9999 776.0809 775.9987 776.0768 776.3444 776.2578 775.6158 774.3087 772.4717 770.7128 769.5848 769.1307 769.0573 769.1234 769.1675 769.2647 769.3376 769.3512 769.2792 769.1492 769.0121 768.9264 768.9309 769.0209 769.1695 769.3362 769.4951 769.8524 770.4598 771.4187 772.7982 774.6653 776.5069 778.1131 779.4451 780.7205 -9999 -9999 -9999 -9999 -9999 -9999 -9999 -9999 -9999 -9999
-9999 -9999 -9999 -9999 -9999 -9999 -9999 -9999 -9999 -9999 -9999 -9999 -9999 -9999 -9999 -9999 -9999 -9999 -9999 -9999 -9999 -9999 -9999 -9999 776.7651 776.0594 775.7692 775.6727 775.6524 775.1695 774.0713 772.6158 771.0803 769.748 768.9041 768.5189 768.5229 768.6917 768.88 769.0641 769.1901 769.2382 769.1968 769.0822 768.9543 768.8682 768.8605 768.9388 769.0825 769.2661 769.4781 769.7581 770.271 771.1364 772.4465 774.4335 776.5798 778.6099 780.3886 781.9113 -9999 -9999 -9999 -9999 -9999 -9999 -9999 -9999 -9999 -9999
-9999 -9999 -9999 -9999 -9999 -9999 -9999 -9999 -9999 -9999 -9999 -9999 -9999 -9999 -9999 -9999 -9999 -9999 -9999 -9999 -9999 -9999 -9999 778.4295 777.0734 776.078 775.4618 775.0032 774.5302 773.7063 772.4579 771.2065 769.9459 768.9518 768.3296 768.0233 768.1458 768.3896 768.6449 768.8668 769.0178 769.0811 769.064 768.9799 768.873 768.7992 768.7912 768.8589 768.9977 769.1992 769.4571 769.6753 770.157 771.046 772.4648 774.5081 776.9547 779.3613 781.5081 783.2413 -9999 -9999 -9999 -9999 -9999 -9999 -9999 -9999 -9999 -9999
-9999 -9999 -9999 -9999 -9999 -9999 -9999 -9999 -9999 -9999 -9999 -9999 -9999 -9999 -9999 -9999 -9999 -9999 -9999 -9999 -9999 -9999 -9999 778.7545 777.2132 776.0234 775.0764 774.1945 773.2281 772.1835 771.1608 770.1667 769.2284 768.3965 767.9401 767.7892 767.9435 768.177 768.4337 768.6594 768.8149 768.8912 768.8909 768.8407 768.769 768.7159 768.7102 768.7631 768.8741 769.0406 769.2573 769.5143 770.0422 771.0017 772.5347 774.6942 777.4105 780.1941 782.6663 784.5732 785.8357 -9999 -9999 -9999 -9999 -9999 -9999 -9999 -9999 -9999
-9999 -9999 -9999 -9999 -9999 -9999 -9999 -9999 -9999 -9999 -9999 -9999 -9999 -9999 -9999 -9999 -9999 -9999 -9999 -9999 -9999 -9999 780.3618 778.6578 777.095 775.8178 774.6788 773.4887 772.2215 771.2115 770.2646 769.4402 768.6761 768.0281 767.706 767.6145 767.7377 767.9501 768.1919 768.4147 768.5774 768.6683 768.6959 768.6771 768.6435 768.6181 768.6169 768.6508 768.7268 768.8561 769.0646 769.4044 769.9072 770.926 772.5615 774.8348 777.7464 780.8436 783.6383 785.7787 787.1507 -9999 -9999 -9999 -9999 -9999 -9999 -9999 -9999 -9999
-9999 -9999 -9999 -9999 -9999 -9999 -9999 -9999 -9999 -9999 -9999 -9999 -9999 -9999 -9999 -9999 -9999 -9999 -9999 -9999 -9999 -9999 780.0105 778.283 776.6939 775.3215 774.0759 772.8333 771.7598 770.7259 769.7368 769.0171 768.4127 767.9409 767.6542 767.5528 767.6086 767.7598 767.9528 768.1598 768.3282 768.4374 768.4902 768.5092 768.5082 768.5071 768.5126 768.5285 768.5656 768.6441 768.8007 769.1004 769.6431 770.7656 772.5228 774.8959 777.8411 781.1525 784.2379 786.6511 788.1995 -9999 -9999 -9999 -9999 -9999 -9999 -9999 -9999 -9999
-9999 -9999 -9999 -9999 -9999 -9999 -9999 -9999 -9999 -9999 -9999 -9999 -9999 -9999 -9999 -9999 -9999 -9999 -9999 -9999 -9999 -9999 779.5092 777.788 776.1554 774.642 773.2099 772.2048 771.4574 770.5149 769.5663 768.8595 768.3252 767.9435 767.6678 767.5356 767.536 767.6312 767.7803 767.9519 768.115 768.2335 768.2991 768.347 768.3749 768.3892 768.3981 768.4038 768.4106 768.4442 768.5551 768.8336 769.4298 770.5674 772.4106 774.8016 777.6846 781.0524 784.2943 786.8539 788.3464 -9999 -9999 -9999 -9999 -9999 -9999 -9999 -9999 -9999
-9999 -9999 -9999 -9999 -9999 -9999 -9999 -9999 -9999 -9999 -9999 -9999 -9999 -9999 -9999 -9999 -9999 -9999 -9999 -9999 -9999 780.4797 779.0352 777.3141 775.6179 773.9544 772.4165 771.4728 770.8568 770.2208 769.4301 768.764 768.2759 767.9501 767.6828 767.5234 767.4799 767.5313 767.6472 767.7976 767.9511 768.0753 768.1274 768.1991 768.2426 768.262 768.2722 768.2813 768.2756 768.2789 768.3521 768.5989 769.1787 770.3035 772.2604 774.6088 777.3262 780.592 783.8346 786.5589 788.4023 -9999 -9999 -9999 -9999 -9999 -9999 -9999 -9999 -9999
-9999 -9999 -9999 -9999 -9999 -9999 -9999 -9999 -9999 -9999 -9999 -9999 -9999 -9999 -9999 -9999 -9999 -9999 -9999 -9999 -9999 779.9266 778.6627 776.9625 775.1324 773.3403 771.7795 770.8224 770.2213 769.6513 769.11 768.5837 768.1691 767.9296 767.6581 767.4808 767.4121 767.4354 767.5258 767.6589 767.8101 767.9435 767.9559 768.0613 768.105 768.1169 768.125 768.1614 768.1648 768.1559 768.2 768.4164 768.9725 770.1047 772.1111 774.3441 776.8289 779.8569 782.9207 785.6456 787.786 -9999 -9999 -9999 -9999 -9999 -9999 -9999 -9999 -9999
-9999 -9999 -9999 -9999 -9999 -9999 -9999 -9999 -9999 -9999 -9999 -9999 -9999 -9999 -9999 -9999 -9999 -9999 -9999 -9999 -9999 779.5322 778.5703 776.9267 774.9569 773.0681 771.4684 770.5046 769.9188 769.4431 768.916 768.4083 767.9839 767.7621 767.5457 767.3876 767.3159 767.3245 767.3932 767.5013 767.6288 767.7484 767.8263 767.9417 767.9503 767.9495 767.955 768.0483 768.0695 768.0604 768.0802 768.2582 768.7408 769.7485 771.5133 773.7546 776.2582 779.1133 781.8844 784.3788 786.4905 -9999 -9999 -9999 -9999 -9999 -9999 -9999 -9999 -9999
-9999 -9999 -9999 -9999 -9999 -9999 -9999 -9999 -9999 -9999 -9999 -9999 -9999 -9999 -9999 -9999 -9999 -9999 -9999 -9999 -9999 779.3828 778.6294 777.098 775.1111 773.1335 771.5176 770.5753 769.9333 769.4234 768.8377 768.326 767.9496 767.6636 767.4326 767.2736 767.1989 767.1974 767.2464 767.3247 767.4186 767.5134 767.5955 767.6788 767.7153 767.7534 767.8212 767.9411 767.9494 767.9463 767.9504 768.1044 768.4956 769.3521 770.8809 773.1835 775.7415 778.5026 780.9982 783.137 784.9791 -9999 -9999 -9999 -9999 -9999 -9999 -9999 -9999 -9999
-9999 -9999 -9999 -9999 -9999 -9999 -9999 -9999 -9999 -9999 -9999 -9999 -9999 -9999 -9999 -9999 -9999 -9999 -9999 -9999 -9999 779.3511 778.7212 777.3139 775.4368 773.5001 771.8354 770.9075 770.1456 769.4586 768.7787 768.2297 767.9088 767.5699 767.3138 767.1475 767.0677 767.058 767.0903 767.1401 767.1963 767.2542 767.3092 767.3645 767.4159 767.4842 767.5714 767.663 767.6899 767.7009 767.744 767.9194 768.2335 768.9761 770.3873 772.6449 775.2791 778.0356 780.3954 782.241 783.7423 -9999 -9999 -9999 -9999 -9999 -9999 -9999 -9999 -9999
-9999 -9999 -9999 -9999 -9999 -9999 -9999 -9999 -9999 -9999 -9999 -9999 -9999 -9999 -9999 -9999 -9999 -9999 -9999 -9999 -9999 -9999 778.7975 777.5215 775.8235 774.0284 772.3864 771.3203 770.3556 769.4832 768.688 768.0339 767.6974 767.4053 767.1711 767.0131 766.9332 766.9167 766.9359 766.9622 766.9829 766.9979 767.0098 767.0292 767.0789 767.1676 767.2612 767.3348 767.3669 767.3869 767.4357 767.5855 767.9121 768.6127 770.0073 772.2184 774.8746 777.6467 780.0228 781.8016 783.0875 -9999 -9999 -9999 -9999 -9999 -9999 -9999 -9999 -9999
-9999 -9999 -9999 -9999 -9999 -9999 -9999 -9999 -9999 -9999 -9999 -9999 -9999 -9999 -9999 -9999 -9999 -9999 -9999 -9999 -9999 779.3179 778.8569 777.7328 776.241 774.5467 772.782 771.4441 770.3446 769.4427 768.627 767.9738 767.5775 767.2781 767.0482 766.8927 766.8109 766.7877 766.7961 766.806 766.7996 766.7746 766.736 766.7034 766.7375 766.8508 766.9482 767.0079 767.0377 767.0686 767.1177 767.2487 767.5626 768.2519 769.6806 771.8541 774.5275 777.3635 779.8316 781.6777 782.9371 -9999 -9999 -9999 -9999 -9999 -9999 -9999 -9999 -9999
-9999 -9999 -9999 -9999 -9999 -9999 -9999 -9999 -9999 -9999 -9999 -9999 -9999 -9999 -9999 -9999 -9999 -9999 -9999 -9999 -9999 779.2701 778.8729 777.9215 776.5809 774.8675 772.92 771.3779 770.1693 769.3094 768.5462 767.9586 767.5314 767.2045 766.9618 766.8 766.7125 766.6821 766.6821 766.6824 766.6615 766.611 766.5307 766.4349 766.4416 766.5878 766.6714 766.7077 766.7306 766.7924 766.8538 766.9907 767.3173 768.0266 769.3934 771.493 774.2157 777.1524 779.7612 781.758 783.1443 -9999 -9999 -9999 -9999 -9999 -9999 -9999 -9999 -9999
-9999 -9999 -9999 -9999 -9999 -9999 -9999 -9999 -9999 -9999 -9999 -9999 -9999 -9999 -9999 -9999 -9999 -9999 -9999 -9999 -9999 779.224 778.7319 777.872 776.6162 774.8361 772.7381 771.1708 769.8581 769.0253 768.3928 767.9384 767.5066 767.1564 766.9001 766.7327 766.6406 766.6043 766.5975 766.5928 766.5685 766.5132 766.4286 766.3267 766.3185 766.4175 766.428 766.4277 766.4445 766.5728 766.6458 766.7976 767.126 767.8105 769.0349 771.05 773.8788 776.9811 779.7934 782.0153 783.6753 -9999 -9999 -9999 -9999 -9999 -9999 -9999 -9999 -9999
-9999 -9999 -9999 -9999 -9999 -9999 -9999 -9999 -9999 -9999 -9999 -9999 -9999 -9999 -9999 -9999 -9999 -9999 -9999 -9999 -9999 779.3466 778.4672 777.6918 776.5457 774.7908 772.6956 771.1428 769.7383 768.8451 768.2263 767.879 767.449 767.0997 766.8474 766.6838 766.5927 766.5525 766.5385 766.5269 766.4978 766.4294 766.3164 766.1984 766.1348 766.129 766.1098 766.1219 766.2045 766.387 766.438 766.615 766.9143 767.4996 768.6 770.5937 773.463 776.7037 779.7441 782.2578 784.2332 -9999 -9999 -9999 -9999 -9999 -9999 -9999 -9999 -9999
-9999 -9999 -9999 -9999 -9999 -9999 -9999 -9999 -9999 -9999 -9999 -9999 -9999 -9999 -9999 -9999 -9999 -9999 -9999 -9999 -9999 780.2189 778.9739 777.9271 776.6613 774.898 772.8457 771.1772 769.7796 768.821 768.0523 767.6706 767.3218 767.0255 766.8032 766.6553 766.5701 766.5269 766.5016 766.4737 766.4296 766.3284 766.1854 766.0305 765.8987 765.8008 765.7316 765.7316 765.8081 765.9607 766.1276 766.3934 766.6855 767.1975 768.2043 770.0718 772.8346 776.1373 779.3809 782.1544 784.3837 786.1785 -9999 -9999 -9999 -9999 -9999 -9999 -9999 -9999
-9999 -9999 -9999 -9999 -9999 -9999 -9999 -9999 -9999 -9999 -9999 -9999 -9999 -9999 -9999 -9999 -9999 -9999 -9999 -9999 -9999 781.6165 780.0592 778.6316 777.1041 775.2186 773.1273 771.4267 770.09 769.103 768.1802 767.674 767.2959 767.0057 766.7971 766.6602 766.5787 766.5304 766.4888 766.4302 766.3523 766.2201 766.0425 765.8414 765.6416 765.4598 765.3218 765.2965 765.3384 765.4536 765.6896 766.0073 766.3718 766.8379 767.7158 769.3196 771.876 775.0823 778.444 781.4371 783.8776 785.7803 -9999 -9999 -9999 -9999 -9999 -9999 -9999 -9999
-9999 -9999 -9999 -9999 -9999 -9999 -9999 -9999 -9999 -9999 -9999 -9999 -9999 -9999 -9999 -9999 -9999 -9999 -9999 -9999 -9999 -9999 781.4975 779.8014 777.9728 775.8471 773.6021 771.8243 770.4951 769.4819 768.599 767.9098 767.4143 767.0745 766.8494 766.7078 766.6228 766.5669 766.5112 766.4297 766.2972 766.1162 765.8953 765.6484 765.3925 765.1427 764.9278 764.8923 764.8952 764.9554 765.2363 765.5732 765.9354 766.3849 767.1185 768.4498 770.5937 773.572 776.9194 780.0326 782.5927 784.5425 785.9257 -9999 -9999 -9999 -9999 -9999 -9999 -9999
-9999 -9999 -9999 -9999 -9999 -9999 -9999 -9999 -9999 -9999 -9999 -9999 -9999 -9999 -9999 -9999 -9999 -9999 -9999 -9999 -9999 -9999 782.8748 781.0721 779.0307 776.6787 774.2452 772.3029 770.9755 769.9782 769.1057 768.2106 767.6207 767.2195 766.9595 766.7975 766.6973 766.6259 766.5481 766.4298 766.2441 766.005 765.7348 765.4485 765.1609 764.8921 764.6663 764.5744 764.5645 764.6503 764.8954 765.2 765.5177 765.8861 766.4553 767.4944 769.2313 771.825 775.0198 778.1664 780.812 782.82 784.2524 785.4907 -9999 -9999 -9999 -9999 -9999 -9999
-9999 -9999 -9999 -9999 -9999 -9999 -9999 -9999 -9999 -9999 -9999 -9999 -9999 -9999 -9999 -9999 -9999 -9999 -9999 -9999 -9999 -9999 783.8057 782.0184 779.9011 777.4258 774.8758 772.7413 771.477 770.4871 769.5541 768.6729 767.9259 767.4305 767.1176 766.9202 766.7917 766.6951 766.5903 766.4306 766.1797 765.8659 765.5339 765.205 764.8879 764.6029 764.3951 764.2941 764.2843 764.3787 764.5994 764.8892 765.1735 765.4573 765.8503 766.5992 767.9691 770.1004 772.9666 776.0818 778.8292 780.9666 782.5417 783.9373 -9999 -9999 -9999 -9999 -9999 -9999
-9999 -9999 -9999 -9999 -9999 -9999 -9999 -9999 -9999 -9999 -9999 -9999 -9999 -9999 -9999 -9999 -9999 -9999 -9999 -9999 -9999 -9999 784.0886 782.3652 780.2966 777.858 775.3425 773.2342 772.015 770.9722 770.0105 769.1252 768.197 767.6559 767.3002 767.059 766.8882 766.7549 766.6218 766.4305 766.0856 765.6702 765.2575 764.8703 764.5065 764.2458 764.0843 764.0062 764.0021 764.0899 764.2969 764.5763 764.8786 765.1206 765.3549 765.8712 766.8787 768.6163 771.127 774.0125 776.8217 779.1573 780.9771 782.5726 784.2749 -9999 -9999 -9999 -9999 -9999
-9999 -9999 -9999 -9999 -9999 -9999 -9999 -9999 -9999 -9999 -9999 -9999 -9999 -9999 -9999 -9999 -9999 -9999 -9999 -9999 -9999 -9999 783.9055 782.2777 780.2556 777.8773 775.4457 773.4349 772.3077 771.2894 770.2997 769.3832 768.5028 767.9048 767.4965 767.1979 766.9648 766.7735 766.5967 766.3868 765.9196 765.3826 764.8748 764.3971 764.0154 763.8234 763.737 763.6986 763.697 763.7631 763.9639 764.2216 764.5281 764.8158 764.9304 765.3 766.0339 767.3402 769.4075 772.0757 774.8755 777.4189 779.5333 781.4086 783.3519 -9999 -9999 -9999 -9999 -9999
-9999 -9999 -9999 -9999 -9999 -9999 -9999 -9999 -9999 -9999 -9999 -9999 -9999 -9999 -9999 -9999 -9999 -9999 -9999 -9999 -9999 -9999 784.0897 782.4465 780.2913 777.7981 775.3256 773.3293 772.2806 771.3738 770.4142 769.4824 768.6681 768.0377 767.6666 767.3193 767.0056 766.7266 766.4534 766.1401 765.6264 765.0023 764.4063 763.8684 763.4683 763.3705 763.3649 763.3683 763.3717 763.4081 763.621 763.8185 764.0903 764.3467 764.5261 764.8448 765.3841 766.3684 767.9926 770.3577 773.1111 775.7614 778.1288 780.3199 782.5243 784.8011 -9999 -9999 -9999 -9999
-9999 -9999 -9999 -9999 -9999 -9999 -9999 -9999 -9999 -9999 -9999 -9999 -9999 -9999 -9999 -9999 -9999 -9999 -9999 -9999 -9999 -9999 -9999 783.2662 780.855 778.0723 775.4083 773.3589 772.4155 771.537 770.5227 769.5617 768.8483 768.2863 767.8862 767.4325 767.0178 766.658 766.3685 765.9022 765.3234 764.6766 763.9604 763.3984 763.0478 762.9333 762.9316 762.9624 763.0172 763.1306 763.3396 763.4247 763.6809 763.9291 764.136 764.406 764.8436 765.5953 766.9001 768.9247 771.4819 774.1674 776.6764 779.1454 781.6608 784.1907 786.6202 -9999 -9999 -9999
-9999 -9999 -9999 -9999 -9999 -9999 -9999 -9999 -9999 -9999 -9999 -9999 -9999 -9999 -9999 -9999 -9999 -9999 -9999 -9999 -9999 -9999 -9999 784.345 781.8516 778.8884 776.0024 773.7994 772.8207 771.8023 770.6592 769.6844 769.0588 768.4843 767.9586 767.4781 766.9807 766.4832 766.0904 765.5705 764.9254 764.1563 763.455 762.9607 762.6519 762.5266 762.5186 762.5562 762.6362 762.7889 762.986 763.1429 763.3777 763.6156 763.8182 764.0415 764.3727 764.949 765.9777 767.5995 769.8167 772.3971 775.0343 777.7687 780.6335 783.5057 786.1516 788.4882 -9999 -9999
-9999 -9999 -9999 -9999 -9999 -9999 -9999 -9999 -9999 -9999 -9999 -9999 -9999 -9999 -9999 -9999 -9999 -9999 -9999 -9999 -9999 -9999 -9999 785.2755 782.9601 780.0239 776.9663 774.3962 772.8418 771.6852 770.671 769.8777 769.3416 768.7255 768.0876 767.5938 767.0251 766.4341 765.8806 765.2689 764.587 763.6865 763.0568 762.6022 762.3049 762.1653 762.1537 762.1808 762.2529 762.4386 762.6578 762.8645 763.11 763.3698 763.5797 763.7731 764.0327 764.4713 765.2391 766.5201 768.2931 770.5579 773.106 776.008 779.1787 782.4016 785.3372 787.8101 789.8723 -9999
-9999 -9999 -9999 -9999 -9999 -9999 -9999 -9999 -9999 -9999 -9999 -9999 -9999 -9999 -9999 -9999 -9999 -9999 -9999 -9999 -9999 -9999 -9999 785.7692 783.7838 781.0629 777.9831 775.1048 772.9738 771.6366 770.6722 769.9869 769.5012 769.0232 768.4235 767.837 767.1334 766.4265 765.7247 764.9822 764.2198 763.4266 762.8113 762.3531 762.036 761.8677 761.8519 761.8517 761.8867 762.1152 762.3584 762.5728 762.8224 763.0997 763.3653 763.5712 763.7968 764.1577 764.7606 765.6564 766.969 768.7442 771.0486 773.9395 777.2744 780.7672 784.0134 786.7368 788.8981 790.605
-9999 -9999 -9999 -9999 -9999 -9999 -9999 -9999 -9999 -9999 -9999 -9999 -9999 -9999 -9999 -9999 -9999 -9999 -9999 -9999 -9999 -9999 -9999 785.8235 784.2256 781.836 778.8953 775.9009 773.4409 771.8365 770.7883 770.1313 769.714 769.3467 768.7041 767.9622 767.1959 766.4219 765.6396 764.8296 763.9588 763.2625 762.6555 762.2045 761.8726 761.6788 761.5801 761.5426 761.6064 761.843 762.0847 762.2566 762.4988 762.7839 763.0821 763.3629 763.5935 763.8898 764.3112 764.9221 765.8536 767.2135 769.1259 771.788 775.026 778.6302 782.1376 785.1508 787.4973 789.2242
