backend/lakes/data/Iosegun Lake/iose_dem_tm.asc
ncols         142
nrows         199
xllcorner     376850
yllcorner     6030850
cellsize      50
NODATA_value  -9999
[rows 93 to 123 of 199, columns 0 to 69 of 142]
-9999 -9999 -9999 -9999 -9999 -9999 -9999 -9999 -9999 -9999 -9999 -9999 -9999 -9999 -9999 -9999 -9999 -9999 -9999 -9999 -9999 -9999 -9999 -9999 784.3 782.3149 779.6566 776.7592 774.1624 772.2363 771.0217 770.3184 769.8825 769.4915 768.9049 768.0604 767.2565 766.423 765.5844 764.7008 763.6699 763.0071 762.4982 762.1272 761.8549 761.5641 761.3436 761.2233 761.2529 761.4825 761.7813 761.8967 762.1531 762.4408 762.7541 763.0892 763.399 763.6852 763.9756 764.36 764.9663 765.9521 767.4576 769.6888 772.6198 776.153 779.8289 783.1075 785.6807 787.4731
-9999 -9999 -9999 -9999 -9999 -9999 -9999 -9999 -9999 -9999 -9999 -9999 -9999 -9999 -9999 -9999 -9999 -9999 -9999 -9999 -9999 -9999 -9999 -9999 783.922 782.3468 780.0966 777.4834 774.937 772.8255 771.3719 770.5884 770.1031 769.7082 769.1956 768.26 767.4049 766.472 765.582 764.6492 763.5577 762.8652 762.3809 762.0422 761.8104 761.4187 761.0878 760.8672 760.8087 761.0118 761.319 761.5671 761.8514 762.1166 762.4169 762.8207 763.2974 763.5628 763.7672 763.9875 764.3479 765.0062 766.1548 767.9264 770.4152 773.6533 777.3178 780.7458 783.5082 785.3742
-9999 -9999 -9999 -9999 -9999 -9999 -9999 -9999 -9999 -9999 -9999 -9999 -9999 -9999 -9999 -9999 -9999 -9999 -9999 -9999 -9999 -9999 -9999 -9999 -9999 781.9921 780.122 777.907 775.595 773.4965 771.9095 770.9803 770.3785 769.9119 769.3884 768.5782 767.6882 766.6234 765.6765 764.6924 763.5878 762.8582 762.316 761.8844 761.5538 761.1603 760.8037 760.526 760.3684 760.5822 760.9362 761.2979 761.6247 761.8608 762.0698 762.4351 762.9717 763.3895 763.6284 763.7733 763.9656 764.3627 765.1362 766.4946 768.569 771.4047 774.8179 778.2567 781.1364 783.0742
-9999 -9999 -9999 -9999 -9999 -9999 -9999 -9999 -9999 -9999 -9999 -9999 -9999 -9999 -9999 -9999 -9999 -9999 -9999 -9999 -9999 -9999 -9999 -9999 -9999 -9999 779.8424 778.0142 776.0433 774.1187 772.5577 771.481 770.7124 770.1286 769.5522 768.8739 767.9789 766.9172 765.9318 764.9021 763.8297 763.0306 762.381 761.8422 761.3507 760.9045 760.5602 760.319 760.1917 760.3493 760.7271 761.2015 761.6232 761.8454 761.8653 762.0613 762.6547 763.2368 763.5363 763.6752 763.788 764.0229 764.5299 765.4824 767.1447 769.5259 772.5517 775.8574 778.7838 780.8148
-9999 -9999 -9999 -9999 -9999 -9999 -9999 -9999 -9999 -9999 -9999 -9999 -9999 -9999 -9999 -9999 -9999 -9999 -9999 -9999 -9999 -9999 -9999 -9999 -9999 -9999 779.5302 778.0018 776.39 774.7236 773.2256 772.017 771.1526 770.4741 769.8702 769.2587 768.4054 767.4622 766.3633 765.3303 764.3651 763.3497 762.5172 761.8246 761.1774 760.6478 760.3118 760.09 760.0533 760.2883 760.6567 761.3047 761.946 762.2915 762.1854 761.8784 762.3174 762.8017 763.3525 763.6075 763.7501 763.9453 764.33 765.0367 766.2818 768.1517 770.7397 773.8021 776.6559 778.7958
-9999 -9999 -9999 -9999 -9999 -9999 -9999 -9999 -9999 -9999 -9999 -9999 -9999 -9999 -9999 -9999 -9999 -9999 -9999 -9999 -9999 -9999 -9999 -9999 -9999 -9999 -9999 778.238 776.9445 775.5593 774.1785 772.9218 771.8275 770.9426 770.177 769.4603 768.6688 767.754 766.6384 765.6458 764.6646 763.555 762.6315 761.8054 761.0276 760.3904 760.0267 759.827 759.8224 760.0571 760.535 761.5134 762.5277 763.1811 763.139 762.4521 761.8902 762.2382 763.0917 763.513 763.7622 764.0236 764.425 765.0293 765.8566 767.1342 769.2429 771.9768 774.7488 777.0345
-9999 -9999 -9999 -9999 -9999 -9999 -9999 -9999 -9999 -9999 -9999 -9999 -9999 -9999 -9999 -9999 -9999 -9999 -9999 -9999 -9999 -9999 -9999 -9999 -9999 -9999 -9999 778.9172 777.8244 776.6719 775.402 774.0786 772.7853 771.567 770.5393 769.6574 768.8995 767.9908 766.9346 765.9607 764.9413 763.83 762.8258 761.8497 760.9919 760.3101 759.8607 759.6277 759.6266 759.9009 760.5349 761.759 763.1162 764.075 764.2685 763.4885 762.426 761.901 762.7072 763.3151 763.7096 764.0918 764.6105 765.3048 766.0922 766.4807 768.0475 770.4013 773.0317 775.4506
-9999 -9999 -9999 -9999 -9999 -9999 -9999 -9999 -9999 -9999 -9999 -9999 -9999 -9999 -9999 -9999 -9999 -9999 -9999 -9999 -9999 -9999 -9999 -9999 -9999 -9999 -9999 -9999 778.8836 777.9199 776.7699 775.3821 773.8481 772.2922 770.998 770.0049 769.2428 768.3736 767.4694 766.4119 765.4039 764.3788 763.2135 762.0398 761.0957 760.3286 759.8141 759.5266 759.5005 759.7944 760.5084 761.8153 763.3531 764.5834 764.8394 764.2475 763.1592 761.901 762.1499 762.9973 763.4993 763.9647 764.5336 765.1467 765.5183 765.6702 766.9536 769.0236 771.4894 774.0232
-9999 -9999 -9999 -9999 -9999 -9999 -9999 -9999 -9999 -9999 -9999 -9999 -9999 -9999 -9999 -9999 -9999 -9999 -9999 -9999 -9999 -9999 -9999 -9999 -9999 -9999 -9999 -9999 780.1448 779.3272 778.2418 776.7629 774.9819 773.0856 771.4584 770.2859 769.4308 768.6291 767.7811 766.7594 765.8282 764.8342 763.6742 762.4514 761.4313 760.5294 759.9275 759.5364 759.4305 759.6758 760.35 761.5449 763.0911 764.4365 764.9836 764.7961 764.0271 762.7167 761.9014 762.5259 763.0925 763.6296 764.1682 764.6446 764.8784 765.1156 766.1769 767.9794 770.2854 772.8549
-9999 -9999 -9999 -9999 -9999 -9999 -9999 -9999 -9999 -9999 -9999 -9999 -9999 -9999 -9999 -9999 -9999 -9999 -9999 -9999 -9999 -9999 -9999 -9999 -9999 -9999 -9999 -9999 -9999 780.9373 779.8039 778.1823 776.1349 773.9077 771.9319 770.5952 769.6528 768.9125 768.0922 767.1954 766.2783 765.3512 764.3801 763.2259 762.0855 761.0455 760.2232 759.6403 759.3942 759.5126 760.0193 760.9448 762.3373 763.6817 764.6434 764.9431 764.5812 763.5303 762.3748 761.9052 762.5554 763.1613 763.6779 764.08 764.4198 764.8232 765.6189 767.2378 769.4602 772.049
-9999 -9999 -9999 -9999 -9999 -9999 -9999 -9999 -9999 -9999 -9999 -9999 -9999 -9999 -9999 -9999 -9999 -9999 -9999 -9999 -9999 -9999 -9999 -9999 -9999 -9999 -9999 -9999 -9999 782.4836 781.3386 779.6342 777.39 774.9016 772.6851 771.1705 770.1949 769.4457 768.5864 767.6217 766.5733 765.734 764.9003 763.9265 762.8067 761.5689 760.4583 759.751 759.3864 759.3656 759.6941 760.3842 761.4642 762.6847 763.7825 764.6042 764.7792 764.0452 763.0963 762.2889 761.9794 762.6711 763.2208 763.6385 764.1443 764.765 765.4527 766.7819 768.8693 771.4515
-9999 -9999 -9999 -9999 -9999 -9999 -9999 -9999 -9999 -9999 -9999 -9999 -9999 -9999 -9999 -9999 -9999 -9999 -9999 -9999 -9999 -9999 -9999 -9999 -9999 -9999 -9999 -9999 -9999 -9999 782.7202 781.1374 778.8729 776.2622 773.8433 772.0596 770.9937 770.1702 769.1055 767.8912 766.7738 766.0317 765.3105 764.4562 763.2533 761.9114 760.7017 759.926 759.455 759.2939 759.4393 759.8751 760.5964 761.5889 762.6398 763.5558 764.1008 764.0072 763.5531 762.9606 762.214 762.1086 762.7701 763.2007 763.8599 764.6382 765.5038 766.4619 768.3931 770.943
-9999 -9999 -9999 -9999 -9999 -9999 -9999 -9999 -9999 -9999 -9999 -9999 -9999 -9999 -9999 -9999 -9999 -9999 -9999 -9999 -9999 -9999 -9999 -9999 -9999 -9999 -9999 -9999 -9999 -9999 783.9414 782.73 780.6517 778.0529 775.4776 773.3885 772.0258 771.0065 769.5023 768.0841 767.0229 766.3113 765.6089 764.7614 763.601 762.3167 761.1489 760.2495 759.6465 759.3518 759.3336 759.5444 759.9705 760.6061 761.452 762.3279 763.1381 763.5576 763.551 763.1695 762.3862 761.983 762.1708 762.8349 763.468 764.1616 764.9557 765.9882 767.9561 770.5195
-9999 -9999 -9999 -9999 -9999 -9999 -9999 -9999 -9999 -9999 -9999 -9999 -9999 -9999 -9999 -9999 -9999 -9999 -9999 -9999 -9999 -9999 -9999 -9999 -9999 -9999 -9999 -9999 -9999 -9999 -9999 784.387 782.6312 780.1506 777.4905 775.0758 773.1071 771.5186 769.7612 768.233 767.1982 766.4922 765.8928 765.1097 764.127 762.958 761.7059 760.6232 759.9396 759.5625 759.4263 759.4502 759.6309 759.9771 760.4708 761.1046 761.9707 762.745 763.0266 762.7353 762.1763 761.7902 761.7872 762.1724 762.8907 763.5669 764.3828 765.5828 767.5919 770.0818
-9999 -9999 -9999 -9999 -9999 -9999 -9999 -9999 -9999 -9999 -9999 -9999 -9999 -9999 -9999 -9999 -9999 -9999 -9999 -9999 -9999 -9999 -9999 -9999 -9999 -9999 -9999 -9999 -9999 -9999 -9999 786.0009 784.5649 782.2763 779.6401 777.0378 774.633 772.459 770.322 768.6022 767.5014 766.8154 766.3239 765.6687 764.7587 763.5945 762.2977 761.1805 760.3823 759.9349 759.7402 759.6014 759.5793 759.7075 759.9637 760.337 760.8502 761.5215 761.9354 761.9373 761.7013 761.483 761.4594 761.6848 762.1553 762.9049 763.7958 765.1486 767.1721 769.549
-9999 -9999 -9999 -9999 -9999 -9999 -9999 -9999 -9999 -9999 -9999 -9999 -9999 -9999 -9999 -9999 -9999 -9999 -9999 -9999 -9999 -9999 -9999 -9999 -9999 -9999 -9999 -9999 -9999 -9999 -9999 -9999 786.1296 784.0432 781.5671 778.9814 776.3978 773.8383 771.3406 769.3478 767.9777 767.1691 766.672 766.1796 765.3348 764.2906 762.9883 761.7764 760.9088 760.4038 760.2217 759.9387 759.7527 759.7266 759.8038 759.9655 760.2145 760.5583 760.9604 761.161 761.1893 761.1738 761.2228 761.4009 761.7253 762.2313 763.1423 764.5145 766.4749 768.6813
-9999 -9999 -9999 -9999 -9999 -9999 -9999 -9999 -9999 -9999 -9999 -9999 -9999 -9999 -9999 -9999 -9999 -9999 -9999 -9999 -9999 -9999 -9999 -9999 -9999 -9999 -9999 -9999 -9999 -9999 -9999 -9999 787.02 785.059 782.8537 780.5098 778.0387 775.4555 772.7128 770.316 768.5682 767.5222 766.8916 766.3776 765.6492 764.6741 763.4048 762.201 761.3818 760.8971 760.6093 760.3064 760.0428 759.9495 759.8905 759.8942 759.9686 760.1258 760.3613 760.6145 760.8055 760.9583 761.1245 761.3521 761.6708 762.0916 762.6419 763.6525 765.3962 767.4251
-9999 -9999 -9999 -9999 -9999 -9999 -9999 -9999 -9999 -9999 -9999 -9999 -9999 -9999 -9999 -9999 -9999 -9999 -9999 -9999 -9999 -9999 -9999 -9999 -9999 -9999 -9999 -9999 -9999 -9999 -9999 -9999 -9999 785.2165 783.2679 781.2924 779.1708 776.952 774.2203 771.4803 769.3549 767.9358 767.0903 766.4984 765.899 764.9999 763.8212 762.6882 761.8293 761.381 761.0338 760.6538 760.3599 760.2892 760.1113 759.9977 759.9622 760.0103 760.1458 760.342 760.588 760.8508 761.124 761.4436 761.8483 762.3713 762.9402 762.947 764.1845 765.9641
-9999 -9999 -9999 -9999 -9999 -9999 -9999 -9999 -9999 -9999 -9999 -9999 -9999 -9999 -9999 -9999 -9999 -9999 -9999 -9999 -9999 -9999 -9999 -9999 -9999 -9999 -9999 -9999 -9999 -9999 -9999 -9999 -9999 784.8495 783.1532 781.6306 779.7082 778.1861 775.6575 772.7034 770.1694 768.3739 767.3634 766.7745 766.2997 765.5385 764.4599 763.2157 762.1901 761.8712 761.4855 761.0071 760.6877 760.5319 760.3314 760.1575 760.0665 760.0502 760.1367 760.3206 760.4888 760.7834 761.1104 761.4734 761.8768 762.2944 762.4908 762.4391 763.0349 764.4022
-9999 -9999 -9999 -9999 -9999 -9999 -9999 -9999 -9999 -9999 -9999 -9999 -9999 -9999 -9999 -9999 -9999 -9999 -9999 -9999 -9999 -9999 -9999 -9999 -9999 -9999 -9999 -9999 -9999 -9999 -9999 -9999 -9999 -9999 782.8324 782.1877 781.0314 779.4059 776.8684 773.8297 771.0082 768.905 767.6957 767.0493 766.6237 766.0706 765.0552 763.7791 762.6793 762.402 761.7813 761.2584 760.9628 760.7975 760.5904 760.3517 760.1981 760.1209 760.1313 760.2234 760.3431 760.6261 760.967 761.3361 761.6931 761.963 762.0067 761.9374 762.2025 762.9764
-9999 -9999 -9999 -9999 -9999 -9999 -9999 -9999 -9999 -9999 -9999 -9999 -9999 -9999 -9999 -9999 -9999 -9999 -9999 -9999 -9999 -9999 -9999 -9999 -9999 -9999 -9999 -9999 -9999 -9999 -9999 -9999 -9999 -9999 -9999 782.035 781.3357 779.8785 777.5491 774.6654 771.8384 769.5458 768.0693 767.3026 766.854 766.3902 765.6907 764.5852 763.407 762.5177 761.889 761.4519 761.2607 761.126 760.8963 760.64 760.3315 760.172 760.1313 760.1878 760.3239 760.4969 760.7892 761.1323 761.4463 761.6443 761.6185 761.5125 761.5737 761.9465
-9999 -9999 -9999 -9999 -9999 -9999 -9999 -9999 -9999 -9999 -9999 -9999 -9999 -9999 -9999 -9999 -9999 -9999 -9999 -9999 -9999 -9999 -9999 -9999 -9999 -9999 -9999 -9999 -9999 -9999 -9999 -9999 -9999 -9999 -9999 781.5535 780.8619 779.6811 777.7905 775.2728 772.5426 770.1321 768.4679 767.5726 767.0526 766.5663 765.9517 765.2747 764.2876 763.234 762.2929 761.7816 761.6744 761.4998 761.1152 760.7219 760.3398 760.1575 760.0949 760.1215 760.2141 760.3422 760.6118 760.9269 761.2014 761.3571 761.3165 761.1934 761.1344 761.2513
-9999 -9999 -9999 -9999 -9999 -9999 -9999 -9999 -9999 -9999 -9999 -9999 -9999 -9999 -9999 -9999 -9999 -9999 -9999 -9999 -9999 -9999 -9999 -9999 -9999 -9999 -9999 -9999 -9999 -9999 -9999 -9999 -9999 -9999 -9999 781.1307 780.2893 779.3693 777.9832 775.8528 773.2569 770.8132 769.0419 767.9478 767.3375 766.8411 766.3826 765.9106 765.2179 764.1592 763.0897 762.2595 762.1448 761.7009 761.2155 760.7543 760.3347 760.1336 760.0519 760.0624 760.1566 760.3217 760.4961 760.7691 760.9991 761.1226 761.0986 760.983 760.8683 760.84
-9999 -9999 -9999 -9999 -9999 -9999 -9999 -9999 -9999 -9999 -9999 -9999 -9999 -9999 -9999 -9999 -9999 -9999 -9999 -9999 -9999 -9999 -9999 -9999 -9999 -9999 -9999 -9999 -9999 -9999 -9999 -9999 -9999 -9999 -9999 -9999 780.2202 779.5289 778.4844 776.6161 774.1248 771.6553 769.7109 768.384 767.6278 767.1445 766.7997 766.4847 766.0159 765.0645 763.9384 762.9047 762.3487 761.7969 761.2982 760.8413 760.3848 760.1571 760.0242 759.9956 760.0627 760.1957 760.3485 760.6409 760.8469 760.9611 760.9613 760.869 760.7405 760.6429
-9999 -9999 -9999 -9999 -9999 -9999 -9999 -9999 -9999 -9999 -9999 -9999 -9999 -9999 -9999 -9999 -9999 -9999 -9999 -9999 -9999 -9999 -9999 -9999 -9999 -9999 -9999 -9999 -9999 -9999 -9999 -9999 -9999 -9999 -9999 -9999 780.5928 779.9728 779.0932 777.3826 774.9711 772.484 770.5026 769.0848 768.1089 767.5458 767.2038 766.9393 766.5656 765.8895 764.8144 763.6844 762.7871 762.0969 761.5497 761.1456 760.7087 760.307 760.0326 759.933 759.9717 760.1112 760.3184 760.5182 760.7039 760.834 760.8707 760.8148 760.7009 760.5819
-9999 -9999 -9999 -9999 -9999 -9999 -9999 -9999 -9999 -9999 -9999 -9999 -9999 -9999 -9999 -9999 -9999 -9999 -9999 -9999 -9999 -9999 -9999 -9999 -9999 -9999 -9999 -9999 -9999 -9999 -9999 -9999 -9999 -9999 -9999 -9999 781.1936 780.4873 779.5622 777.9987 775.6876 773.2495 771.3098 769.8621 768.8281 768.1376 767.6877 767.3795 767.0001 766.4223 765.5457 764.4672 763.4744 762.6393 761.9913 761.6185 761.0883 760.3942 760.0226 759.8658 759.8656 759.9762 760.1513 760.3329 760.5269 760.6904 760.777 760.7687 760.6918 760.5853
-9999 -9999 -9999 -9999 -9999 -9999 -9999 -9999 -9999 -9999 -9999 -9999 -9999 -9999 -9999 -9999 -9999 -9999 -9999 -9999 -9999 -9999 -9999 -9999 -9999 -9999 -9999 -9999 -9999 -9999 -9999 -9999 -9999 -9999 -9999 -9999 -9999 781.1838 780.1499 778.6284 776.445 774.1124 772.262 770.887 769.8078 769.0632 768.3649 767.9333 767.4773 766.9237 766.2045 765.2281 764.2512 763.3286 762.5116 762.1567 761.3528 760.5114 760.0742 759.8424 759.7816 759.8436 759.9799 760.1475 760.3326 760.5159 760.6444 760.68 760.6564 760.59
-9999 -9999 -9999 -9999 -9999 -9999 -9999 -9999 -9999 -9999 -9999 -9999 -9999 -9999 -9999 -9999 -9999 -9999 -9999 -9999 -9999 -9999 -9999 -9999 -9999 -9999 -9999 -9999 -9999 -9999 -9999 -9999 -9999 -9999 -9999 -9999 -9999 782.129 780.912 779.3361 777.2946 775.147 773.3516 772.0849 770.9348 770.091 769.3124 768.6572 768.0454 767.4644 766.8253 766.0649 765.1411 764.2209 763.3383 762.5041 761.6631 760.8396 760.2736 759.9076 759.7573 759.7543 759.8447 759.988 760.1589 760.3328 760.4799 760.5282 760.5643 760.558
-9999 -9999 -9999 -9999 -9999 -9999 -9999 -9999 -9999 -9999 -9999 -9999 -9999 -9999 -9999 -9999 -9999 -9999 -9999 -9999 -9999 -9999 -9999 -9999 -9999 -9999 -9999 -9999 -9999 -9999 -9999 -9999 -9999 -9999 -9999 -9999 -9999 783.2554 781.7979 780.0843 778.145 776.2535 774.6081 773.187 772.0007 771.1174 770.1934 769.4105 768.71 768.0525 767.436 766.7875 766.0692 765.224 764.4004 763.3973 762.3141 761.33 760.5181 760.0476 759.8091 759.7288 759.7602 759.8666 760.0165 760.1813 760.3241 760.3369 760.4326 760.4878
-9999 -9999 -9999 -9999 -9999 -9999 -9999 -9999 -9999 -9999 -9999 -9999 -9999 -9999 -9999 -9999 -9999 -9999 -9999 -9999 -9999 -9999 -9999 -9999 -9999 -9999 -9999 -9999 -9999 -9999 -9999 -9999 -9999 -9999 -9999 -9999 -9999 -9999 782.7849 780.9167 779.1066 777.5134 776.1057 774.626 773.1155 771.9919 770.9637 770.098 769.3793 768.6962 768.0275 767.4023 766.7961 766.1693 765.4189 764.48 763.3188 762.1158 761.0965 760.3799 759.9834 759.7771 759.7257 759.7803 759.8951 760.032 760.1549 760.226 760.3298 760.4095
-9999 -9999 -9999 -9999 -9999 -9999 -9999 -9999 -9999 -9999 -9999 -9999 -9999 -9999 -9999 -9999 -9999 -9999 -9999 -9999 -9999 -9999 -9999 -9999 -9999 -9999 -9999 -9999 -9999 -9999 -9999 -9999 -9999 -9999 -9999 -9999 -9999 -9999 -9999 781.9401 780.273 778.976 777.8023 776.3116 774.6232 773.0704 771.7809 770.7689 769.9919 769.3209 768.604 767.8952 767.3096 766.8032 766.2393 765.4227 764.3398 763.0453 761.811 760.8743 760.261 759.8817 759.7251 759.7187 759.796 759.9077 760.0215 760.1217 760.2323 760.3298
