backend/lakes/data/Iosegun Lake/iose_dem_tm.asc
ncols         142
nrows         199
xllcorner     376850
yllcorner     6030850
cellsize      50
NODATA_value  -9999
[rows 124 to 154 of 199, columns 70 to 139 of 142]
760.3298 760.3727 760.3994 760.4481 760.5276 760.6377 760.7778 760.9475 761.1451 761.3677 761.6093 761.8542 762.0576 762.3252 762.7249 763.3084 764.0382 765.015 766.3856 767.9288 769.4269 770.7565 771.8212 772.5261 772.8702 772.6537 772.3699 772.0433 771.7518 771.47 771.1678 770.8395 770.4721 770.1058 769.7681 769.498 769.4653 769.468 769.5162 769.7993 770.1228 770.4121 770.7338 771.1483 771.6027 772.0377 772.5662 773.4354 774.9906 777.0752 779.264 781.2521 782.9511 784.3615 -9999 -9999 -9999 -9999 -9999 -9999 -9999 -9999 -9999 -9999 -9999 -9999 -9999 -9999 -9999 -9999
760.2582 760.3297 760.3665 760.425 760.5029 760.5958 760.7073 760.8484 761.0301 761.262 761.5447 761.852 762.0869 762.3768 762.7944 763.4014 764.2512 765.3087 766.7076 768.2397 769.6641 770.8932 771.8303 772.4124 772.6188 772.428 772.0743 771.7423 771.4165 771.1405 770.858 770.5431 770.1833 769.8046 769.4711 769.2278 769.1436 769.1283 769.2086 769.4694 769.7806 770.0365 770.2946 770.6564 771.099 771.5622 772.1589 773.0708 774.3812 775.8682 777.9329 780.0127 781.95 783.7256 785.2557 -9999 -9999 -9999 -9999 -9999 -9999 -9999 -9999 -9999 -9999 -9999 -9999 -9999 -9999 -9999
760.1841 760.2683 760.3303 760.4133 760.4963 760.5741 760.6549 760.7605 760.9171 761.148 761.4652 761.845 762.1807 762.5741 763.0852 763.7934 764.8257 766.016 767.4219 768.885 770.1175 771.1324 771.8619 772.277 772.3777 772.1951 771.8214 771.4174 771.0814 770.7918 770.5215 770.2086 769.8354 769.4308 769.0778 768.8636 768.7742 768.7582 768.8381 769.0794 769.4372 769.7144 769.9285 770.2769 770.748 771.3083 772.0277 773.0198 774.1343 774.9569 776.7804 778.9298 781.1456 783.3339 785.3437 -9999 -9999 -9999 -9999 -9999 -9999 -9999 -9999 -9999 -9999 -9999 -9999 -9999 -9999 -9999
760.1261 760.2324 760.3299 760.4244 760.5077 760.5703 760.6198 760.6852 760.807 761.0259 761.3714 761.8425 762.374 762.9798 763.6992 764.6473 765.7378 766.9586 768.3243 769.5461 770.564 771.3469 771.8408 772.0447 772.0278 771.8219 771.438 770.9665 770.6662 770.4023 770.1222 769.7759 769.3494 768.8539 768.5491 768.409 768.3575 768.3498 768.3998 768.5843 768.9635 769.3499 769.5266 769.8925 770.3672 770.9581 771.6804 772.5654 773.1024 773.701 775.4974 777.826 780.3935 783.0123 785.4228 -9999 -9999 -9999 -9999 -9999 -9999 -9999 -9999 -9999 -9999 -9999 -9999 -9999 -9999 -9999
760.0855 760.2111 760.33 760.4386 760.5248 760.5763 760.6003 760.6291 760.7159 760.9207 761.2979 761.8867 762.7147 763.629 764.645 765.7101 766.8447 768.0551 769.2209 770.1606 770.9161 771.4498 771.7216 771.717 771.5542 771.3085 770.9584 770.5587 770.2106 769.9397 769.6332 769.1962 768.6533 768.1491 767.9665 767.9403 767.9444 767.944 767.9485 768.0381 768.4043 768.7969 769.0981 769.497 769.9529 770.4618 771.0024 771.5566 772.0042 772.7135 774.3057 776.7466 779.6208 782.5812 785.2187 -9999 -9999 -9999 -9999 -9999 -9999 -9999 -9999 -9999 -9999 -9999 -9999 -9999 -9999 -9999
760.0648 760.2023 760.33 760.4484 760.5398 760.587 760.5961 760.6023 760.6682 760.8719 761.2982 762.0366 763.2236 764.4927 765.6985 766.8709 768.0396 769.1014 769.9423 770.5959 771.0887 771.3675 771.4418 771.2906 770.9763 770.6505 770.3112 770.0059 769.6965 769.3361 768.9805 768.3713 767.9628 767.6483 767.5325 767.5394 767.5768 767.5974 767.6134 767.7026 767.9666 768.322 768.6787 769.1151 769.597 770.049 770.4015 770.735 771.1145 771.8601 773.3632 775.8799 778.9559 782.0803 784.7452 -9999 -9999 -9999 -9999 -9999 -9999 -9999 -9999 -9999 -9999 -9999 -9999 -9999 -9999 -9999
760.0701 760.2104 760.3297 760.4525 760.5517 760.6024 760.6107 760.6148 760.6847 760.9129 761.4099 762.3036 763.788 765.3379 766.7521 768.0309 769.0748 769.8057 770.3523 770.7438 770.9913 771.0302 770.9593 770.704 770.2891 769.8754 769.4649 769.2321 768.9664 768.4257 768.0846 767.7197 767.4446 767.2623 767.2066 767.2445 767.3127 767.36 767.3906 767.4674 767.6595 767.9517 768.3034 768.7726 769.3699 769.8029 770.0846 770.2646 770.5774 771.3158 772.7954 775.3483 778.4796 781.556 784.0375 -9999 -9999 -9999 -9999 -9999 -9999 -9999 -9999 -9999 -9999 -9999 -9999 -9999 -9999 -9999
760.1093 760.2471 760.3314 760.4584 760.5659 760.627 760.6482 760.6724 760.7742 761.0581 761.6547 762.7228 764.3986 766.1718 767.7109 768.947 769.6578 770.1074 770.417 770.5247 770.4586 770.3822 770.2739 769.9547 769.4551 768.9963 768.4331 768.1841 768.0191 767.7347 767.4913 767.2592 767.0807 766.9806 766.9738 767.041 767.1423 767.2224 767.2626 767.3112 767.4363 767.6512 767.9576 768.391 768.9973 769.531 769.8849 770.0885 770.377 771.0936 772.5869 775.1429 778.2096 781.0763 783.2104 784.3253 -9999 -9999 -9999 -9999 -9999 -9999 -9999 -9999 -9999 -9999 -9999 -9999 -9999 -9999
760.181 760.3276 760.3934 760.4905 760.5912 760.6633 760.7086 760.7707 760.9268 761.2869 762.0005 763.3145 765.0634 766.8442 768.285 769.3478 769.807 770.0958 770.2935 770.1961 769.8553 769.6116 769.505 769.0956 768.4391 768.0184 767.6663 767.491 767.3894 767.2523 767.1082 766.9607 766.8444 766.7921 766.8182 766.9107 767.0389 767.1533 767.2098 767.2316 767.2953 767.4406 767.6905 768.0768 768.7723 769.4269 769.7839 770.0062 770.3323 771.0853 772.6035 775.1583 778.1029 780.6727 782.3765 783.0051 -9999 -9999 -9999 -9999 -9999 -9999 -9999 -9999 -9999 -9999 -9999 -9999 -9999 -9999
760.2421 760.3307 760.4149 760.5128 760.6163 760.7058 760.7838 760.8938 761.1133 761.545 762.3145 763.7468 765.5274 767.1936 768.47 769.4005 769.7162 770.0845 770.2135 769.9943 769.4875 768.907 768.7585 768.1146 767.5131 767.2014 767.074 767.0255 767.0021 766.9564 766.8831 766.7872 766.7039 766.6757 766.7231 766.8356 766.9832 767.123 767.2062 767.2207 767.2411 767.3469 767.5733 767.9938 768.7037 769.4183 769.7733 770.005 770.3566 771.1306 772.6432 775.2047 778.0358 780.304 781.6682 781.8557 -9999 -9999 -9999 -9999 -9999 -9999 -9999 -9999 -9999 -9999 -9999 -9999 -9999 -9999
760.3284 760.3754 760.4401 760.5341 760.6429 760.7505 760.8612 761.0157 761.2924 761.7904 762.5663 763.8295 765.4902 767.0085 768.2575 769.272 769.7582 770.0774 770.1195 769.8241 769.2843 768.6305 767.8494 767.0676 766.5609 766.4799 766.6328 766.7344 766.7828 766.7959 766.7687 766.701 766.6288 766.6068 766.6661 766.7974 766.9622 767.1161 767.2213 767.2518 767.2567 767.3275 767.5497 767.969 768.6545 769.4161 769.8418 770.1238 770.4959 771.2701 772.7853 775.2694 777.9671 780.0172 781.0906 781.069 -9999 -9999 -9999 -9999 -9999 -9999 -9999 -9999 -9999 -9999 -9999 -9999 -9999 -9999
760.33 760.3884 760.4589 760.558 760.6768 760.7998 760.9324 761.108 761.3917 761.8685 762.6275 763.7437 765.2346 766.5855 767.8093 768.7846 769.4407 769.7899 769.7404 769.2941 768.5934 767.5901 766.6264 765.963 765.7007 765.9291 766.3555 766.5668 766.6604 766.7104 766.7148 766.6647 766.5936 766.5668 766.6306 766.7792 766.9647 767.1285 767.2413 767.2899 767.2999 767.3527 767.5392 767.9306 768.5251 769.3679 769.9376 770.3419 770.7443 771.4722 772.936 775.3174 777.8688 779.855 780.8531 780.9099 -9999 -9999 -9999 -9999 -9999 -9999 -9999 -9999 -9999 -9999 -9999 -9999 -9999 -9999
760.3297 760.4084 760.494 760.6027 760.7317 760.8667 761.0094 761.1873 761.4512 761.8788 762.5793 763.5508 764.7946 766.0097 767.0688 767.9432 768.6477 769.0455 768.8873 768.184 767.1969 766.0773 765.3547 765.1271 765.027 765.4928 766.0372 766.41 766.5515 766.6433 766.6793 766.6482 766.5807 766.5486 766.6118 766.7741 766.9803 767.1578 767.2673 767.3165 767.3363 767.3795 767.5312 767.8489 768.3405 769.3026 770.0474 770.6437 771.1075 771.7543 773.2003 775.4492 777.7314 779.527 780.6221 780.7878 -9999 -9999 -9999 -9999 -9999 -9999 -9999 -9999 -9999 -9999 -9999 -9999 -9999 -9999
760.3287 760.4463 760.5598 760.6849 760.823 760.9667 761.1121 761.2804 761.5117 761.8725 762.4694 763.2676 764.1709 765.1189 766.0277 766.7303 767.3688 767.6118 767.338 766.5154 765.4893 764.5745 764.3917 764.8068 764.9927 765.4069 765.8822 766.2463 766.4344 766.5767 766.6432 766.6328 766.5786 766.5511 766.6161 766.786 767.0078 767.1965 767.3021 767.337 767.3516 767.4033 767.5652 767.9287 768.4915 769.3725 770.2205 771.0479 771.6354 772.1807 773.8391 775.9981 777.9521 779.3691 780.2729 -9999 -9999 -9999 -9999 -9999 -9999 -9999 -9999 -9999 -9999 -9999 -9999 -9999 -9999 -9999
760.3271 760.4976 760.6564 760.809 760.9603 761.1084 761.2527 761.405 761.5925 761.862 762.3037 762.8684 763.4863 764.1652 764.7985 765.3198 765.7689 765.8834 765.582 764.8598 764.0563 763.6161 763.7126 764.6189 765.0649 765.4706 765.8732 766.2067 766.4289 766.5481 766.6096 766.6121 766.5812 766.5756 766.6532 766.8286 767.053 767.2429 767.3383 767.3524 767.3477 767.3935 767.5667 767.96 768.5956 769.4271 770.3223 771.3234 772.3231 772.9366 774.7715 776.9211 778.6751 779.874 780.6525 -9999 -9999 -9999 -9999 -9999 -9999 -9999 -9999 -9999 -9999 -9999 -9999 -9999 -9999 -9999
760.3246 760.5598 760.7792 760.9709 761.1389 761.2901 761.4277 761.564 761.7059 761.8667 762.1636 762.5336 762.9358 763.3519 763.7059 764.1254 764.4012 764.4333 764.1868 763.6924 763.3563 763.3314 763.7601 764.6893 765.2043 765.5854 765.924 766.2137 766.4269 766.5072 766.5623 766.5826 766.5848 766.6202 766.7278 766.9122 767.1277 767.2996 767.3705 767.3553 767.3224 767.3561 767.5345 767.9583 768.6525 769.4676 770.3573 771.3731 772.4777 773.7541 775.8615 778.0277 779.6676 780.7289 781.4714 -9999 -9999 -9999 -9999 -9999 -9999 -9999 -9999 -9999 -9999 -9999 -9999 -9999 -9999 -9999
760.319 760.6437 760.9348 761.1647 761.3452 761.4937 761.6148 761.7375 761.8571 761.9408 762.0931 762.2984 762.5338 762.7817 763.0239 763.2966 763.426 763.4503 763.3844 763.2352 763.2295 763.5456 764.352 764.973 765.3881 765.7014 765.9713 766.2012 766.3634 766.431 766.5084 766.5541 766.5958 766.6814 766.8335 767.0342 767.2347 767.3702 767.3981 767.3389 767.2733 767.2936 767.4848 767.947 768.7145 769.5959 770.5568 771.6285 772.8586 774.6987 777.0246 779.1938 780.7723 781.7988 -9999 -9999 -9999 -9999 -9999 -9999 -9999 -9999 -9999 -9999 -9999 -9999 -9999 -9999 -9999 -9999
760.3311 760.7935 761.1509 761.3886 761.5585 761.6924 761.7696 761.8594 761.929 761.9778 762.0483 762.1426 762.2578 762.3915 762.5417 762.7155 762.8526 762.9689 763.0767 763.1912 763.4083 763.9459 764.7278 765.2012 765.5237 765.7748 765.9946 766.1877 766.337 766.4298 766.4987 766.5503 766.6241 766.7562 766.9557 767.1771 767.3597 767.4501 767.42 767.3057 767.2017 767.2134 767.4291 767.9526 768.8323 769.8956 771.0903 772.37 773.8607 775.9335 778.2385 780.29 781.8043 782.8694 -9999 -9999 -9999 -9999 -9999 -9999 -9999 -9999 -9999 -9999 -9999 -9999 -9999 -9999 -9999 -9999
760.4988 761.114 761.4663 761.6346 761.747 761.8571 761.8605 761.9098 761.9547 761.9836 762.0085 762.0409 762.076 762.1316 762.2146 762.3488 762.538 762.7747 763.0446 763.3467 763.6849 764.2288 764.8685 765.2816 765.5639 765.7849 765.9822 766.1645 766.319 766.43 766.5027 766.5679 766.6653 766.8392 767.0753 767.3131 767.4766 767.5175 767.4308 767.2606 767.1205 767.1317 767.3908 767.9968 769.0799 770.345 771.8341 773.3743 775.0709 777.1671 779.2567 781.0443 782.4097 783.4647 -9999 -9999 -9999 -9999 -9999 -9999 -9999 -9999 -9999 -9999 -9999 -9999 -9999 -9999 -9999 -9999
761.0468 761.6622 761.8506 761.8619 761.8616 761.9078 761.9105 761.9282 761.9502 761.9689 761.9705 761.9686 761.9564 761.9664 762 762.1183 762.3786 762.7325 763.1066 763.4244 763.8622 764.3782 764.8955 765.2629 765.5265 765.7394 765.9354 766.1245 766.297 766.4303 766.51 766.5887 766.715 766.9138 767.1746 767.4154 767.5537 767.5497 767.4152 767.2098 767.0515 767.0806 767.4023 768.0928 769.3058 770.7958 772.4523 774.1871 776.2123 778.2469 779.9604 781.2855 782.3417 -9999 -9999 -9999 -9999 -9999 -9999 -9999 -9999 -9999 -9999 -9999 -9999 -9999 -9999 -9999 -9999 -9999
761.6328 761.9751 762.0699 762.0359 761.9855 761.9635 761.9398 761.9263 761.927 761.9347 761.9285 761.911 761.8604 761.8576 761.8585 761.9697 762.3285 762.8073 763.3038 763.6521 764.0536 764.4875 764.8977 765.207 765.4476 765.6578 765.8615 766.0643 766.2596 766.4272 766.4973 766.6001 766.752 766.9716 767.233 767.4635 767.5707 767.5269 767.3646 767.1583 767.0238 767.1147 767.5521 768.3992 769.7565 771.4468 773.3025 775.239 777.3765 779.2672 780.6922 781.7202 782.5822 -9999 -9999 -9999 -9999 -9999 -9999 -9999 -9999 -9999 -9999 -9999 -9999 -9999 -9999 -9999 -9999 -9999
762.0176 762.1757 762.2064 762.1588 762.0927 762.0367 761.9818 761.9294 761.8945 761.8959 761.8604 761.8569 761.758 761.7213 761.7489 761.9103 762.4056 762.9556 763.4371 763.8655 764.2417 764.5876 764.898 765.1421 765.3555 765.5626 765.7736 765.9833 766.1778 766.3348 766.4324 766.5884 766.7738 766.9973 767.2438 767.4448 767.5205 767.448 767.282 767.1164 767.0618 767.2735 767.9103 769.0577 770.6144 772.4517 774.465 776.5347 778.6038 780.2593 781.4893 782.4474 -9999 -9999 -9999 -9999 -9999 -9999 -9999 -9999 -9999 -9999 -9999 -9999 -9999 -9999 -9999 -9999 -9999 -9999
762.3722 762.3773 762.348 762.2937 762.2311 762.1663 762.0861 761.9779 761.8712 761.8575 761.7584 761.7117 761.6615 761.7017 761.8705 762.2275 762.7826 763.3599 763.8301 764.2007 764.4795 764.7023 764.8993 765.0771 765.2676 765.4771 765.6984 765.9163 766.1144 766.2828 766.4293 766.5973 766.7888 766.9979 767.206 767.3644 767.4121 767.332 767.1942 767.1074 767.187 767.5598 768.3906 769.8236 771.6837 773.7573 775.8925 778.0225 779.8613 781.2292 782.4409 783.4808 -9999 -9999 -9999 -9999 -9999 -9999 -9999 -9999 -9999 -9999 -9999 -9999 -9999 -9999 -9999 -9999 -9999 -9999
762.7754 762.6537 762.5703 762.5129 762.4635 762.4116 762.3241 762.156 761.8959 761.7579 761.6626 761.6592 761.6823 761.8698 762.2401 762.7673 763.3923 763.9722 764.3938 764.6478 764.7716 764.8339 764.9001 765.0154 765.1986 765.4257 765.6656 765.8926 766.0935 766.266 766.4283 766.6079 766.7999 766.9814 767.1385 767.2451 767.2717 767.2184 767.1527 767.1918 767.4589 768.0743 769.2077 770.8911 772.9904 775.2628 777.4873 779.4869 781.0806 782.3809 783.6066 784.6381 -9999 -9999 -9999 -9999 -9999 -9999 -9999 -9999 -9999 -9999 -9999 -9999 -9999 -9999 -9999 -9999 -9999 -9999
763.2866 763.0627 762.9499 762.895 762.851 762.8202 762.7705 762.6332 762.341 761.9494 761.7755 761.8364 761.9193 762.2789 762.8291 763.4968 764.1926 764.7556 765.084 765.1726 765.0938 764.9683 764.9 764.9573 765.1611 765.4326 765.7032 765.9363 766.1343 766.2966 766.4357 766.6409 766.8317 766.9781 767.0762 767.1311 767.1486 767.1579 767.2206 767.446 767.9436 768.8387 770.2306 772.1693 774.4938 776.9178 779.0848 780.8058 782.1793 783.4338 784.6616 -9999 -9999 -9999 -9999 -9999 -9999 -9999 -9999 -9999 -9999 -9999 -9999 -9999 -9999 -9999 -9999 -9999 -9999 -9999
763.8995 763.6676 763.6025 763.5503 763.4468 763.3824 763.3566 763.3001 763.0773 762.5714 762.1935 762.2621 762.4914 762.9427 763.6252 764.4249 765.1142 765.6167 765.813 765.7008 765.3873 765.0678 764.8815 764.9022 765.1731 765.5223 765.8342 766.0605 766.2561 766.4284 766.5837 766.7706 766.9353 767.0346 767.0703 767.079 767.1094 767.2157 767.4668 767.9357 768.7108 769.9064 771.6168 773.7316 776.1834 778.5461 780.4797 781.9011 782.985 784.0574 -9999 -9999 -9999 -9999 -9999 -9999 -9999 -9999 -9999 -9999 -9999 -9999 -9999 -9999 -9999 -9999 -9999 -9999 -9999 -9999
764.7709 764.7382 764.7805 764.6756 764.327 764.0433 763.8914 763.8055 763.6482 763.3521 763.1107 763.0204 763.2711 763.7556 764.6029 765.4128 765.9675 766.358 766.4042 766.1011 765.5561 765.0851 764.8448 764.9007 765.2742 765.7202 766.0685 766.2452 766.4275 766.6049 766.787 766.98 767.1353 767.1935 767.177 767.155 767.225 767.4774 767.9675 768.7328 769.8332 771.3917 773.3824 775.7073 778.0948 780.1436 781.6399 782.6643 783.3632 784.1982 -9999 -9999 -9999 -9999 -9999 -9999 -9999 -9999 -9999 -9999 -9999 -9999 -9999 -9999 -9999 -9999 -9999 -9999 -9999 -9999
765.6279 765.76 765.9734 765.8394 765.251 764.7267 764.4285 764.3157 764.2366 764.0948 763.9177 763.7659 764.0232 764.6012 765.5054 766.2068 766.4503 766.6024 766.5197 766.1613 765.48 764.9933 764.8087 764.9555 765.4843 766.0238 766.3853 766.4436 766.6049 766.8055 767.0299 767.2637 767.4521 767.4921 767.4501 767.428 767.5764 768.0344 768.8351 769.9348 771.3751 773.2409 775.5015 777.8598 779.9717 781.5313 782.4374 782.9556 783.3511 -9999 -9999 -9999 -9999 -9999 -9999 -9999 -9999 -9999 -9999 -9999 -9999 -9999 -9999 -9999 -9999 -9999 -9999 -9999 -9999 -9999
766.5258 766.6955 766.9126 766.8033 766.2632 765.4946 765.0529 764.9143 764.8922 764.8604 764.7747 764.6611 764.6524 765.0674 765.9438 766.3538 766.4343 766.3519 766.1019 765.5454 765.1136 764.9048 764.9445 765.3015 765.8663 766.3678 766.6011 766.6705 766.8066 767.0278 767.3051 767.6093 767.8884 767.9462 767.9328 767.9684 768.2562 769.0094 770.1547 771.6228 773.2792 775.3918 777.7276 779.9011 781.631 782.7096 783.062 783.0536 -9999 -9999 -9999 -9999 -9999 -9999 -9999 -9999 -9999 -9999 -9999 -9999 -9999 -9999 -9999 -9999 -9999 -9999 -9999 -9999 -9999 -9999
767.667 767.8372 767.9325 767.8288 767.3868 766.5854 765.9654 765.6816 765.6014 765.5361 765.3638 765.1387 764.9258 764.9484 765.4266 765.8367 765.8597 765.5824 765.3004 764.924 765.005 765.2606 765.5048 765.8561 766.3297 766.6381 766.7863 766.8582 767.0017 767.2653 767.6097 767.9849 768.3302 768.5276 768.6372 768.8529 769.4106 770.4173 771.933 773.6881 775.4695 777.6017 779.7728 781.6116 782.9482 783.7345 783.823 -9999 -9999 -9999 -9999 -9999 -9999 -9999 -9999 -9999 -9999 -9999 -9999 -9999 -9999 -9999 -9999 -9999 -9999 -9999 -9999 -9999 -9999 -9999
768.916 768.9995 768.8878 768.718 768.3433 767.6605 766.9196 766.525 766.3847 766.2715 765.9972 765.7368 765.486 765.2684 765.0759 764.9575 764.983 765.1379 765.2999 765.524 765.9248 766.2168 766.3769 766.5201 766.7732 766.9399 767.0071 767.0536 767.2141 767.5526 768.0153 768.5364 768.9723 769.3466 769.6124 770.0162 770.8531 772.1359 773.8566 775.6439 777.5958 779.6368 781.4766 782.9113 783.9481 784.5703 -9999 -9999 -9999 -9999 -9999 -9999 -9999 -9999 -9999 -9999 -9999 -9999 -9999 -9999 -9999 -9999 -9999 -9999 -9999 -9999 -9999 -9999 -9999 -9999
