backend/lakes/data/Lawrence Lake/lawr_dem_tm.asc
ncols         162
nrows         184
xllcorner     578900
yllcorner     6086950
cellsize      50
NODATA_value  -9999
[rows 64 to 95 of 184, columns 72 to 143 of 162]
634.6227 634.6053 634.603 634.6092 634.6148 634.6503 634.7626 634.889 634.9582 634.8988 634.6458 634.1483 633.5911 633.1309 632.901 632.8579 633.125 633.777 634.6008 634.7542 634.6507 634.624 634.6498 634.7998 635.2992 636.192 637.5032 638.8353 640.4703 642.6721 645.1089 646.9952 648.683 650.4258 652.372 654.4632 656.3589 657.686 658.0974 657.5578 656.093 653.7573 650.7056 647.4701 644.8066 643.2354 642.7234 643.121 644.3427 646.1435 648.8835 651.9235 654.8062 657.1944 658.8629 659.8679 -9999 -9999 -9999 -9999 -9999 -9999 -9999 -9999 -9999 -9999 -9999 -9999 -9999 -9999 -9999 -9999
634.7044 634.6803 634.6559 634.6353 634.6257 634.65 634.7091 634.8271 634.9153 634.8795 634.6461 634.1634 633.6074 633.1424 632.9733 632.8371 632.935 633.3796 634.439 634.7453 634.7239 634.6501 634.6495 634.7521 635.2956 636.224 637.4545 638.2173 639.028 640.0955 641.3982 642.5469 643.535 644.7546 646.2948 648.0634 649.7219 651.1648 652.1623 652.6515 652.4737 651.4386 649.5711 647.0389 644.402 642.3472 641.1675 640.8319 641.3425 642.999 645.6876 649.0477 652.4627 655.4435 657.597 658.7054 659.6684 -9999 -9999 -9999 -9999 -9999 -9999 -9999 -9999 -9999 -9999 -9999 -9999 -9999 -9999 -9999
634.755 634.7336 634.7001 634.663 634.6339 634.6262 634.6504 634.7741 634.885 634.8722 634.6483 634.1816 633.6475 633.2399 633.1216 632.8687 632.8468 633.1971 634.0997 634.6469 634.7398 634.65 634.5591 634.6649 635.3442 636.307 637.5141 637.9666 638.2559 638.6519 639.191 639.6909 640.3028 641.1183 642.1116 643.156 644.2947 645.4461 646.5041 647.4264 647.8979 647.7448 647.0138 645.6461 643.6727 641.6863 640.2587 639.3532 639.4066 640.592 643.0919 646.4997 650.2481 653.7048 656.1985 657.2472 658.5389 659.1765 -9999 -9999 -9999 -9999 -9999 -9999 -9999 -9999 -9999 -9999 -9999 -9999 -9999 -9999
634.7726 634.7607 634.7269 634.6821 634.6421 634.6243 634.65 634.7385 634.8635 634.8735 634.6517 634.1738 633.6142 633.1444 632.975 632.8027 632.803 633.1562 633.9713 634.6335 634.7604 634.6497 634.5204 634.6738 635.5139 636.4566 637.5776 637.8998 637.9365 637.9738 638.1104 638.2789 638.5815 639.0745 639.6675 640.2826 640.9788 641.7615 642.5441 643.2006 643.7443 643.7941 643.6304 643.2579 642.1521 640.7098 639.3322 638.3988 638.2083 639.0144 641.0077 644.2212 647.955 651.7128 654.5784 655.8113 657.9359 658.8222 659.0534 -9999 -9999 -9999 -9999 -9999 -9999 -9999 -9999 -9999 -9999 -9999 -9999 -9999
634.7681 634.7657 634.7332 634.6828 634.6312 634.5972 634.5992 634.6516 634.8052 634.8394 634.6279 634.116 633.5717 633.1354 632.8976 632.7509 632.7914 633.1517 633.9376 634.6324 634.7711 634.6496 634.521 634.7513 635.864 636.8048 637.6649 637.9042 637.8556 637.7651 637.7383 637.7778 637.884 638.117 638.393 638.6813 639.0496 639.5822 640.1847 640.8779 641.6014 641.4292 641.205 640.8978 640.1694 639.3846 638.5107 637.8168 637.5277 637.9575 639.3687 641.831 645.2606 649.1573 652.8039 655.5547 657.7668 658.8898 658.9929 -9999 -9999 -9999 -9999 -9999 -9999 -9999 -9999 -9999 -9999 -9999 -9999 -9999
634.7629 634.7585 634.7214 634.661 634.593 634.5364 634.5135 634.546 634.6448 634.6225 634.3043 633.8693 633.4307 633.1202 632.8555 632.7225 632.7883 633.1511 633.9275 634.6317 634.7679 634.6497 634.5557 634.8494 636.0115 636.963 637.6896 637.9243 637.8773 637.7615 637.6956 637.6993 637.6944 637.6743 637.6744 637.7276 637.8966 638.3282 638.7169 639.1741 639.6685 639.4775 639.2567 639.0583 638.7446 638.3865 637.9788 637.6 637.2892 637.3405 638.1307 639.8645 642.5806 646.3399 650.384 654.2322 657.2111 658.6661 659.0004 659.0364 -9999 -9999 -9999 -9999 -9999 -9999 -9999 -9999 -9999 -9999 -9999 -9999
634.7533 634.7422 634.6952 634.6178 634.5223 634.4245 634.3394 634.2754 634.2153 634.0612 633.7534 633.473 633.1408 632.9285 632.7612 632.6976 632.8028 633.1529 633.9321 634.6306 634.7559 634.6501 634.65 635.1246 636.1277 637.0248 637.6945 637.9503 637.9366 637.8165 637.6993 637.5922 637.4452 637.2261 637.0685 637.058 637.2225 637.5606 637.6929 637.8063 637.9413 637.8704 637.7826 637.7319 637.7016 637.6995 637.701 637.6943 637.4039 637.1173 637.3105 638.3345 640.3521 643.575 647.5643 652.0504 655.8897 658.2063 659.0543 659.0049 659.379 -9999 -9999 -9999 -9999 -9999 -9999 -9999 -9999 -9999 -9999 -9999
634.7315 634.7169 634.6595 634.5616 634.4314 634.2803 634.1163 633.9417 633.743 633.4926 633.1806 633.1129 632.907 632.7606 632.6843 632.718 632.8921 633.2126 633.985 634.6329 634.7412 634.65 634.6588 635.2311 636.1611 637.0339 637.6953 637.9908 638.0226 637.9024 637.7051 637.5389 637.2996 636.9711 636.6553 636.5382 636.6282 636.8212 636.9197 636.9624 636.9921 636.9565 636.9169 636.9279 637.0232 637.2197 637.4789 637.6985 637.6671 637.1609 636.8915 637.3057 638.6929 641.2266 644.9733 649.5432 654.0963 657.5649 659.3942 659.0425 659.043 -9999 -9999 -9999 -9999 -9999 -9999 -9999 -9999 -9999 -9999 -9999
634.6982 634.6888 634.6232 634.5056 634.3419 634.141 633.9089 633.6504 633.3753 633.1288 632.9031 632.8038 632.6853 632.6111 632.6278 632.7801 633.1094 633.5269 634.1628 634.6434 634.7233 634.65 634.6601 635.2594 636.1624 637.0204 637.6948 638.0555 638.17 638.1342 637.9807 637.7153 637.3693 636.9277 636.5189 636.2699 636.2489 636.3586 636.4559 636.5145 636.5309 636.5012 636.459 636.4638 636.5817 636.8517 637.2355 637.5925 637.6986 637.3191 636.7908 636.736 637.5609 639.4855 642.6111 647.0062 651.7655 655.9457 658.5247 659.2698 658.5329 659.7205 -9999 -9999 -9999 -9999 -9999 -9999 -9999 -9999 -9999 -9999
634.6909 634.6724 634.5959 634.4618 634.2737 634.0387 633.7646 633.4587 633.1387 632.9165 632.73 632.612 632.5233 632.4889 632.5513 632.7595 633.1425 633.7311 634.3511 634.6527 634.712 634.65 634.6602 635.2694 636.1569 637.0042 637.6953 638.1259 638.3664 638.4918 638.5037 638.2604 637.7335 637.163 636.621 636.2551 636.1357 636.194 636.2993 636.3885 636.4261 636.3936 636.322 636.2725 636.3341 636.5736 636.9803 637.4313 637.7159 637.6391 636.9913 636.6006 636.9336 638.2578 640.7056 644.4862 648.9866 653.3956 656.6215 658.0923 658.1229 659.0679 660.779 662.7211 -9999 -9999 -9999 -9999 -9999 -9999 -9999 -9999
634.6819 634.6592 634.5779 634.4348 634.2344 633.9858 633.7039 633.4088 633.127 632.8651 632.6546 632.5114 632.425 632.4043 632.4835 632.7182 633.1563 633.8904 634.6021 634.7886 634.7526 634.65 634.6598 635.2795 636.1512 636.9855 637.6934 638.1874 638.5677 638.9084 639.2252 639.109 638.4489 637.6846 637.0073 636.4865 636.2444 636.2493 636.3622 636.5004 636.5748 636.5363 636.4189 636.2926 636.2531 636.3939 636.7383 637.2059 637.6004 637.6982 637.2944 636.8222 636.8231 637.5771 639.296 642.0778 645.8514 649.9057 653.393 655.5264 656.489 657.6081 659.383 661.5272 663.4059 -9999 -9999 -9999 -9999 -9999 -9999 -9999
634.65 634.6448 634.5687 634.4242 634.219 633.967 633.6866 633.4008 633.1288 632.8584 632.6334 632.4728 632.3813 632.364 632.4478 632.6902 633.1552 633.9332 634.6368 634.8328 634.7694 634.6499 634.6615 635.3265 636.1595 636.975 637.6886 638.2283 638.7368 639.2946 640.0536 640.0479 639.3608 638.4789 637.6874 636.9827 636.5735 636.4965 636.6051 636.803 636.9044 636.8318 636.6538 636.4404 636.2953 636.3113 636.5463 636.9628 637.4183 637.7039 637.6763 637.3007 637.1483 637.4025 638.3784 640.2027 642.8077 646.0698 649.2726 651.8644 653.5888 655.1643 657.1177 659.3581 661.4843 662.8751 -9999 -9999 -9999 -9999 -9999 -9999
634.65 634.6487 634.5737 634.4286 634.2211 633.966 633.6844 633.3999 633.1294 632.8657 632.6416 632.4756 632.3833 632.3696 632.4551 632.692 633.1504 633.9325 634.6351 634.8356 634.7653 634.6499 634.6808 635.4886 636.2389 637.0054 637.6913 638.2719 638.91 639.6821 640.9694 641.1923 640.5446 639.6224 638.7707 637.8088 637.1509 636.943 637.024 637.3149 637.3953 637.1964 636.9235 636.6169 636.3964 636.317 636.4381 636.7651 637.2037 637.58 637.7501 637.6972 637.6606 637.5579 637.9076 638.8698 640.4413 642.5436 645.0824 647.5547 649.7538 651.748 653.9047 656.209 658.3318 659.7751 659.8499 -9999 -9999 -9999 -9999 -9999
634.65 634.6552 634.5858 634.4441 634.2361 633.9766 633.6886 633.3983 633.1295 632.8843 632.6746 632.5155 632.4271 632.4227 632.5146 632.7382 633.1518 633.9297 634.632 634.824 634.7501 634.65 634.758 635.858 636.5135 637.1157 637.7102 638.3333 639.1202 640.1075 641.541 642.393 641.9001 641.2009 640.2897 639.1522 638.1222 637.6669 637.6033 638.0258 637.9372 637.4623 637.084 636.7045 636.4828 636.3912 636.4473 636.6838 637.0477 637.4186 637.6633 637.7495 637.7545 637.6987 637.726 638.0389 638.7551 639.8995 641.4573 643.3655 645.5151 647.7294 650.0181 652.3541 654.4338 655.78 655.8876 654.772 -9999 -9999 -9999 -9999
634.6215 634.65 634.5992 634.4683 634.2637 634.0006 633.7023 633.4 633.1291 632.9208 632.7347 632.5872 632.5072 632.519 632.6354 632.8673 633.206 633.9656 634.6329 634.8064 634.7325 634.65 634.7886 635.9703 636.646 637.1721 637.7055 638.3185 639.1077 640.1996 641.9976 643.5416 643.4764 643.3619 642.6536 641.3837 639.949 638.8918 638.319 638.7557 637.9938 637.2808 636.848 636.6093 636.5322 636.5352 636.6053 636.7888 637.0472 637.324 637.5301 637.6519 637.705 637.7158 637.6996 637.6002 637.7118 638.1658 639.0493 640.3224 641.8627 643.8009 646.0399 648.4094 650.4833 651.7364 651.9373 651.3286 -9999 -9999 -9999 -9999
634.5944 634.65 634.619 634.5023 634.3062 634.0442 633.7394 633.4227 633.1352 632.991 632.8245 632.6803 632.6029 632.63 632.7909 633.1095 633.4806 634.0972 634.6429 634.7856 634.7167 634.6499 634.791 635.9885 636.6757 637.17 637.6887 638.3052 639.0348 640.2327 642.5815 644.8444 646.2178 646.7397 646.2343 644.845 642.9934 641.1564 639.7159 638.7114 637.8161 637.1024 636.6853 636.5842 636.6692 636.7917 636.9244 637.1215 637.2676 637.3942 637.4556 637.5275 637.6091 637.6929 637.6981 637.4091 637.1875 637.2321 637.682 638.4747 639.5316 640.8436 642.6426 644.9464 647.0303 648.2612 648.5601 648.4267 648.6638 -9999 -9999 -9999
634.5658 634.65 634.6404 634.5438 634.3634 634.1123 633.8162 633.5156 633.2662 633.1265 632.9296 632.7729 632.6853 632.6989 632.8423 633.1349 633.6052 634.1838 634.6461 634.7614 634.7001 634.6498 634.7881 635.9841 636.6516 637.1313 637.7187 638.5641 639.4547 641.1008 644.2221 647.626 650.268 651.5226 651.189 649.668 647.4512 645.0162 642.6666 640.6109 638.9773 637.759 637.0502 636.8966 637.0306 637.1884 637.3529 637.6513 637.7196 637.6937 637.5223 637.4987 637.5645 637.7017 637.7385 637.4415 637.0798 636.9617 637.234 637.7383 638.4678 639.3624 640.5014 642.4708 644.5283 645.8096 646.2314 646.467 647.1141 -9999 -9999 -9999
634.5223 634.6245 634.65 634.585 634.4287 634.1937 633.9066 633.6046 633.334 633.1301 632.9719 632.837 632.7512 632.7501 632.8674 633.1349 633.6771 634.2535 634.6465 634.7372 634.684 634.6498 634.7876 635.9785 636.5994 637.0685 637.8152 639.1738 640.3359 642.7522 646.9002 651.5093 655.2758 657.3175 657.3708 655.8784 653.3522 650.2883 647.0738 644.0522 641.4291 639.4367 638.099 637.6329 637.6287 637.6732 637.7589 638.1669 638.3804 638.2557 637.8138 637.7085 637.7187 637.9216 638.0026 637.7254 637.3202 637.1671 637.4323 637.7547 638.3095 638.9807 639.7275 641.5304 643.3533 644.5975 645.3575 646.0512 646.6378 -9999 -9999 -9999
634.4683 634.5886 634.65 634.6228 634.4962 634.2817 634.0032 633.6941 633.3918 633.1339 633.02 632.899 632.818 632.8227 632.9408 633.1757 633.796 634.379 634.652 634.7236 634.6742 634.6497 634.7886 635.9709 636.5256 636.9573 637.7502 639.2762 641.2676 644.9175 650.2602 655.9293 660.6284 663.4328 664.0298 662.7599 660.1209 656.601 652.6476 648.679 645.073 642.0898 639.8742 638.6368 638.1383 638.0589 638.2803 638.7915 639.1604 639.1023 638.6248 638.3757 638.2411 638.3107 638.3638 638.1261 637.7133 637.5311 637.7241 637.8788 638.2308 638.8248 639.7218 641.559 643.4524 644.8585 645.9707 647.0322 648.2144 -9999 -9999 -9999
634.4043 634.5394 634.6322 634.65 634.5598 634.3719 634.1088 633.8045 633.504 633.2603 633.1278 632.9662 632.8793 632.9165 633.1216 633.4518 634.0436 634.6202 634.7727 634.7603 634.6815 634.6498 634.787 635.9509 636.4611 636.9531 637.9539 639.962 642.782 647.4923 653.8026 660.2988 665.6958 669.1042 670.2009 669.2566 666.7364 663.0918 658.6973 653.9933 649.4406 645.4535 642.2733 640.0721 638.9114 638.5296 638.6752 639.1896 639.473 639.5541 639.2882 639.1024 638.7842 638.7142 638.7211 638.546 638.1526 637.95 638.1132 638.2198 638.4342 639.086 640.2959 642.2225 644.3339 646.2002 648.0203 649.882 651.678 -9999 -9999 -9999
634.3319 634.4768 634.5947 634.65 634.6101 634.4575 634.2142 633.9152 633.6049 633.3322 633.1303 632.9698 632.884 632.9227 633.1353 633.5831 634.164 634.6474 634.7944 634.766 634.6799 634.6495 634.7711 635.8763 636.3777 637.1333 638.645 641.4445 644.9186 650.4047 657.2744 664.2198 669.9818 673.6974 675.0464 674.3226 672.1086 668.8181 664.4861 659.4444 654.2174 649.3295 645.2399 642.1478 640.1135 639.1854 638.9325 639.2125 639.5143 639.964 639.9597 639.7267 639.3608 639.267 639.2571 639.1169 638.7159 638.4342 638.5111 638.796 638.8484 639.5396 641.1147 643.3301 645.9232 648.5862 651.393 654.1841 656.6535 -9999 -9999 -9999
634.2544 634.4045 634.5441 634.6376 634.65 634.5347 634.3148 634.0201 633.6927 633.3805 633.1293 632.968 632.8766 632.9078 633.1347 633.6523 634.2372 634.6465 634.7769 634.7437 634.6498 634.5825 634.7583 635.6862 636.2651 637.4277 639.6305 643.4296 647.3104 653.2534 660.3947 667.4361 673.1949 676.8464 678.082 677.2219 675.3826 673.0929 669.4467 664.5887 659.1005 653.6366 648.7342 644.833 641.9976 640.2092 639.2567 639.0513 639.396 640.4371 640.7477 640.6945 640.5322 640.4921 640.4902 640.3128 639.7465 639.2624 639.087 639.3802 639.4908 640.5356 642.4725 645.1426 648.2964 651.8172 655.5817 659.2496 -9999 -9999 -9999 -9999
634.1771 634.3263 634.4801 634.601 634.65 634.5946 634.4092 634.1257 633.7856 633.4371 633.1352 633.0048 632.9026 632.9149 633.138 633.7391 634.3563 634.6541 634.7679 634.7306 634.65 634.6515 635.0861 635.9814 636.5281 637.7125 640.2605 644.2894 649.2798 655.7852 663.0367 669.8783 675.3022 678.5927 679.4429 -9999 -9999 675.8432 673.3131 669.0644 663.7851 658.166 652.7963 648.1401 644.4922 641.8292 640.0974 639.2946 639.5552 640.6221 641.5875 642.0228 642.348 642.5872 642.7679 642.903 641.8782 640.8911 640.1552 640.0648 640.6718 642.069 644.3607 647.4588 651.1779 655.4117 659.9212 664.2399 -9999 -9999 -9999 -9999
634.1079 634.2491 634.4105 634.5554 634.6469 634.6498 634.5014 634.2397 633.906 633.558 633.272 633.1273 632.9823 632.9817 633.1837 633.8877 634.5964 634.8051 634.8253 634.7426 634.65 634.6608 635.2166 636.0706 636.676 637.9879 640.8082 645.1625 651.2666 658.0704 665.22 671.6105 676.4731 679.3304 -9999 -9999 -9999 678.2288 676.2363 672.6481 667.9461 662.6688 657.2841 652.2006 647.777 644.2668 641.7467 640.2854 640.0951 641.049 642.6268 644.0994 645.2521 645.9121 646.0928 645.7739 644.7719 643.694 642.7801 642.385 642.9042 644.3269 646.805 650.1197 654.1575 658.8019 663.7229 668.3585 -9999 -9999 -9999 -9999
634.056 634.1799 634.3387 634.4966 634.6139 634.65 634.5748 634.3518 634.0315 633.6721 633.349 633.1306 633.0358 633.1265 633.4182 634.0358 634.6421 634.8585 634.8568 634.7526 634.65 634.6599 635.234 636.071 636.8094 638.3662 641.572 646.1879 652.6654 659.935 667.0224 672.8739 677.0014 679.266 -9999 -9999 -9999 -9999 677.9832 675.1681 671.3282 666.8315 661.9318 656.8942 652.0547 647.7913 644.429 642.1908 641.4372 642.3617 644.4282 646.756 648.7734 650.0371 650.4539 650.071 649.0967 647.9641 646.8835 646.1896 646.2868 647.4799 649.7499 652.9302 656.9255 661.5809 666.517 -9999 -9999 -9999 -9999 -9999
634.0298 634.1257 634.2715 634.4341 634.5757 634.6591 634.6494 634.4615 634.1596 633.7838 633.4095 633.1296 633.0326 633.1324 633.5162 634.1048 634.6456 634.862 634.8608 634.754 634.65 634.6578 635.2095 636.0643 637.0258 639.0042 642.7965 647.6658 654.3843 661.8034 668.707 673.9877 677.2927 678.9008 -9999 -9999 -9999 -9999 -9999 676.7621 673.913 670.4303 666.3976 661.8998 657.1282 652.4507 648.346 645.3629 644.1389 644.8887 647.0615 649.832 652.4594 654.3701 655.2917 655.196 654.3997 653.259 652.0113 650.9984 650.6404 651.3008 653.0663 655.8337 659.4933 663.8493 -9999 -9999 -9999 -9999 -9999 -9999
634.0337 634.0905 634.2122 634.3685 634.5216 634.6301 634.6501 634.5477 634.2981 633.9163 633.4902 633.1353 633.042 633.1309 633.5524 634.1319 634.6448 634.8494 634.8492 634.749 634.65 634.6559 635.1842 636.0657 637.2413 639.6869 644.2621 649.3685 656.2816 663.7003 670.3243 675.116 677.6833 -9999 -9999 -9999 -9999 -9999 -9999 -9999 675.7597 673.3633 670.3946 666.827 662.6212 658.0461 653.6442 650.186 648.4238 648.6628 650.4854 653.1963 656.0698 658.4769 659.9807 660.3668 659.8735 658.8237 657.4892 656.2203 655.4265 655.4946 656.6334 658.8561 662.0898 666.0462 -9999 -9999 -9999 -9999 -9999 -9999
634.0639 634.0751 634.1635 634.3045 634.4628 634.5992 634.6739 634.6498 634.4713 634.0991 633.6537 633.2784 633.1287 633.1392 633.5889 634.1608 634.6448 634.8281 634.8267 634.7372 634.65 634.6547 635.1567 636.0375 637.2368 639.7225 644.3668 650.5464 657.9742 665.4247 671.7825 676.1243 678.3249 -9999 -9999 -9999 -9999 -9999 -9999 -9999 -9999 -9999 673.7629 671.3254 668.0743 664.0986 659.9056 656.2921 654.0484 653.5666 654.6611 656.8568 659.5504 662.1291 664.0462 664.9076 664.7795 663.9634 662.7083 661.3442 660.2374 659.7928 660.3447 662.0563 664.9271 -9999 -9999 -9999 -9999 -9999 -9999 -9999
634.1115 634.0781 634.1279 634.2448 634.3987 634.5539 634.6738 634.7208 634.6431 634.2985 633.848 633.4196 633.1402 633.2922 633.718 634.2262 634.6465 634.7981 634.7921 634.7173 634.65 634.654 635.1384 636.0164 637.2162 639.7015 644.5092 651.4023 659.2595 666.7849 672.8697 676.9408 678.9 -9999 -9999 -9999 -9999 -9999 -9999 -9999 -9999 -9999 676.4899 675.1711 673.0413 669.9867 666.3995 663.0097 660.5294 659.3705 659.5372 660.8292 -9999 -9999 -9999 -9999 -9999 668.3976 667.4413 666.1686 664.9071 664.0759 664.1512 -9999 -9999 -9999 -9999 -9999 -9999 -9999 -9999 -9999
634.1721 634.1 634.109 634.1925 634.3286 634.485 634.6238 634.6981 634.6509 634.4614 634.0967 633.7291 633.5164 633.6183 633.9384 634.329 634.6487 634.7553 634.7385 634.6787 634.6497 634.6548 635.1411 636.0426 637.3411 639.8094 644.7032 651.9111 660.0073 667.5765 673.5126 677.2892 679.1548 -9999 -9999 -9999 -9999 -9999 -9999 -9999 -9999 -9999 -9999 678.2968 677.1941 675.137 672.3831 669.5558 667.2018 665.6412 664.9562 -9999 -9999 -9999 -9999 -9999 -9999 -9999 -9999 -9999 -9999 -9999 -9999 -9999 -9999 -9999 -9999 -9999 -9999 -9999 -9999 -9999
634.2437 634.1438 634.1125 634.1544 634.2593 634.4028 634.5508 634.6639 634.7031 634.6448 634.3591 634.0724 633.9175 633.9706 634.18 634.4418 634.6497 634.7023 634.6602 634.5867 634.5535 634.6525 635.1804 636.1664 637.6995 640.0547 644.8626 652.078 660.2142 667.7804 673.6643 677.3676 679.1835 -9999 -9999 -9999 -9999 -9999 -9999 -9999 -9999 -9999 -9999 -9999 -9999 679.1407 677.2426 675.197 673.3232 671.781 -9999 -9999 -9999 -9999 -9999 -9999 -9999 -9999 -9999 -9999 -9999 -9999 -9999 -9999 -9999 -9999 -9999 -9999 -9999 -9999 -9999 -9999
634.3322 634.2158 634.1451 634.1381 634.1983 634.3132 634.4547 634.5853 634.6635 634.6502 634.5279 634.3553 634.2524 634.2762 634.3966 634.5443 634.65 634.6542 634.5886 634.506 634.4871 634.6531 635.2278 636.3422 638.2192 640.3219 644.959 652.0258 660.0486 667.5624 673.4788 677.2966 679.2731 -9999 -9999 -9999 -9999 -9999 -9999 -9999 -9999 -9999 -9999 -9999 -9999 -9999 -9999 -9999 -9999 -9999 -9999 -9999 -9999 -9999 -9999 -9999 -9999 -9999 -9999 -9999 -9999 -9999 -9999 -9999 -9999 -9999 -9999 -9999 -9999 -9999 -9999 -9999
