backend/lakes/data/Lawrence Lake/lawr_dem_tm.asc
ncols         162
nrows         184
xllcorner     578900
yllcorner     6086950
cellsize      50
NODATA_value  -9999
[rows 32 to 63 of 184, columns 0 to 71 of 162]
-9999 -9999 -9999 -9999 -9999 -9999 -9999 -9999 -9999 -9999 -9999 -9999 -9999 -9999 -9999 644.9515 644.421 644.0093 643.5892 642.9833 642.3777 641.7211 641.9931 642.9093 643.6663 644.6012 645.374 646.0557 646.7509 646.9031 645.9197 643.5125 640.7607 638.6906 638.0438 637.5601 636.8554 636.2152 635.9866 635.8485 635.7917 635.8246 635.9476 636.1717 636.3933 636.9147 637.7488 639.0164 640.3481 641.9606 643.9542 646.3716 649.4547 652.4189 654.843 656.6357 657.9999 659.0315 659.7319 660.1249 660.2528 660.1 659.5351 658.295 656.3636 654.2781 652.6151 651.638 651.2971 651.3924 651.4317 651.0593
-9999 -9999 -9999 -9999 -9999 -9999 -9999 -9999 -9999 -9999 -9999 -9999 -9999 -9999 -9999 644.8849 644.0982 643.5701 642.9116 641.9993 641.11 640.6608 640.8053 641.3803 642.036 642.807 643.4944 643.939 644.1079 644.394 643.7303 641.8118 639.5455 637.9366 637.3468 637.0211 636.6364 636.3013 636.1762 636.011 635.9047 635.8688 635.9046 636.0154 636.2071 636.8077 637.7635 639.0056 640.0586 641.3566 643.059 645.2137 647.9716 650.3607 651.9282 652.6022 652.8563 652.9717 653.0243 652.9915 652.8045 652.4408 651.7861 650.5955 648.9022 647.2994 646.2231 645.8716 645.9984 646.433 647.0793 647.5049
-9999 -9999 -9999 -9999 -9999 -9999 -9999 -9999 -9999 -9999 -9999 -9999 -9999 -9999 -9999 644.9333 644.0992 643.4601 642.5424 641.5085 640.6666 640.1031 639.9731 640.1566 640.5493 641.1262 641.7833 642.0737 641.918 641.8021 641.168 639.7407 638.1898 637.1635 636.7239 636.5293 636.3682 636.2428 636.1802 636.0927 635.9896 635.9086 635.8779 635.936 636.166 636.6879 637.7083 638.8868 639.8209 641.0678 642.7718 644.9704 647.6474 649.7511 650.6682 650.1451 649.0786 647.9456 647.0657 646.4451 645.8705 645.3926 644.8606 644.05 642.8846 641.8342 641.2661 641.3042 641.748 642.5569 643.4769 644.2581
-9999 -9999 -9999 -9999 -9999 -9999 -9999 -9999 -9999 -9999 -9999 -9999 -9999 -9999 -9999 645.4381 644.4094 643.6951 642.6146 641.592 640.673 639.8755 639.4539 639.2542 639.3151 639.6365 640.2177 640.4044 639.8777 639.5378 639.052 638.0751 637.1545 636.5215 636.2275 636.1381 636.1244 636.1449 636.18 636.1499 636.0617 635.9501 635.8615 635.8423 635.9729 636.3583 637.3908 638.3646 639.3858 640.7974 642.6735 644.9918 647.7594 649.9877 650.8808 649.5095 647.1579 644.7 642.795 641.6837 640.9458 640.4622 640.1738 639.8629 639.0949 638.4623 638.2757 638.6316 639.1552 639.9007 640.8134 641.6499
-9999 -9999 -9999 -9999 -9999 -9999 -9999 -9999 -9999 -9999 -9999 -9999 -9999 -9999 -9999 646.7531 645.1475 644.058 643.0092 641.9399 640.7643 639.7141 639.1462 638.7047 638.5554 638.6534 638.9667 638.9042 638.2631 637.9034 637.5822 636.9854 636.4235 636.0422 635.8746 635.861 635.9287 636.0341 636.1378 636.18 636.1194 635.9993 635.8735 635.8005 635.8616 636.1658 636.8207 637.716 638.886 640.4336 642.538 645.035 647.8333 650.4655 651.8058 650.2065 647.0496 643.5416 640.7887 639.486 638.6128 637.984 637.8287 638.0299 637.3502 636.923 636.9131 637.3604 637.7504 638.3879 639.0666 639.7246
-9999 -9999 -9999 -9999 -9999 -9999 -9999 -9999 -9999 -9999 -9999 -9999 -9999 -9999 -9999 648.7925 646.5137 644.9656 643.7294 642.4592 640.9327 639.4666 638.6993 638.2261 637.9727 637.7675 637.764 637.629 637.1981 636.8801 636.6063 636.2482 635.9204 635.7078 635.6323 635.6688 635.7798 635.9298 636.0807 636.1799 636.1587 636.0508 635.9118 635.8048 635.785 635.9293 636.2823 637.0452 638.1153 639.7805 642.0931 644.6605 647.5192 650.3094 652.5263 651.2068 647.8835 643.9745 640.7227 638.9224 637.8515 636.8004 636.348 636.3681 636.1943 636.1284 636.1967 636.5646 636.9003 637.4682 637.8713 638.4562
-9999 -9999 -9999 -9999 -9999 -9999 -9999 -9999 -9999 -9999 -9999 -9999 -9999 -9999 -9999 651.4274 648.5041 646.3389 644.6286 642.9676 641.101 639.4344 638.4667 637.9042 637.593 637.1473 636.8837 636.6466 636.3459 636.1212 635.9446 635.7452 635.5735 635.4767 635.4649 635.5311 635.66 635.83 636.006 636.1411 636.18 636.1005 635.9713 635.8538 635.8042 635.8793 636.1548 636.6298 637.5369 638.9918 641.072 643.5642 646.3203 648.9489 651.0658 651.058 648.477 644.9287 641.6567 639.2679 637.6583 636.3969 635.888 635.7491 635.6559 635.6655 635.8102 636.1249 636.2502 636.67 637.0135 637.5138
-9999 -9999 -9999 -9999 -9999 -9999 -9999 -9999 -9999 -9999 -9999 -9999 -9999 -9999 -9999 -9999 651.1257 648.4117 646.2327 644.2095 642.0265 639.9729 638.5925 637.6714 637.0317 636.4976 636.1389 635.8738 635.6476 635.5034 635.426 635.361 635.3088 635.2953 635.3306 635.415 635.5508 635.7286 635.9211 636.088 636.18 636.1431 636.0392 635.9289 635.8574 635.853 635.9507 636.1923 636.8002 637.8983 639.6377 641.9281 644.4295 646.6822 648.4313 649.0674 647.8071 645.3334 642.5541 640.1708 638.2317 636.903 636.1744 635.7998 635.5536 635.4653 635.5273 635.7025 635.8569 636.1377 636.2743 636.657
-9999 -9999 -9999 -9999 -9999 -9999 -9999 -9999 -9999 -9999 -9999 -9999 -9999 -9999 -9999 -9999 654.2975 651.2394 648.691 646.3577 643.8789 641.3725 639.2719 637.7144 636.6852 635.9885 635.5463 635.2565 635.0584 634.9637 634.959 635.0022 635.0594 635.123 635.1987 635.2987 635.4386 635.6207 635.8249 636.0227 636.1792 636.1787 636.1093 636.0198 635.9453 635.8958 635.864 635.9175 636.2019 636.9154 638.1564 639.9722 642.1087 643.6713 644.9271 645.5477 645.4344 644.4521 642.6829 640.8526 639.0469 637.6183 636.7098 636.1202 635.6423 635.3975 635.3447 635.4092 635.5225 635.7023 635.8737 636.1438
-9999 -9999 -9999 -9999 -9999 -9999 -9999 -9999 -9999 -9999 -9999 -9999 -9999 -9999 -9999 -9999 657.8374 654.6827 651.9399 649.3977 646.6426 643.572 640.598 638.2509 636.7222 635.738 635.1432 634.7877 634.5743 634.4885 634.5214 634.6342 634.7813 634.9231 635.0446 635.1665 635.3192 635.5076 635.7166 635.9218 636.1087 636.18 636.1636 636.1133 636.0642 636.0187 635.9194 635.8406 635.893 636.2095 636.9398 637.996 639.3456 640.4097 641.3085 642.0847 642.4847 642.3378 641.7328 640.8333 639.3546 637.9882 637.0828 636.2272 635.6813 635.3668 635.2303 635.2167 635.275 635.3843 635.5181 635.6748
-9999 -9999 -9999 -9999 -9999 -9999 -9999 -9999 -9999 -9999 -9999 -9999 -9999 -9999 -9999 -9999 -9999 658.4659 655.7279 653.0873 650.081 646.5291 642.7711 639.5348 637.2942 635.8466 634.9761 634.4716 634.1986 634.098 634.1412 634.2899 634.4901 634.6902 634.8568 635.0071 635.1895 635.401 635.6337 635.8641 636.0648 636.18 636.2029 636.1841 636.1684 636.1789 636.0642 635.9177 635.8292 635.8705 636.1241 636.4682 637.158 637.8226 638.3959 639.0247 639.6204 639.9585 640.1653 639.9823 639.1703 638.1571 637.3428 636.2981 635.7139 635.3741 635.1937 635.1207 635.1187 635.1686 635.2509 635.3436
-9999 -9999 -9999 -9999 -9999 -9999 -9999 -9999 -9999 -9999 -9999 -9999 -9999 -9999 -9999 -9999 -9999 662.2161 659.604 656.9445 653.7742 649.9098 645.6199 641.5284 638.392 636.3466 635.0886 634.343 633.9458 633.8094 633.8568 634.0226 634.242 634.467 634.6561 634.8281 635.053 635.2972 635.5596 635.8169 636.0375 636.1799 636.2214 636.2065 636.18 636.2012 636.1794 636.0559 635.9009 635.7658 635.6777 635.665 635.8579 636.1215 636.3864 636.8141 637.4515 637.9768 638.5739 638.9031 638.4852 637.7136 636.9197 636.1819 635.7108 635.4196 635.2387 635.1295 635.0738 635.063 635.0894 635.1399
-9999 -9999 -9999 -9999 -9999 -9999 -9999 -9999 -9999 -9999 -9999 -9999 -9999 -9999 -9999 -9999 -9999 -9999 663.0931 660.4574 657.2466 653.2405 648.5869 643.8781 639.9322 637.2384 635.5157 634.4497 633.8517 633.6311 633.6731 633.8579 634.0742 634.2975 634.4849 634.6762 634.9163 635.191 635.4858 635.7725 636.0166 636.1799 636.2327 636.2208 636.189 636.18 636.207 636.1792 636.0406 635.8384 635.5801 635.3344 635.2089 635.1832 635.2377 635.4789 635.9254 636.4207 637.1152 637.5687 637.4832 636.9535 636.3027 635.9214 635.6765 635.5101 635.3732 635.249 635.1469 635.076 635.0452 635.0507
-9999 -9999 -9999 -9999 -9999 -9999 -9999 -9999 -9999 -9999 -9999 -9999 -9999 -9999 -9999 -9999 -9999 -9999 666.0744 663.4307 660.2674 656.2927 651.535 646.4787 641.9348 638.5563 636.3125 634.8535 633.972 633.5858 633.5686 633.7556 633.9456 634.1556 634.317 634.514 634.7712 635.0775 635.4077 635.7278 635.9983 636.1799 636.2401 636.2297 636.1971 636.18 636.2045 636.2271 636.1792 636.0054 635.6951 635.3356 635.0298 634.8182 634.6946 634.6619 634.8196 635.2847 635.8651 636.2195 636.2886 636.1469 635.8649 635.725 635.6857 635.6678 635.5992 635.472 635.3312 635.2021 635.1094 635.0637
-9999 -9999 -9999 -9999 -9999 -9999 -9999 -9999 -9999 -9999 -9999 -9999 -9999 -9999 -9999 -9999 -9999 -9999 -9999 666.0704 662.9462 659.1375 654.5242 649.3995 644.473 640.4403 637.5717 635.6194 634.359 633.7045 633.514 633.5817 633.7281 633.9094 634.0928 634.3173 634.605 634.9497 635.3221 635.6806 635.9812 636.1798 636.2397 636.2278 636.1975 636.1755 636.1801 636.2308 636.2471 636.1753 635.8854 635.5091 635.14 634.8459 634.6483 634.5037 634.4696 634.6469 634.8082 635.1641 635.3895 635.4471 635.4297 635.525 635.7102 635.876 635.8906 635.7598 635.5983 635.42 635.2646 635.1602
-9999 -9999 -9999 -9999 -9999 -9999 -9999 -9999 -9999 -9999 -9999 -9999 -9999 -9999 -9999 -9999 -9999 -9999 -9999 -9999 665.7172 662.0807 657.7354 652.7573 647.6566 643.0397 639.3735 636.8027 635.0569 634.0305 633.5813 633.4785 633.5351 633.6718 633.857 634.1014 634.4198 634.8058 635.2256 635.6294 635.9647 636.1797 636.2282 636.2108 636.1903 636.1761 636.18 636.2092 636.2291 636.1806 636.0331 635.7223 635.3625 635.0431 634.8069 634.6455 634.5026 634.5085 634.5273 634.6594 634.8552 634.9505 635.0298 635.2957 635.6958 636.0753 636.1778 636.0356 635.8983 635.6917 635.4841 635.3202
-9999 -9999 -9999 -9999 -9999 -9999 -9999 -9999 -9999 -9999 -9999 -9999 -9999 -9999 -9999 -9999 -9999 -9999 -9999 -9999 668.8588 665.2841 661.1943 656.4747 651.3227 646.2389 641.7862 638.4505 636.0994 634.5946 633.8 633.4764 633.408 633.4806 633.6442 633.8906 634.2284 634.6503 635.1177 635.5712 635.9465 636.1796 636.204 636.18 636.1782 636.173 636.1711 636.18 636.2098 636.2247 636.1772 635.9178 635.5912 635.2722 635.0057 634.8018 634.6514 634.6478 634.5654 634.5721 634.6486 634.6489 634.6647 634.9971 635.5387 636.1193 636.2837 636.1843 636.1745 635.9681 635.7326 635.5238
-9999 -9999 -9999 -9999 -9999 -9999 -9999 -9999 -9999 -9999 -9999 -9999 -9999 -9999 -9999 -9999 -9999 -9999 -9999 -9999 -9999 668.7548 664.7749 660.2791 655.2234 649.8558 644.7542 640.5646 637.5078 635.4369 634.2043 633.5905 633.3613 633.3557 633.4818 633.7119 634.0514 634.4957 635.0026 635.5038 635.9225 636.1791 636.18 636.1736 636.18 636.1763 636.1705 636.1694 636.18 636.2084 636.1801 636.0238 635.7657 635.4725 635.1988 634.9738 634.8126 634.7369 634.6498 634.5905 634.5625 634.5085 634.4924 634.6667 635.1055 635.5975 636.1099 636.3015 636.3436 636.1835 635.972 635.7511
-9999 -9999 -9999 -9999 -9999 -9999 -9999 -9999 -9999 -9999 -9999 -9999 -9999 -9999 -9999 -9999 -9999 -9999 -9999 -9999 -9999 672.4108 668.3712 663.985 659.0808 653.684 648.2043 643.2496 639.3618 636.6311 634.8594 633.8709 633.4293 633.3274 633.4011 633.594 633.9117 634.3564 634.8859 635.4248 635.8865 636.1796 636.2106 636.18 636.1774 636.18 636.1754 636.1733 636.18 636.1919 636.1801 636.1033 635.8977 635.6276 635.3538 635.1163 634.9359 634.8167 634.7225 634.65 634.5824 634.498 634.4379 634.4716 634.6405 634.8344 635.4577 636.0822 636.3341 636.3349 636.1824 635.9829
-9999 -9999 -9999 -9999 -9999 -9999 -9999 -9999 -9999 -9999 -9999 -9999 -9999 -9999 -9999 -9999 -9999 -9999 -9999 -9999 -9999 -9999 671.8871 667.499 662.7546 657.4968 651.8591 646.3701 641.711 638.2427 635.8577 634.3988 633.6656 633.4318 633.4347 633.5643 633.8314 634.2471 634.7726 635.3286 635.8264 636.1754 636.2202 636.18 636.1738 636.18 636.179 636.1764 636.1772 636.18 636.1941 636.1792 635.9914 635.7298 635.4547 635.2076 635.012 634.8729 634.7754 634.7079 634.6498 634.5648 634.4684 634.3936 634.3687 634.4362 634.7701 635.4147 635.9811 636.272 636.3154 636.1828
-9999 -9999 -9999 -9999 -9999 -9999 -9999 -9999 -9999 -9999 -9999 -9999 -9999 -9999 -9999 -9999 -9999 -9999 -9999 -9999 -9999 -9999 675.2476 670.7868 666.1567 661.1093 655.5484 649.8034 644.5491 640.2795 637.2513 635.2496 634.1165 633.6416 633.5788 633.6287 633.8204 634.1774 634.6667 635.2037 635.694 636.0475 636.1804 636.1994 636.18 636.1774 636.18 636.1794 636.1815 636.1827 636.1792 636.1799 636.0161 635.7649 635.491 635.2386 635.034 634.8875 634.7924 634.7371 634.6993 634.6498 634.5557 634.4352 634.3033 634.2405 634.358 634.671 635.0685 635.8621 636.2418 636.3091
-9999 -9999 -9999 -9999 -9999 -9999 -9999 -9999 -9999 -9999 -9999 -9999 -9999 -9999 -9999 -9999 -9999 -9999 -9999 -9999 -9999 -9999 -9999 673.8395 669.3157 664.48 659.1085 653.3318 647.6879 642.7722 639.1176 636.5294 634.886 634.0242 633.7239 633.7421 633.866 634.151 634.5819 635.0737 635.5413 635.9208 636.1761 636.2263 636.2089 636.18 636.1754 636.18 636.1897 636.2003 636.2025 636.1792 635.9927 635.7362 635.4612 635.207 634.9996 634.8514 634.7623 634.7216 634.7078 634.6936 634.6498 634.5406 634.3719 634.2166 634.1581 634.2473 634.5026 635.0233 635.8541 636.2007
-9999 -9999 -9999 -9999 -9999 -9999 -9999 -9999 -9999 -9999 -9999 -9999 -9999 -9999 -9999 -9999 -9999 -9999 -9999 -9999 -9999 -9999 -9999 676.7352 672.3167 667.6757 662.5576 656.9597 651.197 645.8305 641.4936 638.3355 636.1279 634.7559 634.0593 633.8489 633.9385 634.1572 634.5236 634.9503 635.363 635.7167 635.9966 636.1804 636.2144 636.18 636.1724 636.18 636.189 636.1959 636.1702 636.0865 635.8933 635.6389 635.3684 635.1165 634.9105 634.7649 634.6826 634.6547 634.6633 634.6828 634.689 634.649 634.4828 634.2951 634.1453 634.0651 634.1514 634.475 635.0283 635.8625
-9999 -9999 -9999 -9999 -9999 -9999 -9999 -9999 -9999 -9999 -9999 -9999 -9999 -9999 -9999 -9999 -9999 -9999 -9999 -9999 -9999 -9999 -9999 -9999 675.35 670.8536 665.9828 660.679 655.0856 649.5797 644.6714 640.7834 637.9424 635.9765 634.753 634.1492 634.0156 634.1844 634.4967 634.8472 635.193 635.5067 635.8055 636.1708 636.2292 636.2081 636.18 636.1754 636.18 636.1809 636.1149 635.9728 635.7543 635.4924 635.2235 634.9771 634.7756 634.6343 634.5576 634.5391 634.5619 634.6041 634.6422 634.65 634.5735 634.4111 634.2289 634.0798 634.0059 634.1383 634.5031 635.0809
-9999 -9999 -9999 -9999 -9999 -9999 -9999 -9999 -9999 -9999 -9999 -9999 -9999 -9999 -9999 -9999 -9999 -9999 -9999 -9999 -9999 -9999 -9999 -9999 -9999 674.1854 669.4811 664.4873 659.238 653.8577 648.6673 644.0607 640.4046 637.7319 635.8672 634.7448 634.2523 634.2291 634.4866 634.751 635.0476 635.3617 635.6972 636.0352 636.1803 636.2207 636.2029 636.18 636.1866 636.1799 636.0601 635.8528 635.5915 635.311 635.0397 634.799 634.6056 634.4714 634.3999 634.3864 634.4156 634.469 634.53 634.5921 634.6498 634.5449 634.3666 634.1761 634.0401 634.0099 634.213 634.686
-9999 -9999 -9999 -9999 -9999 -9999 -9999 -9999 -9999 -9999 -9999 -9999 -9999 -9999 -9999 -9999 -9999 -9999 -9999 -9999 -9999 -9999 -9999 -9999 -9999 677.7739 673.1491 668.3848 663.4915 658.4069 653.1838 648.0971 643.575 640.0067 637.374 635.6333 634.6741 634.3257 634.3712 634.5737 634.8639 635.2102 635.5883 635.9469 636.1794 636.2516 636.2333 636.1801 636.1848 636.18 635.996 635.7161 635.4039 635.0992 634.8245 634.5918 634.4103 634.2869 634.2233 634.214 634.2468 634.3033 634.3707 634.4536 634.6099 634.6495 634.5175 634.3122 634.1295 634.0314 634.0659 634.3607
-9999 -9999 -9999 -9999 -9999 -9999 -9999 -9999 -9999 -9999 -9999 -9999 -9999 -9999 -9999 -9999 -9999 -9999 -9999 -9999 -9999 -9999 -9999 -9999 -9999 -9999 676.9999 672.3791 667.7319 662.9414 657.8661 652.5385 647.3223 642.6887 639.1749 636.761 635.2848 634.5527 634.3434 634.4368 634.6998 635.0657 635.4828 635.8844 636.1792 636.2894 636.2864 636.2312 636.1801 636.1751 635.8887 635.5319 635.1758 634.8533 634.5803 634.3608 634.1972 634.09 634.0386 634.0377 634.0771 634.1455 634.2368 634.3737 634.5569 634.6688 634.6479 634.4473 634.2458 634.0994 634.0477 634.164
-9999 -9999 -9999 -9999 -9999 -9999 -9999 -9999 -9999 -9999 -9999 -9999 -9999 -9999 -9999 -9999 -9999 -9999 -9999 -9999 -9999 -9999 -9999 -9999 -9999 -9999 -9999 676.3939 671.8976 667.3074 662.4167 657.0589 651.344 645.8121 641.2742 638.1154 636.0753 634.9237 634.4286 634.3681 634.5739 634.9399 635.3895 635.8363 636.1789 636.3136 636.3159 636.256 636.1766 635.9802 635.6408 635.2557 634.8871 634.567 634.3082 634.1104 633.9705 633.8859 633.8517 633.8635 633.9135 633.9971 634.1119 634.2742 634.4648 634.6154 634.65 634.5459 634.3647 634.2045 634.1078 634.1068
-9999 -9999 -9999 -9999 -9999 -9999 -9999 -9999 -9999 -9999 -9999 -9999 -9999 -9999 -9999 -9999 -9999 -9999 -9999 -9999 -9999 -9999 -9999 -9999 -9999 -9999 -9999 680.287 675.8936 671.4343 666.6841 661.3977 655.4738 649.3123 643.7499 639.71 637.0469 635.4431 634.6295 634.374 634.488 634.8352 635.3097 635.7998 636.1783 636.3047 636.266 636.1337 635.9405 635.652 635.2852 634.9 634.5441 634.2446 634.0128 633.8453 633.7358 633.6785 633.6664 633.6929 633.752 633.8416 633.9738 634.1484 634.3508 634.5328 634.6464 634.6492 634.493 634.3322 634.2148 634.1691
-9999 -9999 -9999 -9999 -9999 -9999 -9999 -9999 -9999 -9999 -9999 -9999 -9999 -9999 -9999 -9999 -9999 -9999 -9999 -9999 -9999 -9999 -9999 -9999 -9999 -9999 -9999 -9999 679.5828 675.2358 670.6099 665.427 659.4618 652.8839 646.492 641.504 638.1786 636.0925 634.9351 634.4531 634.4446 634.7522 635.2427 635.7727 636.1776 636.2665 636.1521 635.9205 635.6194 635.2615 634.874 634.499 634.1691 633.9025 633.7059 633.5747 633.4998 633.4731 633.4862 633.5312 633.6019 633.7002 633.8356 634.0119 634.2183 634.4238 634.5818 634.65 634.5827 634.4597 634.3487 634.2794
-9999 -9999 -9999 -9999 -9999 -9999 -9999 -9999 -9999 -9999 -9999 -9999 -9999 -9999 -9999 -9999 -9999 -9999 -9999 -9999 -9999 -9999 -9999 -9999 -9999 -9999 -9999 -9999 -9999 678.6101 674.1534 669.1346 663.2358 656.4765 649.5358 643.7104 639.592 636.9165 635.353 634.6053 634.4424 634.6883 635.184 635.7504 636.1772 636.213 636.0078 635.6719 635.2758 634.8588 634.4539 634.0917 633.7921 633.5629 633.4049 633.3118 633.2722 633.277 633.3156 633.3789 633.4619 633.5673 633.7029 633.8761 634.0815 634.2982 634.4904 634.6185 634.65 634.5754 634.4844 634.4165
-9999 -9999 -9999 -9999 -9999 -9999 -9999 -9999 -9999 -9999 -9999 -9999 -9999 -9999 -9999 -9999 -9999 -9999 -9999 -9999 -9999 -9999 -9999 -9999 -9999 -9999 -9999 -9999 -9999 681.5116 677.2833 672.5067 666.7925 660.0845 652.9326 646.405 641.3911 638.0144 635.9483 634.8654 634.502 634.6534 635.136 635.731 636.1769 636.157 635.861 635.4276 634.9493 634.4825 634.0635 633.7142 633.444 633.2507 633.129 633.0708 633.0637 633.097 633.1581 633.234 633.3267 633.4405 633.5775 633.7468 633.9496 634.1702 634.3835 634.5552 634.6501 634.6473 634.5988 634.5464
