backend/lakes/data/Lower Kananaskis Lake/lowk_dem_tm.asc
ncols         83
nrows         209
xllcorner     488500
yllcorner     5604100
cellsize      50
NODATA_value  -9999
[rows 124 to 154 of 209, columns 0 to 70 of 83]
-9999 -9999 -9999 -9999 -9999 -9999 -9999 -9999 -9999 -9999 -9999 -9999 -9999 -9999 -9999 -9999 -9999 -9999 -9999 -9999 -9999 -9999 1809.598 1776.988 1747.167 1719.805 1695.311 1674.726 1660.063 1651.371 1646.952 1643.927 1641.075 1639.772 1640.005 1640.753 1641.191 1641.383 1641.964 1642.72 1644.903 1649.481 1654.667 1659.062 1662.035 1663.938 1665.205 1667.249 1670.309 1674.6 1679.454 1684.527 1689.46 1694.435 1699.611 1704.066 1707.698 -9999 -9999 -9999 -9999 -9999 -9999 -9999 -9999 -9999 -9999 -9999 -9999 -9999 -9999
-9999 -9999 -9999 -9999 -9999 -9999 -9999 -9999 -9999 -9999 -9999 -9999 -9999 -9999 -9999 -9999 -9999 -9999 -9999 -9999 -9999 -9999 1810.891 1777.77 1747.444 1719.655 1694.821 1674.079 1659.58 1651.205 1646.915 1643.807 1640.957 1639.784 1640 1640.743 1641.254 1641.366 1642.075 1643.749 1646.63 1651.164 1656.021 1660.329 1662.491 1663.691 1664.249 1665.012 1666.535 1670.039 1674.635 1679.891 1685.593 1691.638 1697.955 1702.81 1706.847 1709.772 -9999 -9999 -9999 -9999 -9999 -9999 -9999 -9999 -9999 -9999 -9999 -9999 -9999
-9999 -9999 -9999 -9999 -9999 -9999 -9999 -9999 -9999 -9999 -9999 -9999 -9999 -9999 -9999 -9999 -9999 -9999 -9999 -9999 -9999 -9999 1812.079 1778.755 1748.21 1720.211 1695.149 1674.226 1659.639 1651.281 1647.084 1643.546 1640.276 1639.467 1639.991 1641.108 1641.948 1642.142 1643.643 1646.026 1649.587 1653.548 1657.223 1660.805 1662.673 1663.794 1664 1663.899 1664.199 1666.671 1670.584 1675.601 1681.839 1688.716 1695.146 1700.666 1705.185 1708.437 -9999 -9999 -9999 -9999 -9999 -9999 -9999 -9999 -9999 -9999 -9999 -9999 -9999
-9999 -9999 -9999 -9999 -9999 -9999 -9999 -9999 -9999 -9999 -9999 -9999 -9999 -9999 -9999 -9999 -9999 -9999 -9999 -9999 -9999 -9999 1813.063 1779.763 1749.258 1721.251 1696.016 1674.812 1659.874 1651.004 1646.325 1642.798 1640.062 1639.464 1640.173 1641.877 1643.013 1644.439 1646.95 1650.114 1653.038 1655.853 1658.196 1660.775 1662.45 1663.963 1664.169 1664 1664.006 1665.889 1668.543 1672.549 1679.167 1685.871 1692.278 1698.544 1703.253 1706.932 -9999 -9999 -9999 -9999 -9999 -9999 -9999 -9999 -9999 -9999 -9999 -9999 -9999
-9999 -9999 -9999 -9999 -9999 -9999 -9999 -9999 -9999 -9999 -9999 -9999 -9999 -9999 -9999 -9999 -9999 -9999 -9999 -9999 -9999 -9999 1813.795 1780.512 1750.041 1722.059 1696.799 1675.443 1660.083 1650.472 1645.093 1641.751 1639.985 1640.012 1641.703 1643.069 1644.921 1648.22 1651.731 1654.697 1656.704 1658.02 1659.101 1660.175 1662.013 1663.427 1663.995 1663.999 1664.035 1665.879 1667.807 1671.144 1677.203 1683.358 1689.801 1695.842 1700.711 1704.51 -9999 -9999 -9999 -9999 -9999 -9999 -9999 -9999 -9999 -9999 -9999 -9999 -9999
-9999 -9999 -9999 -9999 -9999 -9999 -9999 -9999 -9999 -9999 -9999 -9999 -9999 -9999 -9999 -9999 -9999 -9999 -9999 -9999 -9999 -9999 1814.292 1780.841 1750.229 1722.194 1697.066 1675.907 1660.563 1650.743 1644.56 1640.529 1639.413 1640.008 1641.959 1644.151 1647.769 1652.297 1655.982 1658.037 1659.12 1659.557 1659.991 1660.583 1661.936 1662.809 1663.34 1663.64 1664.044 1665.666 1667.173 1669.868 1674.316 1679.968 1686.542 1692.645 1698.088 1701.844 1704.835 -9999 -9999 -9999 -9999 -9999 -9999 -9999 -9999 -9999 -9999 -9999 -9999
-9999 -9999 -9999 -9999 -9999 -9999 -9999 -9999 -9999 -9999 -9999 -9999 -9999 -9999 -9999 -9999 -9999 -9999 -9999 -9999 -9999 -9999 1814.614 1780.743 1749.694 1721.329 1696.195 1675.41 1660.553 1651.213 1645.161 1640.96 1639.468 1640.004 1641.955 1644.572 1649.267 1654.509 1657.891 1659.542 1660.07 1659.779 1659.472 1659.98 1660.998 1662.015 1662.724 1663.393 1664.016 1664.161 1665.971 1668.071 1670.963 1675.489 1681.378 1687.934 1693.983 1699.062 1703.49 1708.559 -9999 -9999 -9999 -9999 -9999 -9999 -9999 -9999 -9999 -9999 -9999
-9999 -9999 -9999 -9999 -9999 -9999 -9999 -9999 -9999 -9999 -9999 -9999 -9999 -9999 -9999 -9999 -9999 -9999 -9999 -9999 -9999 -9999 1814.799 1780.375 1748.675 1719.745 1694.314 1673.681 1659.423 1650.851 1645.529 1641.428 1639.688 1640.017 1641.835 1644.431 1649.259 1654.666 1657.834 1659.451 1659.765 1659.007 1658.078 1658.74 1660.105 1661.925 1662.795 1663.407 1664.054 1664.977 1665.93 1667.078 1668.683 1671.404 1676.156 1682.272 1688.834 1694.721 1700.053 1705.264 -9999 -9999 -9999 -9999 -9999 -9999 -9999 -9999 -9999 -9999 -9999
-9999 -9999 -9999 -9999 -9999 -9999 -9999 -9999 -9999 -9999 -9999 -9999 -9999 -9999 -9999 -9999 -9999 -9999 -9999 -9999 -9999 -9999 1814.799 1780.019 1747.758 1718.229 1692.354 1671.849 1658.196 1650.595 1646.229 1642.542 1640.043 1639.987 1641.034 1643.174 1646.799 1651.443 1655.698 1658.085 1658.638 1657.95 1657.234 1658.064 1660.056 1662.035 1663.191 1663.572 1664.072 1665.868 1666.23 1666.701 1667.488 1668.978 1671.924 1677.233 1683.288 1689.406 1694.91 1699.997 1704.404 -9999 -9999 -9999 -9999 -9999 -9999 -9999 -9999 -9999 -9999
-9999 -9999 -9999 -9999 -9999 -9999 -9999 -9999 -9999 -9999 -9999 -9999 -9999 -9999 -9999 -9999 -9999 -9999 -9999 -9999 -9999 -9999 1814.801 1780.033 1747.501 1717.578 1691.397 1670.962 1657.871 1651.118 1646.791 1642.997 1640.054 1639.357 1640.024 1641.909 1644.462 1647.706 1651.946 1655.728 1656.648 1656.094 1656.087 1657.918 1660.661 1662.765 1663.979 1663.902 1664.013 1665.37 1666.001 1666.483 1667.023 1667.766 1669.284 1672.411 1677.782 1683.734 1688.837 1693.302 1697.402 -9999 -9999 -9999 -9999 -9999 -9999 -9999 -9999 -9999 -9999
-9999 -9999 -9999 -9999 -9999 -9999 -9999 -9999 -9999 -9999 -9999 -9999 -9999 -9999 -9999 -9999 -9999 -9999 -9999 -9999 -9999 -9999 1815.235 1780.829 1748.333 1718.292 1692.081 1671.591 1658.809 1652.479 1648.036 1643.884 1640.253 1638.998 1639.347 1640.992 1643.514 1645.74 1648.685 1651.995 1653.302 1653.983 1655.025 1657.215 1660.201 1662.815 1664.056 1664 1664.036 1665.296 1666.002 1666.606 1667.168 1667.534 1668.108 1669.634 1673.143 1679.099 1682.854 1686.273 1689.248 -9999 -9999 -9999 -9999 -9999 -9999 -9999 -9999 -9999 -9999
-9999 -9999 -9999 -9999 -9999 -9999 -9999 -9999 -9999 -9999 -9999 -9999 -9999 -9999 -9999 -9999 -9999 -9999 -9999 -9999 -9999 -9999 1816.683 1782.813 1750.467 1720.29 1693.838 1673.105 1660.438 1655.01 1650.108 1645.317 1641.024 1639.056 1638.924 1640.064 1642.132 1644.175 1646.233 1648.385 1650.447 1652.068 1654.056 1656.958 1659.929 1662.193 1663.956 1664.054 1664.917 1665.969 1666.352 1666.959 1667.669 1668.033 1668.173 1668.846 1671.561 1677.529 1679.403 1681.092 1682.615 -9999 -9999 -9999 -9999 -9999 -9999 -9999 -9999 -9999 -9999
-9999 -9999 -9999 -9999 -9999 -9999 -9999 -9999 -9999 -9999 -9999 -9999 -9999 -9999 -9999 -9999 -9999 -9999 -9999 -9999 -9999 -9999 1819.482 1786.229 1754.039 1723.601 1696.6 1675.195 1661.871 1656.129 1650.946 1645.916 1641.301 1639.185 1638.938 1640.009 1641.883 1643.704 1644.883 1646.355 1648.828 1650.959 1653.358 1656.705 1659.662 1661.965 1664.02 1665.225 1665.985 1666.189 1666.4 1667.218 1668.404 1668.994 1668.999 1669.321 1671.92 1678.548 1683.289 1686.05 1684.993 1684.525 -9999 -9999 -9999 -9999 -9999 -9999 -9999 -9999 -9999
-9999 -9999 -9999 -9999 -9999 -9999 -9999 -9999 -9999 -9999 -9999 -9999 -9999 -9999 -9999 -9999 -9999 -9999 -9999 -9999 -9999 -9999 1823.347 1790.88 1758.964 1728.233 1700.462 1677.977 1663.098 1655.422 1651.064 1646.484 1641.698 1639.499 1639.12 1639.983 1641.071 1642.195 1644.021 1645.955 1648.099 1650.468 1653.071 1655.904 1658.412 1661.083 1663.778 1665.825 1666.363 1666.002 1666.008 1667.126 1669.115 1669.989 1669.993 1670.069 1672.845 1679.64 1686.34 1687.852 1688.752 1686.529 -9999 -9999 -9999 -9999 -9999 -9999 -9999 -9999 -9999
-9999 -9999 -9999 -9999 -9999 -9999 -9999 -9999 -9999 -9999 -9999 -9999 -9999 -9999 -9999 -9999 -9999 -9999 -9999 -9999 -9999 -9999 1827.405 1795.997 1764.648 1733.851 1705.396 1681.654 1664.965 1655.64 1651.322 1647.505 1642.935 1640.236 1639.406 1639.99 1640.805 1642.007 1643.953 1645.814 1647.866 1650.076 1652.279 1655.13 1657.926 1660.139 1662.279 1664.348 1665.945 1665.746 1665.545 1666.306 1669.081 1669.653 1669.997 1670.141 1671.914 1678.199 1685.612 1688.875 1689.988 1688.545 -9999 -9999 -9999 -9999 -9999 -9999 -9999 -9999 -9999
-9999 -9999 -9999 -9999 -9999 -9999 -9999 -9999 -9999 -9999 -9999 -9999 -9999 -9999 -9999 -9999 -9999 -9999 -9999 -9999 -9999 -9999 1830.484 1800.461 1770.156 1739.808 1711.043 1686.241 1667.907 1656.976 1651.959 1648.994 1644.995 1641.248 1639.708 1639.996 1640.786 1642.013 1643.943 1645.389 1647.106 1649.751 1651.984 1654.76 1657.757 1659.907 1661.821 1663.787 1665.01 1665.085 1664.923 1665.212 1666.399 1668.194 1669.475 1669.983 1670.746 1674.401 1681.636 1687.641 1690.141 1689.979 1688.918 -9999 -9999 -9999 -9999 -9999 -9999 -9999 -9999
-9999 -9999 -9999 -9999 -9999 -9999 -9999 -9999 -9999 -9999 -9999 -9999 -9999 -9999 -9999 -9999 -9999 -9999 -9999 -9999 -9999 -9999 -9999 1803.39 1774.784 1745.73 1717.411 1692.025 1672.123 1659.301 1652.775 1649.469 1645.901 1642.247 1640.152 1640.26 1641.067 1642.088 1643.924 1644.936 1646.22 1648.96 1651.09 1653.368 1656.591 1658.733 1660.25 1662.215 1663.952 1664.408 1664.674 1665.295 1666.827 1669.545 1670 1669.803 1669.728 1671.756 1677.842 1684.452 1689.129 1690.297 1690.014 -9999 -9999 -9999 -9999 -9999 -9999 -9999 -9999
-9999 -9999 -9999 -9999 -9999 -9999 -9999 -9999 -9999 -9999 -9999 -9999 -9999 -9999 -9999 -9999 -9999 -9999 -9999 -9999 -9999 -9999 -9999 1804.379 1778.07 1751.174 1724.245 1698.927 1677.567 1662.458 1653.74 1649.654 1646.793 1643.887 1641.896 1641.309 1641.965 1642.729 1643.973 1644.853 1646.094 1648.799 1650.512 1652.255 1655.218 1657.981 1660.005 1661.964 1663.357 1664.008 1664.754 1666.205 1669.229 1670.605 1670.5 1669.993 1669.569 1670.948 1675.135 1681.613 1687.183 1689.977 1690.659 1690.803 -9999 -9999 -9999 -9999 -9999 -9999 -9999
-9999 -9999 -9999 -9999 -9999 -9999 -9999 -9999 -9999 -9999 -9999 -9999 -9999 -9999 -9999 -9999 -9999 -9999 -9999 -9999 -9999 -9999 -9999 1803.286 1779.704 1755.624 1730.825 1706.262 1683.989 1666.614 1655.49 1650.048 1647.553 1645.081 1643.018 1642.017 1642.419 1643.181 1644.029 1645.075 1646.229 1648.826 1650.42 1652.081 1654.831 1657.758 1660.026 1661.995 1663.243 1664.003 1664.762 1666.227 1669.286 1670.549 1670.435 1670.001 1670.359 1672.476 1677.319 1682.154 1686.754 1689.903 1690.964 -9999 -9999 -9999 -9999 -9999 -9999 -9999 -9999
-9999 -9999 -9999 -9999 -9999 -9999 -9999 -9999 -9999 -9999 -9999 -9999 -9999 -9999 -9999 -9999 -9999 -9999 -9999 -9999 -9999 -9999 -9999 -9999 1779.244 1758.414 1736.548 1713.688 1691.41 1672.459 1659.081 1651.57 1648.337 1646.518 1644.283 1643 1643.145 1643.977 1644.829 1645.937 1647.032 1648.969 1650.427 1652.001 1654.177 1656.972 1659.679 1661.885 1663.145 1663.99 1664.458 1665.241 1666.819 1669.201 1669.982 1670.636 1672.442 1676.245 1679.748 1683.289 1686.755 1689.568 1690.766 -9999 -9999 -9999 -9999 -9999 -9999 -9999 -9999
-9999 -9999 -9999 -9999 -9999 -9999 -9999 -9999 -9999 -9999 -9999 -9999 -9999 -9999 -9999 -9999 -9999 -9999 -9999 -9999 -9999 -9999 -9999 -9999 1776.505 1759.096 1740.934 1721.014 1700.137 1680.797 1665.704 1655.836 1650.545 1648.024 1646.331 1644.226 1644.003 1644.604 1645.364 1646.027 1647.2 1648.889 1650.329 1651.981 1653.946 1656.152 1658.419 1660.989 1662.646 1663.579 1664.003 1664.4 1665.1 1666.562 1669.16 1671.961 1676.191 1677.864 1681.032 1683.971 1686.389 1688.004 1689.968 -9999 -9999 -9999 -9999 -9999 -9999 -9999 -9999
-9999 -9999 -9999 -9999 -9999 -9999 -9999 -9999 -9999 -9999 -9999 -9999 -9999 -9999 -9999 -9999 -9999 -9999 -9999 -9999 -9999 -9999 -9999 -9999 1772.078 1757.967 1743.895 1727.928 1709.831 1691.304 1675.004 1662.917 1654.964 1650.419 1647.933 1645.999 1645.157 1645.324 1645.989 1646.287 1646.98 1648.108 1649.976 1651.963 1654.174 1656.819 1658.948 1661.044 1662.573 1663.487 1663.997 1664.218 1664.682 1666.156 1669.937 1674.663 1678.42 1680.425 1682.801 1685.143 1687.164 1688.716 -9999 -9999 -9999 -9999 -9999 -9999 -9999 -9999 -9999
-9999 -9999 -9999 -9999 -9999 -9999 -9999 -9999 -9999 -9999 -9999 -9999 -9999 -9999 -9999 -9999 -9999 -9999 -9999 -9999 -9999 -9999 -9999 -9999 -9999 1755.245 1744.833 1733.097 1718.408 1701.807 1685.559 1671.876 1661.404 1654.245 1650.058 1647.66 1645.99 1645.605 1645.997 1646.254 1646.873 1648.006 1649.949 1652.31 1655.171 1658.05 1660.173 1661.955 1662.993 1663.598 1663.999 1664.349 1665.052 1666.573 1671.042 1677.228 1680.251 1682.318 1684.321 1686.319 1688.24 1689.914 -9999 -9999 -9999 -9999 -9999 -9999 -9999 -9999 -9999
-9999 -9999 -9999 -9999 -9999 -9999 -9999 -9999 -9999 -9999 -9999 -9999 -9999 -9999 -9999 -9999 -9999 -9999 -9999 -9999 -9999 -9999 -9999 -9999 -9999 1752.64 1744.422 1735.798 1724.51 1710.506 1695.347 1680.977 1668.368 1658.661 1652.179 1648.307 1646.08 1645.422 1645.58 1646.004 1646.795 1647.984 1650.017 1653.384 1656.746 1659.759 1661.835 1662.885 1663.462 1663.77 1664.006 1664.73 1665.906 1667.574 1671.556 1677.835 1680.513 1682.9 1684.921 1686.755 1688.486 -9999 -9999 -9999 -9999 -9999 -9999 -9999 -9999 -9999 -9999
-9999 -9999 -9999 -9999 -9999 -9999 -9999 -9999 -9999 -9999 -9999 -9999 -9999 -9999 -9999 -9999 -9999 -9999 -9999 -9999 -9999 -9999 -9999 -9999 -9999 -9999 1742.645 1735.542 1727.117 1715.802 1701.983 1687.373 1673.493 1662.017 1654.124 1649.641 1646.953 1645.607 1645.442 1645.995 1646.837 1647.866 1649.405 1653.075 1656.921 1660.016 1662.033 1663.154 1663.684 1663.999 1664.335 1665.02 1666.012 1667.742 1671.047 1676.576 1679.836 1682.464 1684.551 1686.287 1687.833 -9999 -9999 -9999 -9999 -9999 -9999 -9999 -9999 -9999 -9999
-9999 -9999 -9999 -9999 -9999 -9999 -9999 -9999 -9999 -9999 -9999 -9999 -9999 -9999 -9999 -9999 -9999 -9999 -9999 -9999 -9999 -9999 -9999 -9999 -9999 -9999 -9999 1733.468 1726.721 1717.702 1705.414 1691.102 1676.482 1663.92 1655.359 1650.85 1648.03 1646.13 1645.541 1646 1646.98 1648.056 1649.25 1652.727 1656.585 1659.845 1662.007 1663.178 1663.689 1664.001 1664.638 1665.381 1666.017 1667.368 1669.528 1672.856 1677.302 1680.818 1683.27 1685.034 1686.541 -9999 -9999 -9999 -9999 -9999 -9999 -9999 -9999 -9999 -9999
-9999 -9999 -9999 -9999 -9999 -9999 -9999 -9999 -9999 -9999 -9999 -9999 -9999 -9999 -9999 -9999 -9999 -9999 -9999 -9999 -9999 -9999 -9999 -9999 -9999 -9999 -9999 1730.828 1724.792 1717.343 1706.759 1693.2 1678.04 1665.258 1656.81 1653.144 1649.824 1647.684 1646.057 1646.055 1646.679 1647.611 1649.058 1652.089 1655.658 1659.283 1661.926 1663.182 1663.717 1664.022 1665.029 1665.976 1666.303 1667.121 1668.501 1670.546 1673.582 1678.531 1681.489 1683.318 1684.86 -9999 -9999 -9999 -9999 -9999 -9999 -9999 -9999 -9999 -9999
-9999 -9999 -9999 -9999 -9999 -9999 -9999 -9999 -9999 -9999 -9999 -9999 -9999 -9999 -9999 -9999 -9999 -9999 -9999 -9999 -9999 -9999 -9999 -9999 -9999 -9999 -9999 1726.87 1721.473 1715.072 1706.366 1694.327 1679.852 1667.079 1658.238 1653.003 1649.934 1648.053 1646.931 1646.433 1646.575 1647.362 1649.052 1652.203 1656.045 1659.711 1662.012 1663.275 1663.995 1664.604 1665.455 1666.003 1666.393 1667.036 1668.236 1670.004 1672.695 1676.66 1679.767 1681.615 1683.092 -9999 -9999 -9999 -9999 -9999 -9999 -9999 -9999 -9999 -9999
-9999 -9999 -9999 -9999 -9999 -9999 -9999 -9999 -9999 -9999 -9999 -9999 -9999 -9999 -9999 -9999 -9999 -9999 -9999 -9999 -9999 -9999 -9999 -9999 -9999 -9999 -9999 1722.374 1718.015 1712.267 1705.137 1695.109 1681.967 1669.329 1660.142 1653.978 1650.338 1648.795 1647.919 1646.921 1646.653 1647.288 1649.133 1652.59 1656.422 1659.808 1662.023 1663.242 1664.013 1665.044 1665.982 1666.333 1666.637 1667.214 1668.267 1669.984 1672.38 1675.453 1678.153 1679.988 1681.381 -9999 -9999 -9999 -9999 -9999 -9999 -9999 -9999 -9999 -9999
-9999 -9999 -9999 -9999 -9999 -9999 -9999 -9999 -9999 -9999 -9999 -9999 -9999 -9999 -9999 -9999 -9999 -9999 -9999 -9999 -9999 -9999 -9999 -9999 -9999 -9999 -9999 -9999 1714.241 1710.001 1704.319 1696.108 1684.458 1671.912 1662.351 1655.753 1651.815 1649.731 1648.064 1647.156 1646.789 1647.261 1649.023 1652.062 1655.479 1659.029 1661.81 1663.105 1664.022 1665.322 1666.015 1666.586 1666.98 1667.529 1668.479 1669.995 1672.211 1674.847 1677.24 1678.924 1680.095 -9999 -9999 -9999 -9999 -9999 -9999 -9999 -9999 -9999 -9999
-9999 -9999 -9999 -9999 -9999 -9999 -9999 -9999 -9999 -9999 -9999 -9999 -9999 -9999 -9999 -9999 -9999 -9999 -9999 -9999 -9999 -9999 -9999 -9999 -9999 -9999 -9999 -9999 1710.667 1708.004 1703.851 1697.167 1686.842 1675.016 1665.382 1658.351 1653.589 1650.366 1648.892 1648.002 1647.397 1647.452 1649.015 1651.751 1654.961 1658.211 1661.061 1662.759 1664.073 1665.92 1666.547 1666.992 1667.424 1667.94 1668.742 1670.01 1672.171 1674.779 1677.207 1678.966 1680.061 1681.772 -9999 -9999 -9999 -9999 -9999 -9999 -9999 -9999 -9999
