backend/lakes/data/Gull Lake/gull_dem_tm.asc
ncols         241
nrows         407
xllcorner     561550
yllcorner     5809200
cellsize      50
NODATA_value  -9999
[rows 210 to 239 of 407, columns 68 to 135 of 241]
903.9031 901.8518 899.8666 898.0497 896.5569 895.6163 895.0991 894.8326 894.6646 894.4875 894.3677 893.8778 893.4464 892.9716 892.6191 892.3918 892.0911 891.8214 891.3478 890.6493 890.0381 889.8405 889.4529 889.0905 888.8142 888.6366 888.5413 888.4926 888.4615 888.4275 888.3799 888.3021 888.178 888.028 887.8691 887.7137 887.5665 887.4306 887.3083 887.199 887.0979 886.9994 886.9042 886.8138 886.7294 886.6509 886.5773 886.507 886.4403 886.3786 886.3209 886.2654 886.2126 886.165 886.1228 886.0838 886.0459 886.0094 885.9763 885.9471 885.9189 885.8877 885.8607 885.8394 885.8231 885.8108 885.8014 885.7954
905.8111 903.9951 902.0033 900.0016 898.1527 896.6597 895.76 895.2526 894.9725 894.814 894.7097 894.4354 893.9722 893.4532 893.0344 892.9058 892.5738 892.2605 891.8904 891.3724 890.8148 890.4901 889.9548 889.4626 889.0854 888.8405 888.7046 888.618 888.5515 888.4943 888.4409 888.3794 888.252 888.0955 887.9291 887.7664 887.6125 887.4698 887.3422 887.2283 887.123 887.0167 886.9142 886.8184 886.7303 886.6503 886.5764 886.5067 886.4407 886.379 886.321 886.2657 886.2136 886.1663 886.1246 886.0851 886.0428 886.0041 885.9706 885.9424 885.9122 885.8834 885.8585 885.8373 885.8196 885.8047 885.7921 885.7834
907.4496 905.8066 904.062 902.1173 900.1635 898.4133 897.0485 896.1846 895.6216 895.2809 895.0473 894.7846 894.4443 894.0092 893.7009 893.3932 892.9684 892.6313 892.3795 891.9592 891.5053 891.2785 890.6613 889.9685 889.4559 889.1294 888.9577 888.819 888.6927 888.5823 888.483 888.3806 888.2988 888.1522 887.9854 887.8199 887.6617 887.5135 887.3803 887.2611 887.1526 887.0372 886.9283 886.8285 886.7383 886.6573 886.5834 886.5145 886.449 886.3875 886.3297 886.2751 886.2232 886.1755 886.1325 886.0925 886.0438 885.9994 885.9634 885.9348 885.9069 885.8816 885.8573 885.8352 885.8162 885.7999 885.786 885.7751
908.8551 907.3292 905.7868 904.152 902.3497 900.6183 899.1953 897.9089 896.8765 896.1945 895.6782 895.2484 894.8552 894.5175 894.379 893.9478 893.4336 893.0075 892.8981 892.5153 892.1359 891.866 891.365 890.6467 889.957 889.5198 889.3314 889.1138 888.9005 888.7224 888.5815 888.4656 888.3784 888.2109 888.0413 887.8761 887.7153 887.5608 887.4197 887.2924 887.1751 887.0578 886.9471 886.8464 886.7557 886.6745 886.6002 886.5314 886.4658 886.4042 886.3466 886.293 886.2416 886.1914 886.1437 886.0979 886.0491 886.0033 885.9664 885.9393 885.9149 885.8888 885.8629 885.8382 885.817 885.799 885.7836 885.7706
-9999 908.5797 907.1987 905.8088 904.3738 902.8707 901.4769 900.0663 898.9586 897.8732 896.8765 896.1129 895.5077 895.1171 894.8329 894.4448 893.9497 893.5378 893.3154 892.9565 892.6108 892.3908 891.9645 891.3577 890.6316 890.0228 889.8418 889.4963 889.1716 888.9176 888.7284 888.5562 888.3824 888.2499 888.103 887.9425 887.7765 887.6157 887.4669 887.3318 887.2071 887.0874 886.9757 886.8751 886.7845 886.7031 886.6269 886.5569 886.4902 886.4286 886.3716 886.3187 886.2678 886.215 886.1625 886.1121 886.0648 886.0212 885.9848 885.9584 885.9335 885.9028 885.8734 885.8462 885.822 885.801 885.7826 885.7665
-9999 -9999 -9999 907.1052 905.9111 904.7433 903.5741 902.1187 901.0245 899.9161 898.8284 897.5859 896.5652 895.98 895.4259 894.9204 894.4501 894.0409 893.8104 893.4247 893.0184 892.9041 892.502 891.9738 891.383 890.7535 890.3364 889.9121 889.4979 889.1815 888.9711 888.7638 888.5547 888.3806 888.2263 888.0388 887.8521 887.681 887.5254 887.3843 887.2538 887.1306 887.0167 886.9157 886.8237 886.7416 886.6612 886.5881 886.5214 886.4604 886.4042 886.3518 886.301 886.2465 886.1907 886.1392 886.0934 886.0531 886.0146 885.9852 885.9519 885.9188 885.8882 885.8596 885.833 885.8091 885.7875 885.7678
-9999 -9999 -9999 -9999 906.9783 905.9531 904.9785 904.0103 902.9854 901.8307 900.5749 899.3024 898.2324 897.3521 896.386 895.6157 894.9922 894.5355 894.4 893.9939 893.5884 893.3218 892.95 892.5145 892.082 891.465 890.928 890.4918 889.9454 889.5414 889.3381 889.0803 888.8076 888.5658 888.3738 888.1423 887.9346 887.7529 887.5923 887.4474 887.3124 887.1842 887.0668 886.9641 886.868 886.7814 886.7007 886.6273 886.561 886.5007 886.4449 886.3926 886.3408 886.2858 886.2285 886.1772 886.1342 886.0949 886.0465 886.0071 885.9706 885.9375 885.907 885.8784 885.8507 885.8242 885.7991 885.7756
-9999 -9999 -9999 -9999 -9999 -9999 905.7614 905.0126 904.5069 903.5881 902.4888 901.2197 900.2282 899.2494 897.9889 896.7945 895.8538 895.1927 894.824 894.4587 894.0704 893.7349 893.3779 893.0164 892.8183 892.2186 891.5893 891.2578 890.6238 890.0297 889.8446 889.4807 889.1017 888.7329 888.392 888.21 888.0131 887.8304 887.6611 887.5112 887.3722 887.2372 887.1154 887.0089 886.9137 886.8275 886.7482 886.6761 886.6108 886.551 886.4949 886.4414 886.3882 886.3317 886.2745 886.2229 886.1766 886.1271 886.0768 886.0332 885.9949 885.9611 885.9307 885.9023 885.8743 885.8459 885.8175 885.7899
-9999 -9999 -9999 -9999 -9999 -9999 -9999 905.8214 905.5138 905.0047 904.345 903.3456 902.4047 901.2817 899.9454 898.6605 897.1693 896.0786 895.3557 894.8456 894.4662 894.134 893.8362 893.5909 893.363 892.9124 892.3481 891.9114 891.382 890.767 890.3441 889.9009 889.4603 889.0222 888.6254 888.3691 888.1154 887.9135 887.7206 887.5586 887.415 887.2745 887.1547 887.0516 886.9612 886.88 886.8046 886.735 886.6709 886.6111 886.5541 886.4984 886.4426 886.3844 886.3264 886.272 886.2162 886.1624 886.1118 886.0663 886.0265 885.9912 885.96 885.9312 885.9028 885.8734 885.8423 885.8105
-9999 -9999 -9999 -9999 -9999 -9999 -9999 -9999 -9999 905.9019 905.5122 904.95 904.3076 903.2295 901.8898 900.6413 899.0655 897.3546 896.1371 895.3106 894.7893 894.4694 894.2213 894.0773 893.8359 893.4375 892.9493 892.5037 892.0893 891.4721 890.8976 890.3727 889.8893 889.391 888.8745 888.4092 888.1819 887.9756 887.7356 887.548 887.4026 887.2794 887.1759 887.0887 887.0098 886.9365 886.8676 886.8018 886.7392 886.679 886.6204 886.5624 886.5037 886.4429 886.3818 886.3205 886.2609 886.2048 886.1531 886.1064 886.0641 886.0273 885.9945 885.9647 885.9358 885.9053 885.8724 885.8372
-9999 -9999 -9999 -9999 -9999 -9999 -9999 -9999 -9999 -9999 -9999 905.7856 905.4027 904.8111 903.9731 902.7556 901.1226 899.2049 897.2998 895.9764 895.1569 894.7062 894.4844 894.4653 894.2282 893.8689 893.4377 893.0252 892.8244 892.2194 891.5055 890.8954 890.3748 889.8871 889.3152 888.7567 888.3544 887.9914 887.7128 887.5143 887.3727 887.267 887.1852 887.1171 887.0551 886.9939 886.9327 886.8716 886.8109 886.7505 886.6902 886.6301 886.569 886.506 886.4409 886.3768 886.3143 886.2556 886.2018 886.1521 886.1076 886.0683 886.0338 886.0023 885.972 885.9405 885.906 885.8684
-9999 -9999 -9999 -9999 -9999 -9999 -9999 -9999 -9999 -9999 -9999 -9999 905.7912 905.4553 905.0155 904.3238 902.954 901.0687 898.9328 896.935 895.693 895.014 894.7069 894.6174 894.4767 894.2173 893.8929 893.5857 893.3496 892.8961 892.2133 891.4985 890.9412 890.5076 889.9034 889.2063 888.4916 888.0502 887.7365 887.5153 887.3615 887.2566 887.188 887.1384 887.0928 887.045 886.9934 886.9383 886.8802 886.8204 886.7598 886.6985 886.6362 886.5717 886.5055 886.439 886.3745 886.3136 886.2562 886.2037 886.1563 886.1143 886.0773 886.0436 886.0111 885.9778 885.9418 885.9025
-9999 -9999 -9999 -9999 -9999 -9999 -9999 -9999 -9999 -9999 -9999 -9999 -9999 905.4431 905.2083 904.8162 904.1368 902.637 900.4487 898.225 896.4767 895.4832 894.9862 894.7719 894.6362 894.4764 894.2415 894.0013 893.765 893.408 892.8906 892.2135 891.5884 891.2858 890.689 889.996 889.1611 888.4424 887.9583 887.6292 887.407 887.2694 887.1945 887.1527 887.1196 887.0842 887.0428 886.9951 886.9417 886.8845 886.8258 886.7657 886.7036 886.6389 886.5718 886.5039 886.4379 886.3741 886.3146 886.2595 886.2094 886.1648 886.1249 886.0884 886.0529 886.0168 885.9787 885.9381
-9999 -9999 -9999 -9999 -9999 -9999 -9999 -9999 -9999 -9999 -9999 -9999 -9999 -9999 905.0197 904.6588 904.2504 903.7997 901.8676 899.5768 897.588 896.2056 895.441 895.0381 894.8148 894.6502 894.4786 894.2837 894.0733 893.7893 893.3973 892.9045 892.359 891.9647 891.4976 891.0474 890.1196 889.2091 888.4406 887.9043 887.5385 887.322 887.215 887.166 887.1361 887.1085 887.0774 887.0397 886.9935 886.9421 886.8884 886.8315 886.7709 886.7069 886.6394 886.571 886.5029 886.4376 886.3755 886.3178 886.2654 886.2181 886.1754 886.1357 886.0971 886.0578 886.0172 885.9753
-9999 -9999 -9999 -9999 -9999 -9999 -9999 -9999 -9999 -9999 -9999 -9999 -9999 -9999 -9999 904.9077 904.803 904.6016 903.0206 900.7426 898.7676 897.2314 896.1561 895.486 895.0911 894.8391 894.6517 894.48 894.298 894.068 893.7601 893.3734 892.9421 892.5455 892.178 891.8026 891.1463 890.1473 889.1877 888.3464 887.7697 887.4338 887.2676 887.191 887.1498 887.1225 887.1011 887.0767 887.0406 886.998 886.9518 886.8988 886.8398 886.776 886.7087 886.6391 886.5701 886.5026 886.4384 886.3785 886.3236 886.2734 886.2275 886.1848 886.1428 886.1005 886.0574 886.0139
-9999 -9999 -9999 -9999 -9999 -9999 -9999 -9999 -9999 -9999 -9999 -9999 -9999 -9999 -9999 -9999 -9999 905.1807 904.2106 902.0576 900.0911 898.4661 897.2096 896.1386 895.4886 895.0839 894.8326 894.6497 894.4802 894.2859 894.0333 893.7126 893.3411 892.9608 892.6425 892.3289 891.8367 891.1069 890.0316 888.8734 888.1207 887.6447 887.3868 887.2526 887.1771 887.1379 887.125 887.1193 887.0956 887.0652 887.0236 886.9717 886.9124 886.8475 886.779 886.7086 886.6378 886.5685 886.5022 886.4399 886.3823 886.3291 886.28 886.2343 886.1896 886.1447 886.0994 886.0543
-9999 -9999 -9999 -9999 -9999 -9999 -9999 -9999 -9999 -9999 -9999 -9999 -9999 -9999 -9999 -9999 -9999 -9999 905.681 903.813 901.6108 899.763 898.3684 896.9252 895.9416 895.3618 895.0406 894.83 894.6572 894.48 894.2651 893.9921 893.6667 893.3116 892.9645 892.6702 892.2134 891.6145 890.9162 889.9071 888.7947 888.0459 887.6256 887.3838 887.2399 887.1703 887.162 887.1826 887.1733 887.1476 887.1055 887.0512 886.9891 886.9218 886.8511 886.7786 886.7061 886.6346 886.5662 886.5015 886.4411 886.3849 886.333 886.2844 886.2374 886.1904 886.1432 886.0963
-9999 -9999 -9999 -9999 -9999 -9999 -9999 -9999 -9999 -9999 -9999 -9999 -9999 -9999 -9999 -9999 -9999 -9999 -9999 905.4729 903.2888 900.8339 899.0079 897.4102 896.2 895.6117 895.2811 895.0392 894.8444 894.6691 894.4798 894.2455 893.9591 893.6284 893.2717 892.9158 892.3727 891.7094 891.0205 890.8854 889.8625 888.6752 888.0221 887.6094 887.3548 887.2305 887.2134 887.2518 887.2565 887.2365 887.1934 887.1354 887.0692 886.9984 886.9244 886.8495 886.7745 886.7012 886.6305 886.5634 886.5004 886.4413 886.3866 886.3357 886.2865 886.2378 886.1887 886.1398
-9999 -9999 -9999 -9999 -9999 -9999 -9999 -9999 -9999 -9999 -9999 -9999 -9999 -9999 -9999 -9999 -9999 -9999 -9999 -9999 904.7545 901.8087 899.6467 897.9413 896.7009 895.9999 895.609 895.2891 895.0447 894.8539 894.6781 894.4795 894.2266 893.9037 893.4845 892.9924 892.5519 892.0284 891.6519 891.5008 890.8491 889.5221 888.5903 887.9332 887.5297 887.3296 887.2864 887.3306 887.3494 887.3286 887.282 887.2202 887.1501 887.0756 886.9985 886.9209 886.8439 886.7684 886.6957 886.6263 886.561 886.4993 886.442 886.3887 886.3373 886.2866 886.2355 886.1842
-9999 -9999 -9999 -9999 -9999 -9999 -9999 -9999 -9999 -9999 -9999 -9999 -9999 -9999 -9999 -9999 -9999 -9999 -9999 -9999 -9999 902.7979 900.3483 898.4989 897.1936 896.3955 895.951 895.5294 895.2375 895.0303 894.8586 894.6852 894.4794 894.2004 893.7891 893.3358 892.94 892.537 892.2161 891.9662 891.4106 890.3612 889.2258 888.3092 887.7572 887.48 887.3928 887.4193 887.4593 887.4265 887.3715 887.3044 887.2305 887.1529 887.0731 886.993 886.9139 886.8368 886.7626 886.6914 886.6238 886.5596 886.4995 886.4436 886.3897 886.3365 886.283 886.229
-9999 -9999 -9999 -9999 -9999 -9999 -9999 -9999 -9999 -9999 -9999 -9999 -9999 -9999 -9999 -9999 -9999 -9999 -9999 -9999 -9999 903.8183 901.0204 899.012 897.623 896.6901 896.0519 895.6844 895.4142 895.2051 895.0236 894.851 894.6729 894.4629 894.0701 893.6519 893.2639 892.9231 892.5873 892.314 891.8705 891.1112 889.9246 888.7527 888.0598 887.7096 887.5625 887.5457 887.5677 887.5267 887.4623 887.3899 887.3125 887.2319 887.1494 887.0668 886.9857 886.9072 886.8319 886.7592 886.6896 886.6227 886.5598 886.501 886.444 886.3876 886.3309 886.2736
-9999 -9999 -9999 -9999 -9999 -9999 -9999 -9999 -9999 -9999 -9999 -9999 -9999 -9999 -9999 -9999 -9999 -9999 -9999 -9999 -9999 904.4512 901.4418 899.4385 898.0782 897.1332 896.4645 896.0033 895.6703 895.4191 895.1888 894.9723 894.75 894.4891 894.2379 893.8829 893.4519 892.9852 892.7403 892.5237 892.1526 891.51 890.63 889.5417 888.5073 888.0345 887.8008 887.7202 887.6986 887.6379 887.5638 887.484 887.4008 887.3156 887.2295 887.144 887.0605 886.9803 886.9038 886.8297 886.7584 886.6889 886.623 886.5611 886.5004 886.4397 886.379 886.3179
-9999 -9999 -9999 -9999 -9999 -9999 -9999 -9999 -9999 -9999 -9999 -9999 -9999 -9999 -9999 -9999 -9999 -9999 -9999 -9999 -9999 -9999 901.888 899.9211 898.6382 897.7218 897.0381 896.462 896.0081 895.6858 895.3751 895.1093 894.8798 894.6685 894.476 894.1738 893.77 893.3113 892.9622 892.7391 892.4169 891.9155 891.1823 889.9516 888.9196 888.3535 888.0458 887.916 887.8414 887.7637 887.6798 887.5917 887.5009 887.4089 887.3172 887.227 887.14 887.0573 886.979 886.9034 886.8301 886.7579 886.689 886.6235 886.5586 886.4933 886.4281 886.3627
-9999 -9999 -9999 -9999 -9999 -9999 -9999 -9999 -9999 -9999 -9999 -9999 -9999 -9999 -9999 -9999 -9999 -9999 -9999 -9999 -9999 -9999 -9999 900.5442 899.3336 898.4051 897.6867 896.9681 896.3887 895.9664 895.5555 895.2506 895.0229 894.8455 894.6897 894.4764 894.1431 893.6874 893.2646 892.9416 892.5779 892.0876 891.3176 890.0354 889.0477 888.4105 888.1968 888.0956 888.0015 887.9088 887.8132 887.7144 887.6135 887.5128 887.4134 887.317 887.2251 887.1388 887.0577 886.9799 886.9041 886.8291 886.7573 886.6882 886.6187 886.5485 886.4789 886.4094
-9999 -9999 -9999 -9999 -9999 -9999 -9999 -9999 -9999 -9999 -9999 -9999 -9999 -9999 -9999 -9999 -9999 -9999 -9999 -9999 -9999 -9999 -9999 -9999 900.1273 899.0427 898.176 897.393 896.6885 896.062 895.6837 895.3932 895.1708 895.0031 894.8624 894.696 894.4526 893.9789 893.4455 892.9601 892.5959 892.1117 891.3173 890.0361 889.1329 888.5848 888.3774 888.2608 888.1609 888.0609 887.9558 887.8466 887.7354 887.625 887.5169 887.4132 887.3152 887.2243 887.1395 887.0585 886.9796 886.902 886.8273 886.7545 886.6805 886.6058 886.5321 886.459
-9999 -9999 -9999 -9999 -9999 -9999 -9999 -9999 -9999 -9999 -9999 -9999 -9999 -9999 -9999 -9999 -9999 -9999 -9999 -9999 -9999 -9999 -9999 -9999 900.6744 899.5461 898.6689 897.8937 897.1704 896.5108 896.0088 895.6376 895.3662 895.1671 894.9989 894.7983 894.499 894.1548 893.5653 892.9626 892.5976 892.11 891.3029 890.0283 889.1786 888.6831 888.4695 888.3796 888.2943 888.201 888.0941 887.9786 887.8593 887.7404 887.6241 887.5132 887.4087 887.3126 887.2235 887.1384 887.0559 886.9755 886.8981 886.8221 886.7441 886.6654 886.5886 886.5131
-9999 -9999 -9999 -9999 -9999 -9999 -9999 -9999 -9999 -9999 -9999 -9999 -9999 -9999 -9999 -9999 -9999 -9999 -9999 -9999 -9999 -9999 -9999 -9999 -9999 900.193 899.2979 898.5387 897.8201 897.1313 896.5228 896.0127 895.6417 895.3816 895.1803 894.9785 894.7311 894.4235 893.7289 893.0233 892.6802 892.1522 891.3018 890.0232 889.1929 888.7153 888.4963 888.4181 888.3799 888.3134 888.2151 888.1006 887.978 887.8538 887.7316 887.6145 887.5039 887.4029 887.309 887.2192 887.1327 887.0496 886.9695 886.8909 886.8093 886.7274 886.6485 886.572
-9999 -9999 -9999 -9999 -9999 -9999 -9999 -9999 -9999 -9999 -9999 -9999 -9999 -9999 -9999 -9999 -9999 -9999 -9999 -9999 -9999 -9999 -9999 -9999 -9999 -9999 900.0183 899.2823 898.576 897.854 897.1593 896.5322 896.0159 895.6609 895.405 895.1641 894.8665 894.4766 893.891 893.3198 892.9106 892.2471 891.3135 890.0203 889.1885 888.7091 888.4824 888.4071 888.3955 888.3799 888.3051 888.2039 888.0867 887.9623 887.8369 887.7155 887.6003 887.4946 887.396 887.301 887.2103 887.1243 887.0419 886.9609 886.8765 886.7922 886.7122 886.6357
-9999 -9999 -9999 -9999 -9999 -9999 -9999 -9999 -9999 -9999 -9999 -9999 -9999 -9999 -9999 -9999 -9999 -9999 -9999 -9999 -9999 -9999 -9999 -9999 -9999 -9999 -9999 899.9764 899.3234 898.584 897.8342 897.125 896.505 896.0164 895.6812 895.3741 894.9716 894.4835 893.9622 893.4518 892.9531 892.2682 891.3127 890.016 889.1758 888.6865 888.4485 888.3698 888.369 888.38 888.3523 888.2817 888.1794 888.061 887.9368 887.814 887.6964 887.5874 887.4845 887.3843 887.2892 887.2002 887.1155 887.0321 886.9456 886.8591 886.7787 886.7036
-9999 -9999 -9999 -9999 -9999 -9999 -9999 -9999 -9999 -9999 -9999 -9999 -9999 -9999 -9999 -9999 -9999 -9999 -9999 -9999 -9999 -9999 -9999 -9999 -9999 -9999 -9999 -9999 899.9002 899.1964 898.4482 897.7017 897.0184 896.453 896.0151 895.6436 895.1001 894.4905 893.9745 893.4845 892.9534 892.264 891.3091 890.0127 889.1636 888.6622 888.4125 888.3273 888.3315 888.3643 888.38 888.342 888.2579 888.1494 888.0306 887.9097 887.7919 887.6805 887.5742 887.4691 887.3698 887.2778 887.1907 887.1049 887.0165 886.9277 886.8464 886.7723
