backend/lakes/data/Gull Lake/gull_dem_tm.asc
ncols         241
nrows         407
xllcorner     561550
yllcorner     5809200
cellsize      50
NODATA_value  -9999
[rows 360 to 389 of 407, columns 136 to 203 of 241]
-9999 -9999 -9999 -9999 -9999 -9999 -9999 -9999 -9999 -9999 -9999 -9999 -9999 912.2065 909.2668 905.7834 902.2905 899.0599 896.5282 895.0431 894.2205 893.8254 893.7124 893.7858 893.9776 894.2166 894.4363 894.5796 894.6039 894.4833 894.2495 893.8878 893.545 893.2126 892.9599 892.9443 892.8232 892.7822 892.7616 892.7073 892.6641 892.6259 892.5793 892.5393 892.5114 892.4933 892.4816 892.4791 892.4883 892.5089 892.5361 892.5633 892.5913 892.6221 892.6531 892.67 892.6842 892.7075 892.7485 892.8053 892.8292 892.8648 892.9488 892.9513 893.0581 893.1786 893.2915 893.3932
-9999 -9999 -9999 -9999 -9999 -9999 -9999 -9999 -9999 -9999 -9999 -9999 -9999 912.0438 909.3679 906.3054 903.176 899.912 897.1866 895.4921 894.4784 893.9363 893.7085 893.6927 893.8174 894.0228 894.2444 894.4283 894.536 894.5496 894.4742 894.1727 893.836 893.5098 893.2485 893.1077 892.9537 892.9497 892.9485 892.8635 892.8285 892.8041 892.7513 892.7109 892.6855 892.667 892.6456 892.6342 892.6385 892.6588 892.6882 892.7107 892.7343 892.767 892.8091 892.8181 892.8213 892.8323 892.8658 892.949 892.95 892.9514 893.046 893.1124 893.2213 893.3466 893.4698 893.5831
-9999 -9999 -9999 -9999 -9999 -9999 -9999 -9999 -9999 -9999 -9999 -9999 -9999 -9999 908.9579 906.3474 903.6176 900.5457 897.9498 896.0126 894.8008 894.1083 893.7623 893.6522 893.7058 893.8651 894.0728 894.2756 894.431 894.5083 894.4802 894.3148 894.0615 893.7828 893.5325 893.3424 893.1861 893.1144 893.0502 892.9512 892.95 892.9493 892.8799 892.8484 892.8341 892.8221 892.7874 892.767 892.7675 892.7898 892.8276 892.8405 892.853 892.8812 892.9493 892.9501 892.95 892.9498 892.9514 893.0438 893.0938 893.1366 893.2239 893.316 893.4283 893.5547 893.6841 893.8066
-9999 -9999 -9999 -9999 -9999 -9999 -9999 -9999 -9999 -9999 -9999 -9999 -9999 -9999 908.4729 906.114 903.7501 901.0121 898.6238 896.4629 895.1331 894.3187 893.8578 893.6533 893.6377 893.7512 893.9352 894.1396 894.3219 894.4453 894.48 894.411 894.2368 894.0144 893.7902 893.592 893.4253 893.3047 893.2013 893.1047 893.061 893.0204 892.9505 892.9499 892.95 892.9496 892.8928 892.87 892.8689 892.8905 892.9496 892.9501 892.9499 892.9507 893.0254 893.0645 893.0879 893.1079 893.1387 893.2161 893.2875 893.3583 893.4496 893.5513 893.6646 893.788 893.9166 894.0411
-9999 -9999 -9999 -9999 -9999 -9999 -9999 -9999 -9999 -9999 -9999 -9999 -9999 -9999 908.0734 905.7955 903.7543 901.4973 899.2674 897.0155 895.5364 894.5729 893.9847 893.6865 893.6094 893.6838 893.8427 894.0367 894.2289 894.3846 894.4744 894.4799 894.3655 894.1963 894.0071 893.8204 893.6494 893.5032 893.3757 893.2667 893.1891 893.1246 893.0653 893.0451 893.0305 893.0051 892.9503 892.95 892.95 892.9504 893.0124 893.0435 893.0626 893.0862 893.1465 893.2007 893.2468 893.2933 893.3508 893.4303 893.5129 893.5974 893.6929 893.7979 893.9091 894.0247 894.1429 894.2569
-9999 -9999 -9999 -9999 -9999 -9999 -9999 -9999 -9999 -9999 -9999 -9999 -9999 -9999 -9999 905.8199 904.0477 902.0824 899.9924 897.8638 896.0491 894.8553 894.1237 893.7424 893.6234 893.6722 893.8035 893.9752 894.1597 894.3265 894.442 894.48 894.4333 894.3228 894.1752 894.0112 893.8461 893.6906 893.5493 893.4266 893.3278 893.2479 893.1852 893.1472 893.1182 893.0861 893.0508 893.046 893.0511 893.0663 893.1139 893.1569 893.1949 893.2379 893.2973 893.3599 893.4223 893.4893 893.566 893.6537 893.7445 893.8356 893.931 894.0323 894.1357 894.2369 894.3318 894.4174
-9999 -9999 -9999 -9999 -9999 -9999 -9999 -9999 -9999 -9999 -9999 -9999 -9999 -9999 -9999 906.1854 904.5997 902.7731 900.7855 898.7065 896.4957 895.1024 894.2582 893.8243 893.6909 893.7312 893.8252 893.9579 894.1173 894.2793 894.4098 894.48 894.4712 894.4056 894.2968 894.1593 894.0074 893.8538 893.7079 893.5769 893.4661 893.3762 893.3068 893.2576 893.2207 893.1891 893.1653 893.1619 893.174 893.1998 893.244 893.2928 893.343 893.3983 893.4626 893.5318 893.6044 893.6833 893.7716 893.866 893.9609 894.0538 894.1453 894.2352 894.3196 894.3955 894.4496 894.48
-9999 -9999 -9999 -9999 -9999 -9999 -9999 -9999 -9999 -9999 -9999 -9999 -9999 -9999 -9999 906.366 904.951 903.3337 901.4047 899.2373 896.8506 895.3434 894.4223 893.962 893.833 893.8721 893.903 893.9771 894.0959 894.2396 894.3719 894.4581 894.48 894.4524 894.3774 894.2661 894.1316 893.9869 893.8439 893.7115 893.5966 893.502 893.4285 893.3745 893.335 893.3062 893.2898 893.2914 893.3101 893.3435 893.3901 893.4435 893.5011 893.5639 893.6331 893.7065 893.7839 893.8672 893.9586 894.0544 894.1477 894.2356 894.3177 894.3898 894.4407 894.48 894.48 894.4421
-9999 -9999 -9999 -9999 -9999 -9999 -9999 -9999 -9999 -9999 -9999 -9999 -9999 -9999 -9999 -9999 905.1306 903.783 901.8875 899.6704 897.3066 895.6798 894.6799 894.1924 894.0509 894.0427 894.0029 894.011 894.0835 894.203 894.3326 894.4329 894.48 894.4774 894.4269 894.3379 894.2214 894.0898 893.9551 893.8277 893.715 893.6212 893.548 893.4941 893.4566 893.4323 893.4221 893.429 893.4537 893.4933 893.5442 893.6019 893.6639 893.7308 893.8024 893.8769 893.9538 894.0345 894.1219 894.2128 894.2972 894.369 894.4331 894.4799 894.48 894.4634 894.417 894.351
-9999 -9999 -9999 -9999 -9999 -9999 -9999 -9999 -9999 -9999 -9999 -9999 -9999 -9999 -9999 -9999 905.1948 904.1179 902.2098 900.0613 897.9699 896.0835 895.0278 894.5322 894.3607 894.2629 894.1071 894.0402 894.0686 894.1649 894.291 894.4058 894.4799 894.4883 894.4543 894.3831 894.2834 894.1665 894.0439 893.9259 893.8203 893.7322 893.6636 893.6143 893.5818 893.5636 893.5598 893.5722 893.6017 893.6461 893.701 893.7623 893.8269 893.8952 893.9665 894.0383 894.1096 894.1808 894.2576 894.3383 894.4072 894.4482 894.48 894.4844 894.4548 894.4038 894.3372 894.2725
-9999 -9999 -9999 -9999 -9999 -9999 -9999 -9999 -9999 -9999 -9999 -9999 -9999 -9999 -9999 -9999 904.9147 903.7786 902.0734 900.0562 897.9972 896.2038 895.3534 894.9116 894.6738 894.3706 894.1407 894.0355 894.0409 894.1222 894.2434 894.3646 894.4512 894.48 894.4661 894.4111 894.3265 894.2244 894.1155 894.0098 893.9149 893.8359 893.7753 893.7334 893.7085 893.698 893.7013 893.7192 893.7524 893.7997 893.8572 893.9204 893.9859 894.0531 894.1211 894.1867 894.2489 894.3026 894.3617 894.4292 894.4799 894.48 894.4772 894.4575 894.4156 894.3578 894.2997 894.2693
-9999 -9999 -9999 -9999 -9999 -9999 -9999 -9999 -9999 -9999 -9999 -9999 -9999 -9999 -9999 -9999 904.42 903.3162 901.7888 899.9404 897.9504 896.2712 895.6709 895.1965 894.7396 894.3672 894.1232 894.0117 894.009 894.0822 894.1979 894.323 894.4252 894.48 894.4774 894.4329 894.3601 894.2713 894.1765 894.0845 894.0023 893.9344 893.8839 893.8514 893.8354 893.8334 893.8444 893.8682 893.9047 893.9529 894.0099 894.0721 894.136 894.1994 894.2618 894.3175 894.372 894.3997 894.431 894.4799 894.4993 894.4917 894.476 894.451 894.4169 894.381 894.3685 894.4127
-9999 -9999 -9999 -9999 -9999 -9999 -9999 -9999 -9999 -9999 -9999 -9999 -9999 -9999 -9999 -9999 -9999 902.9573 901.5502 899.8826 898.0098 896.3742 895.6597 895.1495 894.701 894.3484 894.1176 894.006 893.9938 894.0546 894.161 894.2852 894.4001 894.4799 894.4857 894.4515 894.3901 894.3137 894.2325 894.1545 894.0857 894.0299 893.9904 893.9682 893.9619 893.9683 893.9868 894.0162 894.0555 894.103 894.1553 894.2125 894.2719 894.3266 894.3829 894.4207 894.4797 894.48 894.4801 894.5093 894.5237 894.5253 894.5223 894.5189 894.5178 894.5402 894.6174 894.781
-9999 -9999 -9999 -9999 -9999 -9999 -9999 -9999 -9999 -9999 -9999 -9999 -9999 -9999 -9999 -9999 -9999 902.6571 901.3704 899.9102 898.2625 896.8021 895.9073 895.2725 894.7875 894.4238 894.1801 894.0475 894.0096 894.046 894.1334 894.2472 894.3616 894.4488 894.48 894.4658 894.4194 894.3557 894.287 894.2224 894.1667 894.1234 894.095 894.083 894.0857 894.0996 894.1243 894.1587 894.1998 894.2456 894.2877 894.3345 894.3878 894.4243 894.4797 894.4803 894.5406 894.5682 894.5791 894.5936 894.6117 894.6402 894.6777 894.7289 894.7877 894.9113 895.1367 895.4586
-9999 -9999 -9999 -9999 -9999 -9999 -9999 -9999 -9999 -9999 -9999 -9999 -9999 -9999 -9999 -9999 -9999 -9999 901.1993 899.9413 898.5153 897.1696 896.1391 895.5325 895.0098 894.598 894.3081 894.1313 894.0521 894.0524 894.1126 894.2098 894.3198 894.4176 894.48 894.4803 894.4489 894.3979 894.3412 894.2887 894.2457 894.2143 894.1964 894.1936 894.2039 894.2228 894.251 894.2887 894.3292 894.3745 894.3986 894.4277 894.4797 894.4802 894.5311 894.5701 894.6447 894.7061 894.7424 894.7621 894.8016 894.8873 895.0026 895.1657 895.3106 895.585 896.0429 896.5273
-9999 -9999 -9999 -9999 -9999 -9999 -9999 -9999 -9999 -9999 -9999 -9999 -9999 -9999 -9999 -9999 -9999 -9999 901.0502 899.9631 898.7277 897.533 896.5636 895.9224 895.2825 894.7933 894.4486 894.2252 894.103 894.0651 894.0942 894.1704 894.2711 894.3722 894.4497 894.48 894.4723 894.4371 894.3925 894.3516 894.32 894.2993 894.2908 894.2959 894.312 894.3311 894.3586 894.3977 894.4286 894.4797 894.48 894.4801 894.528 894.5625 894.6224 894.6965 894.804 894.9178 895.0007 895.04 895.1259 895.3152 895.535 895.9063 896.1808 896.6708 897.5027 898.1561
-9999 -9999 -9999 -9999 -9999 -9999 -9999 -9999 -9999 -9999 -9999 -9999 -9999 -9999 -9999 -9999 -9999 -9999 900.9662 899.9913 898.873 897.754 896.7772 896.0105 895.3873 894.9037 894.5469 894.2992 894.1459 894.075 894.0743 894.1279 894.2165 894.3187 894.4134 894.4799 894.4891 894.4685 894.436 894.4069 894.3859 894.3743 894.3729 894.384 894.4059 894.4182 894.4371 894.4798 894.4801 894.5221 894.5392 894.5561 894.6078 894.6737 894.7595 894.8727 895.0304 895.2266 895.3955 895.4513 895.6088 895.9904 896.2828 896.905 897.5548 898.3558 899.2546 899.7372
-9999 -9999 -9999 -9999 -9999 -9999 -9999 -9999 -9999 -9999 -9999 -9999 -9999 -9999 -9999 -9999 -9999 -9999 -9999 900.0086 898.9648 897.8675 896.8534 896.0159 895.4127 894.9579 894.6122 894.3574 894.1841 894.0862 894.0573 894.0868 894.1593 894.2559 894.3562 894.4382 894.48 894.4828 894.4657 894.4501 894.4398 894.4349 894.4365 894.4489 894.4799 894.48 894.48 894.5239 894.5536 894.5941 894.6273 894.6646 894.7325 894.832 894.9543 895.1113 895.311 895.6147 895.941 896.0169 896.2725 897.026 897.4924 898.1408 898.9072 899.7339 900.3372 900.6555
-9999 -9999 -9999 -9999 -9999 -9999 -9999 -9999 -9999 -9999 -9999 -9999 -9999 -9999 -9999 -9999 -9999 -9999 -9999 899.9995 898.9888 897.8942 896.8644 896.0128 895.4427 895.0205 894.6873 894.4268 894.2349 894.1102 894.0518 894.0544 894.1068 894.1927 894.2927 894.3844 894.4484 894.48 894.48 894.48 894.48 894.48 894.48 894.48 894.5057 894.5228 894.5479 894.6019 894.6617 894.7213 894.7754 894.832 894.9261 895.0679 895.2321 895.443 895.6436 896.023 896.4611 896.7803 897.2789 898.0357 898.6263 899.2322 899.9269 900.5407 900.9753 901.1725
-9999 -9999 -9999 -9999 -9999 -9999 -9999 -9999 -9999 -9999 -9999 -9999 -9999 -9999 -9999 -9999 -9999 -9999 -9999 899.8726 898.8845 897.8201 896.8248 896.0126 895.5238 895.1378 894.8051 894.5276 894.3104 894.1555 894.0649 894.038 894.0676 894.1403 894.2376 894.3364 894.415 894.465 894.4878 894.4993 894.5051 894.5098 894.5159 894.526 894.552 894.5875 894.6436 894.7274 894.8271 894.9258 895.0172 895.088 895.211 895.4215 895.6272 895.9425 896.1255 896.6493 897.1786 897.6292 898.286 899.0818 899.7401 900.079 900.5775 901.0134 901.3378 901.4626
-9999 -9999 -9999 -9999 -9999 -9999 -9999 -9999 -9999 -9999 -9999 -9999 -9999 -9999 -9999 -9999 -9999 -9999 -9999 899.3816 898.5479 897.6274 896.7572 896.0454 895.6956 895.3231 894.9637 894.6547 894.4078 894.2222 894.0999 894.0436 894.0501 894.109 894.2038 894.3096 894.4006 894.4652 894.5059 894.5303 894.5455 894.5593 894.5792 894.6063 894.6439 894.7019 894.793 894.9186 895.0742 895.2279 895.3922 895.4673 895.6149 895.9452 896.1574 896.5825 896.9751 897.5063 897.9735 898.4553 899.1718 899.8889 900.3639 900.6659 901.0083 901.3141 -9999 -9999
-9999 -9999 -9999 -9999 -9999 -9999 -9999 -9999 -9999 -9999 -9999 -9999 -9999 -9999 -9999 -9999 -9999 -9999 899.2803 898.783 898.1072 897.3789 896.719 896.2325 895.9745 895.5377 895.1278 894.7881 894.5187 894.3095 894.1602 894.0778 894.0635 894.1105 894.2041 894.3182 894.4216 894.4984 894.5531 894.5935 894.6252 894.6565 894.6984 894.7509 894.8064 894.8923 895.0301 895.2042 895.4342 895.6359 895.9387 896.022 896.1776 896.6708 897.1262 897.5043 897.931 898.3998 898.8328 899.284 899.9058 900.3393 900.7062 -9999 -9999 -9999 -9999 -9999
-9999 -9999 -9999 -9999 -9999 -9999 -9999 -9999 -9999 -9999 -9999 -9999 -9999 -9999 -9999 -9999 -9999 -9999 898.702 898.2278 897.6664 897.0962 896.5983 896.2389 896.0009 895.6162 895.2281 894.9016 894.637 894.4194 894.252 894.1492 894.1185 894.1572 894.2524 894.3779 894.4952 894.5824 894.6483 894.7092 894.7682 894.8254 894.9011 894.9939 895.0667 895.1835 895.3939 895.6188 895.9707 896.1392 896.5592 896.8894 897.2311 897.6639 898.0674 898.4476 898.9082 899.3332 899.808 900.0342 -9999 -9999 -9999 -9999 -9999 -9999 -9999 -9999
-9999 -9999 -9999 -9999 -9999 -9999 -9999 -9999 -9999 -9999 -9999 -9999 -9999 -9999 -9999 -9999 -9999 898.6669 898.2448 897.7878 897.3051 896.8435 896.4385 896.141 895.9882 895.6249 895.2852 895.0117 894.781 894.5673 894.3886 894.272 894.2307 894.2656 894.3669 894.509 894.6459 894.74 894.8135 894.901 895.0031 895.0889 895.2095 895.376 895.4541 895.5975 895.9365 896.199 896.79 897.0775 897.4938 897.9717 898.4525 898.7925 899.0455 899.3446 899.8308 900.088 -9999 -9999 -9999 -9999 -9999 -9999 -9999 -9999 -9999 -9999
-9999 -9999 -9999 -9999 -9999 -9999 -9999 -9999 -9999 -9999 -9999 -9999 -9999 -9999 -9999 -9999 -9999 898.3596 897.9321 897.5218 897.1123 896.7371 896.3633 896.0102 895.8445 895.578 895.3474 895.1711 894.998 894.7847 894.5941 894.4695 894.4243 894.4585 894.5692 894.7369 894.9071 895.0022 895.0741 895.1978 895.3751 895.4719 895.6245 895.9303 896.0103 896.1617 896.6614 897.1434 897.6716 898.0529 898.4927 899.0796 899.6935 899.9353 900.0256 900.1734 900.5914 -9999 -9999 -9999 -9999 -9999 -9999 -9999 -9999 -9999 -9999 -9999
-9999 -9999 -9999 -9999 -9999 -9999 -9999 -9999 -9999 -9999 -9999 -9999 -9999 -9999 -9999 -9999 -9999 898.1829 897.8141 897.5162 897.2085 896.9485 896.6238 896.2751 895.9957 895.6986 895.551 895.4762 895.3615 895.1106 894.9016 894.7802 894.7396 894.7708 894.8838 895.0853 895.3224 895.4086 895.4628 895.6292 895.9579 896.0334 896.133 896.5272 896.8405 897.2095 897.7543 898.3191 898.7446 899.0591 899.4358 900.0313 900.6019 900.9104 901.073 -9999 -9999 -9999 -9999 -9999 -9999 -9999 -9999 -9999 -9999 -9999 -9999 -9999
-9999 -9999 -9999 -9999 -9999 -9999 -9999 -9999 -9999 -9999 -9999 -9999 -9999 -9999 -9999 -9999 -9999 898.1927 898.0032 897.8851 897.7672 897.5736 897.2469 896.8665 896.4915 896.1207 896.0363 896.0204 895.9283 895.5661 895.3529 895.265 895.2443 895.2596 895.3435 895.556 895.9187 896.0027 896.0465 896.2316 896.7795 896.9758 897.1333 897.4924 897.9166 898.44 899.0184 899.6603 899.9849 900.1707 900.4511 901.0741 901.574 -9999 -9999 -9999 -9999 -9999 -9999 -9999 -9999 -9999 -9999 -9999 -9999 -9999 -9999 -9999
-9999 -9999 -9999 -9999 -9999 -9999 -9999 -9999 -9999 -9999 -9999 -9999 -9999 -9999 -9999 -9999 -9999 -9999 898.4752 898.5625 898.673 898.5527 898.1858 897.7959 897.4558 897.172 897.0206 896.8685 896.5659 896.149 896.0286 896.0247 896.0462 896.0221 896.0212 896.1333 896.5309 896.8156 897.0527 897.3262 897.7424 898.0452 898.2477 898.63 899.0999 899.7255 900.2479 900.9041 901.3567 901.6656 901.9502 -9999 -9999 -9999 -9999 -9999 -9999 -9999 -9999 -9999 -9999 -9999 -9999 -9999 -9999 -9999 -9999 -9999
-9999 -9999 -9999 -9999 -9999 -9999 -9999 -9999 -9999 -9999 -9999 -9999 -9999 -9999 -9999 -9999 -9999 -9999 899.1857 899.4481 899.8304 899.7668 899.3036 898.9296 898.6669 898.4363 898.1758 897.8312 897.5106 897.2316 897.1509 897.1983 897.2827 897.1948 897.1355 897.2117 897.514 897.8903 898.2894 898.571 898.8229 899.0541 899.3333 899.8316 900.2866 900.9471 901.5787 902.2506 -9999 -9999 -9999 -9999 -9999 -9999 -9999 -9999 -9999 -9999 -9999 -9999 -9999 -9999 -9999 -9999 -9999 -9999 -9999 -9999
-9999 -9999 -9999 -9999 -9999 -9999 -9999 -9999 -9999 -9999 -9999 -9999 -9999 -9999 -9999 -9999 -9999 -9999 -9999 900.444 900.9897 900.9181 900.4609 900.1768 899.9789 899.7156 899.2186 898.8223 898.6286 898.5177 898.5032 898.5661 898.649 898.5815 898.5066 898.5269 898.7228 899.0978 899.6326 899.8859 900.0185 900.1705 900.4922 901.1433 901.7094 -9999 -9999 -9999 -9999 -9999 -9999 -9999 -9999 -9999 -9999 -9999 -9999 -9999 -9999 -9999 -9999 -9999 -9999 -9999 -9999 -9999 -9999 -9999
