backend/lakes/data/Gull Lake/gull_dem_tm.asc
ncols         241
nrows         407
xllcorner     561550
yllcorner     5809200
cellsize      50
NODATA_value  -9999
[rows 270 to 299 of 407, columns 136 to 203 of 241]
890.0337 889.316 888.917 888.6961 888.5697 888.4949 888.4314 888.3801 888.38 888.3799 888.3495 888.3359 888.3288 888.3217 888.3041 888.2906 888.2841 888.2861 888.2959 888.2913 888.2856 888.288 888.3108 888.3793 888.3802 888.3801 888.3799 888.3798 888.3813 888.4686 888.5079 888.5436 888.5746 888.636 888.7567 888.9167 889.0831 889.2308 889.3363 889.3872 889.3935 889.3843 889.3754 889.3585 889.3156 889.2451 889.1644 889.0942 889.0376 888.9865 888.9354 888.8904 888.8688 888.8926 888.9846 889.1636 889.454 889.8983 890.533 891.4159 892.5623 893.5602 894.4425 894.9143 895.3687 896.0158 896.957 897.9783
890.142 889.5311 889.129 888.8695 888.7044 888.5952 888.514 888.4563 888.4316 888.4114 888.3801 888.38 888.38 888.38 888.3573 888.3458 888.3419 888.3485 888.3799 888.38 888.38 888.3799 888.3809 888.4645 888.5125 888.5322 888.5347 888.5425 888.5754 888.6539 888.7035 888.7253 888.7448 888.8049 888.932 889.1086 889.2942 889.4568 889.577 889.6421 889.6521 889.635 889.6151 889.5919 889.5509 889.4821 889.3936 889.3008 889.2138 889.1276 889.0412 888.9614 888.9072 888.9018 888.9698 889.1382 889.433 889.8649 890.2537 890.9309 891.8526 893.1171 894.275 894.8248 895.3544 896.0264 896.9396 897.9131
890.4423 889.8501 889.3748 889.0653 888.8623 888.7217 888.618 888.5426 888.4929 888.4553 888.4238 888.4125 888.406 888.3978 888.38 888.38 888.38 888.3801 888.4254 888.4563 888.4833 888.5101 888.5385 888.6091 888.679 888.7199 888.7292 888.7452 888.8026 888.8926 888.9528 888.9659 888.9674 889.0114 889.1312 889.3147 889.5156 889.6916 889.8232 889.9016 889.9191 889.9019 889.8751 889.8458 889.8049 889.7399 889.6511 889.545 889.4313 889.3111 889.1877 889.0711 888.9812 888.9426 888.9777 889.1029 889.3275 889.6281 889.9459 890.6013 891.5561 892.8506 893.8926 894.557 895.2476 896.0245 896.9266 897.8769
890.5662 889.9087 889.5123 889.2318 889.0208 888.8585 888.7322 888.6348 888.5619 888.5067 888.4657 888.4408 888.4243 888.411 888.3998 888.4018 888.4117 888.4329 888.4851 888.5402 888.5963 888.6608 888.7202 888.7903 888.874 888.9388 888.9601 888.9773 889.0443 889.1517 889.2319 889.2482 889.2349 889.2573 889.3594 889.5377 889.7457 889.9325 890.0722 890.1583 890.1893 890.1802 890.1528 890.1199 890.0774 890.0162 889.9307 889.8211 889.6891 889.5391 889.3789 889.2244 889.0952 889.017 889.0085 889.0829 889.2452 889.5007 889.8683 890.3854 891.3395 892.5515 893.545 894.3848 895.1028 895.9868 896.8239 897.6744
890.6255 889.9468 889.6569 889.4017 889.1797 888.9962 888.8471 888.7274 888.6328 888.5594 888.5049 888.4669 888.4408 888.4233 888.4149 888.4207 888.4424 888.4824 888.5487 888.6289 888.7117 888.8103 888.9056 888.9862 889.0802 889.1718 889.2151 889.2335 889.2972 889.4159 889.5206 889.5535 889.5358 889.539 889.6187 889.7823 889.9882 890.181 890.3288 890.4238 890.4678 890.4698 890.4473 890.4136 890.3697 890.3104 890.2298 890.1228 889.9833 889.812 889.6193 889.4264 889.2567 889.1335 889.0752 889.09 889.1811 889.3518 889.6113 889.9901 890.8035 891.8076 892.9771 893.9235 894.7231 895.7729 896.5428 897.3074
890.6989 890.1608 889.8871 889.5796 889.3268 889.1219 888.9534 888.8141 888.7003 888.6096 888.5406 888.4907 888.4562 888.4351 888.428 888.4384 888.4704 888.5265 888.608 888.7125 888.8229 888.9462 889.0778 889.1813 889.2831 889.3984 889.4749 889.5052 889.5616 889.6813 889.8072 889.866 889.8571 889.8486 889.9069 890.0504 890.2467 890.4408 890.5963 890.7018 890.7577 890.7705 890.7559 890.7255 890.6821 890.6234 890.5472 890.4469 890.3098 890.1274 889.9102 889.6829 889.4733 889.304 889.1923 889.1457 889.1682 889.2711 889.4833 889.8625 890.4316 891.3751 892.5463 893.5104 894.3923 895.2306 895.988 896.6947
890.6094 890.1948 889.902 889.6484 889.4204 889.219 889.0427 888.89 888.7606 888.6545 888.5721 888.5117 888.4706 888.4467 888.4406 888.4554 888.4954 888.5643 888.6606 888.7837 888.9222 889.0659 889.2256 889.3628 889.4762 889.6062 889.7183 889.776 889.8323 889.9467 890.0867 890.1741 890.1857 890.1764 890.2181 890.3411 890.5232 890.7145 890.8761 890.9927 891.0607 891.0811 891.0745 891.0515 891.0125 890.9557 890.8836 890.7916 890.6647 890.4832 890.2511 889.9955 889.7501 889.5366 889.3715 889.2622 889.2124 889.2344 889.3521 889.5948 889.9883 890.7996 891.8033 892.9678 893.8805 894.6294 895.4142 896.1266
890.4939 890.1584 889.9003 889.6876 889.4873 889.2957 889.1167 888.9546 888.8126 888.6934 888.5991 888.5297 888.4832 888.4576 888.4528 888.4716 888.5182 888.5964 888.7059 888.8427 889.0029 889.1697 889.3461 889.5183 889.655 889.7942 889.9344 890.0284 890.0984 890.2092 890.3569 890.4709 890.5106 890.5119 890.5448 890.6497 890.8158 891.0001 891.1656 891.2927 891.3732 891.3981 891.3992 891.387 891.3571 891.306 891.2385 891.1569 891.0441 890.8745 890.6383 890.3633 890.0858 889.8334 889.6173 889.4467 889.3241 889.2634 889.2977 889.4741 889.8586 890.4666 891.4849 892.6678 893.5338 894.3687 895.1095 895.9602
890.3705 890.1064 889.8995 889.7296 889.5507 889.3638 889.1804 889.0094 888.8566 888.7263 888.6218 888.5445 888.4938 888.4675 888.4647 888.4874 888.5396 888.6246 888.7435 888.8924 889.0657 889.2548 889.4458 889.6407 889.8103 889.9639 890.1229 890.2527 890.348 890.4629 890.6158 890.7529 890.8243 890.8461 890.879 890.9703 891.1207 891.2948 891.4586 891.5902 891.6755 891.7122 891.7257 891.7284 891.7129 891.6724 891.6122 891.5417 891.4467 891.2954 891.0659 890.7792 890.4766 890.1887 889.9274 889.698 889.5034 889.3557 889.2888 889.3497 889.592 890.074 891.1346 892.1445 893.07 893.9421 894.7147 895.76
890.3053 890.0822 889.9012 889.7913 889.6222 889.4292 889.2362 889.0553 888.8929 888.7538 888.6409 888.5571 888.5028 888.4764 888.4764 888.5033 888.5603 888.6509 888.7758 888.9335 889.1174 889.3198 889.5306 889.738 889.9353 890.1118 890.2873 890.4472 890.5735 890.7016 890.861 891.0182 891.1218 891.1714 891.2136 891.2975 891.434 891.5977 891.7559 891.8893 891.9814 892.0296 892.0555 892.0742 892.0774 892.0527 892.0052 891.9473 891.8712 891.7408 891.5248 891.2334 890.9115 890.5935 890.2926 890.0108 889.7485 889.5151 889.3448 889.2937 889.4335 889.8551 890.6074 891.6552 892.8432 893.6777 894.4396 895.2725
890.3404 890.1411 889.9927 889.8979 889.6981 889.4873 889.2827 889.0924 888.9221 888.776 888.6573 888.5686 888.5114 888.485 888.4879 888.5192 888.5809 888.6757 888.8053 888.9678 889.1608 889.3719 889.5968 889.8215 890.0352 890.2355 890.4297 890.6143 890.7719 890.92 891.0897 891.265 891.4005 891.4823 891.5429 891.6265 891.7523 891.906 892.0585 892.1926 892.2927 892.3525 892.3899 892.4237 892.447 892.4437 892.415 892.3741 892.3175 892.2079 892.0061 891.7142 891.3774 891.0352 890.7014 890.3749 890.0532 889.7405 889.4695 889.2985 889.2988 889.5503 890.1437 891.4146 892.6762 893.394 894.0557 894.7544
890.4794 890.2537 890.0606 889.8994 889.7231 889.5239 889.3176 889.1208 888.9441 888.7931 888.6711 888.58 888.5211 888.4948 888.5 888.5353 888.6014 888.7001 888.8329 888.9992 889.196 889.4176 889.6488 889.8901 890.1198 890.3386 890.5518 890.7583 890.9436 891.1149 891.2985 891.4916 891.6575 891.7747 891.861 891.9525 892.0733 892.217 892.3649 892.4991 892.6071 892.6799 892.7286 892.775 892.8174 892.8381 892.834 892.8166 892.7822 892.6931 892.5035 892.2109 891.861 891.4994 891.1409 890.7799 890.4093 890.0291 889.6694 889.3942 889.2863 889.4473 890.019 891.2755 892.3217 893.0427 893.7487 894.4438
890.73 890.4404 890.1635 889.9051 889.7631 889.5685 889.3538 889.1462 888.9612 888.8059 888.6826 888.5918 888.5336 888.5081 888.515 888.5535 888.6233 888.7252 888.8602 889.0287 889.2283 889.4543 889.6959 889.9441 890.1923 890.426 890.6571 890.8842 891.094 891.2872 891.4858 891.6956 891.89 892.0437 892.1618 892.27 892.3921 892.5318 892.673 892.806 892.9205 893.0067 893.0683 893.1253 893.1829 893.2264 893.249 893.2596 893.253 893.1877 893.0087 892.7148 892.353 891.9755 891.5991 891.2144 890.807 890.3723 889.9374 889.5734 889.3765 889.4672 889.9883 891.1163 892.0519 892.9194 893.5361 894.0857
891.0645 890.7213 890.389 890.0922 889.8929 889.6454 889.4012 889.1733 888.9754 888.8148 888.6921 888.6046 888.55 888.5273 888.5362 888.5767 888.6489 888.7529 888.8892 889.0583 889.2592 889.4879 889.7352 889.9913 890.2526 890.5026 890.7478 890.994 891.2269 891.4409 891.6536 891.8772 892.0963 892.2854 892.4391 892.5719 892.703 892.8427 892.9828 893.1133 893.2294 893.325 893.4001 893.4681 893.5364 893.5973 893.6412 893.6782 893.7047 893.6733 893.5052 893.2153 892.8458 892.4569 892.0696 891.6697 891.2357 890.7567 890.2555 889.8038 889.5067 889.4886 889.8688 890.6281 891.6355 892.7399 893.334 893.8973
891.4279 891.058 890.6727 890.2805 889.9163 889.7068 889.4534 889.2034 888.9888 888.8214 888.7 888.6187 888.5714 888.5543 888.5665 888.6087 888.6818 888.7861 888.9222 889.0909 889.2913 889.5202 889.7713 890.0328 890.3028 890.571 890.8281 891.0887 891.3435 891.5788 891.8051 892.0397 892.278 892.4988 892.6884 892.8512 892.999 893.1434 893.2847 893.4147 893.5299 893.6294 893.7141 893.7914 893.8666 893.9379 893.9879 894.0385 894.0974 894.1193 893.9604 893.6925 893.3289 892.9371 892.5493 892.1428 891.689 891.1722 890.6079 890.0638 889.641 889.4525 889.5964 890.1334 891.341 892.3735 893.0275 893.6907
891.7833 891.4274 891.031 890.6005 890.1855 889.8826 889.5446 889.2467 889.0066 888.8298 888.7102 888.6367 888.5992 888.5906 888.608 888.6523 888.7253 888.8285 888.9626 889.129 889.3273 889.5548 889.806 890.0724 890.347 890.629 890.9021 891.1716 891.443 891.7005 891.9429 892.1868 892.4387 892.6848 892.9078 893.1019 893.2723 893.4268 893.5702 893.6995 893.8113 893.9085 893.9952 894.0782 894.1549 894.2363 894.2698 894.3065 894.3741 894.4724 894.3134 894.1182 893.7828 893.405 893.0339 892.6329 892.1659 891.6149 890.9922 890.3602 889.821 889.4943 889.5089 890.0139 891.2689 892.2034 892.8889 893.3945
892.1113 891.7905 891.4242 890.9761 890.4636 889.9452 889.6239 889.2997 889.0354 888.8488 888.7306 888.6648 888.6375 888.6383 888.6624 888.7095 888.7822 888.8828 889.0133 889.1755 889.3698 889.5945 889.8435 890.1126 890.3896 890.6798 890.9684 891.2473 891.5277 891.8038 892.0652 892.3212 892.5835 892.8479 893.0985 893.3219 893.5162 893.6847 893.8309 893.9564 894.0605 894.15 894.2275 894.3104 894.3712 894.4774 894.4804 894.48 894.4827 894.5609 894.486 894.4666 894.179 893.8365 893.5164 893.1366 892.6633 892.0825 891.4073 890.698 890.0607 889.626 889.5488 890.0116 891.2437 892.023 892.5856 893.0336
892.3932 892.1259 891.812 891.4187 890.9066 890.3338 889.8622 889.4153 889.1003 888.8963 888.7755 888.7141 888.6937 888.7018 888.7314 888.7811 888.8531 888.9504 889.0758 889.2323 889.4213 889.6412 889.8876 890.1534 890.4374 890.724 891.0278 891.3182 891.6027 891.8893 892.1689 892.4403 892.7137 892.9921 893.2638 893.5123 893.7281 893.9106 894.0594 894.176 894.2642 894.342 894.3943 894.4786 894.4817 894.5912 894.6464 894.675 894.6986 894.7453 894.7286 894.6844 894.4774 894.2006 893.9896 893.6422 893.1696 892.5651 891.8452 891.0701 890.3477 889.8156 889.637 889.9986 891.1351 891.8144 892.4031 892.9703
892.63 892.4193 892.1703 891.845 891.3985 890.7594 890.0296 889.5596 889.2229 888.9988 888.8657 888.7991 888.778 888.7871 888.8182 888.8682 888.9381 889.0311 889.1505 889.3003 889.4827 889.6967 889.9382 890.2017 890.4821 890.7779 891.074 891.3834 891.675 891.9625 892.2528 892.5401 892.8269 893.1179 893.4059 893.6746 893.9081 894.101 894.2499 894.3514 894.4083 894.4793 894.4808 894.5667 894.6268 894.7278 894.8135 894.8795 894.9325 894.9771 894.9768 894.914 894.7368 894.5035 894.45 894.1187 893.6579 893.0416 892.2886 891.4603 890.6637 890.0374 889.7372 889.9249 890.7556 891.5048 892.2549 892.959
892.8154 892.658 892.4817 892.2313 891.873 891.3633 890.647 889.973 889.5056 889.2035 889.0256 888.934 888.8992 888.9006 888.9261 888.9712 889.0361 889.1233 889.2361 889.3784 889.5533 889.7606 889.9958 890.2549 890.532 890.8264 891.1299 891.4329 891.74 892.0332 892.3237 892.6191 892.9184 893.2219 893.5239 893.8077 894.0548 894.2521 894.396 894.4796 894.4804 894.5447 894.59 894.6738 894.7626 894.8702 894.9783 895.0774 895.1614 895.2225 895.2393 895.1911 895.0621 894.8955 894.7686 894.4854 894.0875 893.4823 892.7137 891.8478 890.9909 890.2795 889.8667 889.9082 890.5536 891.4046 892.1489 892.8748
892.9498 892.8332 892.7385 892.5535 892.2765 891.8853 891.3494 890.6506 889.9602 889.5218 889.2636 889.1245 889.061 889.0443 889.0565 889.0905 889.1461 889.225 889.3298 889.4642 889.6313 889.8309 890.0593 890.312 890.5852 890.8752 891.1805 891.4865 891.791 892.0933 892.3885 892.6845 892.9882 893.2998 893.6127 893.9086 894.1638 894.3572 894.4796 894.5399 894.564 894.6189 894.6855 894.7764 894.8804 894.9977 895.1237 895.2506 895.3666 895.455 895.4973 895.4747 895.3785 895.2301 895.0526 894.7865 894.4389 893.856 893.0968 892.2132 891.3098 890.522 890.0002 889.9 890.3478 891.2402 891.8815 892.5193
893.0489 892.952 892.9474 892.796 892.5759 892.2661 891.8322 891.2822 890.5349 889.9282 889.5674 889.364 889.2593 889.2148 889.2064 889.2236 889.2654 889.3332 889.4287 889.5547 889.7136 889.9053 890.1263 890.3716 890.6395 890.9245 891.2271 891.5356 891.8398 892.1406 892.4387 892.7368 893.0404 893.353 893.6702 893.9741 894.2355 894.4174 894.4803 894.5577 894.615 894.6805 894.7601 894.8585 894.9709 895.0962 895.235 895.3839 895.5292 895.6497 895.7225 895.7266 895.6495 895.4954 895.2693 894.9468 894.5204 894.1128 893.4204 892.5452 891.6097 890.7504 890.1058 889.808 889.9649 890.7645 891.5071 892.2682
893.1763 893.1155 893.0774 892.9514 892.7784 892.5154 892.0815 891.4996 890.9627 890.3727 889.9091 889.6335 889.4813 889.4035 889.3686 889.3644 889.389 889.4437 889.5291 889.6464 889.7972 889.981 890.1941 890.4324 890.692 890.975 891.2686 891.5788 891.8832 892.1804 892.4743 892.7698 893.0714 893.3812 893.6959 894.002 894.2745 894.4788 894.5176 894.5812 894.6501 894.7255 894.8126 894.9148 895.0302 895.1588 895.3043 895.467 895.6354 895.7861 895.8911 895.9235 895.8644 895.7111 895.4712 895.1556 894.7925 894.4253 893.7205 892.8474 891.895 890.9851 890.2555 889.8477 889.9055 890.5803 891.4093 892.1411
893.3002 893.2581 893.2091 893.1084 892.9533 892.7445 892.3281 891.8236 891.373 890.7617 890.2506 889.9023 889.7052 889.5958 889.5311 889.5026 889.5089 889.5503 889.6259 889.7349 889.8779 890.054 890.2599 890.491 890.7445 891.0187 891.3127 891.6101 891.9188 892.213 892.4976 892.7838 893.0779 893.3804 893.6854 893.9794 894.2351 894.4142 894.4803 894.5777 894.6656 894.7503 894.8416 894.9443 895.058 895.1849 895.3303 895.4982 895.6799 895.8536 895.9883 896.0499 896.0133 895.8706 895.6301 895.3081 894.9232 894.48 893.8973 893.0984 892.1617 891.2246 890.4355 889.9442 889.9049 890.4835 891.3055 891.8857
893.3986 893.3656 893.3187 893.2413 893.1274 892.941 892.4534 891.916 891.442 890.9331 890.4713 890.1231 889.9003 889.7709 889.6772 889.6255 889.6155 889.6458 889.7131 889.8154 889.9516 890.1209 890.3205 890.5457 890.7928 891.0609 891.3461 891.6437 891.938 892.2334 892.5116 892.7829 893.0624 893.3524 893.6452 893.9266 894.175 894.3636 894.4802 894.5806 894.6685 894.7534 894.8447 894.946 895.0564 895.1776 895.3171 895.4814 895.6663 895.8522 896.009 896.0989 896.0898 895.969 895.742 895.4214 895.0146 894.525 894.0925 893.3512 892.4219 891.4615 890.6238 890.055 889.9007 890.2991 890.9395 891.5154
893.4576 893.4219 893.3649 893.272 893.1335 892.9227 892.3584 891.7961 891.4132 890.9733 890.573 890.2537 890.0316 889.8987 889.7839 889.7207 889.7023 889.7251 889.7865 889.8833 890.0139 890.1779 890.3726 890.5933 890.8353 891.0967 891.3741 891.663 891.9544 892.2363 892.5095 892.7711 893.033 893.3046 893.582 893.8528 894.1013 894.3126 894.479 894.5644 894.6444 894.7269 894.8173 894.918 895.0259 895.1405 895.2699 895.4237 895.6021 895.7897 895.9586 896.0709 896.0917 896.0032 895.8101 895.5306 895.1877 894.8083 894.4117 893.617 892.6622 891.6804 890.8037 890.1655 889.9 890.1419 890.6882 891.3512
893.4728 893.4242 893.3431 893.2024 892.9623 892.6199 892.0468 891.4799 891.1992 890.8912 890.5796 890.3015 890.0745 889.9012 889.8293 889.7844 889.7686 889.7877 889.8439 889.9358 890.0619 890.2216 890.4129 890.6306 890.8687 891.1239 891.3922 891.6723 891.955 892.2303 892.4919 892.7437 892.9924 893.2455 893.5031 893.7577 893.9969 894.2068 894.3733 894.4802 894.576 894.6664 894.7587 894.8593 894.9658 895.0759 895.1937 895.332 895.4969 895.6772 895.8479 895.9738 896.0191 895.9639 895.8091 895.5734 895.2794 894.9333 894.4816 893.7416 892.8223 891.8546 890.9648 890.274 889.9012 889.9928 890.4113 890.974
893.4478 893.3844 893.2863 893.134 892.9169 892.3831 891.7974 891.4116 891.0966 890.825 890.5684 890.3321 890.1299 889.9774 889.8999 889.8469 889.8242 889.8363 889.8856 889.972 890.0937 890.2498 890.4387 890.6546 890.89 891.139 891.3989 891.6673 891.9415 892.2086 892.4626 892.7044 892.9404 893.1772 893.415 893.6495 893.873 894.0739 894.241 894.3691 894.48 894.5808 894.6763 894.7744 894.8761 894.9827 895.0911 895.2121 895.3591 895.526 895.6897 895.8188 895.8789 895.8479 895.7217 895.5149 895.2501 894.9286 894.4865 893.7869 892.9135 891.9828 891.1099 890.4036 889.9688 889.9009 890.2119 890.7263
893.3879 893.3074 893.1819 892.9594 892.6447 892.0824 891.4741 891.2041 890.9839 890.7748 890.5673 890.3677 890.1902 890.0507 889.96 889.9 889.8683 889.8707 889.9114 889.9913 890.1088 890.2616 890.4481 890.6625 890.8956 891.1395 891.3896 891.6487 891.911 892.1725 892.4209 892.6556 892.8816 893.1034 893.3226 893.537 893.7424 893.9322 894.0989 894.24 894.3645 894.4799 894.5804 894.6736 894.7599 894.861 894.9613 895.0668 895.1962 895.3462 895.4963 895.6193 895.6827 895.6636 895.5492 895.3489 895.092 894.8002 894.4402 893.7587 892.9357 892.0618 891.229 890.5313 890.061 889.9 890.0748 890.476
893.3023 893.2152 893.1091 892.9341 892.4979 891.9449 891.4306 891.1495 890.9531 890.7744 890.5949 890.4176 890.2542 890.1173 890.0146 889.9423 889.9 889.8912 889.9218 889.9944 890.1071 890.2566 890.4402 890.6522 890.8829 891.1218 891.3646 891.6129 891.8682 892.121 892.3677 892.5995 892.818 893.0275 893.2302 893.4258 893.6138 893.7919 893.9559 894.1038 894.238 894.369 894.48 894.571 894.6243 894.7183 894.8058 894.8945 895.0142 895.1475 895.2783 895.3865 895.4447 895.4277 895.3113 895.0916 894.807 894.491 894.1472 893.5845 892.8715 892.0873 891.3152 890.6387 890.1404 889.9001 889.973 890.2882
