backend/lakes/data/Gull Lake/gull_dem_tm.asc
ncols         241
nrows         407
xllcorner     561550
yllcorner     5809200
cellsize      50
NODATA_value  -9999
[rows 240 to 269 of 407, columns 136 to 203 of 241]
886.7603 886.6784 886.6013 886.5297 886.4657 886.4124 886.3704 886.3346 886.2914 886.2499 886.2149 886.1891 886.1748 886.1746 886.1891 886.2158 886.2521 886.2974 886.3521 886.4165 886.4902 886.5713 886.6563 886.7404 886.8181 886.8848 886.9368 886.9723 886.9921 886.998 886.9922 886.978 886.9588 886.9399 886.9249 886.9173 886.9207 886.9368 886.9664 887.012 887.0728 887.14 887.2007 887.2402 887.2489 887.2267 887.1876 887.1528 887.1373 887.142 887.1456 887.1178 887.0516 886.9763 886.9497 887.0608 887.4113 888.0865 889.1163 890.2988 891.3825 892.2101 892.9531 893.7053 894.4789 895.2861 896.1741 897.139
886.825 886.7465 886.6704 886.5994 886.5355 886.4817 886.4366 886.3929 886.3477 886.3043 886.2667 886.2366 886.2172 886.2117 886.2231 886.2475 886.2822 886.3262 886.3793 886.4411 886.511 886.5876 886.669 886.7508 886.828 886.8961 886.9509 886.9896 887.0121 887.0198 887.0144 886.9998 886.9803 886.9612 886.9469 886.9388 886.9413 886.9557 886.9827 887.0235 887.0775 887.1345 887.1796 887.2025 887.1989 887.1741 887.1423 887.1198 887.1143 887.1226 887.1254 887.0972 887.035 886.9768 886.9893 887.1643 887.6078 888.4166 889.6525 890.7193 891.5149 892.2574 892.9488 893.7051 894.4624 895.1426 895.8448 896.5375
886.8955 886.8186 886.7441 886.6735 886.6085 886.5516 886.5002 886.452 886.4053 886.3607 886.3208 886.2877 886.264 886.253 886.261 886.2819 886.314 886.3565 886.408 886.4672 886.5332 886.6055 886.6826 886.7611 886.8367 886.9053 886.9623 887.0049 887.0314 887.0425 887.0397 887.0266 887.0085 886.9902 886.976 886.9683 886.9683 886.9812 887.0059 887.0417 887.0876 887.1349 887.167 887.175 887.1613 887.1357 887.1125 887.1025 887.104 887.109 887.1039 887.072 887.0171 886.9845 887.0491 887.3002 887.8329 888.7267 890.1222 891.2567 891.8836 892.4169 892.9647 893.7266 894.4543 894.9954 895.5637 896.1461
886.9691 886.8925 886.818 886.7468 886.68 886.6187 886.5629 886.5116 886.4634 886.4176 886.3756 886.3411 886.3166 886.3046 886.3051 886.3193 886.3473 886.3876 886.4379 886.494 886.5563 886.6245 886.6973 886.7722 886.8455 886.9135 886.9723 887.0184 887.0497 887.0657 887.0674 887.0581 887.043 887.0264 887.0128 887.0043 887.0034 887.0126 887.0353 887.0665 887.1035 887.1396 887.1609 887.1577 887.136 887.11 887.0945 887.0944 887.1013 887.0996 887.0818 887.0452 887.0032 887.0081 887.1451 887.51 888.2084 889.3515 890.8588 891.7184 892.2229 892.6318 893.055 893.8199 894.4581 894.848 895.2634 895.7046
887.045 886.9661 886.8898 886.8169 886.7479 886.6835 886.6241 886.5699 886.5198 886.473 886.4295 886.3939 886.3695 886.3575 886.3501 886.3575 886.3807 886.4183 886.4675 886.5201 886.5792 886.6442 886.7135 886.785 886.8555 886.9222 886.9821 887.0315 887.0675 887.0892 887.097 887.093 887.0822 887.0687 887.0562 887.0478 887.0447 887.0519 887.0705 887.0975 887.1257 887.1499 887.1604 887.1493 887.1224 887.0961 887.0848 887.0909 887.1007 887.0931 887.0631 887.023 887.0006 887.0551 887.2783 887.7679 888.6048 889.9156 891.2504 891.9955 892.4691 892.9244 893.4547 894.1078 894.4792 894.701 894.9773 895.2776
887.1179 887.0362 886.9575 886.8824 886.8114 886.7444 886.6824 886.6257 886.5737 886.5258 886.4814 886.4437 886.4166 886.4 886.3906 886.3945 886.4135 886.4468 886.4917 886.5432 886.6011 886.6641 886.731 886.7999 886.8676 886.9329 886.9932 887.045 887.0856 887.1133 887.1281 887.1308 887.1254 887.1162 887.1058 887.0974 887.0939 887.0977 887.113 887.1345 887.154 887.1664 887.1664 887.1492 887.1196 887.0928 887.0828 887.09 887.1002 887.09 887.0536 887.0157 887.0202 887.1359 887.4626 888.117 889.1804 890.4711 891.4828 892.1356 892.5574 892.9849 893.7317 894.4332 894.5211 894.5239 894.6549 894.7711
887.1859 887.1001 887.0182 886.941 886.8685 886.8002 886.7366 886.6781 886.6243 886.5754 886.5319 886.493 886.4633 886.4433 886.4314 886.4323 886.4479 886.4772 886.518 886.5673 886.6237 886.6851 886.7504 886.8172 886.8828 886.9464 887.0066 887.0601 887.1044 887.1382 887.1604 887.1707 887.1719 887.1679 887.1605 887.1532 887.1493 887.1514 887.1617 887.1782 887.1895 887.19 887.1796 887.1577 887.1271 887.1009 887.0896 887.0944 887.1024 887.0938 887.0618 887.0372 887.0778 887.2592 887.6782 888.4595 889.7629 891.0881 891.8407 892.3253 892.6762 893.0554 893.8671 894.4688 894.4348 894.2881 894.284 894.4553
887.2462 887.1567 887.0721 886.9929 886.9193 886.8505 886.7864 886.7267 886.6716 886.6224 886.58 886.5428 886.5117 886.4886 886.4749 886.4735 886.4863 886.5123 886.549 886.5947 886.6484 886.7081 886.772 886.8374 886.9012 886.9634 887.0229 887.0773 887.1248 887.1643 887.1945 887.2126 887.2208 887.2225 887.2196 887.2141 887.2108 887.2115 887.2181 887.228 887.2324 887.223 887.2019 887.1747 887.1453 887.1215 887.11 887.1106 887.1157 887.1124 887.098 887.1049 887.201 887.4678 887.988 888.8488 890.2021 891.3983 892.0861 892.5261 892.9247 893.424 894.1096 894.4815 894.418 894.2112 894.2018 894.5315
887.2963 887.2046 887.1187 887.0385 886.9641 886.8955 886.8318 886.772 886.7167 886.6677 886.6262 886.5917 886.5621 886.5374 886.5222 886.5191 886.5297 886.553 886.5852 886.6266 886.6766 886.7336 886.7959 886.8601 886.9229 886.9839 887.0431 887.0977 887.1472 887.192 887.2308 887.2563 887.2715 887.2791 887.2814 887.2792 887.2769 887.2777 887.2811 887.2853 887.2825 887.2654 887.236 887.2036 887.1754 887.1568 887.1489 887.1487 887.153 887.1587 887.1724 887.2296 887.4078 887.8085 888.5327 889.6974 890.9975 891.7928 892.3054 892.6786 893.0392 893.733 894.4198 894.6453 894.5779 894.41 894.4722 895.0395
887.3387 887.2456 887.1587 887.0784 887.0044 886.9363 886.8737 886.8149 886.7606 886.7124 886.6725 886.6392 886.6107 886.5869 886.5717 886.5675 886.5765 886.5981 886.6257 886.6627 886.7088 886.7624 886.8221 886.8853 886.9474 887.0074 887.0664 887.121 887.1718 887.2207 887.2691 887.3008 887.323 887.3368 887.3445 887.3468 887.3466 887.3484 887.3502 887.3494 887.3409 887.3182 887.2834 887.2479 887.2218 887.2098 887.2106 887.2174 887.2279 887.2484 887.2956 887.4102 887.6746 888.2109 889.1403 890.2515 891.337 891.9995 892.4789 892.9258 893.4381 894.0474 894.4867 894.7072 894.7697 894.7672 895.0228 895.8905
887.3771 887.2829 887.1952 887.1146 887.0413 886.9745 886.9135 886.857 886.8044 886.7581 886.72 886.6891 886.6599 886.6367 886.6218 886.6172 886.6244 886.6426 886.6684 886.7025 886.7451 886.7949 886.8513 886.9127 886.9743 887.0339 887.093 887.148 887.1993 887.251 887.3029 887.3437 887.3742 887.3945 887.4078 887.4154 887.4187 887.4218 887.4242 887.4206 887.4077 887.3823 887.3461 887.3103 887.2879 887.2853 887.2996 887.3225 887.3502 887.395 887.4818 887.6532 887.9832 888.5826 889.6522 890.5969 891.4228 892.0744 892.6054 893.1071 893.8561 894.4423 894.6875 894.8322 894.9652 895.172 895.7343 897.0034
887.4141 887.3183 887.23 887.1495 887.0768 887.0117 886.9526 886.8988 886.8488 886.8044 886.7668 886.7353 886.7081 886.6873 886.6737 886.6691 886.6749 886.6909 886.7148 886.7468 886.7861 886.8318 886.8841 886.9427 887.0034 887.0632 887.1219 887.1785 887.2302 887.2832 887.3398 887.3926 887.4259 887.4509 887.4698 887.4834 887.4915 887.4971 887.5012 887.4984 887.4836 887.4576 887.4242 887.3928 887.377 887.3856 887.4177 887.465 887.522 887.6033 887.743 887.9906 888.4223 889.1444 890.0012 890.8724 891.5174 892.2362 892.9377 893.7081 894.4077 894.7748 894.9501 895.0984 895.3462 895.7222 896.602 898.3695
887.4521 887.354 887.2648 887.1847 887.113 887.0497 886.9934 886.9424 886.8955 886.8535 886.8167 886.7853 886.7595 886.7405 886.7288 886.7247 886.7292 886.7433 886.7662 886.798 886.8319 886.8727 886.9208 886.976 887.0355 887.0956 887.1541 887.2119 887.264 887.316 887.3722 887.427 887.4696 887.5029 887.5292 887.5496 887.5638 887.5732 887.5802 887.5806 887.5685 887.5444 887.5165 887.494 887.4888 887.511 887.5632 887.6393 887.734 887.8592 888.0593 888.3912 888.951 889.7428 890.479 891.3105 891.8979 892.5808 893.355 894.3043 894.7901 895.0399 895.239 895.561 896.0905 896.6189 897.8358 899.7542
887.4935 887.3917 887.3012 887.2213 887.1511 887.0902 887.0374 886.9902 886.9468 886.9082 886.873 886.8422 886.8173 886.7991 886.7882 886.7844 886.7877 886.7992 886.8188 886.8458 886.8779 886.9161 886.9611 887.0128 887.0708 887.1311 887.1907 887.2476 887.3018 887.3527 887.4067 887.462 887.5115 887.553 887.5868 887.6139 887.6346 887.6492 887.6598 887.6655 887.6597 887.6418 887.621 887.6094 887.6181 887.6556 887.7281 887.8333 887.9659 888.1308 888.3813 888.7599 889.2782 889.9005 890.6211 891.421 892.1789 893.0191 894.1135 894.7366 895.0464 895.2318 895.5003 896.0913 897.2619 898.0215 899.1317 900.8859
887.54 887.4335 887.3409 887.2611 887.1927 887.1345 887.0858 887.0442 887.0072 886.97 886.9358 886.9058 886.8812 886.8634 886.8529 886.8494 886.8511 886.8593 886.8751 886.8979 886.9273 886.9631 887.0052 887.0541 887.1094 887.1693 887.23 887.2885 887.3434 887.3943 887.4471 887.5024 887.556 887.6036 887.6437 887.6766 887.7031 887.7237 887.7393 887.7511 887.7546 887.7466 887.7351 887.734 887.7554 887.8077 887.8967 888.0262 888.1926 888.3816 888.6736 889.0731 889.535 889.9586 890.6477 891.4451 892.3855 893.2684 894.3633 894.922 895.1975 895.3811 895.6949 896.3843 897.7828 899.0661 900.1689 901.8016
887.592 887.4801 887.3849 887.3049 887.2385 887.1829 887.1381 887.1004 887.0663 887.033 887.0023 886.9747 886.9512 886.9335 886.9226 886.9183 886.9194 886.9248 886.9369 886.9565 886.9829 887.0162 887.0553 887.1009 887.1523 887.2104 887.2715 887.3319 887.3878 887.4409 887.4933 887.5486 887.6044 887.6563 887.701 887.7383 887.7692 887.7953 887.8171 887.8358 887.8495 887.8544 887.854 887.8624 887.8922 887.9521 888.0468 888.1841 888.3755 888.5781 888.8975 889.3364 889.8563 890.2313 890.7955 891.5452 892.7422 893.761 894.5268 895.0343 895.3366 895.6176 896.0793 897.0036 898.3425 899.7061 901.0618 902.9346
887.6494 887.5314 887.433 887.3529 887.2886 887.2364 887.1947 887.1611 887.1293 887.0997 887.0726 887.048 887.0264 887.0088 886.9971 886.9917 886.9911 886.9946 887.0042 887.0213 887.0454 887.0768 887.1154 887.1541 887.2001 887.2546 887.3147 887.3764 887.4351 887.4896 887.5432 887.5994 887.6564 887.7111 887.7593 887.7997 887.833 887.8634 887.8918 887.9182 887.942 887.96 887.9727 887.9891 888.0228 888.0813 888.1641 888.264 888.3841 888.6461 888.989 889.4153 889.9044 890.4138 891.014 891.7013 892.9691 894.2261 894.7976 895.1909 895.5291 895.9653 896.7247 897.8373 899.194 900.6606 902.3431 904.1838
887.7102 887.5859 887.4844 887.4045 887.3425 887.2943 887.2553 887.224 887.1962 887.171 887.1478 887.1262 887.1066 887.0897 887.0768 887.0696 887.0671 887.0685 887.0752 887.0902 887.1121 887.1393 887.1724 887.2087 887.2514 887.3024 887.3604 887.4218 887.4829 887.5408 887.5967 887.6533 887.7111 887.7671 887.8173 887.8589 887.8937 887.9277 887.9621 887.9966 888.0301 888.0601 888.0853 888.1098 888.1451 888.2025 888.2825 888.3796 888.4924 888.7157 889.0281 889.4263 889.9166 890.5712 891.3406 892.0435 893.0737 894.2711 894.803 895.2439 895.6893 896.2338 897.4332 898.8412 900.3492 902.0087 903.6531 905.1747
887.7714 887.6416 887.5378 887.4592 887.4006 887.3563 887.322 887.2938 887.2697 887.2485 887.2289 887.21 887.192 887.1759 887.1621 887.1525 887.1476 887.1467 887.1515 887.1642 887.1829 887.2052 887.2334 887.2676 887.308 887.3553 887.4096 887.4692 887.5311 887.592 887.6514 887.7107 887.7695 887.8254 887.876 887.9183 887.9545 887.9893 888.0277 888.0695 888.1118 888.1517 888.1871 888.2181 888.251 888.3055 888.3799 888.4648 888.5752 888.764 889.041 889.4171 889.9144 890.5895 891.4183 892.1705 893.0107 893.959 894.5535 895.1965 895.8948 896.7 898.2413 899.9046 901.6194 903.3669 904.8447 -9999
887.8302 887.6968 887.5925 887.5168 887.4634 887.4242 887.3942 887.3704 887.3503 887.3325 887.3156 887.2988 887.2823 887.2664 887.2521 887.2403 887.2327 887.2292 887.2319 887.2426 887.2595 887.2765 887.2999 887.3322 887.3727 887.4139 887.4636 887.5203 887.5812 887.6437 887.7061 887.7681 887.8289 887.8854 887.9358 887.978 888.0132 888.0475 888.0889 888.1353 888.1844 888.232 888.2746 888.3092 888.3311 888.38 888.4456 888.5238 888.6238 888.7792 889.0165 889.3646 889.8614 890.4647 891.3999 892.2068 892.9834 893.8105 894.4814 895.0637 895.7365 896.7313 898.7542 900.5616 902.4589 904.3279 905.5602 -9999
887.888 887.752 887.6494 887.5795 887.5324 887.499 887.4738 887.4538 887.4371 887.422 887.4071 887.392 887.3765 887.3608 887.3459 887.3325 887.3221 887.3159 887.3157 887.3231 887.3361 887.3501 887.3696 887.3975 887.4333 887.4736 887.5208 887.5756 887.635 887.6973 887.7611 887.825 887.887 887.944 887.994 888.0364 888.0723 888.1075 888.1476 888.1942 888.2457 888.2968 888.3425 888.3799 888.3801 888.4242 888.4861 888.5583 888.6429 888.7617 888.9413 889.2065 889.5865 890.1356 891.298 892.1785 892.9707 893.7173 894.4114 894.8636 895.4772 896.5042 898.4821 900.3901 902.4121 904.338 905.5518 906.4924
887.9502 887.8097 887.711 887.6501 887.611 887.5825 887.5612 887.5444 887.5302 887.5166 887.5029 887.4885 887.4733 887.4579 887.4424 887.4282 887.4158 887.407 887.4036 887.4074 887.4169 887.4281 887.4432 887.4664 887.4984 887.5377 887.5836 887.6356 887.6927 887.7542 887.818 887.8822 887.944 888.0006 888.0498 888.0916 888.1271 888.1609 888.1992 888.245 888.2952 888.3429 888.38 888.4065 888.4198 888.4567 888.5109 888.5763 888.6472 888.735 888.8691 889.0824 889.4286 890.0167 891.1416 892.0049 892.8434 893.4573 894.0751 894.5361 895.1281 896.0111 897.4357 899.4507 901.5256 903.4484 904.8845 905.9667
888.0295 887.8738 887.7804 887.7334 887.7009 887.6765 887.6574 887.642 887.6288 887.6158 887.6024 887.588 887.5728 887.5572 887.5416 887.5266 887.5129 887.5021 887.4957 887.4961 887.502 887.5106 887.5219 887.5406 887.5692 887.608 887.6554 887.7017 887.7546 887.8139 887.8768 887.9401 888.0004 888.0552 888.1029 888.1434 888.178 888.2101 888.2449 888.2896 888.338 888.38 888.405 888.422 888.4411 888.4763 888.5255 888.5835 888.6458 888.7143 888.8174 888.9976 889.3154 889.8585 890.6403 891.5297 892.3838 893.0612 893.8026 894.4182 894.8602 895.5777 896.6947 898.2648 900.3159 902.2466 903.8853 905.2672
888.1102 887.9388 887.8583 887.8337 887.8056 887.7822 887.7631 887.747 887.733 887.7194 887.705 887.6897 887.6738 887.6581 887.6423 887.627 887.6125 887.6001 887.5917 887.5889 887.5915 887.597 887.6048 887.6193 887.6436 887.678 887.7209 887.7671 887.8192 887.8772 887.9384 887.9994 888.0568 888.1086 888.1548 888.1936 888.2266 888.2582 888.2875 888.3323 888.38 888.4165 888.4341 888.4414 888.4565 888.4884 888.5348 888.5884 888.6442 888.7018 888.7811 888.9211 889.1647 889.5551 890.1282 891.1886 892.0544 892.9205 893.5962 894.1365 894.5431 895.2024 896.089 897.1469 899.1187 901.0171 902.7859 904.4982
888.1593 888.0085 887.9463 887.9422 887.9207 887.8982 887.8772 887.8583 887.8416 887.8257 887.8096 887.7928 887.7759 887.7596 887.7438 887.7286 887.7139 887.7009 887.6906 887.6848 887.6844 887.6876 887.6932 887.7031 887.7227 887.7526 887.7913 887.8365 887.8887 887.9458 888.0052 888.0621 888.114 888.1619 888.2068 888.2455 888.2756 888.3109 888.33 888.3799 888.4306 888.4685 888.4828 888.4806 888.4832 888.506 888.546 888.5963 888.6484 888.7007 888.7659 888.879 889.0813 889.415 889.9327 890.772 891.6511 892.716 893.3795 893.937 894.4424 894.9785 895.7922 896.4468 897.9835 899.7357 901.4933 903.2874
888.3771 888.1589 888.0697 888.0675 888.0468 888.0229 887.9974 887.9731 887.952 887.9331 887.9147 887.8964 887.8784 887.8616 887.8457 887.8307 887.8165 887.8032 887.7924 887.7842 887.7808 887.7823 887.7869 887.7953 887.8104 887.835 887.8694 887.913 887.9652 888.0222 888.0795 888.1309 888.1741 888.2158 888.262 888.3047 888.3269 888.3798 888.3804 888.4396 888.4997 888.5443 888.56 888.5505 888.5366 888.5428 888.5712 888.6144 888.6622 888.7109 888.7683 888.865 889.0455 889.3597 889.8536 890.4523 891.3188 892.2142 893.0093 893.6447 894.1445 894.5657 895.2576 895.9316 897.0109 898.4653 900.1279 901.9056
888.7075 888.3776 888.2233 888.2123 888.1815 888.153 888.1195 888.087 888.0605 888.0386 888.0182 887.9986 887.98 887.9628 887.9469 887.9325 887.919 887.9065 887.8956 887.8867 887.8812 887.8815 887.8867 887.8949 887.9073 887.9271 887.9565 887.9971 888.0496 888.1094 888.1619 888.207 888.2375 888.2692 888.3215 888.3797 888.3808 888.4589 888.5005 888.5527 888.6068 888.6505 888.6682 888.6547 888.6257 888.6094 888.6198 888.6501 888.6893 888.7308 888.7783 888.8535 888.9936 889.2316 889.5777 890.0082 890.806 891.6784 892.7205 893.4005 893.9828 894.4777 894.9277 895.4071 896.1407 897.348 898.9464 900.5877
889.101 888.6169 888.3826 888.3783 888.3104 888.2787 888.234 888.192 888.1617 888.1388 888.1176 888.0975 888.0791 888.0621 888.0464 888.0325 888.0201 888.0092 887.9991 887.9905 887.9846 887.985 887.9924 888.0032 888.0132 888.0275 888.0504 888.0854 888.1354 888.1951 888.2452 888.2909 888.3048 888.3197 888.3801 888.4629 888.5288 888.6202 888.6736 888.7142 888.7529 888.7884 888.8057 888.7911 888.7516 888.7129 888.6995 888.7103 888.7344 888.7623 888.7946 888.8442 888.9431 889.1246 889.4178 889.8568 890.4436 891.2806 892.1774 893.0273 893.7874 894.426 894.7182 895.0535 895.5844 896.5073 898.1124 899.5792
889.4966 888.8818 888.5658 888.4555 888.3803 888.3797 888.3257 888.2772 888.2493 888.2303 888.2095 888.1899 888.173 888.1573 888.1419 888.1284 888.1176 888.1092 888.1018 888.0939 888.0888 888.0907 888.1031 888.1206 888.1281 888.1353 888.1496 888.1758 888.2205 888.2839 888.3228 888.3798 888.3799 888.3804 888.4686 888.5844 888.6993 888.8111 888.8793 888.9142 888.9359 888.957 888.97 888.9562 888.9115 888.855 888.8152 888.8013 888.8036 888.8107 888.8202 888.8411 888.8955 889.0133 889.2167 889.52 889.9324 890.613 891.5242 892.5838 893.4408 894.1069 894.4958 894.8694 895.3383 896.1121 897.4185 898.7599
889.8966 889.1398 888.7451 888.5615 888.4667 888.4293 888.38 888.335 888.3202 888.3112 888.2892 888.2714 888.2578 888.2451 888.2296 888.2162 888.2073 888.2032 888.2014 888.1949 888.1896 888.1937 888.2136 888.248 888.2515 888.2515 888.2563 888.2695 888.3021 888.3794 888.3805 888.4308 888.4569 888.4968 888.6009 888.7398 888.8843 889.0148 889.104 889.1426 889.1519 889.1565 889.1598 889.1463 889.1011 889.034 888.9702 888.9278 888.9023 888.8832 888.8639 888.8528 888.866 888.9281 889.0581 889.2638 889.5579 890.0178 890.8539 891.8065 892.9379 893.8251 894.4681 894.8781 895.3181 896.0142 897.076 898.2244
