backend/lakes/data/Lac Saint Cyr/lstc_dem_tm.asc
ncols         77
nrows         89
xllcorner     748200
yllcorner     5974300
cellsize      50
NODATA_value  -9999
[rows 31 to 61 of 89, columns 0 to 68 of 77]
-9999 -9999 -9999 -9999 -9999 -9999 -9999 -9999 -9999 -9999 -9999 -9999 -9999 -9999 -9999 -9999 -9999 -9999 -9999 -9999 -9999 -9999 -9999 -9999 -9999 -9999 -9999 -9999 -9999 655.0231 655.2927 653.6786 649.9387 644.5116 638.3033 632.6805 628.4997 625.9396 624.4924 624.6611 626.3749 628.7208 631.3415 634.3029 637.7927 641.843 646.0734 649.8009 652.5562 654.6772 656.6494 658.519 -9999 -9999 -9999 -9999 -9999 -9999 -9999 -9999 -9999 -9999 -9999 -9999 -9999 -9999 -9999 -9999 -9999
-9999 -9999 -9999 -9999 -9999 -9999 -9999 -9999 -9999 -9999 -9999 -9999 -9999 -9999 -9999 -9999 -9999 -9999 -9999 -9999 -9999 -9999 -9999 -9999 -9999 -9999 -9999 -9999 -9999 655.2935 654.91 652.7057 648.4454 642.686 636.4797 631.2037 627.6612 626.0111 625.3843 626.4196 628.3388 630.5817 633.1738 636.2792 639.936 643.9438 647.6672 650.3697 651.8047 652.8807 654.514 656.5098 -9999 -9999 -9999 -9999 -9999 -9999 -9999 -9999 -9999 -9999 -9999 -9999 -9999 -9999 -9999 -9999 -9999
-9999 -9999 -9999 -9999 -9999 -9999 -9999 -9999 -9999 -9999 -9999 -9999 -9999 -9999 -9999 -9999 -9999 -9999 -9999 -9999 -9999 -9999 -9999 -9999 -9999 -9999 -9999 -9999 654.9756 655.3955 654.572 651.7485 646.9969 641.028 635.0336 630.3171 627.5989 627.181 627.4606 628.6743 630.3807 632.4763 635.2309 638.6761 642.5954 646.5389 649.7015 651.4381 651.5592 651.5792 652.8553 654.9637 657.2734 659.4395 661.5393 -9999 -9999 -9999 -9999 -9999 -9999 -9999 -9999 -9999 -9999 -9999 -9999 -9999 -9999
-9999 -9999 -9999 -9999 -9999 -9999 -9999 -9999 -9999 -9999 -9999 -9999 -9999 -9999 -9999 -9999 -9999 -9999 -9999 -9999 -9999 -9999 -9999 -9999 -9999 -9999 -9999 -9999 655.0316 655.2606 654.056 650.6776 645.4961 639.4619 633.9653 630.0804 628.3213 628.8674 629.5624 630.3813 631.9553 634.1108 637.2824 641.2184 645.4063 649.1382 651.6718 652.6212 651.8738 651.4668 652.1248 654.2625 656.6712 658.6 660.2436 661.9518 663.8272 -9999 -9999 -9999 -9999 -9999 -9999 -9999 -9999 -9999 -9999 -9999 -9999
-9999 -9999 -9999 -9999 -9999 -9999 -9999 -9999 -9999 -9999 -9999 -9999 -9999 -9999 -9999 -9999 -9999 -9999 -9999 -9999 -9999 -9999 -9999 -9999 -9999 -9999 -9999 654.0339 655.0004 654.9718 653.2864 649.3831 643.8894 638.017 633.2783 630.5294 629.8175 630.3918 630.6648 631.3336 632.9273 635.5916 639.4186 643.8752 648.1104 651.3624 653.1672 653.425 652.5901 651.5882 651.926 653.8471 655.9879 657.4553 658.7342 660.1867 662.1242 664.3387 666.4045 -9999 -9999 -9999 -9999 -9999 -9999 -9999 -9999 -9999 -9999
-9999 -9999 -9999 -9999 -9999 -9999 -9999 -9999 -9999 -9999 -9999 -9999 -9999 -9999 -9999 -9999 -9999 -9999 -9999 -9999 -9999 -9999 -9999 -9999 -9999 -9999 652.8215 653.9439 654.97 654.4789 652.1429 647.7177 642.0437 636.5851 632.7366 631.1207 630.9932 631.2184 631.4322 632.25 634.1367 637.4917 641.9207 646.6405 650.5703 652.8444 653.5607 652.9879 651.6013 650.4302 650.3436 651.812 653.6629 655.136 656.3718 657.9617 660.1814 662.795 665.2539 666.9747 -9999 -9999 -9999 -9999 -9999 -9999 -9999 -9999 -9999
-9999 -9999 -9999 -9999 -9999 -9999 -9999 -9999 -9999 -9999 -9999 -9999 -9999 -9999 -9999 -9999 -9999 -9999 -9999 -9999 -9999 -9999 -9999 -9999 652.026 652.1073 652.7983 654.2167 654.6082 653.5604 650.5247 645.6691 640.0389 635.1351 632.0564 631.0811 631.3129 631.9295 632.6979 633.9976 636.5354 640.4015 645.0682 649.5569 652.6682 653.5026 652.6569 650.5852 648.3652 646.8419 646.6701 647.8085 649.5418 651.1671 652.801 654.9716 657.7789 660.9011 663.7235 665.6371 -9999 -9999 -9999 -9999 -9999 -9999 -9999 -9999 -9999
-9999 -9999 -9999 -9999 -9999 -9999 -9999 -9999 -9999 -9999 -9999 -9999 -9999 -9999 -9999 -9999 -9999 -9999 -9999 -9999 -9999 -9999 -9999 -9999 651.8438 652.0245 652.7159 653.8567 653.5234 651.8024 648.3222 643.3324 638.0396 633.8378 631.5601 631.2802 632.1731 633.5374 635.2018 637.2728 640.309 644.3444 648.7603 652.4744 654.2564 653.2712 650.5004 647.0411 644.1745 642.5228 642.2988 643.2463 644.7444 646.4197 648.4558 651.3175 654.8519 658.5601 661.7853 663.9717 664.9626 -9999 -9999 -9999 -9999 -9999 -9999 -9999 -9999
-9999 -9999 -9999 -9999 -9999 -9999 -9999 -9999 -9999 -9999 -9999 -9999 -9999 -9999 -9999 -9999 -9999 -9999 -9999 -9999 649.9713 651.1682 652.0541 652.4744 652.1697 652.0189 652.2986 652.373 651.4407 649.1431 645.6127 640.9069 636.2151 632.7822 631.3326 632.0402 634.102 636.6766 639.29 641.9161 645.0844 648.8779 652.547 655.0106 654.8738 652.2156 648.03 643.9351 640.9221 639.4642 639.3517 640.2219 641.3663 642.5991 644.4948 647.6951 651.8447 656.1066 659.7271 662.2243 663.6347 -9999 -9999 -9999 -9999 -9999 -9999 -9999 -9999
-9999 -9999 -9999 -9999 -9999 -9999 -9999 -9999 -9999 -9999 -9999 -9999 -9999 -9999 -9999 -9999 -9999 -9999 -9999 651.1794 652.2007 653.0904 653.5471 653.7463 653.1564 652.4777 651.7656 650.4728 648.5361 645.9482 642.6061 638.5538 634.73 632.1226 631.8357 633.9274 637.2855 640.9038 644.1853 647.0635 649.9976 653.1088 655.8136 657.0406 655.1943 651.0867 646.098 642.0583 639.3217 637.9263 637.7988 638.7294 639.6126 640.6924 641.8939 644.9596 649.3595 653.9365 657.8599 660.6886 662.5861 -9999 -9999 -9999 -9999 -9999 -9999 -9999 -9999
-9999 -9999 -9999 -9999 -9999 -9999 -9999 -9999 -9999 -9999 -9999 -9999 -9999 -9999 -9999 -9999 -9999 -9999 651.8391 652.791 653.6918 654.0588 654.0908 653.9934 653.6107 652.4926 650.947 648.564 645.6039 642.7156 639.8197 636.7078 633.878 632.0579 633.1887 636.5048 640.8369 645.0956 648.5208 651.4237 653.9814 656.3383 657.9727 657.7579 654.9387 650.0931 644.8786 641.1451 639.0903 638.2555 637.4018 638.2715 638.5087 639.1538 640.4678 643.3826 647.6938 652.235 656.2504 659.4465 662.0279 -9999 -9999 -9999 -9999 -9999 -9999 -9999 -9999
-9999 -9999 -9999 -9999 -9999 -9999 -9999 -9999 -9999 -9999 -9999 -9999 -9999 -9999 -9999 -9999 -9999 652.1185 652.2758 652.8829 653.363 653.5017 653.1564 652.7778 652.446 651.7163 650.1901 647.4888 644.0588 640.8846 638.1555 635.7767 633.9097 633.054 634.9329 638.9041 643.8157 648.2531 651.4481 654.3445 656.6771 658.4444 659.1565 658.0583 654.5421 649.3842 644.3362 641.0657 639.2229 638.532 637.7053 637.1511 637.5283 638.1067 639.5807 642.6594 646.7133 650.9178 654.7955 658.2477 661.4159 -9999 -9999 -9999 -9999 -9999 -9999 -9999 -9999
-9999 -9999 -9999 -9999 -9999 -9999 -9999 -9999 -9999 -9999 -9999 -9999 -9999 -9999 -9999 -9999 -9999 652.0228 651.6135 651.6573 651.6865 651.3391 650.6661 650.2318 650.3633 650.5399 649.674 647.3389 643.9591 640.5483 637.7026 635.5643 634.1952 634.051 636.3899 640.5013 645.5175 650.141 653.5803 656.0287 658.2538 659.5942 659.6703 658.009 654.189 649.0477 644.3273 641.6606 639.2661 638.3354 638.1494 637.6022 636.9003 637.5884 639.215 642.3257 646.077 649.8087 653.3238 656.7863 660.2502 -9999 -9999 -9999 -9999 -9999 -9999 -9999 -9999
-9999 -9999 -9999 -9999 -9999 -9999 -9999 -9999 -9999 -9999 -9999 -9999 -9999 -9999 -9999 -9999 -9999 651.3632 650.7207 650.168 649.4812 648.4487 647.5002 647.1632 647.9611 648.9589 649.1266 647.5778 644.5698 641.1635 637.9887 635.6481 634.3696 634.9361 637.3424 641.2039 645.9529 650.5672 654.3063 657.0387 659.0049 659.9926 659.6506 657.6835 653.8132 648.7488 643.9448 640.9384 639.1045 638.5948 638.7921 637.9282 636.6496 637.2684 638.9446 642.0755 645.6757 649.0267 652.0835 655.2665 658.6205 -9999 -9999 -9999 -9999 -9999 -9999 -9999 -9999
-9999 -9999 -9999 -9999 -9999 -9999 -9999 -9999 -9999 -9999 -9999 -9999 -9999 -9999 -9999 -9999 -9999 651.1092 650.2148 649.1479 647.7253 646.0271 644.8444 644.9077 645.8545 647.3145 648.1942 647.8487 645.5323 642.1591 638.687 635.9846 634.544 635.4517 637.7661 641.2175 645.4515 649.8135 653.6707 656.7017 658.7907 659.6923 659.1199 657.0488 653.3004 648.3975 643.4938 639.9991 638.4154 637.9683 637.8724 637.1996 636.3989 637.2237 639.0942 642.0822 645.6197 648.8017 651.5793 654.3942 657.2424 -9999 -9999 -9999 -9999 -9999 -9999 -9999 -9999
-9999 -9999 -9999 -9999 -9999 -9999 -9999 -9999 -9999 -9999 -9999 -9999 -9999 -9999 -9999 -9999 -9999 651.2385 650.3659 648.8083 646.7241 644.6214 643.394 643.6232 644.5076 645.8286 647.4153 647.8479 646.337 643.1824 639.5955 636.7493 635.3053 635.8036 637.7037 640.5522 644.187 648.285 652.1758 655.4128 657.7121 658.8019 658.1448 656.0372 652.4406 647.7307 642.8815 639.2896 637.6882 637.1655 636.916 636.4636 636.1481 637.2681 639.634 642.2889 645.972 649.4222 652.3286 654.8622 656.9133 -9999 -9999 -9999 -9999 -9999 -9999 -9999 -9999
-9999 -9999 -9999 -9999 -9999 -9999 -9999 -9999 -9999 -9999 -9999 -9999 -9999 -9999 -9999 -9999 651.979 651.0612 650.0344 648.3685 646.1874 644.2122 643.2603 643.4641 643.7739 644.612 646.2654 647.5511 646.7595 643.9429 640.3932 637.4933 635.8722 635.8802 637.2708 639.5426 642.6664 646.4612 650.28 653.6324 656.1366 657.3899 656.7037 654.5482 651.0692 646.5754 642.0002 638.6885 637.1235 636.5412 636.2991 635.9851 635.8974 636.9609 639.3857 642.5437 646.7719 650.8651 654.2344 656.7064 657.9963 -9999 -9999 -9999 -9999 -9999 -9999 -9999 -9999
-9999 -9999 -9999 -9999 -9999 -9999 -9999 -9999 -9999 -9999 -9999 -9999 -9999 -9999 -9999 -9999 651.2614 650.571 649.6085 647.9692 645.9033 644.1224 643.242 643.3111 643.1633 643.4818 644.6942 646.1472 646.2227 644.0222 640.8999 638.2152 636.4211 635.9108 636.6002 638.4929 641.2545 644.6866 648.3325 651.7103 654.3513 655.6815 654.9205 652.6964 649.2685 645.002 640.8903 638.1274 636.7209 636.1812 635.9836 635.8688 635.8761 636.9536 639.6571 643.45 648.3058 653.0697 656.9405 659.4479 660.0625 -9999 -9999 -9999 -9999 -9999 -9999 -9999 -9999
-9999 -9999 -9999 -9999 -9999 -9999 -9999 -9999 -9999 -9999 -9999 -9999 -9999 -9999 -9999 -9999 650.5712 649.8959 648.842 647.2815 645.5035 644.0663 643.1982 643.4313 642.635 642.2677 642.9429 644.1336 644.5391 643.3556 641.4311 639.5582 637.8602 636.6972 636.5035 637.882 640.2114 643.09 646.2942 649.5031 652.1778 653.5781 652.8646 650.6144 647.2101 643.1801 639.6107 637.4177 636.3151 635.8649 635.6474 635.6229 636.1926 637.875 640.8431 645.2206 650.5598 655.7769 659.9345 662.3156 662.3443 -9999 -9999 -9999 -9999 -9999 -9999 -9999 -9999
-9999 -9999 -9999 -9999 -9999 -9999 -9999 -9999 -9999 -9999 -9999 -9999 -9999 -9999 -9999 650.0554 649.9783 649.1948 648.0154 646.4512 644.9766 644.1771 643.8596 643.2441 642.1943 641.7958 641.9943 642.3284 642.4141 641.9816 642.4207 641.7937 640.4539 639.078 638.1846 638.3828 639.5787 641.4222 643.968 646.9026 649.6021 651.1645 650.6172 648.3969 645.0203 641.3472 638.4371 636.6984 635.8323 635.3433 634.6693 635.1826 636.6715 639.5075 642.677 647.4847 653.1086 658.4601 662.4794 664.1705 663.4656 -9999 -9999 -9999 -9999 -9999 -9999 -9999 -9999
-9999 -9999 -9999 -9999 -9999 -9999 -9999 -9999 -9999 -9999 -9999 -9999 -9999 -9999 -9999 650.001 650.0737 649.2082 647.6412 645.6874 644.0526 643.423 643.4115 642.8926 642.1809 641.8484 641.9747 642.1949 642.594 643.4037 644.5071 644.4679 643.4043 642.0259 640.6013 639.3254 638.9459 639.6669 641.4719 644.0511 646.7449 648.5099 648.237 646.0899 642.854 639.6984 637.5979 636.1678 635.344 634.5306 634.2581 635.001 636.8708 640.079 644.1288 649.4989 655.2635 660.4144 664.0411 665.3563 -9999 -9999 -9999 -9999 -9999 -9999 -9999 -9999 -9999
-9999 -9999 -9999 -9999 -9999 -9999 -9999 -9999 -9999 -9999 -9999 -9999 -9999 -9999 -9999 650.9341 651.1422 650.0833 647.9662 645.3969 643.3573 642.2874 642.103 642.056 642.0222 641.9877 642.2445 642.5066 642.8468 643.8224 645.0535 645.8748 644.8098 643.5808 642.1935 640.5811 639.4084 638.9448 639.7013 641.5596 643.9087 645.7477 645.7352 643.7433 640.9794 638.5675 637.3479 636.377 635.6764 634.8386 634.366 634.966 636.9998 640.5481 645.3083 650.9739 656.5047 660.9261 663.4243 663.3489 -9999 -9999 -9999 -9999 -9999 -9999 -9999 -9999 -9999
-9999 -9999 -9999 -9999 -9999 -9999 -9999 -9999 -9999 -9999 -9999 -9999 -9999 -9999 -9999 651.8248 651.946 650.9985 648.6086 645.6057 643.0439 641.6489 641.1333 641.3027 641.9118 642.2563 642.6797 642.9507 642.778 643.567 644.267 644.8516 644.1723 643.5601 642.701 641.5812 640.3322 639.1859 639.0542 640.0155 641.5256 643.0313 643.1358 641.4757 639.3656 637.8412 637.4846 636.771 636.1095 635.5184 634.8646 635.1494 637.2805 641.0333 646.1124 651.6367 656.5452 659.9177 661.1678 660.0281 -9999 -9999 -9999 -9999 -9999 -9999 -9999 -9999 -9999
-9999 -9999 -9999 -9999 -9999 -9999 -9999 -9999 -9999 -9999 -9999 -9999 -9999 -9999 -9999 651.9979 652.2484 651.4391 649.0878 646.0501 643.3689 641.5459 640.5198 640.5833 641.5027 642.2028 642.9313 643.4905 642.7629 643.4133 643.5729 643.8367 643.6989 643.3678 642.7845 642.0576 641.28 640.0884 639.0345 639.1871 639.9093 640.5278 640.4502 639.2341 637.941 637.3251 637.2021 636.9537 636.5767 636.1656 635.8589 636.3344 638.3989 641.9492 646.7351 651.5889 655.5027 657.7473 657.9432 -9999 -9999 -9999 -9999 -9999 -9999 -9999 -9999 -9999 -9999
-9999 -9999 -9999 -9999 -9999 -9999 -9999 -9999 -9999 -9999 -9999 -9999 -9999 -9999 -9999 651.9656 652.33 651.6731 649.5349 646.7313 644.2997 642.1009 640.699 640.325 640.6852 641.5917 642.4351 643.0406 642.9941 643.3235 643.4448 643.5277 643.4502 643.171 642.6331 642.0439 641.3846 640.6627 639.4557 638.9393 639.0261 638.8801 638.364 637.6818 637.3965 637.3805 637.4946 637.6739 637.6293 637.5501 637.6461 638.3514 640.2251 643.3524 647.3526 651.1475 653.8319 654.9499 654.5532 -9999 -9999 -9999 -9999 -9999 -9999 -9999 -9999 -9999 -9999
-9999 -9999 -9999 -9999 -9999 -9999 -9999 -9999 -9999 -9999 -9999 -9999 -9999 -9999 -9999 651.9518 652.5067 652.0806 650.1856 647.5024 644.9369 642.8729 641.5079 640.6166 640.3729 640.7242 641.6526 642.5016 643.0316 643.3918 643.4926 643.447 643.3181 643.0605 642.6233 642.1521 641.6539 640.586 639.5652 639.0347 638.8798 638.2572 637.5264 637.4643 637.7589 638.2024 638.7853 639.5208 639.7264 639.9746 640.4609 641.3513 642.9557 645.3647 648.2584 650.7822 652.1905 652.3964 651.7291 -9999 -9999 -9999 -9999 -9999 -9999 -9999 -9999 -9999 -9999
-9999 -9999 -9999 -9999 -9999 -9999 -9999 -9999 -9999 -9999 -9999 -9999 -9999 -9999 -9999 652.1913 653.0734 653.0994 651.2972 648.5539 645.7905 643.6771 642.3163 641.4431 640.5847 640.4496 640.8587 641.9611 642.9896 643.4905 643.5448 643.3344 643.0915 642.7802 642.2971 641.7177 641.0328 640.0843 639.3267 638.9998 638.92 638.6216 638.6188 638.8006 639.1904 639.8532 640.6232 641.5768 642.4336 643.2996 644.1198 645.0223 646.168 647.7308 649.4858 650.8307 651.0731 650.7155 649.9259 -9999 -9999 -9999 -9999 -9999 -9999 -9999 -9999 -9999 -9999
-9999 -9999 -9999 -9999 -9999 -9999 -9999 -9999 -9999 -9999 -9999 -9999 -9999 -9999 -9999 -9999 653.9591 654.3181 652.6299 649.819 646.8343 644.4286 642.9597 641.972 641.1685 640.5798 640.6218 641.4453 642.6779 643.1746 643.2765 642.9207 642.5972 642.1998 641.5512 640.8236 639.9689 639.3289 638.935 638.9274 639.0136 639.2563 640.0009 640.5875 641.1948 642.1662 643.2991 644.6376 645.9306 647.0777 647.9707 648.7314 649.4201 650.1855 650.9709 651.3976 651.0876 650.2273 -9999 -9999 -9999 -9999 -9999 -9999 -9999 -9999 -9999 -9999 -9999
-9999 -9999 -9999 -9999 -9999 -9999 -9999 -9999 -9999 -9999 -9999 -9999 -9999 -9999 -9999 -9999 654.3311 654.7848 653.5458 650.9295 647.892 645.218 643.447 642.2352 641.3889 640.3545 639.9875 640.3999 641.2506 641.9172 642.0626 641.9188 641.7195 641.2952 640.4424 639.6104 639.0052 638.9287 638.9828 639.2223 639.9023 640.4097 641.3142 642.0796 643.0508 644.4271 646.0379 647.6871 649.1591 650.3229 651.1229 651.7331 652.1324 652.3892 652.583 652.6305 652.313 651.3146 -9999 -9999 -9999 -9999 -9999 -9999 -9999 -9999 -9999 -9999 -9999
-9999 -9999 -9999 -9999 -9999 -9999 -9999 -9999 -9999 -9999 -9999 -9999 -9999 -9999 -9999 -9999 -9999 654.9951 654.0064 651.5938 648.5643 645.6791 643.541 641.8417 640.4552 639.2585 638.7819 638.8796 639.3962 640.1267 640.4794 640.5745 640.5002 639.8875 639.1495 639.0756 639.3105 639.7044 640.2162 640.517 640.9549 641.4279 642.2389 643.311 644.5983 646.371 648.2388 649.8959 651.23 652.1954 652.7887 653.3935 653.7675 653.8941 653.977 654.0794 -9999 -9999 -9999 -9999 -9999 -9999 -9999 -9999 -9999 -9999 -9999 -9999 -9999
-9999 -9999 -9999 -9999 -9999 -9999 -9999 -9999 -9999 -9999 -9999 -9999 -9999 -9999 -9999 -9999 -9999 654.8885 653.8243 651.6351 648.7784 645.8563 643.41 641.2004 639.4824 638.1994 637.5381 637.4623 637.7982 638.5723 639.0446 639.3362 639.2249 639.3668 639.9654 640.6792 641.4481 642.1086 642.6231 642.7016 642.7422 642.9225 643.6273 644.791 646.3557 648.1968 649.8709 651.0571 651.7579 652.1722 653.0352 653.8787 654.1777 654.4489 -9999 -9999 -9999 -9999 -9999 -9999 -9999 -9999 -9999 -9999 -9999 -9999 -9999 -9999 -9999
