backend/lakes/data/Buck Lake/buck_dem_tm.asc
ncols         162
nrows         218
xllcorner     511800
yllcorner     5862750
cellsize      50
NODATA_value  -9999
[rows 32 to 63 of 218, columns 0 to 70 of 162]
-9999 -9999 -9999 -9999 -9999 -9999 -9999 -9999 -9999 -9999 -9999 -9999 -9999 -9999 -9999 -9999 -9999 -9999 -9999 -9999 -9999 -9999 -9999 -9999 887.3547 887.6389 888.1993 888.8895 889.3872 889.2025 888.6177 887.5475 886.2261 885.283 884.3577 883.2833 881.8653 880.5173 879.3622 878.5406 877.9643 877.5437 877.2466 876.9647 876.8171 876.6132 876.2766 876.0027 875.606 875.412 875.1555 874.9178 874.6919 874.5193 874.348 874.1852 873.9561 873.8569 873.697 873.3302 873.1447 873.1039 873.1716 873.4077 873.7627 873.9621 874.3513 874.8401 875.4202 876.0828 876.8878
-9999 -9999 -9999 -9999 -9999 -9999 -9999 -9999 -9999 -9999 -9999 -9999 -9999 -9999 -9999 -9999 -9999 -9999 -9999 -9999 -9999 -9999 -9999 887.1673 886.8945 887.0947 887.6268 888.0349 888.1255 887.488 886.3517 884.9685 883.7359 882.7529 881.8533 880.876 879.7678 878.8481 878.1484 877.6313 877.2716 876.9399 876.7029 876.2914 876.0205 875.7008 875.5137 875.3992 875.1641 874.979 874.7673 874.5414 874.3206 874.1614 873.9409 873.8002 873.4855 873.1985 872.9 872.511 872.3571 872.3591 872.4733 872.8152 873.1859 873.4925 873.8813 874.3453 874.9691 875.7274 876.7789
-9999 -9999 -9999 -9999 -9999 -9999 -9999 -9999 -9999 -9999 -9999 -9999 -9999 -9999 -9999 -9999 -9999 -9999 -9999 -9999 -9999 -9999 888.1628 887.4542 887.1732 887.3178 887.3733 887.1163 886.4688 885.2898 883.821 882.5748 881.5114 880.6249 879.8605 879.0784 878.3682 877.7692 877.3472 876.9793 876.7146 876.2837 875.9686 875.5781 875.4019 875.1926 875.0626 874.9706 874.8229 874.6586 874.4615 874.214 873.9423 873.8017 873.498 873.1982 872.8524 872.4341 872.0782 871.7135 871.5953 871.7026 871.949 872.3464 872.7291 873.1066 873.5105 873.9829 874.6997 875.5903 876.7409
-9999 -9999 -9999 -9999 -9999 -9999 -9999 -9999 -9999 -9999 -9999 -9999 -9999 -9999 -9999 -9999 -9999 -9999 -9999 -9999 -9999 -9999 888.8519 888.213 888.0598 887.877 887.1655 886.1007 884.6912 883.0765 881.7023 880.5807 879.712 878.9935 878.4725 877.9642 877.4713 877.0234 876.7567 876.3792 876.0072 875.5857 875.39 875.1385 874.9834 874.8434 874.7443 874.6525 874.5241 874.3391 874.1321 873.8483 873.5033 873.2012 872.8777 872.488 872.1567 871.6212 871.1341 870.9065 870.9119 871.1663 871.5135 871.9655 872.4167 872.8811 873.3453 873.8905 874.6248 875.566 876.743
-9999 -9999 -9999 -9999 -9999 -9999 -9999 -9999 -9999 -9999 -9999 -9999 -9999 -9999 -9999 -9999 -9999 -9999 -9999 -9999 -9999 890.538 889.4854 888.9628 888.7786 888.041 886.5791 884.7333 882.8832 881.313 880.0266 879.0555 878.4494 877.9703 877.5961 877.2738 876.8775 876.4337 876.0969 875.809 875.4609 875.157 874.9694 874.8002 874.6809 874.5693 874.468 874.3336 874.1759 873.8958 873.6255 873.2482 872.9025 872.5128 872.2081 871.762 871.3947 870.92 870.5582 870.4153 870.5065 870.8204 871.2015 871.7559 872.3458 872.8319 873.3156 873.8885 874.6278 875.5761 876.7532
-9999 -9999 -9999 -9999 -9999 -9999 -9999 -9999 -9999 -9999 -9999 -9999 -9999 -9999 -9999 -9999 -9999 -9999 -9999 -9999 -9999 891.1685 890.0292 889.1459 888.3929 887.132 885.4271 883.4683 881.5487 879.9749 878.8151 878.0959 877.6653 877.3191 876.9933 876.7657 876.3418 875.8925 875.5263 875.3771 875.0978 874.8458 874.6648 874.5206 874.4157 874.2858 874.1555 873.9203 873.6993 873.2078 872.7315 872.4667 872.2652 871.8778 871.4717 871.0278 870.7793 870.4216 870.1602 870.0831 870.2087 870.516 870.9423 871.629 872.3303 872.8434 873.3302 873.9005 874.6415 875.5865 876.7562
-9999 -9999 -9999 -9999 -9999 -9999 -9999 -9999 -9999 -9999 -9999 -9999 -9999 -9999 -9999 -9999 -9999 -9999 -9999 -9999 892.7693 891.587 890.2225 888.9631 887.6166 885.8055 883.9951 882.1693 880.3434 878.9127 878.0002 877.4717 877.1873 876.8711 876.4637 876.1304 875.8123 875.4485 875.1687 874.9952 874.7859 874.5823 874.4005 874.2433 874.1359 873.9257 873.7376 873.326 872.9755 872.4879 872.1 871.8478 871.6406 871.2979 870.8929 870.5343 870.28 870.0288 869.8646 869.8538 870.0209 870.3661 870.8779 871.6027 872.3358 872.8633 873.3459 873.9067 874.6482 875.5889 876.7469
-9999 -9999 -9999 -9999 -9999 -9999 -9999 -9999 -9999 -9999 -9999 -9999 -9999 -9999 -9999 -9999 -9999 -9999 -9999 -9999 892.743 891.5144 889.9872 888.3436 886.4153 884.22 882.4431 880.774 879.2225 878.116 877.4054 876.9882 876.8003 876.3766 875.9168 875.539 875.3854 875.1155 874.8798 874.6965 874.5163 874.3464 874.1458 873.929 873.8163 873.4532 873.0524 872.5876 872.3196 871.932 871.5904 871.3387 871.1647 870.8579 870.4908 870.1677 869.926 869.735 869.6443 869.694 869.9083 870.302 870.8722 871.6117 872.3439 872.8748 873.3533 873.907 874.649 875.5864 876.7292
-9999 -9999 -9999 -9999 -9999 -9999 -9999 -9999 -9999 -9999 -9999 -9999 -9999 -9999 -9999 -9999 -9999 -9999 -9999 892.5697 892.1135 890.8925 889.2975 887.3925 885.1479 882.9653 881.1407 879.6102 878.3746 877.4895 876.9132 876.5235 876.2439 875.858 875.4566 875.1774 875.0156 874.82 874.6151 874.4248 874.2482 874.118 873.89 873.6039 873.3181 872.8964 872.4457 872.0782 871.8006 871.4813 871.1686 870.9037 870.8041 870.5026 870.1644 869.871 869.6648 869.5129 869.4741 869.5706 869.8236 870.2628 870.8752 871.6246 872.3486 872.8768 873.3538 873.9078 874.6581 875.5972 876.7325
-9999 -9999 -9999 -9999 -9999 -9999 -9999 -9999 -9999 -9999 -9999 -9999 -9999 -9999 -9999 -9999 -9999 -9999 -9999 891.564 891.1583 890.0624 888.4444 886.3426 883.9634 881.7953 879.9949 878.6031 877.6044 876.9159 876.4312 876.0774 875.7767 875.4432 875.1423 874.9161 874.7502 874.5736 874.3743 874.1538 873.9299 873.8356 873.5318 873.2017 872.8349 872.4039 872.0086 871.693 871.4258 871.142 870.852 870.5862 870.4012 870.1433 869.8536 869.6049 869.4664 869.3325 869.3297 869.4559 869.7291 870.214 870.8728 871.6342 872.3506 872.8757 873.3577 873.926 874.7078 875.6611 876.7757
-9999 -9999 -9999 -9999 -9999 -9999 -9999 -9999 -9999 -9999 -9999 -9999 -9999 -9999 -9999 -9999 -9999 -9999 -9999 890.5516 890.2488 889.2269 887.5051 885.212 882.858 880.726 878.9886 877.7587 876.9402 876.3951 876.0109 875.7084 875.4319 875.1625 874.92 874.718 874.5461 874.3629 874.147 873.8897 873.5977 873.35 873.0319 872.7486 872.3832 871.9885 871.6409 871.3773 871.1273 870.8521 870.5457 870.265 870.0386 869.8188 869.5662 869.3462 869.3159 869.1932 869.1831 869.3214 869.5899 870.1379 870.8607 871.6391 872.3517 872.8766 873.3765 873.9917 874.8452 875.8411 876.856
-9999 -9999 -9999 -9999 -9999 -9999 -9999 -9999 -9999 -9999 -9999 -9999 -9999 -9999 -9999 -9999 -9999 -9999 889.5381 890.0699 889.8495 888.7102 886.7066 884.2053 881.8337 879.776 878.1926 877.0776 876.4031 875.9793 875.681 875.4265 875.1822 874.9521 874.7441 874.5511 874.3608 874.1492 873.8901 873.5583 873.1956 872.8376 872.4795 872.297 871.9509 871.5859 871.2789 871.0948 870.8554 870.5557 870.2338 869.9369 869.6992 869.5443 869.33 869.1396 869.0534 868.9717 868.9756 869.1067 869.3937 870.0461 870.8433 871.6409 872.3519 872.8756 873.3921 874.0631 875.1094 876.0424 876.9263
-9999 -9999 -9999 -9999 -9999 -9999 -9999 -9999 -9999 -9999 -9999 -9999 -9999 -9999 -9999 -9999 -9999 888.4205 889.4402 890.0877 889.7941 888.3433 886.0112 883.3257 880.909 878.9049 877.4797 876.575 876.0106 875.6691 875.4207 875.1851 874.9695 874.7697 874.5752 874.3762 874.1544 873.8921 873.565 873.1865 872.7817 872.3831 872.0344 871.7874 871.5038 871.1845 870.9021 870.8255 870.571 870.2558 869.9226 869.6116 869.3606 869.2999 869.0897 868.9005 868.7872 868.7334 868.7794 868.9675 869.3464 870.0264 870.8431 871.6456 872.3525 872.8734 873.3988 874.1015 875.2183 876.1389 876.9503
-9999 -9999 -9999 -9999 -9999 -9999 -9999 -9999 -9999 -9999 -9999 -9999 -9999 -9999 -9999 -9999 -9999 888.8035 890.2164 890.7974 889.7925 887.8205 885.2078 882.4763 880.0697 878.2264 877.103 876.2661 875.7253 875.4099 875.1534 874.9434 874.7606 874.5803 874.3874 874.1622 873.8899 873.5591 873.1903 872.7888 872.3697 871.9539 871.5976 871.3268 871.1276 870.8651 870.6358 870.4839 870.2439 869.9448 869.6257 869.3288 869.0936 868.9602 868.7838 868.619 868.5177 868.4993 868.6052 868.874 869.3395 870.0383 870.8516 871.6526 872.3544 872.8718 873.395 874.1024 875.224 876.1345 876.9318
-9999 -9999 -9999 -9999 -9999 -9999 -9999 -9999 -9999 -9999 -9999 -9999 -9999 -9999 -9999 -9999 887.5084 889.4269 890.9398 890.8508 889.2628 886.7864 884.1287 881.5045 879.2288 877.6304 876.8328 875.9869 875.4344 875.1014 874.8658 874.6879 874.5369 874.3708 874.1592 873.8842 873.5347 873.1652 872.7811 872.3726 871.946 871.5405 871.1849 870.9053 870.8253 870.5976 870.3732 870.1702 869.9237 869.634 869.3289 869.0414 868.8063 868.6333 868.4711 868.3291 868.2537 868.2695 868.4359 868.791 869.3365 870.0565 870.8617 871.6609 872.3577 872.8685 873.3793 874.0612 875.121 876.0046 876.8607
-9999 -9999 -9999 -9999 -9999 -9999 -9999 -9999 -9999 -9999 -9999 -9999 -9999 -9999 -9999 -9999 887.5181 889.5752 890.7354 890.2284 888.1341 885.3979 882.8986 880.5168 878.4843 877.0689 876.2609 875.5648 875.1146 874.8058 874.5895 874.4341 874.3036 874.1356 873.8818 873.5168 873.1191 872.7493 872.372 871.9587 871.5424 871.173 870.8561 870.6135 870.481 870.2993 870.0941 869.8733 869.6179 869.3282 869.0262 868.7455 868.5096 868.3271 868.1829 868.0547 868.0093 868.0402 868.2554 868.6992 869.3289 870.074 870.8727 871.6698 872.3613 872.8582 873.348 873.9727 874.8604 875.7122 876.6732
-9999 -9999 -9999 -9999 -9999 -9999 -9999 -9999 -9999 -9999 -9999 -9999 -9999 -9999 -9999 885.511 887.1537 889.0063 889.8176 888.713 886.4555 884.0146 881.7298 879.6053 877.8082 876.5767 875.8304 875.3353 874.885 874.5673 874.3499 874.2004 874.0802 873.8869 873.5539 873.1363 872.7101 872.3843 872.0229 871.6021 871.1804 870.8494 870.5577 870.3349 870.1778 870.0121 869.8197 869.5933 869.327 869.028 868.7281 868.4544 868.2255 868.0511 867.9482 867.8162 867.8036 867.8138 868.0554 868.5955 869.3159 870.0887 870.8834 871.6725 872.3555 872.8243 873.3145 873.9256 874.7095 875.5189 876.3815
-9999 -9999 -9999 -9999 -9999 -9999 -9999 -9999 -9999 -9999 -9999 -9999 -9999 -9999 -9999 885.2334 886.4268 887.6277 887.8392 886.5073 884.5316 882.5642 880.6519 878.8394 877.2778 876.1897 875.4815 875.0316 874.6594 874.3768 874.1656 874.0057 873.891 873.6465 873.2965 872.8697 872.4291 872.2079 871.8428 871.3776 870.8988 870.5737 870.3008 870.0819 869.9132 869.7531 869.5629 869.327 869.045 868.7435 868.4507 868.1897 867.9789 867.8182 867.8014 867.6688 867.6082 867.6304 867.8636 868.502 869.3021 870.0944 870.8839 871.6388 872.293 872.7139 873.2516 873.9092 874.6615 875.4566 876.2575
-9999 -9999 -9999 -9999 -9999 -9999 -9999 -9999 -9999 -9999 -9999 -9999 -9999 -9999 -9999 885.0732 885.561 885.9599 885.5355 884.2087 882.7493 881.3159 879.8615 878.4025 877.0508 876.0571 875.3877 874.902 874.5599 874.3119 874.1053 873.9053 873.7606 873.5341 873.2338 872.8792 872.5485 872.3297 871.8802 871.3572 870.8472 870.4462 870.1309 869.8818 869.6887 869.5255 869.3259 869.0691 868.7828 868.4894 868.2123 867.975 867.8086 867.6781 867.6168 867.5249 867.4814 867.5464 867.8275 868.4712 869.2858 870.0646 870.8547 871.5248 872.0682 872.4869 873.1418 873.8795 874.6205 875.4193 876.1653
-9999 -9999 -9999 -9999 -9999 -9999 -9999 -9999 -9999 -9999 -9999 -9999 -9999 -9999 -9999 884.7248 884.6652 884.3523 883.5371 882.3576 881.3073 880.4389 879.4232 878.2589 877.0256 876.0976 875.4052 874.9282 874.6389 874.4548 874.2993 874.1243 873.9197 873.6763 873.4105 873.0786 872.7422 872.4112 872.0026 871.454 870.8645 870.4163 870.0465 869.7405 869.4987 869.3223 869.0919 868.8285 868.5504 868.2781 868.0287 867.8164 867.6865 867.5743 867.4948 867.4282 867.4189 867.5229 867.8235 868.4241 869.1968 869.9309 870.7764 871.4011 871.9285 872.4157 873.0597 873.7848 874.459 875.2645 875.9274
-9999 -9999 -9999 -9999 -9999 -9999 -9999 -9999 -9999 -9999 -9999 -9999 -9999 -9999 -9999 883.7018 883.5416 882.988 882.0725 881.1318 880.3871 880.0823 879.3677 878.3248 877.1788 876.3096 875.5743 875.1315 874.9249 874.8317 874.7593 874.6533 874.4673 874.1532 873.8774 873.4955 873.1177 872.7564 872.332 871.7247 871.0072 870.512 870.0632 869.6719 869.3421 869.1182 868.8768 868.6171 868.3565 868.1173 867.9249 867.8058 867.6492 867.5192 867.4283 867.3785 867.3981 867.5277 867.8151 868.3065 868.9384 869.6225 870.5759 871.22 871.8126 872.3743 872.9203 873.516 874.1032 874.8895 875.5725
-9999 -9999 -9999 -9999 -9999 -9999 -9999 -9999 -9999 -9999 -9999 -9999 -9999 -9999 -9999 883.1025 882.9182 882.2318 881.2933 880.698 880.4034 880.3595 879.6693 878.5552 877.5419 876.7902 876.1241 875.6054 875.4498 875.4256 875.4247 875.4077 875.3226 875.0847 874.6362 874.1257 873.6542 873.2501 872.7761 872.1761 871.4094 870.7703 870.1859 869.708 869.3245 869.0062 868.7197 868.45 868.2009 867.9851 867.8135 867.7188 867.5938 867.4741 867.3865 867.3508 867.392 867.5389 867.8111 868.1968 868.7476 869.4193 870.2729 870.9698 871.6662 872.29 872.746 873.3142 873.9347 874.6371 875.3224
-9999 -9999 -9999 -9999 -9999 -9999 -9999 -9999 -9999 -9999 -9999 -9999 -9999 -9999 -9999 -9999 882.7873 882.2523 881.2245 880.7086 880.5457 880.4685 879.9792 878.7708 877.8387 877.1963 876.7678 876.3549 876.1954 876.1637 876.1737 876.1735 876.0845 875.8302 875.445 875.0057 874.3472 873.8727 873.286 872.5558 871.7664 870.9552 870.3174 869.7752 869.3237 868.9333 868.6046 868.3234 868.0868 867.9073 867.8073 867.6759 867.5456 867.4302 867.3481 867.3199 867.3694 867.5214 867.788 868.078 868.6262 869.3409 870.141 870.8727 871.5251 872.066 872.4927 873.1243 873.7841 874.3387 874.9065
-9999 -9999 -9999 -9999 -9999 -9999 -9999 -9999 -9999 -9999 -9999 -9999 -9999 -9999 -9999 -9999 882.9178 882.4651 881.4238 880.9289 880.79 880.6365 880.115 878.9448 878.0612 877.4447 877.0835 876.91 876.8793 876.9077 876.9611 876.9824 876.8665 876.5438 876.1823 875.7496 875.2162 874.6141 873.9155 873.145 872.2729 871.3095 870.548 869.8835 869.3284 868.8768 868.5157 868.2257 867.9935 867.8128 867.7219 867.6071 867.4858 867.377 867.2999 867.2723 867.3102 867.4243 867.6139 867.8795 868.5142 869.2982 870.0737 870.8295 871.4236 871.934 872.4037 872.9407 873.467 873.9271 874.4207
-9999 -9999 -9999 -9999 -9999 -9999 -9999 -9999 -9999 -9999 -9999 -9999 -9999 -9999 -9999 -9999 -9999 882.3532 881.4444 881.3061 881.3186 881.1235 880.4644 879.4189 878.4252 877.6923 877.2847 877.1809 877.313 877.5652 877.8233 877.9437 877.7272 877.2871 876.8972 876.4015 875.8443 875.2274 874.4684 873.7009 872.811 871.9071 870.8707 870.0156 869.3394 868.8329 868.4482 868.1591 867.9511 867.8098 867.6808 867.5483 867.4228 867.3165 867.2433 867.218 867.251 867.3508 867.53 867.8318 868.4346 869.1962 869.905 870.6817 871.2413 871.7638 872.3 872.7249 873.1362 873.5229 873.9326
-9999 -9999 -9999 -9999 -9999 -9999 -9999 -9999 -9999 -9999 -9999 -9999 -9999 -9999 -9999 -9999 -9999 -9999 882.256 882.3708 882.548 882.437 881.7044 880.4277 879.1216 878.1567 877.6171 877.5347 877.8501 878.3954 878.9538 879.2513 878.9151 878.3572 877.7045 877.0172 876.3179 875.5256 874.7433 873.9201 873.0679 872.1528 871.0045 870.074 869.3403 868.7977 868.3937 868.1 867.9053 867.8064 867.644 867.4904 867.3575 867.2523 867.1838 867.1649 867.2049 867.3132 867.5066 867.8163 868.2894 868.897 869.5115 870.2401 870.8542 871.3979 871.9359 872.3782 872.7666 873.128 873.4989
-9999 -9999 -9999 -9999 -9999 -9999 -9999 -9999 -9999 -9999 -9999 -9999 -9999 -9999 -9999 -9999 -9999 -9999 883.6487 884.1512 884.5358 884.4728 883.6399 882.1251 880.4926 879.1144 878.3309 878.2243 878.7448 879.6469 880.6219 880.9863 880.4893 879.6069 878.6252 877.7084 876.8358 875.8663 874.9643 874.0038 873.1388 872.2048 871.028 870.0822 869.335 868.7734 868.3531 868.0407 867.8142 867.7032 867.5635 867.4177 867.288 867.1874 867.1253 867.114 867.1632 867.2822 867.4848 867.7856 868.1101 868.6309 869.2408 869.8336 870.4331 870.9788 871.536 871.9935 872.3847 872.7429 873.0869
-9999 -9999 -9999 -9999 -9999 -9999 -9999 -9999 -9999 -9999 -9999 -9999 -9999 -9999 -9999 -9999 -9999 -9999 885.315 886.0782 886.6531 886.7659 885.9731 884.3521 882.4238 880.728 879.624 879.467 880.2148 881.5554 882.7778 883.1301 882.2955 880.9784 879.6268 878.4175 877.3943 876.4197 875.2597 874.0824 873.1464 872.1968 871.0178 870.0746 869.3308 868.7643 868.3406 868.0302 867.809 867.6499 867.5003 867.3547 867.2261 867.1285 867.0718 867.0652 867.1169 867.2301 867.4016 867.6188 867.8598 868.3513 868.9049 869.4516 870.0956 870.7337 871.2141 871.6327 872.0236 872.3792 872.6929
-9999 -9999 -9999 -9999 -9999 -9999 -9999 -9999 -9999 -9999 -9999 -9999 -9999 -9999 -9999 -9999 -9999 -9999 -9999 887.6635 888.4231 888.8386 888.2081 886.6667 884.6937 882.8685 881.7045 881.5566 882.4224 883.8707 885.1371 885.3922 884.2416 882.3726 880.5928 879.0162 877.8088 876.6818 875.376 874.1016 873.1277 872.1794 871.0062 870.0674 869.3295 868.7645 868.3425 868.0342 867.8093 867.6246 867.4614 867.312 867.1816 867.0839 867.0292 867.0239 867.0746 867.183 867.3438 867.5519 867.8127 868.1971 868.6904 869.2479 869.7766 870.3532 870.8484 871.2643 871.673 872.0341 872.3303
-9999 -9999 -9999 -9999 -9999 -9999 -9999 -9999 -9999 -9999 -9999 -9999 -9999 -9999 -9999 -9999 -9999 -9999 -9999 888.6189 889.6312 890.3358 889.9144 888.6108 886.9015 885.255 884.1779 884.0115 884.811 886.1015 887.2179 887.3226 885.995 883.8116 881.5657 879.6548 878.1629 876.8032 875.3945 874.0839 873.101 872.1639 870.9981 870.0632 869.33 868.7678 868.3474 868.0392 867.8094 867.6135 867.4424 867.29 867.1583 867.0582 867.0015 866.994 867.0405 867.1438 867.3025 867.5173 867.7918 868.0494 868.4619 868.9469 869.4261 869.9905 870.5011 870.9267 871.3564 871.6962 871.9486
-9999 -9999 -9999 -9999 -9999 -9999 -9999 -9999 -9999 -9999 -9999 -9999 -9999 -9999 -9999 -9999 -9999 -9999 -9999 -9999 890.0815 890.8026 890.764 889.8027 888.5511 887.327 886.4821 886.2722 886.7473 887.7435 888.4353 888.331 887.0867 884.8286 882.3808 880.335 878.4852 876.8857 875.3962 874.0698 873.0847 872.1518 870.9905 870.0587 869.3301 868.7704 868.3503 868.0412 867.8095 867.6117 867.4393 867.2871 867.1555 867.0527 866.9907 866.9764 867.0129 867.1023 867.2434 867.427 867.6373 867.8438 868.241 868.7164 869.2473 869.7321 870.2667 870.7855 871.1346 871.4165 871.6392
-9999 -9999 -9999 -9999 -9999 -9999 -9999 -9999 -9999 -9999 -9999 -9999 -9999 -9999 -9999 -9999 -9999 -9999 -9999 -9999 -9999 890.4745 890.5352 890.0563 889.402 888.7409 888.225 888.0263 888.1423 888.6442 888.9981 888.7651 887.5813 885.3881 882.8658 880.5876 878.6172 876.9485 875.4522 874.1187 873.1154 872.1508 870.9829 870.052 869.3289 868.7708 868.3499 868.0397 867.8096 867.6179 867.4515 867.3029 867.1725 867.0669 866.9973 866.9716 866.9924 867.0616 867.1792 867.3407 867.5419 867.7905 868.0621 868.4524 868.9367 869.4174 869.9694 870.4761 870.855 871.137 871.3602
