backend/lakes/data/Buck Lake/buck_dem_tm.asc
ncols         162
nrows         218
xllcorner     511800
yllcorner     5862750
cellsize      50
NODATA_value  -9999
[rows 128 to 159 of 218, columns 71 to 141 of 162]
879.1505 877.1105 875.2769 873.5365 871.9783 870.7258 869.8195 869.2656 868.8419 868.5638 868.371 868.225 868.1088 868.0142 867.9382 867.8883 867.8593 867.8413 867.8265 867.8143 867.8137 867.8386 867.9045 868.0216 868.1931 868.4178 868.6782 868.9404 869.165 869.3287 869.4417 869.5786 869.819 870.2663 871.0119 872.1409 873.2734 874.0867 874.9481 876.1548 878.1475 881.1421 884.6473 888.3188 891.3552 893.529 895.0455 896.1868 -9999 -9999 -9999 -9999 -9999 -9999 -9999 -9999 -9999 -9999 -9999 -9999 -9999 -9999 -9999 -9999 -9999 -9999 -9999 -9999 -9999 -9999 -9999
880.1853 878.052 876.1193 874.2295 872.4938 871.1095 870.1143 869.363 868.9253 868.66 868.4745 868.3258 868.2 868.0917 867.9967 867.9211 867.8723 867.845 867.8275 867.817 867.8228 867.8538 867.9182 868.0214 868.1715 868.3755 868.6265 868.8976 869.1458 869.3292 869.4135 869.4895 869.6415 869.9621 870.5552 871.4651 872.6985 873.6647 874.5858 875.847 877.9135 880.9163 884.2459 887.8076 890.7834 892.9038 894.366 895.5285 -9999 -9999 -9999 -9999 -9999 -9999 -9999 -9999 -9999 -9999 -9999 -9999 -9999 -9999 -9999 -9999 -9999 -9999 -9999 -9999 -9999 -9999 -9999
881.4532 879.1267 876.9335 874.864 873.0217 871.5919 870.4902 869.5385 869.0685 868.8023 868.6054 868.4396 868.2952 868.1689 868.0541 867.955 867.8857 867.8479 867.8294 867.8225 867.8368 867.8788 867.9487 868.0443 868.1742 868.355 868.5913 868.8639 869.1305 869.3297 869.397 869.438 869.526 869.7474 870.2006 870.9614 872.0771 873.2269 874.2574 875.5948 877.5703 880.3215 883.5157 887.0803 890.1326 892.3354 893.8271 894.9313 -9999 -9999 -9999 -9999 -9999 -9999 -9999 -9999 -9999 -9999 -9999 -9999 -9999 -9999 -9999 -9999 -9999 -9999 -9999 -9999 -9999 -9999 -9999
883.1237 880.4634 877.9324 875.6631 873.7134 872.126 870.8538 869.9026 869.3403 869.0245 868.7719 868.5635 868.3892 868.2415 868.1097 867.9918 867.9045 867.8555 867.835 867.8325 867.8541 867.9075 867.9885 868.0841 868.1978 868.354 868.5668 868.8278 869.1022 869.3265 869.3778 869.407 869.4602 869.6075 869.9325 870.5112 871.3716 872.585 873.8761 875.3566 877.2288 879.6929 882.6622 886.2458 889.4644 891.8054 893.298 894.3351 -9999 -9999 -9999 -9999 -9999 -9999 -9999 -9999 -9999 -9999 -9999 -9999 -9999 -9999 -9999 -9999 -9999 -9999 -9999 -9999 -9999 -9999 -9999
884.9394 882.0328 879.1315 876.5714 874.4103 872.645 871.2748 870.3097 869.6698 869.2817 868.9427 868.6812 868.4741 868.3062 868.1624 868.0329 867.9318 867.8724 867.8486 867.8484 867.8745 867.936 868.0284 868.1313 868.2358 868.3685 868.5509 868.7809 869.0291 869.2367 869.3306 869.3929 869.4452 869.5522 869.7986 870.2654 871.0245 872.212 873.5902 875.1612 876.9661 879.1871 881.9064 885.4183 888.831 891.4184 893.0395 894.0961 894.9069 -9999 -9999 -9999 -9999 -9999 -9999 -9999 -9999 -9999 -9999 -9999 -9999 -9999 -9999 -9999 -9999 -9999 -9999 -9999 -9999 -9999 -9999
886.5715 883.4785 880.2313 877.4008 875.0871 873.283 871.9031 870.7887 869.9836 869.4061 869.0669 868.7819 868.5515 868.3676 868.2161 868.0818 867.9708 867.9017 867.8728 867.8721 867.8988 867.963 868.063 868.1779 868.2832 868.3996 868.5536 868.7488 868.9697 869.1776 869.3298 869.426 869.4878 869.5796 869.7874 870.1943 870.8806 871.9238 873.2562 874.9333 876.7638 878.849 881.338 884.7231 888.2394 891.0613 892.8215 893.9301 894.6118 -9999 -9999 -9999 -9999 -9999 -9999 -9999 -9999 -9999 -9999 -9999 -9999 -9999 -9999 -9999 -9999 -9999 -9999 -9999 -9999 -9999 -9999
887.8744 884.6898 881.2352 878.2019 875.7845 873.907 872.4376 871.2559 870.3944 869.7389 869.2835 868.9124 868.6451 868.4432 868.2832 868.1477 868.0297 867.949 867.9116 867.9068 867.9302 867.9915 868.0931 868.219 868.3353 868.4484 868.5829 868.7485 868.942 869.1456 869.3305 869.4772 869.5664 869.6617 869.8516 870.2205 870.8357 871.7213 872.9355 874.6506 876.5452 878.5902 880.8647 884.093 887.5679 890.5228 892.3914 893.6193 894.3224 -9999 -9999 -9999 -9999 -9999 -9999 -9999 -9999 -9999 -9999 -9999 -9999 -9999 -9999 -9999 -9999 -9999 -9999 -9999 -9999 -9999 -9999
888.8875 885.6912 882.149 878.9651 876.4572 874.5119 873.0397 871.9252 870.9368 870.1369 869.459 869.0566 868.7753 868.5572 868.3832 868.2424 868.1213 868.0271 867.9753 867.9607 867.9761 868.0296 868.1265 868.2579 868.3894 868.5122 868.6401 868.7848 868.951 869.1368 869.331 869.5239 869.6542 869.7647 869.9456 870.2822 870.835 871.6149 872.7446 874.3993 876.1811 878.0294 880.2629 883.373 886.7941 889.7357 891.4766 893.1508 894.003 -9999 -9999 -9999 -9999 -9999 -9999 -9999 -9999 -9999 -9999 -9999 -9999 -9999 -9999 -9999 -9999 -9999 -9999 -9999 -9999 -9999 -9999
889.5429 886.3342 882.7279 879.454 876.885 874.9298 873.5038 872.4263 871.5103 870.6637 869.8952 869.3568 869.0064 868.744 868.5371 868.3774 868.2538 868.1511 868.0814 868.0495 868.051 868.0908 868.1768 868.3044 868.4477 868.5858 868.7204 868.855 868.9975 869.1525 869.3304 869.5558 869.7313 869.8644 870.0397 870.3457 870.8453 871.5623 872.6193 874.1487 875.7352 877.4459 879.6263 882.5765 885.9869 889.1134 891.2115 892.7931 893.6866 -9999 -9999 -9999 -9999 -9999 -9999 -9999 -9999 -9999 -9999 -9999 -9999 -9999 -9999 -9999 -9999 -9999 -9999 -9999 -9999 -9999 -9999
889.9373 886.7205 883.0659 879.726 877.1335 875.2394 873.8715 872.8881 872.0487 871.1127 870.3625 869.7776 869.3369 869.009 868.7534 868.5599 868.4215 868.3229 868.2427 868.1915 868.1727 868.1918 868.2592 868.3729 868.5176 868.6664 868.8156 868.9544 869.0847 869.2056 869.3381 869.5876 869.7964 869.9517 870.123 870.4005 870.8544 871.5317 872.5253 873.9163 875.4218 877.0469 879.0809 881.7632 885.1854 888.4963 890.9481 892.5446 893.4542 -9999 -9999 -9999 -9999 -9999 -9999 -9999 -9999 -9999 -9999 -9999 -9999 -9999 -9999 -9999 -9999 -9999 -9999 -9999 -9999 -9999 -9999
890.1122 886.9421 883.2593 879.8598 877.2471 875.3992 874.1188 873.2728 872.4684 871.6532 870.8893 870.2584 869.7337 869.3314 869.0233 868.7876 868.6256 868.5237 868.4487 868.3888 868.3508 868.3441 868.3844 868.4752 868.6068 868.7559 868.9151 869.0697 869.2123 869.3292 869.4615 869.6693 869.8687 870.0307 870.1974 870.4484 870.8616 871.5123 872.4742 873.8014 875.2659 876.7965 878.6372 881.1178 884.4792 887.9016 890.4971 892.1414 893.1708 893.9189 -9999 -9999 -9999 -9999 -9999 -9999 -9999 -9999 -9999 -9999 -9999 -9999 -9999 -9999 -9999 -9999 -9999 -9999 -9999 -9999 -9999
890.0562 886.9862 883.3139 879.8946 877.2892 875.5128 874.4003 873.6989 872.9564 872.1978 871.4136 870.7346 870.1309 869.6721 869.3247 869.049 868.8586 868.7563 868.6763 868.6168 868.5725 868.5425 868.5502 868.6119 868.7189 868.8557 869.0081 869.1689 869.3265 869.4312 869.5671 869.7517 869.9404 870.1058 870.271 870.4974 870.8629 871.47 872.3866 873.6496 875.1055 876.5728 878.2352 880.6014 883.9233 887.4489 890.1743 891.8643 892.9822 893.6716 -9999 -9999 -9999 -9999 -9999 -9999 -9999 -9999 -9999 -9999 -9999 -9999 -9999 -9999 -9999 -9999 -9999 -9999 -9999 -9999 -9999
889.8755 886.8702 883.2251 879.8317 877.2701 875.5618 874.5604 873.9255 873.3298 872.5636 871.8214 871.0687 870.4825 870.0099 869.6298 869.3258 869.1064 869.0204 868.9212 868.857 868.8118 868.7629 868.7407 868.77 868.8494 868.9648 869.0955 869.2253 869.3328 869.4824 869.6449 869.8287 870.0162 870.189 870.3582 870.5613 870.8584 871.38 872.1774 873.2916 874.773 876.2248 877.8327 880.1654 883.4704 887.1004 889.9449 891.5853 892.8367 893.5051 -9999 -9999 -9999 -9999 -9999 -9999 -9999 -9999 -9999 -9999 -9999 -9999 -9999 -9999 -9999 -9999 -9999 -9999 -9999 -9999 -9999
889.6081 886.4879 882.9091 879.6284 877.1839 875.5705 874.6727 874.1569 873.7408 873.0424 872.3381 871.6218 870.9407 870.4117 869.9772 869.6193 869.3551 869.3087 869.1599 869.0994 869.0628 868.9827 868.9355 868.939 868.9901 869.0813 869.2088 869.3289 869.4343 869.5764 869.741 869.923 870.1108 870.2936 870.4756 870.6689 870.8774 871.316 871.9708 872.8775 874.2916 875.7275 877.4399 879.9341 883.3387 886.9689 889.8581 891.4128 892.8172 893.4578 -9999 -9999 -9999 -9999 -9999 -9999 -9999 -9999 -9999 -9999 -9999 -9999 -9999 -9999 -9999 -9999 -9999 -9999 -9999 -9999 -9999
888.8861 885.7046 882.2747 879.2345 877.0121 875.5385 874.7145 874.2457 873.8779 873.3429 872.7606 872.1688 871.4772 870.8828 870.3965 869.9907 869.6857 869.5125 869.3433 869.3285 869.3179 869.1832 869.1273 869.1192 869.144 869.2029 869.3282 869.4399 869.5536 869.6995 869.8669 870.0458 870.2294 870.4175 870.6171 870.8439 871.0263 871.4019 871.9871 872.7736 874.0482 875.4728 877.2927 879.9714 883.5644 887.4136 890.4211 892.285 893.3434 893.7081 -9999 -9999 -9999 -9999 -9999 -9999 -9999 -9999 -9999 -9999 -9999 -9999 -9999 -9999 -9999 -9999 -9999 -9999 -9999 -9999 -9999
887.8356 884.6171 881.3674 878.6509 876.7469 875.474 874.7162 874.2534 873.8973 873.5046 873.0212 872.4628 871.9171 871.3749 870.8656 870.4138 870.0547 869.8079 869.6367 869.559 869.4819 869.3429 869.3287 869.3287 869.3283 869.3353 869.4489 869.569 869.699 869.8522 870.024 870.1986 870.3681 870.5406 870.7083 870.8698 871.139 871.5735 872.2369 873.0777 874.2646 875.5825 877.4234 880.283 884.1412 888.1564 891.3489 893.3264 894.1273 894.1911 -9999 -9999 -9999 -9999 -9999 -9999 -9999 -9999 -9999 -9999 -9999 -9999 -9999 -9999 -9999 -9999 -9999 -9999 -9999 -9999 -9999
886.6763 883.4026 880.3367 877.9479 876.4042 875.4 874.7232 874.2682 873.9203 873.6639 873.2795 872.8248 872.366 871.8787 871.3697 870.8734 870.4567 870.1603 869.9789 869.8572 869.7578 869.6567 869.6112 869.5863 869.5709 869.5775 869.6495 869.7496 869.8755 870.0345 870.2147 870.3866 870.5331 870.6947 870.8564 871.0085 871.275 871.7176 872.3993 873.3807 874.5793 875.8824 877.7113 880.6945 884.7522 888.8845 892.1954 894.2404 894.9828 894.9196 -9999 -9999 -9999 -9999 -9999 -9999 -9999 -9999 -9999 -9999 -9999 -9999 -9999 -9999 -9999 -9999 -9999 -9999 -9999 -9999 -9999
885.7285 882.5233 879.61 877.4758 876.1826 875.3761 874.7703 874.3519 874.0687 873.8748 873.5168 873.1331 872.7527 872.3522 871.8798 871.3689 870.8882 870.5444 870.3697 870.2132 870.1087 870.027 869.9509 869.895 869.8642 869.8633 869.9033 869.9758 870.0834 870.2373 870.4277 870.6022 870.7044 870.8572 871.0002 871.1633 871.424 871.8533 872.532 873.6755 874.9771 876.3124 878.0637 881.0937 885.2683 889.4635 892.7766 894.7139 895.3228 895.0677 -9999 -9999 -9999 -9999 -9999 -9999 -9999 -9999 -9999 -9999 -9999 -9999 -9999 -9999 -9999 -9999 -9999 -9999 -9999 -9999 -9999
885.0845 881.8777 879.1332 877.2292 876.0944 875.385 874.822 874.4159 874.129 873.9014 873.6277 873.3344 873.0381 872.7209 872.3472 871.8755 871.3774 870.9562 870.8043 870.5847 870.4888 870.4266 870.3093 870.226 870.1844 870.1749 870.1932 870.2357 870.3139 870.4493 870.6521 870.8451 870.8721 871.0192 871.175 871.3541 871.6179 872.0364 872.674 873.8387 875.2188 876.7025 878.3655 881.4234 885.6944 889.9135 893.1001 894.7789 895.0108 -9999 -9999 -9999 -9999 -9999 -9999 -9999 -9999 -9999 -9999 -9999 -9999 -9999 -9999 -9999 -9999 -9999 -9999 -9999 -9999 -9999 -9999
884.4235 881.2325 878.7172 877.1132 876.1019 875.4077 874.8624 874.4529 874.1473 873.9011 873.6747 873.4514 873.229 872.9891 872.7029 872.3448 871.9005 871.4808 871.1856 870.9098 870.857 870.8243 870.6392 870.5487 870.5153 870.5066 870.5109 870.5266 870.5636 870.6555 870.8578 871.0446 871.1404 871.2671 871.4138 871.5923 871.8628 872.3007 872.9208 873.9304 875.2142 876.5969 878.4249 881.6062 885.9582 890.1658 893.1179 894.392 893.9849 -9999 -9999 -9999 -9999 -9999 -9999 -9999 -9999 -9999 -9999 -9999 -9999 -9999 -9999 -9999 -9999 -9999 -9999 -9999 -9999 -9999 -9999
883.4224 880.3724 878.1987 877.0779 876.182 875.4464 874.9 874.4803 874.1553 873.9003 873.6957 873.5171 873.3486 873.1718 872.9584 872.6877 872.3533 871.9696 871.6313 871.3558 871.2139 871.0834 870.8887 870.858 870.8578 870.8589 870.859 870.8575 870.8577 870.8906 871.1061 871.3113 871.4513 871.5746 871.7053 871.8514 872.0846 872.443 873.0734 873.9666 875.1634 876.4692 878.3983 881.6451 885.9542 889.9689 892.5912 893.2098 892.369 -9999 -9999 -9999 -9999 -9999 -9999 -9999 -9999 -9999 -9999 -9999 -9999 -9999 -9999 -9999 -9999 -9999 -9999 -9999 -9999 -9999 -9999
882.1149 879.455 877.7337 877.116 876.2766 875.4927 874.9407 874.5082 874.1643 873.9 873.7046 873.5545 873.4248 873.2932 873.1355 872.9298 872.6693 872.3655 872.0433 871.7726 871.5967 871.4313 871.2791 871.231 871.2266 871.2301 871.2303 871.2295 871.2428 871.3058 871.4769 871.663 871.7982 871.9126 872.0377 872.1394 872.3738 872.7308 873.277 874.0113 875.1158 876.3319 878.2572 881.4373 885.5239 889.1926 891.4582 891.6873 890.7322 -9999 -9999 -9999 -9999 -9999 -9999 -9999 -9999 -9999 -9999 -9999 -9999 -9999 -9999 -9999 -9999 -9999 -9999 -9999 -9999 -9999 -9999
880.6426 878.4868 877.144 876.6309 876.1246 875.4794 874.9646 874.5302 874.1722 873.8998 873.7133 873.5828 873.4802 873.3806 873.2621 873.1039 872.8958 872.644 872.3738 872.1256 871.9824 871.8079 871.6793 871.6281 871.619 871.6219 871.6238 871.6285 871.6538 871.7277 871.8704 872.0386 872.13 872.2146 872.3602 872.3995 872.6612 873.045 873.5358 874.0753 875.028 876.1141 877.9559 880.9357 884.6837 888.0128 889.9725 890.1583 889.3502 -9999 -9999 -9999 -9999 -9999 -9999 -9999 -9999 -9999 -9999 -9999 -9999 -9999 -9999 -9999 -9999 -9999 -9999 -9999 -9999 -9999 -9999
879.1841 877.5637 876.5776 876.1256 875.772 875.3942 874.9489 874.5344 874.1748 873.8993 873.734 873.6202 873.5343 873.4562 873.3658 873.2435 873.0776 872.8672 872.6296 872.4059 872.3467 872.1506 872.0498 872.0161 872.011 872.0142 872.0169 872.0214 872.0406 872.0927 872.1976 872.3646 872.3791 872.3846 872.5125 872.6469 872.9297 873.3384 873.8295 874.1788 874.8229 875.786 877.5083 880.1578 883.4161 886.5395 888.4832 888.9043 888.4081 888.0719 -9999 -9999 -9999 -9999 -9999 -9999 -9999 -9999 -9999 -9999 -9999 -9999 -9999 -9999 -9999 -9999 -9999 -9999 -9999 -9999 -9999
878.1101 877.0435 876.2428 875.7846 875.4564 875.2057 874.8777 874.522 874.1831 873.907 873.7868 873.6799 873.5969 873.5311 873.4633 873.374 873.2499 873.0891 872.9029 872.7208 872.5884 872.4043 872.3765 872.3763 872.3776 872.3784 872.3787 872.3784 872.3776 872.3776 872.3878 872.4933 872.5216 872.5394 872.6357 872.7961 873.0688 873.444 873.864 874.124 874.6561 875.5483 877.0286 879.1794 881.9101 884.8585 887.0088 887.921 887.9075 887.7572 888.0982 -9999 -9999 -9999 -9999 -9999 -9999 -9999 -9999 -9999 -9999 -9999 -9999 -9999 -9999 -9999 -9999 -9999 -9999 -9999 -9999
877.4108 876.8227 876.1823 875.7101 875.4202 875.1531 874.859 874.5433 874.2435 874.0114 873.8965 873.7582 873.6641 873.6044 873.5565 873.5007 873.422 873.3164 873.1859 873.0426 872.9021 872.7622 872.7097 872.694 872.6868 872.6817 872.6775 872.6699 872.6538 872.6298 872.613 872.6375 872.642 872.6517 872.7169 872.8545 873.0796 873.3732 873.6815 873.9498 874.5303 875.4016 876.5924 878.2166 880.4656 883.1022 885.6032 887.0029 887.2384 887.1127 887.4022 888.1699 -9999 -9999 -9999 -9999 -9999 -9999 -9999 -9999 -9999 -9999 -9999 -9999 -9999 -9999 -9999 -9999 -9999 -9999 -9999
876.9941 876.593 876.1653 875.7462 875.4258 875.1702 874.8938 874.5944 874.3043 874.0637 873.9001 873.7905 873.7148 873.6693 873.6417 873.6173 873.5845 873.536 873.4656 873.3649 873.2357 873.1088 873.0298 872.9863 872.9597 872.942 872.9305 872.918 872.8951 872.8599 872.8225 872.7963 872.7643 872.7446 872.7706 872.8644 873.0358 873.2767 873.5649 873.9122 874.4794 875.3234 876.274 877.5267 879.3262 881.5492 884.0223 885.7095 886.2908 886.0747 886.2093 886.7709 887.2518 -9999 -9999 -9999 -9999 -9999 -9999 -9999 -9999 -9999 -9999 -9999 -9999 -9999 -9999 -9999 -9999 -9999 -9999
876.9303 876.57 876.1716 875.7883 875.4484 875.2499 874.979 874.673 874.3726 874.1076 873.9032 873.8248 873.7633 873.7273 873.7146 873.7151 873.7211 873.7253 873.7162 873.6633 873.5443 873.4152 873.3147 873.2467 873.2008 873.1691 873.1488 873.1333 873.1084 873.0682 873.0168 872.96 872.8944 872.8354 872.8142 872.8593 872.9796 873.1818 873.4678 873.8611 874.3568 875.1617 875.96 876.9714 878.3405 880.1575 882.392 884.2062 884.9366 884.9001 884.8073 885.162 885.4276 885.5128 885.6111 886.0237 886.6882 887.8446 -9999 -9999 -9999 -9999 -9999 -9999 -9999 -9999 -9999 -9999 -9999 -9999 -9999
876.9335 876.5944 876.2296 875.8864 875.6046 875.4125 875.0957 874.7683 874.4597 874.1918 873.9929 873.8986 873.8154 873.7762 873.77 873.785 873.8145 873.8553 873.8995 873.8965 873.7822 873.6568 873.548 873.4667 873.4086 873.3672 873.3391 873.3201 873.296 873.2546 873.1953 873.1205 873.0291 872.9327 872.8616 872.8527 872.922 873.0734 873.3108 873.6335 874.038 874.7473 875.5206 876.3759 877.4065 878.8401 880.5927 882.2977 883.2346 883.5504 883.4774 883.6422 883.7502 883.7626 883.9315 884.3669 885.055 886.1827 887.802 889.4943 -9999 -9999 -9999 -9999 -9999 -9999 -9999 -9999 -9999 -9999 -9999
876.858 876.5887 876.2643 875.9492 875.6726 875.4308 875.1428 874.8391 874.5438 874.2769 874.0578 873.9019 873.8383 873.8085 873.8057 873.824 873.8566 873.9 873.9515 873.9626 873.9001 873.8136 873.7177 873.6386 873.58 873.5368 873.505 873.4818 873.4576 873.4177 873.3557 873.2704 873.1603 873.0333 872.9191 872.8566 872.8751 872.9755 873.1652 873.4487 873.86 874.4076 875.1446 875.8385 876.6448 877.7045 879.1172 880.4593 881.5121 882.1168 882.2897 882.4907 882.5881 882.4979 882.6479 882.903 883.4958 884.4969 886.0703 887.7083 888.7774 -9999 -9999 -9999 -9999 -9999 -9999 -9999 -9999 -9999 -9999
876.828 876.5962 876.2948 875.9836 875.6938 875.4301 875.1702 874.9009 874.6302 874.3757 874.1563 873.9913 873.9 873.85 873.8347 873.8444 873.8685 873.9001 873.9462 873.9666 873.9444 873.8997 873.8248 873.7605 873.7125 873.6764 873.647 873.621 873.5937 873.5547 873.4935 873.4031 873.2808 873.132 872.9845 872.8782 872.8484 872.8992 873.0293 873.2404 873.5479 873.9655 874.5551 875.249 875.9833 876.8879 878.0143 879.1428 879.8538 880.5678 881.0942 881.5759 881.9032 881.939 881.88 881.9364 882.4828 883.1491 884.5684 886.1809 887.2386 887.2018 -9999 -9999 -9999 -9999 -9999 -9999 -9999 -9999 -9999
876.8082 876.5796 876.2991 875.9961 875.6986 875.4293 875.2096 874.9757 874.7285 874.4871 874.2709 874.0974 873.9773 873.9001 873.865 873.8615 873.8756 873.9 873.9252 873.9428 873.9336 873.9001 873.8702 873.8348 873.8053 873.783 873.7621 873.7375 873.7061 873.6647 873.6045 873.5139 873.3844 873.2234 873.0558 872.9203 872.8499 872.8583 872.9288 873.0615 873.2663 873.5563 873.9796 874.5712 875.2883 876.09 876.9995 877.9036 878.5952 879.2567 880.075 880.7268 881.2079 881.3706 881.0326 880.8286 881.1775 881.9436 883.3193 884.9135 886.0798 886.2165 -9999 -9999 -9999 -9999 -9999 -9999 -9999 -9999 -9999
