backend/lakes/data/Buck Lake/buck_dem_tm.asc
ncols         162
nrows         218
xllcorner     511800
yllcorner     5862750
cellsize      50
NODATA_value  -9999
[rows 64 to 95 of 218, columns 71 to 141 of 162]
871.2969 871.5007 871.6977 871.8715 872.0422 872.1682 872.3553 872.4259 872.6682 872.8527 873.0756 873.3849 873.7474 873.9463 874.1563 874.4695 874.7505 875.1749 875.4681 875.7789 876.1986 876.4662 876.6846 876.9156 877.0071 877.0245 877.0849 877.2805 877.7173 878.2488 878.8808 879.7392 880.6293 881.34 881.5934 881.9337 882.5799 883.7332 884.9804 886.0149 886.8185 887.4678 888.0913 888.6288 888.9225 888.6105 887.5971 886.2197 884.9597 884.1443 883.6467 882.9553 882.3406 881.717 881.0258 880.5553 880.2491 880.0289 879.7939 879.6852 879.6893 879.7025 879.6487 879.5488 879.5687 879.8967 880.4254 881.1706 881.9738 882.8917 884.025
871.062 871.2748 871.4714 871.646 871.8042 871.9407 872.0822 872.1866 872.355 872.3866 872.4621 872.7501 873.0024 873.2345 873.4723 873.7908 874.0143 874.3722 874.6173 874.9159 875.2545 875.4429 875.6235 875.9147 876.0402 876.0839 876.1938 876.3811 876.6931 876.9401 877.2951 877.8941 878.5344 879.0405 879.4009 879.8075 880.4481 881.488 882.6282 883.3392 883.9142 884.4031 885.1289 885.7002 886.0054 885.8019 885.0437 883.9995 883.0151 882.562 882.0726 881.4667 880.8353 880.2272 879.6718 879.3362 879.1695 879.0673 878.9555 878.8776 878.843 878.8748 878.9094 878.9465 879.0853 879.4329 880.0201 880.9178 882.0217 883.4003 885.0253
870.8737 871.1054 871.2963 871.4606 871.6096 871.7432 871.8641 871.9623 872.0566 872.0897 872.1635 872.3506 872.4431 872.6783 872.8787 873.1725 873.4672 873.8071 873.9799 874.2726 874.5094 874.7305 874.9684 875.2936 875.415 875.4818 875.6698 875.7974 875.9254 876.0451 876.2747 876.6282 877.0174 877.3594 877.7401 878.1617 878.6918 879.5636 880.5142 880.9872 881.448 881.9567 882.5368 882.853 882.9518 882.9232 882.5363 881.9468 881.3892 881.0189 880.6331 880.175 879.6113 879.1075 878.6387 878.447 878.4171 878.4376 878.4579 878.4695 878.4768 878.6409 878.8169 878.9626 879.1356 879.4329 879.9941 880.9707 882.2937 884.0208 886.0658
870.8433 871.0132 871.1625 871.3037 871.4426 871.5723 871.6854 871.7748 871.8429 871.884 871.9485 872.0634 872.1713 872.3524 872.4219 872.6899 872.9926 873.3009 873.5486 873.8347 873.9633 874.2058 874.4098 874.6963 874.917 875.1218 875.3755 875.4219 875.4305 875.4709 875.6812 875.864 876.1079 876.3389 876.5988 876.9073 877.2776 877.8793 878.4805 878.871 879.351 879.8176 880.2113 880.3922 880.4717 880.5007 880.3669 880.1251 879.8978 879.6335 879.3183 878.8907 878.5518 878.2878 877.9508 877.8159 877.8586 878.0059 878.2021 878.4111 878.6391 879.106 879.4799 879.724 879.8896 880.0652 880.514 881.5335 883.0394 885.0438 887.4033
870.6633 870.8604 871.0145 871.1494 871.2883 871.4219 871.5378 871.6277 871.6927 871.7399 871.7966 871.8772 871.9685 872.0853 872.1798 872.3804 872.635 872.902 873.1542 873.4102 873.6124 873.8541 873.9498 874.2236 874.4916 874.7378 874.955 875.0452 875.0962 875.1938 875.3942 875.4553 875.6319 875.7499 875.8811 876.0982 876.371 876.7158 877.0121 877.2971 877.7946 878.2265 878.4232 878.4825 878.5379 878.6401 878.6594 878.6162 878.5587 878.4653 878.3033 878.006 877.7828 877.6279 877.4949 877.5132 877.7133 878.079 878.5673 879.1279 879.7557 880.53 881.0554 881.3641 881.5217 881.5426 881.8923 882.7339 884.2715 886.4971 889.0986
870.4615 870.6871 870.8596 870.9968 871.1466 871.2901 871.4144 871.5131 871.5861 871.6419 871.6968 871.7628 871.8395 871.9286 872.0277 872.1824 872.3798 872.5961 872.8194 873.0568 873.2798 873.4977 873.66 873.9 874.1563 874.3925 874.5863 874.708 874.8019 874.9219 875.0851 875.2155 875.4009 875.4247 875.4528 875.6359 875.808 876.0129 876.1463 876.4023 876.9298 877.4425 877.2737 877.1805 877.236 877.4617 877.5663 877.5917 877.5881 877.5546 877.4753 877.3542 877.301 877.3213 877.4202 877.6779 878.1481 878.8584 879.7813 880.8452 882.0438 883.0391 883.6034 883.9211 884.0864 883.9575 883.9066 884.3811 885.8864 888.226 890.944
870.2679 870.5215 870.7195 870.8654 871.0308 871.1812 871.3132 871.4222 871.5084 871.5778 871.6411 871.7062 871.7768 871.8558 871.9468 872.0674 872.2145 872.3793 872.5568 872.7811 873.0107 873.2306 873.4318 873.6607 873.8987 874.1131 874.2901 874.4221 874.5321 874.6501 874.7859 874.9197 875.0597 875.1289 875.2172 875.3995 875.4536 875.6276 875.6787 875.8594 876.2867 876.7394 876.6604 876.5858 876.662 876.8766 876.9409 876.95 876.9518 876.9526 876.9557 876.9988 877.1633 877.4293 877.8243 878.4238 879.2979 880.4843 881.9595 883.6715 885.2656 886.4427 887.1046 887.3378 887.2372 886.7411 886.2065 886.2457 887.5822 889.8687 892.5264
870.0845 870.3768 870.6333 870.8531 870.9656 871.0963 871.2289 871.3484 871.4509 871.5391 871.6188 871.6954 871.771 871.8481 871.9305 872.0258 872.134 872.253 872.3854 872.6005 872.8264 873.0477 873.2616 873.4814 873.7004 873.8996 874.0645 874.1933 874.2994 874.3997 874.5042 874.6136 874.7252 874.8177 874.9264 875.0769 875.2039 875.4043 875.437 875.5619 875.796 876.136 876.1776 876.1997 876.302 876.4562 876.5369 876.5735 876.6086 876.6713 876.7874 876.9765 877.3997 877.9633 878.7281 879.7928 881.3077 883.0986 885.0514 887.1005 888.8304 889.985 890.5314 890.5536 890.1794 889.3388 888.4117 888.0614 889.1068 891.1042 -9999
869.9097 870.2206 870.5032 870.7316 870.864 871.0116 871.1523 871.2842 871.4059 871.5192 871.6241 871.7208 871.8099 871.8923 871.9708 872.0519 872.1392 872.2444 872.3779 872.5402 872.7341 872.9402 873.1473 873.3551 873.5565 873.7412 873.8995 874.0221 874.1169 874.194 874.2639 874.3363 874.4177 874.5038 874.6055 874.7348 874.8829 875.0714 875.2371 875.4103 875.4434 875.6599 875.804 875.9241 876.0662 876.2166 876.3265 876.4075 876.4958 876.6405 876.9193 877.341 877.9857 878.8428 880.0375 881.5919 883.5984 885.8812 888.1415 890.2331 891.8262 892.7849 893.1337 892.9532 892.4606 891.4745 890.343 889.7072 890.2472 -9999 -9999
869.7186 870.0513 870.3627 870.637 870.8536 870.9597 871.0891 871.2274 871.3691 871.512 871.6501 871.776 871.885 871.9772 872.0551 872.1284 872.1967 872.2843 872.3812 872.5315 872.7063 872.8928 873.0837 873.2738 873.4576 873.6279 873.7776 873.8997 873.9868 874.0444 874.0828 874.1156 874.1581 874.2157 874.2927 874.3961 874.5358 874.7194 874.9269 875.142 875.2656 875.4374 875.6213 875.7827 875.9464 876.1127 876.2625 876.3994 876.5435 876.7365 877.0982 877.8208 878.7071 879.8256 881.2178 883.0381 885.3857 887.9092 890.2844 892.2598 893.5645 894.3209 894.5525 894.3256 893.8907 893.0538 891.9158 891.0111 -9999 -9999 -9999
869.5659 869.8793 870.1989 870.4927 870.7267 870.8645 871.0215 871.1703 871.3358 871.5152 871.6938 871.855 871.988 872.0914 872.1677 872.2424 872.2878 872.3789 872.4645 872.5874 872.7357 872.8969 873.0636 873.2308 873.3942 873.5494 873.6901 873.8095 873.8999 873.951 873.9678 873.9645 873.9636 873.9791 874.0205 874.0927 874.2101 874.3851 874.613 874.8768 875.1357 875.4128 875.5747 875.7317 875.9027 876.0906 876.2887 876.498 876.7233 876.9838 877.5125 878.3478 879.3315 880.4222 881.6275 883.4974 885.8956 888.4611 890.8051 892.663 893.9206 894.666 894.966 894.9009 894.587 893.9546 -9999 -9999 -9999 -9999 -9999
869.3596 869.6902 870.0201 870.3361 870.6184 870.8514 870.978 871.1105 871.2988 871.5242 871.7531 871.9554 872.1122 872.2261 872.2863 872.3773 872.3826 872.4744 872.5709 872.6812 872.8059 872.9402 873.0787 873.219 873.3589 873.4968 873.6284 873.7461 873.8403 873.9 873.9129 873.8831 873.8409 873.8113 873.8081 873.8458 873.9358 874.0933 874.3186 874.5977 874.8987 875.196 875.429 875.6339 875.8394 876.0638 876.317 876.6061 876.9336 877.2389 877.761 878.5025 879.3335 880.2214 881.2551 882.8409 884.9827 887.3968 889.6988 891.5772 892.9277 893.8301 894.321 894.4814 894.39 894.0483 893.4178 -9999 -9999 -9999 -9999
869.3019 869.5456 869.842 870.1533 870.4449 870.6893 870.8578 871.0056 871.246 871.5352 871.8252 872.0741 872.2495 872.3763 872.3851 872.483 872.542 872.6257 872.7153 872.8093 872.9085 873.013 873.1209 873.2318 873.3459 873.4644 873.5856 873.7025 873.8033 873.8751 873.9 873.8557 873.7827 873.7136 873.6674 873.6656 873.7258 873.857 874.0618 874.3242 874.6171 874.9103 875.1768 875.4289 875.68 875.9462 876.2418 876.5717 876.9304 877.2438 877.7239 878.3601 878.9895 879.6375 880.3883 881.4923 883.2403 885.3507 887.5162 889.3885 890.8226 891.8864 892.6127 893.0138 893.1586 893.1133 892.7991 892.0814 891.3496 -9999 -9999
869.1157 869.353 869.6538 869.9592 870.2502 870.5023 870.6987 870.8735 871.1908 871.5478 871.9072 872.21 872.3847 872.5215 872.5826 872.6646 872.7366 872.8132 872.8895 872.9642 873.037 873.1097 873.185 873.2646 873.3516 873.4487 873.5571 873.6716 873.7794 873.8635 873.9 873.8547 873.7699 873.6738 873.5969 873.5577 873.5835 873.6848 873.856 874.0824 874.3396 874.6069 874.8723 875.1429 875.4274 875.7238 876.0363 876.3596 876.6775 876.9705 877.3734 877.83 878.3853 878.8886 879.3859 880.1168 881.3293 882.9963 884.8565 886.5358 887.908 889.0292 889.8919 890.4823 890.8622 891.153 891.4422 891.723 891.9827 891.892 892.8123
868.9928 869.3085 869.5205 869.7868 870.0713 870.3469 870.6039 870.8629 871.1743 871.5518 871.9741 872.3632 872.5631 872.699 872.7869 872.868 872.9418 873.012 873.0767 873.1333 873.1827 873.225 873.2676 873.3162 873.3757 873.4506 873.5429 873.6504 873.7615 873.855 873.9 873.8585 873.7764 873.6778 873.582 873.5199 873.5134 873.5781 873.7101 873.8893 874.0956 874.3173 874.5538 874.8148 875.1069 875.4255 875.748 876.0587 876.3468 876.6148 876.9065 877.1464 877.6274 878.088 878.4059 878.8481 879.7081 880.8865 882.2651 883.5529 884.7105 885.7788 886.6815 887.3817 887.9307 888.493 889.2627 890.2389 891.26 892.1901 893.4684
868.8395 869.1392 869.347 869.6176 869.9024 870.1974 870.5044 870.8337 871.0989 871.4691 871.9386 872.3834 872.6613 872.8372 872.9566 873.0513 873.131 873.2003 873.2594 873.3059 873.3378 873.3557 873.369 873.3892 873.4232 873.4754 873.5487 873.6427 873.7505 873.8502 873.9 873.8595 873.786 873.7003 873.6124 873.5408 873.5125 873.5441 873.6318 873.7576 873.9048 874.0681 874.2556 874.4825 874.7593 875.0807 875.4213 875.7301 875.9955 876.2339 876.4509 876.647 876.9323 877.1734 877.5134 877.8891 878.4247 879.1304 880.0541 880.95 881.8302 882.7306 883.5862 884.3218 884.8872 885.5645 886.6155 888.0513 889.7064 891.3718 893.0511
868.7147 869.0342 869.3145 869.5 869.7429 870.0178 870.3065 870.5964 870.868 871.2561 871.8131 872.3679 872.6939 872.9132 873.0721 873.1925 873.2869 873.3633 873.4259 873.4743 873.5034 873.5033 873.4956 873.4943 873.5073 873.5378 873.5885 873.6609 873.7552 873.8571 873.9 873.8615 873.7989 873.7358 873.6724 873.6147 873.5801 873.5847 873.6317 873.7059 873.7921 873.8911 874.0169 874.1917 874.4325 874.7401 875.0861 875.4192 875.6774 875.9073 876.0974 876.265 876.4637 876.6747 876.9532 877.2563 877.5475 877.9624 878.4634 878.9652 879.5568 880.3271 881.1361 881.9341 882.2144 882.8292 883.9546 885.567 887.5319 889.6218 891.5802
868.5898 868.8987 869.1635 869.3423 869.5801 869.8298 870.0871 870.3443 870.6112 870.9682 871.6 872.2658 872.6254 872.9095 873.1265 873.2864 873.4038 873.4942 873.5695 873.6351 873.6863 873.6801 873.6628 873.6529 873.6536 873.6657 873.6902 873.7302 873.7951 873.8992 873.9202 873.8883 873.8436 873.8026 873.772 873.7451 873.723 873.7167 873.7315 873.7614 873.7952 873.833 873.8917 874.0007 874.1874 874.4652 874.8096 875.1601 875.4431 875.6816 875.8556 876.0054 876.1686 876.3674 876.6211 876.894 876.998 877.2593 877.5023 877.7948 878.1494 878.6224 879.1689 879.7799 880.1521 880.7555 881.7506 883.2926 885.1938 887.4068 889.4731
868.4679 868.7775 869.0687 869.319 869.4733 869.6718 869.8962 870.1394 870.4247 870.8171 871.3229 871.9468 872.427 872.8371 873.1321 873.34 873.4869 873.5958 873.6887 873.783 873.8943 873.9041 873.9045 873.903 873.9013 873.9 873.8992 873.8991 873.9076 873.9915 874.0212 874.0029 873.9707 873.9519 873.9524 873.9671 873.9751 873.9761 873.9779 873.9812 873.9788 873.9672 873.9595 873.9885 874.0981 874.3243 874.6613 875.0546 875.4181 875.5933 875.7131 875.8301 875.9695 876.1403 876.3436 876.5462 876.6907 876.9044 876.9825 877.1816 877.3621 877.6404 877.986 878.3784 878.7232 879.369 880.3809 881.7643 883.1963 885.2463 887.2142
868.3511 868.6541 868.9434 869.1846 869.3374 869.5302 869.736 869.9606 870.2238 870.5604 870.9923 871.6758 872.3409 872.788 873.1205 873.3665 873.544 873.6755 873.7891 873.9055 874.0897 874.2145 874.2881 874.3083 874.3035 874.2865 874.2672 874.2528 874.255 874.2935 874.3065 874.2844 874.2528 874.2461 874.2852 874.3595 874.4133 874.4418 874.4558 874.4624 874.4528 874.4122 874.3411 874.2693 874.259 874.386 874.6638 875.0415 875.4163 875.5392 875.6143 875.7007 875.8157 875.9569 876.1146 876.2676 876.4053 876.5693 876.7095 876.9152 876.965 877.145 877.3464 877.5869 877.9137 878.5213 879.5129 880.8633 881.8362 883.5746 885.2709
868.2612 868.5438 868.8323 869.0996 869.3223 869.4463 869.6165 869.8167 870.0571 870.3737 870.8212 871.4338 872.1919 872.6738 873.0641 873.3627 873.5797 873.7419 873.8954 874.0887 874.3551 874.6071 874.7888 874.8536 874.8716 874.8585 874.8365 874.8207 874.8186 874.8314 874.8282 874.7986 874.7615 874.7622 874.853 875.0361 875.1649 875.25 875.3096 875.361 875.3854 875.3458 875.215 875.0104 874.8101 874.7629 874.8954 875.1478 875.4245 875.5035 875.5415 875.6027 875.6954 875.8099 875.929 876.0418 876.153 876.2872 876.4412 876.6233 876.7539 876.9402 877.0671 877.2029 877.4709 877.98 878.7579 879.8261 880.7916 882.2813 883.7748
868.1793 868.437 868.7158 868.9837 869.2024 869.3347 869.5173 869.7017 869.9088 870.1763 870.546 871.0426 871.7954 872.4361 872.9559 873.3329 873.6 873.7847 873.9194 874.2411 874.6295 875.0333 875.372 875.5284 875.6353 875.6602 875.6517 875.6411 875.6362 875.6342 875.6228 875.5941 875.5605 875.5785 875.7499 876.1304 876.3829 876.591 876.7553 876.9106 877.0216 877.0163 876.8267 876.4431 875.9542 875.6443 875.5375 875.546 875.6038 875.5745 875.5411 875.5559 875.6182 875.7056 875.7937 875.8715 875.9503 876.0589 876.2107 876.3958 876.5784 876.7748 876.9426 877.0365 877.2846 877.7581 878.4597 879.3383 880.2304 881.3553 882.6907
868.0886 868.3281 868.6016 868.8809 869.1334 869.3301 869.4801 869.6216 869.7874 870.0128 870.3409 870.8283 871.5037 872.298 872.8662 873.296 873.6274 873.8922 874.0925 874.4218 874.8594 875.3802 875.8848 876.3314 876.6763 876.7763 876.7816 876.7654 876.7491 876.7351 876.7185 876.6976 876.6934 876.7837 877.1064 877.7244 878.2072 878.7088 879.0876 879.4408 879.6995 879.7499 879.4753 878.8407 877.9907 877.3097 876.8602 876.5334 876.1626 875.8579 875.665 875.5912 875.6047 875.6586 875.7177 875.767 875.8182 875.9033 876.0472 876.2404 876.4482 876.6456 876.8075 876.9493 877.2554 877.7685 878.4741 879.3403 880.1012 880.8631 882.0209
867.9868 868.2162 868.4858 868.7764 869.0653 869.3221 869.4415 869.5438 869.6765 869.8631 870.1392 870.553 871.1425 872.0583 872.694 873.1944 873.5911 873.9044 874.1873 874.5233 874.9489 875.481 876.1729 876.8431 877.2428 877.411 877.4321 877.3851 877.3232 877.2832 877.2925 877.3767 877.5728 877.9507 878.5936 879.4844 880.4328 881.4412 882.1246 882.76 883.2133 883.3425 882.9802 882.0623 880.8016 879.6373 878.6609 877.7889 876.9907 876.3545 875.9393 875.7335 875.6767 875.6863 875.7151 875.7421 875.7729 875.8405 875.9774 876.1801 876.4105 876.6226 876.7936 876.9662 877.3629 877.96 878.7215 879.7667 880.5146 880.9924 881.9578
867.9147 868.1112 868.3617 868.6407 868.9243 869.174 869.3298 869.4379 869.5668 869.7295 869.9637 870.3208 870.8582 871.6181 872.3934 873.0147 873.5126 873.905 874.2302 874.5612 874.963 875.4868 876.2391 876.9625 877.4647 877.7017 877.7365 877.663 877.5714 877.5428 877.6447 877.9373 878.4723 879.2947 880.4133 881.7887 883.1713 884.4637 885.5259 886.3691 886.948 887.124 886.683 885.6024 884.0891 882.4908 880.9498 879.4744 878.1752 877.116 876.4066 876.0204 875.8687 875.8115 875.802 875.8112 875.8317 875.8872 876.0161 876.2283 876.4905 876.7367 876.9427 877.1716 877.6117 878.2906 879.1229 880.2618 881.3775 881.8574 882.699
867.8142 868.0045 868.2319 868.4868 868.7546 869.0056 869.2001 869.3334 869.4728 869.6193 869.8135 870.1035 870.5431 871.1631 872.073 872.7811 873.394 873.8955 874.2327 874.5605 874.9539 875.4758 876.2343 876.9705 877.5173 877.7854 877.8226 877.7365 877.6512 877.6909 877.9668 878.583 879.6257 881.1373 882.8246 884.5538 886.2195 887.6986 888.8477 889.6689 890.191 890.3107 889.8406 888.79 887.272 885.4976 883.5895 881.6359 879.7732 878.2386 877.1257 876.4925 876.2246 876.0647 876.0044 875.9987 876.0157 876.0594 876.1711 876.3787 876.6687 876.9331 877.1302 877.4152 877.8818 878.5375 879.47 880.709 882.0788 883.1599 884.1461
867.8069 867.932 868.1075 868.327 868.5787 868.8457 869.1019 869.3233 869.4213 869.5385 869.6952 869.9314 870.2966 870.8466 871.61 872.4346 873.1811 873.8104 874.1544 874.5148 874.9357 875.4727 876.2274 876.9635 877.4976 877.7576 877.7896 877.7137 877.6835 877.8599 878.3962 879.4589 881.2004 883.3371 885.5388 887.5692 889.3259 890.7188 891.6852 892.2375 892.4741 892.3933 891.9359 891.1133 889.8502 888.2283 886.276 884.075 881.7807 879.7019 878.1528 877.177 876.7708 876.4604 876.3564 876.3513 876.3704 876.3868 876.4538 876.6179 876.912 877.1288 877.3865 877.7759 878.3337 879.0424 880.0887 881.5199 883.3057 885.0092 886.3123
867.6951 867.8103 867.9627 868.1553 868.3903 868.6644 868.9488 869.1942 869.3332 869.4642 869.6017 869.7913 870.0798 870.5215 871.1483 872.0753 872.8514 873.5101 873.9563 874.4277 874.9106 875.4744 876.2165 876.9445 877.424 877.658 877.6908 877.6542 877.7297 878.1152 878.9989 880.6396 882.959 885.6017 888.1677 890.3723 892.0507 893.1615 893.744 893.8619 893.6221 893.234 892.9262 892.3691 891.5299 890.308 888.6173 886.4387 883.9422 881.4504 879.4349 878.0959 877.3673 876.9873 876.9166 876.9492 876.9783 876.9295 876.9107 876.9696 877.2018 877.4844 877.8606 878.3911 879.0484 879.9666 881.3068 883.1927 885.4083 887.5204 889.0991
867.5693 867.674 867.8097 867.9778 868.1917 868.4695 868.782 869.083 869.3224 869.4211 869.5353 869.6841 869.9137 870.2776 870.8359 871.6126 872.4797 873.2684 873.8861 874.3773 874.8827 875.4579 876.1412 876.8505 877.2644 877.4955 877.551 877.5739 877.7863 878.434 879.741 881.8206 884.5907 887.6313 890.4563 892.7036 894.1738 894.8797 895.0027 894.672 893.9869 893.2277 893.0696 892.7832 892.2852 891.5117 890.3223 888.4216 885.9145 883.2269 880.9673 879.2856 878.312 877.8797 877.8287 877.9227 877.9674 877.7583 877.6372 877.6825 877.9177 878.2931 878.8112 879.4987 880.3372 881.5573 883.3339 885.6058 888.1206 890.4841 892.1991
867.4595 867.5457 867.6626 867.809 867.9924 868.2699 868.5941 868.9183 869.1857 869.3337 869.4717 869.5991 869.7792 870.0676 870.5259 871.1917 872.2095 873.0653 873.7821 874.2582 874.7806 875.3573 875.9083 876.5502 877.0025 877.3066 877.4052 877.4825 877.806 878.6501 880.3194 882.8101 885.9586 889.2831 892.226 894.3764 895.562 895.8324 895.5811 -9999 -9999 -9999 -9999 -9999 892.4124 891.9988 891.2897 889.8156 887.5199 884.8819 882.6469 880.8929 879.7659 879.3328 879.323 879.4354 879.333 879.0326 878.9062 879.0234 879.3513 879.8663 880.5902 881.4031 882.3973 883.9595 886.0498 888.5223 891.1425 893.5228 895.174
867.3855 867.4474 867.5453 867.6703 867.8218 868.0944 868.4093 868.744 869.062 869.3201 869.4358 869.5311 869.6711 869.9071 870.301 870.9305 871.8968 872.7462 873.4657 873.9969 874.5664 875.0943 875.592 876.3303 876.9307 877.2205 877.3116 877.4226 877.8389 878.86 880.8314 883.6027 886.964 890.393 893.2933 895.2396 -9999 -9999 -9999 -9999 -9999 -9999 -9999 -9999 -9999 891.8693 891.6131 890.4984 888.6569 886.3592 884.386 882.8874 881.966 881.6777 881.7329 881.8632 881.4918 881.1237 881.061 881.3436 881.8376 882.4852 883.272 884.1561 885.3058 887.0316 889.22 891.6613 894.1139 896.2117 897.5038
867.359 867.3914 867.4761 867.6119 867.8013 867.9797 868.2318 868.5393 868.8614 869.145 869.3278 869.4387 869.5719 869.7698 870.0873 870.5922 871.3185 872.3177 873.1641 873.8692 874.4329 874.9554 875.4999 876.2625 876.9186 877.1733 877.2515 877.3941 877.903 879.0972 881.3246 884.1282 887.5348 890.9335 893.6597 895.3326 -9999 -9999 -9999 -9999 -9999 -9999 -9999 -9999 -9999 891.0527 890.9948 890.5526 889.4248 887.892 886.3453 885.2754 884.6742 884.6098 884.6323 884.5432 884.1843 883.8723 883.9432 884.4214 885.0427 885.7553 886.5621 887.4524 888.6899 890.4065 892.4791 894.6461 896.6617 898.2006 -9999
