backend/lakes/data/Buck Lake/buck_dem_tm.asc
ncols         162
nrows         218
xllcorner     511800
yllcorner     5862750
cellsize      50
NODATA_value  -9999
[rows 64 to 95 of 218, columns 0 to 70 of 162]
-9999 -9999 -9999 -9999 -9999 -9999 -9999 -9999 -9999 -9999 -9999 -9999 -9999 -9999 -9999 -9999 -9999 -9999 -9999 -9999 -9999 -9999 -9999 889.9929 889.769 889.5093 889.2922 889.1101 888.9617 889.0223 889.0226 888.6691 887.4753 885.4827 883.073 880.728 878.7239 877.1081 875.6926 874.3391 873.2523 872.1809 870.9806 870.0444 869.3265 868.7685 868.3457 868.0346 867.8096 867.6331 867.4797 867.3378 867.2089 867.1 867.0208 866.9802 866.9808 867.0242 867.111 867.2391 867.401 867.5946 867.8157 868.1593 868.6643 869.2327 869.7034 870.1672 870.5553 870.8591 871.0969
-9999 -9999 -9999 -9999 -9999 -9999 -9999 -9999 -9999 -9999 -9999 -9999 -9999 -9999 -9999 -9999 -9999 -9999 -9999 -9999 -9999 -9999 -9999 -9999 -9999 -9999 -9999 -9999 -9999 -9999 -9999 887.9626 886.8425 885.1768 883.0432 880.7819 878.8587 877.4286 876.2144 874.8113 873.5199 872.2551 870.9891 870.0385 869.3239 868.7651 868.3401 868.0279 867.8093 867.6609 867.5259 867.3912 867.2627 867.1492 867.0591 867.001 866.9796 866.9946 867.0479 867.1389 867.2629 867.4139 867.5999 867.869 868.3608 868.9106 869.3953 869.8723 870.2751 870.601 870.8582
-9999 -9999 -9999 -9999 -9999 -9999 -9999 -9999 -9999 -9999 -9999 -9999 -9999 -9999 -9999 -9999 -9999 -9999 -9999 -9999 -9999 -9999 -9999 -9999 -9999 -9999 -9999 -9999 -9999 -9999 -9999 887.191 886.0856 884.7561 882.9854 880.8798 879.0009 877.6934 876.575 875.2083 873.7681 872.3311 870.9994 870.0327 869.3214 868.7633 868.3395 868.0289 867.8132 867.7135 867.5922 867.4598 867.3289 867.2096 867.1087 867.0326 866.9882 866.9764 866.9987 867.0576 867.1548 867.2915 867.4865 867.7808 868.1416 868.6689 869.2351 869.647 870.0389 870.3829 870.6621
-9999 -9999 -9999 -9999 -9999 -9999 -9999 -9999 -9999 -9999 -9999 -9999 -9999 -9999 -9999 -9999 -9999 -9999 -9999 -9999 -9999 -9999 -9999 -9999 -9999 -9999 -9999 -9999 -9999 -9999 -9999 886.7661 885.5644 884.4402 882.9698 880.9696 879.1266 877.8606 876.7376 875.3705 873.8683 872.3583 870.9967 870.0236 869.3187 868.7651 868.3515 868.0627 867.8865 867.8077 867.67 867.5322 867.3988 867.2743 867.164 867.072 867.0053 866.9694 866.9651 866.9967 867.0699 867.1888 867.3585 867.5894 867.8718 868.376 868.9247 869.3813 869.817 870.2023 870.5437
-9999 -9999 -9999 -9999 -9999 -9999 -9999 -9999 -9999 -9999 -9999 -9999 -9999 -9999 -9999 -9999 -9999 -9999 -9999 -9999 -9999 -9999 -9999 -9999 -9999 -9999 -9999 -9999 -9999 -9999 -9999 886.811 885.5421 884.3881 883.1118 881.239 879.3247 878.0003 876.8021 875.4073 873.8812 872.3504 870.983 870.0109 869.3138 868.7662 868.3623 868.0842 867.9111 867.8099 867.7068 867.5893 867.4637 867.3378 867.2198 867.1152 867.0295 866.9717 866.9458 866.9548 867.006 867.1066 867.2609 867.4789 867.7811 868.1519 868.6823 869.2396 869.6318 870.0144 870.3667
-9999 -9999 -9999 -9999 -9999 -9999 -9999 -9999 -9999 -9999 -9999 -9999 -9999 -9999 -9999 -9999 -9999 -9999 -9999 -9999 -9999 -9999 -9999 -9999 -9999 -9999 -9999 -9999 -9999 -9999 -9999 886.9109 885.3912 884.2531 883.096 881.3768 879.4954 878.1075 876.8303 875.3999 873.861 872.3292 870.9684 870.0029 869.3082 868.7721 868.3781 868.1033 867.9241 867.8105 867.7451 867.6456 867.5265 867.3995 867.2744 867.1589 867.0585 866.9818 866.938 866.9291 866.9604 867.0399 867.1709 867.3528 867.588 867.8739 868.3818 868.9315 869.3783 869.7971 870.1603
-9999 -9999 -9999 -9999 -9999 -9999 -9999 -9999 -9999 -9999 -9999 -9999 -9999 -9999 -9999 -9999 -9999 -9999 -9999 -9999 -9999 -9999 -9999 -9999 -9999 -9999 -9999 -9999 -9999 -9999 -9999 886.689 885.091 883.8712 882.7468 881.3135 879.6264 878.2037 876.8527 875.384 873.8365 872.3169 870.9813 870.0361 869.3233 868.811 868.4254 868.1475 867.965 867.8596 867.8091 867.7075 867.5885 867.4592 867.3271 867.202 867.0903 866.9995 866.9402 866.9175 866.9324 866.9919 867.1014 867.2614 867.4801 867.7807 868.1513 868.6933 869.2456 869.6124 869.9595
-9999 -9999 -9999 -9999 -9999 -9999 -9999 -9999 -9999 -9999 -9999 -9999 -9999 -9999 -9999 -9999 -9999 -9999 -9999 -9999 -9999 -9999 -9999 -9999 -9999 -9999 -9999 -9999 -9999 -9999 -9999 886.1757 884.5428 883.2162 882.1728 880.9902 879.5623 878.23 876.8606 875.371 873.8314 872.3545 871.0954 870.2031 869.4426 868.9473 868.5397 868.2343 868.0269 867.8958 867.8105 867.7474 867.6415 867.5139 867.3776 867.2448 867.125 867.0247 866.953 866.9189 866.9216 866.9639 867.0519 867.1866 867.3663 867.5947 867.8763 868.4167 868.9609 869.3714 869.752
-9999 -9999 -9999 -9999 -9999 -9999 -9999 -9999 -9999 -9999 -9999 -9999 -9999 -9999 -9999 -9999 -9999 -9999 -9999 -9999 -9999 -9999 -9999 -9999 -9999 -9999 -9999 -9999 -9999 -9999 -9999 885.5278 883.924 882.5797 881.71 880.7378 879.5356 878.2766 876.8856 875.3892 873.8918 872.5096 871.4207 870.6017 869.8174 869.2383 868.7387 868.3788 868.1329 867.9714 867.8701 867.8087 867.695 867.5634 867.4246 867.2876 867.1628 867.0573 866.9777 866.9333 866.9268 866.9563 867.0269 867.1434 867.3063 867.5231 867.8158 868.2531 868.7722 869.2676 869.5872
-9999 -9999 -9999 -9999 -9999 -9999 -9999 -9999 -9999 -9999 -9999 -9999 -9999 -9999 -9999 -9999 -9999 -9999 -9999 -9999 -9999 -9999 -9999 -9999 -9999 -9999 -9999 -9999 -9999 -9999 -9999 885.0814 883.5386 882.163 881.2069 880.4176 879.5513 878.3542 876.9432 875.4833 874.0969 872.8346 871.8303 870.9694 870.1962 869.4889 868.9758 868.5855 868.297 868.0876 867.9331 867.8116 867.73 867.6037 867.4667 867.331 867.2054 867.0975 867.0137 866.9614 866.9461 866.9658 867.0232 867.1252 867.2783 867.4927 867.7864 868.0841 868.5452 869.0161 869.3654
-9999 -9999 -9999 -9999 -9999 -9999 -9999 -9999 -9999 -9999 -9999 -9999 -9999 -9999 -9999 -9999 -9999 -9999 -9999 -9999 -9999 -9999 -9999 -9999 -9999 -9999 -9999 -9999 -9999 -9999 -9999 884.7797 883.2845 881.8984 880.9247 880.121 879.3507 878.3282 877.0062 875.7011 874.5685 873.4907 872.4584 871.5787 870.797 870.0504 869.4039 868.9176 868.5537 868.2791 868.0685 867.9103 867.8062 867.6503 867.5092 867.3784 867.2557 867.1473 867.0604 867.0016 866.9775 866.9882 867.0334 867.1178 867.2463 867.417 867.624 867.8541 868.3334 868.8386 869.2836
-9999 -9999 -9999 -9999 -9999 -9999 -9999 -9999 -9999 -9999 -9999 -9999 -9999 -9999 -9999 -9999 -9999 -9999 -9999 -9999 -9999 -9999 -9999 -9999 -9999 -9999 -9999 -9999 -9999 -9999 885.8242 884.6455 883.1152 881.6811 880.7542 879.9902 879.2229 878.3012 877.085 876.015 875.0938 874.083 873.1383 872.2598 871.478 870.7337 870.0106 869.3737 868.9074 868.551 868.2639 868.0229 867.8165 867.683 867.5576 867.4373 867.3196 867.2095 867.1176 867.0518 867.0185 867.0201 867.0548 867.1245 867.2328 867.3794 867.5646 867.8116 868.2177 868.6704 869.0751
-9999 -9999 -9999 -9999 -9999 -9999 -9999 -9999 -9999 -9999 -9999 -9999 -9999 -9999 -9999 -9999 -9999 -9999 -9999 -9999 -9999 -9999 -9999 -9999 -9999 -9999 -9999 -9999 -9999 -9999 885.9015 884.8594 883.4225 881.9383 880.8531 879.9715 879.1285 878.2512 877.1145 876.2362 875.4788 874.6931 873.8298 872.8894 872.1359 871.3507 870.6193 869.8958 869.3342 868.903 868.5463 868.2437 867.9926 867.8096 867.6575 867.5267 867.4059 867.2878 867.1849 867.1085 867.0651 867.0576 867.0839 867.1446 867.2426 867.3818 867.5652 867.8102 868.1483 868.5469 868.9463
-9999 -9999 -9999 -9999 -9999 -9999 -9999 -9999 -9999 -9999 -9999 -9999 -9999 -9999 -9999 -9999 -9999 -9999 -9999 -9999 -9999 -9999 -9999 -9999 -9999 -9999 -9999 -9999 -9999 -9999 885.9933 885.163 883.8613 882.3589 881.0397 879.9591 878.9761 878.1239 877.0973 876.4315 875.8873 875.3151 874.5692 873.6865 872.7545 871.8881 871.0583 870.3651 869.7897 869.3175 868.9045 868.5472 868.2475 868.0076 867.8105 867.6525 867.5184 867.3828 867.2611 867.1691 867.1134 867.0959 867.1154 867.1704 867.2637 867.4001 867.5828 867.8113 868.0789 868.4193 868.7863
-9999 -9999 -9999 -9999 -9999 -9999 -9999 -9999 -9999 -9999 -9999 -9999 -9999 -9999 -9999 -9999 -9999 -9999 -9999 -9999 -9999 -9999 -9999 -9999 -9999 -9999 -9999 -9999 -9999 -9999 885.9771 885.4304 884.1422 882.5712 881.1185 879.8847 878.7303 877.8822 877.0801 876.635 876.2496 875.7921 875.1976 874.3768 873.5001 872.5341 871.6811 870.9301 870.3083 869.781 869.3215 868.912 868.5602 868.2643 868.0151 867.8117 867.6559 867.4888 867.3427 867.2316 867.1614 867.1324 867.1437 867.1929 867.2808 867.4109 867.5868 867.8021 867.9797 868.2808 868.639
-9999 -9999 -9999 -9999 -9999 -9999 -9999 -9999 -9999 -9999 -9999 -9999 -9999 -9999 -9999 -9999 -9999 -9999 -9999 -9999 -9999 -9999 -9999 -9999 -9999 -9999 -9999 -9999 -9999 -9999 885.6721 885.0707 883.9241 882.4831 881.0841 879.8359 878.6539 877.8801 877.2893 876.9312 876.5898 876.1276 875.5312 874.8489 874.0317 873.1962 872.3832 871.6145 870.9151 870.3147 869.7908 869.3284 868.9222 868.5687 868.2584 867.9965 867.799 867.5883 867.4241 867.2966 867.2098 867.1672 867.1675 867.2078 867.2848 867.3967 867.5366 867.686 867.8234 868.1353 868.4906
-9999 -9999 -9999 -9999 -9999 -9999 -9999 -9999 -9999 -9999 -9999 -9999 -9999 -9999 -9999 -9999 -9999 -9999 -9999 -9999 -9999 -9999 -9999 -9999 -9999 -9999 -9999 -9999 -9999 -9999 884.9854 884.4481 883.4669 882.2051 880.9888 879.8398 878.7349 878.051 877.5362 877.1852 876.8866 876.4224 875.8834 875.293 874.572 873.8452 873.0955 872.3377 871.6082 870.9242 870.3278 869.8026 869.3355 868.9189 868.5302 868.1594 867.8312 867.6533 867.5087 867.3721 867.2656 867.2045 867.1901 867.2188 867.2846 867.3826 867.5057 867.646 867.8095 868.0651 868.3796
-9999 -9999 -9999 -9999 -9999 -9999 -9999 -9999 -9999 -9999 -9999 -9999 -9999 -9999 -9999 -9999 -9999 -9999 -9999 -9999 -9999 -9999 -9999 -9999 -9999 -9999 -9999 -9999 -9999 -9999 884.4642 883.9142 883.055 881.9657 880.9213 879.9252 879.0166 878.3622 877.8018 877.3746 876.9901 876.6241 876.1492 875.5624 874.9921 874.3676 873.705 872.9792 872.2997 871.6104 870.9376 870.3448 869.8142 869.3282 868.8696 868.4209 868.0492 867.811 867.644 867.473 867.3364 867.2504 867.217 867.2313 867.2865 867.3762 867.4955 867.6404 867.8105 868.0114 868.28
-9999 -9999 -9999 -9999 -9999 -9999 -9999 -9999 -9999 -9999 -9999 -9999 -9999 -9999 -9999 -9999 -9999 -9999 -9999 -9999 -9999 -9999 -9999 -9999 -9999 -9999 -9999 -9999 -9999 -9999 884.1291 883.5482 882.8412 881.8115 880.9159 880.077 879.3345 878.6506 878.1077 877.655 877.2698 876.9325 876.5184 876.0071 875.4425 874.8046 874.0822 873.4663 872.8858 872.2922 871.6272 870.9541 870.3448 869.7697 869.2369 868.7112 868.2953 867.9989 867.7971 867.579 867.4177 867.3087 867.2535 867.25 867.2922 867.3732 867.4881 867.6343 867.8059 867.9381 868.1737
-9999 -9999 -9999 -9999 -9999 -9999 -9999 -9999 -9999 -9999 -9999 -9999 -9999 -9999 -9999 -9999 -9999 -9999 -9999 -9999 -9999 -9999 -9999 -9999 -9999 -9999 -9999 -9999 -9999 -9999 884.0978 883.4504 882.8504 882.0033 881.2122 880.5208 879.9114 879.2937 878.634 878.0682 877.6169 877.261 876.9196 876.4792 875.929 875.2842 874.569 873.9482 873.4197 872.8925 872.3081 871.6367 870.9227 870.2057 869.4937 868.9726 868.5344 868.1525 867.8298 867.65 867.5066 867.3839 867.3047 867.2787 867.303 867.3692 867.4677 867.5872 867.7101 867.8167 868.062
-9999 -9999 -9999 -9999 -9999 -9999 -9999 -9999 -9999 -9999 -9999 -9999 -9999 -9999 -9999 -9999 -9999 -9999 -9999 -9999 -9999 -9999 -9999 -9999 -9999 -9999 -9999 -9999 -9999 -9999 -9999 883.519 882.9396 882.3596 881.8664 881.1844 880.6121 880.1333 879.4182 878.6166 878.0092 877.5701 877.2375 876.8939 876.3646 875.6403 875.0071 874.4338 873.9108 873.4159 872.8774 872.2795 871.5533 870.7376 869.9613 869.3499 868.8587 868.4082 868.0441 867.8104 867.6454 867.486 867.3737 867.3203 867.3225 867.3713 867.4545 867.5602 867.6775 867.8095 868.009
-9999 -9999 -9999 -9999 -9999 -9999 -9999 -9999 -9999 -9999 -9999 -9999 -9999 -9999 -9999 -9999 -9999 -9999 -9999 -9999 -9999 -9999 -9999 -9999 -9999 -9999 -9999 -9999 -9999 -9999 -9999 883.7882 883.1057 882.7505 882.5963 881.9929 881.3394 880.8923 880.2432 879.2651 878.437 877.8595 877.4772 877.1681 876.7919 876.1293 875.4794 874.9005 874.3387 873.8249 873.2941 872.7366 872.0829 871.1733 870.4204 869.778 869.2296 868.7021 868.2894 867.9962 867.798 867.5906 867.4515 867.3739 867.3535 867.3834 867.4535 867.553 867.6732 867.8103 867.9674
-9999 -9999 -9999 -9999 -9999 -9999 -9999 -9999 -9999 -9999 -9999 -9999 -9999 -9999 -9999 -9999 -9999 -9999 -9999 -9999 -9999 -9999 -9999 -9999 -9999 -9999 -9999 -9999 -9999 -9999 -9999 -9999 883.6201 883.1883 883.1176 882.8256 882.2563 881.7557 880.9073 879.9011 878.9046 878.2019 877.7146 877.3488 876.9752 876.5044 875.9308 875.3169 874.6579 874.0268 873.5523 873.0344 872.4209 871.6844 870.9096 870.1918 869.4873 868.9684 868.5294 868.1475 867.8283 867.6572 867.5328 867.44 867.3958 867.4044 867.459 867.5499 867.6696 867.808 867.9097
-9999 -9999 -9999 -9999 -9999 -9999 -9999 -9999 -9999 -9999 -9999 -9999 -9999 -9999 -9999 -9999 -9999 -9999 -9999 -9999 -9999 -9999 -9999 -9999 -9999 -9999 -9999 -9999 -9999 -9999 -9999 -9999 -9999 884.074 883.9854 883.876 883.4138 882.9214 882.1556 880.9902 879.8749 878.8688 878.147 877.6439 877.2569 876.8823 876.3326 875.6176 874.9904 874.3768 873.8392 873.3132 872.774 872.1794 871.4189 870.6832 869.9426 869.3466 868.8541 868.3996 868.0353 867.8098 867.6603 867.5276 867.4495 867.4316 867.4644 867.535 867.6305 867.7319 867.8133
-9999 -9999 -9999 -9999 -9999 -9999 -9999 -9999 -9999 -9999 -9999 -9999 -9999 -9999 -9999 -9999 -9999 -9999 -9999 -9999 -9999 -9999 -9999 -9999 -9999 -9999 -9999 -9999 -9999 -9999 -9999 -9999 -9999 -9999 885.1852 885.2338 884.8219 884.269 883.5707 882.5189 881.2917 880.0253 878.91 878.1382 877.6071 877.1967 876.7604 876.075 875.4165 874.7523 874.0636 873.5562 873.0512 872.4576 871.7869 871.0264 870.3685 869.7716 869.2304 868.6948 868.2738 867.9839 867.8001 867.615 867.506 867.4641 867.4727 867.5197 867.5964 867.6945 867.8079
-9999 -9999 -9999 -9999 -9999 -9999 -9999 -9999 -9999 -9999 -9999 -9999 -9999 -9999 -9999 -9999 -9999 -9999 -9999 -9999 -9999 -9999 -9999 -9999 -9999 -9999 -9999 -9999 -9999 -9999 -9999 -9999 -9999 -9999 -9999 886.7091 886.2286 885.543 884.8499 884.1126 882.9361 881.5143 880.0953 878.9272 878.1079 877.5122 876.9924 876.4448 875.8519 875.2284 874.5159 873.9335 873.4224 872.8527 872.223 871.4994 870.8456 870.2089 869.5305 868.9867 868.5175 868.1294 867.8245 867.6665 867.5634 867.5076 867.4893 867.5065 867.557 867.6344 867.7258
-9999 -9999 -9999 -9999 -9999 -9999 -9999 -9999 -9999 -9999 -9999 -9999 -9999 -9999 -9999 -9999 -9999 -9999 -9999 -9999 -9999 -9999 -9999 -9999 -9999 -9999 -9999 -9999 -9999 -9999 -9999 -9999 -9999 -9999 -9999 887.4956 887.0974 886.1962 885.3758 885.3239 884.631 883.2125 881.6006 880.1434 878.9048 878.0287 877.3929 876.8702 876.2762 875.5929 874.9608 874.3969 873.8651 873.2527 872.5342 871.9076 871.3218 870.7605 870.105 869.4382 868.8636 868.3816 868.0221 867.8085 867.6687 867.5817 867.5225 867.4999 867.519 867.5795 867.6769
-9999 -9999 -9999 -9999 -9999 -9999 -9999 -9999 -9999 -9999 -9999 -9999 -9999 -9999 -9999 -9999 -9999 -9999 -9999 -9999 -9999 -9999 -9999 -9999 -9999 -9999 -9999 -9999 -9999 -9999 -9999 -9999 -9999 -9999 -9999 -9999 886.889 885.9523 885.7928 886.2089 886.168 885.0764 883.4743 881.7266 880.1012 878.822 877.9553 877.3425 876.8062 876.1597 875.5002 874.9086 874.3329 873.7111 872.9559 872.2991 871.7283 871.2277 870.7056 870.0262 869.2881 868.6951 868.2716 867.9933 867.8098 867.6858 867.57 867.4979 867.4788 867.511 867.5873
-9999 -9999 -9999 -9999 -9999 -9999 -9999 -9999 -9999 -9999 -9999 -9999 -9999 -9999 -9999 -9999 -9999 -9999 -9999 -9999 -9999 -9999 -9999 -9999 -9999 -9999 -9999 -9999 -9999 -9999 -9999 -9999 -9999 -9999 -9999 -9999 -9999 885.1399 885.8094 886.8384 887.3561 886.667 885.264 883.47 881.5627 879.9611 878.7624 877.9521 877.3495 876.7864 876.1372 875.4745 874.8054 874.0527 873.2843 872.5336 872.0097 871.5543 871.0974 870.5306 869.6511 869.0218 868.5552 868.2148 867.9698 867.8015 867.6177 867.4991 867.4426 867.4415 867.4877
-9999 -9999 -9999 -9999 -9999 -9999 -9999 -9999 -9999 -9999 -9999 -9999 -9999 -9999 -9999 -9999 -9999 -9999 -9999 -9999 -9999 -9999 -9999 -9999 -9999 -9999 -9999 -9999 -9999 -9999 -9999 -9999 -9999 -9999 -9999 -9999 -9999 -9999 886.0845 887.2847 888.0135 887.856 886.8837 885.3192 883.3726 881.441 879.938 878.8209 878.0402 877.4068 876.8047 876.132 875.4111 874.6111 873.7649 872.9445 872.3141 871.8057 871.3627 870.8517 870.1563 869.4627 868.9219 868.4915 868.1344 867.8281 867.6489 867.5166 867.4306 867.3945 867.4064
-9999 -9999 -9999 -9999 -9999 -9999 -9999 -9999 -9999 -9999 -9999 -9999 -9999 -9999 -9999 -9999 -9999 -9999 -9999 -9999 -9999 -9999 -9999 -9999 -9999 -9999 -9999 -9999 -9999 -9999 -9999 -9999 -9999 -9999 -9999 -9999 -9999 -9999 -9999 888.0315 888.7749 888.9257 888.3983 887.2062 885.3724 883.2945 881.4862 880.1038 879.0226 878.1741 877.4718 876.8256 876.0945 875.2663 874.2928 873.3965 872.5952 872.0526 871.6266 871.2051 870.7145 870.0698 869.4058 868.8795 868.4426 868.0762 867.8113 867.6168 867.479 867.3961 867.3663
-9999 -9999 -9999 -9999 -9999 -9999 -9999 -9999 -9999 -9999 -9999 -9999 -9999 -9999 -9999 -9999 -9999 -9999 -9999 -9999 -9999 -9999 -9999 -9999 -9999 -9999 -9999 -9999 -9999 -9999 -9999 -9999 -9999 -9999 -9999 -9999 -9999 -9999 -9999 -9999 889.6129 889.9368 889.7788 889.0013 887.4467 885.3956 883.3201 881.7651 880.4697 879.2067 878.2631 877.5435 876.8382 876.0243 875.114 874.1238 873.2266 872.499 871.9786 871.5496 871.1212 870.6288 869.9465 869.3481 868.8553 868.4337 868.089 867.8119 867.6049 867.4626 867.3817
