backend/lakes/data/Mud Lake/mud_dem_tm.asc
ncols         88
nrows         112
xllcorner     603150
yllcorner     5507450
cellsize      50
NODATA_value  -9999
[rows 30 to 59 of 112, columns 0 to 67 of 88]
-9999 -9999 -9999 -9999 -9999 -9999 -9999 -9999 -9999 -9999 -9999 -9999 -9999 -9999 -9999 -9999 -9999 -9999 -9999 -9999 -9999 -9999 -9999 -9999 -9999 -9999 -9999 -9999 -9999 -9999 -9999 -9999 -9999 964.9947 964.9836 964.7517 964.1239 963.3668 962.6952 961.9193 961.3353 961.4792 961.95 962.5248 963.0052 963.2597 963.4156 963.5759 963.8497 964.2836 964.8268 965.447 966.3809 967.1119 967.6442 967.9178 968.0029 968.0751 -9999 -9999 -9999 -9999 -9999 -9999 -9999 -9999 -9999 -9999
-9999 -9999 -9999 -9999 -9999 -9999 -9999 -9999 -9999 -9999 -9999 -9999 -9999 -9999 -9999 -9999 -9999 -9999 -9999 -9999 -9999 -9999 -9999 -9999 -9999 -9999 -9999 -9999 -9999 -9999 -9999 -9999 -9999 964.7787 964.5019 963.948 963.0956 962.2214 961.6235 961.2393 961.0313 961.1982 961.6272 962.1439 962.5027 962.6909 962.7938 962.9016 963.0883 963.3875 963.8295 964.4844 965.5001 966.5385 967.3292 967.8381 968.0031 968.0641 968.0003 -9999 -9999 -9999 -9999 -9999 -9999 -9999 -9999 -9999
-9999 -9999 -9999 -9999 -9999 -9999 -9999 -9999 -9999 -9999 -9999 -9999 -9999 -9999 -9999 -9999 -9999 -9999 -9999 -9999 -9999 -9999 -9999 -9999 -9999 -9999 -9999 -9999 -9999 -9999 -9999 -9999 -9999 -9999 964.0351 963.1926 962.1288 961.1252 960.5958 960.6263 960.7574 961.0001 961.373 961.8139 962.0139 962.1539 962.2612 962.371 962.5204 962.7272 963.0524 963.6518 964.5688 965.7407 966.8455 967.6801 968.0214 968.0956 968.001 967.9803 -9999 -9999 -9999 -9999 -9999 -9999 -9999 -9999
-9999 -9999 -9999 -9999 -9999 -9999 -9999 -9999 -9999 -9999 -9999 -9999 -9999 -9999 -9999 -9999 -9999 -9999 -9999 -9999 -9999 -9999 -9999 -9999 -9999 -9999 -9999 -9999 -9999 -9999 -9999 -9999 -9999 -9999 963.8638 962.9025 961.723 960.6472 960.3364 960.5475 960.7722 960.9791 961.1921 961.3944 961.5872 961.7702 961.9429 962.1042 962.2543 962.399 962.5715 963.0701 963.8996 964.9749 966.1105 967.0548 967.7224 967.9672 967.9647 967.9718 968.0001 -9999 -9999 -9999 -9999 -9999 -9999 -9999
-9999 -9999 -9999 -9999 -9999 -9999 -9999 -9999 -9999 -9999 -9999 -9999 -9999 -9999 -9999 -9999 -9999 -9999 -9999 -9999 -9999 -9999 -9999 -9999 -9999 -9999 -9999 -9999 -9999 -9999 -9999 -9999 -9999 -9999 963.8818 963.0337 962.1002 961.2734 960.8626 961.0414 961.1479 961.2333 961.3369 961.4504 961.6023 961.8032 962.0202 962.2201 962.3695 962.4409 962.4998 962.788 963.4531 964.465 965.1509 966.0883 966.9034 967.407 967.6313 967.7693 967.8743 967.9982 -9999 -9999 -9999 -9999 -9999 -9999
-9999 -9999 -9999 -9999 -9999 -9999 -9999 -9999 -9999 -9999 -9999 -9999 -9999 -9999 -9999 -9999 -9999 -9999 -9999 -9999 -9999 -9999 -9999 -9999 -9999 -9999 -9999 -9999 -9999 -9999 -9999 -9999 -9999 -9999 963.9749 963.3621 962.7528 962.1375 961.7623 961.6501 961.6882 961.6534 961.687 961.7563 961.867 962.0682 962.3217 962.5674 962.7412 962.7944 962.7194 962.7268 962.9952 963.6642 964.3099 965.102 965.9349 966.6306 967.0501 967.3445 967.5171 967.7114 967.9251 -9999 -9999 -9999 -9999 -9999
-9999 -9999 -9999 -9999 -9999 -9999 -9999 -9999 -9999 -9999 -9999 -9999 -9999 -9999 -9999 -9999 -9999 -9999 -9999 -9999 -9999 -9999 -9999 -9999 -9999 -9999 -9999 -9999 -9999 -9999 -9999 -9999 -9999 -9999 -9999 963.6805 963.257 962.8378 962.4192 962.1587 962.2606 962.1093 962.1067 962.1365 962.202 962.371 962.6409 962.9429 963.1798 963.2646 963.1579 962.9729 962.9409 963.1981 963.6648 964.2377 964.8461 965.6385 966.2996 966.7364 966.9293 967.173 967.4517 -9999 -9999 -9999 -9999 -9999
-9999 -9999 -9999 -9999 -9999 -9999 -9999 -9999 -9999 -9999 -9999 -9999 -9999 -9999 -9999 -9999 -9999 -9999 -9999 -9999 -9999 -9999 -9999 -9999 -9999 -9999 -9999 -9999 -9999 -9999 -9999 -9999 -9999 -9999 964.498 964.0385 963.6506 963.2655 962.9086 962.6569 962.5761 962.6154 962.5358 962.4717 962.4676 962.5636 962.8112 963.1487 963.4858 963.6504 963.6043 963.371 963.1723 963.1736 963.3995 963.7632 964.2169 964.757 965.5069 965.9088 966.2084 966.8652 967.1858 967.1786 -9999 -9999 -9999 -9999
-9999 -9999 -9999 -9999 -9999 -9999 -9999 -9999 -9999 -9999 -9999 -9999 -9999 -9999 -9999 -9999 -9999 -9999 -9999 -9999 -9999 -9999 -9999 -9999 -9999 -9999 -9999 -9999 -9999 -9999 -9999 -9999 -9999 -9999 964.8785 964.3967 963.9726 963.5347 963.1199 963.2245 963.4729 963.2221 962.9124 962.689 962.5935 962.603 962.7742 963.0961 963.5107 963.8186 963.8588 963.7134 963.4877 963.3619 963.4182 963.6354 963.9818 964.367 964.7917 965.1413 965.6125 966.5739 967.0128 967.1074 967.0018 -9999 -9999 -9999
-9999 -9999 -9999 -9999 -9999 -9999 -9999 -9999 -9999 -9999 -9999 -9999 -9999 -9999 -9999 -9999 -9999 -9999 -9999 -9999 -9999 -9999 -9999 -9999 -9999 -9999 -9999 -9999 -9999 -9999 -9999 -9999 -9999 965.6909 965.1359 964.6501 964.1991 963.7645 963.1767 963.7354 963.7603 963.448 963.0668 962.739 962.6102 962.546 962.62 962.8551 963.2592 963.6782 963.8839 963.8389 963.7048 963.5938 963.5859 963.6833 963.8748 964.0281 964.1752 964.3362 964.811 966.1172 966.8195 967.0863 967.0847 -9999 -9999 -9999
-9999 -9999 -9999 -9999 -9999 -9999 -9999 -9999 -9999 -9999 -9999 -9999 -9999 -9999 -9999 -9999 -9999 -9999 -9999 -9999 -9999 -9999 -9999 -9999 -9999 -9999 -9999 -9999 -9999 -9999 -9999 -9999 -9999 966.4288 965.6198 964.9277 964.3639 963.9763 963.6394 963.738 963.6465 963.3457 962.9866 962.6639 962.5547 962.5002 962.5019 962.6074 962.8912 963.3132 963.639 963.7568 963.7435 963.7264 963.7662 963.8615 964.0399 964.3131 964.6788 965.2219 964.3943 965.744 966.6669 967.0814 967.1623 967.0961 -9999 -9999
-9999 -9999 -9999 -9999 -9999 -9999 -9999 -9999 -9999 -9999 -9999 -9999 -9999 -9999 -9999 -9999 -9999 -9999 -9999 -9999 -9999 -9999 -9999 -9999 -9999 -9999 -9999 -9999 -9999 -9999 -9999 -9999 968.6309 967.4332 966.1874 965.1147 964.3779 964.0008 963.7048 963.5626 963.3649 963.0698 962.7473 962.514 962.4977 962.4773 962.4999 962.5013 962.6156 962.9205 963.2552 963.4759 963.5931 963.6981 963.835 964.0025 964.158 964.4565 964.7778 965.0379 964.9249 965.6464 966.571 967.0338 967.1716 967.1601 967.0906 -9999
-9999 -9999 -9999 -9999 -9999 -9999 -9999 -9999 -9999 -9999 -9999 -9999 -9999 -9999 -9999 -9999 -9999 -9999 -9999 -9999 -9999 -9999 -9999 -9999 -9999 -9999 -9999 -9999 -9999 969.6018 970.387 970.5822 969.8251 968.4006 966.7458 965.2736 964.2794 963.9299 963.5886 963.3231 963.0546 962.7599 962.5085 962.3702 962.3793 962.3655 962.4326 962.5016 962.519 962.6691 962.923 963.1429 963.3146 963.4943 963.7119 963.9657 964.1589 964.3286 964.5696 964.6809 964.7162 965.1604 966.0372 966.7222 966.9984 967.1247 967.1293 -9999
-9999 -9999 -9999 -9999 -9999 -9999 -9999 -9999 -9999 -9999 -9999 -9999 -9999 -9999 -9999 -9999 -9999 -9999 -9999 -9999 -9999 -9999 -9999 -9999 -9999 -9999 -9999 968.9971 969.0322 969.7412 970.7255 970.957 970.3889 968.9039 967.0547 965.3691 964.2144 963.7048 963.3635 963.0812 962.8044 962.5242 962.3505 962.2518 962.2371 962.295 962.3044 962.4102 962.506 962.5763 962.7325 962.8966 963.0455 963.2215 963.4537 963.7129 963.9878 964.1075 964.1959 964.2445 964.254 964.4932 965.3208 966.0566 966.6073 967.0023 967.1273 -9999
-9999 -9999 -9999 -9999 -9999 -9999 -9999 -9999 -9999 -9999 -9999 -9999 -9999 -9999 -9999 -9999 -9999 -9999 -9999 -9999 -9999 -9999 -9999 -9999 -9999 968.3826 968.2717 968.0914 968.3308 969.1756 970.1221 970.3942 969.9404 968.5562 966.812 965.2023 964.0655 963.4727 963.1333 962.8829 962.666 962.4868 962.2859 962.1597 962.1251 962.1464 962.2328 962.2584 962.3882 962.5052 962.6212 962.7467 962.8525 962.9982 963.1953 963.4295 963.6497 963.845 963.8846 963.8768 963.8894 964.0723 964.5953 965.4445 966.2328 966.9303 967.1305 967.1036
-9999 -9999 -9999 -9999 -9999 -9999 -9999 -9999 -9999 -9999 -9999 -9999 -9999 -9999 -9999 -9999 -9999 -9999 -9999 -9999 -9999 -9999 -9999 -9999 967.0372 967.0656 966.9128 966.785 967.1047 967.8522 968.6334 968.9731 968.5344 967.3135 965.8654 964.563 963.6909 963.1809 962.8977 962.6876 962.5018 962.3457 962.1824 962.0591 962.0053 962.0227 962.0745 962.1793 962.2339 962.376 962.5019 962.6113 962.6829 962.8165 963.0002 963.2091 963.4099 963.5566 963.6444 963.6602 963.7024 963.9123 964.4155 965.1833 966.1149 966.9017 967.1177 967.0704
-9999 -9999 -9999 -9999 -9999 -9999 -9999 -9999 -9999 -9999 -9999 -9999 -9999 -9999 -9999 -9999 -9999 -9999 -9999 -9999 -9999 -9999 -9999 965.9177 966.0156 965.8951 965.604 965.4163 965.6946 966.2664 966.8579 967.1917 966.8016 965.785 964.7314 963.8741 963.249 962.8605 962.676 962.4992 962.3293 962.1829 962.0491 961.943 961.8857 961.8886 961.9427 962.0175 962.1375 962.2334 962.3768 962.4939 962.5058 962.6389 962.8234 963.0338 963.2412 963.4041 963.493 963.5358 963.6106 963.8312 964.2952 965.0177 966.0908 966.844 967.0654 967.0008
-9999 -9999 -9999 -9999 -9999 -9999 -9999 -9999 -9999 -9999 -9999 -9999 -9999 -9999 -9999 -9999 -9999 -9999 -9999 -9999 -9999 -9999 965.0676 965.2719 965.2852 965.0067 964.618 964.3616 964.5747 964.97 965.593 966.0134 965.5969 964.7731 963.9482 963.3099 962.8394 962.5367 962.4699 962.3005 962.1362 961.9993 961.8887 961.8062 961.7596 961.7591 961.8021 961.8785 961.9736 962.1052 962.2227 962.3278 962.3846 962.4985 962.6583 962.8638 963.0978 963.2964 963.4169 963.478 963.5612 963.7795 964.2341 964.9743 965.9433 966.7635 966.9976 966.9635
-9999 -9999 -9999 -9999 -9999 -9999 -9999 -9999 -9999 -9999 -9999 -9999 -9999 -9999 -9999 -9999 -9999 -9999 -9999 -9999 -9999 964.9996 964.9597 964.9938 964.8884 964.4553 964.0307 963.8353 963.9569 964.2078 964.6405 964.9633 964.5917 963.924 963.2804 962.841 962.4987 962.2706 962.1715 962.0452 961.913 961.7969 961.7081 961.6494 961.6222 961.6292 961.6688 961.7344 961.8269 961.9413 962.0719 962.179 962.2592 962.3602 962.4976 962.6848 962.9585 963.2084 963.3646 963.4373 963.5077 963.6866 964.0775 964.7503 965.6025 966.3967 966.8152 966.9554
-9999 -9999 -9999 -9999 -9999 -9999 -9999 -9999 -9999 -9999 -9999 -9999 -9999 -9999 -9999 -9999 -9999 -9999 -9999 -9999 -9999 965.0024 964.9332 964.7834 964.515 964.0769 963.6915 963.5038 963.5505 963.6635 963.8419 963.9421 963.6818 963.152 962.6617 962.4402 962.192 962.0067 961.8937 961.791 961.6886 961.5958 961.5258 961.4852 961.4764 961.4965 961.5402 961.6007 961.6818 961.7929 961.9214 962.0436 962.1433 962.2406 962.356 962.5185 962.8398 963.1375 963.3259 963.4071 963.4545 963.5656 963.8242 964.3102 965.2092 966.1217 966.7775 967.144
-9999 -9999 -9999 -9999 -9999 -9999 -9999 -9999 -9999 -9999 -9999 -9999 -9999 -9999 -9999 -9999 -9999 -9999 -9999 -9999 965.2623 965.1334 964.9875 964.6486 964.2983 963.9722 963.524 963.2835 963.2792 963.3015 963.2816 963.1954 962.9447 962.5528 962.248 962.074 961.9055 961.7615 961.6528 961.5645 961.4849 961.4146 961.361 961.3325 961.3343 961.365 961.4167 961.4784 961.5524 961.6543 961.7875 961.925 962.0481 962.1653 962.3031 962.5002 962.806 963.1069 963.3096 963.4026 963.4483 963.53 963.7257 964.1445 965.0255 966.0811 967 967.6222
-9999 -9999 -9999 -9999 -9999 -9999 -9999 -9999 -9999 -9999 -9999 -9999 -9999 -9999 -9999 -9999 -9999 -9999 -9999 -9999 965.3926 965.2058 964.9598 964.44 964.0271 963.8669 963.4154 963.1008 963.0056 963.0221 962.9375 962.7538 962.5043 962.2173 961.9841 961.8238 961.6864 961.5664 961.4653 961.3829 961.3163 961.263 961.2246 961.2057 961.2109 961.2448 961.3021 961.3683 961.4411 961.5363 961.6689 961.8231 961.9726 962.1193 962.2852 962.5015 962.7991 963.0976 963.3174 963.4396 963.5192 963.6248 963.824 964.2275 965.0085 966.1799 967.2766 967.9219
-9999 -9999 -9999 -9999 -9999 -9999 -9999 -9999 -9999 -9999 -9999 -9999 -9999 -9999 -9999 -9999 -9999 -9999 -9999 965.6967 965.4263 965.1625 964.8218 964.1331 963.6142 963.4786 963.1946 962.9184 962.7762 962.7487 962.6825 962.504 962.277 962.0405 961.8363 961.6774 961.5452 961.433 961.3376 961.2571 961.1942 961.1476 961.1204 961.1096 961.1167 961.1469 961.203 961.2728 961.3473 961.4399 961.5713 961.7365 961.91 962.0864 962.2778 962.5024 962.7845 963.0804 963.3319 963.5114 963.6615 963.8285 964.0547 964.413 965.0316 966.2933 967.5322 967.7885
-9999 -9999 -9999 -9999 -9999 -9999 -9999 -9999 -9999 -9999 -9999 -9999 -9999 -9999 -9999 -9999 -9999 -9999 -9999 965.6807 965.3594 965.0364 964.6343 964.0381 963.5281 963.3079 963.0706 962.8192 962.6503 962.574 962.4985 962.3431 962.1481 961.9456 961.7609 961.6046 961.4716 961.3578 961.2631 961.1846 961.1207 961.0739 961.0475 961.0425 961.052 961.0777 961.1266 961.1945 961.2708 961.3632 961.4931 961.6644 961.8547 962.0553 962.2698 962.5023 962.7497 963.041 963.3379 963.5961 963.8407 964.0955 964.3892 964.7816 965.364 966.2325 967.386 967.3092
-9999 -9999 -9999 -9999 -9999 -9999 -9999 -9999 -9999 -9999 -9999 -9999 -9999 -9999 -9999 -9999 -9999 -9999 -9999 965.5902 965.2691 965.0145 964.841 964.1723 963.6404 963.2987 963.035 962.7911 962.6057 962.5008 962.395 962.2433 962.0684 961.8892 961.7206 961.571 961.4409 961.3269 961.2294 961.1511 961.0875 961.0382 961.0063 960.9994 961.0105 961.0345 961.076 961.1363 961.21 961.302 961.4302 961.6025 961.7998 962.0121 962.2408 962.4849 962.6711 962.9691 963.326 963.6705 964.0051 964.3325 964.6732 965.0732 965.5612 965.9551 966.7095 966.4733
-9999 -9999 -9999 -9999 -9999 -9999 -9999 -9999 -9999 -9999 -9999 -9999 -9999 -9999 -9999 -9999 -9999 -9999 965.7108 965.3927 965.1422 965.0036 964.9482 964.3602 963.7524 963.3226 963.0103 962.7635 962.5833 962.4958 962.3474 962.186 962.0198 961.8567 961.7028 961.562 961.4363 961.3246 961.2262 961.144 961.0806 961.0282 960.993 960.9767 960.986 961.0095 961.0472 961.1002 961.1663 961.2538 961.3782 961.5471 961.741 961.9453 962.1505 962.3456 962.5228 962.876 963.2997 963.7145 964.1025 964.4503 964.7635 965.0723 965.3409 965.5009 965.5815 965.4993
-9999 -9999 -9999 -9999 -9999 -9999 -9999 -9999 -9999 -9999 -9999 -9999 -9999 -9999 -9999 -9999 -9999 -9999 965.3677 965.1718 965.0055 964.9766 964.8466 964.1975 963.6844 963.2781 962.9635 962.7087 962.5048 962.4045 962.2784 962.1366 961.9893 961.8422 961.7013 961.5697 961.448 961.3383 961.2405 961.1573 961.0886 961.0356 960.9937 960.9738 960.9733 960.9952 961.0323 961.0817 961.1407 961.2194 961.3366 961.4991 961.6881 961.8849 962.0798 962.276 962.4991 962.8478 963.285 963.7205 964.1044 964.4112 964.6303 964.7969 964.9655 965.0027 964.5504 964.9388
-9999 -9999 -9999 -9999 -9999 -9999 -9999 -9999 -9999 -9999 -9999 -9999 -9999 -9999 -9999 -9999 965.5819 965.1302 965.0773 965.053 965.0004 964.8901 964.5172 964.0125 963.5793 963.2219 962.9276 962.6876 962.499 962.3596 962.232 962.1046 961.9755 961.845 961.7151 961.5911 961.474 961.3643 961.2657 961.1815 961.1117 961.0515 961.0067 960.9778 960.9742 960.988 961.0228 961.0725 961.129 961.2 961.3073 961.4614 961.6471 961.8427 962.04 962.2509 962.5002 962.8494 963.2668 963.6778 964.0049 964.2244 964.2993 964.3765 964.5428 964.127 964.3268 965.1431
-9999 -9999 -9999 -9999 -9999 -9999 -9999 -9999 -9999 -9999 -9999 -9999 -9999 -9999 -9999 965.5132 965.0897 964.9332 964.9991 965.0372 965.0384 964.832 964.2109 963.8113 963.4801 963.1845 962.9192 962.687 962.4987 962.3409 962.213 962.0975 961.9836 961.8661 961.7457 961.6262 961.5123 961.4027 961.3016 961.2137 961.1423 961.0798 961.0254 960.9913 960.9787 960.9896 961.017 961.0634 961.1213 961.1903 961.2899 961.4341 961.6169 961.8161 962.0224 962.2462 962.5063 962.8552 963.2222 963.5766 963.8191 963.9752 964.0098 964.0253 963.9272 964.5518 965.0654 965.9666
-9999 -9999 -9999 -9999 -9999 -9999 -9999 -9999 -9999 -9999 -9999 -9999 -9999 -9999 -9999 965.042 964.902 964.8917 964.9756 965.0001 964.9707 964.5408 964.0223 963.6962 963.4437 963.2019 962.9534 962.7095 962.4975 962.339 962.2213 962.1193 962.0172 961.909 961.7936 961.6768 961.5621 961.4524 961.3475 961.2553 961.1779 961.1144 961.0549 961.0088 960.9905 960.9932 961.0149 961.0543 961.1097 961.1796 961.2766 961.4138 961.5917 961.7956 962.0125 962.2479 962.5132 962.8351 963.1083 963.3942 963.5539 963.6534 963.7522 963.8102 963.7274 964.3436 965.0822 966.5476
