backend/lakes/data/Mud Lake/mud_dem_tm.asc
ncols         88
nrows         112
xllcorner     603150
yllcorner     5507450
cellsize      50
NODATA_value  -9999
[rows 60 to 89 of 112, columns 0 to 67 of 88]
-9999 -9999 -9999 -9999 -9999 -9999 -9999 -9999 -9999 -9999 -9999 -9999 -9999 -9999 965.0018 964.9446 964.9165 964.9474 965.0251 964.9987 964.7585 964.1832 963.8485 963.6473 963.4832 963.2936 963.0554 962.782 962.5139 962.3717 962.2675 962.1758 962.0792 961.973 961.8583 961.7397 961.6237 961.5104 961.403 961.3042 961.2214 961.1514 961.0902 961.0361 961.0046 961.0012 961.0139 961.0437 961.093 961.1613 961.2565 961.3894 961.562 961.7665 961.9878 962.2292 962.4891 962.6879 962.8445 963.0565 963.2261 963.128 963.3278 963.5276 963.814 964.2035 965.0814 966.8078
-9999 -9999 -9999 -9999 -9999 -9999 -9999 -9999 -9999 -9999 -9999 -9999 -9999 -9999 965.0026 964.9999 964.9997 965.0003 965.0298 964.8461 964.2808 963.9314 963.7607 963.6829 963.6075 963.469 963.247 962.9689 962.694 962.5012 962.371 962.2716 962.1677 962.0551 961.9358 961.8134 961.6922 961.5759 961.4636 961.3606 961.2701 961.1937 961.1265 961.0684 961.0266 961.0103 961.0144 961.032 961.07 961.1327 961.2245 961.3527 961.5185 961.7155 961.9269 962.1414 962.3436 962.4911 962.5214 962.7284 962.9282 963.2668 963.4933 963.6576 963.812 964.1913 965.1127 966.9419
-9999 -9999 -9999 -9999 -9999 -9999 -9999 -9999 -9999 -9999 -9999 -9999 -9999 -9999 965.017 965.0273 965.0358 965.0309 964.9603 964.5144 964.0273 963.7991 963.7507 963.7872 963.7947 963.7036 963.4907 963.2019 962.9086 962.6722 962.5018 962.3892 962.2684 962.1442 962.0186 961.8918 961.7661 961.6445 961.5293 961.4207 961.3241 961.2399 961.1654 961.1011 961.052 961.0239 961.015 961.0196 961.0429 961.0949 961.1796 961.3013 961.4604 961.6486 961.8477 962.0341 962.194 962.3113 962.3647 962.5348 962.9592 963.3461 963.6248 963.812 963.9928 964.3569 965.1983 966.9853
-9999 -9999 -9999 -9999 -9999 -9999 -9999 -9999 -9999 -9999 -9999 -9999 -9999 -9999 -9999 965.0177 965.0186 964.9834 964.8171 964.2791 963.9227 963.7529 963.7565 963.8757 963.962 963.9302 963.7188 963.4081 963.0887 962.8205 962.6246 962.4964 962.3544 962.2236 962.0966 961.9692 961.8412 961.7157 961.5959 961.4844 961.3816 961.2895 961.2075 961.1346 961.0769 961.0388 961.0177 961.0081 961.0149 961.0518 961.1258 961.2386 961.3916 961.5779 961.7729 961.9628 962.124 962.2562 962.3732 962.5925 963.0966 963.5514 963.8859 964.1315 964.3573 964.7128 965.4182 966.9956
-9999 -9999 -9999 -9999 -9999 -9999 -9999 -9999 -9999 -9999 -9999 -9999 -9999 -9999 -9999 965 965 965 964.9887 964.68 964.0544 963.7662 963.6903 963.7776 963.9344 964.0409 963.8423 963.5143 963.1799 962.8929 962.6677 962.501 962.3904 962.2814 962.1647 962.0414 961.9143 961.7868 961.6638 961.5484 961.4419 961.343 961.2513 961.17 961.1012 961.0513 961.0193 960.9984 960.9904 961.0103 961.0703 961.1722 961.3184 961.5068 961.7142 961.929 962.1339 962.3558 962.5356 962.8915 963.3474 963.7831 964.1492 964.4898 964.8379 965.2542 965.8904 967.0216
-9999 -9999 -9999 -9999 -9999 -9999 -9999 -9999 -9999 -9999 -9999 -9999 -9999 -9999 -9999 964.9763 964.9913 964.9969 964.9348 964.6319 964.0854 963.7667 963.4928 963.061 963.3523 963.9241 963.7717 963.4635 963.1595 962.8951 962.6748 962.5027 962.4292 962.3383 962.23 962.1102 961.9844 961.8572 961.7322 961.6135 961.5026 961.3989 961.2994 961.2057 961.1257 961.0629 961.0188 960.9893 960.9716 960.9773 961.0219 961.1121 961.2494 961.4366 961.6597 961.8964 962.1702 962.4759 962.7816 963.1133 963.4795 963.8902 964.2896 964.7023 965.1577 965.6606 966.2165 967.2368
-9999 -9999 -9999 -9999 -9999 -9999 -9999 -9999 -9999 -9999 -9999 -9999 -9999 -9999 -9999 964.9229 964.9564 964.9716 964.9048 964.675 964.303 964.0276 963.8851 963.511 963.0543 963.6274 963.4642 963.2521 963.0516 962.863 962.6937 962.5635 962.4985 962.4009 962.2938 962.1764 962.0516 961.926 961.8018 961.6804 961.5651 961.4556 961.3497 961.2453 961.15 961.0742 961.0192 960.9816 960.9592 960.9567 960.9885 961.0665 961.1965 961.3752 961.5978 961.8389 962.0866 962.3402 962.5712 962.9904 963.3986 963.8103 964.2046 964.5698 964.9615 965.4899 966.3975 967.6205
-9999 -9999 -9999 -9999 -9999 -9999 -9999 -9999 -9999 -9999 -9999 -9999 -9999 -9999 -9999 964.8249 964.8996 964.9564 964.9341 964.8103 964.5586 964.3316 964.1649 963.9064 963.591 963.1525 963.0165 963.0056 962.9509 962.8481 962.7227 962.601 962.5012 962.439 962.347 962.2366 962.1154 961.9927 961.8715 961.7498 961.6296 961.5139 961.4008 961.2874 961.1776 961.0862 961.0209 960.9785 960.9544 960.9506 960.9751 961.0433 961.1659 961.3444 961.5568 961.7909 962.0234 962.2554 962.5054 962.8961 963.319 963.7413 964.1216 964.4283 964.7653 965.3114 966.6949 968.1185
-9999 -9999 -9999 -9999 -9999 -9999 -9999 -9999 -9999 -9999 -9999 -9999 -9999 -9999 -9999 -9999 964.8282 964.9622 965.0011 964.9908 964.7947 964.5776 964.3817 964.1448 963.8215 963.1813 963.0179 963.0333 963.0072 962.9233 962.8044 962.678 962.5694 962.4986 962.3997 962.2917 962.1757 962.0576 961.941 961.8214 961.6974 961.5743 961.4529 961.3302 961.2087 961.1025 961.0264 960.9816 960.96 960.9586 960.9844 961.0479 961.1663 961.345 961.5684 961.7986 962.0255 962.2438 962.4984 962.8847 963.3231 963.8018 964.2241 964.5359 964.9885 965.758 967.1169 968.5027
-9999 -9999 -9999 -9999 -9999 -9999 -9999 -9999 -9999 -9999 -9999 -9999 -9999 -9999 -9999 -9999 964.7505 964.9962 965.1051 965.1393 965.0133 964.8026 964.5671 964.3074 963.9988 963.614 963.4776 963.3588 963.2383 963.0994 962.9434 962.7827 962.6315 962.5023 962.4333 962.3385 962.232 962.1223 962.0117 961.8949 961.7684 961.6375 961.5066 961.3745 961.243 961.1253 961.0398 960.9929 960.976 960.9807 961.0113 961.0808 961.201 961.3859 961.6234 961.8787 962.1125 962.3151 962.5265 962.9087 963.397 963.9787 964.5146 964.8702 965.5549 966.5968 967.775 968.9136
-9999 -9999 -9999 -9999 -9999 -9999 -9999 -9999 -9999 -9999 -9999 -9999 -9999 -9999 -9999 -9999 -9999 964.9934 965.1941 965.3611 965.3748 965.1459 964.8328 964.5131 964.2205 963.9967 963.936 963.7209 963.52 963.321 963.1183 962.9183 962.7345 962.5863 962.4979 962.3898 962.2882 962.1884 962.0854 961.9714 961.8425 961.7037 961.5625 961.4211 961.2816 961.156 961.0635 961.0143 961.0016 961.0134 961.0526 961.1306 961.2645 961.4607 961.721 962.0085 962.285 962.4916 962.7142 963.0541 963.5294 964.1118 964.697 965.3408 966.4601 967.563 968.4847 969.3327
-9999 -9999 -9999 -9999 -9999 -9999 -9999 -9999 -9999 -9999 -9999 -9999 -9999 -9999 -9999 -9999 -9999 -9999 965.2292 965.6404 965.9276 965.8326 965.3008 964.8246 964.4327 964.1493 964.0011 963.8962 963.7369 963.5272 963.2952 963.062 962.8436 962.6542 962.5032 962.4227 962.3434 962.2584 962.1641 962.0522 961.9198 961.7732 961.6212 961.4708 961.3253 961.1959 961.0992 961.0477 961.0359 961.0532 961.0998 961.1917 961.3397 961.5576 961.8358 962.1528 962.4654 962.651 962.9181 963.3298 963.869 964.5571 965.3207 966.3981 967.6048 968.6071 969.2859 969.9659
-9999 -9999 -9999 -9999 -9999 -9999 -9999 -9999 -9999 -9999 -9999 -9999 -9999 -9999 -9999 -9999 -9999 -9999 -9999 -9999 -9999 -9999 966.0479 965.3305 964.7419 964.2803 964.0031 963.9984 963.9023 963.7003 963.4543 963.2014 962.9629 962.7567 962.5974 962.4998 962.4185 962.3389 962.2496 962.137 961.9999 961.8461 961.6843 961.5245 961.3754 961.2454 961.1478 961.0933 961.0798 961.0977 961.1508 961.2552 961.4259 961.6655 961.9625 962.2627 962.5166 962.772 963.1412 963.7339 964.488 965.4678 966.5698 967.7381 968.8215 969.6237 970.0936 970.5697
-9999 -9999 -9999 -9999 -9999 -9999 -9999 -9999 -9999 -9999 -9999 -9999 -9999 -9999 -9999 -9999 -9999 -9999 -9999 -9999 -9999 -9999 -9999 966.1482 965.2971 964.5632 964.0358 963.965 963.997 963.8226 963.5831 963.3262 963.0791 962.8651 962.6985 962.5846 962.4999 962.4235 962.3396 962.224 962.0806 961.921 961.7526 961.5848 961.4327 961.3052 961.2101 961.1528 961.1342 961.1501 961.2064 961.326 961.5261 961.8107 962.1604 962.5052 962.7727 963.046 963.505 964.2599 965.3438 966.7133 967.9989 969.0576 969.9075 970.3955 970.6814 970.9661
-9999 -9999 -9999 -9999 -9999 -9999 -9999 -9999 -9999 -9999 -9999 -9999 -9999 -9999 -9999 -9999 -9999 -9999 -9999 -9999 -9999 -9999 -9999 967.2407 966.244 965.1949 964.3353 964.0178 963.9984 963.8884 963.6853 963.4384 963.1878 962.9662 962.7895 962.6622 962.572 962.5001 962.4268 962.3081 962.1594 961.9965 961.8259 961.6545 961.4994 961.3765 961.2861 961.2295 961.2045 961.2163 961.2778 961.4138 961.6506 961.9984 962.4528 962.923 963.2307 963.5069 964.0663 965.077 966.5184 968.0453 969.3104 970.1647 970.7421 970.8765 970.9257 -9999
-9999 -9999 -9999 -9999 -9999 -9999 -9999 -9999 -9999 -9999 -9999 -9999 -9999 -9999 -9999 -9999 -9999 -9999 -9999 -9999 -9999 -9999 -9999 -9999 967.527 966.2895 965.1242 964.3293 964.052 963.987 963.8048 963.5615 963.2998 963.063 962.8703 962.728 962.6295 962.5597 962.4985 962.3789 962.2332 962.073 961.9051 961.735 961.5802 961.4603 961.3799 961.3278 961.3027 961.3119 961.3818 961.5425 961.8185 962.2242 962.7747 963.4955 963.8657 964.1226 964.8237 966.1712 967.7608 969.1877 970.249 970.8715 971.0797 971.0017 -9999 -9999
-9999 -9999 -9999 -9999 -9999 -9999 -9999 -9999 -9999 -9999 -9999 -9999 -9999 -9999 -9999 -9999 -9999 -9999 -9999 -9999 -9999 -9999 -9999 -9999 969.0314 967.7509 966.3497 965.1627 964.3961 964.1353 963.9658 963.7225 963.4343 963.1682 962.95 962.7866 962.6718 962.585 962.501 962.4229 962.3036 962.1555 961.9933 961.829 961.6791 961.5648 961.4954 961.4604 961.4454 961.4614 961.5502 961.7522 962.0889 962.5782 963.2813 964.0942 964.6479 964.8687 965.8034 967.2907 968.7094 969.8409 970.7308 971.0865 971.1396 -9999 -9999 -9999
-9999 -9999 -9999 -9999 -9999 -9999 -9999 -9999 -9999 -9999 -9999 -9999 -9999 -9999 -9999 -9999 -9999 -9999 -9999 -9999 -9999 -9999 -9999 -9999 -9999 969.4569 967.9357 966.452 965.2977 964.6129 964.1859 963.9617 963.6139 963.2975 963.0435 962.8546 962.7263 962.6378 962.5672 962.4996 962.3944 962.2547 962.0959 961.9404 961.8025 961.6996 961.6472 961.6404 961.6602 961.6941 961.8175 962.0876 962.5084 963.0815 963.8424 964.7299 965.5519 965.9205 967.0239 968.2689 969.1453 969.9982 970.6902 971.0056 -9999 -9999 -9999 -9999
-9999 -9999 -9999 -9999 -9999 -9999 -9999 -9999 -9999 -9999 -9999 -9999 -9999 -9999 -9999 -9999 -9999 -9999 -9999 -9999 -9999 -9999 -9999 -9999 -9999 971.2703 969.7473 968.058 966.5704 965.5229 964.8502 964.3728 963.8547 963.4628 963.1642 962.9445 962.8018 962.7128 962.6505 962.5867 962.499 962.3713 962.2152 962.0758 961.9614 961.8802 961.8516 961.8894 961.9753 962.0426 962.2214 962.6008 963.1134 963.7076 964.4515 965.314 966.1664 967.1628 968.3291 969.1146 969.44 970.0791 970.679 -9999 -9999 -9999 -9999 -9999
-9999 -9999 -9999 -9999 -9999 -9999 -9999 -9999 -9999 -9999 -9999 -9999 -9999 -9999 -9999 -9999 -9999 -9999 -9999 -9999 -9999 -9999 -9999 -9999 -9999 -9999 971.6092 969.7811 967.9911 966.5441 965.5286 964.7678 964.1038 963.6644 963.3215 963.064 962.9007 962.807 962.7449 962.6775 962.5945 962.4959 962.3502 962.2516 962.1809 962.1343 962.1316 962.2173 962.4141 962.5313 962.8126 963.4064 963.9663 964.5243 965.2752 966.2565 967.4028 968.6909 969.708 970.2625 970.2949 970.4982 -9999 -9999 -9999 -9999 -9999 -9999
-9999 -9999 -9999 -9999 -9999 -9999 -9999 -9999 -9999 -9999 -9999 -9999 -9999 -9999 -9999 -9999 -9999 -9999 -9999 -9999 -9999 -9999 -9999 -9999 -9999 -9999 -9999 971.3859 969.3522 967.5827 966.2359 965.2576 964.478 963.9343 963.5191 963.2125 963.0204 962.9176 962.8497 962.7736 962.6838 962.5953 962.5085 962.5063 962.5123 962.5155 962.5336 962.624 962.8818 963.1663 963.6582 964.4302 965.0113 965.4978 966.3024 967.4618 968.8922 970.1869 970.9746 971.2333 971.1574 -9999 -9999 -9999 -9999 -9999 -9999 -9999
-9999 -9999 -9999 -9999 -9999 -9999 -9999 -9999 -9999 -9999 -9999 -9999 -9999 -9999 -9999 -9999 -9999 -9999 -9999 -9999 -9999 -9999 -9999 -9999 -9999 -9999 -9999 -9999 970.3731 968.3947 966.8568 965.7262 964.8094 964.1251 963.7092 963.3698 963.1477 963.036 962.9626 962.8851 962.8052 962.7657 962.798 962.9212 963.03 963.1129 963.1978 963.3299 963.5339 963.8232 964.3616 965.1711 966.0197 966.5392 967.5573 968.9046 970.253 971.3208 971.7936 971.9625 971.9398 -9999 -9999 -9999 -9999 -9999 -9999 -9999
-9999 -9999 -9999 -9999 -9999 -9999 -9999 -9999 -9999 -9999 -9999 -9999 -9999 -9999 -9999 -9999 -9999 -9999 -9999 -9999 -9999 -9999 -9999 -9999 -9999 -9999 -9999 -9999 -9999 968.85 967.2094 966.0147 965.1008 964.4031 963.9365 963.525 963.2651 963.1458 963.0719 963.0028 962.9477 962.9658 963.1019 963.3729 963.6022 963.7863 963.9485 964.1091 964.282 964.4746 964.9807 965.7704 966.6957 967.7872 969.0046 970.1882 971.1592 971.8671 972.0945 972.2327 -9999 -9999 -9999 -9999 -9999 -9999 -9999 -9999
-9999 -9999 -9999 -9999 -9999 -9999 -9999 -9999 -9999 -9999 -9999 -9999 -9999 -9999 -9999 -9999 -9999 -9999 -9999 -9999 -9999 -9999 -9999 -9999 -9999 -9999 -9999 -9999 -9999 969.1456 967.478 966.2639 965.3546 964.5867 964.0092 963.5996 963.3413 963.2271 963.1626 963.1083 963.0923 963.158 963.3392 963.6768 964.0823 964.4042 964.6789 964.9 965.1088 965.1634 965.7522 966.7266 968.0046 969.2493 970.3193 971.0967 971.6483 971.9605 972.011 -9999 -9999 -9999 -9999 -9999 -9999 -9999 -9999 -9999
-9999 -9999 -9999 -9999 -9999 -9999 -9999 -9999 -9999 -9999 -9999 -9999 -9999 -9999 -9999 -9999 -9999 -9999 -9999 -9999 -9999 -9999 -9999 -9999 -9999 -9999 -9999 -9999 -9999 -9999 967.8141 966.569 965.5919 964.7061 964.0409 963.6536 963.3998 963.2809 963.2273 963.1917 963.2343 963.3653 963.5699 963.912 964.3861 964.8844 965.2989 965.571 965.9043 965.899 966.8303 968.1951 969.57 970.6276 971.317 971.7088 971.9208 971.9979 -9999 -9999 -9999 -9999 -9999 -9999 -9999 -9999 -9999 -9999
-9999 -9999 -9999 -9999 -9999 -9999 -9999 -9999 -9999 -9999 -9999 -9999 -9999 -9999 -9999 -9999 -9999 -9999 -9999 -9999 -9999 -9999 -9999 -9999 -9999 -9999 -9999 -9999 -9999 -9999 968.0178 966.5817 965.5462 964.73 964.1013 963.7562 963.4762 963.3187 963.2657 963.2624 963.3785 963.6248 963.9052 964.2355 964.6923 965.2549 965.7925 965.9938 966.261 967.1273 968.3663 969.7591 970.8984 971.535 971.9235 972.0275 972.0333 -9999 -9999 -9999 -9999 -9999 -9999 -9999 -9999 -9999 -9999 -9999
-9999 -9999 -9999 -9999 -9999 -9999 -9999 -9999 -9999 -9999 -9999 -9999 -9999 -9999 -9999 -9999 -9999 -9999 -9999 -9999 -9999 -9999 -9999 -9999 -9999 -9999 -9999 -9999 -9999 -9999 968.2358 966.5598 965.501 964.8268 964.3381 963.9537 963.5788 963.3473 963.287 963.3457 963.5618 963.9764 964.4403 964.8243 965.2228 965.7302 966.1327 966.8173 967.6368 968.6782 969.8505 970.972 971.6445 971.9194 972.0012 -9999 -9999 -9999 -9999 -9999 -9999 -9999 -9999 -9999 -9999 -9999 -9999 -9999
-9999 -9999 -9999 -9999 -9999 -9999 -9999 -9999 -9999 -9999 -9999 -9999 -9999 -9999 -9999 -9999 -9999 -9999 -9999 -9999 -9999 -9999 -9999 -9999 -9999 -9999 -9999 -9999 -9999 -9999 968.5378 966.6383 965.4917 964.9538 964.5747 964.053 963.6411 963.3685 963.3212 963.4824 963.8704 964.5021 965.2577 965.8556 966.3101 967.0024 967.7043 968.4921 969.2703 970.0816 970.8705 971.5724 971.9755 972.0002 -9999 -9999 -9999 -9999 -9999 -9999 -9999 -9999 -9999 -9999 -9999 -9999 -9999 -9999
-9999 -9999 -9999 -9999 -9999 -9999 -9999 -9999 -9999 -9999 -9999 -9999 -9999 -9999 -9999 -9999 -9999 -9999 -9999 -9999 -9999 -9999 -9999 -9999 -9999 -9999 -9999 -9999 -9999 -9999 968.7571 966.713 965.3973 964.964 964.8087 964.1958 963.7277 963.4386 963.4384 963.7665 964.4014 965.3607 966.4337 967.3928 968.1274 968.7969 969.4467 970.0914 970.6121 971.0546 971.4817 971.831 972.0045 -9999 -9999 -9999 -9999 -9999 -9999 -9999 -9999 -9999 -9999 -9999 -9999 -9999 -9999 -9999
-9999 -9999 -9999 -9999 -9999 -9999 -9999 -9999 -9999 -9999 -9999 -9999 -9999 -9999 -9999 -9999 -9999 -9999 -9999 -9999 -9999 -9999 -9999 -9999 -9999 -9999 -9999 -9999 -9999 -9999 968.7725 966.6957 965.3074 964.8005 964.619 964.3188 963.8157 963.5802 963.7334 964.3482 965.4053 966.7266 968.0125 968.9996 969.6888 970.1256 970.6101 971.0037 971.3267 971.5809 971.7944 971.9216 -9999 -9999 -9999 -9999 -9999 -9999 -9999 -9999 -9999 -9999 -9999 -9999 -9999 -9999 -9999 -9999
