backend/lakes/data/Johnnys Lake/john_dem_tm.asc
ncols         94
nrows         93
xllcorner     544400
yllcorner     5927100
cellsize      50
NODATA_value  -9999
[rows 31 to 61 of 93, columns 0 to 69 of 94]
-9999 -9999 -9999 -9999 -9999 -9999 -9999 -9999 -9999 -9999 -9999 -9999 -9999 -9999 -9999 -9999 -9999 -9999 -9999 -9999 -9999 -9999 -9999 -9999 -9999 -9999 -9999 -9999 -9999 -9999 -9999 -9999 -9999 -9999 -9999 -9999 -9999 -9999 -9999 -9999 -9999 -9999 -9999 -9999 -9999 722.0648 722.1752 722.1631 722.0232 721.9971 721.9099 721.5815 720.7034 719.6412 718.9957 718.7225 718.7091 718.7736 718.7827 718.7057 718.5889 718.507 718.5266 718.5651 718.5807 718.5457 718.538 718.7239 719.2724 720.2792
-9999 -9999 -9999 -9999 -9999 -9999 -9999 -9999 -9999 -9999 -9999 -9999 -9999 -9999 -9999 -9999 -9999 -9999 -9999 -9999 -9999 -9999 -9999 -9999 -9999 -9999 -9999 -9999 -9999 -9999 -9999 -9999 -9999 -9999 -9999 -9999 -9999 -9999 -9999 -9999 -9999 -9999 -9999 722.1576 722.0006 722.0012 722.1025 721.9744 721.6271 721.3074 720.8953 720.4373 719.5914 718.9832 718.5992 718.4589 718.5139 718.6511 718.7488 718.7535 718.6765 718.583 718.5117 718.4749 718.427 718.3698 718.3586 718.5056 718.9354 719.7112
-9999 -9999 -9999 -9999 -9999 -9999 -9999 -9999 -9999 -9999 -9999 -9999 -9999 -9999 -9999 -9999 -9999 -9999 -9999 -9999 -9999 -9999 -9999 -9999 -9999 -9999 -9999 -9999 -9999 -9999 -9999 -9999 -9999 -9999 -9999 -9999 -9999 -9999 -9999 -9999 -9999 -9999 722.1646 722.1651 722 721.9087 721.8876 721.4858 720.9426 720.3991 719.647 719.2254 718.8389 718.5566 718.3975 718.3754 718.4702 718.6201 718.7488 718.7858 718.7322 718.6281 718.525 718.429 718.3328 718.2361 718.1877 718.2665 718.5698 719.1625
-9999 -9999 -9999 -9999 -9999 -9999 -9999 -9999 -9999 -9999 -9999 -9999 -9999 -9999 -9999 -9999 -9999 -9999 -9999 -9999 -9999 -9999 -9999 -9999 -9999 -9999 -9999 -9999 -9999 -9999 -9999 -9999 -9999 -9999 -9999 -9999 -9999 -9999 -9999 -9999 -9999 721.4794 721.8655 721.9553 721.6979 721.4067 721.1265 720.6731 720.0327 719.3528 718.8763 718.6079 718.4332 718.3341 718.3127 718.3762 718.496 718.6356 718.7529 718.8065 718.7643 718.6601 718.5538 718.4667 718.3778 718.2797 718.2094 718.2211 718.4174 718.9103
-9999 -9999 -9999 -9999 -9999 -9999 -9999 -9999 -9999 -9999 -9999 -9999 -9999 -9999 -9999 -9999 -9999 -9999 -9999 -9999 -9999 -9999 -9999 -9999 -9999 -9999 -9999 -9999 -9999 -9999 -9999 -9999 -9999 -9999 -9999 -9999 -9999 -9999 -9999 -9999 720.8852 721.0108 721.1337 721.3375 721.0759 720.6263 720.1988 719.8488 719.3282 718.8352 718.5179 718.3625 718.2793 718.25 718.2822 718.3883 718.5277 718.655 718.759 718.8167 718.8083 718.7234 718.6508 718.6492 718.6703 718.6552 718.627 718.5803 718.6565 719.089
-9999 -9999 -9999 -9999 -9999 -9999 -9999 -9999 -9999 -9999 -9999 -9999 -9999 -9999 -9999 -9999 -9999 -9999 -9999 -9999 -9999 -9999 -9999 -9999 -9999 -9999 -9999 -9999 -9999 -9999 -9999 -9999 -9999 -9999 -9999 -9999 -9999 -9999 720.9994 720.9987 720.964 720.9327 720.9614 720.9885 720.472 719.7979 719.2459 719.0387 718.79 718.5784 718.4508 718.3829 718.3156 718.2714 718.2793 718.3807 718.5286 718.6591 718.7613 718.8419 718.9032 718.8708 718.8749 719.0671 719.3537 719.5748 719.7026 719.5798 719.4191 719.6954
-9999 -9999 -9999 -9999 -9999 -9999 -9999 -9999 -9999 -9999 -9999 -9999 -9999 -9999 -9999 -9999 -9999 723.0988 723.7753 724.1903 724.255 724.0214 723.7484 723.3832 -9999 -9999 -9999 -9999 -9999 -9999 -9999 -9999 -9999 -9999 -9999 -9999 721.1043 720.9988 721.0577 721.0882 720.9959 720.8068 720.7258 720.6797 719.8986 719.1313 718.7053 718.5814 718.5388 718.6121 718.6869 718.6712 718.5444 718.4058 718.3188 718.3682 718.5115 718.6454 718.7617 718.8789 719.1113 719.1859 719.2328 719.755 720.5591 721.3879 721.8335 721.5578 720.9176 720.564
-9999 -9999 -9999 -9999 -9999 -9999 -9999 -9999 -9999 -9999 -9999 -9999 -9999 -9999 -9999 -9999 723.417 723.5793 723.9963 724.2594 724.3044 724.1903 723.9702 723.527 723.1788 723.0013 722.8174 -9999 -9999 -9999 -9999 -9999 -9999 -9999 -9999 721.0057 720.8673 720.8612 720.987 720.982 720.7267 720.3457 720.0497 719.8489 719.1792 718.6437 718.3566 718.3792 718.5615 719.0164 719.3417 719.336 719.0387 718.7049 718.4484 718.3958 718.519 718.6326 718.74 718.857 719.4172 719.9644 719.6583 720.558 722.0374 723.3461 724.0311 723.5062 722.2762 721.1528
-9999 -9999 -9999 -9999 -9999 -9999 -9999 -9999 -9999 -9999 -9999 -9999 -9999 -9999 -9999 723.3438 723.5204 723.6508 723.8679 723.9971 723.9756 723.9105 723.6691 723.3339 723.0163 722.9744 722.8704 722.6034 722.3491 -9999 -9999 -9999 -9999 -9999 721.21 720.9902 720.7208 720.5721 720.5544 720.5127 720.2363 719.6843 719.2088 719.0337 718.6521 718.2881 718.0794 718.213 718.8444 719.9241 720.5936 720.5842 719.9639 719.2764 718.7429 718.5018 718.5922 718.6395 718.6161 718.6812 719.0038 719.2805 719.9026 721.1762 723.0048 724.668 725.4187 724.7354 723.0707 721.4993
-9999 -9999 -9999 -9999 -9999 -9999 -9999 -9999 -9999 -9999 -9999 -9999 -9999 -9999 -9999 723.2306 723.39 723.4143 723.4828 723.4377 723.1615 723.0213 722.9566 722.9519 722.9897 723.0005 722.9133 722.5184 722.2695 722.1487 722.0035 -9999 -9999 721.5275 721.3896 721.0119 720.6028 720.2322 720.027 719.9708 719.7546 719.1324 718.7662 718.568 718.3136 718.0605 717.9142 718.4174 719.8803 721.5887 722.5659 722.6887 721.7035 720.2548 719.2648 718.7067 718.7507 718.8425 718.7639 718.7976 719.2445 720.0109 720.623 721.886 723.4927 725.0237 725.9952 724.9478 723.0772 721.3991
-9999 -9999 -9999 -9999 -9999 -9999 -9999 -9999 -9999 -9999 -9999 -9999 -9999 -9999 -9999 723.0044 723.149 723.0281 723.0045 722.837 722.2691 721.8658 721.8441 722.1774 722.6567 722.8951 722.8091 722.1487 721.968 722.0723 722.094 721.9911 721.8177 721.8595 721.9222 721.4026 720.7542 720.04 719.5969 719.3596 719.076 718.7433 718.4858 718.2806 718.05 717.8146 717.9825 719.2849 721.6232 723.7686 724.7195 724.6783 723.3673 721.4402 719.9115 719.0927 719.1282 719.3577 719.322 719.2844 719.755 720.8147 721.7682 722.9552 724.1221 725.0934 725.5172 724.5724 722.8832 721.3719
-9999 -9999 -9999 -9999 -9999 -9999 -9999 -9999 -9999 -9999 -9999 -9999 -9999 -9999 722.481 722.8022 722.9818 722.7955 722.5627 722.1403 721.291 720.5231 720.3547 720.7116 721.3966 722.0696 721.9822 721.4171 721.3543 721.9612 722.2299 722.1077 722.0231 722.4001 722.9407 722.5397 721.3983 720.1935 719.3827 719.0012 718.7323 718.4812 718.2358 717.9589 717.676 717.6698 718.2776 720.1158 722.9266 725.0759 725.1011 724.3777 723.3854 721.7333 720.2787 719.6681 720.3051 720.7761 720.5914 720.3751 720.658 721.7112 723.2133 724.2946 725.0111 725.4305 725.3674 724.5214 723.1548 -9999
-9999 -9999 -9999 -9999 -9999 -9999 -9999 -9999 -9999 -9999 -9999 -9999 -9999 -9999 -9999 722.4965 722.6326 722.4995 722.2258 721.7876 720.7886 719.9454 719.4622 719.4983 719.8503 720.5458 720.7712 720.4086 720.8889 721.9167 722.6168 722.8301 722.4999 723.4063 724.2018 723.8405 722.2726 720.6028 719.3585 718.8782 718.5497 718.2339 717.8668 717.3181 717.2674 717.5862 718.442 720.3868 723.0068 724.5923 723.8444 722.4715 721.4802 720.819 720.4054 720.8624 722.0112 722.7744 722.857 722.6676 722.8394 723.717 724.9713 725.7423 726.0247 725.9851 725.6155 724.8987 723.867 -9999
-9999 -9999 -9999 -9999 -9999 -9999 -9999 -9999 -9999 -9999 -9999 -9999 -9999 -9999 -9999 722.2813 722.3998 722.2908 722.0171 721.6851 720.9916 720.0819 719.2659 718.9835 719.0616 719.3544 719.3603 719.3819 720.2521 721.6296 722.6389 723.0289 723.1509 724.0728 724.1188 723.8499 722.2985 720.8137 719.625 718.9567 718.4133 717.8942 717.3018 717.0724 717.2216 717.8121 718.7526 720.3226 722.0128 722.887 722.2255 721.1593 720.5378 720.3349 720.7382 722.2408 723.7072 724.5168 724.8513 724.6897 724.803 725.517 726.5056 727.0622 727.073 726.6564 726.068 -9999 -9999 -9999
-9999 -9999 -9999 -9999 -9999 -9999 -9999 -9999 -9999 -9999 -9999 -9999 -9999 -9999 -9999 722.3686 722.4253 722.3351 722.1732 722.0089 721.72 720.9808 720.1741 719.2797 718.9755 719.0009 718.9214 718.9492 719.5296 720.7681 721.6453 722.3353 722.6182 722.7186 722.1355 721.8383 721.0001 720.6245 719.8015 718.8608 718.1061 717.3535 717.052 717.1662 717.6859 718.4224 719.2575 720.1492 720.8589 721.1101 720.6031 720.0585 720.2382 720.6722 722.1432 723.7621 724.9283 725.5947 725.8727 725.7073 725.8613 726.565 727.6264 728.341 728.2784 727.5374 -9999 -9999 -9999 -9999
-9999 -9999 -9999 -9999 -9999 -9999 -9999 -9999 -9999 -9999 -9999 -9999 -9999 -9999 -9999 -9999 722.6333 722.5184 722.4303 722.4165 722.3512 721.91 721.0804 720.0961 719.3639 719.2747 718.9613 718.7855 718.951 719.4459 719.9777 720.4941 720.3914 720.1384 719.7152 719.5529 719.4796 719.3393 719.163 718.3889 717.4771 716.9512 716.8826 717.2039 717.9921 719.024 719.8552 719.9921 719.949 719.7304 719.2839 719.1862 720.5565 721.9269 723.6674 724.9663 725.7077 726.0018 726.0323 725.9827 726.3234 727.2383 728.6096 729.5956 729.6163 -9999 -9999 -9999 -9999 -9999
-9999 -9999 -9999 -9999 -9999 -9999 -9999 -9999 -9999 -9999 -9999 -9999 -9999 -9999 -9999 -9999 -9999 722.7142 722.6787 722.8308 723.0493 722.8575 722.0203 720.88 719.7844 719.8051 719.1481 718.7111 718.6107 718.7319 718.892 718.9227 718.5524 718.1975 717.9612 717.8663 717.9692 718.0191 718.0034 717.461 716.902 716.5427 716.6889 717.0957 717.8459 719.0719 719.6468 719.3721 719.0431 718.7272 718.4453 718.8444 720.3436 722.3759 724.347 725.6237 726.0632 726.1144 726.0132 726.1465 726.8032 728.1686 729.7072 730.751 -9999 -9999 -9999 -9999 -9999 -9999
-9999 -9999 -9999 -9999 -9999 -9999 -9999 -9999 -9999 -9999 -9999 -9999 -9999 -9999 -9999 -9999 -9999 -9999 -9999 723.2814 723.8969 723.8242 723.0129 721.8497 720.6017 719.6854 719.0182 718.6058 718.4333 718.3848 718.2954 718.0403 717.5828 717.2391 717.1317 717.0601 717.1215 717.1642 717.1591 716.8823 716.4397 716.0336 716.4288 716.8221 717.3745 718.239 718.4589 718.3123 718.1537 718.013 717.8422 718.3826 719.7937 721.8715 723.943 725.3224 725.9639 726.1746 726.4614 -9999 -9999 -9999 -9999 -9999 -9999 -9999 -9999 -9999 -9999 -9999
-9999 -9999 -9999 -9999 -9999 -9999 -9999 -9999 -9999 -9999 -9999 -9999 -9999 -9999 -9999 -9999 -9999 -9999 -9999 -9999 724.7588 724.5797 723.8148 722.6472 721.2212 719.8054 719.0149 718.6147 718.4326 718.3004 718.0413 717.6166 717.191 716.9813 716.8333 716.6741 716.5606 716.5296 716.5405 716.4673 716.0109 715.8092 715.9962 716.4397 716.8657 717.3356 717.6479 717.7147 717.661 717.5557 717.4837 717.8502 718.9194 720.748 722.9649 724.5985 725.6226 726.2383 727.113 728.1616 -9999 -9999 -9999 -9999 -9999 -9999 -9999 -9999 -9999 -9999
-9999 -9999 -9999 -9999 -9999 -9999 -9999 -9999 -9999 -9999 -9999 -9999 -9999 -9999 -9999 -9999 -9999 -9999 -9999 -9999 725.1746 724.9957 724.2733 723.2108 721.8887 720.5089 719.3853 718.8655 718.5905 718.3154 717.8068 717.4862 717.2705 717.1534 716.8965 716.5476 716.1774 715.9744 715.976 716.0662 715.949 715.8482 715.8789 715.9995 716.4199 716.8243 717.1759 717.3842 717.4026 717.3366 717.2944 717.516 718.2731 719.8081 721.8983 723.8981 725.4796 726.7063 728.0392 729.4085 -9999 -9999 -9999 -9999 -9999 -9999 -9999 -9999 -9999 -9999
-9999 -9999 -9999 -9999 -9999 -9999 -9999 -9999 -9999 -9999 -9999 -9999 -9999 -9999 -9999 -9999 -9999 -9999 -9999 -9999 -9999 725.2827 724.8361 723.8935 722.6177 721.2891 720.1904 719.4166 718.8679 718.1759 717.7109 717.6262 717.5999 717.4581 717.0943 716.4971 715.9622 715.7673 715.7982 715.9492 716.025 716.0833 716.1198 716.0625 715.9833 716.412 716.8336 717.114 717.1466 717.14 717.1582 717.3085 717.8531 719.0743 721.1252 723.3935 725.5684 727.2971 728.9192 730.4211 -9999 -9999 -9999 -9999 -9999 -9999 -9999 -9999 -9999 -9999
-9999 -9999 -9999 -9999 -9999 -9999 -9999 -9999 -9999 -9999 -9999 -9999 -9999 -9999 -9999 -9999 -9999 -9999 -9999 -9999 -9999 725.35 725.095 724.4584 723.4052 722.1952 721.1073 720.3165 719.4096 718.4388 717.9642 718.243 718.3814 718.0635 717.2994 716.4149 715.8794 715.7535 715.7907 715.9556 716.1688 716.3988 716.5466 716.507 716.1591 715.977 716.4001 716.5203 716.5339 716.5811 716.8129 717.1564 717.7022 718.7347 720.7061 723.3749 725.8381 727.8119 729.4487 730.8873 -9999 -9999 -9999 -9999 -9999 -9999 -9999 -9999 -9999 -9999
-9999 -9999 -9999 -9999 -9999 -9999 -9999 -9999 -9999 -9999 -9999 -9999 -9999 -9999 -9999 -9999 -9999 -9999 -9999 -9999 -9999 725.2368 725.2006 724.9203 724.2059 722.9022 721.4827 720.1453 719.1917 718.7889 718.8951 719.6979 720.0047 719.324 718.0956 716.8604 716.0659 715.9367 715.8756 715.9847 716.2386 716.55 716.6647 716.6859 716.5117 716.1312 715.9578 715.9503 715.9607 716.0945 716.5504 717.1005 717.7066 718.7784 720.8136 723.5714 726.0217 727.9127 729.4628 731.0433 -9999 -9999 -9999 -9999 -9999 -9999 -9999 -9999 -9999 -9999
-9999 -9999 -9999 -9999 -9999 -9999 -9999 -9999 -9999 -9999 -9999 -9999 -9999 -9999 -9999 -9999 -9999 -9999 -9999 -9999 -9999 725.0056 725.1333 725.0848 724.4698 722.9458 721.1376 719.6302 719.1293 719.2709 720.0406 721.3129 721.7993 721.0359 719.1582 717.5644 716.5928 716.1722 715.9482 715.9459 716.145 716.4105 716.5645 716.7117 716.6997 716.5577 716.5162 716.4771 716.1855 715.971 716.5382 717.1742 717.9357 719.238 721.4265 723.9947 726.212 727.9466 729.5171 731.2983 -9999 -9999 -9999 -9999 -9999 -9999 -9999 -9999 -9999 -9999
-9999 -9999 -9999 -9999 -9999 -9999 -9999 -9999 -9999 -9999 -9999 -9999 -9999 -9999 -9999 -9999 -9999 -9999 -9999 -9999 -9999 724.9451 725.0013 724.9491 724.0536 722.3208 720.355 719.3291 719.136 719.4784 720.3865 721.5974 722.2365 721.6555 719.8982 718.3188 717.2307 716.5391 716.014 715.8876 716.0302 716.3021 716.5588 716.7513 716.8288 716.8074 716.7717 716.6865 716.5055 716.2905 716.9482 717.7027 718.7006 720.2122 722.3702 724.4802 726.2866 727.907 729.575 -9999 -9999 -9999 -9999 -9999 -9999 -9999 -9999 -9999 -9999 -9999
-9999 -9999 -9999 -9999 -9999 -9999 -9999 -9999 -9999 -9999 -9999 -9999 -9999 -9999 -9999 -9999 -9999 -9999 -9999 -9999 -9999 724.9717 724.9988 724.7471 723.6456 721.7726 719.9477 719.2723 719.1884 719.4245 720.1129 721.0555 721.64 720.8481 720.0486 718.957 717.8936 717.0554 716.4261 715.9544 715.9723 716.2398 716.5584 716.7778 716.8876 716.8867 716.7813 716.5168 715.9696 716.4685 717.3781 718.5073 719.9592 721.6462 723.474 725.0154 726.3295 727.7641 729.4497 -9999 -9999 -9999 -9999 -9999 -9999 -9999 -9999 -9999 -9999 -9999
-9999 -9999 -9999 -9999 -9999 -9999 -9999 -9999 -9999 -9999 -9999 -9999 -9999 -9999 -9999 -9999 -9999 -9999 -9999 -9999 -9999 724.9344 724.8453 724.5151 723.2188 721.3608 720.0085 719.5562 719.3737 719.3422 719.6116 720.0373 720.1384 719.9099 721.1072 719.8197 718.3931 717.3336 716.5925 715.989 715.9426 716.2031 716.5585 716.775 716.887 716.8734 716.7274 716.4821 716.2628 716.9596 718.1115 719.7137 721.6479 723.4831 724.8491 725.8466 726.6839 727.7814 729.2326 -9999 -9999 -9999 -9999 -9999 -9999 -9999 -9999 -9999 -9999 -9999
-9999 -9999 -9999 -9999 -9999 -9999 -9999 -9999 -9999 -9999 -9999 -9999 -9999 -9999 -9999 -9999 -9999 -9999 -9999 -9999 -9999 724.9862 724.4863 723.824 722.5154 720.8627 719.9867 719.8828 719.8413 719.6541 719.5192 719.671 719.848 721.3007 722.878 720.7745 718.9703 717.7888 716.9877 716.2706 715.9938 716.171 716.5401 716.7189 716.8315 716.7857 716.5269 715.9996 716.4519 717.5823 719.3013 721.5281 723.8271 725.5965 726.4753 726.9161 727.3019 728.1091 -9999 -9999 -9999 -9999 -9999 -9999 -9999 -9999 -9999 -9999 -9999 -9999
-9999 -9999 -9999 -9999 -9999 -9999 -9999 -9999 -9999 -9999 -9999 -9999 -9999 -9999 -9999 -9999 -9999 -9999 -9999 -9999 -9999 725.2094 724.2994 723.3306 721.9918 720.4321 719.861 720.0526 720.4354 720.3091 720.0004 719.8936 720.2189 721.446 722.1215 720.6386 719.2749 718.1175 717.2181 716.4822 715.9606 716.0364 716.3408 716.5695 716.7491 716.7072 716.4615 715.9625 716.7963 718.4931 720.882 723.6365 726.1854 727.8743 728.4326 728.3574 728.418 -9999 -9999 -9999 -9999 -9999 -9999 -9999 -9999 -9999 -9999 -9999 -9999 -9999
-9999 -9999 -9999 -9999 -9999 -9999 -9999 -9999 -9999 -9999 -9999 -9999 -9999 -9999 -9999 -9999 -9999 -9999 -9999 -9999 -9999 725.9747 724.9625 723.8374 722.3754 720.7166 719.9996 720.3073 720.9026 720.9611 720.5902 720.1368 720.0519 720.6293 721.3472 720.6747 719.5515 718.3967 717.4506 716.5913 715.961 715.9327 716.212 716.5472 716.6898 716.5428 716.1936 716.0771 717.3319 719.6244 722.6021 725.7356 728.3242 729.7664 730.4117 730.0406 729.7266 -9999 -9999 -9999 -9999 -9999 -9999 -9999 -9999 -9999 -9999 -9999 -9999 -9999
-9999 -9999 -9999 -9999 -9999 -9999 -9999 -9999 -9999 -9999 -9999 -9999 -9999 -9999 -9999 -9999 -9999 -9999 -9999 -9999 -9999 726.7894 725.9542 724.9448 723.5708 721.9056 720.6252 720.8243 721.4582 721.5617 721.11 720.3553 719.7361 719.5239 720.6997 720.682 719.7252 718.5497 717.6569 716.7607 715.9848 715.8448 716.0389 716.338 716.5251 716.2773 716.0456 716.3666 717.9825 720.7595 724.1332 727.422 729.7703 730.3613 731.5952 730.8972 -9999 -9999 -9999 -9999 -9999 -9999 -9999 -9999 -9999 -9999 -9999 -9999 -9999 -9999
