backend/lakes/data/Pigeon Lake/pige_dem_tm.asc
ncols         343
nrows         301
xllcorner     554050
yllcorner     5865400
cellsize      50
NODATA_value  -9999
[rows 120 to 149 of 301, columns 204 to 271 of 343]
843.031 843.0284 842.7529 842.1533 841.5394 841.3011 841.123 840.9745 840.849 840.7435 840.656 840.5841 840.5254 840.4778 840.439 840.4078 840.384 840.368 840.3574 840.348 840.3362 840.3192 840.296 840.2672 840.2373 840.2109 840.1869 840.1642 840.1426 840.1223 840.1051 840.0942 840.0896 840.0896 840.0944 840.1049 840.1187 840.1322 840.1432 840.1511 840.155 840.1556 840.1555 840.1582 840.1725 840.2048 840.2611 840.3425 840.4529 840.605 840.816 841.1038 841.4769 841.8403 842.4302 843.0211 843.3545 843.6237 843.8925 844.1882 844.5483 845.007 845.6313 846.4816 847.9896 849.7041 851.65 853.7933
843.1725 843.2212 842.9799 842.2251 841.5281 841.1883 840.9821 840.8331 840.7145 840.6169 840.5364 840.4707 840.4182 840.3768 840.3427 840.3135 840.2908 840.278 840.2714 840.2654 840.2559 840.24 840.2162 840.185 840.1525 840.131 840.1146 840.0989 840.0836 840.0701 840.0593 840.0543 840.0527 840.0548 840.061 840.0724 840.0865 840.1015 840.1147 840.1249 840.1315 840.1352 840.1388 840.1456 840.1638 840.199 840.2551 840.3316 840.4315 840.5682 840.7531 840.9867 841.2603 841.5716 842.2642 842.9567 843.2675 843.5724 843.8853 844.2056 844.5474 844.9175 845.4399 846.2686 847.7185 849.3305 851.1138 853.0884
843.2038 843.2386 842.9291 842.1056 841.4846 841.0936 840.8571 840.7 840.5841 840.4923 840.4172 840.3568 840.3098 840.2756 840.2468 840.2183 840.1925 840.1829 840.1807 840.1785 840.1722 840.1592 840.137 840.104 840.0652 840.0521 840.0452 840.0381 840.0301 840.0228 840.018 840.0223 840.0245 840.0267 840.0325 840.0439 840.0576 840.0728 840.0875 840.1002 840.1107 840.118 840.124 840.132 840.1501 840.1854 840.2396 840.3105 840.4014 840.527 840.6958 840.9064 841.1627 841.5076 842.0961 842.6816 843.0563 843.4833 843.8713 844.2222 844.5477 844.8495 845.2801 845.9951 847.0784 848.5015 850.1437 852.0869
843.0298 842.9885 842.4761 841.6755 841.2351 840.9259 840.7129 840.5643 840.4562 840.3713 840.3013 840.2452 840.2014 840.1762 840.1548 840.1255 840.0883 840.0826 840.0843 840.0851 840.0824 840.0748 840.0601 840.0325 839.9802 839.9799 839.98 839.98 839.98 839.98 839.98 839.9978 840.0026 840.0034 840.0062 840.0184 840.0306 840.0453 840.0602 840.0753 840.0901 840.1022 840.11 840.1166 840.1306 840.162 840.2128 840.2797 840.3657 840.4902 840.6609 840.8756 841.1443 841.5019 842.0032 842.5459 843.0258 843.479 843.8909 844.2487 844.5479 844.7745 845.0884 845.6046 846.4135 847.7554 849.2592 851.0323
842.647 842.4783 842.018 841.4732 841.0511 840.7617 840.5641 840.4269 840.3311 840.2557 840.1901 840.1392 840.0918 840.0791 840.069 840.0437 839.9805 839.9799 839.9799 839.98 839.98 839.98 839.98 839.9797 839.9348 839.9188 839.9159 839.9193 839.9268 839.9376 839.954 839.9799 839.98 839.98 839.98 839.9964 840.005 840.0193 840.0328 840.0494 840.0675 840.0848 840.0952 840.0993 840.1067 840.1313 840.1773 840.2421 840.3274 840.4576 840.6389 840.8651 841.1467 841.5035 841.9344 842.4733 843.0253 843.5046 843.9228 844.2755 844.5491 844.7164 844.9723 845.42 846.1764 847.4479 848.8898 850.5481
842.2155 841.9592 841.5334 841.1452 840.8143 840.5741 840.4046 840.2842 840.2092 840.1483 840.0842 840.0463 839.9806 839.9798 839.98 839.979 839.9075 839.8729 839.8578 839.8531 839.8547 839.8605 839.868 839.8712 839.8528 839.8427 839.8428 839.8508 839.8648 839.8833 839.906 839.9303 839.941 839.9492 839.9604 839.98 839.98 839.9969 840.0062 840.0234 840.0419 840.0632 840.0767 840.0797 840.0807 840.0978 840.1389 840.2025 840.2886 840.424 840.6124 840.8397 841.1188 841.4767 841.813 842.3876 843.0206 843.5273 843.9427 844.2827 844.5452 844.662 844.9198 845.3893 846.1507 847.3489 848.6794 850.1586
841.8219 841.5142 841.1538 840.8263 840.554 840.3715 840.2402 840.1345 840.0928 840.0552 839.9808 839.9789 839.901 839.8611 839.84 839.8199 839.7692 839.7312 839.7104 839.7035 839.7067 839.7169 839.7305 839.7412 839.743 839.7463 839.7552 839.7703 839.7908 839.8152 839.8418 839.8676 839.887 839.9039 839.923 839.9445 839.9595 839.98 839.98 839.9991 840.0128 840.0367 840.0543 840.0583 840.056 840.0673 840.1045 840.167 840.2531 840.3868 840.5706 840.7729 840.9904 841.2473 841.5628 842.2672 843.0061 843.5363 843.9351 844.2314 844.4315 844.5555 844.8743 845.3726 846.0865 846.9811 848.0411 849.3011
841.428 841.1001 840.7833 840.5082 840.2758 840.1689 840.09 839.9817 839.9799 839.9785 839.8921 839.834 839.756 839.6975 839.6583 839.6263 839.588 839.5567 839.5383 839.5331 839.5394 839.5547 839.5755 839.5967 839.6148 839.6328 839.6534 839.6777 839.7054 839.7354 839.7661 839.7952 839.8212 839.8451 839.8701 839.8959 839.9191 839.9417 839.9581 839.98 839.98 840.0071 840.0299 840.0374 840.0363 840.0445 840.0792 840.1406 840.225 840.3503 840.5255 840.7091 840.8926 841.1297 841.5142 842.2358 843.0052 843.5443 843.9296 844.2017 844.3881 844.5504 844.8506 845.3208 845.9694 846.5981 847.5105 848.6887
840.7328 840.5385 840.3686 840.1992 839.9899 839.9791 839.9769 839.8808 839.837 839.8004 839.722 839.6424 839.5613 839.4961 839.4497 839.4152 839.3852 839.3624 839.3494 839.3479 839.3585 839.3799 839.4093 839.4421 839.4748 839.5072 839.5403 839.575 839.6108 839.647 839.6825 839.7157 839.7466 839.7758 839.8055 839.8357 839.8638 839.8911 839.9171 839.9418 839.955 839.98 840.0062 840.0189 840.0227 840.0315 840.0645 840.1239 840.205 840.3168 840.481 840.6613 840.8417 841.0888 841.5131 842.2365 843.0098 843.558 843.9395 844.2026 844.3868 844.55 844.7834 845.1443 845.6337 846.218 847.2495 848.4684
840.0515 839.9884 839.9811 839.9674 839.819 839.7717 839.7518 839.6923 839.6395 839.5831 839.5048 839.4194 839.338 839.2738 839.2292 839.199 839.177 839.1621 839.1546 839.1566 839.171 839.199 839.2377 839.2823 839.3287 839.3748 839.4206 839.4658 839.5104 839.5536 839.5944 839.6317 839.6665 839.6995 839.7325 839.7664 839.7985 839.8309 839.864 839.8973 839.9207 839.9485 839.98 840.0017 840.0132 840.0258 840.0573 840.1139 840.1898 840.2874 840.4333 840.6174 840.813 841.0781 841.5168 842.2327 843.014 843.578 843.9628 844.2222 844.4028 844.55 844.7109 844.9967 845.4524 846.1482 847.3259 848.6352
839.742 839.6504 839.6368 839.6277 839.5566 839.5145 839.4893 839.4498 839.4025 839.3434 839.2673 839.1827 839.1041 839.0472 839.0114 838.9897 838.9763 838.9677 838.9636 838.967 838.9835 839.0186 839.0674 839.1239 839.1827 839.2416 839.2993 839.3552 839.4088 839.4591 839.5051 839.5464 839.5842 839.6196 839.6545 839.6909 839.7263 839.7634 839.8033 839.8448 839.875 839.9061 839.9441 839.98 840.0019 840.0214 840.0524 840.1074 840.1788 840.2645 840.3853 840.5659 840.7816 841.069 841.5144 842.1954 843.0103 843.599 843.9902 844.2434 844.4146 844.5488 844.6412 844.8915 845.3558 846.105 847.2434 848.597
839.4421 839.3601 839.3258 839.3008 839.2571 839.2274 839.2086 839.1842 839.1486 839.0975 839.0289 838.9487 838.873 838.8291 838.8069 838.7963 838.7906 838.7866 838.7837 838.7853 838.8008 838.8451 838.9061 838.9739 839.0438 839.114 839.1826 839.2487 839.3107 839.3679 839.4188 839.4634 839.5029 839.5393 839.5748 839.6117 839.6495 839.6902 839.7352 839.7828 839.8186 839.8503 839.8929 839.9402 839.98 840.0089 840.043 840.1014 840.1733 840.2523 840.3499 840.5098 840.7317 841.0298 841.4696 842.0577 842.9725 843.6067 844.01 844.2502 844.3894 844.4746 844.5522 844.818 845.3053 846.0869 847.2217 848.6168
839.1503 839.0881 839.0448 839.0042 838.9598 838.9387 838.9297 838.9185 838.897 838.8608 838.8066 838.7342 838.6544 838.6296 838.6228 838.6215 838.6213 838.6201 838.6174 838.6152 838.6252 838.6859 838.7621 838.84 838.9186 838.9982 839.0768 839.152 839.2217 839.2849 839.3397 839.3861 839.426 839.4617 839.4956 839.5314 839.5698 839.6122 839.6602 839.7103 839.7526 839.7831 839.8276 839.8837 839.9363 839.9799 840.0198 840.0896 840.1716 840.2509 840.3403 840.4677 840.6691 840.9336 841.2763 841.7526 842.8791 843.5947 844.0231 844.2577 844.3771 844.4489 844.5496 844.8019 845.2921 846.0933 847.2587 848.7057
838.8829 838.8429 838.8024 838.7507 838.6875 838.674 838.6736 838.672 838.6639 838.6466 838.6162 838.5623 838.4621 838.4597 838.4598 838.4598 838.4598 838.4598 838.4598 838.4595 838.4612 838.5521 838.6439 838.7272 838.8118 838.8995 838.9874 839.0712 839.1476 839.2149 839.2719 839.3184 839.3566 839.3894 839.4195 839.4515 839.4885 839.5311 839.5791 839.6295 839.6783 839.7104 839.7549 839.8163 839.8795 839.9337 839.9802 840.0668 840.1614 840.2507 840.3394 840.462 840.6492 840.9224 841.279 841.7313 842.8768 843.611 844.0424 844.271 844.3795 844.4454 844.55 844.7965 845.292 846.113 847.3283 848.8224
838.6514 838.6342 838.6091 838.5613 838.4626 838.4597 838.4601 838.4601 838.4602 838.4602 838.4604 838.4583 838.3658 838.3235 838.3031 838.2916 838.285 838.2832 838.2888 838.3075 838.353 838.4594 838.553 838.6338 838.7239 838.822 838.9204 839.0128 839.0944 839.1634 839.2195 839.2631 839.2968 839.3242 839.3484 839.3741 839.407 839.4474 839.4935 839.5426 839.5945 839.6392 839.6819 839.7458 839.8206 839.8976 839.9797 840.0446 840.1279 840.222 840.32 840.4459 840.6451 840.9625 841.4332 841.9099 842.9401 843.6417 844.0607 844.2806 844.3838 844.4481 844.5506 844.7806 845.288 846.1354 847.387 848.8704
838.4599 838.46 838.4603 838.4583 838.3632 838.319 838.2994 838.2927 838.2942 838.2999 838.3038 838.2933 838.2336 838.1832 838.1479 838.1243 838.1093 838.1049 838.1162 838.152 838.2238 838.3384 838.4592 838.5455 838.6536 838.77 838.8824 838.9833 839.0677 839.1349 839.1859 839.2225 839.2482 839.2672 839.283 839.3002 839.326 839.3622 839.4054 839.4512 839.5016 839.5634 839.6116 839.6739 839.7487 839.8276 839.9078 839.9802 840.0632 840.1539 840.252 840.3748 840.5562 840.8304 841.2197 841.7421 842.8975 843.6255 844.0482 844.268 844.3708 844.437 844.5472 844.726 845.2642 846.1525 847.4156 848.8494
838.2979 838.2964 838.3003 838.2941 838.2391 838.1937 838.1653 838.1522 838.1515 838.156 838.1554 838.1372 838.0907 838.04 837.9968 837.9638 837.9417 837.9346 837.9497 837.9964 838.082 838.2041 838.3396 838.461 838.6101 838.7531 838.8816 838.9895 839.073 839.1329 839.173 839.1978 839.2113 839.2185 839.2234 839.2305 839.2471 839.2766 839.3157 839.3577 839.4067 839.4657 839.5393 839.6009 839.6681 839.741 839.817 839.8945 839.9801 840.0668 840.1546 840.2676 840.4324 840.6803 841.063 841.6789 842.8625 843.5665 843.9902 844.2201 844.3234 844.3663 844.4204 844.5778 845.1974 846.1245 847.3188 848.6397
838.1517 838.1423 838.1425 838.1359 838.1057 838.0708 838.0431 838.0283 838.0268 838.0308 838.0278 838.0063 837.9629 837.9108 837.8619 837.8225 837.795 837.7859 837.8041 837.8591 837.9567 838.0953 838.2681 838.4587 838.6256 838.7872 838.9283 839.0383 839.1144 839.1598 839.1816 839.1879 839.1842 839.1763 839.1681 839.1642 839.1704 839.1917 839.225 839.2645 839.3088 839.3682 839.4393 839.5157 839.5835 839.6493 839.7207 839.8015 839.8905 839.9799 840.0581 840.1627 840.3176 840.5619 840.963 841.628 842.7296 843.401 843.8668 844.1428 844.2733 844.3232 844.3774 844.5585 845.1183 845.9428 846.8373 847.9212
838.0206 838.0048 838.0013 837.9965 837.979 837.9539 837.9307 837.9183 837.9207 837.9304 837.9329 837.9145 837.8721 837.8176 837.7646 837.7208 837.69 837.6801 837.7021 837.7671 837.8768 838.027 838.2246 838.4567 838.6736 838.8723 839.0286 839.1345 839.1935 839.2146 839.2096 839.19 839.1639 839.1371 839.1143 839.0991 839.0956 839.1082 839.1347 839.1708 839.2125 839.267 839.3375 839.4135 839.4841 839.5507 839.6232 839.7089 839.806 839.9012 839.9806 840.0828 840.2241 840.453 840.8375 841.4523 842.2653 843.0798 843.696 844.0579 844.2363 844.3162 844.3873 844.5533 844.942 845.5 846.152 847.0562
837.9095 837.8903 837.8845 837.8806 837.8691 837.8501 837.8317 837.8256 837.8384 837.864 837.885 837.8814 837.8437 837.7886 837.7342 837.6895 837.6577 837.6479 837.6766 837.7576 837.8856 838.0371 838.2444 838.4725 838.7854 839.0314 839.1942 839.2813 839.3081 839.2922 839.2507 839.1982 839.1449 839.097 839.0588 839.0328 839.0212 839.0264 839.0468 839.0772 839.1174 839.1682 839.2341 839.3081 839.3793 839.4468 839.5225 839.6169 839.7312 839.8569 839.9791 840.0402 840.1499 840.3386 840.652 841.1351 841.8049 842.9088 843.6027 844.0043 844.211 844.3147 844.4013 844.5474 844.7552 845.0922 845.5393 846.1918
837.8214 837.801 837.7936 837.7896 837.7805 837.7653 837.7526 837.7567 837.788 837.8436 837.9031 837.9346 837.9088 837.8582 837.8087 837.7692 837.7406 837.7318 837.7678 837.877 838.0469 838.1945 838.4589 838.7585 839.0802 839.3057 839.4341 839.4739 839.4484 839.3817 839.2947 839.2039 839.1202 839.0503 838.9974 838.9623 838.9452 838.9458 838.9618 838.9884 839.0245 839.0728 839.1345 839.2046 839.2738 839.3411 839.4185 839.5184 839.6423 839.7791 839.9038 839.9806 840.0888 840.25 840.5242 840.9756 841.6792 842.8605 843.5433 843.9449 844.163 844.2721 844.3436 844.4313 844.5519 844.7716 845.0697 845.4981
837.7539 837.7345 837.726 837.7213 837.7139 837.7033 837.6995 837.7196 837.7791 837.881 838.0066 838.1102 838.1063 838.0698 838.0364 838.0114 837.9919 837.9843 838.0231 838.1715 838.4266 838.5282 838.844 839.18 839.5006 839.6542 839.717 839.6865 839.5919 839.4645 839.3269 839.196 839.082 838.9912 838.9264 838.8859 838.8662 838.866 838.8806 838.9056 838.9385 838.9828 839.0406 839.1069 839.1729 839.2374 839.3121 839.4122 839.5408 839.6891 839.8413 839.9787 840.0583 840.1866 840.4482 840.902 841.6287 842.7426 843.3958 843.8165 844.0552 844.1733 844.2332 844.2916 844.3867 844.5497 844.752 844.9691
837.7015 837.6847 837.6763 837.6721 837.6685 837.6671 837.679 837.7241 837.8223 837.9849 838.2055 838.4436 838.4859 838.4836 838.4771 838.473 838.4694 838.4692 838.5095 838.6941 839.0424 839.2137 839.4163 839.6555 839.9514 839.983 839.9782 839.873 839.706 839.5175 839.3312 839.163 839.0226 838.9155 838.8438 838.8029 838.7854 838.787 838.8035 838.8292 838.8611 838.9012 838.954 839.0164 839.0792 839.1396 839.208 839.301 839.4254 839.5729 839.7282 839.8709 839.9793 840.0983 840.3573 840.7946 841.4579 842.2915 843.0713 843.5936 843.8782 844.0112 844.0674 844.1101 844.1941 844.3442 844.5289 844.5695
837.6584 837.6448 837.6387 837.6385 837.6447 837.661 837.7003 837.7839 837.934 838.167 838.4883 838.8951 839.1464 839.2083 839.209 839.2042 839.2069 839.2375 839.3738 839.7303 839.9169 839.9572 839.9712 839.9972 840.16 840.1805 840.1208 839.9785 839.7575 839.5211 839.2952 839.0972 838.9371 838.8206 838.7493 838.715 838.7053 838.712 838.7317 838.7599 838.7924 838.8299 838.8771 838.9341 838.9932 839.0494 839.11 839.1913 839.3038 839.4423 839.5928 839.7369 839.861 839.9843 840.236 840.6069 841.1361 841.7987 842.8019 843.3534 843.6534 843.7925 843.8409 843.8654 843.9218 844.0292 844.1567 844.2587
837.6217 837.6104 837.6094 837.6202 837.6464 837.694 837.7766 837.9183 838.1456 838.4816 838.9601 839.4783 839.8894 839.97 839.9709 839.9654 839.9604 839.9625 840.0187 840.2673 840.4055 840.418 840.3777 840.3405 840.3579 840.3105 840.1851 839.9813 839.7369 839.4717 839.2177 838.998 838.8256 838.7072 838.6466 838.6268 838.6298 838.6448 838.6688 838.6992 838.7327 838.7684 838.8105 838.8615 838.9163 838.9685 839.0213 839.0892 839.186 839.3119 839.4579 839.6144 839.7816 839.9745 840.1445 840.4403 840.9229 841.5615 842.3888 843.007 843.3605 843.5272 843.5643 843.5701 843.5966 843.6608 843.7467 843.8552
837.5911 837.5809 837.588 837.6189 837.6803 837.778 837.9226 838.1448 838.476 838.9401 839.4707 839.9748 840.3455 840.4919 840.5315 840.5348 840.5243 840.5148 840.5441 840.6559 840.7219 840.7114 840.6544 840.5858 840.5213 840.4104 840.2303 839.9805 839.6932 839.3909 839.1089 838.8738 838.6958 838.5819 838.5447 838.5471 838.5658 838.5896 838.6174 838.6494 838.6831 838.7172 838.7546 838.7992 838.8492 838.8982 838.9451 839.0007 839.0802 839.1893 839.3238 839.4756 839.6392 839.8105 839.9786 840.243 840.7482 841.4114 842.0094 842.593 843.0256 843.2522 843.2772 843.2669 843.2731 843.3019 843.3525 843.4668
837.5673 837.5569 837.5756 837.6375 837.7534 837.9255 838.1526 838.4777 838.9354 839.4551 839.9662 840.3918 840.7007 840.8614 840.9257 840.9418 840.9335 840.9155 840.9102 840.9331 840.936 840.8993 840.8322 840.747 840.6421 840.4899 840.2701 839.98 839.6398 839.29 838.9783 838.7373 838.5651 838.4605 838.46 838.488 838.5207 838.5506 838.5797 838.6113 838.6445 838.6769 838.71 838.7485 838.7933 838.839 838.882 838.9281 838.9915 839.0823 839.2006 839.3391 839.4892 839.6406 839.792 840.0059 840.5038 841.0781 841.5898 842.187 842.6893 843.0184 843.0328 843.0309 843.0304 843.0298 843.0358 843.1681
837.5515 837.5396 837.5731 837.6758 837.8663 838.1456 838.4791 838.9391 839.4548 839.962 840.3907 840.7372 840.9866 841.1315 841.1996 841.2214 841.2141 841.1874 841.1528 841.119 841.075 841.0145 840.9392 840.8472 840.726 840.5524 840.306 839.9791 839.5791 839.172 838.8283 838.6005 838.4599 838.3961 838.4138 838.46 838.4973 838.5279 838.5557 838.585 838.6163 838.647 838.6768 838.71 838.7492 838.7916 838.8318 838.8713 838.9218 838.996 839.0986 839.2267 839.374 839.5375 839.7263 839.981 840.371 840.8828 841.4376 841.8918 842.3846 842.7813 842.954 842.986 842.9618 842.9331 842.9362 843.0297
837.5466 837.5329 837.5826 837.7291 838.003 838.4222 838.9078 839.4521 839.9647 840.3923 840.7423 841.0172 841.2118 841.3286 841.3864 841.405 841.394 841.3575 841.301 841.2329 841.1581 841.0799 840.9985 840.9054 840.7811 840.5997 840.3368 839.9775 839.5155 839.0414 838.6547 838.4588 838.3569 838.3379 838.3854 838.4598 838.4871 838.5151 838.5417 838.5686 838.5972 838.6259 838.6533 838.6825 838.717 838.7556 838.7933 838.8287 838.8699 838.9308 839.02 839.1399 839.2886 839.4683 839.6902 839.9688 840.2213 840.6414 841.126 841.5612 842.1122 842.6251 842.9645 843.0301 842.9865 842.9382 842.92 842.9589
837.558 837.5466 837.6157 837.8038 838.1359 838.6084 839.3318 839.9534 840.4093 840.756 841.0264 841.2338 841.3786 841.465 841.5057 841.5144 841.4962 841.4499 841.3779 841.2896 841.196 841.1064 841.022 840.9313 840.8112 840.6312 840.3608 839.9763 839.463 838.9245 838.4745 838.3129 838.26 838.2773 838.3412 838.4163 838.4601 838.5023 838.5339 838.5598 838.5854 838.6117 838.6376 838.6643 838.6952 838.7302 838.7651 838.7972 838.8323 838.8826 838.9604 839.0707 839.2136 839.3876 839.5901 839.8053 840.0008 840.4037 840.8997 841.4378 841.9073 842.5004 843.0071 843.0894 843.0303 842.985 842.9543 842.9675
