backend/lakes/data/Pigeon Lake/pige_dem_tm.asc
ncols         343
nrows         301
xllcorner     554050
yllcorner     5865400
cellsize      50
NODATA_value  -9999
[rows 150 to 179 of 301, columns 68 to 135 of 343]
-9999 -9999 -9999 -9999 -9999 -9999 -9999 -9999 -9999 -9999 -9999 -9999 -9999 -9999 -9999 -9999 -9999 859.7123 857.8398 855.6885 853.4496 851.0892 848.8306 847.4219 846.275 845.5542 845.0847 844.8217 844.6925 844.5444 844.2372 843.7323 843.108 842.4278 841.625 841.1667 840.8092 840.5351 840.3343 840.1937 840.1007 840.0436 840.0125 839.9992 839.9969 840.0001 840.0049 840.0082 840.0092 840.0079 840.0044 840.0004 839.9943 839.9904 839.98 839.98 839.98 839.9592 839.9377 839.9222 839.9132 839.9102 839.9111 839.9078 839.8942 839.8706 839.8331 839.7726
-9999 -9999 -9999 -9999 -9999 -9999 -9999 -9999 -9999 -9999 -9999 -9999 -9999 -9999 -9999 -9999 -9999 859.9092 858.0099 855.9251 853.8269 851.6795 849.4565 848.118 847.0494 846.1475 845.4683 845.0477 844.8363 844.7063 844.5226 844.0678 843.495 842.8747 842.0663 841.4548 840.993 840.6667 840.4371 840.2773 840.1689 840.0986 840.0565 840.0343 840.025 840.0231 840.0242 840.0255 840.0254 840.0233 840.0194 840.0145 840.0092 840.0044 839.9987 839.9978 839.995 839.98 839.9625 839.949 839.942 839.9388 839.9399 839.9397 839.9292 839.9075 839.8743 839.8223
-9999 -9999 -9999 -9999 -9999 -9999 -9999 -9999 -9999 -9999 -9999 -9999 -9999 -9999 -9999 -9999 -9999 -9999 858.0157 856.1135 854.3583 852.7557 850.9114 849.5458 848.4036 847.1697 846.0611 845.3573 844.9839 844.7699 844.5584 844.2812 843.7763 843.1138 842.4021 841.6252 841.1755 840.829 840.5767 840.3964 840.2688 840.1812 840.1241 840.0895 840.0701 840.0605 840.0557 840.0526 840.0491 840.0446 840.0388 840.0326 840.0262 840.0204 840.0154 840.012 840.0062 839.9941 839.98 839.9678 839.964 839.9601 839.9597 839.9615 839.9553 839.9361 839.9064 839.8629
-9999 -9999 -9999 -9999 -9999 -9999 -9999 -9999 -9999 -9999 -9999 -9999 -9999 -9999 -9999 -9999 -9999 -9999 857.9777 856.3689 855.0888 853.9361 852.7095 851.3234 850.0967 848.4205 846.7539 845.7456 845.1998 844.8983 844.7051 844.5258 844.0826 843.4968 842.8644 842.0369 841.4597 841.0344 840.752 840.5491 840.3988 840.29 840.2145 840.1646 840.1328 840.113 840.1001 840.0903 840.0817 840.0731 840.064 840.0548 840.0461 840.0385 840.0319 840.0258 840.0175 840.0057 839.9921 839.98 839.98 839.9739 839.9711 839.9734 839.9719 839.9572 839.9303 839.8936
-9999 -9999 -9999 -9999 -9999 -9999 -9999 -9999 -9999 -9999 -9999 -9999 -9999 -9999 -9999 -9999 -9999 -9999 -9999 856.8065 855.9006 855.1014 854.2886 853.1631 851.5415 849.6753 847.679 846.2765 845.5219 845.0707 844.7936 844.5602 844.2714 843.7167 843.0153 842.2485 841.5734 841.2079 840.9487 840.7301 840.5536 840.4203 840.3244 840.2576 840.2119 840.1801 840.1571 840.1389 840.1233 840.1089 840.0952 840.0822 840.0701 840.0594 840.05 840.041 840.0309 840.0188 840.0057 839.9941 839.9878 839.98 839.976 839.9778 839.9795 839.9708 839.9479 839.9156
-9999 -9999 -9999 -9999 -9999 -9999 -9999 -9999 -9999 -9999 -9999 -9999 -9999 -9999 -9999 -9999 -9999 -9999 -9999 857.3702 856.7072 856.1989 855.7144 854.743 852.905 850.5628 848.488 846.929 845.95 845.3071 844.9399 844.7192 844.5048 843.9207 843.157 842.5327 841.9244 841.5026 841.2106 840.9409 840.7253 840.5651 840.4491 840.3657 840.3054 840.2606 840.2263 840.1984 840.1744 840.153 840.1334 840.1153 840.0989 840.0843 840.0714 840.0594 840.0474 840.0344 840.0211 840.0084 839.9976 839.9872 839.98 839.98 839.9806 839.9777 839.9609 839.9321
-9999 -9999 -9999 -9999 -9999 -9999 -9999 -9999 -9999 -9999 -9999 -9999 -9999 -9999 -9999 -9999 -9999 -9999 -9999 -9999 857.7592 857.4319 856.9497 856.0071 854.3817 852.0107 849.5338 847.6597 846.3223 845.5533 845.0878 844.8113 844.561 844.1737 843.5403 842.937 842.3044 841.8146 841.4739 841.1381 840.8926 840.715 840.5844 840.4866 840.412 840.3539 840.3074 840.2686 840.2352 840.2058 840.1794 840.1553 840.1337 840.1144 840.0974 840.082 840.0674 840.053 840.0386 840.0245 840.011 839.9985 839.9894 839.9844 839.98 839.9792 839.9702 839.9462
-9999 -9999 -9999 -9999 -9999 -9999 -9999 -9999 -9999 -9999 -9999 -9999 -9999 -9999 -9999 -9999 -9999 -9999 -9999 -9999 -9999 858.988 858.3368 857.2897 855.7433 853.6347 851.0109 848.6865 847.017 845.9657 845.3153 844.9656 844.7402 844.4827 843.8564 843.1463 842.577 842.0179 841.5344 841.2612 841.0453 840.8707 840.7314 840.6206 840.5315 840.4594 840.3999 840.3496 840.3063 840.2682 840.2341 840.2034 840.1757 840.1508 840.1288 840.1093 840.0914 840.0747 840.0586 840.0429 840.0278 840.0134 840.0019 839.9935 839.9857 839.98 839.976 839.9594
-9999 -9999 -9999 -9999 -9999 -9999 -9999 -9999 -9999 -9999 -9999 -9999 -9999 -9999 -9999 -9999 -9999 -9999 -9999 -9999 -9999 -9999 860.1328 858.7536 857.1278 855.0717 852.4893 849.8076 847.8395 846.4106 845.6071 845.1593 844.8618 844.5661 844.1549 843.5609 842.9485 842.3248 841.826 841.4987 841.2518 841.0564 840.8988 840.7701 840.6642 840.5767 840.5037 840.4417 840.3883 840.3412 840.2991 840.2608 840.226 840.1944 840.1663 840.1415 840.1194 840.0996 840.0812 840.0637 840.0472 840.0315 840.0175 840.0066 839.9966 839.9872 839.98 839.9706
-9999 -9999 -9999 -9999 -9999 -9999 -9999 -9999 -9999 -9999 -9999 -9999 -9999 -9999 -9999 -9999 -9999 -9999 -9999 -9999 -9999 -9999 862.1227 860.494 858.6465 856.5125 854.0058 851.326 849.0413 847.274 846.1375 845.4949 845.0725 844.7885 844.5145 843.972 843.2026 842.6316 842.1608 841.7885 841.4992 841.2703 841.0864 840.9352 840.8096 840.7052 840.6183 840.545 840.482 840.4263 840.3757 840.3289 840.2858 840.246 840.2104 840.1791 840.1516 840.1277 840.1063 840.087 840.0689 840.052 840.0361 840.0227 840.0114 840.0001 839.9893 839.98
-9999 -9999 -9999 -9999 -9999 -9999 -9999 -9999 -9999 -9999 -9999 -9999 -9999 -9999 -9999 -9999 -9999 -9999 -9999 -9999 -9999 -9999 -9999 862.317 860.3901 858.215 855.7556 853.0804 850.4909 848.3322 846.8505 845.9284 845.288 844.9485 844.7432 844.437 843.7311 843.0747 842.5581 842.1106 841.7628 841.4993 841.2883 841.1127 840.9661 840.8444 840.7439 840.6602 840.5885 840.5247 840.4653 840.4091 840.3561 840.3066 840.2617 840.222 840.1879 840.1587 840.1337 840.1119 840.0924 840.0745 840.058 840.0427 840.0301 840.019 840.0083 839.9999
-9999 -9999 -9999 -9999 -9999 -9999 -9999 -9999 -9999 -9999 -9999 -9999 -9999 -9999 -9999 -9999 -9999 -9999 -9999 -9999 -9999 -9999 -9999 863.8561 862.0321 859.8852 857.4992 854.9222 852.1794 849.5354 847.6318 846.2313 845.4206 845.0073 844.796 844.559 844.1384 843.5593 842.965 842.423 842.0232 841.7289 841.499 841.3005 841.1326 840.9937 840.8802 840.7874 840.7086 840.6374 840.5691 840.5022 840.4375 840.3761 840.3201 840.2704 840.228 840.1924 840.1628 840.1384 840.1176 840.0989 840.0823 840.0667 840.0527 840.0417 840.0319 840.0225
-9999 -9999 -9999 -9999 -9999 -9999 -9999 -9999 -9999 -9999 -9999 -9999 -9999 -9999 -9999 -9999 -9999 -9999 -9999 -9999 -9999 -9999 -9999 -9999 863.1282 861.086 858.8506 856.5435 854.0068 851.1546 848.7719 846.8286 845.6931 845.1168 844.8691 844.7277 844.5139 843.9763 843.2012 842.6784 842.2813 841.9709 841.7183 841.4997 841.3096 841.153 841.0272 840.9266 840.8431 840.7657 840.6879 840.6085 840.5297 840.4541 840.3848 840.3235 840.2713 840.2284 840.1938 840.1663 840.144 840.1252 840.1085 840.0938 840.0795 840.0671 840.0577 840.0482
-9999 -9999 -9999 -9999 -9999 -9999 -9999 -9999 -9999 -9999 -9999 -9999 -9999 -9999 -9999 -9999 -9999 -9999 -9999 -9999 -9999 -9999 -9999 -9999 -9999 861.574 859.7435 857.8125 855.6616 853.0823 850.2497 847.8517 846.1923 845.3496 844.9896 844.8505 844.7315 844.4333 843.7105 843.0751 842.6217 842.2677 841.9758 841.7203 841.5002 841.3225 841.1831 841.0761 840.9921 840.9099 840.8214 840.7272 840.6314 840.5392 840.4545 840.3799 840.3171 840.2662 840.2261 840.1953 840.1716 840.1531 840.137 840.1227 840.1096 840.0964 840.0856 840.0759
-9999 -9999 -9999 -9999 -9999 -9999 -9999 -9999 -9999 -9999 -9999 -9999 -9999 -9999 -9999 -9999 -9999 -9999 -9999 -9999 -9999 -9999 -9999 -9999 -9999 861.1483 859.8337 858.3832 856.7701 854.4069 851.5208 848.8594 846.8021 845.7039 845.1851 844.9543 844.8088 844.5609 844.1183 843.5743 843.0565 842.6334 842.2833 841.9707 841.7069 841.4998 841.3437 841.2303 841.154 841.0681 840.9672 840.8553 840.7399 840.6288 840.5273 840.4388 840.3649 840.3054 840.2595 840.2253 840.2003 840.1818 840.1675 840.1543 840.1423 840.1301 840.1171 840.1057
-9999 -9999 -9999 -9999 -9999 -9999 -9999 -9999 -9999 -9999 -9999 -9999 -9999 -9999 -9999 -9999 -9999 -9999 -9999 -9999 -9999 -9999 -9999 -9999 -9999 -9999 859.474 858.292 856.9804 854.9134 852.3852 849.7548 847.6095 846.2272 845.512 845.1302 844.9326 844.7649 844.5256 844.0967 843.5854 843.0588 842.6323 842.2382 841.917 841.6736 841.4993 841.377 841.3254 841.2341 841.1187 840.9868 840.8502 840.7194 840.6013 840.4991 840.4143 840.3466 840.2947 840.2568 840.2305 840.2123 840.1996 840.189 840.1779 840.1671 840.1544 840.1398
-9999 -9999 -9999 -9999 -9999 -9999 -9999 -9999 -9999 -9999 -9999 -9999 -9999 -9999 -9999 -9999 -9999 -9999 -9999 -9999 -9999 -9999 -9999 -9999 -9999 -9999 859.3641 858.1111 856.5844 854.7179 852.6691 850.4128 848.385 846.9111 845.9735 845.3891 845.0972 844.9387 844.7873 844.5317 844.0968 843.5149 842.9799 842.4907 842.1194 841.8416 841.6378 841.5022 841.4977 841.3907 841.2637 841.1125 840.9556 840.8068 840.674 840.5599 840.4655 840.3902 840.3326 840.291 840.2627 840.2448 840.2334 840.2255 840.2172 840.207 840.1956 840.1803
-9999 -9999 -9999 -9999 -9999 -9999 -9999 -9999 -9999 -9999 -9999 -9999 -9999 -9999 -9999 -9999 -9999 -9999 -9999 -9999 -9999 -9999 -9999 -9999 -9999 -9999 -9999 858.3716 856.7282 854.9304 853.1873 851.3069 849.3005 847.7134 846.4534 845.7045 845.3065 845.0953 844.9513 844.7756 844.4757 843.833 843.1382 842.6903 842.3282 842.0355 841.8127 841.6652 841.5985 841.5002 841.3881 841.2228 841.0499 840.8885 840.7455 840.6226 840.5203 840.438 840.3746 840.3286 840.298 840.2794 840.2698 840.2636 840.259 840.2509 840.2395 840.2252
-9999 -9999 -9999 -9999 -9999 -9999 -9999 -9999 -9999 -9999 -9999 -9999 -9999 -9999 -9999 -9999 -9999 -9999 -9999 -9999 -9999 -9999 -9999 -9999 -9999 -9999 -9999 858.9664 857.3962 855.6323 853.9374 852.3572 850.7092 848.9225 847.3867 846.2427 845.6251 845.2742 845.0582 844.8599 844.5667 844.1353 843.5609 843.049 842.6335 842.2927 842.0271 841.8392 841.7164 841.6047 841.4971 841.3105 841.1304 840.9659 840.8191 840.6907 840.5818 840.4924 840.4226 840.3715 840.3372 840.3173 840.3076 840.3043 840.3014 840.2976 840.2876 840.2731
-9999 -9999 -9999 -9999 -9999 -9999 -9999 -9999 -9999 -9999 -9999 -9999 -9999 -9999 -9999 -9999 -9999 -9999 -9999 -9999 -9999 -9999 -9999 -9999 -9999 -9999 -9999 -9999 857.3264 855.7978 854.3369 853.1542 851.797 850.2897 848.3549 846.9314 846.0225 845.4919 845.1902 844.9855 844.7841 844.5234 844.0659 843.5487 843.0471 842.6282 842.2944 842.0475 841.8661 841.6917 841.5037 841.3606 841.2052 841.0494 840.9033 840.771 840.6548 840.5569 840.4788 840.4208 840.3817 840.3589 840.3486 840.3459 840.3464 840.344 840.3385 840.325
-9999 -9999 -9999 -9999 -9999 -9999 -9999 -9999 -9999 -9999 -9999 -9999 -9999 -9999 -9999 -9999 -9999 -9999 -9999 -9999 -9999 -9999 -9999 -9999 -9999 -9999 -9999 -9999 -9999 855.4589 854.379 853.4811 852.2151 850.8909 849.0283 847.4513 846.2973 845.7141 845.3677 845.145 844.9829 844.809 844.5236 844.0726 843.5524 843.045 842.6324 842.3246 842.1091 841.895 841.6791 841.4996 841.3271 841.163 841.0107 840.8712 840.7444 840.634 840.5444 840.4775 840.4321 840.4053 840.3928 840.3901 840.3914 840.3925 840.3882 840.3788
-9999 -9999 -9999 -9999 -9999 -9999 -9999 -9999 -9999 -9999 -9999 -9999 -9999 -9999 -9999 -9999 -9999 -9999 -9999 -9999 -9999 -9999 -9999 -9999 -9999 -9999 -9999 -9999 -9999 -9999 853.95 852.834 851.6758 850.5433 849.1573 847.7754 846.7712 846.0986 845.6587 845.364 845.1733 845.0209 844.8235 844.5237 844.0665 843.5477 843.0662 842.6924 842.473 842.209 841.9415 841.707 841.4999 841.3141 841.1478 840.9965 840.8531 840.7248 840.6198 840.5415 840.4884 840.4565 840.441 840.4366 840.438 840.4399 840.439 840.4309
-9999 -9999 -9999 -9999 -9999 -9999 -9999 -9999 -9999 -9999 -9999 -9999 -9999 -9999 -9999 -9999 -9999 -9999 -9999 -9999 -9999 -9999 -9999 -9999 -9999 -9999 -9999 -9999 -9999 -9999 -9999 851.9863 850.7034 850.0549 849.2835 848.2689 847.4041 846.6511 846.0782 845.6669 845.3889 845.2025 845.0334 844.8175 844.52 844.0901 843.6798 843.1848 842.9766 842.6139 842.2659 841.9677 841.7155 841.5 841.3136 841.1478 840.9794 840.8265 840.7028 840.6117 840.5502 840.5128 840.4934 840.4863 840.4861 840.4879 840.4875 840.4825
-9999 -9999 -9999 -9999 -9999 -9999 -9999 -9999 -9999 -9999 -9999 -9999 -9999 -9999 -9999 -9999 -9999 -9999 -9999 -9999 -9999 -9999 -9999 -9999 -9999 -9999 -9999 -9999 -9999 -9999 -9999 851.5781 850.4183 849.9969 849.7606 849.2767 848.1799 847.2714 846.5879 846.0763 845.6758 845.4105 845.232 845.0421 844.8284 844.5755 844.4169 843.9436 843.5281 843.0524 842.6298 842.271 841.97 841.716 841.5009 841.3201 841.1136 840.9318 840.7898 840.687 840.6174 840.5743 840.5505 840.5397 840.5365 840.5364 840.5355 840.5309
-9999 -9999 -9999 -9999 -9999 -9999 -9999 -9999 -9999 -9999 -9999 -9999 -9999 -9999 -9999 -9999 -9999 -9999 -9999 -9999 -9999 -9999 -9999 -9999 -9999 -9999 -9999 -9999 -9999 -9999 -9999 851.5981 850.3442 849.9659 849.9526 849.3574 848.3734 847.7762 847.1884 846.6696 846.1207 845.7283 845.5229 845.3112 845.134 844.9705 844.8301 844.5193 844.0747 843.5599 843.0515 842.6261 842.2673 841.9611 841.7007 841.4896 841.2325 841.0305 840.879 840.7687 840.6921 840.6426 840.6131 840.5973 840.5898 840.5861 840.5826 840.577
-9999 -9999 -9999 -9999 -9999 -9999 -9999 -9999 -9999 -9999 -9999 -9999 -9999 -9999 -9999 -9999 -9999 -9999 -9999 -9999 -9999 -9999 -9999 -9999 -9999 -9999 -9999 -9999 -9999 -9999 -9999 -9999 850.465 849.9144 849.7941 849.4918 849.0132 848.6168 848.1092 847.6507 846.9237 846.2839 846.0268 845.7063 845.5005 845.3026 845.1312 844.8885 844.5374 844.0703 843.5532 843.0509 842.6199 842.2375 841.8737 841.5184 841.3043 841.126 840.9791 840.8641 840.7791 840.7203 840.6823 840.6592 840.6456 840.6369 840.6295 840.6211
-9999 -9999 -9999 -9999 -9999 -9999 -9999 -9999 -9999 -9999 -9999 -9999 -9999 -9999 -9999 -9999 -9999 -9999 -9999 -9999 -9999 -9999 -9999 -9999 -9999 -9999 -9999 -9999 -9999 -9999 -9999 -9999 851.3463 850.4792 850.2181 850.0932 849.9697 849.8432 849.5809 849.1017 848.1196 847.3101 846.8161 846.3007 846.0206 845.6685 845.4081 845.1766 844.8984 844.536 844.0725 843.5635 843.0509 842.6074 842.1925 841.7941 841.5013 841.2854 841.1173 840.9852 840.8843 840.8107 840.7596 840.7259 840.7039 840.6888 840.6761 840.6638
-9999 -9999 -9999 -9999 -9999 -9999 -9999 -9999 -9999 -9999 -9999 -9999 -9999 -9999 -9999 -9999 -9999 -9999 -9999 -9999 -9999 -9999 -9999 -9999 -9999 -9999 -9999 -9999 -9999 -9999 -9999 -9999 -9999 852.1324 851.7133 851.3829 851.1366 850.9569 850.6559 850.2007 849.486 848.5849 848.0352 847.3635 846.71 846.1067 845.713 845.4446 845.1952 844.9015 844.5369 844.0786 843.5387 843.0368 842.5912 842.1381 841.7729 841.5001 841.2952 841.135 841.0101 840.9156 840.8464 840.7979 840.7646 840.7413 840.7226 840.7057
-9999 -9999 -9999 -9999 -9999 -9999 -9999 -9999 -9999 -9999 -9999 -9999 -9999 -9999 -9999 -9999 -9999 -9999 -9999 -9999 -9999 -9999 -9999 -9999 -9999 -9999 -9999 -9999 -9999 -9999 -9999 -9999 -9999 -9999 853.5533 852.9254 852.423 852.1042 851.608 851.1468 850.7014 850.1808 849.5511 848.6041 847.528 846.6528 846.0825 845.738 845.4645 845.1826 844.8606 844.4868 843.9408 843.4225 842.9666 842.4556 842.0473 841.7366 841.4994 841.3082 841.1552 841.0352 840.9437 840.8763 840.8286 840.7953 840.7698 840.7479
-9999 -9999 -9999 -9999 -9999 -9999 -9999 -9999 -9999 -9999 -9999 -9999 -9999 -9999 -9999 -9999 -9999 -9999 -9999 -9999 -9999 -9999 -9999 -9999 -9999 -9999 -9999 -9999 -9999 -9999 -9999 -9999 -9999 -9999 -9999 -9999 853.8341 853.368 852.4945 851.9139 851.6582 851.5418 850.8348 849.725 848.2183 847.1335 846.4634 846.0675 845.7422 845.4144 845.0406 844.594 844.1745 843.6643 843.1006 842.6782 842.3021 841.9817 841.7175 841.4996 841.3174 841.1699 841.0529 840.9633 840.8982 840.853 840.8196 840.7924
