backend/lakes/data/Pigeon Lake/pige_dem_tm.asc
ncols         343
nrows         301
xllcorner     554050
yllcorner     5865400
cellsize      50
NODATA_value  -9999
[rows 150 to 179 of 301, columns 136 to 203 of 343]
839.6902 839.6016 839.5224 839.4539 839.38 839.2919 839.2089 839.1768 839.2211 839.3237 839.4514 839.5682 839.6525 839.6959 839.7048 839.6913 839.6661 839.6368 839.6068 839.5779 839.5471 839.51 839.4617 839.3987 839.3208 839.2301 839.1304 839.0263 838.9233 838.8258 838.738 838.6638 838.606 838.5649 838.5388 838.5208 838.5059 838.4939 838.4811 838.4738 838.46 838.46 838.4398 838.4139 838.3848 838.3528 838.3175 838.2798 838.2413 838.2032 838.1663 838.1333 838.1061 838.0826 838.0582 838.0316 838.007 837.9866 837.9611 837.9166 837.8545 837.7935 837.7529 837.7368 837.7319 837.7189 837.6853 837.6366
839.7458 839.6552 839.569 839.4982 839.4339 839.358 839.2706 839.1995 839.1874 839.2427 839.3419 839.4557 839.5566 839.6312 839.6742 839.69 839.6849 839.666 839.6386 839.605 839.5647 839.5161 839.4576 839.3885 839.3088 839.2201 839.1246 839.0254 838.9273 838.835 838.7522 838.6824 838.6278 838.5883 838.5613 838.5419 838.5264 838.5129 838.5001 838.4899 838.4799 838.475 838.46 838.4393 838.4136 838.3835 838.3482 838.3091 838.2692 838.2299 838.1916 838.1564 838.1267 838.101 838.0745 838.0454 838.0181 837.995 837.9683 837.9236 837.8607 837.7988 837.7592 837.7473 837.7504 837.7463 837.7217 837.683
839.7971 839.7104 839.6194 839.5413 839.4796 839.4183 839.3426 839.2595 839.1993 839.1971 839.249 839.3338 839.4272 839.5107 839.5738 839.6125 839.6285 839.6256 839.608 839.5774 839.5344 839.48 839.4164 839.3451 839.2672 839.183 839.0942 839.0032 838.9132 838.829 838.7548 838.6929 838.6443 838.6079 838.5817 838.5614 838.5444 838.5291 838.5153 838.5035 838.4941 838.4869 838.4757 838.46 838.439 838.4126 838.3777 838.3368 838.2948 838.254 838.2147 838.1782 838.1467 838.1195 838.0917 838.061 838.0309 838.0052 837.9772 837.9332 837.8711 837.8092 837.7698 837.7603 837.7695 837.7758 837.7646 837.7444
839.8401 839.7641 839.674 839.5887 839.521 839.4674 839.4084 839.3352 839.2578 839.205 839.2012 839.2394 839.3027 839.3724 839.4353 839.4825 839.511 839.5215 839.5154 839.493 839.4547 839.4027 839.3415 839.2745 839.2026 839.1265 839.0466 838.9654 838.8862 838.8129 838.7495 838.6979 838.6572 838.6253 838.5999 838.5781 838.5583 838.5404 838.5247 838.512 838.5023 838.495 838.4866 838.4755 838.46 838.4391 838.4043 838.3621 838.3177 838.275 838.2349 838.1974 838.1648 838.1365 838.1082 838.0769 838.0452 838.0173 837.988 837.9449 837.8844 837.8229 837.7833 837.7749 837.7884 837.8047 837.8093 837.8123
839.873 839.8118 839.7307 839.6432 839.5666 839.5084 839.4609 839.4044 839.3353 839.2639 839.2135 839.2001 839.219 839.2577 839.3013 839.3404 839.3687 839.384 839.3854 839.3715 839.3415 839.298 839.2457 839.1885 839.1268 839.0605 838.9911 838.9205 838.8533 838.7928 838.7419 838.7012 838.6687 838.6409 838.6151 838.5902 838.5665 838.5452 838.5274 838.514 838.5049 838.4988 838.493 838.4858 838.4757 838.46 838.424 838.3814 838.3366 838.2931 838.2519 838.2137 838.1802 838.1511 838.1226 838.0913 838.0592 838.03 838.0002 837.9584 837.8998 837.8389 837.7982 837.7892 837.8049 837.8286 837.8472 837.8707
839.8967 839.8497 839.7841 839.703 839.6215 839.5533 839.5026 839.4587 839.405 839.3411 839.2748 839.2231 839.1971 839.196 839.2094 839.2269 839.2425 839.2526 839.2542 839.2443 839.2213 839.1874 839.1469 839.102 839.052 838.9962 838.9366 838.8773 838.8221 838.7748 838.7365 838.7061 838.6799 838.6539 838.6259 838.5959 838.567 838.542 838.5228 838.5103 838.5031 838.499 838.4954 838.4894 838.4788 838.46 838.4301 838.3917 838.3496 838.3073 838.2662 838.2276 838.1932 838.1635 838.1348 838.1037 838.0715 838.0419 838.0126 837.9729 837.9166 837.8561 837.8136 837.802 837.8171 837.8433 837.8678 837.8968
839.9152 839.8782 839.8285 839.7617 839.6837 839.6089 839.5477 839.5011 839.4589 839.4087 839.3496 839.2876 839.2342 839.1974 839.1777 839.1683 839.1635 839.1599 839.1541 839.1418 839.1212 839.0939 839.0633 839.0295 838.99 838.9432 838.8922 838.8425 838.7991 838.764 838.7368 838.7139 838.6906 838.6627 838.6295 838.5933 838.5591 838.5317 838.5132 838.5034 838.4999 838.4988 838.4967 838.4909 838.4794 838.46 838.4319 838.3965 838.3571 838.3169 838.2775 838.2391 838.2042 838.1738 838.1453 838.1144 838.0822 838.0522 838.0237 837.9869 837.9344 837.8746 837.8295 837.8136 837.8247 837.8483 837.8697 837.8879
839.9335 839.9019 839.8632 839.8123 839.7463 839.6733 839.6045 839.5475 839.5024 839.4608 839.4135 839.3586 839.3005 839.2469 839.2025 839.1682 839.1421 839.1221 839.1041 839.084 839.0598 839.0338 839.0084 838.9816 838.9486 838.9078 838.863 838.8214 838.788 838.7634 838.744 838.7245 838.6993 838.6654 838.6242 838.5812 838.5436 838.5167 838.5026 838.4987 838.5008 838.5033 838.5021 838.4948 838.481 838.46 838.4316 838.3978 838.3605 838.3224 838.2849 838.248 838.2131 838.1825 838.1541 838.1238 838.0916 838.0611 838.0328 837.9991 837.9512 837.8932 837.8455 837.8243 837.8292 837.8473 837.8613 837.864
839.955 839.926 839.892 839.8516 839.801 839.7385 839.6707 839.6064 839.5517 839.5063 839.464 839.4183 839.367 839.313 839.2603 839.2115 839.1693 839.1343 839.1041 839.0742 839.0432 839.014 838.9886 838.9634 838.932 838.8931 838.8519 838.8164 838.7911 838.7739 838.7583 838.7369 838.7046 838.6607 838.61 838.5614 838.5242 838.5032 838.4984 838.5044 838.5138 838.5194 838.5167 838.5048 838.4854 838.46 838.4293 838.3959 838.3605 838.3245 838.2889 838.254 838.2203 838.1895 838.1615 838.132 838.1 838.0691 838.0409 838.0097 837.9659 837.9109 837.8608 837.8339 837.8322 837.844 837.8517 837.8427
839.98 839.9539 839.9194 839.8838 839.8433 839.7949 839.7366 839.674 839.6132 839.5598 839.5131 839.4691 839.4237 839.3755 839.3248 839.2731 839.2239 839.1802 839.1409 839.1025 839.0645 839.0302 839.0015 838.9736 838.9397 838.899 838.8588 838.8273 838.8076 838.7943 838.7778 838.7494 838.7053 838.6489 838.5896 838.5395 838.5088 838.5007 838.5114 838.5311 838.5488 838.5557 838.5473 838.5251 838.4942 838.46 838.4246 838.3903 838.3569 838.3236 838.2909 838.2583 838.2258 838.1954 838.1676 838.139 838.1074 838.076 838.0479 838.0186 837.9791 837.927 837.8752 837.8417 837.8331 837.839 837.843 837.83
839.9967 839.98 839.9491 839.9133 839.8777 839.8383 839.7928 839.7394 839.6816 839.6244 839.5719 839.5234 839.4773 839.4321 839.3853 839.3358 839.2863 839.2397 839.1963 839.1529 839.1097 839.0708 839.038 839.0057 838.9669 838.9223 838.8811 838.8521 838.8357 838.8226 838.8005 838.7604 838.7018 838.6331 838.5689 838.5244 838.5089 838.5226 838.5555 838.5924 838.6179 838.6217 838.6007 838.5599 838.5095 838.46 838.4167 838.3809 838.3497 838.32 838.2909 838.2616 838.2308 838.2007 838.173 838.1451 838.114 838.0822 838.0537 838.0262 837.9907 837.9421 837.889 837.8486 837.831 837.8309 837.8323 837.8209
840.0148 840.0027 839.98 839.9464 839.9097 839.8743 839.8363 839.7941 839.7458 839.693 839.6393 839.5875 839.5378 839.4906 839.4443 839.397 839.3489 839.3026 839.2578 839.2122 839.166 839.124 839.0879 839.0515 839.0076 838.9583 838.9152 838.8875 838.8724 838.8566 838.8251 838.7703 838.6967 838.6188 838.5568 838.5275 838.5384 838.5836 838.6456 838.702 838.733 838.7272 838.6841 838.6134 838.5325 838.46 838.4061 838.3684 838.3402 838.3148 838.2899 838.2642 838.236 838.2064 838.1787 838.1514 838.1207 838.0883 838.0588 838.0322 838.0007 837.9567 837.9033 837.8561 837.8278 837.8187 837.817 837.808
840.0372 840.0241 840.0067 839.98 839.9449 839.9081 839.8732 839.8369 839.798 839.7544 839.7068 839.6569 839.6064 839.5571 839.5092 839.4611 839.4132 839.3673 839.3222 839.2751 839.227 839.1827 839.1441 839.1044 839.0562 839.0027 838.9574 838.9301 838.915 838.8943 838.8511 838.7808 838.6938 838.6125 838.5619 838.5597 838.6091 838.6964 838.7942 838.8714 838.9037 838.8798 838.8029 838.6892 838.5649 838.46 838.3942 838.3557 838.3309 838.3102 838.2892 838.2669 838.2415 838.2131 838.1851 838.158 838.1283 838.0955 838.064 838.0372 838.009 837.9703 837.9191 837.8661 837.8269 837.8057 837.7968 837.7878
840.0641 840.0486 840.0309 840.0092 839.98 839.9446 839.9083 839.8739 839.8395 839.8038 839.765 839.7223 839.676 839.6282 839.5802 839.5313 839.4823 839.4356 839.39 839.3419 839.2918 839.2454 839.2044 839.1621 839.1104 839.0532 839.0056 838.9779 838.9618 838.9353 838.8799 838.7946 838.6974 838.619 838.5894 838.626 838.7263 838.8663 839.0063 839.1049 839.1334 839.0825 838.961 838.7918 838.6097 838.4598 838.3859 838.3484 838.3262 838.309 838.2911 838.2715 838.2484 838.2212 838.1926 838.1653 838.1366 838.1039 838.0706 838.0417 838.0154 837.9823 837.9363 837.8813 837.8317 837.7974 837.7768 837.7625
840.0935 840.0774 840.0576 840.0356 840.0104 839.98 839.945 839.9099 839.8768 839.8445 839.812 839.7772 839.7383 839.696 839.6516 839.6044 839.5554 839.5079 839.4618 839.4128 839.3608 839.3121 839.2689 839.2241 839.1695 839.109 839.0588 839.0298 839.012 838.9799 838.9133 838.8147 838.7104 838.6398 838.6381 838.7222 838.8828 839.0847 839.2734 839.3931 839.4131 839.3286 839.1561 838.9262 838.6779 838.4622 838.3955 838.3559 838.3311 838.3135 838.2971 838.2786 838.2572 838.2312 838.202 838.1737 838.1455 838.1136 838.0789 838.047 838.02 837.9917 837.9527 837.9015 837.8457 837.7982 837.7641 837.7394
840.1256 840.1091 840.0886 840.0645 840.0387 840.011 839.98 839.9465 839.9133 839.8822 839.8523 839.823 839.7908 839.7549 839.7161 839.6736 839.6273 839.5807 839.5349 839.4857 839.4326 839.3817 839.3364 839.29 839.2332 839.1696 839.1161 839.085 839.0652 839.0287 838.9531 838.8434 838.7335 838.6713 838.6979 838.8304 839.0542 839.3236 839.5668 839.7059 839.7146 839.5947 839.3735 839.0945 838.8075 838.5725 838.4594 838.3859 838.3474 838.325 838.3076 838.2891 838.2684 838.2435 838.214 838.1838 838.1552 838.1243 838.0892 838.0543 838.0243 837.9977 837.966 837.9222 837.8684 837.8126 837.7646 837.7271
840.1625 840.1437 840.1224 840.0973 840.0694 840.0405 840.0109 839.98 839.9487 839.9185 839.8905 839.8645 839.8367 839.8054 839.7714 839.7339 839.6923 839.6488 839.6049 839.557 839.5037 839.4514 839.4049 839.3579 839.3 839.2337 839.1766 839.1423 839.1207 839.0817 839.0002 838.8817 838.7654 838.7065 838.7525 838.922 839.1986 839.5306 839.8305 839.9786 839.9789 839.8333 839.5728 839.2557 838.9344 838.6564 838.4617 838.4034 838.3657 838.3409 838.3223 838.3033 838.2822 838.2578 838.2284 838.1962 838.1655 838.1353 838.1013 838.0646 838.0306 838.0016 837.9739 837.9388 837.8924 837.838 837.7823 837.7318
840.2061 840.1833 840.1591 840.1326 840.1033 840.0724 840.0411 840.0103 839.98 839.9518 839.9261 839.905 839.8801 839.8507 839.8193 839.7861 839.749 839.7092 839.6684 839.6234 839.5717 839.519 839.4722 839.4258 839.3684 839.3003 839.2391 839.2008 839.1774 839.138 839.0548 838.9301 838.8046 838.739 838.7856 838.9662 839.2646 839.6303 839.9725 840.0841 840.102 839.9784 839.7039 839.3726 839.0414 838.754 838.5493 838.4597 838.3967 838.3629 838.3412 838.3213 838.299 838.2739 838.2446 838.2109 838.1772 838.1461 838.1136 838.0773 838.04 838.0068 837.9779 837.9484 837.9112 837.8641 837.8107 837.755
840.2543 840.2297 840.2013 840.1713 840.14 840.1074 840.074 840.0409 840.009 839.98 839.9562 839.9438 839.9212 839.8925 839.8623 839.8326 839.7997 839.7631 839.7252 839.6838 839.6349 839.5831 839.5367 839.4923 839.437 839.3683 839.3027 839.2593 839.2339 839.1965 839.1155 838.9879 838.8513 838.7671 838.7913 838.9481 839.2193 839.548 839.8406 839.9827 840.0783 839.9795 839.7256 839.4125 839.0975 838.8185 838.6014 838.4606 838.4131 838.3853 838.3639 838.3431 838.3191 838.292 838.2623 838.2279 838.1914 838.1571 838.1249 838.0903 838.0526 838.0155 837.9824 837.9528 837.9215 837.8835 837.8375 837.7863
840.3056 840.2804 840.2498 840.2156 840.1807 840.1455 840.1102 840.0748 840.0398 840.0068 839.98 839.98 839.9561 839.9281 839.9001 839.8747 839.8464 839.813 839.7776 839.7396 839.6947 839.6448 839.599 839.5569 839.5052 839.4374 839.3676 839.3175 839.2891 839.2552 839.1808 839.0552 838.9081 838.7977 838.7816 838.8879 839.1031 839.3781 839.6436 839.8408 839.9747 839.8638 839.6389 839.3676 839.0942 838.8488 838.6526 838.5204 838.46 838.4219 838.394 838.3692 838.3424 838.3124 838.2809 838.2462 838.2078 838.1698 838.1354 838.1022 838.0663 838.028 837.9908 837.9573 837.9261 837.8936 837.8561 837.8125
840.3602 840.3342 840.3022 840.2659 840.2273 840.1887 840.1509 840.114 840.0779 840.0443 840.0176 840.0035 839.98 839.9554 839.9314 839.9125 839.8895 839.8602 839.8272 839.7928 839.7527 839.7056 839.6603 839.6201 839.5729 839.508 839.4346 839.3762 839.3423 839.3116 839.2478 839.1305 838.9783 838.8417 838.7772 838.8184 838.9604 839.1664 839.3838 839.5632 839.666 839.6086 839.4509 839.2468 839.0352 838.8408 838.6812 838.5678 838.502 838.46 838.4271 838.3979 838.3682 838.3354 838.3008 838.2651 838.2263 838.1854 838.1471 838.1124 838.0782 838.0419 838.0032 837.966 837.9315 837.8988 837.8653 837.8289
840.4157 840.3905 840.3577 840.3197 840.2792 840.2379 840.1974 840.1586 840.1215 840.0869 840.057 840.0326 840.006 839.98 839.9573 839.947 839.9282 839.9042 839.874 839.8432 839.8088 839.766 839.7216 839.6827 839.6403 839.58 839.5048 839.437 839.3939 839.364 839.3124 839.2103 839.0623 838.9075 838.798 838.7712 838.8337 838.9611 839.1133 839.2479 839.3254 839.3073 839.2152 839.0829 838.9388 838.8019 838.6846 838.5955 838.5356 838.4938 838.46 838.4279 838.3956 838.3608 838.323 838.2848 838.2458 838.2039 838.162 838.1235 838.0885 838.054 838.0173 837.9788 837.9413 837.9058 837.8715 837.8373
840.4688 840.4464 840.4147 840.3763 840.3346 840.2919 840.2498 840.2089 840.1699 840.133 840.0989 840.0676 840.0361 840.0055 839.98 839.98 839.96 839.9443 839.9167 839.889 839.8615 839.8253 839.7828 839.7448 839.7067 839.6525 839.5781 839.5016 839.4458 839.4113 839.3699 839.2877 839.1549 838.9958 838.8547 838.7701 838.7574 838.8064 838.889 838.9727 839.0267 839.0294 838.9866 838.915 838.8317 838.7483 838.6724 838.6099 838.5626 838.5255 838.4929 838.46 838.4254 838.3888 838.3486 838.3069 838.2659 838.2242 838.1807 838.1384 838.0997 838.0645 838.0295 837.9929 837.9547 837.917 837.8805 837.845
840.5198 840.4995 840.4703 840.4337 840.3923 840.349 840.306 840.264 840.223 840.1833 840.1454 840.1096 840.0748 840.0424 840.0157 840.0007 839.98 839.98 839.9536 839.9276 839.908 839.8816 839.843 839.8058 839.7709 839.7238 839.6536 839.5712 839.5009 839.4547 839.417 839.3545 839.2454 839.0979 838.9446 838.8213 838.7496 838.7304 838.7491 838.7836 838.8119 838.8197 838.8061 838.7771 838.7401 838.6995 838.6586 838.6209 838.5883 838.559 838.5293 838.4967 838.46 838.421 838.3789 838.3339 838.2891 838.2458 838.2023 838.1579 838.1154 838.0765 838.0405 838.005 837.9685 837.9308 837.8927 837.8555
840.5665 840.5491 840.5227 840.489 840.4497 840.4076 840.3647 840.3221 840.2798 840.2382 840.1974 840.1583 840.1212 840.087 840.0577 840.0347 840.0139 840.0024 839.98 839.9564 839.947 839.9339 839.9003 839.866 839.8323 839.7913 839.7285 839.645 839.5619 839.4991 839.4551 839.405 839.3214 839.1975 839.0515 838.9126 838.8045 838.7367 838.7048 838.6966 838.6981 838.6995 838.6971 838.6916 838.6833 838.6716 838.6559 838.6379 838.619 838.5981 838.5725 838.541 838.5033 838.46 838.415 838.3674 838.3185 838.2711 838.2261 838.1815 838.1367 838.094 838.0541 838.0168 837.9804 837.9437 837.9063 837.8683
840.6101 840.594 840.5709 840.5408 840.505 840.4655 840.4242 840.3822 840.3396 840.2968 840.2542 840.2129 840.1738 840.1373 840.1047 840.0762 840.0509 840.0295 840.0044 839.98 839.98 839.98 839.9493 839.9249 839.8903 839.8522 839.7985 839.7207 839.6304 839.5497 839.4901 839.4401 839.3749 839.2781 839.1531 839.0194 838.8984 838.8044 838.7402 838.7009 838.6786 838.6672 838.6635 838.6654 838.6699 838.6733 838.6725 838.6675 838.6592 838.6459 838.6249 838.5951 838.5571 838.5112 838.46 838.4084 838.3558 838.3035 838.2542 838.2083 838.1632 838.1179 838.074 838.0322 837.9929 837.9552 837.918 837.8806
840.6508 840.635 840.6144 840.588 840.5565 840.5208 840.4822 840.4423 840.4008 840.358 840.3147 840.2722 840.2313 840.1927 840.1567 840.124 840.0939 840.0668 840.0413 840.0202 840.0117 840.0026 839.98 839.9799 839.9422 839.9036 839.859 839.7931 839.7047 839.6107 839.5304 839.4673 839.4069 839.3304 839.2303 839.1146 838.9995 838.8995 838.8215 838.7651 838.7266 838.7028 838.6917 838.6912 838.697 838.7043 838.7094 838.7113 838.71 838.7029 838.6867 838.6599 838.6225 838.5753 838.5197 838.46 838.4021 838.3451 838.2905 838.2404 838.1937 838.1476 838.1005 838.054 838.0096 837.968 837.9288 837.891
840.6897 840.6732 840.6542 840.6311 840.6038 840.5726 840.538 840.501 840.4619 840.4204 840.3776 840.3346 840.2926 840.2522 840.2134 840.177 840.1431 840.1124 840.0857 840.0644 840.0493 840.0356 840.0208 840.0112 839.98 839.944 839.9072 839.8563 839.7794 839.682 839.5834 839.4988 839.4276 839.3574 839.2753 839.1801 839.0805 838.9883 838.9111 838.8505 838.8052 838.7742 838.7563 838.7502 838.752 838.7572 838.7624 838.7667 838.7695 838.7675 838.7564 838.7341 838.6991 838.6519 838.5936 838.5277 838.46 838.3967 838.3369 838.2817 838.2308 838.1818 838.1322 838.0819 838.0325 837.9855 837.9417 837.9011
840.7284 840.7103 840.6918 840.6713 840.6477 840.6209 840.5908 840.5577 840.5219 840.4829 840.4417 840.3993 840.3569 840.3152 840.2742 840.2345 840.1975 840.1639 840.1348 840.1113 840.0916 840.0737 840.0583 840.0435 840.0155 839.98 839.9459 839.9071 839.8472 839.7578 839.6503 839.5443 839.4519 839.3719 839.2943 839.2126 839.1287 839.0495 838.9808 838.9247 838.8808 838.8492 838.8293 838.8198 838.8176 838.8195 838.8232 838.8282 838.8336 838.8362 838.8312 838.8148 838.7849 838.7394 838.68 838.6101 838.5346 838.4601 838.3929 838.3329 838.2778 838.223 838.1682 838.1138 838.0599 838.0078 837.9587 837.9132
840.7689 840.7485 840.7296 840.7104 840.6898 840.6669 840.641 840.6122 840.5802 840.5447 840.5059 840.4648 840.4227 840.3803 840.3378 840.2957 840.2561 840.2197 840.1873 840.1605 840.1371 840.1146 840.0948 840.0766 840.051 840.0166 839.98 839.9468 839.9029 839.828 839.7235 839.605 839.4907 839.3908 839.3033 839.223 839.1477 839.0793 839.0199 838.9709 838.9328 838.9058 838.8892 838.8811 838.8785 838.8793 838.8829 838.889 838.8973 838.9051 838.9073 838.8992 838.8762 838.8356 838.7767 838.7042 838.6234 838.5398 838.4601 838.3926 838.3346 838.2725 838.2096 838.1485 838.0896 838.0331 837.9794 837.929
