backend/lakes/data/Pigeon Lake/pige_dem_tm.asc
ncols         343
nrows         301
xllcorner     554050
yllcorner     5865400
cellsize      50
NODATA_value  -9999
[rows 90 to 119 of 301, columns 136 to 203 of 343]
839.7894 839.845 839.8939 839.9398 839.9799 839.98 839.9802 840.0082 839.9805 839.98 839.9801 839.9802 839.9805 839.9762 839.8429 839.7842 839.8073 839.9781 840.2056 840.4829 840.7961 841.1367 841.5026 841.8931 842.289 842.6714 843.0234 843.316 843.5752 843.8147 844.0361 844.2309 844.3939 844.55 844.7053 844.891 845.0791 845.2923 845.5018 845.7595 846.197 847.1427 848.3481 849.7727 851.7745 853.8842 855.2484 855.9749 856.0623 855.4241 854.2687 -9999 -9999 -9999 -9999 -9999 -9999 -9999 -9999 -9999 -9999 -9999 -9999 -9999 -9999 -9999 -9999 -9999
839.7448 839.7976 839.8453 839.8878 839.9207 839.9334 839.9502 839.9797 839.921 839.8785 839.8498 839.8287 839.8091 839.7761 839.686 839.6342 839.6592 839.7869 839.9795 840.2159 840.4934 840.8018 841.1377 841.5007 841.8838 842.2761 842.6713 843.0248 843.3141 843.5714 843.8116 844.0348 844.2279 844.3992 844.5567 844.8032 845.0009 845.1868 845.3923 845.6198 846.0337 846.7802 847.8692 848.8048 850.2365 852.4967 854.3247 855.4666 855.5548 854.6164 854.0771 854.0462 -9999 -9999 -9999 -9999 -9999 -9999 -9999 -9999 -9999 -9999 -9999 -9999 -9999 -9999 -9999 853.6838
839.7017 839.7495 839.7922 839.8291 839.8568 839.8718 839.8817 839.8816 839.8333 839.7804 839.7333 839.6904 839.647 839.5957 839.5298 839.4937 839.5187 839.6179 839.7766 839.9799 840.2211 840.4963 840.8033 841.1396 841.4996 841.8779 842.307 842.6988 843.0274 843.3038 843.5646 843.8345 844.0886 844.3235 844.5512 844.7801 844.9536 845.0923 845.2432 845.4358 845.7039 846.1544 846.903 847.6631 848.772 850.6974 852.6437 853.9252 854.3407 854.0626 854.1351 854.5848 855.7225 857.0582 -9999 -9999 -9999 -9999 -9999 -9999 -9999 -9999 -9999 -9999 -9999 -9999 854.0074 853.5946
839.6617 839.7034 839.7391 839.7687 839.7896 839.7983 839.7957 839.7775 839.7334 839.6797 839.6239 839.5663 839.506 839.4444 839.3885 839.3624 839.3855 839.4659 839.597 839.7701 839.9797 840.2228 840.5027 840.8257 841.182 841.5418 841.9951 842.3959 842.736 843.0286 843.3017 843.6277 843.9467 844.2502 844.5425 844.7293 844.8831 844.9977 845.1013 845.2238 845.4017 845.6743 846.1213 846.7164 847.5618 848.8577 850.5156 851.9767 852.8644 853.3411 854.1426 855.3195 856.3459 857.5415 858.0972 -9999 -9999 -9999 -9999 -9999 -9999 -9999 -9999 -9999 854.9924 854.6287 854.0819 853.6272
839.6265 839.6625 839.6906 839.712 839.7247 839.7246 839.7103 839.681 839.6365 839.5831 839.5242 839.4591 839.3896 839.3222 839.2687 839.2458 839.2654 839.3315 839.4406 839.5866 839.766 839.9795 840.2344 840.5588 840.9789 841.4536 841.7966 842.1379 842.4696 842.7761 843.0551 843.4293 843.7721 844.0865 844.3589 844.5526 844.7378 844.8726 844.9685 845.0595 845.1692 845.3429 845.6311 846.0624 846.6517 847.4814 848.5036 849.6234 850.7618 851.9238 853.336 854.6685 855.7334 856.6681 857.5098 856.6526 855.5722 -9999 -9999 -9999 -9999 -9999 -9999 855.2689 855.185 854.8694 854.3565 853.6929
839.5959 839.6282 839.6499 839.6638 839.6686 839.6604 839.637 839.5995 839.5516 839.4974 839.4376 839.3704 839.2972 839.2271 839.1732 839.149 839.1636 839.2178 839.3088 839.4319 839.5834 839.7634 839.9802 840.2678 840.6847 841.1313 841.4985 841.8453 842.2069 842.5916 842.9985 843.2897 843.5814 843.8829 844.1498 844.3617 844.5516 844.7184 844.8348 844.9312 845.0216 845.1349 845.321 845.621 846.0555 846.6238 847.3657 848.188 848.8886 850.0802 851.5969 852.862 854.725 855.8971 856.3779 855.5018 854.4904 854.1205 -9999 -9999 -9999 -9999 855.1923 855.2694 855.1608 854.8383 854.2217 853.2544
839.5693 839.6002 839.6181 839.6263 839.6251 839.6109 839.5809 839.537 839.4844 839.4276 839.3668 839.2996 839.2268 839.156 839.1008 839.0739 839.0823 839.1266 839.2035 839.3097 839.4419 839.5992 839.7819 840.0021 840.394 840.7917 841.1514 841.5014 841.8745 842.2737 842.6824 843.0255 843.326 843.6519 843.938 844.1729 844.3739 844.5505 844.6921 844.8231 844.923 845.012 845.1339 845.3339 845.644 846.0851 846.7014 847.4292 847.7507 848.3933 849.6394 851.3324 853.267 854.583 854.6336 854.0383 853.4998 853.4998 853.8512 -9999 854.4277 854.8011 854.9807 854.9392 854.7209 854.2787 853.4969 852.2615
839.5455 839.5772 839.5939 839.599 839.5941 839.5766 839.5431 839.4946 839.437 839.3759 839.3129 839.2458 839.1743 839.1045 839.0483 839.0182 839.0205 839.0559 839.1217 839.2163 839.3403 839.499 839.704 839.9684 840.2081 840.5 840.8105 841.1417 841.5004 841.8878 842.2996 842.7067 843.0587 843.4346 843.7391 843.9946 844.2168 844.4059 844.5543 844.7309 844.8495 844.9318 845.0189 845.1531 845.3667 845.6834 846.1112 846.6193 846.9437 847.4381 848.4452 849.9344 851.5402 852.64 852.7428 852.4012 852.2847 852.626 853.0193 853.375 853.9506 854.3812 854.4064 854.0867 853.6434 853.046 852.1018 850.5273
839.5234 839.5573 839.5751 839.5793 839.573 839.5545 839.5205 839.4698 839.4082 839.3423 839.2754 839.2072 839.1364 839.0676 839.0109 838.9774 838.9736 839.0004 839.0558 839.1387 839.2507 839.3966 839.579 839.7885 839.982 840.22 840.4869 840.7969 841.1371 841.5034 841.9253 842.4526 842.9783 843.2885 843.5555 843.8249 844.0829 844.3262 844.5461 844.6747 844.7794 844.8581 844.9344 845.0366 845.1904 845.4185 845.728 846.0878 846.4019 846.7365 847.4756 848.5173 849.6211 850.3846 850.7568 850.8423 851.1647 851.7068 852.0325 852.3819 853.0718 853.5416 853.2936 852.5273 851.6768 850.9159 850.1605 849.1697
839.5024 839.5384 839.5592 839.5646 839.5582 839.5403 839.5077 839.4578 839.3942 839.3241 839.2526 839.1812 839.1097 839.0411 838.9832 838.946 838.936 838.954 838.9983 839.0677 839.1634 839.2881 839.4409 839.6115 839.7838 839.9797 840.2036 840.5038 840.8362 841.1863 841.5648 842.1233 842.6461 843.0242 843.3162 843.6313 843.9318 844.2009 844.4187 844.5511 844.6693 844.7622 844.8493 844.9476 845.0742 845.2463 845.478 845.7579 846.0377 846.1544 846.6665 847.3582 847.9905 848.448 848.7092 849.2246 849.9412 850.5754 850.9786 851.3602 851.8461 851.9664 851.3406 850.3453 849.4278 849.001 848.5728 848.0162
839.4824 839.5197 839.5439 839.5524 839.547 839.5303 839.4999 839.4525 839.3896 839.317 839.241 839.1654 839.0914 839.0214 838.9611 838.9194 838.9026 838.9117 838.9446 839 839.0781 839.1818 839.3115 839.4619 839.6252 839.8022 839.9909 840.2926 840.6254 841.0065 841.4558 841.8625 842.3016 842.709 843.0593 843.4412 843.7806 844.0721 844.2963 844.4427 844.5504 844.6496 844.7592 844.8667 844.9821 845.118 845.2834 845.4707 845.6498 845.7826 846.0995 846.5345 846.8654 847.1912 847.5145 848.0477 848.98 849.5765 849.8916 850.1426 850.3831 850.2935 849.2823 848.4196 847.916 847.6708 847.4522 847.1633
839.4639 839.501 839.5284 839.5409 839.5377 839.5219 839.4935 839.4494 839.3888 839.3158 839.2366 839.1565 839.0786 839.0057 838.9418 838.8946 838.8706 838.8708 838.8929 838.9348 838.9967 839.0823 839.196 839.3392 839.5126 839.7225 839.9712 840.1693 840.4301 840.7555 841.1331 841.5042 841.9321 842.4252 842.9672 843.3087 843.6494 843.9569 844.1974 844.3578 844.465 844.5512 844.6791 844.7932 844.9005 845.0108 845.13 845.2603 845.3829 845.5187 845.7494 846.0378 846.1451 846.4651 846.8928 847.5498 848.44 848.7772 848.8705 848.9271 848.9628 848.7769 848.0712 847.4279 847.0647 846.8938 846.7654 846.6033
839.4481 839.4838 839.5126 839.5293 839.5298 839.5153 839.4879 839.4462 839.3884 839.3168 839.2361 839.1521 839.0696 838.9924 838.9243 838.8713 838.8396 838.8314 838.8439 838.8739 838.9211 838.9904 839.0892 839.222 839.3896 839.5878 839.7997 839.981 840.2001 840.4662 840.7822 841.1218 841.5117 842.0048 842.6023 843.0668 843.491 843.8335 844.1025 844.2874 844.4202 844.5488 844.6367 844.7294 844.8232 844.9158 845.0093 845.1049 845.2097 845.3218 845.4797 845.6576 845.7931 846.0717 846.4585 847.0155 847.64 847.9556 848.0563 848.0665 848.0074 847.7834 847.3206 846.871 846.6112 846.4898 846.4003 846.276
839.4353 839.4697 839.498 839.5175 839.5223 839.5103 839.4838 839.4431 839.3876 839.3177 839.2368 839.15 839.063 838.9812 838.9086 838.8502 838.8116 838.7957 838.7999 838.8202 838.855 838.9091 838.9916 839.1093 839.2611 839.4385 839.6232 839.7957 839.98 840.1918 840.4731 840.7938 841.161 841.6036 842.2931 842.9451 843.3425 843.6812 843.9729 844.1783 844.3165 844.4425 844.5499 844.6487 844.7399 844.8254 844.9071 844.991 845.0807 845.186 845.3041 845.4296 845.5641 845.7803 846.0838 846.5037 846.9531 847.2506 847.393 847.4236 847.3589 847.1749 846.8687 846.5776 846.3785 846.2897 846.214 846.0768
839.4244 839.4591 839.4865 839.5067 839.5153 839.5067 839.4816 839.4414 839.3868 839.3182 839.2378 839.1494 839.059 838.9728 838.8958 838.8329 838.7889 838.7668 838.7646 838.7777 838.803 838.8436 838.9098 839.0103 839.1458 839.3066 839.4786 839.6492 839.8185 839.9874 840.2487 840.5607 840.9512 841.446 841.9691 842.5408 843.019 843.4207 843.7766 844.014 844.1559 844.2854 844.424 844.5497 844.6508 844.7364 844.8169 844.8977 844.9873 845.0869 845.1944 845.3033 845.4224 845.5864 845.806 846.0893 846.4294 846.7043 846.8759 846.941 846.9108 846.7882 846.5984 846.408 846.2752 846.18 846.078 845.8843
839.414 839.4507 839.4786 839.4988 839.509 839.5042 839.4814 839.4419 839.3873 839.319 839.2385 839.1495 839.0573 838.9678 838.8872 838.8208 838.7736 838.7477 838.7416 838.7502 838.7692 838.7999 838.8517 838.9359 839.056 839.2063 839.3767 839.5613 839.7616 839.9748 840.1234 840.3665 840.6965 841.0955 841.5195 842.0363 842.578 843.0854 843.5413 843.8169 843.9584 844.0887 844.257 844.4219 844.5498 844.6483 844.7321 844.8175 844.9103 845.0146 845.1237 845.2314 845.3428 845.4751 845.6405 845.8443 846.0836 846.3209 846.4953 846.5778 846.5873 846.5211 846.408 846.2968 846.1872 846.0787 845.9102 845.6776
839.4034 839.4423 839.4729 839.4938 839.5045 839.502 839.4822 839.4443 839.3899 839.3208 839.2397 839.1504 839.0574 838.9664 838.8837 838.8149 838.7655 838.7383 838.7313 838.7394 838.756 838.7808 838.8222 838.8925 838.9984 839.1381 839.3044 839.4907 839.686 839.8648 839.9833 840.1869 840.448 840.7565 841.1028 841.5375 842.144 842.8649 843.325 843.6091 843.7545 843.8776 844.058 844.2588 844.424 844.5497 844.6489 844.7406 844.8408 844.9513 845.0689 845.1842 845.2966 845.4149 845.55 845.7102 845.8931 846.0811 846.2369 846.2997 846.344 846.3179 846.2426 846.1901 846.0797 845.9224 845.7147 845.4567
839.3937 839.4335 839.4672 839.4907 839.5024 839.5009 839.4833 839.4476 839.3943 839.3245 839.2419 839.1517 839.059 838.9686 838.8856 838.8157 838.7649 838.7375 838.7323 838.743 838.7618 838.7861 838.8223 838.8824 838.9753 839.1022 839.2595 839.441 839.6349 839.8198 839.978 840.082 840.2554 840.4869 840.7604 841.1082 841.5755 842.2512 842.9141 843.3297 843.555 843.6863 843.8541 844.0659 844.2565 844.4149 844.5493 844.6584 844.7668 844.885 845.0106 845.1366 845.2565 845.3726 845.4932 845.6277 845.7797 845.9396 846.0772 846.0834 846.17 846.1654 846.0822 846.0775 845.9349 845.7399 845.5074 845.2382
839.3852 839.4253 839.4609 839.4878 839.5017 839.5013 839.4851 839.4512 839.3992 839.3298 839.246 839.1542 839.0615 838.9733 838.8925 838.8231 838.7717 838.744 838.741 838.7568 838.7826 838.8122 838.8488 838.9039 838.9864 839.099 839.2417 839.4111 839.594 839.7653 839.8992 839.981 840.1176 840.2992 840.5266 840.8101 841.1675 841.6139 842.2795 842.9817 843.3606 843.5391 843.6816 843.8603 844.0465 844.2218 844.3928 844.5487 844.6763 844.8031 844.9363 845.0711 845.1995 845.3187 845.4328 845.5499 845.6754 845.8048 845.9178 845.9834 846.0789 846.0791 845.9878 845.9068 845.7477 845.538 845.2953 845.0372
839.377 839.4188 839.4552 839.4844 839.5013 839.5028 839.4877 839.4547 839.4037 839.3355 839.2518 839.1586 839.0655 838.9799 838.9035 838.837 838.7859 838.7573 838.7554 838.7769 838.8125 838.8528 838.8964 838.9517 839.0277 839.1271 839.2521 839.4036 839.5713 839.7308 839.8661 839.9792 840.0547 840.1848 840.4003 840.6793 841.0162 841.3857 841.7991 842.6118 843.1309 843.41 843.5482 843.6571 843.8 843.9714 844.1716 844.3667 844.5483 844.6958 844.8373 844.9781 845.1127 845.2346 845.3447 845.449 845.5531 845.6569 845.7527 845.8312 845.9031 845.9071 845.8352 845.7244 845.5548 845.3345 845.0774 844.7986
839.3678 839.4127 839.4508 839.4813 839.5006 839.5043 839.4908 839.4586 839.4078 839.3403 839.2583 839.1655 839.072 838.988 838.9167 838.8562 838.8076 838.7785 838.7762 838.8018 838.8476 838.9021 838.9584 839.0197 839.0939 839.1833 839.2905 839.4197 839.5653 839.7032 839.8176 839.9084 839.9797 840.0864 840.3231 840.6486 841.049 841.5004 841.952 841.9113 842.7708 843.2183 843.4133 843.4462 843.5224 843.6789 843.915 844.1332 844.3555 844.5486 844.7098 844.8578 844.9937 845.1146 845.219 845.3125 845.4013 845.4854 845.5646 845.6355 845.6912 845.6995 845.6444 845.5347 845.3702 845.1537 844.8871 844.5684
839.3571 839.405 839.4466 839.4788 839.4996 839.5052 839.4934 839.4626 839.4119 839.3441 839.2637 839.1737 839.0814 838.9983 838.9312 838.8778 838.8354 838.8082 838.8056 838.8332 838.8879 838.9576 839.0302 839.1026 839.1794 839.2633 839.3546 839.4597 839.5784 839.6892 839.7758 839.8406 839.8972 839.9832 840.2339 840.5863 840.9886 841.3538 841.5387 841.5461 842.2213 842.9297 843.2354 843.1877 843.213 843.379 843.6746 843.9111 844.1406 844.3564 844.549 844.7129 844.8516 844.9655 845.0588 845.1421 845.2186 845.2901 845.355 845.4137 845.4592 845.4703 845.4291 845.3326 845.1892 844.9967 844.7728 844.5249
839.3452 839.3958 839.4407 839.4758 839.4984 839.5056 839.4951 839.4658 839.416 839.3475 839.2676 839.1813 839.0927 839.011 838.9465 838.8998 838.8662 838.8456 838.8455 838.8754 838.9369 839.0205 839.1104 839.197 839.2803 839.3618 839.4407 839.5228 839.6124 839.6962 839.757 839.8075 839.8696 839.9783 840.1387 840.4538 840.81 841.047 841.139 841.212 841.6248 842.3784 842.9965 842.8468 842.933 843.1802 843.4485 843.6832 843.9134 844.1412 844.3579 844.5491 844.6974 844.8052 844.8788 844.9502 845.0175 845.0779 845.1331 845.1812 845.2183 845.2288 845.1931 845.1057 844.9851 844.7933 844.5502 844.2581
839.3313 839.3849 839.4326 839.4709 839.4958 839.5048 839.4954 839.467 839.4189 839.3509 839.2703 839.1865 839.1035 839.0259 838.9628 838.9204 838.8961 838.8864 838.8946 838.9302 838.9988 839.0945 839.2006 839.3021 839.3934 839.4748 839.5439 839.6052 839.6656 839.7219 839.7582 839.788 839.8293 839.8936 839.9859 840.2543 840.5402 840.7247 840.8112 840.9001 841.2021 841.7863 842.6523 842.4492 842.8193 843.1029 843.2942 843.4731 843.6908 843.9284 844.1637 844.3796 844.5498 844.6559 844.7002 844.7618 844.8188 844.8685 844.912 844.9513 844.9812 844.9877 844.9471 844.8481 844.7626 844.5509 844.2733 843.9509
839.3149 839.3722 839.4225 839.4633 839.4907 839.5016 839.4934 839.4657 839.4189 839.3527 839.2723 839.1896 839.1119 839.0406 838.9806 838.9402 838.923 838.9261 838.9485 838.9958 839.0747 839.182 839.3027 839.418 839.5172 839.5983 839.6584 839.7006 839.733 839.7605 839.7767 839.7866 839.8148 839.8749 839.9786 840.1163 840.3183 840.4792 840.5564 840.6317 840.8567 841.2842 841.9254 842.6864 842.9988 843.147 843.1273 843.2538 843.4872 843.7445 844.0042 844.2462 844.4376 844.5494 844.5508 844.6126 844.6534 844.6842 844.7114 844.7366 844.7582 844.7625 844.7164 844.5626 844.5338 844.2842 843.9736 843.6358
839.2964 839.3566 839.4102 839.4532 839.4824 839.4949 839.4885 839.4615 839.4152 839.351 839.2727 839.191 839.1168 839.0526 838.9982 838.9601 838.9471 838.9617 839.0013 839.0666 839.1608 839.2819 839.416 839.5431 839.649 839.7284 839.7766 839.8008 839.8062 839.8049 839.8022 839.7949 839.8052 839.8436 839.9064 839.9824 840.1566 840.3006 840.3824 840.4406 840.5684 840.8629 841.3322 841.9354 842.7407 842.9792 842.8322 842.9989 843.3295 843.6296 843.9258 844.1793 844.3707 844.483 844.5171 844.55 844.5501 844.5502 844.5503 844.5504 844.5505 844.5513 844.5386 844.3474 844.1947 843.9523 843.6677 843.3591
839.2756 839.3385 839.3947 839.4402 839.4712 839.4848 839.4797 839.4543 839.4081 839.345 839.2695 839.19 839.1185 839.0601 839.0129 838.9796 838.9699 838.9928 839.0489 839.135 839.2494 839.3872 839.535 839.6717 839.7818 839.8594 839.8879 839.897 839.8765 839.8496 839.8249 839.8066 839.7981 839.8179 839.88 839.979 840.0883 840.1868 840.2678 840.3033 840.3902 840.5475 840.871 841.3262 841.9286 842.6763 842.4894 842.9074 843.3049 843.6268 843.9052 844.142 844.3235 844.4381 844.4937 844.5204 844.5141 844.4921 844.4575 844.4109 844.3545 844.2902 844.2002 844.0176 843.8281 843.6122 843.4017 843.196
839.2524 839.3181 839.3759 839.4235 839.4563 839.471 839.4667 839.4426 839.3978 839.3352 839.2621 839.1856 839.1163 839.0618 839.0217 838.9952 838.9904 839.0198 839.0889 839.1948 839.3309 839.4879 839.6496 839.793 839.9003 839.9796 839.9802 839.9799 839.9359 839.8896 839.8489 839.8105 839.7813 839.7758 839.8066 839.8864 839.98 840.098 840.1714 840.233 840.2522 840.3683 840.5435 840.8798 841.3308 841.921 842.6674 843.046 843.3344 843.6049 843.8381 844.0563 844.2292 844.3466 844.4207 844.4619 844.4629 844.4292 844.3638 844.2667 844.1411 843.9982 843.8423 843.6521 843.4716 843.2906 843.1687 843.0316
839.228 839.2947 839.3544 839.403 839.437 839.4532 839.4495 839.4264 839.3832 839.3217 839.2501 839.1769 839.1101 839.058 839.0227 839.0034 839.0051 839.0404 839.1191 839.2404 839.3956 839.5717 839.748 839.8954 839.9803 840.0446 840.0535 840.0352 839.9801 839.9274 839.8778 839.8193 839.7522 839.702 839.6982 839.7466 839.8513 839.9796 840.0912 840.1548 840.1929 840.2196 840.3545 840.5521 840.881 841.3246 841.9035 842.6747 843.0295 843.35 843.575 843.8227 844.0068 844.1284 844.2291 844.3082 844.3331 844.301 844.2186 844.0844 843.9015 843.6938 843.5048 843.3116 843.1815 843.0344 843.0294 842.9705
839.2021 839.2695 839.3296 839.3793 839.4139 839.4309 839.4283 839.4061 839.3645 839.3042 839.2334 839.1628 839.0991 839.0491 839.0162 839.0018 839.0099 839.0509 839.1357 839.2661 839.4338 839.624 839.8163 839.9794 840.0494 840.0951 840.1109 840.0973 840.048 839.9802 839.9222 839.839 839.7182 839.6021 839.5433 839.5652 839.6606 839.8177 839.9792 840.0887 840.0998 840.1193 840.199 840.3346 840.5426 840.8429 841.2402 841.7393 842.2738 842.7496 842.9858 843.359 843.5747 843.6954 843.8438 843.9985 844.0677 844.0532 843.9785 843.8384 843.6293 843.3812 843.2196 843.0377 843.0279 842.9604 842.9656 842.9635
