backend/lakes/data/Hilda Lake/hild_dem_tm.asc
ncols         84
nrows         107
xllcorner     793450
yllcorner     6046150
cellsize      50
NODATA_value  -9999
[rows 30 to 59 of 107, columns 0 to 67 of 84]
-9999 -9999 -9999 -9999 -9999 -9999 -9999 -9999 -9999 -9999 -9999 -9999 -9999 -9999 -9999 -9999 -9999 -9999 -9999 -9999 -9999 -9999 -9999 -9999 -9999 -9999 -9999 -9999 -9999 -9999 -9999 -9999 -9999 -9999 -9999 -9999 -9999 -9999 -9999 564.1664 563.2649 561.6874 559.2722 556.0167 552.2987 548.7997 545.9746 544.0961 543.0817 542.5183 541.8846 540.9612 539.58 537.5385 535.0556 532.8369 531.9493 532.9416 535.8688 539.8601 543.8629 546.9481 548.4246 548.0719 546.9172 545.8955 -9999 -9999
-9999 -9999 -9999 -9999 -9999 -9999 -9999 -9999 -9999 -9999 -9999 -9999 -9999 -9999 -9999 -9999 -9999 -9999 -9999 -9999 -9999 -9999 -9999 -9999 -9999 -9999 -9999 -9999 -9999 -9999 -9999 -9999 -9999 -9999 -9999 -9999 -9999 -9999 561.2258 561.0958 560.4922 558.8939 556.1073 552.3041 548.1729 544.5336 541.7938 540.1385 539.4201 539.1553 538.89 538.5121 537.7893 536.3707 534.4461 532.6128 531.9108 532.9588 535.7834 539.5795 543.3426 546.1441 547.2779 547.1222 546.1545 545.3361 -9999 -9999
-9999 -9999 -9999 -9999 -9999 -9999 -9999 -9999 -9999 -9999 -9999 -9999 -9999 -9999 -9999 -9999 -9999 -9999 -9999 -9999 -9999 -9999 -9999 -9999 -9999 -9999 -9999 -9999 -9999 -9999 -9999 -9999 -9999 -9999 -9999 -9999 -9999 -9999 558.2628 558.4255 558.0207 556.344 553.2156 549.0129 544.7552 541.1685 538.6212 537.2362 536.8314 536.759 536.6363 536.5179 536.1896 535.2775 533.927 532.5668 532.0242 533.2548 536.0605 539.7278 543.2927 545.7852 546.377 546.9124 546.0237 545.278 -9999 -9999
-9999 -9999 -9999 -9999 -9999 -9999 -9999 -9999 -9999 -9999 -9999 -9999 -9999 -9999 -9999 -9999 -9999 -9999 -9999 -9999 -9999 -9999 -9999 -9999 -9999 -9999 -9999 -9999 -9999 -9999 -9999 -9999 -9999 -9999 -9999 -9999 -9999 -9999 555.8361 556.0671 555.6697 553.9545 550.6821 546.3909 542.2194 538.8135 536.4991 535.3723 535.2136 535.2661 535.1805 535.1553 535.0035 534.424 533.604 532.7609 532.3793 533.8915 536.8054 540.4665 543.9971 546.5063 547.4355 547.4196 546.4184 545.7222 -9999 -9999
-9999 -9999 -9999 -9999 -9999 -9999 -9999 -9999 -9999 -9999 -9999 -9999 -9999 -9999 -9999 -9999 -9999 -9999 -9999 -9999 -9999 -9999 -9999 -9999 -9999 -9999 -9999 -9999 -9999 -9999 -9999 -9999 -9999 -9999 -9999 -9999 -9999 -9999 554.007 554.0963 553.5714 551.9326 548.6927 544.5746 540.647 537.486 535.3939 534.4811 534.3825 534.5774 534.7412 534.8394 534.6198 534.019 533.2017 532.8182 533.1913 535.0167 538.0495 541.7821 545.4128 548.0208 549.0899 548.8158 547.7229 546.8785 -9999 -9999
-9999 -9999 -9999 -9999 -9999 -9999 -9999 -9999 -9999 -9999 -9999 -9999 -9999 -9999 -9999 -9999 -9999 -9999 -9999 -9999 -9999 -9999 -9999 -9999 -9999 -9999 -9999 -9999 -9999 -9999 -9999 -9999 -9999 -9999 -9999 -9999 -9999 -9999 553.1055 552.9976 552.2554 550.7756 547.6748 543.7247 540.004 537.086 535.221 534.427 534.3953 534.756 535.1531 535.4257 535.1516 534.5795 533.8936 533.5693 534.4499 536.5459 539.7239 543.5597 547.3059 550.0551 551.2203 550.8879 549.837 549.0154 -9999 -9999
-9999 -9999 -9999 -9999 -9999 -9999 -9999 -9999 -9999 -9999 -9999 -9999 -9999 -9999 -9999 -9999 -9999 -9999 -9999 -9999 -9999 -9999 -9999 -9999 -9999 -9999 -9999 -9999 -9999 -9999 -9999 -9999 553.0346 552.6402 -9999 -9999 -9999 -9999 552.9963 552.9846 552.5851 550.9102 547.7183 543.7527 540.1292 537.4323 535.7712 535.0296 535.0739 535.6398 536.327 536.6721 536.4092 535.8144 535.2395 535.0966 536.1732 538.4362 541.7609 545.6958 549.4908 552.2531 553.5071 553.2911 552.4474 -9999 -9999 -9999
-9999 -9999 -9999 -9999 -9999 -9999 -9999 -9999 -9999 -9999 -9999 -9999 -9999 -9999 -9999 -9999 -9999 -9999 -9999 -9999 -9999 -9999 -9999 564.6516 562.2137 559.25 556.4089 554.1451 -9999 552.124 552.0262 552.0432 551.9977 551.8947 551.8657 552.0292 552.5059 -9999 553.3523 553.4378 553.3411 551.5385 548.2175 544.1932 540.5793 538.0485 536.5682 536.0013 536.1733 536.8595 537.5735 537.8336 537.6243 537.0443 536.6731 536.816 538.1005 540.5979 544.0912 548.0267 551.5543 554.0027 555.4758 555.6494 555.1118 -9999 -9999 -9999
-9999 -9999 -9999 -9999 -9999 -9999 -9999 -9999 -9999 -9999 -9999 -9999 -9999 -9999 -9999 -9999 -9999 -9999 -9999 -9999 -9999 563.0794 563.0546 561.546 559.0209 556.2358 553.8248 552.2062 551.3607 551.288 551.3568 551.3832 551.4314 551.6002 551.9703 552.4508 553.1234 553.8444 554.2698 554.5873 554.2516 552.1899 548.6722 544.5782 541.0109 538.7042 537.5519 537.0931 537.3743 537.9341 538.369 538.4764 538.3048 537.9774 537.8965 538.4552 540.178 543.0502 546.7016 550.4558 553.38 554.874 556.7414 557.4235 557.2881 -9999 -9999 -9999
-9999 -9999 -9999 -9999 -9999 -9999 -9999 -9999 -9999 -9999 -9999 -9999 -9999 -9999 -9999 -9999 -9999 -9999 -9999 559.1666 560.5769 561.1843 560.4864 558.5695 555.9781 553.4163 551.4919 550.5732 550.4131 550.7184 550.8231 550.7589 550.8372 551.2465 552.0118 552.996 554.0355 554.9351 555.4629 555.7799 554.9178 552.5056 548.7549 544.5994 541.1395 539.046 538.1328 538.0105 538.4312 538.9234 539.136 539.0874 538.9871 538.9221 539.223 540.3608 542.6573 545.9205 549.6907 553.2075 555.6731 556.7968 557.8794 558.4786 -9999 -9999 -9999 -9999
-9999 -9999 -9999 -9999 -9999 -9999 -9999 -9999 -9999 -9999 -9999 -9999 -9999 -9999 -9999 -9999 -9999 -9999 557.787 558.8167 559.5704 559.3799 558.0268 555.7393 553.0927 550.7393 549.2836 548.9238 549.1749 549.5376 549.597 549.5304 549.6825 550.4193 551.7412 553.3762 554.9184 556.0435 556.6417 556.7028 555.3221 552.4174 548.4013 544.2443 541.03 539.2047 538.5969 538.8353 539.4772 539.9761 540.182 540.0089 539.9542 540.1791 541.0236 542.8327 545.6537 549.1634 552.8213 555.907 557.795 558.317 558.6915 559.0267 -9999 -9999 -9999 -9999
-9999 -9999 -9999 -9999 -9999 -9999 -9999 -9999 -9999 -9999 -9999 -9999 -9999 -9999 -9999 -9999 -9999 557.2863 557.4797 557.9309 558.0325 557.2306 555.3986 552.9004 550.305 548.2029 547.1541 547.103 547.4376 547.6639 547.5164 547.2639 547.5082 548.7352 550.8693 553.3732 555.5436 556.9204 557.4347 556.9976 555.1842 551.874 547.7015 543.7466 540.9506 539.5011 539.147 539.6938 540.5288 540.9603 541.0607 541.023 541.2556 541.9863 543.4791 545.8763 549.0195 552.4745 555.7123 558.1525 559.3229 559.1335 559.0092 -9999 -9999 -9999 -9999 -9999
-9999 -9999 -9999 -9999 -9999 -9999 -9999 -9999 -9999 -9999 -9999 -9999 -9999 -9999 -9999 -9999 557.4287 556.8456 556.5706 556.438 555.9207 554.621 552.5381 549.9998 547.6628 545.9958 545.3182 545.2635 545.4464 545.4547 545.1238 544.8786 545.4666 547.1238 549.9001 553.1427 555.8587 557.4359 557.8246 556.9332 554.6308 551.02 546.8199 543.2109 540.9817 540.0366 540.0757 540.761 541.4045 541.8235 541.9591 542.2224 543.0148 544.3881 546.4511 549.1867 552.2834 555.317 557.852 559.4664 559.8168 559.3741 558.9527 -9999 -9999 -9999 -9999 -9999
-9999 -9999 -9999 -9999 -9999 -9999 -9999 -9999 -9999 -9999 -9999 -9999 -9999 -9999 -9999 -9999 556.4404 555.633 555.0364 554.4205 553.3596 551.6484 549.5471 547.2941 545.5651 544.4845 544.1971 543.9413 543.8104 543.655 543.3893 543.3598 544.1677 546.4225 549.5266 553.1396 556.121 557.7837 557.9979 556.6671 553.8862 549.9946 545.8263 542.6524 541.1138 540.8258 541.2433 541.9364 542.2857 542.4734 542.7787 543.5533 545.019 546.9766 549.3888 552.102 554.8427 557.2347 558.9028 559.5635 559.2663 558.4401 -9999 -9999 -9999 -9999 -9999 -9999
-9999 -9999 -9999 -9999 -9999 -9999 -9999 -9999 -9999 -9999 -9999 -9999 -9999 -9999 -9999 556.2499 555.0867 553.9775 553.0585 552.0154 550.5586 548.7156 546.8159 545.1958 543.9369 543.1723 543.0335 543.0228 543.0097 542.812 542.6019 542.7843 543.8415 546.2856 549.7367 553.4695 556.4725 558.0575 558.0675 556.3453 553.1264 548.9584 544.8517 542.1336 541.5134 541.9294 542.744 543.3836 543.4244 543.1784 543.5767 544.8344 546.719 548.937 551.3312 553.7709 556.0536 557.8694 558.896 558.8052 557.8954 -9999 -9999 -9999 -9999 -9999 -9999 -9999
-9999 -9999 -9999 -9999 -9999 -9999 -9999 -9999 -9999 -9999 -9999 -9999 -9999 -9999 -9999 554.8415 553.4655 552.0932 550.8404 549.5245 547.9809 546.3245 544.9266 543.7679 542.8846 542.3716 542.4088 542.7202 543 542.8527 542.7439 543.1555 544.4988 546.9852 550.3846 553.9318 556.7271 558.0743 557.7979 555.723 552.2223 547.9424 543.9741 541.6954 542.1583 543.36 544.3653 544.5538 543.8909 543.8685 544.4448 545.7056 547.5287 549.4861 551.4846 553.5245 555.5363 557.168 557.9068 557.4999 -9999 -9999 -9999 -9999 -9999 -9999 -9999 -9999
-9999 -9999 -9999 -9999 -9999 -9999 -9999 -9999 -9999 -9999 -9999 -9999 -9999 -9999 -9999 553.0211 551.5916 550.0953 548.6887 547.323 545.9744 544.9406 543.792 542.9585 542.3013 541.9612 542.1656 542.8345 543.5991 543.5879 543.6941 544.3783 545.8267 548.0881 550.9576 553.8383 556.0581 557.0325 556.3445 554.2117 550.7836 546.768 543.2546 541.6051 542.7656 544.4417 545.6755 546.0106 545.0152 544.2996 544.6999 545.7511 547.0876 548.4104 549.9946 551.7833 553.7553 555.5021 556.4834 556.188 555.3692 554.9322 -9999 -9999 -9999 -9999 -9999 -9999
-9999 -9999 -9999 -9999 -9999 -9999 -9999 -9999 -9999 -9999 -9999 -9999 -9999 -9999 551.909 550.7949 549.5751 548.2183 546.9202 545.7042 544.7436 544.3533 543.3062 542.7123 542.3078 541.9896 542.1874 543.0229 544.0995 544.7774 545.5378 546.2991 547.4763 548.8992 550.6441 552.3788 553.6573 554.1289 553.4044 551.4048 548.4427 545.1261 542.5729 541.9493 542.7439 544.0976 545.2057 545.5253 545.505 544.8726 544.6901 544.8408 545.336 546.1364 547.3989 549.0703 551.1696 553.2062 554.6254 554.9588 554.721 554.5668 -9999 -9999 -9999 -9999 -9999 -9999
-9999 -9999 -9999 -9999 -9999 -9999 -9999 -9999 -9999 -9999 -9999 -9999 -9999 -9999 -9999 548.6046 547.8231 546.8061 545.7379 544.8188 544.3746 543.9841 543.4718 543.1805 543.0017 542.5372 542.564 543.6357 545.3284 546.9572 548.0752 548.6771 548.9644 548.6113 548.8216 549.3376 549.7198 549.7717 549.137 547.5184 545.3121 543.0005 541.4608 541.0927 541.6021 542.5136 543.3124 543.7589 543.8781 543.537 543.1345 542.9688 543.0756 543.5355 544.5043 546.0314 548.1979 550.5378 552.4755 553.5741 554.0084 554.2754 554.5405 -9999 -9999 -9999 -9999 -9999
-9999 -9999 -9999 -9999 -9999 -9999 -9999 -9999 -9999 -9999 -9999 -9999 -9999 -9999 -9999 547.2222 547.035 546.2554 545.2325 544.3095 544.1635 544.0331 544.1086 544.3406 544.3813 543.5294 543.1407 544.7428 547.1706 549.4202 550.5296 550.3041 548.8695 547.0549 546.1097 545.756 545.5942 545.3811 544.8488 543.6094 542.1682 540.8992 540.108 539.9462 540.1695 540.6509 541.1396 541.5865 541.7415 541.4193 541.0396 540.8799 540.9848 541.3083 542.0177 543.3221 545.3093 547.7361 550.0935 551.8923 553.0582 553.8677 554.2959 -9999 -9999 -9999 -9999 -9999
-9999 -9999 -9999 -9999 -9999 -9999 -9999 -9999 -9999 -9999 -9999 -9999 -9999 -9999 -9999 548.9656 548.5786 547.6451 546.4661 545.4505 544.9521 544.8784 545.1566 545.6871 545.8596 544.7075 543.4568 545.2724 548.0264 550.424 550.8512 549.9224 547.6934 545.3809 543.8694 543.0011 542.4978 542.1024 541.8302 540.7861 539.8724 539.2695 538.9982 538.9679 539.0359 539.1909 539.4218 539.7403 539.8658 539.5625 539.2633 539.1718 539.3203 539.6159 540.1147 541.2012 542.8894 545.1147 547.644 550.0129 551.8713 553.168 553.9012 554.0104 -9999 -9999 -9999 -9999
-9999 -9999 -9999 -9999 -9999 -9999 -9999 -9999 -9999 -9999 -9999 -9999 -9999 -9999 -9999 552.4466 551.5749 550.2179 548.7509 547.5381 546.786 546.4923 546.5808 546.7558 546.165 545.043 543.7315 545.0812 547.2104 548.8795 548.9694 547.5366 545.4902 543.6087 542.1851 541.197 540.4147 539.837 539.5361 539.0289 538.6265 538.412 538.3453 538.3589 538.4181 538.4583 538.5071 538.6385 538.6752 538.4589 538.1151 537.9521 537.9841 538.2034 538.5882 539.5716 541.0256 542.981 545.4265 548.1379 550.6255 552.4512 553.3542 553.3885 553.14 -9999 -9999 -9999
-9999 -9999 -9999 -9999 -9999 -9999 -9999 -9999 -9999 -9999 -9999 -9999 -9999 -9999 -9999 -9999 555.126 553.2363 551.415 550.0185 549.0504 548.3553 547.6891 546.7182 545.4933 544.3055 543.8817 544.4934 545.413 546.052 545.6495 544.3552 542.9091 541.728 540.7813 539.9767 539.1266 538.6522 538.4055 538.0805 537.9661 537.9536 537.9677 538.0015 538.1383 538.1366 538.0172 538.0078 537.9822 537.819 537.4297 537.0562 536.9159 537.0101 537.3242 538.2404 539.6064 541.4169 543.7415 546.5298 549.4374 551.7789 552.9028 552.8587 552.3058 -9999 -9999 -9999
-9999 -9999 -9999 -9999 -9999 -9999 -9999 -9999 -9999 -9999 -9999 -9999 -9999 -9999 -9999 -9999 -9999 556.0687 553.9539 552.4219 551.2635 550.0606 548.4669 546.3604 544.3359 543.0275 542.8193 542.9644 543.0627 542.8611 542.1762 541.1873 540.3161 539.7859 539.4222 538.8767 538.2178 537.9819 537.8989 537.6211 537.4791 537.4274 537.4642 537.5983 537.9307 537.9686 537.77 537.6163 537.4171 537.115 536.8852 536.4283 536.1142 536.2604 536.5616 537.2538 538.5324 540.3483 542.5609 545.1973 548.2012 550.9064 552.3464 552.1483 551.6472 551.7287 -9999 -9999
-9999 -9999 -9999 -9999 -9999 -9999 -9999 -9999 -9999 -9999 -9999 -9999 -9999 -9999 -9999 -9999 -9999 -9999 556.0159 554.4647 553.2416 551.6269 549.3234 546.4731 543.8731 542.3323 541.6481 541.2204 540.7541 540.0883 539.2543 538.4628 537.9858 537.9126 537.999 537.8876 537.5853 537.448 537.3826 537.2424 537.1268 537.0092 537.0033 537.0506 537.3554 537.4612 537.4017 537.2748 536.9835 536.6121 536.35 535.993 535.7946 535.9636 536.1978 536.7342 537.8443 539.6696 541.7877 544.1089 546.8069 549.5377 551.1978 551.1523 550.6999 550.8566 -9999 -9999
-9999 -9999 -9999 -9999 -9999 -9999 -9999 -9999 -9999 -9999 -9999 -9999 -9999 -9999 -9999 -9999 -9999 -9999 557.4373 556.1298 555.0213 553.1371 550.3251 547.0235 543.9991 541.9437 540.7559 539.8749 539.022 538.1125 537.2131 536.5361 536.3419 536.5994 536.8964 537.0186 537.0013 537.001 537.0046 537.0013 536.9998 536.9351 536.9108 536.9063 537.0012 537.0146 537.0077 536.9275 536.5106 536.0587 535.8378 535.5397 535.4329 535.6142 535.9401 536.4003 537.4286 539.2284 541.2692 543.2816 545.5602 548.0703 549.7832 549.8165 549.4 549.6506 -9999 -9999
-9999 -9999 -9999 -9999 -9999 -9999 -9999 -9999 -9999 -9999 -9999 -9999 -9999 -9999 -9999 -9999 -9999 -9999 558.404 557.5066 556.5616 554.4595 551.1925 547.4384 544.0046 541.5175 539.9498 538.8143 537.801 536.8461 536.0184 535.5355 535.4907 535.7819 536.0548 536.3541 536.498 536.6409 536.7596 536.887 536.9955 537.0002 536.9994 536.9359 536.9065 536.8212 536.6779 536.4185 535.9749 535.462 535.1054 534.9967 535.0099 535.2415 535.5781 536.1084 537.1758 538.8659 540.7938 542.5883 544.4905 546.6775 548.2546 548.2519 547.8906 548.2374 549.0161 -9999
-9999 -9999 -9999 -9999 -9999 -9999 -9999 -9999 -9999 -9999 -9999 -9999 -9999 -9999 -9999 -9999 -9999 -9999 559.2031 558.5948 557.5565 555.1553 551.5059 547.4241 543.8189 541.1642 539.3488 538.0034 536.8839 535.9852 535.3176 535.0021 534.9922 535.0866 535.4207 535.806 535.9724 536.2604 536.4756 536.7391 536.9943 537.0687 537.0744 537.0005 536.9303 536.7542 536.4691 536.0411 535.5419 535.046 534.7487 534.6553 534.7256 534.9824 535.3321 535.9802 536.9735 538.4586 540.2549 541.9733 543.6685 545.5341 546.8363 546.893 546.5326 546.9384 547.7217 -9999
-9999 -9999 -9999 -9999 -9999 -9999 -9999 -9999 -9999 -9999 -9999 -9999 -9999 -9999 -9999 -9999 -9999 560.0544 559.872 559.1442 557.5984 554.8638 550.9645 546.8521 543.5316 541.0324 539.1896 537.641 536.3595 535.5519 535.0159 534.8512 534.8912 534.9992 535.0119 535.0602 535.2104 535.7332 535.9915 536.3936 536.77 536.9992 537.0969 537.0692 536.9979 536.7684 536.4301 535.9686 535.351 534.9559 534.6039 534.4614 534.5095 534.7252 535.0804 535.7933 536.6387 537.942 539.6722 541.3766 542.9164 544.4345 545.6184 545.9564 545.9327 546.2277 547.0492 -9999
-9999 -9999 -9999 -9999 -9999 -9999 -9999 -9999 -9999 -9999 -9999 -9999 -9999 -9999 -9999 -9999 -9999 560.2078 559.9032 559.0241 557.0098 553.9083 549.9467 546.1256 543.3024 541.0014 539.2786 537.8042 536.5406 535.669 535.1603 534.9979 534.9999 535.0552 534.9861 534.6439 534.6104 534.9042 535.2109 535.8535 536.3974 536.7747 536.9944 537.0007 536.9351 536.7386 536.41 535.9156 535.1144 534.7445 534.4664 534.3344 534.3726 534.5798 534.9514 535.4218 536.2069 537.47 539.0363 540.65 542.1346 543.4796 544.7233 545.5385 546.1561 546.98 547.8579 548.1752
