backend/lakes/data/Hilda Lake/hild_dem_tm.asc
ncols         84
nrows         107
xllcorner     793450
yllcorner     6046150
cellsize      50
NODATA_value  -9999
[rows 60 to 89 of 107, columns 0 to 67 of 84]
-9999 -9999 -9999 -9999 -9999 -9999 -9999 -9999 -9999 -9999 -9999 -9999 -9999 -9999 -9999 -9999 -9999 559.8838 559.3223 558.0939 555.8518 552.757 548.988 545.479 542.7944 540.8801 539.4346 538.1498 537.0101 536.0522 535.4673 535.2024 535.1071 535.0422 534.7873 534.1355 533.9899 534.0994 534.516 535.1826 535.9213 536.4082 536.7036 536.8113 536.7966 536.6595 536.3829 535.9189 535.1341 534.74 534.4462 534.2916 534.3008 534.4587 534.7302 535.0976 535.9644 537.1202 538.5475 540.1492 541.6927 543.0926 544.5065 545.8008 547.1191 548.4519 549.5322 549.9263
-9999 -9999 -9999 -9999 -9999 -9999 -9999 -9999 -9999 -9999 -9999 -9999 -9999 -9999 -9999 -9999 -9999 -9999 558.3237 557.0432 554.8965 551.9607 548.4907 545.1765 542.638 540.9279 539.739 538.6935 537.6414 536.5718 535.8251 535.3913 535.0932 534.791 534.1743 533.7139 533.5724 533.6812 534.0566 534.745 535.4385 535.9915 536.3519 536.5496 536.6114 536.5544 536.3669 536.0065 535.4694 534.96 534.5542 534.3413 534.3225 534.4752 534.7477 535.0912 535.9332 536.9537 538.1628 539.6818 541.3674 543.0281 544.7772 546.5885 548.422 550.1083 551.3364 551.7924
-9999 -9999 -9999 -9999 -9999 -9999 -9999 -9999 -9999 -9999 -9999 -9999 -9999 -9999 -9999 -9999 -9999 -9999 557.7247 556.561 554.6265 552.0778 549.0253 545.8705 543.2301 541.3348 540.0576 539.0577 538.0851 537.0807 536.1927 535.5612 534.9381 534.1964 533.7091 533.4182 533.3643 533.518 533.8323 534.23 535.0101 535.5989 536.0012 536.2677 536.41 536.4556 536.3987 536.2015 535.8377 535.1284 534.699 534.4547 534.4152 534.5967 534.9634 535.3158 535.9878 536.8146 537.847 539.3384 541.186 543.1583 545.2963 547.5206 549.6451 551.4466 552.644 553.0564
-9999 -9999 -9999 -9999 -9999 -9999 -9999 -9999 -9999 -9999 -9999 -9999 -9999 -9999 -9999 -9999 -9999 -9999 557.7461 557.1174 555.6072 553.431 550.7522 547.7285 544.8196 542.4576 540.8174 539.6788 538.7003 537.7316 536.7788 535.8719 534.9442 534.0452 533.5516 533.3315 533.3524 533.5801 533.9684 534.3336 534.9319 535.3376 535.6951 535.9965 536.2086 536.369 536.4563 536.4015 536.1091 535.5321 535.0113 534.6648 534.5345 534.662 534.9922 535.3812 535.9266 536.4403 537.351 538.9498 541.0624 543.4235 545.9578 548.4606 550.6492 552.3682 553.4952 554.0143
-9999 -9999 -9999 -9999 -9999 -9999 -9999 -9999 -9999 -9999 -9999 -9999 -9999 -9999 -9999 -9999 -9999 -9999 558.0279 558.1453 557.1121 555.365 553.0518 550.2285 547.1448 544.2584 541.978 540.339 539.1293 538.1152 537.142 536.1524 535.1527 534.2244 533.692 533.4434 533.4456 533.6595 534.0004 534.3257 534.7134 535.0154 535.3609 535.7097 536.0168 536.3127 536.594 536.7944 536.8342 536.1876 535.5175 534.9979 534.7191 534.7614 535.0164 535.3821 535.7698 536.1297 537.1095 538.8563 541.1633 543.8124 546.7141 549.4791 551.6877 553.2523 554.3505 -9999
-9999 -9999 -9999 -9999 -9999 -9999 -9999 -9999 -9999 -9999 -9999 -9999 -9999 -9999 -9999 -9999 -9999 -9999 -9999 558.7303 558.3673 557.1146 555.2183 552.7612 549.8255 546.6669 543.7833 541.5455 539.9518 538.8032 537.8034 536.7969 535.8518 534.9471 534.1589 533.7172 533.588 533.7136 533.9909 534.2229 534.4804 534.6902 534.9928 535.4191 535.912 536.2785 536.7809 537.2401 537.6713 537.0573 536.1738 535.463 535.0518 535.0921 535.3567 535.626 535.9609 536.2607 537.1676 538.9785 541.4333 544.3447 547.5992 550.6115 552.869 554.4037 555.5661 -9999
-9999 -9999 -9999 -9999 -9999 -9999 -9999 -9999 -9999 -9999 -9999 -9999 -9999 -9999 -9999 -9999 -9999 -9999 -9999 -9999 559.0096 558.2108 556.6714 554.7502 552.2859 549.2875 546.0979 543.2726 541.0993 539.5902 538.414 537.3002 536.4689 535.6937 534.7935 534.0145 533.6809 533.6622 533.8164 534.0049 534.2097 534.2669 534.4673 534.9349 535.4801 536.1226 537.0511 537.9207 538.3508 537.8819 536.9256 536.0517 535.6704 535.8435 535.9495 536.0165 536.2604 536.5708 537.4789 539.361 541.9323 545.0654 548.625 551.8567 554.2078 555.7734 556.9764 -9999
-9999 -9999 -9999 -9999 -9999 -9999 -9999 -9999 -9999 -9999 -9999 -9999 -9999 -9999 -9999 -9999 -9999 -9999 -9999 -9999 -9999 558.3257 557.045 555.8121 554.1631 551.818 548.7994 545.5742 542.7593 540.6339 539.069 537.8466 536.8861 535.9586 534.9746 534.0725 533.6439 533.52 533.5785 533.7412 533.9249 533.7606 533.8384 534.3804 535.1164 536.1215 537.3917 538.4871 538.9511 538.4297 537.3942 536.4673 536.0275 536.15 536.3341 536.4937 536.8265 537.1563 538.1783 540.0529 542.6758 545.9905 549.7762 553.1106 555.4888 557.0158 558.0969 -9999
-9999 -9999 -9999 -9999 -9999 -9999 -9999 -9999 -9999 -9999 -9999 -9999 -9999 -9999 -9999 -9999 -9999 -9999 -9999 -9999 -9999 557.5938 556.5748 556.1206 555.3455 553.8402 551.2964 548.027 544.6973 541.9258 539.7883 538.1755 536.994 535.952 534.971 534.0609 533.5433 533.3273 533.2725 533.342 533.3929 533.2562 533.368 534.162 535.1486 536.3185 537.6749 538.8417 539.1079 538.597 537.4737 536.7136 536.4359 536.6078 536.9066 537.1157 537.496 538.0646 539.2149 541.049 543.651 547.0538 550.9041 554.2006 556.4678 557.8032 558.5382 -9999
-9999 -9999 -9999 -9999 -9999 -9999 -9999 -9999 -9999 -9999 -9999 -9999 -9999 -9999 -9999 -9999 -9999 -9999 -9999 -9999 -9999 -9999 556.332 556.2238 555.9822 555.063 552.9455 549.8156 546.3361 543.1198 540.4664 538.433 536.989 535.8053 534.8815 534.0067 533.3865 533.1398 533.0045 533.0804 533.2314 533.3939 533.7703 534.5695 535.662 536.8059 537.9816 538.9364 538.9783 538.2724 537.3972 537.1102 537.139 537.4967 537.9302 538.3003 538.7123 539.3984 540.5515 542.3089 544.9235 548.3829 552.08 555.1544 557.2043 558.282 558.7576 -9999
-9999 -9999 -9999 -9999 -9999 -9999 -9999 -9999 -9999 -9999 -9999 -9999 -9999 -9999 -9999 -9999 -9999 -9999 -9999 -9999 -9999 -9999 556.0912 556.0237 555.9509 555.1458 553.2552 550.3185 546.9548 543.6528 540.7625 538.4804 536.8511 535.6747 534.702 533.787 533.0837 532.966 532.8575 533.0006 533.3588 533.8398 534.4356 535.2014 536.1407 537.1694 538.1782 538.9393 539.0137 538.8334 538.4829 538.4284 538.7123 539.2243 539.775 540.2599 540.7415 541.3932 542.4324 544.1112 546.7115 550.1277 553.613 556.4247 558.199 559.0688 -9999 -9999
-9999 -9999 -9999 -9999 -9999 -9999 -9999 -9999 -9999 -9999 -9999 -9999 -9999 -9999 -9999 -9999 -9999 -9999 -9999 -9999 -9999 -9999 555.71 555.7953 555.4615 554.3457 552.2069 549.3124 546.1213 542.9767 540.1819 537.8701 536.1366 534.9147 533.9387 533.1149 532.6364 532.5594 532.6553 532.9962 533.609 534.3738 535.0986 535.8725 536.7634 537.7415 538.6508 539.1122 539.4397 539.9445 540.3415 540.7647 541.3582 542.0886 542.7945 543.3805 543.8954 544.4654 545.3148 546.8087 549.2667 552.4737 555.7101 558.3062 559.9312 560.6829 -9999 -9999
-9999 -9999 -9999 -9999 -9999 -9999 -9999 -9999 -9999 -9999 -9999 -9999 -9999 -9999 -9999 -9999 -9999 -9999 -9999 -9999 -9999 553.9594 554.5544 554.8862 554.2559 552.5862 550.1256 547.2363 544.2175 541.3175 538.8003 536.7095 535.0936 533.9454 533.1211 532.5454 532.2559 532.3026 532.6001 533.1127 533.9149 534.8092 535.6668 536.3735 537.1951 538.1934 539.2128 540.0718 540.9334 541.9902 543.0463 544.0515 545.0867 546.1434 547.0742 547.8001 548.3467 548.8123 549.3999 550.54 552.6407 555.4684 558.413 560.8762 562.4622 563.1222 -9999 -9999
-9999 -9999 -9999 -9999 -9999 -9999 -9999 -9999 -9999 -9999 -9999 -9999 -9999 -9999 -9999 -9999 -9999 -9999 -9999 -9999 552.3132 552.4701 552.953 553.1421 552.204 550.1639 547.4468 544.5673 541.7639 539.2725 537.2049 535.4835 534.1169 533.1863 532.7329 532.3356 532.2087 532.4421 532.9883 533.7164 534.4516 535.2761 536.2135 537.1592 538.2052 539.3972 540.691 541.9684 543.3724 544.9778 546.6243 548.1895 549.6478 550.9835 552.1462 553.0236 553.5909 553.9209 554.2108 554.9232 556.5179 558.8775 561.5079 563.8633 565.4261 -9999 -9999 -9999
-9999 -9999 -9999 -9999 -9999 -9999 -9999 -9999 -9999 -9999 -9999 -9999 -9999 -9999 -9999 -9999 -9999 -9999 -9999 550.6628 551.2225 551.5078 551.5336 551.2666 549.8488 547.4615 544.6132 541.8333 539.3546 537.3571 535.8031 534.512 533.5424 533.02 532.9259 532.6394 532.7177 533.212 534.0234 534.9079 535.7473 536.6907 537.7562 538.9182 540.2168 541.6502 543.2154 544.8178 546.6049 548.6102 550.6617 552.6128 554.3661 555.9178 557.2581 558.243 558.8062 558.9767 558.9637 559.2591 560.3433 562.2311 564.559 566.7328 -9999 -9999 -9999 -9999
-9999 -9999 -9999 -9999 -9999 -9999 -9999 -9999 -9999 -9999 -9999 -9999 -9999 -9999 -9999 -9999 -9999 -9999 548.8246 549.8001 550.6405 550.915 550.4641 549.41 547.4295 544.84 542.0876 539.5241 537.398 535.8301 534.723 533.8885 533.3237 533.1662 533.319 533.515 534.0787 535.039 536.1649 537.285 538.3682 539.4781 540.6653 541.9664 543.4086 544.9783 546.7041 548.533 550.5394 552.7103 554.9343 557.0421 558.9081 560.5107 561.8505 562.7853 563.2457 563.2151 562.9163 562.8519 563.5218 565.0422 567.0579 568.8837 -9999 -9999 -9999 -9999
-9999 -9999 -9999 -9999 -9999 -9999 -9999 -9999 -9999 -9999 -9999 -9999 -9999 -9999 -9999 -9999 -9999 549.0079 549.1561 549.5489 550.4288 550.2878 549.2697 547.4525 545.1655 542.7027 540.2355 537.97 536.0869 534.7473 533.977 533.6313 533.6665 534.0759 534.7836 535.7125 536.8876 538.2771 539.6995 541.0611 542.3504 543.5781 544.7933 546.0932 547.5603 549.2007 551.0128 552.9283 554.9559 557.1041 559.2894 561.3339 563.1044 564.5446 565.6102 566.1979 566.3611 566.0997 565.5563 565.236 565.6022 566.8229 -9999 -9999 -9999 -9999 -9999 -9999
-9999 -9999 -9999 -9999 -9999 -9999 -9999 -9999 -9999 -9999 -9999 -9999 -9999 -9999 -9999 -9999 -9999 551.1277 550.7341 550.5814 550.4954 549.5788 547.6803 545.5469 543.3356 541.1968 539.1733 537.3209 535.6078 534.3344 533.9838 534.2364 534.9961 536.1692 537.7042 539.4133 541.158 542.8617 544.4447 545.9073 547.2805 548.5405 549.7485 551.027 552.4734 554.1043 555.8593 557.653 559.4965 561.4475 563.4241 565.2518 566.7985 567.9257 568.4523 568.344 567.9706 567.5289 566.8179 566.3364 -9999 -9999 -9999 -9999 -9999 -9999 -9999 -9999
-9999 -9999 -9999 -9999 -9999 -9999 -9999 -9999 -9999 -9999 -9999 -9999 -9999 -9999 -9999 -9999 554.7472 553.5952 552.6981 551.8236 550.671 548.6949 546.1908 543.9205 541.9936 540.3443 538.8939 537.5932 536.2861 535.3583 535.3227 536.1445 537.678 539.7473 542.0863 544.4379 546.5802 548.4174 549.9683 551.3463 552.6545 553.9273 555.1823 556.4807 557.8766 559.3672 560.8673 562.3013 563.7442 565.3154 -9999 -9999 -9999 -9999 -9999 -9999 -9999 -9999 -9999 -9999 -9999 -9999 -9999 -9999 -9999 -9999 -9999 -9999
-9999 -9999 -9999 -9999 -9999 -9999 -9999 -9999 -9999 -9999 -9999 -9999 -9999 -9999 -9999 -9999 556.6042 555.4097 554.0787 552.4945 550.3562 547.5814 544.9327 542.7718 541.1736 540.038 539.2084 538.5696 537.9179 537.6568 538.2205 539.6661 541.9065 544.7083 547.6458 550.3944 552.6754 554.433 555.7902 556.9747 558.1704 559.4478 560.772 562.0944 563.3813 564.5875 565.6303 566.4935 -9999 -9999 -9999 -9999 -9999 -9999 -9999 -9999 -9999 -9999 -9999 -9999 -9999 -9999 -9999 -9999 -9999 -9999 -9999 -9999
-9999 -9999 -9999 -9999 -9999 -9999 -9999 -9999 -9999 -9999 -9999 -9999 -9999 -9999 -9999 -9999 557.2302 556.1472 554.5538 552.4241 549.6671 546.5291 543.9092 542.0947 540.9856 540.4315 540.2446 540.3079 540.4941 541.0648 542.3332 544.417 547.2673 550.601 553.8946 556.773 558.9899 560.5281 561.6071 562.5469 563.5927 564.8275 566.1732 567.4633 568.5554 569.3495 -9999 -9999 -9999 -9999 -9999 -9999 -9999 -9999 -9999 -9999 -9999 -9999 -9999 -9999 -9999 -9999 -9999 -9999 -9999 -9999 -9999 -9999
-9999 -9999 -9999 -9999 -9999 -9999 -9999 -9999 -9999 -9999 -9999 -9999 -9999 -9999 -9999 -9999 556.9705 555.5839 553.876 551.6366 548.78 545.6936 543.2818 541.8711 541.3211 541.5173 542.1882 543.0796 544.1359 545.4899 547.3882 549.9932 553.2706 556.8782 560.3126 563.1559 565.1888 566.4447 567.229 567.9136 568.759 569.8463 571.0761 -9999 -9999 -9999 -9999 -9999 -9999 -9999 -9999 -9999 -9999 -9999 -9999 -9999 -9999 -9999 -9999 -9999 -9999 -9999 -9999 -9999 -9999 -9999 -9999 -9999
-9999 -9999 -9999 -9999 -9999 -9999 -9999 -9999 -9999 -9999 -9999 -9999 -9999 -9999 -9999 -9999 556.3817 554.6613 552.8541 550.6426 547.9371 545.0919 542.9188 541.8667 542.0244 543.1322 544.813 546.638 548.5431 550.5843 552.9543 555.8644 559.3157 562.9896 566.4045 569.1442 570.9946 572.0304 572.5957 573.0568 -9999 -9999 -9999 -9999 -9999 -9999 -9999 -9999 -9999 -9999 -9999 -9999 -9999 -9999 -9999 -9999 -9999 -9999 -9999 -9999 -9999 -9999 -9999 -9999 -9999 -9999 -9999 -9999
-9999 -9999 -9999 -9999 -9999 -9999 -9999 -9999 -9999 -9999 -9999 -9999 -9999 -9999 -9999 -9999 555.9739 554.0063 552.0977 549.9432 547.3973 544.8023 542.8983 542.1796 543.0692 545.0515 547.6083 550.2582 552.8637 555.428 558.1345 561.2269 564.7388 568.3767 571.7148 574.3835 576.177 -9999 -9999 -9999 -9999 -9999 -9999 -9999 -9999 -9999 -9999 -9999 -9999 -9999 -9999 -9999 -9999 -9999 -9999 -9999 -9999 -9999 -9999 -9999 -9999 -9999 -9999 -9999 -9999 -9999 -9999 -9999
-9999 -9999 -9999 -9999 -9999 -9999 -9999 -9999 -9999 -9999 -9999 -9999 -9999 -9999 -9999 -9999 555.5571 553.5198 551.5355 549.4019 547.0141 544.6984 543.2339 543.1426 544.5486 547.133 550.2762 553.4088 556.3572 559.175 562.0947 565.3517 568.9342 572.5692 575.9012 -9999 -9999 -9999 -9999 -9999 -9999 -9999 -9999 -9999 -9999 -9999 -9999 -9999 -9999 -9999 -9999 -9999 -9999 -9999 -9999 -9999 -9999 -9999 -9999 -9999 -9999 -9999 -9999 -9999 -9999 -9999 -9999 -9999
-9999 -9999 -9999 -9999 -9999 -9999 -9999 -9999 -9999 -9999 -9999 -9999 -9999 -9999 -9999 -9999 554.7985 552.877 550.947 548.869 546.6904 544.8232 544.0971 544.5802 546.5326 549.3823 552.6094 555.6575 558.4405 561.2226 564.2909 567.7512 571.4981 575.2702 -9999 -9999 -9999 -9999 -9999 -9999 -9999 -9999 -9999 -9999 -9999 -9999 -9999 -9999 -9999 -9999 -9999 -9999 -9999 -9999 -9999 -9999 -9999 -9999 -9999 -9999 -9999 -9999 -9999 -9999 -9999 -9999 -9999 -9999
-9999 -9999 -9999 -9999 -9999 -9999 -9999 -9999 -9999 -9999 -9999 -9999 -9999 -9999 -9999 -9999 553.6159 551.9382 550.1741 548.3538 546.6364 545.388 545.3546 546.6013 548.8251 551.6148 554.3513 556.7415 558.9686 561.5476 564.7547 568.4862 -9999 -9999 -9999 -9999 -9999 -9999 -9999 -9999 -9999 -9999 -9999 -9999 -9999 -9999 -9999 -9999 -9999 -9999 -9999 -9999 -9999 -9999 -9999 -9999 -9999 -9999 -9999 -9999 -9999 -9999 -9999 -9999 -9999 -9999 -9999 -9999
-9999 -9999 -9999 -9999 -9999 -9999 -9999 -9999 -9999 -9999 -9999 -9999 -9999 -9999 -9999 -9999 552.2614 550.7925 549.4022 548.1495 547.2403 546.7784 547.3858 549.0376 551.2651 553.4764 555.2899 556.8113 558.4993 560.8962 -9999 -9999 -9999 -9999 -9999 -9999 -9999 -9999 -9999 -9999 -9999 -9999 -9999 -9999 -9999 -9999 -9999 -9999 -9999 -9999 -9999 -9999 -9999 -9999 -9999 -9999 -9999 -9999 -9999 -9999 -9999 -9999 -9999 -9999 -9999 -9999 -9999 -9999
-9999 -9999 -9999 -9999 -9999 -9999 -9999 -9999 -9999 -9999 -9999 -9999 -9999 -9999 -9999 -9999 551.203 549.8818 548.9756 548.5188 548.5305 548.9236 549.9807 551.6448 553.3521 554.6521 555.7041 556.4393 557.7839 560.0901 -9999 -9999 -9999 -9999 -9999 -9999 -9999 -9999 -9999 -9999 -9999 -9999 -9999 -9999 -9999 -9999 -9999 -9999 -9999 -9999 -9999 -9999 -9999 -9999 -9999 -9999 -9999 -9999 -9999 -9999 -9999 -9999 -9999 -9999 -9999 -9999 -9999 -9999
-9999 -9999 -9999 -9999 -9999 -9999 -9999 -9999 -9999 -9999 -9999 -9999 -9999 -9999 -9999 -9999 -9999 549.6924 549.142 549.3416 550.0925 550.9373 552.2141 553.5933 554.5648 555.1378 555.6599 556.2451 557.4447 -9999 -9999 -9999 -9999 -9999 -9999 -9999 -9999 -9999 -9999 -9999 -9999 -9999 -9999 -9999 -9999 -9999 -9999 -9999 -9999 -9999 -9999 -9999 -9999 -9999 -9999 -9999 -9999 -9999 -9999 -9999 -9999 -9999 -9999 -9999 -9999 -9999 -9999 -9999
