backend/lakes/data/Ghost Lake/ghos_dem_tm.asc
ncols         82
nrows         74
xllcorner     587150
yllcorner     6078800
cellsize      50
NODATA_value  -9999
[rows 31 to 61 of 74, columns 0 to 69 of 82]
-9999 -9999 -9999 -9999 -9999 -9999 -9999 -9999 -9999 -9999 -9999 -9999 -9999 -9999 -9999 -9999 657.4786 651.9825 646.2908 640.6673 635.293 630.2831 625.9291 622.7739 620.8795 619.8861 619.285 618.7505 618.3746 618.0738 617.7688 617.2713 616.584 616.4625 616.3041 616.2738 616.2839 616.6202 616.8967 617.0565 617.0986 616.9081 616.1454 615.5769 615.9203 616.9745 618.2318 619.5974 620.8774 621.7637 622.317 622.6289 622.9576 623.4961 624.2018 625.1072 625.9825 626.46 627.1536 627.9 629.1219 630.5613 632.1728 -9999 -9999 -9999 -9999 -9999 -9999 -9999
-9999 -9999 -9999 -9999 -9999 -9999 -9999 -9999 -9999 -9999 -9999 -9999 -9999 -9999 -9999 -9999 657.8141 651.4634 645.2042 639.4175 634.2813 629.7679 625.942 623.133 621.1851 619.9812 619.265 618.6292 618.0502 617.6278 617.3345 616.8863 617.1037 617.1359 617.1035 617.0559 616.9045 617.2391 617.748 618.067 618.3666 618.4199 618.0274 617.4916 617.2093 617.2471 617.7175 618.5957 619.9287 621.0176 621.7421 622.3207 622.809 623.4236 624.6517 626.3193 627.7322 628.47 628.7568 629.0215 629.6518 630.7905 632.2523 -9999 -9999 -9999 -9999 -9999 -9999 -9999
-9999 -9999 -9999 -9999 -9999 -9999 -9999 -9999 -9999 -9999 -9999 -9999 -9999 -9999 -9999 665.2424 658.376 651.3251 644.4632 638.2828 633.1055 628.9496 625.6992 623.3323 621.4973 620.2203 619.2869 618.3818 617.5646 617.1087 616.9022 617.5358 617.9571 617.7555 617.6306 617.5597 617.5677 618.0368 618.5854 618.7856 619.2145 619.2953 619.1663 618.9506 618.4492 617.8633 617.6337 617.939 619.0593 620.2788 621.1873 622.0175 622.8113 623.715 625.4822 628.0269 630.2271 631.5371 631.7598 631.476 631.4496 632.0524 -9999 -9999 -9999 -9999 -9999 -9999 -9999 -9999
-9999 -9999 -9999 -9999 -9999 -9999 -9999 -9999 -9999 -9999 -9999 -9999 -9999 -9999 -9999 666.1482 658.9002 651.4125 644.0756 637.4551 632.0754 628.1863 625.4079 623.4401 621.7828 620.5088 619.4401 618.2891 617.2393 616.8817 617.5055 618.191 618.5988 618.1687 618.0852 618.0966 618.3286 618.7255 619.2188 619.2991 619.5123 619.5814 619.5035 619.2963 618.967 618.5024 617.8116 617.7056 618.3225 619.5762 620.7371 621.6968 622.6671 624.0316 626.4204 629.8179 632.9354 634.9033 635.3352 634.7783 634.1617 -9999 -9999 -9999 -9999 -9999 -9999 -9999 -9999 -9999
-9999 -9999 -9999 -9999 -9999 -9999 -9999 -9999 -9999 -9999 -9999 -9999 -9999 -9999 -9999 666.6028 659.2192 651.5391 643.9163 636.9501 631.4064 627.8865 625.1569 623.3918 621.9611 620.7341 619.5861 618.4285 617.5206 617.4531 618.0498 618.6465 618.8768 618.6869 618.673 618.697 618.9781 619.3221 619.5311 619.5236 619.5526 619.5499 619.4716 619.2928 619.0859 618.6904 618.145 617.7824 618.1077 619.2357 620.441 621.4537 622.5936 624.3081 627.2794 631.4379 635.3362 637.8817 638.6931 638.1986 -9999 -9999 -9999 -9999 -9999 -9999 -9999 -9999 -9999 -9999
-9999 -9999 -9999 -9999 -9999 -9999 -9999 -9999 -9999 -9999 -9999 -9999 -9999 -9999 -9999 666.5701 659.2363 651.5815 643.8823 636.7225 630.951 627.2654 624.762 623.2201 621.9894 620.8714 619.8629 618.887 618.1696 618.4321 618.6696 618.9478 619.1061 619.092 619.2474 619.3374 619.7254 620.0988 619.934 619.6841 619.5274 619.4415 619.3788 619.2902 619.1898 618.938 618.6216 618.1868 618.1656 619.1471 620.3287 621.3707 622.5814 624.5326 627.9619 632.7066 637.1113 640.0283 641.2203 641.0549 -9999 -9999 -9999 -9999 -9999 -9999 -9999 -9999 -9999 -9999
-9999 -9999 -9999 -9999 -9999 -9999 -9999 -9999 -9999 -9999 -9999 -9999 -9999 -9999 -9999 665.9945 658.858 651.4233 643.8668 636.7071 630.8004 626.8896 624.5008 623.1274 622.0137 621.0549 620.174 619.3184 618.7256 618.8317 618.9749 619.1233 619.2859 619.299 619.5847 620.027 620.7276 621.0301 620.6185 620.0228 619.6296 619.42 619.3513 619.3207 619.2881 619.0763 618.861 618.6509 618.5603 619.1888 620.24 621.3213 622.5723 624.6663 628.3896 633.488 638.1572 641.2281 642.6165 642.8948 -9999 -9999 -9999 -9999 -9999 -9999 -9999 -9999 -9999 -9999
-9999 -9999 -9999 -9999 -9999 -9999 -9999 -9999 -9999 -9999 -9999 -9999 -9999 -9999 -9999 664.8289 658.0076 650.9587 643.7421 636.7642 630.8296 626.708 624.3467 623.0737 622.0153 621.1703 620.5289 619.8724 619.3209 619.2853 619.299 619.3162 619.4723 619.5731 619.9498 620.7563 621.6592 621.9702 621.6072 620.8618 620.0591 619.6125 619.4733 619.3851 619.2896 619.1253 619.0038 618.9042 618.9508 619.6839 620.4529 621.3675 622.5809 624.7255 628.603 633.9097 638.7137 641.7795 643.1904 643.7641 -9999 -9999 -9999 -9999 -9999 -9999 -9999 -9999 -9999 -9999
-9999 -9999 -9999 -9999 -9999 -9999 -9999 -9999 -9999 -9999 -9999 -9999 -9999 -9999 -9999 -9999 656.7432 650.2023 643.4934 636.8795 631.0751 626.8827 624.4166 623.0916 622.087 621.4481 621.0393 620.4863 619.941 619.8759 619.8657 619.8615 619.878 619.903 620.2871 621.1295 622.1414 622.4183 622.2463 621.7884 620.904 620.1062 619.8693 619.6519 619.4486 619.3037 619.2902 619.2917 619.4073 619.8934 620.543 621.4476 622.6326 624.7575 628.6648 634.0781 639.0069 642.1266 643.3999 643.8612 -9999 -9999 -9999 -9999 -9999 -9999 -9999 -9999 -9999 -9999
-9999 -9999 -9999 -9999 -9999 -9999 -9999 -9999 -9999 -9999 -9999 -9999 -9999 -9999 -9999 -9999 655.3555 649.3768 643.2635 637.1059 631.4612 627.1321 624.5764 623.2318 622.345 621.7505 621.3701 621.0449 620.5421 620.4393 620.3027 620.2487 620.25 620.301 620.5606 621.1542 621.8195 622.3306 622.4052 622.236 621.7971 621.0057 620.5515 620.2417 619.9538 619.8792 619.866 619.8633 619.8888 620.1538 620.7751 621.7539 622.8238 624.8357 628.6621 634.0415 639.0135 642.0743 642.9382 643.0817 -9999 -9999 -9999 -9999 -9999 -9999 -9999 -9999 -9999 -9999
-9999 -9999 -9999 -9999 -9999 -9999 -9999 -9999 -9999 -9999 -9999 -9999 -9999 -9999 -9999 -9999 654.2759 648.8291 643.3054 637.6029 632.1263 627.699 625.0342 623.6932 622.8615 622.2631 621.7961 621.6238 621.266 621.2765 621.2619 621.302 621.3361 621.3456 621.4333 621.6863 621.9753 622.2163 622.3401 622.3487 622.2211 621.9034 621.4897 621.2556 620.9101 620.7819 620.6466 620.549 620.458 620.5184 621.0237 621.9932 623.0271 624.9894 628.746 633.9285 638.7431 641.5505 641.8561 641.7975 -9999 -9999 -9999 -9999 -9999 -9999 -9999 -9999 -9999 -9999
-9999 -9999 -9999 -9999 -9999 -9999 -9999 -9999 -9999 -9999 -9999 -9999 -9999 -9999 -9999 -9999 653.7923 648.7951 643.7902 638.5001 633.193 628.707 625.8661 624.3992 623.5311 622.929 622.5709 622.5121 622.6195 623.2153 623.7514 624.0136 623.9481 623.6078 623.1465 622.7784 622.5742 622.381 622.3618 622.3401 622.3398 622.2585 622.2892 622.3104 622.2072 622.1827 622.0842 621.7971 621.5309 621.364 621.9371 622.7089 623.5209 625.3622 629.0463 634.0353 638.3795 640.6289 640.5466 640.3356 -9999 -9999 -9999 -9999 -9999 -9999 -9999 -9999 -9999 -9999
-9999 -9999 -9999 -9999 -9999 -9999 -9999 -9999 -9999 -9999 -9999 -9999 -9999 -9999 -9999 -9999 653.8271 649.1434 644.5443 639.6291 634.5637 630.1288 627.1279 625.6708 624.8126 624.151 623.7577 623.8302 624.5657 625.9686 627.241 627.8419 627.7594 627.071 625.9201 624.6529 623.6702 623.1123 622.6977 622.4132 622.2495 622.3454 622.8815 623.4971 623.926 624.2068 624.223 623.8006 623.3123 622.9343 623.1686 623.4696 624.0275 625.8226 629.4863 634.1892 638.0454 639.4217 639.0021 638.5637 -9999 -9999 -9999 -9999 -9999 -9999 -9999 -9999 -9999 -9999
-9999 -9999 -9999 -9999 -9999 -9999 -9999 -9999 -9999 -9999 -9999 -9999 -9999 -9999 -9999 -9999 -9999 649.3391 645.0344 640.554 635.963 631.924 629.1235 627.8475 627.2276 626.5918 625.9557 625.9434 626.9392 628.769 630.5629 631.6409 631.9097 631.2411 629.5246 627.2357 625.1452 623.9255 623.3303 622.6517 622.2318 622.4982 623.5895 624.8965 626.0026 626.7312 626.7029 625.8493 624.8749 624.1896 624.2725 624.0535 624.3965 626.2128 629.8389 634.3008 637.79 638.2689 637.3823 636.3763 -9999 -9999 -9999 -9999 -9999 -9999 -9999 -9999 -9999 -9999
-9999 -9999 -9999 -9999 -9999 -9999 -9999 -9999 -9999 -9999 -9999 -9999 -9999 -9999 -9999 -9999 -9999 648.7851 644.626 640.7075 636.9488 633.7419 631.5495 630.5978 630.3451 629.8959 629.1633 628.9342 629.7982 631.5397 633.3179 634.7496 635.6165 635.2794 633.1721 629.9864 626.7847 624.6068 623.5885 622.912 622.3572 623.0572 624.5398 626.481 628.397 629.696 629.6177 628.1361 626.3069 625.0551 625.0835 624.5028 624.7774 626.4066 629.7701 633.8749 636.9676 637.0031 635.6812 634.1729 633.0811 632.321 -9999 -9999 -9999 -9999 -9999 -9999 -9999 -9999
-9999 -9999 -9999 -9999 -9999 -9999 -9999 -9999 -9999 -9999 -9999 -9999 -9999 -9999 -9999 -9999 -9999 -9999 643.2163 639.8757 637.2096 635.1766 633.7799 633.1882 633.2079 633.0082 632.3628 632.0168 632.5864 633.8549 635.2581 636.8191 638.3114 638.4075 636.12 632.2357 628.1747 625.2703 623.93 623.3461 622.7092 623.5232 625.33 628.0063 630.7937 632.6875 632.7213 630.9042 628.4001 626.3097 625.3915 624.816 624.972 626.2802 629.1403 632.5693 635.0286 635.0983 633.7401 632.1277 630.9222 630.0874 629.1703 628.2959 -9999 -9999 -9999 -9999 -9999 -9999
-9999 -9999 -9999 -9999 -9999 -9999 -9999 -9999 -9999 -9999 -9999 -9999 -9999 -9999 -9999 -9999 -9999 -9999 -9999 638.6723 636.9999 636.1635 635.6577 635.3752 635.3501 635.2114 634.7366 634.5083 634.9052 635.7328 636.5151 637.7518 639.5629 640.0819 637.9114 633.7619 629.3821 625.9492 624.2036 623.5245 623.1954 623.9846 625.9805 629.2115 632.694 635.0518 635.2346 633.6241 630.9312 628.178 626.2199 625.3151 625.0997 625.8256 627.9194 630.5869 632.5457 632.734 631.6591 630.3651 629.3874 628.7413 627.9034 627.1299 626.9862 -9999 -9999 -9999 -9999 -9999
-9999 -9999 -9999 -9999 -9999 -9999 -9999 -9999 -9999 -9999 -9999 -9999 -9999 -9999 -9999 -9999 -9999 -9999 -9999 -9999 636.7731 637.0019 637.2167 637.018 636.544 636.0714 635.9646 636.1639 636.7867 637.4052 637.4533 637.6804 639.4081 640.7119 638.5571 634.4333 630.049 626.4507 624.4581 623.7166 623.5556 624.3527 626.3376 629.7619 633.6654 636.2576 636.0152 635.6115 633.4489 630.5209 627.825 626.1036 625.3653 625.4758 626.6417 628.3813 629.8194 630.1152 629.5211 628.8588 628.3924 627.8712 627.311 626.9978 627.0924 -9999 -9999 -9999 -9999 -9999
-9999 -9999 -9999 -9999 -9999 -9999 -9999 -9999 -9999 -9999 -9999 -9999 -9999 -9999 -9999 -9999 -9999 -9999 -9999 -9999 -9999 -9999 -9999 -9999 636.8575 636.0374 636.3714 637.1027 638.1047 638.2838 637.9084 637.2905 638.2903 639.4866 637.8319 634.1717 630.1722 626.8588 624.9005 624.1428 623.8654 624.5323 626.4328 629.8467 633.9801 636.7758 636.7283 637.1562 635.4927 632.6638 629.5328 626.9525 625.554 625.3898 625.5671 626.3201 627.2313 627.5413 627.4174 627.3492 627.5291 627.0959 626.9899 627.1339 627.7732 628.1989 -9999 -9999 -9999 -9999
-9999 -9999 -9999 -9999 -9999 -9999 -9999 -9999 -9999 -9999 -9999 -9999 -9999 -9999 -9999 -9999 -9999 -9999 -9999 -9999 -9999 -9999 -9999 -9999 -9999 -9999 -9999 -9999 -9999 -9999 -9999 636.0858 636.8356 637.8789 636.6355 633.4503 629.8495 626.8845 625.2195 624.6324 624.2161 624.7975 626.5884 629.9515 633.9827 636.8925 637.3739 637.8459 636.374 633.7502 630.5387 627.5278 625.6694 625.5441 625.39 625.4696 625.6133 625.7526 625.9944 626.2198 626.4844 626.5336 627.0186 627.7827 628.2048 628.3985 -9999 -9999 -9999 -9999
-9999 -9999 -9999 -9999 -9999 -9999 -9999 -9999 -9999 -9999 -9999 -9999 -9999 -9999 -9999 -9999 -9999 -9999 -9999 -9999 -9999 -9999 -9999 -9999 -9999 -9999 -9999 -9999 -9999 -9999 -9999 636.0575 635.8346 636.6321 635.5433 632.7801 629.425 626.6895 625.2715 624.7694 624.7247 625.2055 626.8597 629.9468 633.715 636.7825 637.9578 637.4412 635.8634 633.461 630.5292 627.6198 625.6476 625.9979 625.5654 625.3877 625.2861 625.2456 625.3868 625.583 625.8536 626.1558 627.1075 628.0095 628.3981 628.4132 -9999 -9999 -9999 -9999
-9999 -9999 -9999 -9999 -9999 -9999 -9999 -9999 -9999 -9999 -9999 -9999 -9999 -9999 -9999 -9999 -9999 -9999 -9999 -9999 -9999 -9999 -9999 -9999 -9999 -9999 -9999 -9999 -9999 -9999 -9999 -9999 635.5175 635.4865 634.756 632.5315 629.6609 627.1807 625.6654 625.0493 624.9557 625.5161 627.2611 629.7961 633.0529 636.1172 637.6487 636.6239 634.6409 632.363 629.9961 627.7355 626.033 625.5411 625.3699 625.3555 625.3866 625.243 625.2651 625.3862 625.8069 626.5373 627.7029 628.4648 628.5898 628.2896 627.8394 -9999 -9999 -9999
-9999 -9999 -9999 -9999 -9999 -9999 -9999 -9999 -9999 -9999 -9999 -9999 -9999 -9999 -9999 -9999 -9999 -9999 -9999 -9999 -9999 -9999 -9999 -9999 -9999 -9999 -9999 -9999 -9999 -9999 -9999 -9999 635.1312 634.8887 634.6235 632.8887 630.5436 628.3926 626.7939 625.8555 625.4197 625.7432 627.4017 629.2379 632.0742 634.903 636.4376 635.2971 633.1802 631.2244 629.5504 628.0922 626.7478 625.944 625.5332 625.4977 625.5303 625.416 625.3932 625.2539 625.8063 626.8359 628.0696 628.9275 628.7631 628.0423 -9999 -9999 -9999 -9999
-9999 -9999 -9999 -9999 -9999 -9999 -9999 -9999 -9999 -9999 -9999 -9999 -9999 -9999 -9999 -9999 -9999 -9999 -9999 -9999 -9999 -9999 -9999 -9999 -9999 -9999 -9999 -9999 -9999 -9999 -9999 -9999 -9999 635.6699 635.0522 633.5911 631.6506 629.8312 628.3665 627.2485 626.2567 625.6442 626.4699 628.3708 631.006 633.5931 635.168 634.231 632.371 631.1517 630.3067 629.4332 628.2216 626.9274 626.0975 625.9401 625.9673 625.9617 625.7809 625.0107 625.4192 626.8743 628.4174 629.2687 629.0095 628.0654 -9999 -9999 -9999 -9999
-9999 -9999 -9999 -9999 -9999 -9999 -9999 -9999 -9999 -9999 -9999 -9999 -9999 -9999 -9999 -9999 -9999 -9999 -9999 -9999 -9999 -9999 -9999 -9999 -9999 -9999 -9999 -9999 -9999 -9999 -9999 -9999 -9999 636.4378 635.7544 634.4462 632.6802 631.0135 629.7418 628.7287 627.6332 626.7832 627.075 628.6564 630.7217 632.7648 634.2531 633.9553 632.9621 632.2308 632.115 631.6779 630.4036 628.6866 627.2335 626.53 626.3245 626.1399 625.5345 625.3067 626.1151 627.6978 629.168 629.9714 629.4897 628.2675 -9999 -9999 -9999 -9999
-9999 -9999 -9999 -9999 -9999 -9999 -9999 -9999 -9999 -9999 -9999 -9999 -9999 -9999 -9999 -9999 -9999 -9999 -9999 -9999 -9999 -9999 -9999 -9999 -9999 -9999 -9999 -9999 -9999 -9999 -9999 -9999 -9999 -9999 636.1198 634.9976 633.2935 631.566 630.3515 629.7037 628.8055 628.3304 628.4912 629.5795 630.8911 632.1773 633.3773 633.8262 -9999 634.3983 634.83 634.4078 632.9483 631.0152 629.322 628.4569 628.1524 627.9091 627.3147 627.005 627.6175 628.941 630.1458 630.8317 629.943 -9999 -9999 -9999 -9999 -9999
-9999 -9999 -9999 -9999 -9999 -9999 -9999 -9999 -9999 -9999 -9999 -9999 -9999 -9999 -9999 -9999 -9999 -9999 -9999 -9999 -9999 -9999 -9999 -9999 -9999 -9999 -9999 -9999 -9999 -9999 -9999 -9999 -9999 -9999 -9999 -9999 633.1633 631.3428 630.0536 629.7493 629.13 629.2849 629.3679 629.9611 630.7994 631.5967 632.5181 -9999 -9999 -9999 637.2954 636.7574 635.2081 633.3342 631.7366 630.9597 630.6021 630.2339 629.6692 629.2588 629.4839 630.3343 630.991 631.1213 -9999 -9999 -9999 -9999 -9999 -9999
-9999 -9999 -9999 -9999 -9999 -9999 -9999 -9999 -9999 -9999 -9999 -9999 -9999 -9999 -9999 -9999 -9999 -9999 -9999 -9999 -9999 -9999 -9999 -9999 -9999 -9999 -9999 -9999 -9999 -9999 -9999 -9999 -9999 -9999 -9999 -9999 -9999 630.6143 629.3348 629.8545 629.7653 629.9467 629.5104 629.6392 630.1536 -9999 -9999 -9999 -9999 -9999 -9999 637.988 636.5778 635.0472 633.781 633.1445 632.6659 632.0785 631.627 631.2677 631.2557 631.4774 -9999 -9999 -9999 -9999 -9999 -9999 -9999 -9999
-9999 -9999 -9999 -9999 -9999 -9999 -9999 -9999 -9999 -9999 -9999 -9999 -9999 -9999 -9999 -9999 -9999 -9999 -9999 -9999 -9999 -9999 -9999 -9999 -9999 -9999 -9999 -9999 -9999 -9999 -9999 -9999 -9999 -9999 -9999 -9999 -9999 -9999 -9999 -9999 629.1862 628.8633 628.6262 -9999 -9999 -9999 -9999 -9999 -9999 -9999 -9999 -9999 -9999 -9999 635.026 634.4438 633.8243 633.0135 632.548 632.2228 632.0417 -9999 -9999 -9999 -9999 -9999 -9999 -9999 -9999 -9999
-9999 -9999 -9999 -9999 -9999 -9999 -9999 -9999 -9999 -9999 -9999 -9999 -9999 -9999 -9999 -9999 -9999 -9999 -9999 -9999 -9999 -9999 -9999 -9999 -9999 -9999 -9999 -9999 -9999 -9999 -9999 -9999 -9999 -9999 -9999 -9999 -9999 -9999 -9999 -9999 -9999 -9999 -9999 -9999 -9999 -9999 -9999 -9999 -9999 -9999 -9999 -9999 -9999 -9999 -9999 -9999 -9999 -9999 -9999 -9999 -9999 -9999 -9999 -9999 -9999 -9999 -9999 -9999 -9999 -9999
-9999 -9999 -9999 -9999 -9999 -9999 -9999 -9999 -9999 -9999 -9999 -9999 -9999 -9999 -9999 -9999 -9999 -9999 -9999 -9999 -9999 -9999 -9999 -9999 -9999 -9999 -9999 -9999 -9999 -9999 -9999 -9999 -9999 -9999 -9999 -9999 -9999 -9999 -9999 -9999 -9999 -9999 -9999 -9999 -9999 -9999 -9999 -9999 -9999 -9999 -9999 -9999 -9999 -9999 -9999 -9999 -9999 -9999 -9999 -9999 -9999 -9999 -9999 -9999 -9999 -9999 -9999 -9999 -9999 -9999
