backend/lakes/data/Fawcett Lake/fawc_dem_tm.asc
ncols         363
nrows         200
xllcorner     558600
yllcorner     6123800
cellsize      50
NODATA_value  -9999
[rows 132 to 164 of 200, columns 148 to 221 of 363]
594.1165 593.9712 593.786 593.4951 593.3242 593.1168 593.0052 592.9725 592.9579 593.0273 593.2048 593.4553 593.6245 593.5001 593.4135 593.4582 593.7799 594.1401 594.6839 595.0329 595.5387 596.14 596.7544 597.2359 597.7316 597.9717 598.1566 598.6201 599.1564 599.5156 599.9143 600.3974 601.1995 602.3244 603.4176 603.9925 604.1609 604.2496 604.476 604.9283 605.2206 605.3044 605.0349 604.4391 603.7097 602.8693 602.4572 602.2129 601.7162 601.4067 601.2892 601.2865 601.4269 601.694 602.0865 602.5927 603.3712 603.6731 605.717 609.6165 615.1678 621.4185 627.6241 633.2402 637.831 640.8677 641.361 639.3833 -9999 -9999 -9999 -9999 -9999 -9999
593.6691 593.4943 593.265 592.9475 592.6891 592.4537 592.3049 592.2437 592.217 592.3344 592.6292 592.9838 593.1191 593.0322 592.942 592.9834 593.2203 593.3722 593.7832 594.1203 594.6414 595.1253 595.8376 596.2961 596.7997 597.1147 597.409 597.7916 598.1232 598.5886 599.023 599.3445 600.0354 600.9449 601.8844 602.2801 602.3408 602.3605 602.558 603.0317 603.3723 603.6038 603.3638 602.8848 602.4052 601.8591 601.5878 601.3909 601.0073 600.8921 600.882 600.9125 601.1289 601.3734 601.7789 602.2724 602.6834 603.1289 604.8772 608.5475 613.7754 619.6878 625.6668 631.2272 635.9184 639.1993 640.3619 639.8714 639.0646 635.9887 631.9268 -9999 -9999 -9999
593.4299 593.2712 593.0049 592.6986 592.4164 592.1491 591.9438 591.8486 591.8234 591.9415 592.2646 592.5818 592.7586 592.7596 592.694 592.7086 592.8348 592.9742 593.2361 593.3833 593.7981 594.1655 594.6676 595.1638 595.8662 596.2817 596.7191 597.0724 597.3936 597.775 598.003 598.2785 599.0123 599.7449 600.5728 600.9429 601.0148 601.0336 601.1972 601.651 601.9709 602.1655 602.0167 601.7466 601.4305 601.02 600.9094 600.8482 600.5878 600.46 600.4463 600.5358 600.7874 600.9261 601.2939 601.6332 601.9666 602.5367 604.1266 607.2375 611.7826 617.0117 622.4064 627.5974 632.2075 635.7831 637.9325 638.4871 637.5047 634.6992 631.0312 627.8666 626.4633 627.7448
593.2836 593.1074 592.8688 592.6049 592.3441 592.0836 591.8414 591.6898 591.6511 591.7622 592.0563 592.2476 592.4251 592.5098 592.5212 592.5455 592.6204 592.7205 592.8654 592.9954 593.2264 593.3199 593.5513 594.0751 594.6767 595.1952 595.8676 596.2233 596.5504 596.9352 597.188 597.4742 597.9946 598.6812 599.3872 599.9382 600.228 600.392 600.585 600.8558 600.9622 601.0115 600.9724 600.918 600.8347 600.5778 600.4635 600.3771 600.1995 600.0543 599.9797 599.9761 600.0586 600.2285 600.6604 600.9099 601.261 601.7836 603.0437 605.3984 609.0312 613.4167 618.0399 622.6735 626.9391 630.5846 633.174 634.3652 633.9221 631.9927 629.3176 627.0109 626.2074 627.0831
593.2751 593.0494 592.8033 592.5757 592.3615 592.144 591.9048 591.6959 591.5962 591.6187 591.7683 591.9025 592.0645 592.217 592.3243 592.4091 592.4978 592.5823 592.6588 592.7205 592.7913 592.8093 592.9255 593.2307 593.5585 594.0846 594.5928 594.9162 595.3714 595.9144 596.2115 596.5001 596.9092 597.512 598.149 598.976 599.5615 599.9337 600.1945 600.3567 600.3834 600.3741 600.3568 600.3468 600.3055 600.1876 600.1214 600.0416 599.891 599.7243 599.5886 599.4928 599.4028 599.4549 599.7832 600.0693 600.4844 600.9016 601.8354 603.4969 606.0233 609.381 613.1587 617.0055 620.7682 624.0886 626.8304 628.4647 628.7898 627.9968 626.597 625.3679 625.0406 625.6384
593.1619 592.9789 592.7603 592.5691 592.4065 592.2456 592.0524 591.8248 591.6516 591.5911 591.6305 591.7242 591.8506 591.9963 592.1555 592.3111 592.4431 592.5342 592.5814 592.5923 592.5784 592.5396 592.554 592.6528 592.8013 593.0595 593.1826 593.3351 593.7122 594.3729 594.7706 595.1047 595.4117 595.8897 596.5263 597.5571 598.5938 599.2917 599.7512 599.9329 599.9316 599.8964 599.8765 599.8712 599.8528 599.8169 599.8352 599.7959 599.6797 599.5215 599.4047 599.38 599.3936 599.407 599.3801 599.3935 599.518 599.9347 600.681 601.7933 603.46 605.7931 608.5297 611.5175 614.5127 617.2714 619.889 621.725 622.6442 622.8317 622.5437 622.2344 622.2707 622.5782
593.0757 592.9015 592.727 592.583 592.475 592.3717 592.234 592.031 591.8148 591.6897 591.6622 591.7114 591.8179 591.9669 592.1455 592.3341 592.496 592.5933 592.624 592.603 592.5507 592.4779 592.4098 592.3396 592.2471 592.1124 591.9244 591.9016 592.0829 592.6315 592.9809 593.2429 593.4549 593.8166 594.4347 595.58 596.9273 598.127 599.0208 599.3519 599.3839 599.3605 599.3463 599.3429 599.3512 599.4008 599.5736 599.603 599.5449 599.4188 599.375 599.5646 599.8183 599.9379 599.7446 599.5212 599.3583 599.3951 599.7853 600.4871 601.5245 602.9338 604.7634 606.7784 608.9114 611.1119 613.4554 615.0722 616.1958 616.9256 617.3255 617.5807 617.8241 617.9128
592.9204 592.7954 592.6939 592.6206 592.584 592.5518 592.4539 592.2815 592.0664 591.9001 591.8326 591.8502 591.938 592.0844 592.278 592.4899 592.6705 592.7596 592.7756 592.7437 592.6831 592.6027 592.5035 592.3604 592.1301 591.7859 591.5139 591.2609 590.9601 591.0862 591.2454 591.4545 591.5731 591.7756 592.3312 593.5109 595.0553 596.6647 597.863 598.4865 598.6294 598.6132 598.5889 598.5909 598.663 598.9139 599.2724 599.3797 599.4523 599.3694 599.3868 599.8429 600.4118 600.7359 600.4302 600.0894 599.7206 599.4678 599.3804 599.5455 600.1956 600.8961 602.0143 603.2692 604.631 606.0864 607.6852 609.0259 610.1324 611.0853 611.7859 612.2937 612.6036 612.4435
592.7762 592.7234 592.7076 592.7144 592.7649 592.8272 592.778 592.5871 592.395 592.2336 592.1472 592.1434 592.2105 592.3399 592.5245 592.7413 592.9409 593.0028 593.004 592.9797 592.9408 592.8914 592.8272 592.7256 592.5605 592.2985 591.9453 591.5303 590.6322 590.4733 590.3391 590.2742 590.275 590.3685 590.8679 591.963 593.5057 595.314 596.8032 597.6885 597.8908 597.8887 597.8708 597.8676 597.9351 598.2639 598.5854 598.9589 599.3631 599.3763 599.4021 600.0328 600.799 601.0968 600.9525 600.7827 600.363 600.0515 599.7886 599.5026 599.3947 599.5959 600.2176 600.918 601.7362 602.535 603.4804 604.4819 605.3419 606.1149 606.7578 607.2514 607.4997 607.4342
592.73 592.7737 592.859 592.9397 593.0619 593.2606 593.2478 593.0076 592.8322 592.7239 592.6399 592.6239 592.6615 592.7437 592.8673 593.0377 593.2634 593.2828 593.2824 593.2817 593.2808 593.2794 593.2778 593.2745 593.2581 593.2061 593.0505 592.6478 591.7603 591.153 590.6147 590.356 590.2746 590.2582 590.4891 591.4324 592.7536 594.5258 596.1467 597.0919 597.4537 597.5211 597.5075 597.5055 597.5892 597.8268 597.9506 598.4798 599.165 599.376 599.4092 600.0946 600.8773 601.3406 601.4333 601.2971 600.9832 600.8469 600.6409 600.1638 599.8322 599.6118 599.3858 599.5557 600.0316 600.3306 600.7952 601.575 602.1183 602.5734 602.9993 603.3614 603.5566 603.5974
592.8674 593.0273 593.2714 593.4308 593.5657 593.8503 593.8573 593.5887 593.4956 593.4459 593.3485 593.3134 593.3156 593.3204 593.3009 593.28 593.4484 593.5582 593.6156 593.6465 593.6672 593.6873 593.7145 593.754 593.7996 593.8194 593.7644 593.5272 593.0854 592.6534 592.1232 591.7324 591.5582 591.4498 591.6411 592.2101 593.3119 594.7365 596.1068 596.9875 597.4349 597.5443 597.5372 597.524 597.5549 597.6564 597.8129 598.3107 599.2036 599.3302 599.4768 600.2472 601.0082 601.6413 601.9127 601.8177 601.5947 601.4399 601.2446 600.9358 600.7856 600.6446 600.3768 599.9882 599.7811 599.403 599.5401 600.1915 600.3851 600.487 600.6434 600.7991 600.9178 601.0378
593.2673 593.554 594.042 594.4908 594.6549 594.7557 594.7482 594.6706 594.6371 594.5604 594.2909 594.1912 594.171 594.1318 593.9308 593.5226 593.6964 593.8903 593.9911 594.0374 594.0627 594.0833 594.109 594.1475 594.1931 594.2273 594.2267 594.152 594.0007 593.8394 593.5738 593.3434 593.2502 593.2511 593.3337 593.6966 594.4617 595.4405 596.4636 597.3434 597.9132 598.0482 598.0561 598.0475 598.0409 598.0685 598.2658 598.9686 599.2728 599.4304 599.8868 600.702 601.4581 602.0823 602.3985 602.2445 602.035 601.876 601.7223 601.5562 601.4658 601.3521 601.1301 600.8655 600.7253 600.5505 600.5949 600.7609 600.4069 599.9086 599.5159 599.4592 599.4959 599.6251
593.9719 594.5223 594.9016 595.2458 595.3113 595.2491 595.1223 595.0486 594.6948 594.981 594.8203 594.7956 594.801 594.7869 594.5329 593.7421 594.0823 594.3268 594.4106 594.4362 594.4473 594.4556 594.4673 594.4844 594.5065 594.5223 594.5276 594.5337 594.5747 594.7363 594.7415 594.6862 594.6013 594.4351 594.3688 594.78 595.4849 596.3666 597.2727 598.1538 598.9177 599.1522 599.196 599.2034 599.1957 599.1901 599.2126 599.2895 599.4637 599.9002 600.3965 601.0798 601.8835 602.4148 602.5829 602.4355 602.2876 602.1513 602.0411 601.9505 601.8926 601.8207 601.6633 601.4647 601.3264 601.2143 601.1986 601.1517 600.7763 599.9866 599.4259 599.2703 599.2792 599.3292
594.7319 595.2404 595.6443 595.8698 595.7189 595.4274 595.147 594.7525 595.024 595.0568 594.9829 594.9023 594.8035 594.6473 594.3192 593.9425 594.6121 594.8 594.8128 594.8115 594.8113 594.8113 594.8111 594.8115 594.8124 594.8137 594.8133 594.8144 594.8657 595.1778 595.3771 595.4376 595.3927 595.2755 595.3052 595.7515 596.5281 597.5013 598.3809 599.2523 599.5878 599.5307 599.4686 599.4478 599.4219 599.3883 599.3868 599.52 600.0588 600.6666 601.0516 601.6583 602.3287 602.6232 602.6814 602.5642 602.429 602.3049 602.2228 602.167 602.123 602.048 601.9057 601.7042 601.5134 601.3622 601.2926 601.125 600.6498 599.808 599.2501 599.2112 599.3607 599.4031
595.2279 595.7178 596.1437 596.3077 595.9329 595.4465 594.9905 594.8102 594.8529 594.9352 594.921 594.8123 594.6153 594.4252 594.1979 594.2205 594.6774 594.9645 595.0861 595.1404 595.1653 595.1738 595.1754 595.1783 595.187 595.2029 595.2235 595.2566 595.3548 595.5944 595.8037 595.914 595.932 595.8795 596.0066 596.6103 597.6148 598.7394 599.9329 600.9035 600.7724 599.9504 599.5286 599.3675 599.3276 599.3829 599.6412 600.1586 600.8304 601.3914 601.7732 602.1059 602.4391 602.6428 602.6716 602.5699 602.431 602.3403 602.2815 602.2482 602.2036 602.0988 601.9005 601.6093 601.2734 600.9465 600.7739 600.4861 599.734 598.9739 598.2337 598.2145 598.8636 599.3558
595.4207 595.8918 596.3149 596.3062 596.0149 595.5596 594.9918 594.7838 594.8065 594.81 594.8095 594.7328 594.5334 594.4327 594.4215 594.5108 594.7738 595.0908 595.2999 595.4252 595.4929 595.5233 595.5365 595.551 595.577 595.6167 595.6648 595.7116 595.7976 595.9548 596.1195 596.2155 596.3186 596.3246 596.5349 597.4504 598.559 599.9441 601.8059 603.3594 602.5369 601.0388 599.8496 599.335 599.1974 599.3641 599.7966 600.6852 601.4625 602.0284 602.3768 602.439 602.5519 602.623 602.6166 602.528 602.4294 602.3293 602.2634 602.2216 602.1545 601.9915 601.6862 601.2408 600.6984 600.132 599.6511 599.2494 598.6521 598.0268 597.7296 597.955 598.6315 599.2236
595.4706 595.892 596.2201 596.3609 596.4139 596.2949 595.9265 595.3688 595.0963 594.9266 594.8361 594.7902 594.6486 594.7745 594.7896 594.7974 594.8915 595.269 595.5287 595.6986 595.7963 595.8445 595.8678 595.8912 595.9298 595.9877 596.0558 596.0913 596.1342 596.2124 596.3271 596.3322 596.4469 596.5889 596.9786 597.8687 599.1096 600.7305 603.2994 605.7832 603.912 602.0278 600.5378 599.4522 599.0406 599.1208 599.6262 600.8174 601.8546 602.4339 602.6648 602.6432 602.5969 602.5567 602.528 602.4309 602.349 602.2605 602.1869 602.1228 602.0109 601.7616 601.2958 600.5928 599.7018 599.1012 598.585 598.1101 597.829 597.559 597.5673 597.9841 598.7258 599.3338
595.7463 596.2738 596.6586 597.1316 597.5493 597.6697 597.4932 597.0167 596.5968 596.1107 595.6342 595.2075 594.9763 594.9495 594.939 594.9383 595.049 595.5272 595.8233 595.9901 596.0771 596.1198 596.141 596.1609 596.1938 596.2477 596.3273 596.3295 596.3295 596.3309 596.4028 596.4304 596.5121 596.6708 597.0781 597.8522 598.9792 600.4437 602.5851 603.9928 603.2258 602.0624 600.7633 599.5095 598.9388 598.9543 599.5548 600.9056 602.1809 602.6918 602.795 602.688 602.5443 602.4319 602.428 602.3345 602.2435 602.1539 602.0681 601.9746 601.8159 601.4832 600.8467 599.7576 598.7334 598.0648 597.7863 597.5239 597.4322 597.4572 597.722 598.2798 599.1398 599.3884
596.6617 597.5176 598.184 598.7518 599.2559 599.486 599.469 599.0816 598.5751 597.907 597.2949 596.7834 596.3864 596.1898 596.107 596.0526 596.0794 596.2429 596.3119 596.3257 596.3282 596.329 596.3294 596.3296 596.3298 596.33 596.3531 596.3615 596.3808 596.409 596.4557 596.4726 596.5058 596.6198 596.9174 597.4822 598.3079 599.6105 601.2332 602.3663 602.3865 601.7796 600.7652 599.5241 598.9072 598.8972 599.5421 600.9503 602.2701 602.7396 602.7615 602.6014 602.4308 602.312 602.257 602.176 602.0892 602.0001 601.9014 601.7803 601.5852 601.2267 600.5817 599.3616 598.1457 597.5732 597.3725 597.3347 597.4756 597.7241 598.2316 599.0137 599.3766 599.4919
598.6658 599.9649 600.9213 601.5077 601.8059 601.887 601.8021 601.4182 600.8676 600.2344 599.644 599.053 598.4699 597.9705 597.6024 597.2535 597.0024 596.8778 596.726 596.5902 596.4951 596.4402 596.4117 596.3834 596.3429 596.3077 596.3011 596.324 596.3829 596.4515 596.4982 596.4875 596.461 596.501 596.6997 597.1243 597.7953 598.7511 599.925 600.9674 601.4756 601.3296 600.627 599.5065 598.9211 598.922 599.5823 601.02 602.2607 602.6519 602.6077 602.4337 602.2906 602.1633 602.0663 601.9738 601.8817 601.7875 601.6703 601.5237 601.2782 600.8962 600.2592 599.2943 598.2247 597.6486 597.491 597.6085 597.9715 598.326 599.0262 599.3051 599.3818 599.4966
601.9402 603.683 604.8184 605.3017 605.3016 605.0899 604.772 604.3206 603.7645 603.168 602.592 601.9142 601.1161 600.2532 599.4664 598.7775 598.203 597.7847 597.3419 597.0232 596.7943 596.6492 596.576 596.5081 596.4045 596.3239 596.2987 596.3365 596.4297 596.5288 596.5721 596.5215 596.4218 596.382 596.4985 596.8004 597.2997 597.9999 598.978 599.8572 600.6257 600.7708 600.2307 599.4287 598.9557 598.9883 599.6722 601.181 602.1708 602.5007 602.4329 602.3171 602.1724 602.0139 601.8675 601.7394 601.6216 601.5126 601.3584 601.2042 600.9009 600.525 600.0524 599.4929 598.9657 598.2642 598.0984 598.3018 598.9572 599.2352 599.3713 599.3805 599.4326 599.533
606.1978 608.3315 609.6669 610.0813 609.8694 609.3829 608.8168 608.2325 607.6354 607.0272 606.389 605.5571 604.4133 603.1736 601.9712 600.9363 600.041 599.2191 598.3965 597.8585 597.4382 597.1412 596.9985 596.8738 596.6604 596.5104 596.4666 596.5142 596.6235 596.7292 596.7488 596.629 596.4426 596.3187 596.3607 596.5868 596.9482 597.4461 598.114 598.9875 599.6447 599.9773 599.7668 599.3702 599.017 599.0543 599.7134 601.2296 602.1355 602.4308 602.4056 602.2687 602.0817 601.8729 601.6653 601.4772 601.3063 601.1792 600.9371 600.7994 600.4407 600.0855 599.7682 599.5357 599.3773 599.2467 599.209 599.2703 599.38 599.3807 599.38 599.409 599.4772 599.5927
610.9531 613.4246 615.0543 615.6396 615.403 614.7598 614.0087 613.2983 612.6204 611.9371 611.1744 610.1061 608.5211 606.8668 605.2487 603.858 602.6016 601.378 600.2212 599.3301 598.6149 598.072 597.8257 597.6147 597.2262 596.9972 596.9373 596.9813 597.0757 597.1517 597.116 596.8779 596.5719 596.3556 596.3405 596.5188 596.7732 597.116 597.5664 598.1652 598.9796 599.4002 599.3972 599.3109 599.0951 599.106 599.6927 601.1843 602.1605 602.4302 602.4014 602.2252 601.9829 601.7167 601.4496 601.1888 600.9298 600.8081 600.4278 600.1145 599.8541 599.6258 599.3925 599.3777 599.3649 599.3853 599.4031 599.417 599.4103 599.3717 599.3627 599.4095 599.5126 599.6581
615.8214 618.4866 620.3585 621.1578 621.0369 620.4099 619.6403 618.9152 618.2095 617.4388 616.4672 615.1385 613.3677 611.3993 609.3735 607.6351 605.9702 604.2549 602.7079 601.4658 600.4586 599.6526 599.155 598.6874 598.2016 597.9457 597.8764 597.887 597.9105 597.8962 597.7626 597.3263 596.8511 596.5172 596.4406 596.6037 596.7865 596.9905 597.2661 597.6521 598.2045 598.9816 599.3313 599.4055 599.2443 599.1753 599.623 601.0268 602.2447 602.4307 602.375 602.1498 601.843 601.5166 601.2023 600.882 600.527 600.2118 599.8019 599.4441 599.3801 599.3787 599.2523 599.2347 599.262 599.3044 599.3257 599.2935 599.2581 599.2443 599.2794 599.3779 599.5331 599.7113
620.4924 623.0935 625.0338 625.9736 626.0399 625.6062 625.0317 624.4636 623.8761 623.1525 622.1298 620.6566 618.7082 616.4412 614.1406 612.1087 610.0443 607.783 605.8501 604.2781 603.0048 602.004 601.2551 600.6063 600.067 599.6812 599.4991 599.4015 599.2761 599.059 598.6862 598.0225 597.3331 596.8212 596.6207 596.7101 596.9095 597.0624 597.1628 597.3395 597.6515 598.1281 598.7515 599.3174 599.3576 599.262 599.5948 600.9581 602.2488 602.4303 602.327 602.0326 601.6498 601.249 600.8828 600.4716 600.0781 599.7169 599.3726 599.1752 599.2605 599.4778 599.5179 599.5402 599.5366 599.4934 599.3909 599.2292 599.1243 599.1047 599.1725 599.325 599.532 599.735
624.7254 627.0225 628.8421 629.8231 630.0886 629.9686 629.7555 629.5037 629.1674 628.6062 627.6489 626.1505 624.1011 621.5975 618.9049 616.3395 614.0524 611.7509 609.6954 607.9399 606.5287 605.3887 604.467 603.6323 602.9003 602.2939 601.8694 601.5325 601.1332 600.683 600.1058 599.1995 598.1418 597.3486 596.9539 596.952 597.1672 597.2723 597.2491 597.2038 597.3064 597.6063 598.1097 598.8969 599.3704 599.3378 599.5887 600.9057 602.164 602.3929 602.231 601.8694 601.42 600.9459 600.5036 600.0455 599.6678 599.3669 599.1635 599.2394 599.6547 600.3118 600.7238 600.8419 600.7853 600.537 600.0057 599.4525 599.1511 599.0443 599.0929 599.2687 599.5062 599.7145
628.3851 630.249 631.8465 632.8289 633.2686 633.4731 633.6458 633.7766 633.7444 633.3817 632.5384 631.1179 629.1256 626.6068 623.8126 621.0657 618.5587 616.2537 614.2582 612.5546 611.1363 609.9159 608.871 607.7949 606.7202 605.7234 604.8682 604.1583 603.4589 602.7937 601.9279 600.7181 599.3514 598.1585 597.4722 597.3236 597.5256 597.5961 597.4071 597.2084 597.1396 597.3196 597.8192 598.5614 599.3047 599.3674 599.575 600.7927 601.8102 602.1444 602.0247 601.6607 601.2133 600.8157 600.2213 599.6799 599.3597 599.1587 599.2539 599.7793 600.8102 601.8274 602.3146 602.3873 602.1476 601.5771 600.8425 600.0684 599.4451 599.1395 599.0863 599.2287 599.4597 599.6398
631.4661 632.8623 -9999 -9999 -9999 -9999 636.7046 637.1527 637.4056 637.2152 636.4808 635.2316 633.4822 631.1952 628.5621 625.9276 623.5052 621.3508 619.4861 617.8678 616.4928 615.2748 614.1 612.775 611.2581 609.6711 608.1539 606.9119 605.8704 604.8887 603.7267 602.3215 600.7681 599.303 598.1979 597.8082 598.0294 597.9552 597.5509 597.2078 597.0485 597.1086 597.4651 598.0769 598.9741 599.3051 599.5695 600.7128 601.5345 601.8704 601.7841 601.4281 600.9382 600.5447 599.9825 599.4121 599.1659 599.2246 599.7545 600.8856 602.2366 603.3424 603.7829 603.7262 603.226 602.4963 601.6806 600.8389 600.0354 599.4249 599.1826 599.2238 599.4122 599.542
-9999 -9999 -9999 -9999 -9999 -9999 -9999 -9999 -9999 -9999 639.3514 638.3829 637.0402 635.174 632.899 630.5697 628.4254 626.5137 624.8061 623.2709 621.9213 620.6866 619.388 617.7988 615.8153 613.5463 611.2922 609.4785 608.0751 606.6745 605.2902 603.8021 602.195 600.5988 599.2297 598.3439 598.5369 598.0443 597.5764 597.2075 597.0221 597.0347 597.2678 597.73 598.3342 599.2166 599.5402 600.5544 601.2577 601.6025 601.5872 601.3206 600.9182 600.5764 600.0915 599.6305 599.4369 599.7615 600.7952 602.2134 603.6135 604.5578 604.8637 604.6672 604.0461 603.272 602.4346 601.58 600.7028 599.9072 599.4047 599.2719 599.3861 599.4852
-9999 -9999 -9999 -9999 -9999 -9999 -9999 -9999 -9999 -9999 -9999 -9999 639.8544 638.4798 636.6475 634.7155 632.9478 631.2825 629.6824 628.1744 626.8027 625.5347 624.1326 622.3036 619.9003 617.0198 614.0563 611.5938 609.7063 608.0626 606.5433 605.0469 603.4449 601.8466 600.3995 599.196 598.379 597.9899 597.7296 597.4037 597.2396 597.2491 597.4213 597.8642 598.5058 599.2773 599.4273 600.0597 600.8519 601.2888 601.4089 601.3195 601.1086 600.8756 600.491 600.2308 600.2798 600.8557 601.9808 603.4842 604.9032 605.7909 605.918 605.5535 604.7867 603.8721 603.0032 602.1789 601.1934 600.4083 599.7982 599.3984 599.3714 599.4354
-9999 -9999 -9999 -9999 -9999 -9999 -9999 -9999 -9999 -9999 -9999 -9999 -9999 641.1003 639.6819 638.2269 636.8343 635.3324 633.7162 632.1395 630.7094 629.426 627.9813 626.0121 623.351 620.0757 616.5856 613.4644 611.1705 609.2914 607.6399 606.1034 604.6092 603.0339 601.5847 600.439 599.4969 599.0374 598.5908 598.0914 597.9089 597.9018 598.0175 598.3792 598.8704 599.3592 599.4042 599.5618 600.3568 600.8816 601.1691 601.2754 601.2371 601.1061 600.9121 600.9073 601.1768 601.8529 602.7974 604.4626 606.2297 607.3831 607.3412 606.5338 605.3741 604.1587 603.3015 602.5363 601.7964 600.9908 600.317 599.7109 599.3885 599.3723
-9999 -9999 -9999 -9999 -9999 -9999 -9999 -9999 -9999 -9999 -9999 -9999 -9999 -9999 -9999 -9999 639.9158 638.5342 636.7654 635.0092 633.5034 632.2333 630.8508 628.9069 626.1978 622.7799 619.0305 615.5201 612.8214 610.6506 608.8226 607.1871 605.6508 604.1689 602.8599 601.8663 600.9992 600.5053 600.0177 599.4199 599.1835 599.1506 599.2071 599.361 599.569 599.8191 599.7489 599.5512 599.5878 600.2719 600.7778 601.0765 601.2188 601.2366 601.2419 601.4625 602.0458 602.6425 603.3129 605.2332 607.4673 608.9219 608.5845 607.1608 605.6117 604.2455 603.4408 602.8485 602.3074 601.4945 600.7661 599.9724 599.5122 599.3624
-9999 -9999 -9999 -9999 -9999 -9999 -9999 -9999 -9999 -9999 -9999 -9999 -9999 -9999 -9999 -9999 -9999 -9999 -9999 -9999 -9999 -9999 -9999 631.1082 628.5741 625.2886 621.598 617.9825 614.8613 612.3873 610.368 608.6672 607.1665 605.7827 604.5621 603.6078 602.8223 602.2626 601.6463 601.0551 600.7572 600.662 600.6644 600.7211 600.8091 600.8706 600.6658 600.131 599.7003 599.481 600.2033 600.6068 600.9263 601.0625 601.1249 601.3219 601.8064 602.354 603.1954 605.165 607.2936 608.3925 608.1196 606.7223 605.2625 604.0097 603.1996 602.6713 602.1569 601.3814 600.6495 599.8669 599.4285 599.2676
