backend/lakes/data/Fawcett Lake/fawc_dem_tm.asc
ncols         363
nrows         200
xllcorner     558600
yllcorner     6123800
cellsize      50
NODATA_value  -9999
[rows 99 to 131 of 200, columns 0 to 73 of 363]
-9999 -9999 -9999 -9999 -9999 -9999 -9999 -9999 -9999 -9999 -9999 -9999 -9999 -9999 -9999 -9999 -9999 -9999 -9999 -9999 -9999 -9999 -9999 -9999 -9999 -9999 -9999 -9999 -9999 -9999 -9999 -9999 -9999 -9999 -9999 -9999 -9999 -9999 -9999 -9999 -9999 -9999 -9999 -9999 -9999 -9999 -9999 -9999 -9999 -9999 -9999 -9999 -9999 -9999 -9999 -9999 -9999 -9999 -9999 -9999 -9999 -9999 -9999 -9999 -9999 -9999 -9999 -9999 -9999 -9999 -9999 -9999 -9999 -9999
-9999 -9999 -9999 -9999 -9999 -9999 -9999 -9999 -9999 -9999 -9999 -9999 -9999 -9999 -9999 -9999 -9999 -9999 -9999 -9999 -9999 -9999 -9999 -9999 -9999 -9999 -9999 -9999 -9999 -9999 -9999 -9999 -9999 -9999 -9999 -9999 -9999 -9999 -9999 -9999 -9999 -9999 -9999 -9999 -9999 -9999 -9999 -9999 -9999 -9999 -9999 -9999 -9999 -9999 -9999 -9999 -9999 -9999 -9999 -9999 -9999 -9999 -9999 -9999 -9999 -9999 -9999 -9999 -9999 -9999 -9999 -9999 -9999 -9999
-9999 -9999 -9999 -9999 -9999 -9999 -9999 -9999 -9999 -9999 -9999 -9999 -9999 -9999 -9999 -9999 -9999 -9999 -9999 -9999 -9999 -9999 -9999 -9999 -9999 -9999 -9999 -9999 -9999 -9999 -9999 -9999 -9999 -9999 -9999 -9999 -9999 -9999 -9999 -9999 -9999 -9999 -9999 -9999 -9999 -9999 -9999 -9999 -9999 -9999 -9999 -9999 -9999 -9999 -9999 -9999 -9999 -9999 -9999 -9999 -9999 -9999 -9999 -9999 -9999 -9999 -9999 -9999 -9999 -9999 -9999 -9999 -9999 -9999
-9999 -9999 -9999 -9999 -9999 -9999 -9999 -9999 -9999 -9999 -9999 -9999 -9999 -9999 -9999 -9999 -9999 -9999 -9999 -9999 -9999 -9999 -9999 -9999 -9999 -9999 -9999 -9999 -9999 -9999 -9999 -9999 -9999 -9999 -9999 -9999 -9999 -9999 -9999 623.7307 622.9064 -9999 -9999 -9999 -9999 -9999 -9999 -9999 -9999 -9999 -9999 -9999 -9999 -9999 -9999 -9999 -9999 -9999 -9999 -9999 -9999 -9999 -9999 -9999 -9999 -9999 -9999 -9999 -9999 -9999 -9999 -9999 -9999 -9999
-9999 -9999 -9999 -9999 -9999 -9999 -9999 -9999 -9999 -9999 -9999 -9999 -9999 -9999 -9999 -9999 -9999 -9999 -9999 -9999 -9999 -9999 -9999 619.3947 618.9234 618.8289 619.1093 -9999 -9999 -9999 -9999 -9999 -9999 -9999 -9999 -9999 621.9677 622.7587 622.8215 621.9407 621.053 620.8762 621.1845 621.6384 621.9799 -9999 -9999 -9999 -9999 -9999 -9999 -9999 -9999 -9999 -9999 -9999 -9999 -9999 -9999 -9999 -9999 -9999 -9999 -9999 -9999 -9999 -9999 -9999 -9999 -9999 -9999 -9999 -9999 -9999
-9999 -9999 -9999 -9999 -9999 -9999 -9999 -9999 -9999 -9999 -9999 -9999 -9999 -9999 -9999 -9999 -9999 -9999 -9999 -9999 -9999 -9999 618.0537 617.8496 617.3962 617.3807 617.8143 617.9796 617.8519 -9999 -9999 -9999 -9999 -9999 -9999 619.8917 620.6099 621.0669 620.8385 619.9922 619.2781 619.2923 619.8962 620.632 621.1429 621.6127 622.2871 -9999 -9999 -9999 -9999 -9999 -9999 -9999 -9999 -9999 -9999 -9999 -9999 -9999 -9999 -9999 -9999 -9999 -9999 -9999 -9999 -9999 -9999 -9999 -9999 -9999 -9999 -9999
-9999 -9999 -9999 -9999 -9999 -9999 -9999 -9999 -9999 -9999 -9999 -9999 -9999 -9999 -9999 -9999 -9999 -9999 -9999 -9999 -9999 617.5008 617.1075 616.8288 616.4664 616.5179 616.9777 617.2379 616.9877 616.5239 -9999 -9999 -9999 -9999 618.1199 618.9469 619.1648 619.0403 618.4925 617.6843 617.1431 617.3931 618.2031 619.1585 620.022 620.8187 621.7493 622.9039 -9999 -9999 -9999 -9999 -9999 -9999 -9999 -9999 -9999 -9999 -9999 -9999 -9999 -9999 -9999 -9999 -9999 -9999 -9999 -9999 -9999 -9999 -9999 -9999 -9999 -9999
-9999 -9999 -9999 -9999 -9999 -9999 -9999 -9999 -9999 -9999 -9999 -9999 -9999 -9999 -9999 -9999 -9999 -9999 -9999 -9999 617.9861 617.1365 616.4855 615.9501 615.5564 615.6514 616.3165 616.8892 616.6282 616.0533 -9999 -9999 -9999 -9999 618.5141 618.6923 618.1165 617.161 616.0102 614.9451 614.3436 614.7429 615.6971 616.8935 618.1432 619.4214 620.8473 622.3877 623.8864 624.8071 625.1084 -9999 -9999 -9999 -9999 -9999 -9999 -9999 -9999 -9999 -9999 -9999 -9999 -9999 -9999 -9999 -9999 -9999 -9999 -9999 -9999 -9999 -9999 -9999
-9999 -9999 -9999 -9999 -9999 -9999 -9999 -9999 -9999 -9999 -9999 -9999 -9999 -9999 -9999 -9999 -9999 -9999 -9999 -9999 617.6068 616.8571 615.8967 614.9741 614.3807 614.4189 615.4272 616.3538 616.6088 616.3298 616.0593 -9999 617.7177 618.9454 619.5827 619.0414 617.5806 615.7174 613.8644 612.3552 611.3887 611.756 612.6812 614.0613 615.6323 617.3605 619.2515 621.1576 622.8777 624.0297 624.3143 624.3091 624.6842 624.9959 625.033 625.1442 -9999 -9999 -9999 -9999 -9999 -9999 -9999 -9999 -9999 -9999 -9999 -9999 -9999 -9999 -9999 -9999 -9999 -9999
-9999 -9999 -9999 -9999 -9999 -9999 -9999 -9999 -9999 -9999 -9999 -9999 -9999 -9999 -9999 -9999 -9999 -9999 -9999 -9999 617.2714 616.4534 615.1614 613.7766 612.6744 612.7056 614.1898 615.9086 616.8625 616.9575 616.7281 617.2924 618.7526 620.2023 620.7368 619.4547 617.2149 614.7228 612.602 611.4225 610.41 610.0186 610.0858 611.2858 612.8827 614.8426 617.033 619.1924 621.0255 622.2675 622.7799 623.2365 623.9804 624.682 625.1287 625.8157 626.3209 626.9385 -9999 -9999 -9999 -9999 -9999 -9999 -9999 -9999 -9999 -9999 -9999 -9999 -9999 -9999 -9999 -9999
-9999 -9999 -9999 -9999 -9999 -9999 -9999 -9999 -9999 -9999 -9999 -9999 -9999 -9999 -9999 -9999 -9999 -9999 -9999 617.5875 617.1517 616.2549 614.6892 612.8032 611.2191 611.0502 613.1531 615.5566 617.1168 617.3857 617.0111 617.686 619.2252 620.5854 620.3561 618.7347 616.2234 613.6976 612.167 611.5098 610.4502 609.6179 609.2493 609.6919 610.5878 612.2852 614.4545 616.6503 618.4918 619.7424 620.5582 621.4899 622.6603 623.807 624.6778 625.4722 625.981 626.3282 626.8603 626.7463 -9999 -9999 -9999 -9999 -9999 -9999 -9999 -9999 -9999 -9999 -9999 -9999 -9999 -9999
-9999 -9999 -9999 -9999 -9999 -9999 -9999 -9999 -9999 -9999 -9999 -9999 -9999 -9999 -9999 -9999 -9999 -9999 -9999 617.8925 617.2837 616.3043 614.6636 612.3972 610.2115 609.6038 612.0868 614.827 616.6094 617.2617 616.7404 617.157 618.2865 619.1909 618.5822 616.8068 614.4715 612.3865 611.381 610.9922 610.5231 609.7175 609.144 609.1461 609.6595 610.1727 611.837 613.8054 615.4604 616.6027 617.6134 618.8332 620.2944 621.7794 623.1506 624.2732 625.0527 625.6586 626.0792 626.0327 625.5745 625.0723 -9999 -9999 -9999 -9999 -9999 -9999 -9999 -9999 -9999 -9999 -9999 -9999
-9999 -9999 -9999 -9999 -9999 -9999 -9999 -9999 -9999 -9999 -9999 -9999 -9999 -9999 -9999 -9999 -9999 -9999 618.2092 618.2195 617.8118 616.7396 614.873 612.2719 609.6296 609.2946 611.0079 613.3745 615.0922 615.5898 615.2082 615.3433 615.9843 616.4116 615.6575 614.1722 612.5234 611.4969 610.7161 610.3164 610.0559 609.6682 609.1532 608.8325 608.8426 608.8316 609.5472 611.041 612.3342 613.1848 614.1718 615.3629 616.8791 618.4899 620.2465 621.8653 623.2469 624.4117 625.1636 625.3608 625.0298 624.5607 624.2734 624.7814 -9999 -9999 -9999 -9999 -9999 -9999 -9999 -9999 -9999 -9999
-9999 -9999 -9999 -9999 -9999 -9999 -9999 -9999 -9999 -9999 -9999 -9999 -9999 -9999 -9999 -9999 -9999 619.8813 619.1755 618.6903 617.9005 616.676 614.7143 612.2968 610.0307 609.3221 610.0336 611.3257 612.5352 613.0326 612.8265 612.795 613.081 613.1164 612.4492 611.6194 611.1552 611.0378 610.3317 609.7944 609.5027 609.276 608.9504 608.53 608.1349 607.9493 608.2472 609.077 609.9463 610.6407 610.881 611.665 613.0147 614.4874 616.4199 618.375 620.344 622.1669 623.5798 624.2921 624.2779 624.037 623.9711 624.1569 623.7043 622.2101 620.7056 621.7343 623.885 626.2224 -9999 -9999 -9999 -9999
-9999 -9999 -9999 -9999 -9999 -9999 -9999 -9999 -9999 -9999 -9999 -9999 -9999 -9999 -9999 -9999 -9999 620.9648 620.1012 618.9063 617.3375 615.5309 613.6672 611.7291 610.1381 609.28 609.2188 609.5602 609.9132 610.5278 610.8299 610.9131 610.8586 610.5573 609.8881 609.7413 609.834 610.0678 609.88 609.4735 609.1453 608.9498 608.7292 608.3654 607.9026 607.5259 607.4249 607.6964 608.0544 608.3463 608.4597 608.9396 609.8942 611.1729 612.7997 614.5358 616.7042 618.8795 620.8354 622.1296 622.7283 622.8982 623.1987 623.652 623.49 622.7772 621.7516 622.935 624.9768 627.0717 628.5986 629.1508 -9999 -9999
-9999 -9999 -9999 -9999 -9999 -9999 -9999 -9999 -9999 -9999 -9999 -9999 -9999 -9999 -9999 -9999 621.0295 621.3375 620.4909 618.514 616.0425 613.816 612.7841 611.4996 610.2327 609.3093 608.8029 608.6051 608.6239 609.0323 609.4521 609.6217 609.4612 609.1255 608.764 608.704 608.8767 609.165 609.2863 609.187 608.9668 608.8104 608.6672 608.3715 607.9005 607.3855 606.9772 606.8118 606.7514 606.7463 606.6892 606.9131 607.5387 608.5883 609.9668 611.5369 613.3747 615.2423 617.3321 618.906 619.9194 620.6254 621.3293 622.0189 622.2267 621.9329 621.8513 623.0089 624.8376 626.6951 628.0903 628.8198 628.8058 628.5589
-9999 -9999 -9999 -9999 -9999 -9999 -9999 -9999 -9999 -9999 -9999 -9999 -9999 -9999 -9999 -9999 618.0023 617.8578 617.7134 617.569 614.5174 612.1219 612.1702 611.2806 610.2151 609.2915 608.6392 608.1931 607.95 608.0967 608.4791 608.7137 608.6283 608.3218 608.1554 608.1044 608.1797 608.3856 608.5455 608.6201 608.6114 608.5952 608.5935 608.4272 608.0042 607.4283 606.8439 606.3688 605.9547 605.7847 605.5248 605.4998 605.8574 606.7402 607.9048 609.2448 610.7698 612.3923 614.0034 615.2371 616.205 617.1171 618.1157 618.9623 619.419 619.5712 620.0576 621.3377 623.1288 625.0005 626.5253 627.52 627.9056 627.8152
-9999 -9999 -9999 -9999 -9999 -9999 -9999 -9999 -9999 -9999 -9999 -9999 -9999 -9999 -9999 -9999 621.2101 620.8298 619.4769 616.698 613.5341 611.5334 611.1204 610.6882 609.9057 609.1121 608.4691 608.0045 607.673 607.5387 607.7336 607.9658 607.9761 607.8176 607.6626 607.6569 607.6274 607.684 607.8004 607.9319 608.0169 608.1349 608.2812 608.2921 607.9908 607.4437 606.8044 606.207 605.7001 605.3165 604.7886 604.5828 604.7846 605.4645 606.4261 607.5189 608.7273 610.0358 611.1593 611.9135 612.4283 613.23 614.2083 615.0398 615.6174 616.1021 616.9463 618.3732 620.2248 622.212 623.9843 625.2981 626.0473 626.233
-9999 -9999 -9999 -9999 -9999 -9999 -9999 -9999 -9999 -9999 -9999 -9999 -9999 -9999 -9999 623.356 622.6444 621.2533 619.0206 615.9431 612.7805 610.8818 610.1383 609.7448 609.3092 608.7817 608.2517 607.8329 607.5196 607.3007 607.2625 607.3635 607.4103 607.3619 607.2769 607.1827 607.1069 607.0592 607.087 607.2401 607.3607 607.4939 607.7196 607.868 607.7202 607.2524 606.6183 605.9713 605.3647 604.6793 604.0203 603.7474 603.8591 604.4501 605.2169 606.0345 606.9613 607.9347 608.8546 609.3579 609.7821 610.423 610.8942 611.3507 611.7881 612.636 613.7332 615.1273 616.7368 618.666 620.6211 622.16 623.101 623.5208
-9999 -9999 -9999 -9999 -9999 -9999 -9999 -9999 -9999 -9999 -9999 -9999 -9999 -9999 -9999 625.2151 623.8094 621.5838 618.7699 615.4552 612.278 610.3339 609.3701 608.9183 608.6516 608.3865 608.012 607.6545 607.3837 607.1768 607.0453 607.0248 607.0203 606.9945 606.9579 606.8379 606.6313 606.4902 606.4447 606.5793 606.7315 606.8267 607.0063 607.1926 607.1599 606.7919 606.1781 605.4688 604.7198 603.9204 603.1566 602.6694 602.7611 603.4302 603.9884 604.6104 605.3047 606.0007 606.7924 607.2174 607.5193 607.9064 608.0704 608.3365 608.8074 609.6909 610.8203 612.1111 613.4117 614.8782 616.7902 618.3568 619.2872 619.7079
-9999 -9999 -9999 -9999 -9999 -9999 -9999 -9999 -9999 -9999 -9999 -9999 -9999 -9999 -9999 627.1655 625.135 622.3275 619.0656 615.5137 612.2357 610.1022 608.9291 608.3553 608.1051 607.9888 607.7903 607.4996 607.2508 607.0715 606.9412 606.8627 606.8177 606.7784 606.7156 606.5647 606.289 606.0038 605.896 605.9226 606.0728 606.1634 606.2493 606.3776 606.3893 606.1302 605.5206 604.7709 603.9614 603.1294 602.3552 601.8203 601.8225 602.2558 602.714 603.191 603.7656 604.3201 604.9293 605.3393 605.5194 605.6614 605.7753 606.0179 606.4817 607.3112 608.3652 609.5784 610.5669 611.7349 613.2133 614.5135 615.4251 615.7104
-9999 -9999 -9999 -9999 -9999 -9999 -9999 -9999 -9999 -9999 -9999 -9999 -9999 -9999 -9999 629.1974 626.7281 623.5262 619.8655 615.926 612.3798 610.0691 608.7628 608.0812 607.7711 607.6566 607.5863 607.3875 607.1444 606.9669 606.8479 606.7559 606.6755 606.6001 606.4933 606.2729 605.9072 605.4933 605.2928 605.2501 605.2991 605.4355 605.4806 605.5199 605.5385 605.3784 604.7853 603.9982 603.1775 602.3564 601.5672 600.993 600.9089 601.1105 601.5229 601.8824 602.4097 603.0194 603.4821 603.7576 603.8558 603.9684 604.1972 604.6027 605.0405 605.4994 606.2458 607.3044 608.0297 608.8959 610.0377 611.1094 611.8807 612.2526
-9999 -9999 -9999 -9999 -9999 -9999 -9999 -9999 -9999 -9999 -9999 -9999 -9999 -9999 -9999 631.0454 628.3344 624.9203 620.9779 616.6884 612.6686 610.2574 608.8711 608.1041 607.6895 607.4924 607.3983 607.2882 607.082 606.8799 606.7521 606.6489 606.5299 606.3898 606.2023 605.8815 605.3784 604.7318 604.2349 604.1265 604.207 604.5615 604.7095 604.7429 604.7236 604.5387 603.9776 603.2156 602.4001 601.6063 600.9178 600.4424 600.2813 600.3643 600.5912 600.8635 601.2675 601.9487 602.2454 602.3425 602.4142 602.6507 603.0985 603.5356 603.7466 603.9622 604.4754 605.246 605.7689 606.3973 607.3271 608.1868 608.8822 609.3828
-9999 -9999 -9999 -9999 -9999 -9999 -9999 -9999 -9999 -9999 -9999 -9999 -9999 -9999 -9999 632.5384 629.7767 626.2632 622.1478 617.6453 613.3977 610.8004 609.2513 608.3671 607.8405 607.516 607.3198 607.1834 607.0161 606.8176 606.6566 606.5273 606.3588 606.1378 605.8338 605.3706 604.6887 604.0145 603.5793 603.4483 603.5754 603.8494 603.9532 603.9393 603.8463 603.6782 603.1586 602.4222 601.6445 600.9478 600.4048 600.0187 599.8168 599.8237 599.9109 600.0653 600.3586 600.8296 600.9996 601.0428 601.1768 601.6263 602.0988 602.3127 602.3869 602.567 603.0938 603.63 603.9495 604.4128 605.1917 605.7972 606.3534 606.9882
-9999 -9999 -9999 -9999 -9999 -9999 -9999 -9999 -9999 -9999 -9999 -9999 -9999 -9999 -9999 633.525 630.8234 627.2893 623.0988 618.5466 614.3059 611.4986 609.7636 608.7416 608.1215 607.6935 607.3815 607.1465 606.9525 606.7463 606.5492 606.3649 606.136 605.8158 605.3577 604.6964 604.0175 603.4789 603.1151 602.9535 602.9673 603.1144 603.1193 603 602.7222 602.566 602.2728 601.6413 600.9772 600.4539 600.0159 599.6631 599.3928 599.332 599.3267 599.3498 599.5032 599.9072 600.0745 600.1354 600.3107 600.7402 600.9743 601.0364 601.0756 601.2965 601.8956 602.2202 602.4208 602.835 603.518 603.9401 604.364 605.0024
-9999 -9999 -9999 -9999 -9999 -9999 -9999 -9999 -9999 -9999 -9999 -9999 -9999 -9999 -9999 633.9785 631.3044 627.7519 623.4978 618.9272 614.7264 611.9278 610.1663 609.0797 608.4039 607.9304 607.5455 607.2233 606.9438 606.694 606.4409 606.1649 605.826 605.3864 604.697 604.0281 603.5131 603.1185 602.8204 602.6025 602.4482 602.4204 602.3526 602.1428 601.8316 601.6683 601.4453 600.9694 600.5171 600.1049 599.7067 599.3288 598.9063 598.6519 598.5781 598.6054 598.7878 599.2108 599.3423 599.373 599.5075 599.9014 600.0817 600.1105 600.1404 600.302 600.6469 600.8184 601.0255 601.5541 602.0849 602.3457 602.6576 603.2483
-9999 -9999 -9999 -9999 -9999 -9999 -9999 -9999 -9999 -9999 -9999 -9999 -9999 -9999 -9999 633.7606 631.1062 627.5154 623.2079 618.6409 614.5233 611.92 610.3049 609.2819 608.6078 608.1284 607.7334 607.3706 607.0294 606.704 606.3793 606.0048 605.5096 604.8911 604.1116 603.5968 603.2164 602.928 602.6879 602.4306 602.0933 601.7856 601.4838 601.1172 600.9449 600.9133 600.8547 600.5505 600.2112 599.8485 599.4097 598.8741 598.3365 597.9406 597.8499 597.8593 597.9934 598.3938 598.5718 598.6786 598.9329 599.2805 599.3704 599.3682 599.3676 599.3999 599.4771 599.5533 599.7934 600.4193 600.7253 600.851 601.1171 601.7321
-9999 -9999 -9999 -9999 -9999 -9999 -9999 -9999 -9999 -9999 -9999 -9999 -9999 -9999 -9999 632.9979 630.29 626.6517 622.3294 617.8177 613.8516 611.5681 610.187 609.3129 608.709 608.255 607.8755 607.5197 607.1608 606.7936 606.4113 605.9808 605.4453 604.7144 603.9609 603.4531 603.1189 602.8903 602.687 602.4075 601.8621 601.3051 600.8952 600.5671 600.4155 600.3877 600.3558 600.1922 599.9563 599.6534 599.2283 598.478 597.8694 597.4647 597.2935 597.2756 597.4244 597.7352 597.8391 597.9485 598.2982 598.5538 598.6284 598.6515 598.7208 598.7617 598.7908 598.8597 599.0483 599.365 599.4789 599.5424 599.804 600.4512
-9999 -9999 -9999 -9999 -9999 -9999 -9999 -9999 -9999 -9999 -9999 -9999 -9999 -9999 -9999 631.6387 628.9423 625.3306 621.1008 616.8326 613.3778 611.2123 609.9545 609.2113 608.7185 608.3235 607.9719 607.633 607.2808 606.9028 606.4922 606.0221 605.4501 604.6871 603.9529 603.4426 603.1224 602.918 602.7205 602.3954 601.705 600.9716 600.5376 600.2367 600.0764 600.0269 599.9938 599.8784 599.6766 599.3575 598.7969 598.0186 597.4896 597.0973 596.8635 596.766 596.83 596.9708 597.0605 597.243 597.6736 597.8315 597.8659 597.9296 598.1477 598.2606 598.331 598.427 598.5474 598.676 598.7332 598.7975 599.007 599.3604
-9999 -9999 -9999 -9999 -9999 -9999 -9999 -9999 -9999 -9999 -9999 -9999 -9999 -9999 -9999 630.003 627.3239 623.7273 619.6064 615.6207 612.6338 610.7316 609.6431 609.0443 608.6696 608.3656 608.0559 607.7285 607.3774 606.9929 606.5645 606.066 605.4594 604.6898 603.9622 603.4646 603.1523 602.9498 602.7452 602.3939 601.679 600.9166 600.4469 600.0978 599.8744 599.7758 599.7271 599.6061 599.3823 599.0372 598.5076 597.8705 597.2979 596.8494 596.5441 596.3419 596.3246 596.3354 596.3486 596.4551 596.843 597.0156 597.0889 597.2269 597.5408 597.6833 597.8531 598.093 598.1929 598.2356 598.2999 598.3565 598.5017 598.6823
-9999 -9999 -9999 -9999 -9999 -9999 -9999 -9999 -9999 -9999 -9999 -9999 -9999 -9999 630.168 628.4003 625.6754 622.0305 617.9548 614.2148 611.658 610.1243 609.2969 608.8749 608.6311 608.4154 608.1594 607.8429 607.4761 607.0698 606.6183 606.0938 605.4618 604.6885 603.966 603.4858 603.1804 602.9719 602.7554 602.4028 601.7623 601.0106 600.5415 600.0879 599.7478 599.5873 599.5355 599.381 599.1263 598.7596 598.271 597.7581 597.1212 596.6365 596.3195 596.077 595.9814 595.9645 595.9902 596.095 596.3098 596.3467 596.3451 596.3683 596.4703 596.639 597.1245 597.6768 597.8397 597.8792 598.0311 598.0945 598.2102 598.3135
-9999 -9999 -9999 -9999 -9999 -9999 -9999 -9999 -9999 -9999 -9999 -9999 -9999 -9999 628.8488 627.0246 624.1929 620.449 616.3645 612.7985 610.62 609.4743 608.9635 608.7578 608.6492 608.516 608.2982 607.9869 607.5962 607.1528 606.6665 606.1135 605.4615 604.683 603.9665 603.5042 603.2108 603.0033 602.7878 602.4548 602.02 601.3802 600.8094 600.1321 599.6117 599.3852 599.3663 599.1685 598.8762 598.4725 597.9327 597.3643 596.7709 596.3325 596.0431 595.8434 595.7582 595.7674 595.8193 595.893 595.9685 595.9464 595.8917 595.8531 595.8806 596.0405 596.4125 596.9353 597.2854 597.5455 597.8281 597.8704 598.025 598.0956
-9999 -9999 -9999 -9999 -9999 -9999 -9999 -9999 -9999 -9999 -9999 -9999 -9999 -9999 628.0343 626.0876 623.0899 619.1993 615.0624 611.6082 609.7678 608.9617 608.7247 608.7274 608.7559 608.6923 608.49 608.1576 607.7281 607.24 606.7137 606.1315 605.4615 604.6776 603.9662 603.5211 603.2502 603.0688 602.9043 602.6806 602.3507 601.6495 600.8932 600.0931 599.427 599.1635 599.0538 598.8723 598.5988 598.2109 597.7017 596.9595 596.3653 596.0084 595.7819 595.6432 595.6083 595.6662 595.7531 595.814 595.8214 595.7633 595.6853 595.617 595.6044 595.7188 595.9949 596.3605 596.7434 597.0957 597.4202 597.6266 597.8409 597.8608
