backend/lakes/data/Fawcett Lake/fawc_dem_tm.asc
ncols         363
nrows         200
xllcorner     558600
yllcorner     6123800
cellsize      50
NODATA_value  -9999
[rows 99 to 131 of 200, columns 222 to 295 of 363]
-9999 -9999 -9999 -9999 -9999 -9999 -9999 -9999 -9999 -9999 -9999 -9999 -9999 -9999 -9999 -9999 -9999 -9999 -9999 -9999 -9999 -9999 -9999 -9999 -9999 -9999 -9999 -9999 -9999 -9999 -9999 -9999 -9999 -9999 -9999 -9999 -9999 -9999 -9999 -9999 -9999 -9999 -9999 -9999 -9999 -9999 -9999 -9999 -9999 607.7932 607.8129 607.738 607.4772 607.0086 606.3851 605.5457 605.1128 604.9715 605.0095 605.1141 605.2032 605.2372 605.2148 605.1475 605.0348 604.8671 604.6478 604.4023 604.1661 603.9653 603.8105 603.7001 603.625 603.5782
-9999 -9999 -9999 -9999 -9999 -9999 -9999 -9999 -9999 -9999 -9999 -9999 -9999 -9999 -9999 -9999 -9999 -9999 -9999 -9999 -9999 -9999 -9999 -9999 -9999 -9999 -9999 -9999 -9999 -9999 -9999 -9999 -9999 -9999 -9999 -9999 -9999 -9999 -9999 -9999 -9999 -9999 -9999 -9999 -9999 -9999 -9999 -9999 -9999 607.9423 607.9991 607.8776 607.4951 607.0446 606.6324 605.6163 605.1531 605.043 605.1039 605.2163 605.2979 605.314 605.2692 605.1783 605.0394 604.8413 604.5914 604.3229 604.0765 603.8793 603.7377 603.6443 603.587 603.5608
-9999 -9999 -9999 -9999 -9999 -9999 -9999 -9999 -9999 -9999 -9999 -9999 -9999 -9999 -9999 -9999 -9999 -9999 -9999 -9999 -9999 -9999 -9999 -9999 -9999 -9999 -9999 -9999 -9999 -9999 -9999 -9999 -9999 -9999 -9999 -9999 -9999 -9999 -9999 -9999 -9999 -9999 -9999 -9999 -9999 -9999 -9999 -9999 -9999 608.0012 608.0862 607.9772 607.4171 607.0012 606.4105 605.5433 605.1526 605.1052 605.1986 605.3148 605.3812 605.3712 605.2968 605.1764 605.0067 604.776 604.4964 604.2091 603.9603 603.775 603.6543 603.5829 603.5459 603.5415
-9999 -9999 -9999 -9999 -9999 -9999 -9999 -9999 -9999 -9999 -9999 -9999 -9999 -9999 -9999 -9999 -9999 -9999 -9999 -9999 -9999 -9999 -9999 -9999 -9999 -9999 -9999 -9999 -9999 -9999 -9999 -9999 -9999 -9999 -9999 -9999 -9999 -9999 -9999 -9999 -9999 -9999 -9999 -9999 -9999 -9999 -9999 -9999 608.0792 608.0957 608.0958 607.8975 607.1436 606.9496 606.2853 605.515 605.2234 605.2028 605.3 605.4012 605.4392 605.3934 605.2826 605.1274 604.9241 604.6613 604.3561 604.0579 603.8167 603.654 603.5625 603.5186 603.5055 603.5243
-9999 -9999 -9999 -9999 -9999 -9999 -9999 -9999 -9999 -9999 -9999 -9999 -9999 -9999 -9999 -9999 -9999 -9999 -9999 -9999 -9999 -9999 -9999 -9999 -9999 -9999 -9999 -9999 -9999 -9999 -9999 -9999 -9999 -9999 -9999 -9999 -9999 -9999 -9999 -9999 -9999 -9999 -9999 -9999 -9999 -9999 -9999 608.0672 608.0862 608.0897 607.9988 607.6757 607.0701 606.9381 606.2279 605.4979 605.2974 605.2933 605.3839 605.4591 605.4584 605.3686 605.2151 605.0206 604.7822 604.4908 604.1682 603.8699 603.6483 603.5199 603.4671 603.4576 603.4734 603.5173
-9999 -9999 -9999 -9999 -9999 -9999 -9999 -9999 -9999 -9999 -9999 -9999 -9999 -9999 -9999 -9999 -9999 -9999 -9999 -9999 -9999 -9999 -9999 -9999 -9999 -9999 -9999 -9999 -9999 -9999 -9999 -9999 -9999 -9999 -9999 -9999 -9999 -9999 -9999 -9999 -9999 -9999 -9999 -9999 -9999 -9999 607.9995 608.0001 608.0002 607.9986 607.9021 607.6577 607.2797 606.9568 606.1617 605.4099 605.271 605.3326 605.435 605.484 605.4385 605.2982 605.0963 604.8572 604.5829 604.2687 603.9393 603.6534 603.464 603.3813 603.3765 603.4088 603.4598 603.5347
-9999 -9999 -9999 -9999 -9999 -9999 -9999 -9999 -9999 -9999 -9999 -9999 -9999 -9999 -9999 -9999 -9999 -9999 -9999 -9999 -9999 -9999 -9999 -9999 -9999 -9999 -9999 -9999 -9999 -9999 -9999 -9999 -9999 -9999 -9999 -9999 -9999 -9999 -9999 -9999 -9999 -9999 -9999 607.8171 607.8094 607.8245 607.8419 607.8298 607.8031 607.7768 607.7335 607.6119 607.3616 606.9522 606.1295 605.4829 605.3379 605.4111 605.5037 605.514 605.4136 605.2141 604.9546 604.6614 604.3475 604.0161 603.6904 603.4279 603.2804 603.2521 603.3015 603.3815 603.4738 603.5896
-9999 -9999 -9999 -9999 -9999 -9999 -9999 -9999 -9999 -9999 -9999 -9999 -9999 -9999 -9999 -9999 -9999 -9999 -9999 -9999 -9999 -9999 -9999 -9999 -9999 -9999 -9999 -9999 -9999 -9999 -9999 -9999 -9999 -9999 -9999 -9999 -9999 -9999 -9999 -9999 -9999 -9999 607.7213 607.6733 607.6445 607.636 607.6299 607.5945 607.5225 607.4431 607.438 607.4038 607.2122 606.7563 605.9331 605.4822 605.453 605.5803 605.6701 605.6357 605.4691 605.1964 604.8606 604.4944 604.1292 603.7791 603.4611 603.2257 603.123 603.1512 603.2554 603.3834 603.5176 603.6799
-9999 -9999 -9999 -9999 -9999 -9999 -9999 -9999 -9999 -9999 -9999 -9999 -9999 -9999 -9999 -9999 -9999 -9999 -9999 -9999 -9999 -9999 -9999 -9999 -9999 -9999 -9999 -9999 -9999 -9999 -9999 -9999 -9999 -9999 -9999 -9999 -9999 -9999 -9999 -9999 -9999 607.6331 607.5641 607.4988 607.4464 607.4164 607.4001 607.3512 607.2185 607.0264 607.0005 606.9632 606.7391 606.0941 605.5205 605.4985 605.7281 605.981 606.0908 606.0106 605.765 605.3958 604.9476 604.4698 604.0221 603.6346 603.3118 603.0916 603.0239 603.1021 603.2505 603.4181 603.5877 603.79
-9999 -9999 -9999 -9999 -9999 -9999 -9999 -9999 -9999 -9999 -9999 -9999 -9999 -9999 -9999 -9999 -9999 -9999 -9999 -9999 -9999 -9999 -9999 -9999 -9999 -9999 -9999 -9999 -9999 -9999 -9999 -9999 -9999 -9999 -9999 -9999 -9999 -9999 -9999 -9999 -9999 607.4729 607.4037 607.3219 607.2429 607.1918 607.1862 607.1577 606.9955 606.7219 606.4973 606.2524 605.9043 605.5078 605.5526 605.938 606.4609 606.8883 607.0328 606.9032 606.5607 606.0569 605.4293 604.7653 604.1688 603.6917 603.3192 603.0747 603.0129 603.1259 603.2938 603.4847 603.6779 603.9008
-9999 -9999 -9999 -9999 -9999 -9999 -9999 -9999 -9999 -9999 -9999 -9999 -9999 -9999 -9999 -9999 -9999 -9999 -9999 -9999 -9999 -9999 -9999 -9999 -9999 -9999 -9999 -9999 -9999 -9999 606.8552 606.8275 606.9968 607.2371 607.3578 607.384 607.385 607.3864 607.3844 607.3762 607.3589 607.3259 607.2677 607.1766 607.0745 607.0018 607.0015 606.9943 606.7653 606.4147 606.0529 605.7227 605.4845 605.6614 606.25 607.0728 607.9717 608.665 608.8627 608.6859 608.23 607.5391 606.613 605.6306 604.7622 604.0858 603.5673 603.2174 603.1011 603.2225 603.375 603.575 603.781 604.0015
-9999 -9999 -9999 -9999 -9999 -9999 -9999 -9999 -9999 -9999 -9999 -9999 -9999 -9999 -9999 -9999 623.1962 618.9949 614.5313 610.705 608.1108 606.6965 -9999 -9999 -9999 -9999 -9999 -9999 606.9978 606.898 606.8733 606.8977 606.9476 607.0027 607.0917 607.1312 607.1563 607.1843 607.2097 607.2231 607.2222 607.2082 607.173 607.0857 607.0009 606.9976 606.8942 606.7782 606.5096 606.1099 605.7039 605.4586 605.63 606.4502 607.7477 609.172 610.6213 611.7366 612.028 611.8367 611.2612 610.3281 608.9061 607.3916 606.0434 604.9636 604.1312 603.5453 603.2614 603.2814 603.4572 603.6798 603.8953 604.0961
-9999 -9999 -9999 -9999 -9999 -9999 -9999 -9999 -9999 -9999 -9999 -9999 -9999 -9999 -9999 631.1681 627.5807 622.6149 617.1703 612.3236 608.8415 606.8429 605.9182 605.74 -9999 -9999 -9999 607.0035 606.9921 606.943 606.9496 606.9997 606.9905 607 607.019 607.0385 607.0597 607.0869 607.1138 607.125 607.1219 607.1117 607.1016 607.0009 606.9763 606.8282 606.6862 606.5272 606.2255 605.7651 605.2746 605.0698 605.9517 607.7245 610.1305 612.6642 614.8757 616.4001 617.048 616.956 616.2486 615.0093 612.8196 610.4817 608.3042 606.4416 605.0509 604.083 603.5596 603.455 603.6186 603.8236 604.0299 604.2036
-9999 -9999 -9999 -9999 -9999 -9999 -9999 -9999 -9999 -9999 -9999 -9999 -9999 -9999 636.5409 634.5139 630.7155 625.2988 619.2169 613.6878 609.5927 607.1714 605.9714 605.6383 -9999 -9999 606.9664 607.0652 607.0326 607.0159 607 607.0112 607 606.9984 607 607.0123 607.0275 607.0441 607.0715 607.0696 607.0437 607.001 606.9871 606.7298 606.54 606.4846 606.4065 606.2738 605.9478 605.3638 604.502 604.595 606.4833 609.339 612.9764 616.5797 619.5521 621.5656 622.5532 622.585 621.709 619.892 617.1511 614.0807 611.0823 608.4422 606.2482 604.7738 603.9781 603.735 603.8249 603.989 604.1722 604.3192
-9999 -9999 -9999 -9999 -9999 -9999 -9999 -9999 -9999 -9999 -9999 -9999 -9999 -9999 637.7625 635.7775 632.0223 626.467 620.2081 614.4811 610.1279 607.4747 606.1029 605.6547 605.8113 606.2786 606.7668 606.9987 607.0438 607.0103 607 607 607.0024 607.0087 607.0073 607 607 607.0002 607.0458 607.0391 607.0001 606.9088 606.7344 606.4464 606.4508 606.2544 606.1583 606.0692 605.7596 605.1252 604.0068 604.8905 607.6572 611.4285 615.8784 620.1271 623.5432 625.8872 627.1961 627.4603 626.6843 624.6119 621.4073 617.6237 613.8157 610.4584 607.5104 605.4747 604.4518 604.1052 604.0889 604.1639 604.2931 604.4147
-9999 -9999 -9999 -9999 -9999 -9999 -9999 -9999 -9999 -9999 -9999 -9999 -9999 640.684 638.814 636.2114 631.9513 626.2707 620.1469 614.6754 610.3434 607.6097 606.1906 605.7012 605.7958 606.1862 606.6132 606.8928 607 607 607 607 607 607 606.9999 606.9987 606.9437 606.9362 606.9984 607.0004 607.0106 606.8965 606.6179 606.1127 606.0049 605.9114 605.8978 605.8958 605.6554 605.0619 603.9692 605.4221 609.2177 613.4314 618.2522 622.7041 626.1746 628.6049 630.1428 630.6758 630.3835 628.4024 624.9144 620.5164 615.9023 611.7914 608.345 605.9471 604.9001 604.5465 604.4023 604.309 604.3477 604.4443
-9999 -9999 -9999 -9999 -9999 -9999 -9999 -9999 -9999 -9999 -9999 -9999 -9999 641.3069 638.9391 635.5135 630.7374 625.0062 619.2443 614.3973 610.0312 607.4486 606.174 605.7589 605.8508 606.1844 606.5649 606.8501 606.9998 607.0063 607 607.001 606.9944 606.9455 606.8696 606.7913 606.7236 606.7109 606.7781 606.8668 606.9943 606.9999 606.9566 606.8085 606.2794 605.8386 605.7363 605.7492 605.5402 604.9419 603.9999 605.5692 609.5216 614.5344 619.7018 624.1107 627.3497 629.6741 631.3702 631.9625 632.5214 630.8417 627.2313 622.4187 617.2685 612.6099 608.8199 606.2661 605.3437 604.9666 604.5518 604.3213 604.2965 604.3844
-9999 -9999 -9999 -9999 -9999 -9999 -9999 -9999 -9999 -9999 -9999 -9999 -9999 641.2558 638.2351 634.1242 628.9174 623.097 617.4944 612.9209 609.1474 607.0555 606.118 605.8749 606.0021 606.2965 606.6149 606.8658 606.9998 607 607.0009 607 606.9863 606.8574 606.6664 606.482 606.3644 606.3391 606.3958 606.5004 606.6462 606.8002 606.9915 606.9971 606.4766 605.9443 605.6549 605.6064 605.313 604.4834 604.0185 605.7585 609.8763 615.3302 620.6377 624.8114 627.6646 629.8344 631.9056 633.3944 633.6084 631.8549 628.1401 623.1371 617.744 612.8744 608.9958 606.446 605.6557 605.0125 604.5189 604.2474 604.204 604.2969
-9999 -9999 -9999 -9999 -9999 -9999 -9999 -9999 -9999 -9999 -9999 -9999 643.7813 640.9566 637.3313 632.7142 627.2064 621.372 616.0604 611.6736 608.3735 606.7661 606.2 606.1307 606.275 606.5061 606.7446 606.9242 606.9999 607.0001 607.0143 607 606.9987 606.7537 606.4244 606.1194 605.9261 605.8941 605.9215 605.9877 606.0802 606.2322 606.5082 606.8276 606.3926 605.9238 605.6257 605.4547 604.9144 604.1636 604.1051 606.1472 610.4818 616.1202 621.3716 625.1923 627.6525 629.6278 -9999 -9999 633.4551 631.4192 627.6902 622.7811 617.4914 612.7046 608.9851 606.4758 605.4572 604.9404 604.5229 604.2884 604.2615 604.3509
-9999 -9999 -9999 -9999 -9999 -9999 -9999 -9999 -9999 -9999 -9999 -9999 644.0556 640.7056 636.6637 631.7346 626.0574 620.2516 615.1331 610.9493 607.9931 606.7653 606.522 606.5508 606.636 606.7642 606.9009 606.9996 607.0001 607.0665 607.0989 607.0056 606.994 606.6283 606.171 605.7581 605.4979 605.476 605.4785 605.4816 605.4864 605.5117 605.6448 605.9747 605.8884 605.6794 605.4833 605.3235 604.7728 604.165 604.3777 606.7318 611.2397 616.8574 621.8619 625.241 627.345 628.9949 -9999 -9999 631.879 629.7472 626.2474 621.7416 616.8794 612.4963 609.1808 606.899 605.7234 605.3082 604.9115 604.7404 604.7559 604.8129
-9999 -9999 -9999 -9999 -9999 -9999 -9999 -9999 -9999 -9999 -9999 -9999 644.0995 640.5496 636.3877 631.3782 625.6564 619.8833 614.8519 610.7848 608.0198 606.985 606.9774 606.9906 606.9526 606.9647 606.9999 607.0016 607.0009 607.2159 607.3671 607.2557 606.9904 606.4883 605.9497 605.5051 605.2698 605.1918 605.171 605.1648 605.1818 605.2229 605.3473 605.4811 605.4824 605.4794 605.4561 605.461 605.0138 604.5161 604.8501 607.2938 611.7796 617.0868 621.7904 625.0121 626.7531 628.0117 -9999 -9999 -9999 627.4415 624.4003 620.5871 616.4702 612.742 609.9354 607.9235 606.7601 606.2449 605.9343 605.9171 606.0316 606.0332
-9999 -9999 -9999 -9999 -9999 -9999 -9999 -9999 -9999 -9999 -9999 -9999 -9999 640.4702 636.4655 631.6049 625.963 620.1943 615.1322 611.0596 608.3231 607.0891 606.9973 606.9992 606.9996 606.9999 607 606.993 607.0073 607.4075 607.7034 607.4458 606.915 606.3168 605.7762 605.4565 605.1761 605.0431 605.0229 605.0461 605.1387 605.2739 605.473 605.5116 605.5079 605.4944 605.4924 605.5763 605.4274 605.0785 605.4585 607.5469 611.6324 616.439 620.7965 623.9952 625.8796 626.9731 -9999 -9999 -9999 625.079 622.7837 620.0042 616.945 614.0608 611.6984 609.8975 608.7582 608.2499 608.0796 608.2408 608.4783 608.4135
-9999 -9999 -9999 -9999 -9999 -9999 -9999 -9999 -9999 -9999 -9999 -9999 -9999 640.4224 636.7532 632.2216 626.7873 621.0206 615.7845 611.5424 608.6425 607.1783 606.7802 606.7385 606.7939 606.8658 606.9316 606.9991 607.0232 607.553 607.9758 607.233 606.6987 606.0996 605.5223 605.246 605.0456 604.9459 604.9663 605.0663 605.277 605.5779 606.0347 606.2505 606.2692 606.1158 605.9477 605.8265 605.6425 605.4666 605.693 607.3168 610.8239 615.0036 618.981 622.2305 624.5055 625.8716 -9999 -9999 -9999 623.2175 621.9631 620.4903 618.6345 616.6669 614.8384 613.2662 612.0718 611.3832 611.183 611.3575 611.4769 611.0766
-9999 -9999 -9999 -9999 -9999 -9999 -9999 -9999 -9999 -9999 -9999 -9999 -9999 640.3524 637.0842 632.9832 627.8681 622.1563 616.6594 612.1415 608.94 607.2227 606.6115 606.4933 606.5642 606.6909 606.8022 606.8912 607.0079 607.4637 607.9526 607.2367 606.6812 606.0597 605.4819 605.1443 604.9535 604.8866 604.9275 605.1146 605.4716 606.0811 606.7543 607.1941 607.3024 606.9404 606.52 606.1425 605.7698 605.4796 605.5792 606.8132 609.7546 613.2126 616.7703 619.9829 622.6322 624.4924 -9999 -9999 -9999 -9999 622.2171 622.0549 621.3356 620.218 618.9271 617.5817 616.377 615.5579 615.2045 615.1389 614.9357 614.0577
-9999 -9999 -9999 -9999 -9999 -9999 -9999 -9999 -9999 -9999 -9999 -9999 -9999 640.2516 637.3308 633.674 628.9867 623.5054 617.8979 612.9564 609.3284 607.3395 606.5971 606.3842 606.4303 606.5879 606.7269 606.8145 606.8954 607.0733 607.5245 607.4091 606.8182 606.1294 605.4894 605.0997 604.8915 604.8174 604.8649 604.993 605.2646 605.744 606.7122 607.7919 608.2728 607.6586 607.0482 606.4777 605.9329 605.4738 605.4145 606.3148 608.7806 611.5215 614.6059 617.6347 620.4011 622.6725 -9999 -9999 -9999 -9999 623.6923 624.4113 624.5112 624.0287 623.0995 621.889 620.6871 619.8051 619.4057 619.2845 618.8726 617.6523
-9999 -9999 -9999 -9999 -9999 -9999 -9999 -9999 -9999 -9999 -9999 -9999 -9999 -9999 637.2743 634.0334 629.8844 624.8898 619.4564 614.2726 610.136 607.652 606.7513 606.421 606.4225 606.6111 606.7621 606.8511 606.9217 607.0002 607.1691 607.0283 606.7872 606.1787 605.4983 605.0734 604.8351 604.739 604.7535 604.8412 605.0098 605.4186 606.2722 607.7948 608.9382 608.0435 607.4257 606.8022 606.178 605.5267 605.3274 605.836 607.6682 609.984 612.7004 615.4661 618.1055 620.5441 -9999 -9999 -9999 -9999 -9999 627.0193 627.4498 627.2156 626.3915 625.1509 623.8985 623.0515 622.7706 622.8547 622.455 621.0697
-9999 -9999 -9999 -9999 -9999 -9999 -9999 -9999 -9999 -9999 -9999 -9999 -9999 -9999 -9999 633.7079 630.1661 625.947 621.0588 615.9201 611.3655 608.1974 606.6269 606.4844 606.5069 606.7589 606.8671 606.9272 606.9998 607.0002 607.0962 607.0513 606.9584 606.2927 605.5236 605.0491 604.7627 604.6187 604.5974 604.6484 604.7437 605.0258 605.7046 606.9932 608.1525 608.5027 607.6887 607.0555 606.5449 605.8516 605.4761 605.619 606.9703 608.9623 611.2921 613.6879 615.998 618.3538 620.757 -9999 -9999 -9999 -9999 -9999 -9999 629.1406 628.2122 626.8196 625.4519 624.7427 624.7835 625.2472 625.0149 623.7426
-9999 -9999 -9999 -9999 -9999 -9999 -9999 -9999 -9999 -9999 -9999 -9999 -9999 -9999 -9999 632.5356 629.6022 626.3316 622.3203 617.539 612.8627 609.3176 607.3742 606.8489 606.7883 606.9966 606.92 606.8719 606.9172 606.9987 607.071 607.0014 606.9628 606.3231 605.5402 604.9966 604.6217 604.3903 604.3154 604.329 604.3837 604.536 604.9276 605.7074 606.503 607.0471 607.1285 606.9044 606.6703 605.9425 605.48 605.5244 606.5175 608.087 610.1495 612.2615 614.2248 616.399 619.0947 -9999 -9999 -9999 -9999 -9999 -9999 -9999 -9999 -9999 -9999 625.2939 625.7705 626.5203 626.3765 625.5864
-9999 -9999 -9999 -9999 -9999 -9999 -9999 -9999 -9999 -9999 -9999 -9999 -9999 -9999 -9999 -9999 628.8205 626.0765 623.0128 618.7493 614.2278 610.595 608.4067 607.4636 607.0167 606.8909 606.708 606.5844 606.616 606.7677 606.9816 606.9847 606.7465 606.2078 605.5128 604.8668 604.3325 603.9412 603.7721 603.739 603.768 603.8824 604.076 604.5706 605.095 605.5284 605.7415 605.7453 605.6911 605.4784 605.314 605.4968 606.3041 607.6205 609.16 611.0507 612.7917 614.8008 617.637 -9999 -9999 -9999 -9999 -9999 -9999 -9999 -9999 -9999 -9999 -9999 -9999 -9999 627.598 627.1342
-9999 -9999 -9999 -9999 -9999 -9999 -9999 -9999 -9999 -9999 -9999 634.6777 634.0786 632.525 630.6791 629.0451 627.7116 625.8914 623.1151 619.188 614.9388 611.4901 609.2876 608.0719 607.2692 606.7533 606.3591 606.105 606.0894 606.2296 606.4709 606.5099 606.2773 605.9055 605.3305 604.5448 603.8326 603.1708 602.7034 602.5989 602.6823 603.0013 603.2479 603.598 603.828 604.173 604.5808 604.7889 604.9404 604.9941 605.076 605.4266 606.1047 607.3097 608.3253 610.0402 611.7008 613.6373 616.5089 620.3975 -9999 -9999 -9999 -9999 -9999 -9999 -9999 -9999 -9999 -9999 -9999 -9999 -9999 628.8068
-9999 -9999 -9999 -9999 -9999 -9999 -9999 -9999 -9999 -9999 630.1482 631.0353 630.83 629.6718 628.1976 626.9462 626.0178 624.6534 622.1526 618.5541 614.6741 611.4932 609.476 608.3482 607.2841 606.5032 605.9268 605.5325 605.4755 605.5705 605.8748 605.9095 605.6157 605.3502 604.7227 603.9322 603.1375 602.4846 602.0979 601.9993 602.1136 602.3699 602.4486 602.5353 602.6921 603.1642 603.7308 604.0139 604.3363 604.5566 604.747 605.097 605.6984 606.8575 608.0057 609.4332 611.128 613.0911 615.9827 619.8895 -9999 -9999 -9999 -9999 -9999 -9999 -9999 -9999 -9999 -9999 -9999 -9999 -9999 -9999
-9999 -9999 -9999 -9999 -9999 -9999 -9999 -9999 -9999 625.3145 626.6323 627.4977 627.4724 626.619 625.4832 624.5503 623.8159 622.5648 620.1777 616.849 613.4482 610.6331 608.8066 607.7018 606.7946 606.0509 605.4724 605.0876 604.9796 605.1038 605.3922 605.3959 605.0629 604.6351 603.9978 603.2775 602.5641 602.086 601.7905 601.6963 601.7677 601.8998 601.9374 601.9697 602.1077 602.4703 602.9848 603.4318 603.8982 604.2153 604.4908 604.9141 605.6196 606.8403 608.1422 609.5805 611.3674 613.379 616.2047 619.9585 -9999 -9999 -9999 -9999 -9999 -9999 -9999 -9999 -9999 -9999 -9999 -9999 -9999 -9999
-9999 -9999 -9999 -9999 -9999 -9999 -9999 622.6221 622.5724 623.0604 623.8983 624.3033 623.9999 623.1252 622.1656 621.4842 620.8776 619.6984 617.4479 614.4207 611.7239 609.4307 607.8205 606.7845 606.0826 605.4716 604.96 604.6224 604.4598 604.5151 604.6582 604.6531 604.4318 603.9838 603.4215 602.8326 602.3838 601.9722 601.7159 601.6169 601.6367 601.6949 601.7086 601.7119 601.8027 602.0566 602.4448 602.9028 603.4087 603.8968 604.3201 604.9207 605.8168 607.176 608.5096 610.2328 612.0734 614.1884 616.9464 620.4441 -9999 -9999 -9999 -9999 -9999 -9999 -9999 -9999 -9999 -9999 -9999 -9999 -9999 -9999
