backend/lakes/data/Fawcett Lake/fawc_dem_tm.asc
ncols         363
nrows         200
xllcorner     558600
yllcorner     6123800
cellsize      50
NODATA_value  -9999
[rows 132 to 164 of 200, columns 222 to 295 of 363]
-9999 -9999 -9999 -9999 -9999 -9999 623.3774 622.223 622.0408 622.04 622.0486 621.5389 620.4467 619.1259 618.0873 617.5309 617.1024 616.211 614.41 612.104 609.9319 608.062 606.6703 605.7674 605.323 604.8516 604.4414 604.1951 603.9734 603.954 603.9793 603.9854 603.9024 603.513 603.0078 602.4773 602.1802 601.9186 601.7429 601.6655 601.662 601.6819 601.6768 601.6584 601.6815 601.8157 602.0756 602.4382 602.9032 603.4437 604.0566 604.9602 606.1465 607.4918 608.907 610.8252 612.9349 615.2507 617.9277 621.0909 624.6552 -9999 -9999 -9999 -9999 -9999 -9999 -9999 -9999 -9999 -9999 -9999 -9999 -9999
-9999 631.8004 631.1667 629.5225 627.3503 625.2327 623.6792 622.7198 622.092 621.3789 620.4526 618.8517 616.8256 614.9138 613.7654 613.0806 612.8204 612.3918 611.2861 609.6974 608.1084 606.6805 605.5968 604.9448 604.564 604.2825 603.9866 603.9299 603.7309 603.6218 603.572 603.5359 603.4381 603.1708 602.8044 602.4278 602.161 601.9597 601.8301 601.7714 601.7603 601.7573 601.7311 601.684 601.6517 601.6854 601.8188 602.0645 602.4412 602.9931 603.7657 604.6931 605.9179 607.2286 608.8265 611.0943 613.5435 616.0765 618.7092 621.5828 624.815 -9999 -9999 -9999 -9999 -9999 -9999 -9999 -9999 -9999 -9999 -9999 -9999 -9999
629.5782 630.6288 630.18 628.8244 626.9696 625.1119 623.5591 622.2938 621.1733 619.9391 618.1781 615.8058 613.2367 611.2832 610.0055 609.3215 609.049 608.7574 608.2451 607.3809 606.3963 605.4022 604.7 604.3077 604.0014 603.928 603.7499 603.6552 603.5068 603.3773 603.2823 603.2018 603.0915 602.9291 602.7031 602.4318 602.2035 602.0302 601.9214 601.871 601.8546 601.8373 601.7906 601.7141 601.6345 601.5948 601.63 601.769 602.0342 602.4697 603.1678 604.1061 605.2585 606.6077 608.6418 610.894 613.5797 616.3492 619.0198 621.7275 624.7559 -9999 -9999 -9999 -9999 -9999 -9999 -9999 -9999 -9999 -9999 -9999 -9999 -9999
628.4424 629.1086 628.5887 627.2876 625.5534 623.7997 622.2 620.7011 619.0479 617.1685 614.9822 612.4285 610.1202 608.2922 607.0314 606.4246 606.2176 606.0953 605.8901 605.4929 605.0032 604.2926 603.9846 603.9059 603.7083 603.6156 603.5116 603.4186 603.2877 603.1475 603.0377 602.9247 602.7866 602.7126 602.6161 602.4279 602.2125 602.0474 601.9454 601.8948 601.8695 601.8383 601.7781 601.6846 601.5807 601.504 601.4856 601.5488 601.7285 602.072 602.6437 603.6201 604.6603 605.9905 607.9266 610.2004 612.8821 615.9025 618.7199 621.4229 624.3918 -9999 -9999 -9999 -9999 -9999 -9999 -9999 -9999 -9999 -9999 -9999 -9999 -9999
626.3735 626.4855 625.7257 624.3635 622.6974 621.0266 619.4589 617.688 615.7625 613.8316 611.7858 609.5192 607.5821 606.0904 605.1838 604.7965 604.6899 604.6453 604.5175 604.1949 603.9566 603.6544 603.5294 603.4993 603.4014 603.3145 603.2463 603.1694 603.0376 602.8698 602.7756 602.6631 602.4547 602.4313 602.4044 602.2259 602.0476 601.9128 601.8271 601.7794 601.7441 601.7004 601.6349 601.5441 601.4493 601.3862 601.3572 601.396 601.5262 601.8201 602.3569 603.1161 604.14 605.4881 607.1643 609.2595 611.8211 614.9457 617.8641 620.6041 623.5861 -9999 -9999 -9999 -9999 -9999 -9999 -9999 -9999 -9999 -9999 -9999 -9999 -9999
622.7504 622.376 621.4012 619.9933 618.4989 617.067 615.595 613.7921 612.1091 610.3807 608.6464 606.9301 605.582 604.6178 604.0191 603.8629 603.8733 603.8887 603.8251 603.5604 603.377 603.2395 603.1986 603.1776 603.0852 602.9589 602.9108 602.8567 602.7094 602.4686 602.4238 602.3904 602.1784 602.0186 601.8475 601.696 601.5875 601.516 601.4747 601.4581 601.4313 601.3898 601.3373 601.2736 601.2189 601.2257 601.2258 601.2661 601.3717 601.5834 602.0078 602.6757 603.8051 605.0667 606.483 608.3669 610.7501 613.8605 616.7256 619.3779 622.3086 -9999 -9999 -9999 -9999 -9999 -9999 -9999 -9999 -9999 -9999 -9999 -9999 -9999
617.7349 617.13 616.1315 614.757 613.5324 612.5444 611.688 610.1597 608.73 607.3098 606.0527 604.9934 604.1317 603.5897 603.1902 603.0919 603.1179 603.1508 603.1226 603.0078 602.9293 602.8828 602.8761 602.8505 602.7191 602.481 602.4282 602.3887 602.2251 601.9186 601.803 601.7568 601.6024 601.3406 600.9562 600.7881 600.7404 600.7402 600.7783 600.8641 600.8975 600.9001 600.9026 600.901 600.9128 601.0428 601.0811 601.1487 601.2278 601.3806 601.7281 602.3876 603.4176 604.5022 605.8657 607.7756 610.1802 613.0466 615.674 618.1464 620.972 624.4313 -9999 -9999 -9999 -9999 -9999 -9999 -9999 -9999 -9999 -9999 -9999 -9999
612.1754 611.7827 611.1131 610.0161 609.1177 608.4424 607.7993 606.8235 605.9143 605.0416 604.1764 603.6023 603.0686 602.6166 602.4423 602.4167 602.4177 602.4322 602.4397 602.4272 602.4232 602.4261 602.4313 602.3979 602.2288 601.9009 601.7227 601.5511 601.2083 600.9727 600.8406 600.7971 600.7032 600.383 599.7136 599.4277 599.3657 599.4033 599.5601 599.92 600.1288 600.2463 600.3854 600.5029 600.663 600.8826 600.9067 601.0305 601.0823 601.1536 601.3982 601.9211 602.7432 603.9618 605.5092 607.5253 609.9417 612.6235 615.096 617.4901 620.2333 623.6605 -9999 -9999 -9999 -9999 -9999 -9999 -9999 -9999 -9999 -9999 -9999 -9999
607.2658 607.0201 606.5912 605.9315 605.3925 605.0458 604.7321 604.2901 603.903 603.4702 602.8229 602.5009 602.314 602.0427 601.8984 601.8143 601.7178 601.6974 601.7126 601.7217 601.7273 601.7343 601.7141 601.5768 601.222 600.9645 600.7765 600.618 600.2986 600.0023 599.6469 599.4558 599.3312 599.0056 598.3334 598.0332 597.9664 598.0284 598.288 598.8929 599.2194 599.4641 599.7969 600.0094 600.2672 600.5268 600.6901 600.8785 600.8919 600.9007 601.1067 601.6054 602.4537 603.7722 605.5051 607.7542 610.3053 613.1006 615.7175 618.168 620.768 623.9011 -9999 -9999 -9999 -9999 -9999 -9999 -9999 -9999 -9999 -9999 -9999 -9999
603.6002 603.5347 603.3619 603.072 602.8522 602.7339 602.6544 602.5614 602.4874 602.3274 601.9606 601.7078 601.5913 601.4724 601.3788 601.2393 600.9949 600.924 600.8988 600.8425 600.7761 600.7614 600.7472 600.6406 600.304 599.9524 599.5352 599.3533 599.2266 599.047 598.6096 598.1653 597.9482 597.6603 597.2411 597.0377 596.9861 597.0371 597.2405 597.675 598.0801 598.6327 599.2 599.4471 599.7972 600.0916 600.2861 600.4354 600.4958 600.5945 600.8965 601.4879 602.4453 603.9041 605.9453 608.6486 611.6382 614.8271 617.7824 620.4031 622.8235 625.3936 -9999 -9999 -9999 -9999 -9999 -9999 -9999 -9999 -9999 -9999 -9999 -9999
601.2449 601.3499 601.3926 601.4489 601.4561 601.4662 601.4824 601.5003 601.521 601.4572 601.239 600.9602 600.858 600.7606 600.706 600.5844 600.2922 600.1389 599.9957 599.7281 599.4544 599.3682 599.3669 599.3435 599.2062 598.9182 598.3013 598.0613 598.0009 597.9241 597.6662 597.2012 596.9033 596.5418 596.3488 596.2994 596.2946 596.2939 596.3406 596.5609 597.0861 597.7842 598.4661 598.9357 599.3659 599.6802 599.8617 600.0095 600.129 600.3435 600.8076 601.6315 602.7942 604.4841 606.9387 610.1515 613.7784 617.5415 620.9624 623.8002 626.0411 628.0148 -9999 -9999 -9999 -9999 -9999 -9999 -9999 -9999 -9999 -9999 -9999 -9999
599.9792 600.1257 600.2368 600.4835 600.576 600.6036 600.6193 600.6334 600.6558 600.653 600.5464 600.2158 599.9833 599.6524 599.4947 599.3528 599.2374 599.181 599.0401 598.6144 598.1669 598.0128 597.9961 598.0103 597.9828 597.8369 597.4736 597.2638 597.1843 597.0886 596.8271 596.4303 596.262 595.9656 595.7921 595.7341 595.7263 595.7365 595.7849 595.973 596.3853 597.0468 597.8756 598.4745 598.9756 599.3625 599.5423 599.7557 599.944 600.2638 600.9094 602.0531 603.5671 605.6918 608.6838 612.3885 616.6722 620.9435 624.7352 627.7132 629.7469 -9999 -9999 -9999 -9999 -9999 -9999 -9999 -9999 -9999 -9999 -9999 -9999 -9999
599.46 599.5187 599.5315 599.4948 599.5009 599.507 599.5119 599.507 599.5156 599.5287 599.5163 599.4363 599.2927 598.8553 598.4745 598.1254 598.0124 597.9968 597.9384 597.7101 597.414 597.2509 597.1943 597.1859 597.1748 597.0897 596.9052 596.767 596.6821 596.5726 596.3321 596.0397 595.8312 595.6024 595.4514 595.3857 595.3879 595.4478 595.5654 595.7819 596.1255 596.5969 597.5649 598.1459 598.6999 599.171 599.4578 599.8368 600.0752 600.4744 601.2667 602.6794 604.6421 607.3759 611.0291 615.3477 620.0745 624.623 628.5354 631.4793 633.3167 -9999 -9999 -9999 -9999 -9999 -9999 -9999 -9999 -9999 -9999 -9999 -9999 -9999
599.3917 599.3677 599.3798 599.3799 599.3799 599.38 599.3798 599.3119 599.3064 599.3489 599.3798 599.2459 598.828 598.2877 597.8563 597.5426 597.4153 597.3907 597.3558 597.2274 597.0446 596.9058 596.8216 596.7637 596.7163 596.6577 596.5702 596.5002 596.4359 596.3237 596.0758 595.8214 595.6152 595.4252 595.2972 595.2455 595.2784 595.406 595.634 595.9399 596.297 596.6719 597.3239 597.9041 598.6221 599.3451 600.0377 600.4319 600.6115 601.1432 602.2423 603.8989 606.268 609.5631 613.7383 618.5366 623.5244 628.1068 631.893 634.6413 -9999 -9999 -9999 -9999 -9999 -9999 -9999 -9999 -9999 -9999 -9999 -9999 -9999 -9999
599.3977 599.3801 599.3998 599.4294 599.4589 599.4821 599.4894 599.4595 599.4584 599.482 599.4532 599.2158 598.4939 597.8893 597.5244 597.308 597.2202 597.1994 597.1759 597.1058 596.9906 596.8738 596.7683 596.6578 596.554 596.4716 596.4141 596.3821 596.33 596.1732 595.9373 595.7066 595.5261 595.3856 595.3071 595.2978 595.3839 595.5745 595.8986 596.2962 596.582 596.9026 597.4053 597.9691 598.7502 599.4908 600.3549 601.105 601.3518 602.2263 603.5447 605.4392 608.1776 611.8572 616.4112 621.526 626.5728 630.9913 634.507 636.9914 -9999 -9999 -9999 -9999 -9999 -9999 -9999 -9999 -9999 -9999 -9999 -9999 -9999 -9999
599.381 599.4462 599.5067 599.5772 599.6455 599.6929 599.7072 599.6787 599.6278 599.5284 599.2771 598.6713 597.9711 597.5748 597.3761 597.2976 597.2926 597.307 597.2899 597.2395 597.1608 597.0645 596.9431 596.7726 596.6028 596.4703 596.3944 596.3675 596.3284 596.1167 595.8788 595.6755 595.5403 595.4639 595.4626 595.5264 595.6973 595.9415 596.3514 596.8125 597.093 597.3624 597.8523 598.4894 599.2289 599.8516 600.6021 601.3792 602.2852 603.4261 604.9055 607.0515 610.0865 613.9914 618.7242 623.925 628.8466 632.9783 636.1766 638.3702 -9999 -9999 -9999 -9999 -9999 -9999 -9999 -9999 -9999 -9999 -9999 -9999 -9999 -9999
599.4829 599.5564 599.6432 599.7507 599.8496 599.9005 599.8822 599.7848 599.6027 599.2778 598.6732 598.006 597.5837 597.3862 597.3489 597.4054 597.4971 597.5723 597.5668 597.5284 597.4763 597.4113 597.2949 597.05 596.8045 596.5979 596.4664 596.3978 596.327 596.0961 595.8856 595.7194 595.6526 595.665 595.7776 595.9409 596.2554 596.5702 597.1254 597.7103 597.9445 598.1132 598.5696 599.216 599.8377 600.4133 601.2112 602.274 603.3897 604.611 606.3292 608.8276 611.9648 615.8893 620.6412 625.6536 630.2165 633.9368 636.8178 -9999 -9999 -9999 -9999 -9999 -9999 -9999 -9999 -9999 -9999 -9999 -9999 -9999 -9999 -9999
599.5326 599.6385 599.7632 599.9031 600.0122 600.0327 599.9305 599.6863 599.2875 598.6538 597.9849 597.5472 597.3355 597.3106 597.4096 597.5662 597.7225 597.8542 597.8583 597.8568 597.8622 597.8698 597.8021 597.4725 597.1662 596.866 596.6572 596.5061 596.3314 596.1288 595.9956 595.864 595.8879 596.0079 596.2802 596.5469 597.0472 597.6487 598.2449 598.9852 599.285 599.3819 599.5975 600.0904 600.7368 601.3184 602.3083 603.4678 604.5557 605.8961 607.8887 610.6501 613.7666 617.6238 622.1594 626.7359 630.7857 634.102 636.8027 -9999 -9999 -9999 -9999 -9999 -9999 -9999 -9999 -9999 -9999 -9999 -9999 -9999 -9999 -9999
599.5868 599.7053 599.8573 600.0114 600.1011 600.0574 599.8301 599.3841 598.6889 597.9753 597.4849 597.2278 597.1862 597.309 597.5159 597.7244 597.8594 597.9441 598.0106 598.1309 598.3014 598.4525 598.3911 598.0565 597.7579 597.349 597.0837 596.8741 596.5908 596.3499 596.2927 596.1463 596.2983 596.5272 596.9764 597.5308 598.0994 598.8986 599.6314 600.4758 600.9042 600.985 601.0112 601.2601 601.9549 602.6354 603.7222 604.9262 606.0458 607.4756 609.4764 612.1291 615.4327 619.2565 623.3691 627.3354 630.8675 634.0067 -9999 -9999 -9999 -9999 -9999 -9999 -9999 -9999 -9999 -9999 -9999 -9999 -9999 -9999 -9999 -9999
599.6141 599.7576 599.9225 600.0618 600.0955 599.9543 599.5873 598.9882 598.08 597.4689 597.1113 596.9904 597.0894 597.3401 597.6304 597.8561 597.92 597.9866 598.1345 598.4343 598.8595 599.2969 599.3746 599.1512 598.6984 598.1761 597.9028 597.6633 597.2231 596.9059 596.7344 596.5878 596.9307 597.4409 597.839 598.4517 599.2562 600.1605 601.1245 602.0802 602.731 602.8419 602.6973 602.7249 603.3754 604.2033 605.4467 606.821 608.179 609.6935 611.7233 614.4631 617.6263 621.0278 624.4625 627.7117 630.7812 633.8802 -9999 -9999 -9999 -9999 -9999 -9999 -9999 -9999 -9999 -9999 -9999 -9999 -9999 -9999 -9999 -9999
599.662 599.8127 599.9593 600.0432 599.9727 599.6747 599.0869 598.2156 597.5262 597.0528 596.8074 596.7826 596.9985 597.3699 597.7123 597.8606 597.9291 598.0495 598.3364 598.867 599.6132 600.4382 600.7479 600.6625 600.2475 599.7289 599.3468 598.9307 598.3179 597.9537 597.756 597.6868 597.8577 598.2079 598.6925 599.4888 600.5704 601.6836 602.912 603.9101 604.6195 604.6649 604.3355 604.3232 605.0083 606.1361 607.6841 609.3815 611.1017 612.9189 614.9783 617.4404 620.156 622.9161 625.5587 628.0402 630.6505 -9999 -9999 -9999 -9999 -9999 -9999 -9999 -9999 -9999 -9999 -9999 -9999 -9999 -9999 -9999 -9999 -9999
599.7323 599.868 599.9585 599.9427 599.7231 599.2173 598.3174 597.5935 597.0541 596.6939 596.5476 596.5675 596.8876 597.4104 597.8426 597.9362 598.0158 598.2504 598.7616 599.6229 600.8175 601.9805 602.6373 602.8502 602.6483 602.1587 601.5895 600.9046 600.178 599.6572 599.2673 599.1058 599.149 599.3734 599.9083 600.9665 602.3541 603.8242 605.2438 606.2212 606.6772 606.5123 606.1868 606.3463 607.2189 608.7198 610.5615 612.5753 614.5584 616.4918 618.4503 620.5422 622.7349 624.8176 626.6495 628.3745 -9999 -9999 -9999 -9999 -9999 -9999 -9999 -9999 -9999 -9999 -9999 -9999 -9999 -9999 -9999 -9999 -9999 -9999
599.8021 599.8969 599.8892 599.7254 599.3238 598.6215 597.759 597.0324 596.5977 596.3307 596.3137 596.341 596.7578 597.4478 597.8583 598.016 598.2263 598.7017 599.5899 600.9725 602.6767 604.3312 605.5169 606.1838 606.2358 605.7338 604.8983 603.8554 602.8304 601.9769 601.3218 601.0132 600.9825 601.2441 601.9608 603.2316 604.9241 606.7586 608.3418 609.2773 609.3929 608.9285 608.7032 609.1545 610.3145 612.0484 614.116 616.2109 618.1958 620.0287 621.7638 623.4562 625.1146 626.5195 627.6535 -9999 -9999 -9999 -9999 -9999 -9999 -9999 -9999 -9999 -9999 -9999 -9999 -9999 -9999 -9999 -9999 -9999 -9999 -9999
599.8467 599.8692 599.7107 599.3326 598.6827 597.8389 596.9518 596.2487 595.9899 595.8345 595.9982 596.268 596.7731 597.6672 597.979 598.1946 598.6335 599.5115 600.9943 603.0596 605.492 607.8813 609.7647 610.9658 611.2707 610.7015 609.532 608.0532 606.5611 605.2444 604.3211 603.8793 603.8219 604.1626 605.0465 606.5378 608.4816 610.5802 612.192 612.9807 612.7078 611.9462 611.7312 612.507 613.9845 615.9828 618.0628 620.0206 621.7706 623.3198 624.7633 626.0671 627.2012 627.9591 -9999 -9999 -9999 -9999 -9999 -9999 -9999 -9999 -9999 -9999 -9999 -9999 -9999 -9999 -9999 -9999 -9999 -9999 -9999 -9999
599.8453 599.7659 599.4 598.7178 597.8532 596.902 595.9577 595.1481 594.9634 595.2631 595.8893 596.5469 597.4377 597.9038 598.1233 598.4608 599.2529 600.727 602.9887 605.9667 609.3298 612.537 615.2278 616.9506 617.475 616.8098 615.2967 613.388 611.4438 609.6875 608.5303 607.9876 607.9047 608.2924 609.2683 610.8936 612.9215 614.9714 616.5057 616.9828 616.3319 615.386 615.2476 616.267 618.0288 620.0477 621.9575 623.6248 625.0345 626.2194 627.3233 -9999 -9999 -9999 -9999 -9999 -9999 -9999 -9999 -9999 -9999 -9999 -9999 -9999 -9999 -9999 -9999 -9999 -9999 -9999 -9999 -9999 -9999 -9999
599.7802 599.5826 599.0139 597.9805 596.9374 595.9457 595.0351 594.6052 594.6829 595.2055 596.2339 597.1006 597.8039 598.0751 598.2809 598.8032 600.0052 602.2565 605.523 609.5789 613.866 617.8553 620.9665 622.8658 623.4935 622.7311 621.0132 618.9238 616.8551 615.0247 613.8193 613.2557 613.139 613.5114 614.4547 615.9449 617.8403 619.6604 620.8741 620.9417 619.9479 618.8747 618.832 620.0486 621.8664 623.7188 625.34 626.6605 627.7312 628.5162 -9999 -9999 -9999 -9999 -9999 -9999 -9999 -9999 -9999 -9999 -9999 -9999 -9999 -9999 -9999 -9999 -9999 -9999 -9999 -9999 -9999 -9999 -9999 -9999
599.6108 599.2072 598.2479 597.1205 595.9979 595.0541 594.5963 594.5757 595.0632 596.0185 596.9848 597.7286 598.0739 598.2247 598.5093 599.3354 601.1362 604.2246 608.5251 613.568 618.6194 622.9429 625.9741 627.5438 628.1968 627.3191 625.512 623.6127 621.9327 620.5351 619.4973 618.8798 618.741 619.1067 620.0041 621.349 622.8895 624.239 624.9282 624.5291 623.2656 622.0934 622.0543 623.2692 624.8937 626.4351 627.7456 628.7913 629.5583 -9999 -9999 -9999 -9999 -9999 -9999 -9999 -9999 -9999 -9999 -9999 -9999 -9999 -9999 -9999 -9999 -9999 -9999 -9999 -9999 -9999 -9999 -9999 -9999 -9999
599.3787 598.6753 597.6663 596.4106 595.189 594.6179 594.5703 594.9276 595.8849 596.9148 597.7325 598.1361 598.2795 598.3992 598.8407 600.0337 602.5322 606.5521 611.8654 617.6346 623.0173 627.2565 629.7388 630.3284 630.9875 629.8347 627.8755 626.1898 625.2217 624.6447 624.0681 623.7401 623.8789 624.4692 625.4464 626.6232 627.7224 628.4272 628.4277 627.5062 626.033 624.7728 624.6012 625.5591 626.728 627.8289 628.8269 -9999 -9999 -9999 -9999 -9999 -9999 -9999 -9999 -9999 -9999 -9999 -9999 -9999 -9999 -9999 -9999 -9999 -9999 -9999 -9999 -9999 -9999 -9999 -9999 -9999 -9999 -9999
599.2567 598.2226 597.2335 596.1092 594.9251 594.5391 594.7725 595.3419 596.3828 597.5582 598.1738 598.4055 598.4678 598.6489 599.3362 601.0305 604.2024 609.0173 615.0479 621.1802 626.5515 630.5219 632.6218 632.8344 631.9404 629.8718 627.5026 625.8028 625.5415 626.2246 626.4585 626.8858 627.7828 628.9389 630.1887 631.2939 631.9824 632.0418 631.3084 629.8463 628.1098 626.7114 626.2416 626.746 627.2691 627.7782 -9999 -9999 -9999 -9999 -9999 -9999 -9999 -9999 -9999 -9999 -9999 -9999 -9999 -9999 -9999 -9999 -9999 -9999 -9999 -9999 -9999 -9999 -9999 -9999 -9999 -9999 -9999 -9999
599.1512 598.0634 597.1166 596.0765 594.9182 594.5469 594.8038 595.4756 596.5248 597.7468 598.3479 598.5508 598.64 598.9578 599.906 602.111 605.9233 611.3762 617.7449 623.782 628.7333 632.1805 633.8268 632.9879 -9999 627.9466 625.1932 623.5466 623.6375 624.9366 626.4937 628.3514 630.3909 632.3051 633.895 635.0056 635.3874 634.925 633.5956 -9999 -9999 -9999 -9999 -9999 -9999 -9999 -9999 -9999 -9999 -9999 -9999 -9999 -9999 -9999 -9999 -9999 -9999 -9999 -9999 -9999 -9999 -9999 -9999 -9999 -9999 -9999 -9999 -9999 -9999 -9999 -9999 -9999 -9999 -9999
598.9319 598.0412 597.2606 596.2737 595.1447 594.6536 594.8051 595.4291 596.5005 597.7368 598.3536 598.5933 598.7793 599.3115 600.6234 603.2667 607.5848 613.4811 619.7883 625.3243 629.4837 632.088 632.9734 -9999 -9999 -9999 -9999 620.8514 621.3411 623.3416 626.0872 629.2026 632.2286 634.7221 636.5234 637.5785 637.7116 -9999 -9999 -9999 -9999 -9999 -9999 -9999 -9999 -9999 -9999 -9999 -9999 -9999 -9999 -9999 -9999 -9999 -9999 -9999 -9999 -9999 -9999 -9999 -9999 -9999 -9999 -9999 -9999 -9999 -9999 -9999 -9999 -9999 -9999 -9999 -9999 -9999
598.9473 598.3571 597.7404 596.86 595.8387 594.9362 594.8075 595.2487 596.3184 597.5199 598.1689 598.4845 598.7745 599.4553 601.0609 604.0995 608.8862 615.0565 621.1578 626.0416 629.3164 631.2317 631.7097 -9999 -9999 -9999 -9999 -9999 -9999 -9999 -9999 -9999 -9999 -9999 -9999 -9999 -9999 -9999 -9999 -9999 -9999 -9999 -9999 -9999 -9999 -9999 -9999 -9999 -9999 -9999 -9999 -9999 -9999 -9999 -9999 -9999 -9999 -9999 -9999 -9999 -9999 -9999 -9999 -9999 -9999 -9999 -9999 -9999 -9999 -9999 -9999 -9999 -9999 -9999
599.0529 598.7279 598.2252 597.4987 596.4146 595.4243 594.8371 594.8969 595.8071 596.8331 597.6716 598.1693 598.6052 599.4445 601.2614 604.6041 609.7299 616.0353 621.8818 626.1812 628.7733 630.4757 -9999 -9999 -9999 -9999 -9999 -9999 -9999 -9999 -9999 -9999 -9999 -9999 -9999 -9999 -9999 -9999 -9999 -9999 -9999 -9999 -9999 -9999 -9999 -9999 -9999 -9999 -9999 -9999 -9999 -9999 -9999 -9999 -9999 -9999 -9999 -9999 -9999 -9999 -9999 -9999 -9999 -9999 -9999 -9999 -9999 -9999 -9999 -9999 -9999 -9999 -9999 -9999
