backend/lakes/data/Chin Lakes/chin_dem_tm.asc
ncols         465
nrows         241
xllcorner     689750
yllcorner     5493600
cellsize      50
NODATA_value  -9999
[rows 170 to 203 of 241, columns 228 to 303 of 465]
848.273 848.318 848.2302 848.1666 848.39 848.8107 849.8376 851.1799 852.7914 854.6851 856.9783 859.7447 863.0762 867.0432 871.7094 876.9389 882.3657 887.5554 892.2829 896.447 900.0966 903.3498 906.0454 -9999 -9999 -9999 -9999 -9999 -9999 -9999 -9999 -9999 -9999 -9999 -9999 -9999 -9999 -9999 -9999 -9999 -9999 -9999 -9999 -9999 -9999 -9999 -9999 -9999 -9999 -9999 -9999 -9999 -9999 -9999 -9999 -9999 -9999 -9999 -9999 -9999 -9999 -9999 -9999 -9999 -9999 -9999 -9999 -9999 -9999 -9999 -9999 -9999 -9999 -9999 -9999 -9999
849.8142 849.7914 849.4569 848.9487 848.7338 848.6145 849.1436 849.8457 850.8417 852.1134 853.694 855.649 858.2681 861.6115 865.7965 870.6925 875.879 880.7964 885.433 889.8124 893.9686 898.018 901.7844 904.8389 906.9813 -9999 -9999 -9999 -9999 -9999 -9999 -9999 -9999 -9999 -9999 -9999 -9999 -9999 -9999 -9999 -9999 -9999 -9999 -9999 -9999 -9999 -9999 -9999 -9999 -9999 -9999 -9999 -9999 -9999 -9999 -9999 -9999 -9999 -9999 -9999 -9999 -9999 -9999 -9999 -9999 -9999 -9999 -9999 -9999 -9999 -9999 -9999 -9999 -9999 -9999 -9999
851.8004 851.7743 851.3389 850.3662 849.5281 849.1453 848.8391 849.3967 849.9167 850.6261 851.6085 852.858 854.6143 857.2299 860.7605 865.1069 869.8898 874.1632 878.4045 882.7157 887.0724 891.564 896.0392 900.0282 903.1248 905.2585 -9999 -9999 -9999 -9999 -9999 -9999 -9999 -9999 -9999 -9999 -9999 -9999 -9999 -9999 -9999 -9999 -9999 -9999 -9999 -9999 -9999 -9999 -9999 -9999 -9999 -9999 -9999 -9999 -9999 -9999 -9999 -9999 -9999 -9999 -9999 -9999 -9999 -9999 -9999 -9999 -9999 -9999 -9999 -9999 -9999 -9999 -9999 -9999 -9999 -9999
854.2454 853.9556 853.438 852.3388 851.0291 850.0514 849.6139 849.0636 849.2882 849.5128 850.4625 851.1333 852.1802 853.9279 856.676 860.4055 864.7068 867.9648 871.6924 875.7842 880.0981 884.6342 889.3682 893.8533 897.5801 900.3384 902.2281 -9999 -9999 -9999 -9999 -9999 -9999 -9999 -9999 -9999 -9999 -9999 -9999 -9999 -9999 -9999 -9999 -9999 -9999 -9999 -9999 -9999 -9999 -9999 -9999 -9999 -9999 -9999 -9999 -9999 -9999 -9999 -9999 -9999 -9999 -9999 -9999 -9999 -9999 -9999 -9999 -9999 -9999 -9999 -9999 -9999 -9999 -9999 -9999 -9999
858.3516 856.6675 855.7765 854.8201 853.4369 851.9614 850.9813 850.4526 850.2316 850.1471 849.7373 849.9619 850.8217 851.8919 853.7172 856.1708 859.2089 862.1531 865.6586 869.5959 873.5767 877.832 882.3842 886.9134 890.887 893.9609 896.1285 897.8759 899.8474 -9999 -9999 -9999 -9999 -9999 -9999 -9999 -9999 -9999 -9999 -9999 -9999 -9999 -9999 -9999 -9999 -9999 -9999 -9999 -9999 -9999 -9999 -9999 -9999 -9999 -9999 -9999 -9999 -9999 -9999 -9999 -9999 -9999 -9999 -9999 -9999 -9999 -9999 -9999 -9999 -9999 -9999 -9999 -9999 -9999 -9999 -9999
863.7847 861.7697 859.8892 858.4818 856.9118 855.0799 853.6524 852.6736 851.9127 851.3229 850.8164 850.4483 850.1865 850.9518 852.0208 853.3339 854.9954 857.2852 860.5275 864.4463 867.8986 871.454 875.5242 879.771 883.6761 886.8193 889.1041 890.9851 893.181 896.0782 899.655 -9999 -9999 -9999 -9999 -9999 -9999 -9999 -9999 -9999 -9999 -9999 -9999 -9999 -9999 -9999 -9999 -9999 -9999 -9999 -9999 -9999 -9999 -9999 -9999 -9999 -9999 -9999 -9999 -9999 -9999 -9999 -9999 -9999 -9999 -9999 -9999 -9999 -9999 -9999 -9999 -9999 -9999 -9999 -9999 -9999
870.3268 867.8443 865.8464 863.7641 861.6226 859.5276 857.8273 856.4871 855.1727 853.7312 852.4451 851.5088 851.0106 850.411 850.6356 852.0392 852.6348 853.9613 856.243 859.512 862.9487 865.6153 869.0032 872.8044 876.478 879.5477 881.8777 883.8931 886.2936 889.4349 893.2995 897.5627 -9999 -9999 -9999 -9999 -9999 -9999 -9999 -9999 -9999 -9999 -9999 -9999 -9999 -9999 -9999 -9999 -9999 -9999 -9999 -9999 -9999 -9999 -9999 -9999 -9999 -9999 -9999 -9999 -9999 -9999 -9999 -9999 -9999 -9999 -9999 -9999 -9999 -9999 -9999 -9999 -9999 -9999 -9999 -9999
877.4688 874.7658 872.2269 869.8294 867.202 864.9532 862.8378 861.0575 859.267 857.2658 855.3835 853.6706 852.5572 852.1636 852.502 850.8601 851.5526 851.9917 853.2932 855.3085 857.7778 860.1704 863.0657 866.3421 869.6736 872.5925 874.9409 877.0832 879.6292 882.8546 886.7188 891.0305 895.3918 899.4124 -9999 -9999 -9999 -9999 -9999 -9999 -9999 -9999 -9999 -9999 -9999 -9999 -9999 -9999 -9999 -9999 -9999 -9999 -9999 -9999 -9999 -9999 -9999 -9999 -9999 -9999 -9999 -9999 -9999 -9999 -9999 -9999 -9999 -9999 -9999 -9999 -9999 -9999 -9999 -9999 -9999 -9999
884.5095 881.877 879.2031 876.4766 873.7502 871.0717 868.4916 866.0591 863.6754 861.3119 859.1434 857.0071 854.993 853.6633 853.4872 852.233 851.0847 851.3093 851.9128 852.9491 854.0882 855.7155 857.9824 860.7051 863.576 866.2548 868.5823 870.8093 873.39 876.5304 880.1993 884.2563 888.4962 892.5786 896.2931 899.5504 -9999 -9999 -9999 -9999 -9999 -9999 -9999 -9999 -9999 -9999 -9999 -9999 -9999 -9999 -9999 -9999 -9999 -9999 -9999 -9999 -9999 -9999 -9999 -9999 -9999 -9999 -9999 -9999 -9999 -9999 -9999 -9999 -9999 -9999 -9999 -9999 -9999 -9999 -9999 -9999
890.6358 888.4443 886.0324 883.4031 880.5773 877.6672 874.6675 871.6013 868.6047 865.8544 863.5368 861.1313 858.3846 856.1845 854.6595 853.1145 852.1723 851.9623 852.1498 852.571 852.5829 852.7957 854.0862 856.0944 858.448 860.8221 863.0349 865.2444 867.707 870.5991 873.912 877.586 881.4832 885.4041 889.1338 892.5412 895.576 898.3449 -9999 -9999 -9999 -9999 -9999 -9999 -9999 -9999 -9999 -9999 -9999 -9999 -9999 -9999 -9999 -9999 -9999 -9999 -9999 -9999 -9999 -9999 -9999 -9999 -9999 -9999 -9999 -9999 -9999 -9999 -9999 -9999 -9999 -9999 -9999 -9999 -9999 -9999
895.2003 893.8359 892.0483 889.8479 887.2432 884.2479 880.9526 877.4574 873.9861 870.7759 867.9593 865.1875 862.2863 859.7059 857.6259 855.9064 854.7451 853.9863 853.6284 853.6905 852.704 851.7143 851.621 852.7192 854.4851 856.5433 858.5985 860.6247 862.808 865.2977 868.1288 871.3074 874.7706 878.3859 881.9701 885.3472 888.3963 891.217 894.0505 897.0135 -9999 -9999 -9999 -9999 -9999 -9999 -9999 -9999 -9999 -9999 -9999 -9999 -9999 -9999 -9999 -9999 -9999 -9999 -9999 -9999 -9999 -9999 -9999 -9999 -9999 -9999 -9999 -9999 -9999 -9999 -9999 -9999 -9999 -9999 -9999 -9999
897.9039 897.6266 896.6701 895.1783 893.0777 890.2877 886.9196 883.2267 879.5212 876.0793 872.9877 869.9773 866.9335 864.0611 861.5734 859.4814 857.7587 856.3372 855.2902 854.5504 853.3685 851.6133 850.647 850.718 851.8256 853.5596 855.4163 857.2307 859.0485 860.9723 863.1991 865.7603 868.6738 871.8701 875.1713 878.37 881.2928 884.0301 886.8595 889.9415 893.2474 896.6302 899.8917 902.8952 -9999 -9999 -9999 -9999 -9999 -9999 -9999 -9999 -9999 -9999 -9999 -9999 -9999 -9999 -9999 -9999 -9999 -9999 -9999 -9999 -9999 -9999 -9999 -9999 -9999 -9999 -9999 -9999 -9999 -9999 -9999 -9999
-9999 -9999 899.229 898.6593 897.3687 895.0376 891.8875 888.243 884.5385 881.134 878.0847 875.0912 872.043 869.0636 866.3011 863.7673 861.5339 859.5277 857.7114 856.1091 854.2693 852.204 850.8135 850.2339 850.5988 851.972 853.5283 855.0373 856.4677 857.8838 859.4396 861.2477 863.476 866.1093 868.9774 871.8678 874.5726 877.1526 879.8742 882.8971 886.2133 889.7095 893.2148 896.5706 899.6265 902.2622 904.3929 906.0328 -9999 -9999 -9999 -9999 -9999 -9999 -9999 -9999 -9999 -9999 -9999 -9999 -9999 -9999 -9999 -9999 -9999 -9999 -9999 -9999 -9999 -9999 -9999 -9999 -9999 -9999 -9999 -9999
-9999 -9999 -9999 -9999 -9999 -9999 894.9631 891.6236 888.1097 884.9343 882.1556 879.4371 876.6653 874.0213 871.4369 868.821 866.2425 863.8146 861.5178 859.2778 856.9271 854.4523 852.4004 851.2378 851.1299 851.8357 852.8629 853.9382 854.9358 855.847 856.7789 857.8984 859.3871 861.2784 863.5477 865.9955 868.4021 870.7684 873.2973 876.1204 879.2493 882.6201 886.1134 889.5635 892.7918 895.6605 898.0999 900.1558 901.9791 903.6442 905.1883 906.6225 -9999 -9999 -9999 -9999 -9999 -9999 -9999 -9999 -9999 -9999 -9999 -9999 -9999 -9999 -9999 -9999 -9999 -9999 -9999 -9999 -9999 -9999 -9999 -9999
-9999 -9999 -9999 -9999 -9999 -9999 -9999 892.4672 889.323 886.5081 884.174 881.9111 879.7131 878.0675 876.3008 874.1275 871.6509 869.0295 866.3382 863.5853 860.7205 857.8522 855.3173 853.5614 852.6777 852.6288 853.0601 853.6726 854.2433 854.6746 855.0247 855.4753 856.2463 857.4136 858.9728 860.8178 862.8357 864.9209 867.1598 869.6661 872.464 875.5444 878.8448 882.1956 885.3876 888.2739 890.8201 893.1027 895.2454 897.2883 899.2294 901.0452 902.6732 904.0272 905.0948 906.0373 907.061 -9999 -9999 -9999 -9999 -9999 -9999 -9999 -9999 -9999 -9999 -9999 -9999 -9999 -9999 -9999 -9999 -9999 -9999 -9999
-9999 -9999 -9999 -9999 -9999 -9999 -9999 -9999 -9999 -9999 883.6353 882.3138 880.6396 880.7376 880.238 878.9059 877.0291 874.5303 871.6733 868.4643 865.0803 861.691 858.5941 856.1056 854.5134 853.7987 853.6948 853.9093 854.1396 854.177 854.0122 853.8266 853.9189 854.3633 855.1942 856.3875 857.9012 859.6038 861.4439 863.5433 865.9146 868.6005 871.5943 874.7174 877.7416 880.4971 882.9807 885.3017 887.5578 889.7728 891.9225 893.9805 895.9091 897.6421 899.1891 900.675 902.2542 904.0239 -9999 -9999 -9999 -9999 -9999 -9999 -9999 -9999 -9999 -9999 -9999 -9999 -9999 -9999 -9999 -9999 -9999 -9999
-9999 -9999 -9999 -9999 -9999 -9999 -9999 -9999 -9999 -9999 -9999 -9999 -9999 883.1609 882.6317 882.0477 881.1999 879.1257 876.5222 873.1414 869.3004 865.3842 861.7 858.6307 856.3657 855.0538 854.4724 854.379 854.4044 854.1925 853.6455 852.9019 852.3914 852.1361 852.2661 852.8312 853.7558 854.9339 856.2984 857.944 859.835 862.0419 864.6169 867.4064 870.1714 872.6978 874.9899 877.1824 879.3636 881.5592 883.749 885.9124 888.0406 890.0959 892.0733 894.037 896.0966 898.3401 900.748 903.1093 -9999 -9999 -9999 -9999 -9999 -9999 -9999 -9999 -9999 -9999 -9999 -9999 -9999 -9999 -9999 -9999
-9999 -9999 -9999 -9999 -9999 -9999 -9999 -9999 -9999 -9999 -9999 -9999 -9999 -9999 881.2814 882.0584 882.6375 881.1412 879.5045 876.4789 872.5646 868.3174 864.2156 860.7687 858.2099 856.3406 855.2842 854.9485 854.9065 854.6127 853.9174 852.8624 851.7559 850.8128 850.2946 850.282 850.649 851.3076 852.2045 853.3962 854.7899 856.4321 858.4048 860.7202 863.114 865.3184 867.3109 869.2313 871.1702 873.1808 875.2705 877.4186 879.6385 881.9293 884.2549 886.599 889.0136 891.6054 894.3816 897.1878 899.7764 902.0087 -9999 905.7237 907.4241 908.7592 909.4999 -9999 -9999 -9999 -9999 -9999 -9999 -9999 -9999 -9999
-9999 -9999 -9999 -9999 -9999 -9999 -9999 -9999 -9999 -9999 -9999 -9999 -9999 -9999 -9999 -9999 879.4875 879.7225 879.2422 877.1356 873.8182 869.856 865.7652 862.1817 859.6406 857.7463 856.1793 855.6296 855.5968 855.2767 854.6972 853.4979 851.96 850.4612 849.5029 849.0002 848.9026 849.1348 849.5889 850.2528 851.1089 852.1776 853.5681 855.352 857.2057 858.9702 860.5576 862.0722 863.6339 865.3247 867.1953 869.1816 871.3511 873.742 876.2885 878.8823 881.5049 884.2881 887.2831 890.3687 893.3193 895.9917 898.4235 900.6834 902.7659 904.4875 905.7292 906.5754 907.3075 907.9588 908.1665 907.4583 905.6405 902.8424 899.6464 896.8791
-9999 -9999 -9999 -9999 -9999 -9999 -9999 -9999 -9999 -9999 -9999 -9999 -9999 -9999 -9999 -9999 -9999 875.1743 875.437 874.469 872.3699 869.3878 865.8938 862.6367 860.4689 858.7612 857.4338 856.6213 856.3964 856.3099 856.0581 854.7913 852.9849 851.1657 849.7499 848.7753 848.2844 848.1709 848.2841 848.5831 849.0724 849.6936 850.5662 851.7659 853.132 854.4435 855.5803 856.5915 857.672 858.9164 860.4182 862.0319 863.9376 866.2114 868.759 871.3945 874.0379 876.8428 879.9022 883.0974 886.2071 889.0724 891.7053 894.1595 896.439 898.4547 900.131 901.4747 902.5881 903.4149 903.6516 902.849 900.748 897.5488 893.9423 890.8499
-9999 -9999 -9999 -9999 -9999 -9999 -9999 -9999 -9999 -9999 -9999 -9999 -9999 -9999 -9999 -9999 -9999 870.5071 870.8491 870.5562 869.5814 867.6508 865.0739 862.5609 860.8353 859.8822 859.2643 858.8533 858.6611 858.5021 857.9435 856.6189 854.5909 852.5116 850.6833 849.3687 848.5619 848.1663 848.0195 848.0585 848.3081 848.6459 849.1717 850.1035 851.2161 852.2278 852.9789 853.4523 853.8898 854.7279 855.8901 856.918 858.2781 860.1046 862.2297 864.5923 867.0034 869.6383 872.606 875.754 878.853 881.6993 884.2742 886.656 888.905 891.0295 892.9772 894.6552 896.0153 896.9451 897.1898 896.3841 894.2678 891.0309 887.3791 884.2486
-9999 -9999 -9999 -9999 -9999 -9999 -9999 -9999 -9999 -9999 -9999 -9999 -9999 -9999 -9999 -9999 -9999 869.2111 868.6328 868.2156 867.8193 866.5076 864.6726 862.9952 862.0444 861.7144 861.6173 861.5325 861.3615 861.0439 860.3366 858.8502 856.6982 854.5045 852.452 850.7711 849.6222 848.9194 848.5087 848.317 848.3859 848.5568 848.8196 849.5301 850.5159 851.3627 851.9424 852.1866 852.4478 853.129 854.1664 854.3193 854.8134 855.7298 857.145 858.8945 860.7804 863.0134 865.7036 868.6285 871.5801 874.2573 876.6027 878.7099 880.7296 882.7792 884.79 886.6023 888.0555 888.9924 889.2217 888.4844 886.5733 883.6205 880.2744 877.4208
-9999 -9999 -9999 -9999 -9999 -9999 -9999 -9999 -9999 -9999 -9999 -9999 -9999 -9999 -9999 -9999 -9999 -9999 871.9179 870.654 869.366 867.7114 866.0715 865.0218 864.576 864.6896 864.9208 864.9617 864.6998 864.1638 863.2216 861.642 859.4981 857.1786 854.9541 853.0178 851.4437 850.3397 849.5898 849.0827 848.9452 848.9858 849.0372 849.4391 850.2758 851.0394 851.5578 851.7393 851.822 852.1394 852.6157 852.5092 852.6454 853.1062 853.8599 854.8009 855.8936 857.4751 859.611 862.0726 864.7025 867.0785 869.105 870.8431 872.5108 874.3295 876.217 877.9616 879.3298 880.1447 880.289 879.6287 878.0807 875.6645 872.9272 870.6144
-9999 -9999 -9999 -9999 -9999 -9999 -9999 -9999 -9999 -9999 -9999 -9999 -9999 -9999 -9999 -9999 -9999 -9999 878.162 876.1816 874.0817 871.8841 869.9803 868.864 868.624 868.9639 869.3167 869.3005 868.832 868.0361 866.8612 865.1202 862.8828 860.4286 858.0532 855.9577 854.1 852.4812 851.2784 850.3176 849.8316 849.6615 849.5792 849.6243 850.1647 850.8447 851.2235 851.4055 851.323 851.2555 851.2009 851.0466 851.1421 851.438 851.799 852.1801 852.6971 853.5972 854.9178 856.6884 858.705 860.5997 862.2578 863.6153 864.9042 866.369 867.9727 869.4701 870.5912 871.1561 871.138 870.5167 869.3874 867.642 865.6844 864.0385
-9999 -9999 -9999 -9999 -9999 -9999 -9999 -9999 -9999 -9999 -9999 -9999 -9999 -9999 -9999 -9999 -9999 -9999 -9999 882.9693 880.4029 877.7911 875.564 874.1917 873.8292 874.1234 874.4208 874.228 873.514 872.4901 871.1268 869.2462 866.8707 864.2366 861.6417 859.3043 857.2872 855.4536 853.7432 852.2281 851.2137 850.6567 850.3278 850.173 850.3447 850.8414 850.8727 850.9512 850.7701 850.5174 850.2186 849.9877 850.1042 850.3998 850.6023 850.6793 850.8206 851.2592 852.043 853.1127 854.2885 855.5476 856.7358 857.7296 858.6878 859.7625 860.9159 861.9995 862.7188 862.9583 862.7912 862.2756 861.4654 860.3202 859.0719 858.0426
-9999 -9999 -9999 -9999 -9999 -9999 -9999 -9999 -9999 -9999 -9999 -9999 -9999 -9999 -9999 -9999 -9999 -9999 -9999 -9999 886.8071 884.0232 881.6088 880.0175 879.4322 879.5317 879.6368 879.2122 878.3052 877.1799 875.7831 873.8887 871.4548 868.6517 865.7335 863.0001 860.695 858.7823 857.0189 855.2447 853.5428 852.377 851.6297 851.0925 850.9858 851.3344 850.9159 850.5538 850.2778 850.0036 849.6802 849.4156 849.538 849.8855 850.0668 850.0313 849.9939 850.1772 850.5975 851.1606 851.8079 852.5212 853.2107 853.8284 854.4576 855.1604 855.8784 856.4825 856.7716 856.6631 856.3788 855.9594 855.3949 854.6594 853.8793 853.2798
-9999 -9999 -9999 -9999 -9999 -9999 -9999 -9999 -9999 -9999 -9999 -9999 -9999 -9999 -9999 -9999 -9999 -9999 -9999 -9999 -9999 -9999 -9999 -9999 -9999 -9999 -9999 -9999 882.8052 881.7976 880.6198 878.9379 876.613 873.6956 870.4186 867.208 864.4631 862.3428 860.668 859.0483 857.2944 855.6199 854.0852 852.8659 852.0525 851.7626 851.2863 850.8955 850.5347 850.0359 849.601 849.3956 849.5166 849.8961 850.0803 850.0292 849.9677 850.0552 850.2314 850.3646 850.572 850.85 851.136 851.426 851.7664 852.1652 852.5469 852.8227 852.8909 852.7209 852.4296 852.0845 851.6802 851.2015 850.7204 850.3798
-9999 -9999 -9999 -9999 -9999 -9999 -9999 -9999 -9999 -9999 -9999 -9999 -9999 -9999 -9999 -9999 -9999 -9999 -9999 -9999 -9999 -9999 -9999 -9999 -9999 -9999 -9999 -9999 -9999 -9999 885.5509 884.3209 882.2559 879.2659 875.6274 871.9383 868.7878 866.5103 865.0106 863.6761 862.0942 860.2017 858.2699 856.5104 854.9877 853.8243 853.041 852.5482 852.1385 851.1789 850.296 849.8914 850.0847 850.5372 850.5864 850.4698 850.4448 850.5092 850.4972 850.2152 850.0679 850.0248 850.0229 850.0875 850.2432 850.458 850.6321 850.7329 850.7252 850.5712 850.3062 850.0172 849.7379 849.4426 849.1489 848.9155
-9999 -9999 -9999 -9999 -9999 -9999 -9999 -9999 -9999 -9999 -9999 -9999 -9999 -9999 -9999 -9999 -9999 -9999 -9999 -9999 -9999 -9999 -9999 -9999 -9999 -9999 -9999 -9999 -9999 -9999 -9999 889.9411 888.1776 885.1282 881.1476 877.0281 873.5649 871.2542 870.0433 869.1171 867.7745 865.9014 863.7504 861.6147 859.6404 858.052 856.973 856.2033 855.6555 853.877 852.1657 851.2308 851.1938 851.7086 851.4034 851.1093 851.0963 850.9943 850.5435 850.1022 849.8614 849.6646 849.5084 849.4847 849.5956 849.7825 849.8654 849.9 849.8964 849.7693 849.4886 849.2242 849.0514 848.9141 848.7466 848.5079
-9999 -9999 -9999 -9999 -9999 -9999 -9999 -9999 -9999 -9999 -9999 -9999 -9999 -9999 -9999 -9999 -9999 -9999 -9999 -9999 -9999 -9999 -9999 -9999 -9999 -9999 -9999 -9999 -9999 -9999 -9999 -9999 -9999 890.9055 886.6486 882.1954 878.5268 876.2913 875.4756 875.0591 874.1133 872.4106 870.1987 867.8204 865.5378 863.5865 862.0953 860.5949 859.2278 857.3408 855.296 853.6348 852.9376 853.0842 852.2116 851.6425 851.6033 851.0235 850.4973 850.0508 849.7417 849.5289 849.4177 849.4519 849.6344 849.9442 850.0237 850.0729 850.1155 849.9603 849.543 849.2396 849.1628 849.1455 849.0327 848.691
-9999 -9999 -9999 -9999 -9999 -9999 -9999 -9999 -9999 -9999 -9999 -9999 -9999 -9999 -9999 -9999 -9999 -9999 -9999 -9999 -9999 -9999 -9999 -9999 -9999 -9999 -9999 -9999 -9999 -9999 -9999 -9999 -9999 -9999 -9999 887.063 883.3513 881.308 880.9609 881.126 880.713 879.3775 877.3277 874.8807 872.3403 869.9329 867.7855 865.7595 863.8563 861.8311 859.6551 857.5448 855.9404 854.726 853.3292 852.3409 851.8253 851.355 851.0133 850.6106 850.2593 850.0358 849.973 850.0767 850.2959 850.6954 850.9628 851.1749 851.2878 850.7844 850.1074 849.6871 849.6743 849.6269 849.2589 848.8365
-9999 -9999 -9999 -9999 -9999 -9999 -9999 -9999 -9999 -9999 -9999 -9999 -9999 -9999 -9999 -9999 -9999 -9999 -9999 -9999 -9999 -9999 -9999 -9999 -9999 -9999 -9999 -9999 -9999 -9999 -9999 -9999 -9999 -9999 -9999 -9999 -9999 886.1066 886.3029 887.0966 887.3205 886.504 884.7763 882.4387 879.7748 877.0413 874.4216 871.9532 869.6363 867.3194 864.9139 862.4186 860.1122 858.1595 856.4808 855.2769 854.5185 853.8474 853.0834 852.429 851.9042 851.5957 851.5181 851.6782 851.8908 852.1783 852.4131 852.5929 852.5818 851.923 851.0586 850.3809 850.3354 849.9872 849.5499 849.1219
-9999 -9999 -9999 -9999 -9999 -9999 -9999 -9999 -9999 -9999 -9999 -9999 -9999 -9999 -9999 -9999 -9999 -9999 -9999 -9999 -9999 -9999 -9999 -9999 -9999 -9999 -9999 -9999 -9999 -9999 -9999 -9999 -9999 -9999 -9999 -9999 -9999 -9999 891.4891 892.9434 893.83 893.5705 892.2263 890.0953 887.4636 884.6077 881.7556 879.0103 876.3589 873.6649 870.7848 867.7538 864.8642 862.4681 860.6902 859.5168 858.6862 857.8297 856.8275 855.8975 855.1015 854.6154 854.3569 854.2104 854.1676 854.1844 854.1952 854.1939 854.0086 853.3151 852.3983 851.5128 850.937 850.6212 850.2351 849.8002
-9999 -9999 -9999 -9999 -9999 -9999 -9999 -9999 -9999 -9999 -9999 -9999 -9999 -9999 -9999 -9999 -9999 -9999 -9999 -9999 -9999 -9999 -9999 -9999 -9999 -9999 -9999 -9999 -9999 -9999 -9999 -9999 -9999 -9999 -9999 -9999 -9999 -9999 -9999 -9999 -9999 900.3205 899.3344 897.4627 894.9988 892.2203 889.3516 886.48 883.5371 880.3643 876.8549 873.1567 869.7747 867.1493 865.4647 864.4988 863.7272 862.7025 861.3726 860.0138 858.854 858.1044 857.6109 857.136 856.7763 856.4193 856.2055 855.993 855.5809 854.9473 854.1445 853.2839 852.7588 852.4883 851.8217 851.1431
