backend/lakes/data/Crane Lake/cran_dem_tm.asc
ncols         159
nrows         124
xllcorner     785100
yllcorner     6044800
cellsize      50
NODATA_value  -9999
[rows 62 to 92 of 124, columns 70 to 139 of 159]
557.7941 556.1801 554.4653 552.85 551.5934 550.5566 549.4963 548.4495 547.6385 546.9421 546.6198 546.6037 546.2095 546.2791 546.361 546.2711 545.7509 544.602 543.369 542.4521 541.8202 541.3607 540.9087 540.3509 539.5382 538.7833 538.8052 540.1866 542.7652 546.5521 551.3814 556.6529 561.3527 564.6212 566.14 564.5344 561.037 556.466 551.3979 546.2055 541.0547 536.3329 532.4675 529.9666 529.2983 532.1548 535.6135 538.7117 541.2342 543.2352 544.8685 546.2512 547.4232 548.4197 549.5889 551.3822 553.8095 556.5863 559.474 562.3198 565.0369 -9999 -9999 -9999 -9999 -9999 -9999 -9999 -9999 -9999
553.5831 552.383 551.1919 550.1854 549.4326 548.7671 547.9662 547.1096 546.3007 545.5588 545.0422 544.8579 544.7236 544.7319 544.8111 544.8122 544.5198 543.6953 542.9668 542.3804 541.9817 541.7637 541.56 541.3058 540.4004 539.3328 538.7363 539.5938 541.8266 545.3054 549.7828 554.7568 559.3275 562.6765 564.1391 562.8537 559.553 555.1133 550.1049 544.9342 539.7498 535.0643 531.4998 529.8127 531.1555 534.3986 537.8614 540.8076 543.0883 544.8448 546.2646 547.47 548.5479 549.7577 551.489 553.8156 556.4998 559.2411 561.8431 564.235 566.4482 -9999 -9999 -9999 -9999 -9999 -9999 -9999 -9999 -9999
549.673 548.9583 548.4019 548.024 547.7997 547.5374 546.9769 546.2604 545.4591 544.6857 543.9906 543.5405 543.3893 543.3787 543.4268 543.453 543.3391 542.9498 542.5444 542.1945 541.9368 541.7811 541.7799 541.7537 541.276 540.1492 538.9835 539.0378 541.0278 544.2977 548.3699 552.7328 556.6227 559.2967 560.1086 558.738 555.6342 551.4236 546.6476 541.7332 536.965 532.9819 530.6406 531.161 533.6845 537.0336 540.2253 542.8079 544.7614 546.258 547.4731 548.5731 549.8815 551.6155 553.9127 556.5566 559.2568 561.7653 563.9555 565.8493 -9999 -9999 -9999 -9999 -9999 -9999 -9999 -9999 -9999 -9999
546.764 546.4301 546.2947 546.2963 546.382 546.3494 546.0556 545.4767 544.7566 543.9747 543.283 542.7882 542.5662 542.5222 542.5482 542.5778 542.5397 542.3796 542.1875 542.0034 541.8598 541.7743 541.7813 541.9459 541.7726 541.0588 539.7839 538.9321 540.6821 543.7555 547.3971 551.0146 553.9592 555.6502 555.5983 553.8299 550.6603 546.5782 542.111 537.6869 533.816 531.3143 531.2101 533.3284 536.4396 539.6699 542.4577 544.6203 546.2413 547.4921 548.5515 549.8091 551.6032 553.901 556.5199 559.209 561.721 563.8729 565.618 -9999 -9999 -9999 -9999 -9999 -9999 -9999 -9999 -9999 -9999 -9999
544.848 544.6545 544.6674 544.8001 545.0352 545.079 544.8611 544.5491 543.9946 543.3267 542.7321 542.2925 542.0671 542.021 542.0334 542.0527 542.045 541.9952 541.9343 541.8612 541.8066 541.78 541.7918 542.0881 542.0795 541.5811 540.5774 539.3029 540.7364 543.6008 546.8323 549.7117 551.6769 552.3011 551.3472 549.0305 545.5891 541.5623 537.4974 533.8974 531.449 531.046 532.9117 535.8853 539.1318 542.0743 544.4313 546.2075 547.5505 548.6453 549.8257 551.5458 553.8044 556.3427 558.9387 561.4183 563.6019 -9999 -9999 -9999 -9999 -9999 -9999 -9999 -9999 -9999 -9999 -9999 -9999 -9999
543.5684 543.3437 543.3324 543.4084 543.5314 543.5757 543.5162 543.4224 543.2031 542.7479 542.2983 541.961 541.7832 541.7784 541.7795 541.78 541.7802 541.7806 541.7996 541.78 541.78 541.7806 541.9615 542.2714 542.2931 541.8431 540.9076 539.5096 540.78 543.5125 546.3539 548.5101 549.5599 549.2126 547.4379 544.5397 540.8543 536.9947 533.6079 531.3193 530.8364 532.5128 535.3568 538.5974 541.6474 544.1777 546.1247 547.5995 548.7911 550.0244 551.6138 553.7744 556.1939 558.588 560.8391 562.9296 -9999 -9999 -9999 -9999 -9999 -9999 -9999 -9999 -9999 -9999 -9999 -9999 -9999 -9999
542.7948 542.5471 542.4831 542.5092 542.5751 542.6197 542.6245 542.6035 542.4985 542.2505 541.9738 541.7809 541.7102 541.7004 541.6971 541.6963 541.7036 541.7289 541.78 541.7534 541.7801 541.833 542.0438 542.3212 542.3124 541.8018 540.8127 539.5278 540.7097 543.2115 545.5531 547.0425 547.2361 546.0637 543.6602 540.3503 536.6293 533.2666 531.0574 530.7021 532.2941 534.9915 538.129 541.1919 543.8364 545.9323 547.5571 548.8828 550.1794 551.8276 553.8889 556.2032 558.446 560.4271 562.1769 563.8726 -9999 -9999 -9999 -9999 -9999 -9999 -9999 -9999 -9999 -9999 -9999 -9999 -9999 -9999
542.314 542.0942 542.0127 542.0013 542.0283 542.0545 542.068 542.0667 542.0262 541.9187 541.7809 541.739 541.7792 541.7803 541.7808 541.7809 541.7809 541.7815 541.7816 541.7857 541.8817 541.9103 542.0145 542.1473 542.0154 541.3367 540.1041 539.0129 540.2213 542.3239 543.975 544.7838 544.3168 542.5741 539.8285 536.4395 533.0531 530.6627 530.2526 531.9745 534.6896 537.7774 540.7966 543.4597 545.6033 547.3183 548.7808 550.2397 551.9068 554.0116 556.2999 558.4842 560.3524 561.8769 563.2256 -9999 -9999 -9999 -9999 -9999 -9999 -9999 -9999 -9999 -9999 -9999 -9999 -9999 -9999 -9999
542.0215 541.8669 541.8115 541.7803 541.7799 541.7805 541.7809 541.7809 541.7806 541.7798 541.7322 541.7802 541.8888 541.9731 542.0262 542.0455 542.0492 542.0533 542.041 542.0474 542.0781 541.9974 541.887 541.6993 541.3176 540.3474 539.2224 538.5698 539.2293 540.5566 541.5005 541.6018 540.6744 538.7177 536.0377 533.0287 530.4335 529.5154 531.2855 534.1557 537.3399 540.3896 543.0572 545.2357 546.9152 548.3912 549.9645 551.7758 553.9741 556.3342 558.5447 560.4033 561.869 563.0582 -9999 -9999 -9999 -9999 -9999 -9999 -9999 -9999 -9999 -9999 -9999 -9999 -9999 -9999 -9999 -9999
541.858 541.7801 541.78 541.7499 541.7363 541.7336 541.7332 541.7255 541.7288 541.7798 541.7825 541.9137 542.0765 542.2206 542.3217 542.3542 542.342 542.3229 542.2769 542.1517 542.0092 541.7656 541.4416 540.8059 540.0395 538.905 537.7955 537.1307 537.2856 537.8578 538.0915 537.7354 536.644 534.8545 532.7671 530.78 529.6165 530.9008 533.584 536.7859 539.9178 542.6532 544.8546 546.609 548.1096 549.6359 551.4262 553.7018 556.2027 558.5171 560.4331 561.9213 563.0969 -9999 -9999 -9999 -9999 -9999 -9999 -9999 -9999 -9999 -9999 -9999 -9999 -9999 -9999 -9999 -9999 -9999
541.78 541.7574 541.7671 541.7801 541.7802 541.78 541.78 541.7799 541.7819 541.8907 541.9904 542.1398 542.3046 542.4518 542.556 542.5732 542.5056 542.4022 542.2632 541.9698 541.4768 540.8674 540.1861 539.2985 538.4213 537.2128 535.9819 535.13 534.8948 534.7883 534.4408 533.9593 533.0336 531.6964 530.7718 530.5764 531.4272 533.5125 536.3372 539.3711 542.1724 544.4832 546.2358 547.9039 549.5 551.258 553.4606 555.9745 558.3876 560.3926 561.9357 563.1329 -9999 -9999 -9999 -9999 -9999 -9999 -9999 -9999 -9999 -9999 -9999 -9999 -9999 -9999 -9999 -9999 -9999 -9999
541.7565 541.7801 541.7802 541.829 541.8333 541.7939 541.7211 541.8433 541.9598 542.1034 542.2407 542.3762 542.4955 542.5821 542.619 542.5658 542.3909 542.152 541.8051 541.3722 540.5231 539.4973 538.6489 537.7297 536.8527 535.6589 534.3919 533.3823 533.0041 532.4315 531.7668 531.5681 531.1238 530.2596 530.8408 532.1601 534.0019 536.3547 538.9911 541.6508 544.0784 546.1061 547.7991 549.4752 551.2908 553.4443 555.8821 558.2715 560.3154 561.9082 563.1333 564.126 -9999 -9999 -9999 -9999 -9999 -9999 -9999 -9999 -9999 -9999 -9999 -9999 -9999 -9999 -9999 -9999 -9999 -9999
541.7808 541.8453 541.7901 541.6719 541.6123 541.6302 541.7435 541.931 542.1373 542.3141 542.4503 542.5415 542.5701 542.5279 542.4107 542.2046 541.8394 541.4109 540.7711 540.0509 539.0762 538.1121 537.231 536.4512 535.6109 534.5627 533.4963 532.6988 532.5759 532.0167 532.1501 532.2751 532.2436 532.2332 533.1022 534.7155 536.7407 538.9738 541.2573 543.5206 545.6618 547.6088 549.4382 551.3491 553.5563 555.9467 558.2697 560.2753 561.8702 563.1121 564.1066 -9999 -9999 -9999 -9999 -9999 -9999 -9999 -9999 -9999 -9999 -9999 -9999 -9999 -9999 -9999 -9999 -9999 -9999 -9999
541.8547 541.7502 541.4067 540.7308 540.5002 540.5954 541.1146 541.7693 542.1958 542.4363 542.551 542.5648 542.4571 542.2152 541.8475 541.3952 540.7075 539.9874 539.18 538.4806 537.5922 536.8292 536.0456 535.5319 534.8395 533.9869 532.9972 532.9108 533.4814 533.5778 533.8998 534.3141 534.6313 535.0493 535.9693 537.4454 539.2691 541.1938 543.118 545.049 547.0246 549.0922 551.2419 553.549 556.0004 558.3251 560.2971 561.8578 563.0883 564.0919 -9999 -9999 -9999 -9999 -9999 -9999 -9999 -9999 -9999 -9999 -9999 -9999 -9999 -9999 -9999 -9999 -9999 -9999 -9999 -9999
541.6337 541.1348 540.4794 539.9406 539.7715 539.9685 540.5715 541.6295 542.1953 542.4467 542.4964 542.3963 542.0992 541.5796 540.8648 540.0383 539.1156 538.3669 537.6506 537.0827 536.4047 535.7943 535.3417 535.037 534.6592 534.2602 534.0015 534.2488 535.0088 535.4863 536.0456 536.7426 537.311 537.8585 538.6752 539.8866 541.4074 543.0566 544.7605 546.5657 548.5711 550.8435 553.3112 555.817 558.2415 560.293 561.8734 563.0914 564.0955 -9999 -9999 -9999 -9999 -9999 -9999 -9999 -9999 -9999 -9999 -9999 -9999 -9999 -9999 -9999 -9999 -9999 -9999 -9999 -9999 -9999
540.8298 540.2455 539.6014 539.2697 539.3047 539.6798 540.4229 541.5953 542.1545 542.3276 542.2526 542.0049 541.4528 540.5461 539.6143 538.6653 537.8994 537.3748 536.7434 536.1572 535.67 535.3041 535.1244 535.0839 535.0023 534.9974 535.2695 535.7618 536.6025 537.3328 538.186 539.0894 539.7573 540.3201 540.9834 541.9118 543.2014 544.6996 546.3425 548.2001 550.3774 552.8859 555.4484 557.7693 560.0057 561.7994 563.1213 -9999 -9999 -9999 -9999 -9999 -9999 -9999 -9999 -9999 -9999 -9999 -9999 -9999 -9999 -9999 -9999 -9999 -9999 -9999 -9999 -9999 -9999 -9999
539.9343 539.3617 538.8369 538.8003 539.0927 539.6481 540.4649 541.6124 542.0593 542.0791 541.812 541.3914 540.5146 539.5389 538.5559 537.7252 537.7381 537.1141 536.3892 535.7348 535.4115 535.288 535.3849 535.6633 535.7778 535.9154 536.3694 537.085 537.9587 538.9532 540.086 541.1057 541.7219 542.2261 542.8749 543.6389 544.8215 546.2852 547.9758 549.9789 552.3586 554.98 557.3427 559.1523 561.292 563.0071 -9999 -9999 -9999 -9999 -9999 -9999 -9999 -9999 -9999 -9999 -9999 -9999 -9999 -9999 -9999 -9999 -9999 -9999 -9999 -9999 -9999 -9999 -9999 -9999
538.9637 538.7289 538.5845 538.7413 539.2296 539.9125 540.7343 541.6786 541.9278 541.7725 541.2869 540.5578 539.6991 538.7632 537.8065 537.2283 537.2033 536.8983 536.3514 535.8565 535.6906 535.7936 536.1337 536.7916 537.071 537.2083 537.547 538.3101 539.1854 540.3719 541.6375 542.6884 543.2873 543.7641 544.496 545.2757 546.4704 547.9734 549.7473 551.8879 554.3546 556.8177 558.9277 560.6537 562.4996 564.1294 -9999 -9999 -9999 -9999 -9999 -9999 -9999 -9999 -9999 -9999 -9999 -9999 -9999 -9999 -9999 -9999 -9999 -9999 -9999 -9999 -9999 -9999 -9999 -9999
538.5556 538.5621 538.7286 539.1036 539.7175 540.5005 541.4161 541.7878 541.7808 541.4968 540.9568 540.2025 539.265 538.4213 537.4321 537.0234 536.9326 536.6958 536.3826 536.23 536.4421 536.9585 537.5154 538.2665 538.5855 538.6776 538.8719 539.4803 540.4291 541.6719 542.9076 543.9061 544.6716 545.2942 546.1722 547.079 548.3506 549.9066 551.7501 553.9346 556.1539 558.0579 559.6827 561.321 563.1705 -9999 -9999 -9999 -9999 -9999 -9999 -9999 -9999 -9999 -9999 -9999 -9999 -9999 -9999 -9999 -9999 -9999 -9999 -9999 -9999 -9999 -9999 -9999 -9999 -9999
538.5227 538.7368 539.134 539.6874 540.3863 541.1607 541.7481 541.7805 541.6436 541.3218 540.8264 540.1403 539.1608 538.4419 537.7769 537.3493 537.1608 536.8436 536.6707 536.8148 537.4264 538.35 539.1185 539.8733 540.1631 540.2015 540.2807 540.7095 541.6893 542.8708 543.9915 545.058 546.0864 547.0087 548.1379 549.2195 550.5428 552.0384 553.7889 555.6617 557.2194 558.2385 559.3373 560.8911 -9999 -9999 -9999 -9999 -9999 -9999 -9999 -9999 -9999 -9999 -9999 -9999 -9999 -9999 -9999 -9999 -9999 -9999 -9999 -9999 -9999 -9999 -9999 -9999 -9999 -9999
538.7414 539.1582 539.7053 540.3712 541.1313 541.7053 541.8674 541.7788 541.5737 541.2925 540.9282 540.4686 539.8692 539.1334 538.7071 538.3181 537.829 537.4125 537.3397 537.689 538.6855 539.8696 540.7988 541.5042 541.7443 541.7502 541.7866 542.1354 543.0272 544.0513 545.1703 546.4177 547.6945 548.9927 550.4246 551.6076 552.7749 553.942 555.2729 556.4813 557.2433 557.5612 558.3151 -9999 -9999 -9999 -9999 -9999 -9999 -9999 -9999 -9999 -9999 -9999 -9999 -9999 -9999 -9999 -9999 -9999 -9999 -9999 -9999 -9999 -9999 -9999 -9999 -9999 -9999 -9999
539.0996 539.6776 540.3144 541.0424 541.681 541.8511 541.7811 541.6807 541.5714 541.4388 541.2665 541.051 540.7495 540.332 539.9702 539.4077 538.8954 538.6296 538.6407 539.0687 540.1627 541.4012 542.3398 543.0605 543.3071 543.336 543.3981 543.7468 544.5486 545.4944 546.7115 548.1141 549.5629 551.1177 552.5143 553.6235 554.4487 555.0544 555.6863 556.189 556.7111 556.4955 -9999 -9999 -9999 -9999 -9999 -9999 -9999 -9999 -9999 -9999 -9999 -9999 -9999 -9999 -9999 -9999 -9999 -9999 -9999 -9999 -9999 -9999 -9999 -9999 -9999 -9999 -9999 -9999
539.377 540.1269 540.8074 541.4611 541.7798 541.7801 541.6939 541.6814 541.7929 541.8964 541.9405 541.9528 541.9052 541.7347 541.373 540.6784 540.2661 540.1117 540.1718 540.6127 541.6912 542.884 543.7594 544.5519 544.8666 544.9938 545.1516 545.5767 546.3329 547.3676 548.6776 550.1862 551.7238 553.1582 554.1443 554.7538 555.152 555.4393 555.6956 555.874 556.0034 -9999 -9999 -9999 -9999 -9999 -9999 -9999 -9999 -9999 -9999 -9999 -9999 -9999 -9999 -9999 -9999 -9999 -9999 -9999 -9999 -9999 -9999 -9999 -9999 -9999 -9999 -9999 -9999 -9999
539.584 540.2705 541.0266 541.7043 541.78 541.7404 541.7968 541.9923 542.4667 542.9336 543.1442 543.2879 543.3257 543.2052 542.8015 542.1099 541.7708 541.6707 541.7404 542.1489 543.1636 544.2881 545.1599 546.003 546.3969 546.6838 546.9656 547.429 548.2137 549.4212 550.8429 552.3128 553.623 554.5962 555.0245 555.1982 555.2576 555.3925 555.527 -9999 -9999 -9999 -9999 -9999 -9999 -9999 -9999 -9999 -9999 -9999 -9999 -9999 -9999 -9999 -9999 -9999 -9999 -9999 -9999 -9999 -9999 -9999 -9999 -9999 -9999 -9999 -9999 -9999 -9999 -9999
539.7881 540.3382 541.022 541.5696 541.7586 541.9582 542.4237 542.9708 543.4572 543.9083 544.2198 544.5464 544.6404 544.4977 544.0226 543.515 543.2953 543.2344 543.2872 543.6163 544.4946 545.4961 546.4584 547.3283 547.7591 548.0767 548.5073 549.0129 549.9745 551.3063 552.6661 553.8228 554.7441 555.1835 555.2415 555.1753 555.0148 555.1705 -9999 -9999 -9999 -9999 -9999 -9999 -9999 -9999 -9999 -9999 -9999 -9999 -9999 -9999 -9999 -9999 -9999 -9999 -9999 -9999 -9999 -9999 -9999 -9999 -9999 -9999 -9999 -9999 -9999 -9999 -9999 -9999
540.2036 540.6826 541.2472 541.773 542.1608 542.8534 543.4421 544.0701 544.6629 544.9645 545.148 545.4488 545.5527 545.4404 545.1212 544.9032 544.8123 544.768 544.7856 545.0068 545.6826 546.6566 547.7175 548.5629 549.1086 549.4407 549.8229 550.5488 551.6537 552.8467 553.791 554.5218 555.0072 555.1788 555.0246 554.9817 -9999 -9999 -9999 -9999 -9999 -9999 -9999 -9999 -9999 -9999 -9999 -9999 -9999 -9999 -9999 -9999 -9999 -9999 -9999 -9999 -9999 -9999 -9999 -9999 -9999 -9999 -9999 -9999 -9999 -9999 -9999 -9999 -9999 -9999
540.753 541.2189 541.8015 542.4867 543.2051 543.9579 544.6679 545.2316 545.9092 546.1823 546.2952 546.4606 546.5319 546.5099 546.4182 546.3481 546.2809 546.1733 546.154 546.3425 546.8976 547.9967 549.1666 550.3273 551.2177 551.6872 552.0295 552.558 553.322 553.9576 554.4224 554.7307 554.8827 554.8942 554.653 -9999 -9999 -9999 -9999 -9999 -9999 -9999 -9999 -9999 -9999 -9999 -9999 -9999 -9999 -9999 -9999 -9999 -9999 -9999 -9999 -9999 -9999 -9999 -9999 -9999 -9999 -9999 -9999 -9999 -9999 -9999 -9999 -9999 -9999 -9999
541.5421 541.9966 542.6654 543.5212 544.4642 545.1705 545.9034 546.3693 546.875 547.1179 547.3035 547.6304 547.808 547.8664 547.8488 547.7559 547.5599 547.2285 547.1766 547.5499 548.2266 549.4603 550.9199 552.3981 553.5334 554.0818 554.3379 554.54 554.7587 554.734 554.6979 554.6052 554.4162 -9999 -9999 -9999 -9999 -9999 -9999 -9999 -9999 -9999 -9999 -9999 -9999 -9999 -9999 -9999 -9999 -9999 -9999 -9999 -9999 -9999 -9999 -9999 -9999 -9999 -9999 -9999 -9999 -9999 -9999 -9999 -9999 -9999 -9999 -9999 -9999 -9999
542.5382 543.1501 543.867 544.8585 545.8505 546.4404 546.9138 547.2683 547.7036 547.8876 548.1209 548.6443 549.0769 549.2732 549.2788 549.0249 548.5623 548.0405 547.9457 548.5007 549.5422 551.0061 552.6672 554.222 555.2665 555.6542 555.814 555.8439 555.5808 555.0438 554.6815 -9999 -9999 -9999 -9999 -9999 -9999 -9999 -9999 -9999 -9999 -9999 -9999 -9999 -9999 -9999 -9999 -9999 -9999 -9999 -9999 -9999 -9999 -9999 -9999 -9999 -9999 -9999 -9999 -9999 -9999 -9999 -9999 -9999 -9999 -9999 -9999 -9999 -9999 -9999
543.9165 544.6404 545.4785 546.4412 547.3188 547.7649 547.904 547.9778 548.2833 548.6182 549.0847 549.769 550.4562 550.8017 550.8586 550.4474 549.7396 549.0471 548.8074 549.4923 550.8734 552.5031 554.0903 555.3989 556.0117 556.299 556.3911 556.2532 555.8105 -9999 -9999 -9999 -9999 -9999 -9999 -9999 -9999 -9999 -9999 -9999 -9999 -9999 -9999 -9999 -9999 -9999 -9999 -9999 -9999 -9999 -9999 -9999 -9999 -9999 -9999 -9999 -9999 -9999 -9999 -9999 -9999 -9999 -9999 -9999 -9999 -9999 -9999 -9999 -9999 -9999
545.7545 546.4353 547.3231 548.2694 548.9417 549.2452 549.0762 548.8574 549.0118 549.462 550.1346 550.9764 551.8528 552.6082 552.7301 552.1841 551.2332 550.2067 549.8052 550.7144 552.2839 553.7432 554.8784 555.7222 556.033 556.2678 -9999 -9999 -9999 -9999 -9999 -9999 -9999 -9999 -9999 -9999 -9999 -9999 -9999 -9999 -9999 -9999 -9999 -9999 -9999 -9999 -9999 -9999 -9999 -9999 -9999 -9999 -9999 -9999 -9999 -9999 -9999 -9999 -9999 -9999 -9999 -9999 -9999 -9999 -9999 -9999 -9999 -9999 -9999 -9999
