backend/lakes/data/Crane Lake/cran_dem_tm.asc
ncols         159
nrows         124
xllcorner     785100
yllcorner     6044800
cellsize      50
NODATA_value  -9999
[rows 31 to 61 of 124, columns 70 to 139 of 159]
-9999 -9999 -9999 -9999 -9999 -9999 575.6438 572.1669 569.249 566.797 564.5867 562.4771 560.4342 558.5641 556.8637 555.162 553.4821 551.891 550.4731 549.2863 548.202 547.2881 546.5781 546.1517 545.7424 545.5044 545.4588 545.4536 545.3402 545.0501 544.9461 544.9194 544.9255 544.941 544.9545 544.9338 544.8028 544.5215 544.5081 544.53 544.4363 544.0476 543.714 543.4745 543.4131 543.3776 543.2693 543.0402 543.1556 542.8826 542.2996 541.6924 540.8751 540.2831 540.1938 540.6958 541.8561 543.147 544.2068 545.0934 546.1129 546.9369 547.7164 548.2438 548.8369 549.3412 549.7469 550.586 552.6004 555.0624
-9999 -9999 -9999 -9999 578.8998 575.034 571.3423 568.0872 565.3447 562.9974 560.8661 558.8619 557.0437 555.597 554.2255 552.7076 551.177 549.7671 548.5931 547.7621 546.9865 546.2953 545.7289 545.3762 545.1255 544.8717 544.8181 544.7899 544.6536 544.2469 544.0557 544.0099 544.0157 544.031 544.0342 543.9848 543.8171 543.4739 543.3287 543.2864 543.1839 542.8204 542.3441 542.0804 541.9694 541.8718 541.795 541.7004 541.6772 541.3694 540.7375 540.1276 539.4613 539.0308 539.3519 540.3075 541.7092 543.0679 544.0453 544.8604 545.7303 546.5062 547.3145 547.9162 548.5178 549.0956 549.5764 550.0835 551.6523 553.8848
-9999 -9999 -9999 578.2015 574.5213 570.8417 567.3626 564.2782 561.6465 559.4045 557.4421 555.739 554.3729 553.2598 552.2025 550.8369 549.4799 548.3109 547.4706 546.849 546.2681 545.6785 545.196 544.8675 544.7472 544.4333 544.2388 544.0601 543.8464 543.4388 543.2881 543.2693 543.2816 543.2852 543.2554 543.1505 542.9648 542.5006 542.0651 541.846 541.7459 541.5722 541.2605 541.0322 540.8387 540.5562 540.4061 540.2902 540.228 540.001 539.4512 538.8281 538.4227 538.3414 538.9863 540.3738 541.9417 543.2283 544.1053 544.8195 545.5747 546.3642 547.17 547.846 548.4421 549.1616 549.9578 550.4669 551.4316 553.36
-9999 -9999 577.6121 574.0662 570.4919 566.9451 563.574 560.5831 558.0625 556.0158 554.3766 553.175 552.1064 551.2041 550.3482 549.2797 548.2321 547.4211 546.7985 546.287 545.7443 545.2355 544.8196 544.4773 544.2286 543.9157 543.6854 543.3893 543.2037 542.8335 542.5876 542.5269 542.522 542.4795 542.3495 542.06 541.8524 541.5021 541.0107 540.5776 540.4177 540.347 540.2322 540.0937 539.9403 539.6063 539.3423 539.0403 538.889 538.6744 538.254 537.6423 537.4011 537.8927 539.0966 540.8765 542.5605 543.6125 544.2966 544.8433 545.5404 546.3367 547.1618 547.8712 548.4706 549.197 550.0968 550.9478 551.6365 553.314
-9999 577.3337 573.7953 570.2963 566.7706 563.2531 559.9183 557.0469 554.8005 553.1217 551.8699 551.0176 550.0876 549.3265 548.6102 547.9919 547.3842 546.8169 546.2966 545.7938 545.292 544.8383 544.4585 544.0925 543.7354 543.3719 543.204 542.8585 542.545 542.213 541.8647 541.7686 541.7264 541.6238 541.4895 541.1743 540.8953 540.4913 540.1781 539.7759 539.5181 539.4066 539.2511 538.9775 538.8175 538.613 538.4356 538.1014 537.801 537.3995 536.9547 536.5397 536.6904 537.6907 539.4576 541.4485 543.0458 543.9851 544.5359 544.9086 545.5687 546.3344 547.1638 547.9203 548.5664 549.2557 550.133 551.1002 552.0882 553.6649
-9999 573.9562 570.4424 566.9277 563.3555 559.8088 556.5444 553.9521 552.1216 550.7364 549.6566 548.8365 548.2227 547.756 547.3427 547.0436 546.723 546.2694 545.7246 545.2952 544.8461 544.4512 544.1011 543.7089 543.2788 542.8704 542.5689 542.2513 541.8693 541.6146 541.1903 540.9905 540.8301 540.5357 540.4061 540.2945 540.1647 539.8315 539.5378 539.1612 538.8001 538.6425 538.4394 538.1013 537.8378 537.4904 537.3049 537.0532 536.6999 536.1051 535.6409 535.572 536.1492 537.7382 539.8321 541.8904 543.351 544.2582 544.8013 545.1219 545.6656 546.3588 547.1072 547.9172 548.666 549.3831 550.2838 551.4313 552.7902 554.4152
-9999 571.1699 567.6163 564.0092 560.3456 556.8032 553.7719 551.6576 550.1749 549.0184 548.059 547.3742 546.9026 546.4853 546.2325 546.1473 546.0172 545.5602 545.0122 544.7456 544.3695 543.9985 543.6855 543.2411 542.7021 542.2775 541.8774 541.6257 541.18 540.8401 540.4029 540.2398 540.134 539.8573 539.7017 539.6122 539.4994 539.2635 539.0541 538.6851 538.2122 537.8274 537.4492 537.2431 537.0511 536.6361 536.3015 535.8369 535.3279 534.6638 534.4201 534.8185 535.8779 537.7231 539.9277 542.002 543.4409 544.33 544.8225 545.1176 545.6611 546.3486 547.0194 547.7478 548.5193 549.4083 550.4321 551.8101 553.5876 555.3659
572.5391 569.0173 565.3683 561.6502 557.93 554.5002 551.908 550.1095 548.9197 547.9453 547.0449 546.3762 545.9679 545.4968 545.1054 545.0004 544.9402 544.718 544.2914 544.0469 543.7606 543.3962 543.1404 542.576 541.9655 541.6282 541.1768 540.8507 540.41 540.1513 539.759 539.4974 539.3834 539.2459 539.1546 539.0963 539.0017 538.7761 538.6526 538.1963 537.6843 537.2341 536.8651 536.588 536.2782 535.8203 535.4379 534.7711 534.1072 533.7216 533.7749 534.3786 535.6841 537.5253 539.7094 541.8 543.3335 544.2461 544.6816 544.8995 545.489 546.2111 546.751 547.3491 548.0297 549.0726 550.3031 551.8997 554.1383 556.1179
571.009 567.4512 563.6981 559.915 556.2255 552.9713 550.6694 549.1731 548.1608 547.3115 546.3082 545.5262 545.0026 544.7081 544.4003 544.2325 544.0758 543.8505 543.4469 543.2637 543.0518 542.6936 542.3567 541.7981 541.2229 540.8481 540.4099 540.1705 539.7907 539.4622 539.1409 538.8148 538.743 538.7317 538.7335 538.7372 538.7226 538.4989 538.2009 537.7026 537.2308 536.8276 536.4542 536.0953 535.681 535.1619 534.583 533.8145 533.0684 533.0504 533.4095 534.1866 535.4675 537.1883 539.3156 541.4626 543.1329 544.098 544.5737 544.8266 545.2166 545.7931 546.3726 547.0082 547.8267 548.7245 549.9152 551.5811 554.0764 556.178
570.0167 566.4256 562.5905 558.7432 555.0529 551.9065 549.8507 548.5907 547.7018 546.6089 545.5822 544.8104 544.2629 543.9698 543.7956 543.6259 543.3469 543.1212 542.6785 542.3928 542.0359 541.7836 541.4968 540.9708 540.422 540.1625 539.8037 539.4977 539.1807 538.8188 538.6433 538.3854 538.3047 538.3438 538.4435 538.5204 538.5043 538.2791 537.8713 537.3076 536.9108 536.5132 536.0942 535.6506 535.1503 534.5459 533.8231 532.9719 532.5424 532.6204 533.0346 533.7746 534.8466 536.4152 538.4996 540.744 542.6197 543.7365 544.3246 544.6111 544.8687 545.3955 546.1344 546.8365 547.7625 548.527 549.4955 551.0426 553.6208 555.9802
569.4958 565.9368 562.0764 558.1664 554.4221 551.2867 549.4283 548.3345 547.526 546.2977 545.0844 544.2906 543.6808 543.3356 543.2356 543.0662 542.6279 542.3225 541.91 541.6912 541.2859 540.9054 540.4855 540.1235 539.665 539.4369 539.1816 538.8278 538.588 538.1848 537.9681 537.8237 537.7972 537.896 538.1151 538.278 538.2859 538.0753 537.6654 537.17 536.6765 536.1809 535.6486 535.0682 534.5428 533.8622 533.0052 532.3952 532.0521 532.0031 532.2305 532.6271 533.6143 535.2132 537.2775 539.543 541.5735 543.0052 543.8366 544.272 544.576 545.0958 546.1804 547.2958 547.8915 548.3937 549.1008 550.4017 552.8556 555.3137
569.4427 566.0917 562.3276 558.4026 554.6123 551.4417 549.5698 548.4167 547.52 546.2696 545.0392 544.1571 543.3489 542.865 542.5673 542.245 541.8774 541.7602 541.4662 541.1471 540.694 540.238 539.7474 539.3096 538.8652 538.7172 538.5728 538.1558 537.79 537.3309 537.0918 537.0215 537.0468 537.2048 537.595 537.847 537.885 537.6792 537.2256 536.7091 536.2061 535.6348 534.9886 534.2929 533.7909 532.9919 532.3094 531.7823 531.3454 530.9551 530.7106 530.7235 531.592 533.3242 535.5139 537.8812 540.0756 541.7965 543.008 543.7141 544.1738 544.8242 545.8883 547.0818 547.7958 548.2408 548.7316 549.7111 551.8533 554.1858
569.9538 566.9796 563.4642 559.6382 555.8254 552.5561 550.4617 548.9869 547.7739 546.5446 545.4102 544.4264 543.3532 542.6852 542.2191 541.8077 541.617 541.5585 541.3009 540.8795 540.3044 539.7532 539.1875 538.6895 538.2362 537.9778 537.7589 537.3134 536.9282 536.4084 535.9646 535.8406 535.8881 536.1472 536.7537 537.0257 537.057 536.8574 536.3331 535.7601 535.305 534.7073 534.1219 533.5532 532.796 532.0656 531.4136 530.8605 530.2629 529.4747 528.743 528.4388 529.197 530.9774 533.3105 535.8147 538.1847 540.1746 541.7193 542.8096 543.457 544.256 545.3616 546.772 547.6951 548.1873 548.5397 549.1583 550.8757 552.8284
571.2252 568.648 565.4828 561.8702 558.1005 554.7069 552.2334 550.2806 548.6197 547.3322 545.9977 544.6964 543.5177 542.8254 542.3537 542.0118 541.8045 541.7606 541.448 540.9291 540.2336 539.5059 538.7866 538.1566 537.6493 537.2734 537.0103 536.4587 535.9212 535.5266 535.0904 534.9302 534.9435 535.1055 535.394 535.4955 535.4547 535.236 534.7565 534.1563 533.7229 533.2113 532.6904 532.1426 531.4023 530.7654 530.0442 529.2908 528.4449 527.4561 526.6786 526.3558 527.0041 528.6275 530.9018 533.4479 535.949 538.1844 540.0315 541.462 542.4919 543.521 544.8514 546.4075 547.6746 548.3272 548.693 548.9561 550.2594 551.67
-9999 570.8256 568.0577 564.7579 561.1288 557.6304 554.797 552.374 550.2285 548.6696 546.7424 545.1207 543.9817 543.2615 542.808 542.5634 542.3323 542.143 541.7753 541.1675 540.2867 539.4485 538.6327 537.7778 537.1983 536.7068 536.2479 535.6868 535.14 534.7017 534.2617 534.0806 533.9686 533.8864 533.7056 533.5148 533.33 533.0328 532.5218 532.0247 531.6962 531.3256 530.9097 530.3201 529.6755 529.0507 528.2252 527.3444 526.4358 525.4892 524.9819 524.986 525.4636 526.6968 528.6555 531.0401 533.5544 535.944 538.0701 539.8594 541.3417 542.707 544.2686 546.0526 547.6033 548.5767 549.2557 549.3301 550.3839 551.2318
-9999 573.0418 570.7431 567.8733 564.5353 561.045 557.9258 555.1052 552.446 550.4844 547.6968 545.7393 544.543 543.7531 543.3286 543.2016 542.9028 542.5966 542.1589 541.5071 540.4071 539.4845 538.5608 537.5182 536.9459 536.3632 535.7381 535.1383 534.5607 534.1153 533.6317 533.2277 532.8333 532.5647 532.1496 531.6633 531.311 530.9434 530.4448 530.1118 529.9208 529.6758 529.2479 528.5422 527.9258 527.2542 526.4374 525.5241 524.7068 523.8835 523.5525 523.6748 524.2648 525.3174 526.8754 528.9131 531.2844 533.723 536.0526 538.1865 540.1014 541.8961 543.7436 545.7112 547.4946 548.7198 549.6017 550.2817 551.3707 552.1738
-9999 574.869 573.1125 570.7674 567.8653 564.5641 561.2172 558.046 554.6235 551.3685 548.3358 546.2434 544.9704 544.2354 543.8025 543.5745 543.2998 542.9566 542.4103 541.6518 540.5496 539.6518 538.6929 537.7653 537.1 536.3804 535.6447 534.9182 534.2136 533.738 533.2247 532.6666 532.0631 531.6052 531.093 530.5206 530.0367 529.6917 529.5221 529.3998 529.2471 528.8561 528.1781 527.3432 526.605 525.8629 525.0836 524.2371 523.4952 522.8926 522.6963 522.9292 523.5641 524.5081 525.6771 527.3298 529.4991 531.9523 534.4461 536.8978 539.2746 541.5488 543.7202 545.816 547.7292 549.2328 550.4036 551.6542 553.0071 553.9422
-9999 576.0161 574.7811 572.945 570.5778 567.6617 564.2589 560.6182 556.7897 552.7715 549.4365 547.0812 545.7663 544.983 544.3773 543.957 543.6075 543.2296 542.5696 541.7711 540.8733 540.0119 538.9747 538.1025 537.3131 536.5889 535.7781 535.047 534.2639 533.7278 533.1399 532.4888 531.6384 531.1563 530.6327 530.0813 529.6088 529.4606 529.6212 529.694 529.6042 529.0662 528.1555 527.0099 526.1265 525.2331 524.4617 523.5548 522.8481 522.3772 522.272 522.5619 523.2237 523.9154 525.0328 526.6514 528.7557 531.2363 533.9049 536.6742 539.4758 542.1397 544.5352 546.7071 548.734 550.5668 552.1301 553.6794 555.1454 556.1523
-9999 -9999 575.4368 573.9351 572.2623 569.927 566.7897 563.0265 558.8873 554.7544 551.1252 548.5546 547.1121 546.2576 545.1929 544.4182 543.8412 543.2902 542.6514 541.8994 541.1911 540.3655 539.4825 538.603 537.7635 537.0204 536.1873 535.4837 534.6764 534.0188 533.2701 532.4783 531.5051 531.3319 530.7891 530.3682 530.0712 530.0287 530.5983 530.8492 530.8037 530.2868 529.157 527.8574 526.6805 525.6295 524.6531 523.5001 522.6884 522.2728 522.1879 522.4043 522.917 523.6889 525.0975 526.9974 529.3195 531.9677 534.8447 537.8536 540.8205 543.5839 546.0865 548.4095 550.6514 552.7183 554.545 556.1154 557.4175 558.3649
-9999 -9999 -9999 574.049 572.7378 571.2712 568.7104 565.2001 561.1744 557.2997 553.667 550.8516 548.9437 547.9417 546.2495 544.9791 544.1479 543.4109 542.8655 542.248 541.636 540.8567 540.011 538.9972 538.1088 537.2253 536.4385 535.7319 535.028 534.2842 533.5842 532.8706 532.1682 531.5255 531.2592 531.17 531.134 531.2196 531.6028 531.8248 531.8159 531.4337 530.5065 529.1522 527.764 526.4355 525.0964 523.7199 522.8514 522.491 522.5175 522.7114 523.236 524.2762 526.1108 528.4349 531.0523 533.909 536.9444 540.002 542.9042 545.5911 548.1374 550.6564 553.1221 555.394 557.2106 558.5209 559.398 560.0881
-9999 -9999 -9999 573.3972 572.7813 571.8293 570.0431 567.1887 563.4882 560.3794 556.9723 553.6704 550.975 548.8264 546.9175 545.5051 544.5807 543.7656 543.2006 542.5693 541.8996 541.2377 540.4002 539.4949 538.5039 537.4561 536.7396 536.1346 535.5799 534.9041 534.2283 533.5547 533.0283 532.6063 532.4182 532.3788 532.3842 532.4365 532.5718 532.6562 532.6664 532.4555 531.6866 530.4677 528.9175 527.3403 525.7772 524.1822 523.2054 522.9818 523.2509 523.5698 524.3059 525.8102 528.0338 530.666 533.5107 536.5014 539.5354 542.4634 545.183 547.764 550.3947 553.1096 555.7893 558.0738 559.6414 560.4138 560.6575 560.9522
-9999 -9999 -9999 -9999 572.1316 571.6785 570.8028 569.1 566.521 563.7444 560.5385 556.9641 553.4207 550.3472 547.7601 546.016 544.8439 543.996 543.3696 542.8812 542.2881 541.6653 540.8478 539.9611 538.814 537.867 537.1832 536.6488 536.2476 535.7795 535.2573 534.5649 534.1945 533.9061 533.5089 533.2515 533.099 533.0792 533.16 533.2498 533.303 533.1797 532.6098 531.4581 529.8625 528.0428 526.1928 524.4717 523.5173 523.5805 524.1489 524.9248 526.1384 528.0795 530.5667 533.3575 536.298 539.2706 542.1337 544.7943 547.3079 549.8589 552.6368 555.574 558.3073 560.3793 561.4646 561.4677 561.0114 560.7522
-9999 -9999 -9999 -9999 -9999 -9999 570.8796 570.0297 568.4557 566.2116 563.5092 560.1061 556.1991 552.3387 549.0643 546.819 545.3333 544.3667 543.7012 543.2125 542.5406 541.8167 541.0348 540.1432 539.0147 538.2529 537.6604 537.2754 537.1517 536.974 536.5688 536.0574 535.786 535.4883 534.7296 534.1536 533.7214 533.5791 533.624 533.7006 533.7787 533.759 533.397 532.3481 530.6333 528.4955 526.3942 524.7465 523.9225 524.575 525.5224 526.7673 528.4814 530.7297 533.3558 536.1883 539.0632 541.8436 544.4316 546.8158 549.1738 551.8103 554.858 557.9282 560.4998 562.2161 562.7653 562.0803 560.9815 -9999
-9999 -9999 -9999 -9999 -9999 -9999 -9999 569.8751 568.9097 567.209 565.3283 562.5239 558.7736 554.6052 550.767 547.97 546.2755 544.8906 543.97 543.3068 542.6012 541.8327 541.0444 540.2073 539.259 538.6497 538.1892 538.0817 538.2919 538.4921 538.3907 538.1301 537.95 537.6531 536.4671 535.4369 534.595 534.2891 534.2626 534.2143 534.2208 534.2062 533.952 532.7953 530.8735 528.4546 526.2787 525.01 524.9695 526.0278 527.4067 529.0507 531.0848 533.4993 536.1649 538.9067 541.5774 544.0483 546.2976 548.4599 550.8537 553.7436 556.9813 559.9666 562.2396 563.5831 563.7339 -9999 -9999 -9999
-9999 -9999 -9999 -9999 -9999 -9999 -9999 568.8875 568.4489 567.4852 565.9628 563.8171 560.4935 556.4335 552.3775 549.1679 547.2713 545.3084 544.0946 543.2927 542.5256 541.7336 540.842 540.0195 539.1656 538.7258 538.6185 538.9952 539.7579 540.5204 540.9574 541.0001 540.7665 540.0476 538.7064 537.2954 536.1245 535.5692 535.3826 535.0549 534.9116 534.6538 534.0309 532.6896 530.4348 527.858 525.7814 525.2136 526.1522 527.7418 529.5645 531.5083 533.7499 536.2407 538.8214 541.3381 543.7061 545.8451 547.7971 549.9144 552.548 555.7176 558.9211 561.5891 563.4283 564.3325 564.3564 -9999 -9999 -9999
-9999 -9999 -9999 -9999 -9999 568.0766 567.4203 567.2117 566.9332 566.3362 565.3447 563.6164 560.8296 557.1984 553.282 549.807 547.3114 545.2621 543.9287 543.0688 542.2103 541.3487 540.3067 539.4119 538.7689 538.6738 539.0916 540.2064 541.641 543.1019 544.226 544.8125 544.7308 543.7215 541.9689 540.0009 538.2828 537.1098 536.2742 535.8032 535.553 534.9352 533.7508 531.887 529.4039 526.9896 525.4243 526.1025 527.7651 529.7894 531.9044 534.0625 536.4108 538.8423 541.2108 543.4418 545.5107 547.3622 549.1138 551.3389 554.3205 557.6412 560.619 562.7966 564.1332 564.8009 -9999 -9999 -9999 -9999
-9999 -9999 -9999 569.1112 567.6245 566.2834 565.2813 564.6539 564.192 563.705 562.9978 561.7468 559.619 556.6747 553.2808 549.9975 547.3122 545.1232 543.5521 542.4952 541.6064 540.6023 539.6687 538.8497 538.5157 538.7753 539.8409 541.463 543.4734 545.6716 547.7313 549.2572 549.7187 548.606 546.3646 543.7469 541.3381 539.3953 537.8619 536.8618 536.1244 535.1251 533.3672 530.981 528.4907 526.693 526.4259 527.7476 529.8171 532.103 534.3652 536.6418 538.9517 541.1789 543.2624 545.2393 547.0581 548.6975 550.3512 552.8625 556.1285 559.4447 562.1295 563.8979 564.8624 -9999 -9999 -9999 -9999 -9999
569.9086 569.5586 568.5156 566.9357 565.2323 563.6437 562.3238 561.2941 560.5665 560.0404 559.473 558.6306 557.1687 555.024 552.4438 549.728 547.2356 545.0438 543.3179 542.0179 541.1167 540.2364 539.3864 538.7133 538.4597 538.8582 540.2471 542.246 544.7211 547.6733 550.8075 553.5427 554.8677 553.9918 551.498 548.3955 545.3295 542.541 540.1827 538.332 536.8452 535.1918 532.9321 530.2842 528.0209 526.9266 527.8374 529.7932 532.1414 534.5427 536.853 539.104 541.2265 543.1573 544.9272 546.621 548.2229 549.9604 551.7232 554.5402 557.9532 561.1663 563.5955 565.1297 -9999 -9999 -9999 -9999 -9999 -9999
568.2639 567.3026 565.7656 563.8824 561.9954 560.2791 558.7741 557.4973 556.5939 556.0396 555.5297 554.9609 554.051 552.7206 551.0538 549.1385 547.0894 545.0413 543.2829 541.8986 540.9841 540.1813 539.3883 538.751 538.5192 538.8825 540.3307 542.4348 545.1646 548.6997 552.8497 556.7429 559.0019 558.4899 556.4575 553.4656 550.0856 546.5846 543.3113 540.4576 537.9606 535.4903 532.7623 530.0275 528.1046 528.0686 529.7297 532.106 534.5891 536.9969 539.2438 541.3174 543.1689 544.8022 546.2583 547.6213 549.0321 550.7979 553.1714 556.3203 559.7777 562.8658 565.1522 566.6705 -9999 -9999 -9999 -9999 -9999 -9999
565.5961 564.1173 562.2289 560.1657 558.28 556.6193 555.112 553.807 552.8916 552.4269 551.9238 551.5029 550.9851 550.3491 549.488 548.3706 546.8736 545.0823 543.3755 542.0264 541.1579 540.3563 539.6726 539.0723 538.7208 538.8009 539.9134 541.927 544.7933 548.6793 553.4409 558.1367 561.2626 561.0237 560.166 558.2431 555.0223 551.0347 546.8915 543.004 539.4359 536.0611 532.8043 529.9637 528.2816 529.3259 531.7176 534.4183 536.9785 539.3152 541.3977 543.2233 544.8157 546.1919 547.3832 548.5309 550.0234 552.1762 554.9713 558.2407 561.5972 564.5458 566.7932 -9999 -9999 -9999 -9999 -9999 -9999 -9999
561.9888 560.2642 558.2947 556.3065 554.644 553.2344 551.8786 550.6649 549.8048 549.1791 548.7864 548.5457 548.2404 548.1313 547.9355 547.4946 546.4905 545.0689 543.5005 542.3496 541.6025 540.8715 540.2377 539.6045 539.0175 538.7286 539.2238 541.0034 543.8311 547.7961 552.7606 557.9172 561.9799 563.5972 562.8594 562.0259 559.0484 554.7756 550.0144 545.2802 540.7305 536.5325 532.8522 530.1011 528.8877 530.7375 533.6725 536.6085 539.2001 541.4048 543.2613 544.851 546.2173 547.3647 548.368 549.6568 551.5784 554.1345 557.1006 560.2581 563.374 566.147 -9999 -9999 -9999 -9999 -9999 -9999 -9999 -9999
