backend/lakes/data/Clairmont Lake/clai_dem_tm.asc
ncols         99
nrows         118
xllcorner     258600
yllcorner     6124400
cellsize      50
NODATA_value  -9999
[rows 60 to 89 of 118, columns 0 to 66 of 99]
-9999 -9999 -9999 -9999 -9999 -9999 -9999 -9999 -9999 -9999 -9999 -9999 -9999 -9999 -9999 673.6289 673.2941 672.5387 671.1143 669.7205 668.913 668.4701 668.0719 667.6875 667.3575 667.0721 666.8044 666.5273 666.272 666.053 665.8691 665.7122 665.5764 665.4611 665.3697 665.3063 665.2711 665.2598 665.2661 665.2851 665.3149 665.3521 665.3896 665.4272 665.4753 665.5381 665.5994 665.6407 665.6678 665.7184 665.8257 665.9823 666.1382 666.2361 666.2566 666.2379 666.2808 666.5375 667.196 668.4741 670.2225 672.2877 673.9883 675.1455 675.952 676.5891 676.9769
-9999 -9999 -9999 -9999 -9999 -9999 -9999 -9999 -9999 -9999 -9999 -9999 -9999 -9999 -9999 673.5105 673.2188 672.5709 671.2806 669.7989 668.9496 668.4515 668.0046 667.5603 667.2214 667.0132 666.6942 666.3906 666.1262 665.9074 665.73 665.584 665.4612 665.3586 665.278 665.2225 665.1936 665.1888 665.2031 665.2323 665.2749 665.3276 665.3836 665.4398 665.5032 665.576 665.6425 665.6832 665.703 665.7373 665.8247 665.9633 666.1063 666.1937 666.208 666.1963 666.2609 666.5568 667.2813 668.6811 670.5323 672.608 674.3359 675.5112 676.2582 676.9489 677.3406
-9999 -9999 -9999 -9999 -9999 -9999 -9999 -9999 -9999 -9999 -9999 -9999 -9999 -9999 -9999 673.5585 673.2694 672.7275 671.7746 670.3231 669.0232 668.3292 667.8641 667.4439 667.069 666.8608 666.5822 666.2863 666.0202 665.8021 665.6304 665.4941 665.3827 665.2905 665.2176 665.167 665.1416 665.1406 665.1605 665.1978 665.2516 665.3184 665.3916 665.4661 665.5452 665.63 665.7046 665.7488 665.7634 665.7813 665.842 665.9544 666.078 666.158 666.1737 666.1718 666.2509 666.5642 667.3044 668.7164 670.5584 672.5714 674.2559 675.4263 676.1411 676.7836 677.1792
-9999 -9999 -9999 -9999 -9999 -9999 -9999 -9999 -9999 -9999 -9999 -9999 -9999 -9999 -9999 673.7213 673.3589 672.8293 671.9912 670.7238 669.15 668.3093 667.8625 667.489 667.0919 666.8521 666.5465 666.2322 665.9572 665.7388 665.5731 665.4466 665.3455 665.2617 665.1941 665.1456 665.1207 665.121 665.1445 665.1884 665.2515 665.3314 665.4202 665.5115 665.6055 665.702 665.7861 665.8353 665.8473 665.8488 665.8806 665.9592 666.0587 666.1283 666.1494 666.1578 666.2402 666.5415 667.2283 668.4916 670.1404 671.8663 673.3217 674.3519 675.0498 675.663 676.1623
-9999 -9999 -9999 -9999 -9999 -9999 -9999 -9999 -9999 -9999 -9999 -9999 -9999 -9999 -9999 673.945 673.433 672.8376 671.9689 670.6171 669.1526 668.406 668.0712 667.7726 667.3594 667.0035 666.5879 666.2261 665.9379 665.7217 665.5649 665.4491 665.3572 665.2794 665.214 665.1648 665.1381 665.1376 665.163 665.2118 665.2826 665.3733 665.4755 665.5808 665.6874 665.7933 665.8855 665.9403 665.9501 665.9366 665.9383 665.9797 666.0474 666.1033 666.1261 666.1395 666.2096 666.463 667.0227 667.9555 669.182 670.4658 671.6102 672.3942 672.9905 673.5733 674.1274
-9999 -9999 -9999 -9999 -9999 -9999 -9999 -9999 -9999 -9999 -9999 -9999 -9999 -9999 -9999 -9999 673.4596 672.7874 671.767 670.6337 669.3777 668.7603 668.5088 668.1871 667.6114 667.0611 666.6034 666.2379 665.9589 665.7568 665.6151 665.512 665.4279 665.3524 665.2856 665.2332 665.2026 665.1997 665.2255 665.2773 665.3529 665.4505 665.5625 665.6779 665.7922 665.9037 666.0005 666.0591 666.0668 666.0383 666.0103 666.0124 666.0434 666.0775 666.0955 666.1054 666.1471 666.3175 666.6871 667.2524 668.0284 668.8148 669.5243 670.0041 670.4807 670.9853 671.5002
-9999 -9999 -9999 -9999 -9999 -9999 -9999 -9999 -9999 -9999 -9999 -9999 -9999 -9999 -9999 -9999 673.5546 672.9384 672.2803 671.4528 670.1893 669.4104 669.0754 668.4843 667.7701 667.0916 666.6333 666.2924 666.0374 665.8577 665.7358 665.6466 665.568 665.4895 665.4161 665.3578 665.323 665.3178 665.3428 665.3945 665.4698 665.5679 665.6832 665.8032 665.9194 666.0302 666.1262 666.1855 666.1897 666.147 666.0897 666.052 666.043 666.0488 666.0528 666.0549 666.0703 666.1658 666.3833 666.6733 667.0259 667.3621 667.7255 668.0758 668.4944 668.8506 669.1689
-9999 -9999 -9999 -9999 -9999 -9999 -9999 -9999 -9999 -9999 -9999 -9999 -9999 -9999 -9999 -9999 673.6791 673.0596 672.8054 672.241 671.2695 670.0756 669.45 668.7257 667.9324 667.1924 666.755 666.4358 666.1971 666.0382 665.9381 665.8639 665.7873 665.6978 665.611 665.5446 665.5072 665.5016 665.5253 665.5723 665.6391 665.728 665.8367 665.9528 666.0641 666.1665 666.2549 666.3103 666.3102 666.2539 666.1694 666.0922 666.0413 666.0141 665.9974 665.9897 665.9895 666.0358 666.1542 666.2603 666.3522 666.4996 666.7554 667.0475 667.2834 667.3939 667.4802
-9999 -9999 -9999 -9999 -9999 -9999 -9999 -9999 -9999 -9999 -9999 -9999 -9999 -9999 -9999 -9999 673.7723 673.0703 672.9703 672.793 672.0625 670.9641 670.0861 669.1311 668.2391 667.5055 667.0298 666.6927 666.4451 666.3024 666.2271 666.1708 666.0934 665.9799 665.8721 665.7975 665.7616 665.7595 665.7821 665.8179 665.8628 665.9288 666.0182 666.1189 666.2163 666.3036 666.3767 666.4225 666.4167 666.3494 666.2411 666.1273 666.0347 665.9709 665.9287 665.9083 665.9031 665.9266 665.9974 666.0205 665.9916 666.0669 666.3259 666.6555 666.9009 666.7933 666.6639
-9999 -9999 -9999 -9999 -9999 -9999 -9999 -9999 -9999 -9999 -9999 -9999 -9999 -9999 -9999 -9999 -9999 673.0764 672.9818 672.994 672.6526 671.7119 670.788 669.6113 668.6069 667.8459 667.3416 667.0149 666.7531 666.6387 666.5981 666.567 666.491 666.3341 666.1989 666.1205 666.0929 666.0984 666.1196 666.136 666.1385 666.165 666.2217 666.2921 666.3644 666.4292 666.4809 666.5104 666.4968 666.4225 666.2963 666.1517 666.0204 665.9189 665.8472 665.8083 665.8026 665.8201 665.8763 665.8911 665.8429 665.8967 666.1586 666.4531 666.5786 666.4616 666.2654
-9999 -9999 -9999 -9999 -9999 -9999 -9999 -9999 -9999 -9999 -9999 -9999 -9999 -9999 -9999 -9999 -9999 673.0789 672.9446 673.0373 672.9537 672.3339 671.142 669.9462 668.939 668.1782 667.6686 667.3403 667.0977 667.0406 667.0407 667.0381 666.9733 666.7528 666.5969 666.5262 666.5118 666.5239 666.5397 666.527 666.4561 666.4285 666.444 666.4659 666.4977 666.5319 666.5578 666.5664 666.5411 666.4619 666.3264 666.1595 665.9966 665.8595 665.756 665.6924 665.6812 665.6986 665.7527 665.7916 665.765 665.8218 666.0588 666.2339 666.314 666.2276 666.0406
-9999 -9999 -9999 -9999 -9999 -9999 -9999 -9999 -9999 -9999 -9999 -9999 -9999 -9999 -9999 -9999 -9999 673.0798 672.8917 672.9858 673.0029 672.7161 671.7286 670.3851 669.3298 668.5575 668.0743 667.8041 667.606 667.5314 667.5347 667.5374 667.4589 667.2468 667.1096 667.0522 667.04 667.0389 667.0309 666.9777 666.7946 666.7162 666.6957 666.6445 666.6155 666.6079 666.6035 666.5878 666.5466 666.4618 666.3235 666.1455 665.9607 665.7944 665.6609 665.5701 665.5414 665.5576 665.6028 665.6675 665.6694 665.6898 665.8194 665.949 666.0321 665.993 665.853
-9999 -9999 -9999 -9999 -9999 -9999 -9999 -9999 -9999 -9999 -9999 -9999 -9999 -9999 -9999 -9999 -9999 -9999 672.8953 672.9519 673.0001 672.9099 672.3806 671.2704 669.9595 669.0603 668.5738 668.3874 668.1925 668.1143 668.1452 668.1951 668.187 668.0952 667.9042 667.7722 667.7097 667.6465 667.5551 667.3934 667.1454 667.0555 667.0098 666.8472 666.7388 666.6734 666.6276 666.5817 666.5194 666.4252 666.2859 666.1056 665.9105 665.7249 665.5665 665.4515 665.3987 665.403 665.4367 665.5077 665.5536 665.5637 665.6317 665.689 665.7518 665.7429 665.6497
-9999 -9999 -9999 -9999 -9999 -9999 -9999 -9999 -9999 -9999 -9999 -9999 -9999 -9999 -9999 -9999 -9999 -9999 -9999 672.9994 673.0099 672.9993 672.7604 672.1007 670.9209 669.758 669.1663 669.009 668.8425 668.7998 668.9077 669.0323 669.0797 669.0331 668.8478 668.6791 668.6071 668.4874 668.329 668.0966 667.7986 667.5724 667.3789 667.1235 666.9366 666.7804 666.6616 666.5677 666.4753 666.3646 666.2208 666.0412 665.8436 665.6492 665.4756 665.3427 665.2705 665.2539 665.275 665.3339 665.4119 665.4501 665.4887 665.5219 665.5484 665.5272 665.4493
-9999 -9999 -9999 -9999 -9999 -9999 -9999 -9999 -9999 -9999 -9999 -9999 -9999 -9999 -9999 -9999 -9999 -9999 -9999 673.0831 673.0009 672.999 672.9883 672.6615 671.933 670.8115 669.9644 669.7506 669.6373 669.6462 669.8881 670.1033 670.1705 670.0707 669.9999 669.8439 669.8465 669.6956 669.5005 669.1905 668.7517 668.3589 668.0501 667.7561 667.3908 667.0256 666.7596 666.5796 666.439 666.301 666.1437 665.9604 665.7621 665.5645 665.3848 665.2444 665.16 665.1304 665.1393 665.1824 665.2616 665.3319 665.3654 665.3885 665.3979 665.363 665.2813
-9999 -9999 -9999 -9999 -9999 -9999 -9999 -9999 -9999 -9999 -9999 -9999 -9999 -9999 -9999 -9999 -9999 -9999 -9999 -9999 673.133 673.0441 673.1687 673.0865 672.7068 671.9335 671.265 670.9152 670.7625 670.7712 671.186 671.4888 671.6461 671.7045 671.6155 671.4964 671.5111 671.4377 671.2437 670.8102 670.0521 669.441 669.002 668.7227 668.3009 667.4868 666.9716 666.6573 666.4426 666.2609 666.0771 665.8789 665.6731 665.4711 665.2885 665.15 665.0647 665.0342 665.0369 665.0794 665.1461 665.2137 665.2617 665.2737 665.26 665.2068 665.1174
-9999 -9999 -9999 -9999 -9999 -9999 -9999 -9999 -9999 -9999 -9999 -9999 -9999 -9999 -9999 -9999 -9999 -9999 -9999 -9999 -9999 673.4968 673.5524 673.5109 673.2822 672.9014 672.5439 672.2726 672.2203 672.4636 672.8291 673.0171 673.1956 673.1416 672.9673 672.8557 672.8541 672.8317 672.6911 672.3078 671.6105 670.8718 670.0894 669.7054 669.0135 668.1167 667.3299 666.8451 666.5233 666.2726 666.0454 665.8168 665.5906 665.3749 665.1864 665.0509 664.9768 664.9542 664.9675 665.0093 665.0771 665.1309 665.1792 665.1913 665.1575 665.0778 664.9691
-9999 -9999 -9999 -9999 -9999 -9999 -9999 -9999 -9999 -9999 -9999 -9999 -9999 -9999 -9999 -9999 -9999 -9999 -9999 -9999 -9999 -9999 674.0524 673.9747 673.7429 673.5588 673.4348 673.3977 673.5436 673.7117 673.8131 673.8926 673.9727 673.9248 673.6625 673.5229 673.535 673.5648 673.4884 673.217 672.7257 672.0399 671.2606 670.5159 669.713 668.83 667.9467 667.1998 666.7153 666.3592 666.0677 665.7939 665.5314 665.2894 665.0853 664.9479 664.8871 664.8817 664.9102 664.9595 665.0217 665.082 665.1371 665.1572 665.1132 665.0106 664.8774
-9999 -9999 -9999 -9999 -9999 -9999 -9999 -9999 -9999 -9999 -9999 -9999 -9999 -9999 -9999 -9999 -9999 -9999 -9999 -9999 -9999 -9999 -9999 674.4465 674.1391 674.0312 674.0057 674.0123 674.0737 674.0718 673.9813 673.9503 673.9216 673.7676 673.5817 673.5227 673.6416 673.7714 673.787 673.6375 673.3213 672.8597 672.2341 671.4828 670.4883 669.5073 668.6251 667.7073 667.0113 666.5238 666.155 665.8235 665.5106 665.2302 664.9999 664.8504 664.7977 664.8127 664.8572 664.9192 664.9905 665.0654 665.1321 665.168 665.1266 665.0125 664.8599
-9999 -9999 -9999 -9999 -9999 -9999 -9999 -9999 -9999 -9999 -9999 -9999 -9999 -9999 -9999 -9999 -9999 -9999 -9999 -9999 -9999 -9999 -9999 -9999 -9999 674.5102 674.3921 674.267 674.1053 673.8169 673.3489 673.1862 673.1432 673.0765 673.0262 673.0795 673.3643 673.6166 673.7233 673.6812 673.5013 673.2296 672.8785 672.2831 671.3798 670.1995 669.193 668.1989 667.3268 666.7545 666.3179 665.9137 665.5352 665.206 664.942 664.7712 664.7159 664.7492 664.8038 664.8807 664.9663 665.0569 665.1415 665.1872 665.1632 665.056 664.9009
-9999 -9999 -9999 -9999 -9999 -9999 -9999 -9999 -9999 -9999 -9999 -9999 -9999 -9999 -9999 -9999 -9999 -9999 -9999 -9999 -9999 -9999 -9999 -9999 -9999 -9999 -9999 -9999 -9999 -9999 -9999 -9999 -9999 -9999 -9999 -9999 -9999 -9999 -9999 673.4778 673.3821 673.2252 673.1133 672.8584 672.213 671.2257 670.0149 668.8998 667.8995 667.1379 666.5837 666.0654 665.5975 665.2128 664.9136 664.7156 664.645 664.681 664.7473 664.8372 664.9355 665.0363 665.1298 665.1892 665.1825 665.0966 664.9601
-9999 -9999 -9999 -9999 -9999 -9999 -9999 -9999 -9999 -9999 -9999 -9999 -9999 -9999 -9999 -9999 -9999 -9999 -9999 -9999 -9999 -9999 -9999 -9999 -9999 -9999 -9999 -9999 -9999 -9999 -9999 -9999 -9999 -9999 -9999 -9999 -9999 -9999 -9999 -9999 673.137 673.0098 673.0745 673.0773 672.8439 672.161 671.1124 669.7819 668.5635 667.6112 666.9014 666.2312 665.6708 665.2334 664.9084 664.6855 664.595 664.6269 664.6991 664.8022 664.9109 665.0125 665.1029 665.1608 665.1652 665.108 665.0059
-9999 -9999 -9999 -9999 -9999 -9999 -9999 -9999 -9999 -9999 -9999 -9999 -9999 -9999 -9999 -9999 -9999 -9999 -9999 -9999 -9999 -9999 -9999 -9999 -9999 -9999 -9999 -9999 -9999 -9999 -9999 -9999 -9999 -9999 -9999 -9999 -9999 -9999 -9999 -9999 -9999 672.9747 673.0007 673.0881 673.1299 672.8287 671.9936 670.6959 669.1306 667.9487 667.0508 666.3118 665.7141 665.2545 664.9178 664.6818 664.5703 664.5886 664.6751 664.7876 664.9069 665.0122 665.0928 665.136 665.1335 665.0918 665.0245
-9999 -9999 -9999 -9999 -9999 -9999 -9999 -9999 -9999 -9999 -9999 -9999 -9999 -9999 -9999 -9999 -9999 -9999 -9999 -9999 -9999 -9999 -9999 -9999 -9999 -9999 -9999 -9999 -9999 -9999 -9999 -9999 -9999 -9999 -9999 -9999 -9999 -9999 -9999 -9999 -9999 -9999 672.9556 673.0104 673.2073 673.0933 672.4634 671.1265 669.4025 668.0984 667.0986 666.337 665.7411 665.2849 664.9479 664.7111 664.5907 664.6047 664.7044 664.811 664.9327 665.0477 665.1236 665.1464 665.1257 665.0814 665.0356
-9999 -9999 -9999 -9999 -9999 -9999 -9999 -9999 -9999 -9999 -9999 -9999 -9999 -9999 -9999 -9999 -9999 -9999 -9999 -9999 -9999 -9999 -9999 -9999 -9999 -9999 -9999 -9999 -9999 -9999 -9999 -9999 -9999 -9999 -9999 -9999 -9999 -9999 -9999 -9999 -9999 -9999 673.0219 673.1571 673.2578 673.0411 672.3235 670.9999 669.3547 668.0812 667.0906 666.3475 665.7783 665.3436 665.0159 664.7805 664.6565 664.661 664.7476 664.8588 664.989 665.1205 665.203 665.2047 665.1599 665.105 665.0645
-9999 -9999 -9999 -9999 -9999 -9999 -9999 -9999 -9999 -9999 -9999 -9999 -9999 -9999 -9999 -9999 -9999 -9999 -9999 -9999 -9999 -9999 -9999 -9999 -9999 -9999 -9999 -9999 -9999 -9999 -9999 -9999 -9999 -9999 -9999 -9999 -9999 -9999 -9999 -9999 -9999 -9999 673.3604 673.4131 673.2821 672.7537 671.6406 670.3914 669.077 667.9543 667.0574 666.3685 665.8464 665.4485 665.1383 664.9095 664.7828 664.7714 664.8427 664.9504 665.0908 665.2384 665.3325 665.3028 665.2312 665.1646 665.1255
-9999 -9999 -9999 -9999 -9999 -9999 -9999 -9999 -9999 -9999 -9999 -9999 -9999 -9999 -9999 -9999 -9999 -9999 -9999 -9999 -9999 -9999 -9999 -9999 -9999 -9999 -9999 -9999 -9999 -9999 -9999 -9999 -9999 -9999 -9999 -9999 -9999 -9999 -9999 -9999 -9999 -9999 673.7154 673.6912 673.3221 672.4229 670.8862 669.7675 668.7308 667.7899 667.0231 666.4136 665.9581 665.6133 665.3336 665.1134 664.9856 664.9528 665.0007 665.1 665.248 665.4113 665.5051 665.4285 665.3245 665.2484 665.2128
-9999 -9999 -9999 -9999 -9999 -9999 -9999 -9999 -9999 -9999 -9999 -9999 -9999 -9999 -9999 -9999 -9999 -9999 -9999 -9999 -9999 -9999 -9999 -9999 -9999 -9999 -9999 -9999 -9999 -9999 -9999 -9999 -9999 -9999 -9999 -9999 -9999 -9999 -9999 -9999 -9999 -9999 674.0048 673.9751 673.4922 672.4056 670.7543 669.5212 668.5336 667.6954 667.0215 666.5031 666.1272 665.8505 665.617 665.4072 665.2683 665.2109 665.2291 665.3188 665.4753 665.6439 665.7076 665.5787 665.4384 665.3518 665.3193
-9999 -9999 -9999 -9999 -9999 -9999 -9999 -9999 -9999 -9999 -9999 -9999 -9999 -9999 -9999 -9999 -9999 -9999 -9999 -9999 -9999 -9999 -9999 -9999 -9999 -9999 -9999 -9999 -9999 -9999 -9999 -9999 -9999 -9999 -9999 -9999 -9999 -9999 -9999 -9999 -9999 -9999 674.1678 674.1128 673.712 672.6667 671.2298 669.6895 668.6219 667.7814 667.1218 666.684 666.3748 666.1711 665.9974 665.8087 665.6381 665.5415 665.5295 665.6127 665.7835 665.9573 665.9484 665.7625 665.5867 665.4869 665.4528
-9999 -9999 -9999 -9999 -9999 -9999 -9999 -9999 -9999 -9999 -9999 -9999 -9999 -9999 -9999 -9999 -9999 -9999 -9999 -9999 -9999 -9999 -9999 -9999 -9999 -9999 -9999 -9999 -9999 -9999 -9999 -9999 -9999 -9999 -9999 -9999 -9999 -9999 -9999 -9999 -9999 -9999 674.1378 674.0097 673.6587 672.865 671.6805 670.1532 668.9848 668.1139 667.4708 667.024 666.7134 666.5736 666.4733 666.3176 666.1008 665.9594 665.9122 665.9832 666.1646 666.3516 666.2086 665.9733 665.7847 665.6775 665.634
