backend/lakes/data/Clairmont Lake/clai_dem_tm.asc
ncols         99
nrows         118
xllcorner     258600
yllcorner     6124400
cellsize      50
NODATA_value  -9999
[rows 30 to 59 of 118, columns 0 to 66 of 99]
-9999 -9999 -9999 -9999 -9999 -9999 -9999 -9999 -9999 -9999 -9999 -9999 -9999 -9999 -9999 -9999 -9999 -9999 -9999 -9999 -9999 -9999 -9999 -9999 671.134 671.4404 671.7888 671.7045 670.5404 668.8854 667.5737 666.9697 666.7999 666.8406 666.9495 667.0682 667.171 667.2314 667.2233 667.1375 666.9834 666.7905 666.5933 666.4119 666.2618 666.1688 666.1625 666.2515 666.4003 666.5379 666.5995 666.5652 666.4742 666.4039 666.4379 666.6354 667.0021 667.4559 667.9382 668.3072 668.5349 668.5942 668.376 668.0511 668.2178 668.3719 668.5128
-9999 -9999 -9999 -9999 -9999 -9999 -9999 -9999 -9999 -9999 -9999 -9999 -9999 -9999 -9999 -9999 -9999 -9999 -9999 -9999 -9999 -9999 -9999 670.7976 670.5263 670.4913 670.5152 670.3373 669.3444 667.9791 667.1445 666.7955 666.776 666.9118 667.0674 667.1755 667.2257 667.2244 667.1702 667.0551 666.8843 666.6807 666.4791 666.3019 666.1578 666.0641 666.0476 666.1255 666.281 666.4542 666.5735 666.599 666.5463 666.476 666.4646 666.5665 666.7867 667.0626 667.363 667.5907 667.7299 667.7809 667.8015 668.1925 668.9825 669.3043 669.2808
-9999 -9999 -9999 -9999 -9999 -9999 -9999 -9999 -9999 -9999 -9999 -9999 -9999 -9999 -9999 -9999 -9999 -9999 -9999 -9999 -9999 -9999 -9999 670.7856 670.4335 669.9966 669.5726 669.1013 668.3213 667.3342 666.8229 666.6791 666.7371 666.897 667.0692 667.1826 667.2149 667.1804 667.0952 666.9639 666.7859 666.5764 666.3685 666.1907 666.0499 665.9521 665.916 665.9603 666.0875 666.2614 666.4169 666.501 666.5043 666.4667 666.4496 666.5038 666.6449 666.8369 667.0462 667.2113 667.3595 667.5319 667.8628 668.5587 669.5353 670.4813 670.3339
-9999 -9999 -9999 -9999 -9999 -9999 -9999 -9999 -9999 -9999 -9999 -9999 -9999 -9999 -9999 -9999 -9999 -9999 -9999 -9999 -9999 -9999 -9999 670.9369 670.8855 670.6072 669.9482 668.9858 668.0109 667.1096 666.6703 666.5754 666.675 666.8304 666.9718 667.0668 667.0936 667.0508 666.9574 666.8256 666.6581 666.4622 666.2628 666.0906 665.9578 665.8613 665.8076 665.8118 665.8864 666.0234 666.179 666.2988 666.3561 666.3687 666.3798 666.4335 666.549 666.7117 666.8911 667.0551 667.2408 667.5066 667.9996 668.8253 669.8682 670.6122 670.8606
-9999 -9999 -9999 -9999 -9999 -9999 -9999 -9999 -9999 -9999 -9999 -9999 -9999 -9999 -9999 -9999 -9999 -9999 -9999 -9999 -9999 -9999 -9999 671.0523 671.4921 671.5143 670.7301 669.3955 668.0983 667.1119 666.6244 666.4976 666.5687 666.7083 666.8306 666.8959 666.8994 666.8478 666.7493 666.6232 666.474 666.3039 666.1296 665.978 665.8645 665.7832 665.7273 665.704 665.7272 665.8075 665.9299 666.0532 666.1452 666.2061 666.2632 666.3475 666.472 666.6375 666.8297 667.0374 667.1864 667.4576 667.973 668.7697 669.7473 670.4744 671.1299
-9999 -9999 -9999 -9999 -9999 -9999 -9999 -9999 -9999 -9999 -9999 -9999 -9999 -9999 -9999 -9999 -9999 -9999 -9999 -9999 -9999 -9999 670.814 671.1592 671.886 671.7344 670.7665 669.3102 668.0565 667.1141 666.6242 666.4497 666.4684 666.5635 666.6552 666.7036 666.6959 666.6346 666.5306 666.3992 666.2585 666.1093 665.9615 665.8362 665.748 665.6921 665.6525 665.6245 665.6182 665.6497 665.7258 665.8268 665.9275 666.0208 666.123 666.2467 666.3945 666.5564 666.7252 666.8915 667.0452 667.2928 667.7767 668.5 669.4073 670.5801 671.5199
-9999 -9999 -9999 -9999 -9999 -9999 -9999 -9999 -9999 -9999 -9999 -9999 -9999 -9999 -9999 -9999 -9999 -9999 -9999 -9999 -9999 -9999 670.7934 671.1876 671.9611 671.7131 670.6366 669.1714 667.9767 667.0976 666.6407 666.444 666.4071 666.4476 666.4968 666.5165 666.4954 666.4343 666.3329 666.2024 666.0641 665.9261 665.7934 665.6853 665.616 665.5809 665.563 665.5475 665.5375 665.546 665.5865 665.658 665.7474 665.8548 665.9874 666.1483 666.3204 666.4778 666.6106 666.73 666.8604 667.087 667.5745 668.3586 669.455 671.0095 672.1898
-9999 -9999 -9999 -9999 -9999 -9999 -9999 -9999 -9999 -9999 -9999 -9999 -9999 -9999 -9999 -9999 -9999 -9999 -9999 -9999 -9999 -9999 670.8718 671.2281 671.9446 671.6319 670.5009 669.0728 667.9295 667.0869 666.64 666.4442 666.3781 666.3728 666.3793 666.3669 666.3252 666.256 666.1583 666.0325 665.8983 665.7725 665.6541 665.5561 665.4948 665.4678 665.4609 665.4605 665.4622 665.4723 665.5 665.5503 665.6249 665.7308 665.8816 666.071 666.2625 666.4205 666.5201 666.5984 666.7238 666.9932 667.4382 668.3395 669.6982 671.5565 672.7473
-9999 -9999 -9999 -9999 -9999 -9999 -9999 -9999 -9999 -9999 -9999 -9999 -9999 -9999 -9999 -9999 -9999 -9999 -9999 -9999 -9999 -9999 671.1155 671.3767 671.7101 671.4258 670.275 668.9689 667.8779 667.0844 666.6414 666.424 666.3395 666.3109 666.2906 666.2531 666.1929 666.112 666.0121 665.8911 665.7596 665.64 665.5376 665.4526 665.3961 665.3689 665.3608 665.3662 665.3826 665.4088 665.4432 665.4871 665.5504 665.6512 665.8123 666.0197 666.236 666.387 666.4644 666.4846 666.5498 666.7687 667.2458 668.3112 669.8913 671.9587 673.3127
-9999 -9999 -9999 -9999 -9999 -9999 -9999 -9999 -9999 -9999 -9999 -9999 -9999 -9999 -9999 -9999 -9999 -9999 -9999 -9999 -9999 -9999 671.6694 671.5248 671.3674 670.8285 669.7621 668.6756 667.7578 667.07 666.6573 666.4259 666.3058 666.2469 666.2067 666.155 666.0839 665.9968 665.8936 665.7748 665.6483 665.5303 665.4373 665.368 665.3207 665.292 665.277 665.2782 665.3037 665.35 665.4021 665.4498 665.5055 665.6035 665.7663 665.9974 666.2244 666.3925 666.4365 666.4155 666.4246 666.6108 667.1437 668.2724 669.9468 672.0922 673.4901
-9999 -9999 -9999 -9999 -9999 -9999 -9999 -9999 -9999 -9999 -9999 -9999 -9999 -9999 -9999 -9999 -9999 -9999 -9999 -9999 -9999 -9999 671.8862 671.443 670.9336 670.1574 669.1294 668.299 667.5959 667.0521 666.6814 666.4453 666.2997 666.205 666.1339 666.0643 665.9841 665.894 665.7935 665.6786 665.5568 665.444 665.3525 665.2943 665.2616 665.2382 665.2177 665.2118 665.2404 665.304 665.3776 665.4332 665.4816 665.5688 665.7396 665.9778 666.2368 666.4026 666.4463 666.3838 666.3491 666.5156 667.0641 668.168 669.8539 672.0048 673.4545
-9999 -9999 -9999 -9999 -9999 -9999 -9999 -9999 -9999 -9999 -9999 -9999 -9999 -9999 -9999 -9999 -9999 -9999 -9999 -9999 -9999 671.5648 671.4115 671.0203 670.4399 669.6434 668.7447 668.0465 667.4801 667.0438 666.7101 666.4766 666.314 666.1938 666.0931 665.9986 665.9032 665.8051 665.7035 665.5945 665.4801 665.373 665.2867 665.2302 665.2085 665.1993 665.1818 665.1718 665.2013 665.2793 665.3729 665.44 665.4771 665.5473 665.7106 665.9695 666.2388 666.4294 666.4585 666.3691 666.29 666.4135 666.9338 667.9553 669.6274 671.7481 673.3508
-9999 -9999 -9999 -9999 -9999 -9999 -9999 -9999 -9999 -9999 -9999 -9999 -9999 -9999 -9999 -9999 -9999 -9999 -9999 -9999 -9999 671.083 671.0013 670.6774 670.0973 669.3393 668.5775 667.9307 667.4224 667.0435 666.7357 666.5081 666.3381 666.2014 666.0789 665.9615 665.8477 665.7377 665.63 665.5221 665.4152 665.3165 665.235 665.1812 665.162 665.1652 665.1625 665.1569 665.1882 665.2767 665.3877 665.4659 665.4955 665.5386 665.6862 665.9483 666.2455 666.4442 666.4741 666.3529 666.2171 666.2646 666.6882 667.6363 669.327 671.3329 673.0638
-9999 -9999 -9999 -9999 -9999 -9999 -9999 -9999 -9999 -9999 -9999 -9999 -9999 -9999 -9999 -9999 -9999 -9999 -9999 -9999 -9999 671.0628 670.9781 670.6318 670.0019 669.2039 668.519 667.8892 667.3959 667.0434 666.7631 666.5482 666.3757 666.2267 666.0875 665.9507 665.8186 665.6937 665.5759 665.4641 665.3611 665.2717 665.1987 665.1468 665.1282 665.1381 665.1519 665.1609 665.199 665.2935 665.4172 665.5038 665.5298 665.5499 665.668 665.9264 666.2377 666.46 666.4873 666.3411 666.1581 666.1453 666.5133 667.4422 669.1179 671.0509 672.8102
-9999 -9999 -9999 -9999 -9999 -9999 -9999 -9999 -9999 -9999 -9999 -9999 -9999 -9999 -9999 -9999 -9999 -9999 -9999 -9999 -9999 671.5406 671.2633 670.9014 670.2021 669.2403 668.5373 667.9038 667.3966 667.0441 666.8026 666.6069 666.4352 666.2757 666.1207 665.9666 665.8164 665.6753 665.5442 665.4237 665.3191 665.2366 665.174 665.1283 665.1095 665.1243 665.1532 665.1815 665.228 665.3257 665.4539 665.5485 665.5724 665.5779 665.6698 665.9091 666.2281 666.4675 666.506 666.3458 666.1323 666.0891 666.4508 667.4166 669.1449 671.1198 672.9437
-9999 -9999 -9999 -9999 -9999 -9999 -9999 -9999 -9999 -9999 -9999 -9999 -9999 -9999 -9999 -9999 -9999 -9999 -9999 -9999 -9999 672.1518 671.7426 671.3867 670.7817 669.7779 668.8027 668.0321 667.456 667.0701 666.8827 666.6927 666.5122 666.3423 666.1755 666.0079 665.8417 665.6836 665.5376 665.4061 665.2953 665.2137 665.1597 665.1228 665.1072 665.1255 665.1698 665.2182 665.2764 665.3708 665.4941 665.593 665.6207 665.6208 665.6953 665.9139 666.2261 666.4766 666.5262 666.3664 666.139 666.0853 666.4656 667.5049 669.3678 671.4897 673.467
-9999 -9999 -9999 -9999 -9999 -9999 -9999 -9999 -9999 -9999 -9999 -9999 -9999 -9999 -9999 -9999 -9999 -9999 -9999 -9999 -9999 672.8032 672.2937 671.9795 671.4426 670.3503 669.0794 668.2021 667.5867 667.2094 667.032 666.7968 666.5923 666.4114 666.2385 666.0641 665.8885 665.7167 665.556 665.413 665.295 665.2098 665.1586 665.1306 665.1218 665.1445 665.2012 665.2702 665.3417 665.4288 665.5419 665.6344 665.6742 665.6795 665.748 665.9497 666.2467 666.4949 666.551 666.3937 666.1597 666.0949 666.4785 667.5627 669.5402 671.744 674.0018
-9999 -9999 -9999 -9999 -9999 -9999 -9999 -9999 -9999 -9999 -9999 -9999 -9999 -9999 -9999 -9999 -9999 -9999 -9999 -9999 -9999 673.3315 672.9322 672.5442 671.9404 670.8674 669.3586 668.3734 667.7075 667.2877 667.0486 666.8347 666.6442 666.4684 666.2974 666.1235 665.9452 665.7668 665.5952 665.442 665.3174 665.2279 665.1748 665.1522 665.1526 665.1829 665.2478 665.3348 665.416 665.5007 665.5916 665.6835 665.7312 665.7578 665.8313 666.0196 666.2953 666.5284 666.5807 666.4228 666.1794 666.0886 666.4241 667.4302 669.2948 671.5885 674.2115
-9999 -9999 -9999 -9999 -9999 -9999 -9999 -9999 -9999 -9999 -9999 -9999 -9999 -9999 -9999 -9999 -9999 -9999 -9999 -9999 -9999 673.7616 673.3795 672.985 672.3519 671.2138 669.5975 668.5298 667.8101 667.3379 667.0482 666.8593 666.6871 666.517 666.3478 666.1774 666.0021 665.8237 665.6481 665.4877 665.3578 665.2651 665.2084 665.1865 665.1963 665.2368 665.3113 665.4045 665.4979 665.5713 665.6517 665.7297 665.8004 665.8537 665.944 666.123 666.3707 666.5757 666.6129 666.451 666.2003 666.0825 666.3582 667.2626 668.9844 671.2644 673.9868
-9999 -9999 -9999 -9999 -9999 -9999 -9999 -9999 -9999 -9999 -9999 -9999 -9999 -9999 -9999 -9999 -9999 -9999 -9999 -9999 -9999 -9999 673.6323 673.2592 672.6984 671.5336 669.9142 668.7236 667.925 667.4005 667.0658 666.9158 666.7445 666.5643 666.3883 666.2183 666.049 665.8765 665.7045 665.5433 665.4105 665.3154 665.256 665.2317 665.2472 665.3 665.3826 665.4813 665.5711 665.6458 665.7048 665.7841 665.8696 665.9628 666.0788 666.2498 666.4626 666.6289 666.6414 666.4741 666.2253 666.0949 666.3243 667.1337 668.6908 670.8389 673.338
-9999 -9999 -9999 -9999 -9999 -9999 -9999 -9999 -9999 -9999 -9999 -9999 -9999 -9999 -9999 -9999 -9999 -9999 -9999 -9999 -9999 -9999 673.6385 673.2724 672.8168 671.8131 670.3851 668.98 668.0756 667.5197 667.1974 667.0378 666.8143 666.6036 666.4134 666.2405 666.0771 665.9149 665.7527 665.5988 665.4673 665.3712 665.3103 665.2841 665.3012 665.3634 665.4553 665.5535 665.6404 665.7039 665.7618 665.8326 665.9424 666.0717 666.2168 666.383 666.5549 666.6713 666.6539 666.4844 666.2517 666.1309 666.3339 667.0506 668.4072 670.2995 672.5125
-9999 -9999 -9999 -9999 -9999 -9999 -9999 -9999 -9999 -9999 -9999 -9999 -9999 -9999 -9999 -9999 -9999 -9999 -9999 -9999 -9999 -9999 673.4354 673.0562 672.694 671.9327 670.7603 669.2151 668.2255 667.623 667.2711 667.05 666.8245 666.6086 666.4132 666.2397 666.0823 665.9315 665.783 665.6417 665.5184 665.4237 665.3622 665.3357 665.3534 665.4206 665.5187 665.6169 665.6946 665.7535 665.806 665.8855 666.0088 666.1714 666.3403 666.4979 666.6263 666.6877 666.637 666.4733 666.2771 666.197 666.4047 667.0457 668.2239 669.8319 671.7406
-9999 -9999 -9999 -9999 -9999 -9999 -9999 -9999 -9999 -9999 -9999 -9999 -9999 -9999 -9999 -9999 -9999 -9999 -9999 -9999 -9999 -9999 673.109 672.8481 672.5247 671.8562 670.7614 669.2376 668.2648 667.6688 667.3053 667.051 666.8144 666.5894 666.3888 666.2157 666.0642 665.9247 665.7908 665.6648 665.5538 665.465 665.4041 665.3781 665.397 665.4662 665.5669 665.6631 665.7335 665.7856 665.844 665.9323 666.0723 666.2527 666.4342 666.5764 666.659 666.6664 666.5868 666.4414 666.3085 666.3135 666.586 667.205 668.287 669.6437 671.2001
-9999 -9999 -9999 -9999 -9999 -9999 -9999 -9999 -9999 -9999 -9999 -9999 -9999 -9999 -9999 -9999 -9999 -9999 -9999 -9999 673.9257 673.2134 672.8584 672.6433 672.2888 671.561 670.3652 669.0267 668.1691 667.6342 667.2997 667.0521 666.7941 666.5489 666.3382 666.1653 666.0219 665.8951 665.7764 665.6663 665.5698 665.4901 665.4319 665.4066 665.4268 665.4962 665.5958 665.6893 665.7538 665.803 665.8691 665.9748 666.1271 666.3136 666.4903 666.6091 666.6466 666.6078 666.513 666.4054 666.3661 666.5062 666.9355 667.6594 668.7358 669.9705 671.3475
-9999 -9999 -9999 -9999 -9999 -9999 -9999 -9999 -9999 -9999 -9999 -9999 -9999 -9999 -9999 -9999 -9999 -9999 674.8021 674.0292 673.2957 672.8329 672.5767 672.3566 671.9196 670.9984 669.8108 668.7067 667.9785 667.5206 667.2352 667.027 666.7347 666.4695 666.2528 666.084 665.952 665.8414 665.7408 665.6487 665.5677 665.4991 665.4463 665.4216 665.442 665.51 665.6056 665.6946 665.7566 665.8059 665.8824 666.0073 666.1725 666.3531 666.5092 666.5959 666.5955 666.5277 666.4418 666.4021 666.4882 666.7858 667.3699 668.2987 669.4196 670.5844 671.9946
-9999 -9999 -9999 -9999 -9999 -9999 -9999 -9999 -9999 -9999 -9999 -9999 -9999 -9999 -9999 -9999 -9999 674.8116 674.0624 673.3133 672.7708 672.39 672.1287 671.8715 671.3722 670.2876 669.1505 668.2972 667.7039 667.313 667.0472 666.822 666.5653 666.3247 666.1249 665.9707 665.855 665.7637 665.6838 665.6124 665.5499 665.4951 665.4501 665.4279 665.4468 665.5114 665.6002 665.6827 665.7437 665.7987 665.8851 666.0275 666.204 666.3734 666.4977 666.5481 666.5208 666.4526 666.4155 666.4955 666.7775 667.3282 668.2029 669.3126 670.5709 671.8132 672.989
-9999 -9999 -9999 -9999 -9999 -9999 -9999 -9999 -9999 -9999 -9999 -9999 -9999 -9999 -9999 -9999 674.9022 674.2269 673.4125 672.7527 672.2183 671.7288 671.3277 670.9903 670.4386 669.4025 668.5331 667.8664 667.3846 667.0464 666.7908 666.5685 666.3452 666.1384 665.9661 665.834 665.7378 665.6667 665.6089 665.559 665.5173 665.4796 665.4456 665.4287 665.4474 665.5067 665.587 665.6608 665.7196 665.7827 665.8812 666.0348 666.2185 666.3759 666.4664 666.4817 666.443 666.408 666.4705 666.741 667.323 668.264 669.3918 670.6199 671.9191 673.0811 674.1211
-9999 -9999 -9999 -9999 -9999 -9999 -9999 -9999 -9999 -9999 -9999 -9999 -9999 -9999 -9999 -9999 674.4855 673.8466 673.0051 672.2106 671.5199 670.6508 669.9324 669.5096 669.0967 668.5063 667.9257 667.434 667.0493 666.7555 666.5199 666.3129 666.1179 665.9417 665.7962 665.687 665.6111 665.5594 665.5219 665.4933 665.4719 665.4538 665.4349 665.4266 665.4473 665.5024 665.5739 665.6376 665.6918 665.7606 665.8712 666.0317 666.2147 666.3604 666.4238 666.4126 666.3788 666.4081 666.6173 667.1484 668.1674 669.5226 670.9653 672.2846 673.3813 674.3035 675.131
-9999 -9999 -9999 -9999 -9999 -9999 -9999 -9999 -9999 -9999 -9999 -9999 -9999 -9999 -9999 674.2855 673.9913 673.365 672.4715 671.4771 670.6497 669.6157 668.9785 668.5616 668.2074 667.8119 667.415 667.0489 666.7366 666.4807 666.267 666.0789 665.9076 665.7565 665.6335 665.5437 665.4852 665.4509 665.4314 665.4213 665.4192 665.4206 665.4198 665.4238 665.4501 665.5036 665.568 665.6217 665.6681 665.7377 665.8562 666.0206 666.1964 666.3275 666.3728 666.3492 666.3356 666.4481 666.8292 667.6394 669.0823 670.881 672.4484 673.5961 674.4856 675.2282 675.897
-9999 -9999 -9999 -9999 -9999 -9999 -9999 -9999 -9999 -9999 -9999 -9999 -9999 -9999 -9999 673.9367 673.5835 672.862 671.6976 670.5103 669.641 668.9019 668.381 667.9879 667.6582 667.3436 667.0436 666.7441 666.4742 666.2439 666.0482 665.8774 665.7256 665.5945 665.4894 665.4148 665.3699 665.3488 665.3441 665.3501 665.365 665.385 665.4034 665.423 665.4586 665.5146 665.5752 665.6211 665.6575 665.7209 665.8389 666.0035 666.1691 666.2831 666.3148 666.2915 666.3075 666.506 667.062 668.1631 669.8344 671.7979 673.4209 674.521 675.3051 675.9812 676.4724
