backend/lakes/data/Winefred Lake/wine_dem_tm.asc
ncols         330
nrows         401
xllcorner     773700
yllcorner     6147900
cellsize      50
NODATA_value  -9999
[rows 120 to 149 of 401, columns 68 to 135 of 330]
-9999 -9999 -9999 -9999 -9999 -9999 -9999 -9999 -9999 -9999 -9999 -9999 -9999 -9999 -9999 -9999 -9999 -9999 -9999 -9999 -9999 -9999 -9999 -9999 -9999 -9999 -9999 -9999 -9999 -9999 -9999 -9999 -9999 -9999 594.965 594.1046 593.5823 593.0448 592.2601 590.9061 589.3379 587.7131 586.2914 585.2833 584.4552 583.623 583.2745 583.7646 585.1542 586.1189 586.5837 586.5676 586.1418 585.371 584.5948 583.9785 583.2359 583.3733 583.9972 584.8168 585.6368 586.1943 585.7586 584.8306 583.9077 583.3981 583.1418 582.9237
-9999 -9999 -9999 -9999 -9999 -9999 -9999 -9999 -9999 -9999 -9999 -9999 -9999 -9999 -9999 -9999 -9999 -9999 -9999 -9999 -9999 -9999 -9999 -9999 -9999 -9999 -9999 -9999 -9999 -9999 -9999 -9999 -9999 -9999 594.8405 594.0821 593.6274 593.1243 592.3502 590.8862 589.2991 587.7118 586.2693 585.1074 584.2468 583.3889 583.3932 584.4015 585.7339 586.4457 586.6593 586.4346 585.8121 584.7703 583.8599 583.3066 583.3023 583.8517 584.6971 585.5237 586.0134 585.8881 584.8762 583.7861 583.1084 582.7993 582.745 582.7917
-9999 -9999 -9999 -9999 -9999 -9999 -9999 -9999 -9999 -9999 -9999 -9999 -9999 -9999 -9999 -9999 -9999 -9999 -9999 -9999 -9999 -9999 -9999 -9999 -9999 -9999 -9999 -9999 -9999 -9999 -9999 -9999 -9999 595.0435 594.5742 594.02 593.6211 593.039 592.0908 590.6172 589.0665 587.5466 586.1013 584.7903 583.7639 583.1669 583.9264 585.1177 586.1464 586.5858 586.5248 586.0352 585.1095 584.0316 583.2819 583.1829 583.6062 584.411 585.3308 586.0013 585.9813 585.0897 583.8901 583.1178 582.7162 582.6328 582.8047 583.1051
-9999 -9999 -9999 -9999 -9999 -9999 -9999 -9999 -9999 -9999 -9999 -9999 -9999 -9999 -9999 -9999 -9999 -9999 -9999 -9999 -9999 -9999 -9999 -9999 -9999 -9999 -9999 -9999 -9999 -9999 -9999 -9999 -9999 595.0678 594.5931 594.0771 593.6588 592.9034 591.7629 590.1279 588.6628 587.2436 585.8469 584.4548 583.5073 583.3472 584.6421 585.8197 586.4556 586.5715 586.2093 585.4172 584.3745 583.415 583.0707 583.3004 583.9756 584.8987 585.77 586.1657 585.3571 584.1937 583.2569 582.8656 582.7522 582.8886 583.2596 583.7723
-9999 -9999 -9999 -9999 -9999 -9999 -9999 -9999 -9999 -9999 -9999 -9999 -9999 -9999 -9999 -9999 -9999 -9999 -9999 -9999 -9999 -9999 -9999 -9999 -9999 -9999 -9999 -9999 -9999 -9999 -9999 -9999 596.2119 595.5327 594.9612 594.4055 593.7789 592.674 591.2825 589.6163 588.1935 586.8303 585.4774 584.0813 583.3027 583.4733 584.8 586.0302 586.5159 586.4149 585.838 584.8398 583.8103 583.1445 583.0374 583.4702 584.2817 585.226 585.953 585.9916 584.6878 583.5097 583.0367 583.1174 583.2954 583.6143 584.1852 584.7559
-9999 -9999 -9999 -9999 -9999 -9999 -9999 -9999 -9999 -9999 -9999 -9999 -9999 -9999 -9999 -9999 -9999 -9999 -9999 -9999 -9999 -9999 -9999 -9999 -9999 -9999 -9999 -9999 -9999 -9999 -9999 597.6746 596.8763 596.1442 595.3394 594.6166 593.6359 592.1857 590.5059 588.9992 587.6382 586.2969 584.9058 583.6704 583.1604 583.7408 584.9773 586.0922 586.4575 586.1743 585.2951 584.3236 583.3339 582.9015 582.998 583.5759 584.4708 585.4252 586.0869 586.0198 584.8527 583.7061 583.4343 583.9 584.4398 584.8951 585.375 585.8593
-9999 -9999 -9999 -9999 -9999 -9999 -9999 -9999 -9999 -9999 -9999 -9999 -9999 -9999 -9999 -9999 -9999 -9999 -9999 -9999 -9999 -9999 -9999 -9999 -9999 -9999 -9999 -9999 -9999 -9999 598.1218 597.5143 597.1313 596.6551 595.7452 594.6658 593.2518 591.6359 589.9357 588.4925 587.1478 585.8404 584.4053 583.3756 583.3168 584.1063 585.1985 586.1425 586.4653 586.2036 585.4064 584.2789 583.2225 582.8036 582.9635 583.5983 584.5281 585.4993 586.1829 586.1226 585.4135 584.7255 584.597 585.1036 585.6833 585.9942 586.1502 586.2225
-9999 -9999 -9999 -9999 -9999 -9999 -9999 -9999 -9999 -9999 -9999 -9999 -9999 -9999 -9999 -9999 -9999 -9999 -9999 -9999 -9999 -9999 -9999 -9999 -9999 -9999 -9999 -9999 -9999 -9999 597.3135 597.0035 596.8087 596.1989 595.3088 594.1512 592.6463 591.0966 589.5135 588.0859 586.7036 585.3745 583.9666 583.1732 583.8887 584.5997 585.4388 586.1931 586.5371 586.402 585.7654 584.4722 583.2701 582.793 582.929 583.5413 584.4457 585.4078 586.1445 586.2571 585.9757 585.7426 585.8388 586.0545 586.1719 586.226 586.218 586.1771
-9999 -9999 -9999 -9999 -9999 -9999 -9999 -9999 -9999 -9999 -9999 -9999 -9999 -9999 -9999 -9999 -9999 -9999 -9999 -9999 -9999 -9999 -9999 -9999 -9999 -9999 -9999 -9999 -9999 597.4369 596.7573 596.4239 596.0706 595.4161 594.4157 593.1475 591.8695 590.5309 589.1205 587.6364 586.1865 584.7647 583.5782 583.1665 583.8925 584.7869 585.5314 586.2056 586.5806 586.527 585.9491 584.6397 583.3566 582.8315 582.9017 583.4303 584.2435 585.1294 585.8512 586.1925 586.2002 586.1916 586.1805 586.1996 586.202 586.2056 586.2115 586.236
-9999 -9999 -9999 -9999 -9999 -9999 -9999 -9999 -9999 -9999 -9999 -9999 -9999 -9999 -9999 -9999 -9999 -9999 -9999 -9999 -9999 -9999 -9999 -9999 -9999 -9999 -9999 -9999 597.9715 597.0475 596.5232 596.0441 595.4573 594.5922 593.338 592.2043 591.0665 589.8819 588.6048 587.0927 585.6177 584.2108 583.2543 583.259 583.9315 584.7915 585.5663 586.2045 586.5856 586.5699 586.0359 584.811 583.5294 582.9443 582.9098 583.3115 583.9952 584.7759 585.4619 585.9083 586.1053 586.1824 586.1738 586.2114 586.3926 586.5573 586.7173 586.9199
-9999 -9999 -9999 -9999 -9999 -9999 -9999 -9999 -9999 -9999 -9999 -9999 -9999 -9999 -9999 -9999 -9999 -9999 -9999 -9999 -9999 -9999 -9999 -9999 -9999 -9999 -9999 598.2446 597.5195 597.0164 596.6198 595.9584 595.0079 593.8569 592.5485 591.3913 590.2578 589.0981 587.8121 586.374 584.927 583.7108 583.1636 583.5059 584.1338 584.8677 585.5901 586.1993 586.5752 586.5859 586.119 585.0839 583.9135 583.1529 582.9622 583.215 583.7598 584.4344 585.0831 585.593 585.9261 586.1229 586.2224 586.5156 586.8378 587.1536 587.4673 587.8126
-9999 -9999 -9999 -9999 -9999 -9999 -9999 -9999 -9999 -9999 -9999 -9999 -9999 -9999 -9999 -9999 -9999 -9999 -9999 -9999 -9999 -9999 -9999 -9999 -9999 -9999 598.2993 597.7017 597.4032 597.1923 596.8582 595.9064 594.5803 593.187 591.8799 590.6602 589.4521 588.2359 586.9803 585.6816 584.3391 583.3246 583.2614 583.8568 584.4014 584.9888 585.6252 586.2006 586.5819 586.6302 586.2415 585.4248 584.2917 583.337 583.0258 583.1443 583.5641 584.1475 584.7675 585.3304 585.7974 586.1889 586.5215 586.9819 587.3904 587.8174 588.2336 588.6512
-9999 -9999 -9999 -9999 -9999 -9999 -9999 -9999 -9999 -9999 -9999 -9999 -9999 -9999 -9999 -9999 -9999 -9999 -9999 -9999 -9999 -9999 -9999 -9999 -9999 -9999 597.7055 597.4705 597.3684 597.2146 596.7801 595.5981 593.9415 592.5627 591.2502 589.9728 588.7001 587.3628 586.1173 584.9341 583.8723 583.1853 583.2402 583.76 584.3524 584.981 585.6228 586.2089 586.6335 586.7579 586.5089 585.8738 584.7317 583.6959 583.1552 583.1079 583.4138 583.924 584.5216 585.1246 585.6854 586.2083 586.7202 587.2805 587.8203 588.3636 588.8373 589.2423
-9999 -9999 -9999 -9999 -9999 -9999 -9999 -9999 -9999 -9999 -9999 -9999 -9999 -9999 -9999 -9999 -9999 -9999 -9999 -9999 -9999 -9999 -9999 -9999 -9999 597.6437 597.4357 597.3386 597.1869 596.8559 596.224 595.0076 593.4491 592.0074 590.6248 589.2354 587.7896 586.4254 585.2568 584.2603 583.5145 583.1554 583.21 583.6023 584.1533 584.8246 585.5515 586.215 586.7052 586.8822 586.687 586.0883 585.0048 583.9199 583.1876 583.0585 583.2955 583.7554 584.338 584.9701 585.6016 586.2155 586.8289 587.458 588.0728 588.6647 589.201 589.5869
-9999 -9999 -9999 -9999 -9999 -9999 -9999 -9999 -9999 -9999 -9999 -9999 -9999 -9999 -9999 -9999 -9999 -9999 -9999 -9999 -9999 -9999 -9999 -9999 597.4729 597.3058 597.2792 597.1183 596.6675 595.864 594.9794 593.9631 592.6854 591.3396 589.9505 588.4933 586.9064 585.5936 584.5104 583.674 583.1733 583.0189 583.119 583.4265 583.8983 584.5753 585.3967 586.2051 586.7585 586.9628 586.7724 586.1677 585.1609 584.0835 583.2547 583.0623 583.2277 583.6345 584.1978 584.8508 585.5381 586.2173 586.8672 587.5151 588.149 588.738 589.2621 589.7194
-9999 -9999 -9999 -9999 -9999 -9999 -9999 -9999 -9999 -9999 -9999 -9999 -9999 -9999 -9999 -9999 -9999 -9999 -9999 -9999 -9999 -9999 -9999 597.1696 596.9305 597.0004 597.0602 596.6698 595.7068 594.615 593.7838 592.8893 591.8047 590.5731 589.1996 587.6637 586.1686 584.9128 583.9323 583.2479 582.9728 582.9432 583.0631 583.266 583.5758 584.2097 585.1192 586.1185 586.7371 586.9751 586.7994 586.2076 585.2866 584.2844 583.4886 583.1578 583.207 583.5402 584.068 584.7262 585.4567 586.1907 586.8214 587.4565 588.0992 588.7029 589.2602 589.7896
-9999 -9999 -9999 -9999 -9999 -9999 -9999 -9999 -9999 -9999 -9999 -9999 -9999 -9999 -9999 -9999 -9999 -9999 -9999 -9999 -9999 -9999 596.7999 596.4375 596.2313 596.5237 596.6167 595.8427 594.6078 593.5782 592.7434 591.8942 590.9109 589.7628 588.4264 586.8455 585.4763 584.3535 583.5509 583.14 582.9575 582.9747 583.0812 583.1577 583.2083 583.712 584.6133 585.8039 586.524 586.8533 586.7505 586.2178 585.365 584.4259 583.6362 583.1734 583.168 583.434 583.9061 584.5372 585.2744 586.0413 586.6268 587.2521 587.9451 588.6146 589.2596 589.8616
-9999 -9999 -9999 -9999 -9999 -9999 -9999 -9999 -9999 -9999 -9999 -9999 -9999 -9999 -9999 -9999 -9999 -9999 -9999 -9999 597.1965 596.2674 595.9772 595.8051 595.7205 595.8563 595.6584 594.7787 593.499 592.6143 591.8213 590.9836 590.0261 588.8971 587.5339 586.1215 584.8717 583.8851 583.2285 583.0121 582.9819 583.0604 583.1589 583.0895 583.0159 583.2182 583.8759 585.1062 585.9923 586.5016 586.5392 586.1146 585.3193 584.4613 583.7307 583.2689 583.16 583.3153 583.692 584.2449 584.9094 585.5892 586.2113 586.8818 587.6855 588.4763 589.2604 589.9279
-9999 -9999 -9999 -9999 -9999 -9999 -9999 -9999 -9999 -9999 -9999 -9999 -9999 -9999 -9999 -9999 -9999 -9999 -9999 597.64 596.2866 595.6764 595.4374 595.2377 594.9868 594.824 594.3525 593.4512 592.6362 591.8511 591.0493 590.1664 589.1682 587.9843 586.6578 585.4182 584.3394 583.5448 583.1425 583.0014 583.057 583.1595 583.2174 583.1391 583.0203 583.0458 583.3804 584.0841 585.1171 585.8159 586.002 585.647 585.0149 584.3126 583.6939 583.2709 583.1013 583.1606 583.4337 583.896 584.4897 585.094 585.7343 586.4233 587.3389 588.2598 589.2068 589.9221
-9999 -9999 -9999 -9999 -9999 -9999 -9999 -9999 -9999 -9999 -9999 -9999 -9999 -9999 -9999 -9999 -9999 -9999 598.3752 596.74 595.927 595.4362 595.0889 594.6638 594.0341 593.6188 593.0209 592.5024 591.9913 591.246 590.4117 589.4568 588.397 587.2052 585.9961 584.8383 583.8848 583.2283 582.9921 582.9825 583.1526 583.3085 583.4097 583.3765 583.2437 583.1255 583.1544 583.4023 583.8789 584.6089 584.971 584.8757 584.494 583.9979 583.5251 583.1729 582.9933 582.9915 583.1661 583.5433 584.1096 584.6823 585.3248 586.0715 586.925 587.8806 588.9412 589.722
-9999 -9999 -9999 -9999 -9999 -9999 -9999 -9999 -9999 -9999 -9999 -9999 -9999 -9999 -9999 -9999 -9999 -9999 597.3423 596.4252 595.9177 595.2994 594.6788 593.804 592.95 592.5178 592.1277 591.7515 591.3127 590.6707 589.8685 588.9157 587.7429 586.5117 585.3654 584.3323 583.5488 583.1353 582.9509 582.9912 583.1943 583.5391 583.7755 583.8291 583.7046 583.4792 583.2594 583.1522 583.2341 583.7189 584.0608 584.1074 583.9208 583.6093 583.2789 583.0129 582.8613 582.8417 582.9585 583.2191 583.7223 584.2646 584.8621 585.5446 586.3034 587.2149 588.2567 589.214
-9999 -9999 -9999 -9999 -9999 -9999 -9999 -9999 -9999 -9999 -9999 -9999 -9999 -9999 -9999 -9999 -9999 597.4604 596.6211 596.1867 595.7545 594.9115 593.9649 592.9387 592.3633 591.98 591.5646 591.1764 590.7415 590.1316 589.3054 588.2577 587.0868 585.9403 584.8235 583.8879 583.2296 582.9828 582.9795 583.1787 583.569 584.0201 584.358 584.4989 584.3929 584.0811 583.6884 583.3381 583.1602 583.2898 583.4625 583.5107 583.4207 583.2351 583.0159 582.8302 582.7245 582.726 582.8572 583.1325 583.459 583.8864 584.3988 584.995 585.6472 586.4279 587.3889 588.4517
-9999 -9999 -9999 -9999 -9999 -9999 -9999 -9999 -9999 -9999 -9999 -9999 -9999 -9999 -9999 599.1684 597.397 596.2877 595.9614 595.7767 595.1515 594.1891 593.0785 592.3843 591.9934 591.5483 591.1014 590.6715 590.2284 589.6162 588.7451 587.5382 586.3463 585.2677 584.2935 583.5414 583.1323 582.9662 583.1436 583.5741 584.1293 584.6719 585.0805 585.3117 585.2328 584.8432 584.3109 583.7699 583.3499 583.1597 583.1432 583.1146 583.0472 582.9277 582.7788 582.6486 582.5768 582.5884 582.6976 582.9033 583.1624 583.5147 583.9561 584.4803 585.0585 585.7361 586.522 587.5277
-9999 -9999 -9999 -9999 -9999 -9999 -9999 -9999 -9999 -9999 -9999 -9999 -9999 -9999 599.5541 597.6595 596.1665 595.2839 595.2219 595.0191 594.2867 593.2158 592.4553 591.9318 591.5538 591.1382 590.6765 590.1785 589.703 589.0139 587.9608 586.7064 585.6008 584.6218 583.8036 583.2103 582.959 582.9701 583.3398 584.082 584.7913 585.3815 585.7865 586.1058 586.0637 585.6097 584.9863 584.2913 583.6462 583.1714 583.0208 582.8875 582.8063 582.7062 582.5903 582.4855 582.4266 582.4318 582.5104 582.6604 582.8708 583.1615 583.5452 584.0182 584.5605 585.1641 585.838 586.5577
-9999 -9999 -9999 -9999 -9999 -9999 -9999 -9999 -9999 -9999 -9999 -9999 -9999 600.0433 598.1172 596.5466 595.2184 594.3966 594.5546 594.2785 593.3868 592.6859 592.0921 591.6174 591.2234 590.8053 590.3289 589.778 589.1664 588.301 587.1889 586.0082 584.927 584.059 583.4541 583.1455 583.0203 583.2398 583.959 584.8419 585.5381 586.0713 586.3033 586.5616 586.5364 586.1812 585.5913 584.8206 584.0275 583.3229 583.0026 582.7985 582.6819 582.5696 582.4547 582.3544 582.2895 582.2755 582.3221 582.4295 582.5975 582.8372 583.1641 583.5926 584.1125 584.6801 585.3078 585.9445
-9999 -9999 -9999 -9999 -9999 -9999 -9999 -9999 -9999 -9999 -9999 -9999 600.4894 598.4638 596.895 595.539 594.2603 593.4005 593.5474 593.3305 593.1185 592.4792 591.8717 591.3806 590.958 590.522 590.0028 589.3512 588.5718 587.5852 586.4282 585.2699 584.2629 583.5464 583.161 583.0975 583.2981 583.851 584.8242 585.7385 586.2525 586.6331 586.8246 586.9432 586.866 586.5602 586.062 585.2828 584.4904 583.7716 583.1566 582.8063 582.6259 582.4987 582.3687 582.2642 582.1813 582.139 582.1497 582.2192 582.3467 582.5392 582.8111 583.1743 583.6381 584.1458 584.6733 585.157
-9999 -9999 -9999 -9999 -9999 -9999 -9999 -9999 -9999 -9999 -9999 600.8332 598.6892 597.0988 595.8274 594.6021 593.3563 592.4804 592.5842 592.5552 592.4512 592.0704 591.5634 591.0848 590.6573 590.2082 589.6605 588.9523 587.9698 586.8942 585.7637 584.5912 583.6707 583.1663 583.0714 583.3298 583.9221 584.9187 585.798 586.4529 586.8657 587.1256 587.241 587.2396 587.0713 586.7188 586.1943 585.4857 584.7245 583.8975 583.1841 582.8101 582.6238 582.4821 582.3369 582.2151 582.1146 582.0355 582.0066 582.035 582.1206 582.2644 582.4788 582.7675 583.1038 583.3674 583.8546 584.2806
-9999 -9999 -9999 -9999 -9999 -9999 -9999 -9999 -9999 -9999 601.1212 598.8255 597.1952 596.0071 594.9656 593.835 592.755 592.2174 592.0328 591.9266 591.7945 591.5193 591.1241 590.6887 590.2552 589.7615 589.1212 588.2391 587.1855 586.0841 584.9664 583.9431 583.2274 583.0587 583.3223 583.9691 584.969 585.6624 586.4417 587.032 587.3867 587.5568 587.5846 587.4804 587.211 586.7748 586.1955 585.5007 584.7266 583.8994 583.1824 582.8466 582.6907 582.5347 582.3615 582.2116 582.0799 581.9683 581.901 581.8864 581.9255 582.0178 582.1716 582.3851 582.6226 582.8519 583.1998 583.6511
-9999 -9999 -9999 -9999 -9999 -9999 -9999 -9999 -9999 -9999 599.0123 597.2817 596.1088 595.2527 594.4117 593.3102 592.4011 591.9026 591.6193 591.4192 591.2258 590.9725 590.6304 590.2076 589.7545 589.175 588.3797 587.3885 586.3127 585.229 584.2277 583.478 583.1592 583.3388 584.0261 585.1591 586.1039 586.7292 587.2356 587.6841 587.9297 587.9865 587.9164 587.7254 587.3673 586.8422 586.1976 585.5146 584.7563 583.9552 583.2437 582.9563 582.8139 582.5979 582.3903 582.2142 582.0603 581.9238 581.831 581.78 581.7739 581.8153 581.9154 582.0765 582.2687 582.4861 582.7858 583.1588
-9999 -9999 -9999 -9999 -9999 -9999 -9999 -9999 -9999 599.3984 597.457 596.1966 595.4047 594.7518 594.0625 593.0593 592.2393 591.6677 591.2828 591.0004 590.7491 590.4854 590.1566 589.7321 589.2009 588.493 587.6105 586.5767 585.5527 584.5016 583.616 583.1611 583.2461 583.9561 585.2213 586.4424 587.3888 587.9396 588.2562 588.4695 588.5446 588.4543 588.2946 588.0442 587.6225 587.0274 586.317 585.6661 584.9303 584.182 583.5121 583.1315 582.8652 582.63 582.4169 582.2294 582.062 581.9107 581.7919 581.7136 581.6693 581.6667 581.7225 581.8456 582.0156 582.2229 582.4949 582.8226
