backend/lakes/data/Winefred Lake/wine_dem_tm.asc
ncols         330
nrows         401
xllcorner     773700
yllcorner     6147900
cellsize      50
NODATA_value  -9999
[rows 240 to 269 of 401, columns 204 to 271 of 330]
578.6771 578.7674 578.8433 578.9083 578.9664 579.0278 579.1052 579.2141 579.369 579.5737 579.8434 580.1786 580.691 581.1511 581.6157 581.981 582.3568 582.7301 583.2278 583.84 584.4208 584.8876 585.2695 585.6106 585.8673 586.1422 586.1982 586.202 586.2303 586.4197 586.5054 586.5366 586.554 586.5643 586.5513 586.5181 586.4781 586.4294 586.3495 586.2097 586.2025 586.1959 586.0983 586.0642 586.0426 585.987 585.9458 585.9231 585.9143 585.9138 585.9166 585.9144 585.9168 585.9119 585.9028 585.895 585.8931 585.8975 585.9207 585.9652 586.0209 586.0817 586.1143 586.2002 586.3051 586.3656 586.4865 586.6466
578.5215 578.6045 578.6823 578.7563 578.8301 578.9054 578.9901 579.0952 579.2388 579.4398 579.7141 580.0734 580.3832 580.7571 581.0883 581.4484 581.8039 582.1858 582.6451 583.1716 583.7181 584.2163 584.6483 585.0133 585.3228 585.5933 585.7341 585.8318 585.9626 586.1697 586.2025 586.2019 586.2007 586.2014 586.2029 586.2023 586.201 586.2009 586.1918 586.0734 586.0271 586.0055 585.9506 585.912 585.8793 585.8349 585.7963 585.7705 585.7573 585.7526 585.7532 585.7555 585.7596 585.7615 585.7598 585.7574 585.7606 585.7734 585.8066 585.8569 585.9154 585.9731 586.0229 586.101 586.1964 586.2034 586.3447 586.5021
578.4041 578.4747 578.5494 578.6251 578.706 578.7913 578.8838 578.9912 579.1282 579.3154 579.5591 579.8439 580.1144 580.3933 580.7008 581.0013 581.3397 581.7246 582.174 582.6624 583.1586 583.6335 584.0504 584.3942 584.7141 585.0028 585.2213 585.3997 585.5767 585.7541 585.8262 585.8511 585.8619 585.8721 585.8864 585.9052 585.9246 585.9392 585.9344 585.8745 585.8346 585.8098 585.776 585.7438 585.7109 585.6735 585.6393 585.6132 585.5976 585.5901 585.5885 585.5927 585.6007 585.6107 585.6195 585.6272 585.6393 585.6625 585.7001 585.7504 585.8071 585.8653 585.9189 585.9803 586.0557 586.1965 586.2834 586.4016
578.3269 578.3844 578.4521 578.5264 578.6068 578.6957 578.7908 578.8981 579.0273 579.1919 579.4 579.6323 579.8647 580.1116 580.3674 580.646 580.9723 581.3463 581.7693 582.2364 582.7108 583.1535 583.5236 583.7899 584.1095 584.425 584.6967 584.9283 585.1326 585.307 585.4172 585.4791 585.5178 585.5502 585.5835 585.6164 585.6448 585.6632 585.6631 585.6378 585.6162 585.6017 585.5844 585.5635 585.5385 585.5092 585.4799 585.4556 585.4398 585.4319 585.4297 585.4346 585.4473 585.4644 585.4838 585.5032 585.5258 585.5573 585.5994 585.648 585.7037 585.763 585.8245 585.8921 585.9785 586.1005 586.1994 586.2971
578.2817 578.3304 578.3907 578.4611 578.5387 578.625 578.7179 578.8197 578.9381 579.0829 579.258 579.458 579.6653 579.8815 580.1088 580.3502 580.667 581.0286 581.4312 581.8652 582.3127 582.7397 583.0932 583.2371 583.5664 583.9067 584.2071 584.4628 584.6793 584.8628 585.0033 585.1024 585.172 585.2286 585.2828 585.3322 585.3694 585.3895 585.3947 585.3889 585.3851 585.385 585.3832 585.376 585.3622 585.3428 585.3204 585.2996 585.2858 585.2797 585.2791 585.2859 585.3027 585.3269 585.3549 585.3854 585.4177 585.4562 585.5016 585.5518 585.6086 585.6722 585.741 585.8185 585.9086 586.0111 586.1096 586.2021
578.2537 578.3026 578.3585 578.4241 578.4987 578.5791 578.6683 578.7617 578.8679 578.9947 579.1481 579.324 579.5159 579.7174 579.9216 580.1282 580.4333 580.7629 581.1271 581.5254 581.937 582.3252 582.6483 582.8685 583.1636 583.4895 583.7881 584.0419 584.2523 584.4385 584.6011 584.7322 584.8323 584.9122 584.9849 585.0498 585.0985 585.123 585.1334 585.1404 585.1515 585.1665 585.1801 585.187 585.1857 585.177 585.1631 585.1479 585.1375 585.134 585.1366 585.1472 585.1683 585.1992 585.2349 585.2736 585.3149 585.3597 585.4094 585.464 585.5252 585.5948 585.6719 585.7589 585.8582 585.9667 586.0811 586.2
578.2296 578.286 578.3443 578.4084 578.4791 578.5555 578.6373 578.726 578.821 578.9329 579.0693 579.2313 579.4132 579.6163 579.8434 580.0964 580.2955 580.5455 580.8514 581.2108 581.5939 581.9623 582.2833 582.5573 582.8516 583.1594 583.443 583.6802 583.863 584.045 584.223 584.3805 584.5068 584.6069 584.694 584.7716 584.8322 584.8619 584.8791 584.8967 584.9211 584.9505 584.9789 585.0001 585.0113 585.0137 585.0092 585.0015 584.9956 584.996 585.0027 585.018 585.0443 585.0807 585.1241 585.1692 585.2167 585.2676 585.3234 585.3838 585.4523 585.5307 585.6144 585.7086 585.8153 585.9336 586.0627 586.1984
578.2042 578.2704 578.3358 578.4041 578.4737 578.5473 578.6226 578.7062 578.7952 578.897 579.0193 579.167 579.3367 579.5245 579.7288 579.9363 580.1113 580.3213 580.585 580.9193 581.2891 581.6521 581.9845 582.2874 582.5883 582.8871 583.1608 583.3811 583.5079 583.6874 583.8792 584.0557 584.2014 584.3164 584.4131 584.4972 584.5631 584.6041 584.632 584.6607 584.6974 584.7401 584.7825 584.8171 584.8399 584.853 584.8586 584.8594 584.8597 584.865 584.8772 584.8981 584.9299 584.9717 585.0201 585.072 585.1251 585.1824 585.2448 585.3115 585.386 585.4758 585.5648 585.6634 585.7736 585.8923 586.0129 586.1227
578.1807 578.2528 578.3264 578.4006 578.4756 578.5469 578.6216 578.6968 578.7847 578.8802 578.9927 579.1259 579.2783 579.4434 579.6151 579.7833 579.937 580.1096 580.3307 580.6584 581.0284 581.3937 581.7338 582.0499 582.3542 582.6476 582.9185 583.1387 583.1797 583.3779 583.5847 583.77 583.9237 584.0454 584.147 584.2353 584.3068 584.358 584.3972 584.437 584.4849 584.5392 584.5934 584.6398 584.6733 584.6959 584.7111 584.7205 584.7283 584.7396 584.7584 584.786 584.824 584.8706 584.9218 584.9794 585.0386 585.1047 585.1741 585.2479 585.3289 585.4208 585.5168 585.6206 585.7341 585.8539 585.975 586.0914
578.1663 578.2376 578.315 578.3956 578.4756 578.5531 578.6243 578.7006 578.7804 578.8759 578.9825 579.1041 579.2401 579.384 579.5297 579.6722 579.8082 579.9503 580.1253 580.4592 580.8243 581.1847 581.5234 581.8381 582.1346 582.4122 582.6564 582.8457 582.9555 583.1569 583.3535 583.5315 583.68 583.7969 583.8989 583.9911 584.0688 584.1295 584.1795 584.2296 584.2875 584.3513 584.4146 584.4706 584.5133 584.5443 584.5675 584.5851 584.6006 584.6189 584.6452 584.6798 584.7238 584.7752 584.8261 584.8848 584.9557 585.0346 585.113 585.193 585.2771 585.3707 585.4713 585.5797 585.6965 585.8192 585.9445 586.0718
578.1637 578.2304 578.3064 578.3893 578.4747 578.5564 578.6335 578.7057 578.7865 578.8757 578.9804 579.0961 579.2209 579.351 579.4821 579.6155 579.7543 579.9111 580.1082 580.3756 580.6905 581.0216 581.3452 581.6498 581.9329 582.1945 582.4226 582.6096 582.7729 582.9672 583.1599 583.3317 583.4706 583.5698 583.6693 583.7671 583.8525 583.9222 583.9821 584.0413 584.1075 584.1789 584.2489 584.3114 584.3616 584.4001 584.4301 584.4547 584.4775 584.5034 584.5376 584.5788 584.6267 584.6804 584.7389 584.8102 584.8859 584.9751 585.0593 585.145 585.2325 585.3253 585.4279 585.5394 585.6589 585.7828 585.9071 586.0267
578.1696 578.2316 578.3037 578.385 578.4724 578.5593 578.6396 578.7171 578.7935 578.8818 578.9818 579.0939 579.2134 579.3372 579.4636 579.5962 579.7432 579.9131 580.1103 580.3206 580.5871 580.8857 581.1896 581.4802 581.751 582.0044 582.2277 582.4244 582.6102 582.802 582.9903 583.1602 583.2958 583.36 583.4596 583.5667 583.6609 583.7379 583.8055 583.8727 583.9457 584.0226 584.0969 584.1636 584.2185 584.2633 584.2994 584.3304 584.3604 584.3945 584.4368 584.4856 584.5382 584.5961 584.6612 584.7494 584.8299 584.9193 585.0087 585.1 585.1927 585.2867 585.3879 585.499 585.62 585.7458 585.8718 585.9938
578.178 578.237 578.3057 578.3835 578.4702 578.5594 578.6453 578.7249 578.8051 578.8885 578.9852 579.0939 579.2104 579.3312 579.4567 579.5901 579.7395 579.9124 580.1053 580.246 580.4826 580.7628 581.0502 581.3275 581.5861 581.8386 582.0586 582.2625 582.4587 582.6509 582.8352 583.0051 583.1544 583.1649 583.2798 583.3977 583.4971 583.5757 583.6477 583.7217 583.8005 583.8817 583.9594 584.0284 584.0858 584.135 584.1768 584.213 584.2495 584.2923 584.3441 584.4008 584.4607 584.5258 584.5986 584.6852 584.7727 584.8668 584.9628 585.0569 585.1536 585.2524 585.3526 585.4614 585.5808 585.7075 585.837 585.9664
578.1866 578.2423 578.3087 578.3837 578.4678 578.5576 578.6464 578.7311 578.8122 578.8972 578.989 579.093 579.2068 579.3256 579.4491 579.5792 579.7185 579.8646 580.0033 580.1174 580.3755 580.653 580.928 581.1945 581.4429 581.6805 581.9003 582.1093 582.3119 582.5038 582.6823 582.8445 582.978 583.0487 583.1596 583.2697 583.363 583.4313 583.5041 583.5842 583.6693 583.7548 583.8351 583.9054 583.9648 584.0164 584.063 584.1038 584.1456 584.1958 584.2573 584.3203 584.3902 584.4636 584.5425 584.6279 584.72 584.8162 584.918 585.019 585.1158 585.2152 585.3204 585.4281 585.5435 585.6676 585.7963 585.9283
578.1967 578.2469 578.3098 578.3824 578.4639 578.553 578.6432 578.7313 578.8157 578.9011 578.9916 579.0908 579.2003 579.3171 579.4386 579.5656 579.698 579.8336 579.9675 580.11 580.3303 580.5717 580.8217 581.073 581.3105 581.5356 581.7513 581.9609 582.1687 582.3572 582.5293 582.6854 582.8198 582.9284 583.0465 583.1601 583.2523 583.2958 583.3705 583.4583 583.5496 583.6392 583.7227 583.7928 583.8534 583.9069 583.9576 584.0032 584.0498 584.1032 584.1652 584.2402 584.323 584.4064 584.4907 584.579 584.6707 584.7721 584.8745 584.9784 585.0813 585.1813 585.285 585.3953 585.5099 585.6285 585.7491 585.8672
578.2092 578.2522 578.3099 578.3787 578.4575 578.5446 578.6365 578.7256 578.8136 578.8994 578.9899 579.0862 579.1912 579.3052 579.425 579.5505 579.6821 579.8195 579.9612 580.1105 580.2822 580.4881 580.717 580.952 581.1824 581.4 581.6123 581.8162 582.0295 582.2109 582.3768 582.5298 582.6699 582.7988 582.9291 583.0551 583.1578 583.1619 583.2497 583.3458 583.4404 583.5319 583.6179 583.6865 583.7495 583.8064 583.8594 583.9108 583.9655 584.0259 584.0939 584.1741 584.2604 584.352 584.4415 584.5338 584.6299 584.7291 584.8353 584.9406 585.0434 585.1467 585.2529 585.363 585.4772 585.5948 585.7108 585.8229
578.2242 578.2589 578.3102 578.374 578.4485 578.5333 578.6242 578.7168 578.8046 578.8936 578.9822 579.078 579.1801 579.29 579.4082 579.5328 579.6647 579.8049 579.9539 580.1078 580.2167 580.3909 580.6046 580.8315 581.0561 581.2706 581.4857 581.6866 581.884 582.061 582.2231 582.3752 582.5193 582.6574 582.7925 582.9183 583.0184 583.072 583.1597 583.2515 583.3409 583.4266 583.5048 583.5796 583.6499 583.7139 583.7675 583.825 583.8922 583.9606 584.0348 584.1165 584.2069 584.2991 584.3944 584.4888 584.5885 584.6931 584.7976 584.9031 585.0078 585.1121 585.2198 585.333 585.4492 585.5677 585.6844 585.7981
578.2407 578.267 578.3113 578.3695 578.4391 578.5197 578.6096 578.702 578.7938 578.8814 578.9722 579.0653 579.166 579.2734 579.3884 579.5109 579.6394 579.7735 579.908 580.028 580.1131 580.2828 580.4902 580.7144 580.937 581.1529 581.3619 581.558 581.744 581.9149 582.0735 582.2242 582.3694 582.5101 582.6465 582.7734 582.8817 582.9685 583.0635 583.1599 583.2487 583.3314 583.408 583.4836 583.5565 583.6211 583.6816 583.7455 583.8299 583.9033 583.9816 584.0663 584.1569 584.2528 584.3479 584.4465 584.5477 584.6543 584.7627 584.8684 584.9727 585.0789 585.1893 585.3059 585.4271 585.5484 585.6677 585.786
578.2616 578.2778 578.314 578.366 578.4302 578.5058 578.5923 578.6853 578.7778 578.869 578.9581 579.0514 579.1497 579.2551 579.3673 579.4865 579.6107 579.7386 579.8668 579.9904 580.1082 580.2097 580.3896 580.6053 580.8208 581.0373 581.2437 581.4346 581.6128 581.7783 581.9331 582.0812 582.2251 582.3654 582.5017 582.6311 582.7493 582.8561 582.9615 583.0647 583.1599 583.2433 583.3208 583.4022 583.4794 583.5487 583.615 583.6858 583.7681 583.8481 583.9288 584.0176 584.1112 584.2072 584.3053 584.4044 584.5085 584.6172 584.7267 584.8335 584.9381 585.0455 585.1588 585.2799 585.4073 585.5321 585.6549 585.7778
578.2891 578.2949 578.3212 578.3654 578.4235 578.4935 578.5748 578.6655 578.76 578.8525 578.9439 579.0358 579.1327 579.2362 579.3458 579.4614 579.5815 579.7036 579.8239 579.9367 580.0338 580.1125 580.2915 580.4968 580.7076 580.9178 581.1251 581.3169 581.4916 581.6533 581.8051 581.9501 582.0913 582.2296 582.3649 582.4963 582.6222 582.7418 582.8579 582.9686 583.0707 583.1598 583.2379 583.3321 583.4142 583.4869 583.5557 583.6288 583.7095 583.7925 583.879 583.9688 584.0656 584.1644 584.2631 584.3642 584.4701 584.5803 584.691 584.7985 584.9032 585.0112 585.1263 585.2509 585.3836 585.5137 585.6399 585.7645
578.3235 578.3198 578.3356 578.3707 578.4213 578.4849 578.5602 578.6462 578.7397 578.8347 578.9276 579.0204 579.1161 579.2174 579.3251 579.438 579.5549 579.673 579.7902 579.9022 580.0074 580.1099 580.2407 580.411 580.6037 580.8062 581.0067 581.1984 581.3754 581.5378 581.6891 581.8322 581.9706 582.1064 582.24 582.3723 582.5029 582.6311 582.7566 582.877 582.9878 583.0837 583.1609 583.2626 583.3546 583.4259 583.4962 583.5711 583.6527 583.7383 583.8273 583.9216 584.0198 584.121 584.222 584.3245 584.4323 584.5447 584.6563 584.7633 584.8676 584.9753 585.0935 585.2236 585.3607 585.4944 585.6211 585.7417
578.3632 578.3517 578.3579 578.3834 578.4257 578.4819 578.5507 578.6307 578.7206 578.8154 578.9103 579.0043 579.0999 579.2001 579.3058 579.4166 579.5313 579.6478 579.7638 579.8789 579.9934 580.1089 580.1904 580.3325 580.5088 580.7003 580.8953 581.0842 581.2616 581.4262 581.5797 581.7238 581.8613 581.9954 582.1277 582.2603 582.3933 582.5269 582.66 582.791 582.9185 583.0411 583.1589 583.2359 583.3005 583.3607 583.4312 583.51 583.5956 583.6844 583.7777 583.8742 583.9753 584.0776 584.1797 584.2836 584.3935 584.5083 584.6221 584.7294 584.8328 584.9406 585.0611 585.1962 585.3385 585.476 585.6018 585.7175
578.4077 578.3893 578.3871 578.4032 578.437 578.4855 578.5473 578.6211 578.7057 578.7981 578.8931 578.9882 579.0841 579.1836 579.2882 579.3976 579.5103 579.6251 579.7393 579.8506 579.9556 580.046 580.1115 580.2556 580.4233 580.6041 580.7909 580.9757 581.153 581.3198 581.4761 581.6228 581.7612 581.8947 582.0267 582.1593 582.2939 582.4302 582.5676 582.7046 582.8408 582.9697 583.0829 583.1602 583.2274 583.2901 583.3615 583.4454 583.5397 583.6335 583.7292 583.8282 583.9309 584.0347 584.1375 584.242 584.3531 584.4706 584.5867 584.6956 584.7994 584.908 585.0307 585.17 585.3174 585.4591 585.5854 585.6979
578.4561 578.4316 578.4219 578.4291 578.4545 578.4951 578.5497 578.6174 578.6962 578.7844 578.8778 578.9728 579.069 579.1681 579.272 579.3804 579.4919 579.6049 579.7173 579.8265 579.9294 580.0234 580.11 580.2175 580.3567 580.5198 580.6956 580.8745 581.0498 581.2178 581.3767 581.5266 581.6677 581.8026 581.9352 582.0684 582.2043 582.3422 582.4813 582.6202 582.7606 582.8912 583.0037 583.089 583.1599 583.2189 583.2996 583.3901 583.4874 583.5852 583.6829 583.7827 583.8867 583.9917 584.0953 584.2001 584.3118 584.4313 584.5505 584.6616 584.767 584.8769 585.0023 585.1456 585.2979 585.4441 585.5728 585.6846
578.5063 578.4773 578.4611 578.4606 578.4773 578.5101 578.5571 578.6183 578.6919 578.7755 578.8659 578.9594 579.0551 579.1536 579.2568 579.3644 579.475 579.5866 579.6973 579.8054 579.9095 580.0106 580.1094 580.1771 580.2927 580.4417 580.6082 580.7811 580.9534 581.121 581.2813 581.4334 581.5779 581.7159 581.8508 581.9858 582.123 582.2628 582.4041 582.5455 582.686 582.8179 582.9335 583.0273 583.1011 583.1604 583.2515 583.3457 583.4425 583.5409 583.6392 583.7388 583.8426 583.9486 584.053 584.1577 584.2692 584.39 584.5126 584.6273 584.7351 584.847 584.9751 585.1223 585.2793 585.4301 585.5629 585.6763
578.5573 578.5246 578.5031 578.4957 578.5049 578.5301 578.5697 578.6237 578.6918 578.7706 578.8574 578.9487 579.0427 579.1404 579.2424 579.3494 579.4587 579.569 579.6774 579.7824 579.8825 579.9753 580.0552 580.1109 580.2239 580.3674 580.5291 580.6973 580.8658 581.0313 581.1914 581.3445 581.4913 581.6331 581.7715 581.9094 582.0487 582.1902 582.3333 582.4763 582.6173 582.7518 582.8752 582.9836 583.0781 583.16 583.2339 583.3158 583.4049 583.5004 583.5982 583.6969 583.7996 583.9058 584.011 584.1157 584.2263 584.3472 584.4725 584.592 584.7037 584.8184 584.949 585.0992 585.2603 585.4158 585.5533 585.6708
578.6085 578.5724 578.5466 578.5334 578.5358 578.5538 578.5867 578.6333 578.6951 578.7693 578.8522 578.9407 579.0327 579.1284 579.2294 579.3346 579.4431 579.5514 579.6572 579.7586 579.8544 579.9441 580.0281 580.1093 580.1774 580.3051 580.4612 580.6255 580.7897 580.9517 581.1092 581.2619 581.4095 581.5541 581.6965 581.8379 581.9796 582.1226 582.2668 582.4105 582.5525 582.6901 582.8211 582.9441 583.058 583.1595 583.2101 583.2831 583.3693 583.4626 583.5597 583.6576 583.7585 583.8639 583.97 584.075 584.1846 584.3044 584.4312 584.5552 584.6721 584.7902 584.9232 585.0757 585.24 585.4005 585.5433 585.6663
578.6595 578.6206 578.5909 578.5725 578.5685 578.5801 578.6063 578.6469 578.7017 578.771 578.8501 578.9352 579.025 579.1187 579.2172 579.3209 579.4274 579.5341 579.6372 579.7347 579.8259 579.91 579.9863 580.0529 580.111 580.2489 580.4059 580.5664 580.7258 580.8833 581.0372 581.1872 581.3347 581.4806 581.626 581.7704 581.9146 582.059 582.2034 582.3472 582.4891 582.6288 582.7645 582.8937 583.0114 583.1058 583.1604 583.247 583.3362 583.4282 583.5238 583.621 583.7202 583.8237 583.9299 584.0359 584.1453 584.2638 584.3904 584.5178 584.6403 584.763 584.8982 585.0522 585.2188 585.3839 585.5338 585.6633
578.7108 578.6688 578.6357 578.6127 578.6029 578.6083 578.6284 578.663 578.7119 578.7751 578.8503 578.9323 579.019 579.1107 579.2065 579.3076 579.412 579.5164 579.6176 579.7125 579.8005 579.8826 579.9587 580.0306 580.1099 580.2306 580.3713 580.5204 580.6727 580.8251 580.975 581.1218 581.2673 581.4139 581.5607 581.7074 581.8534 581.9985 582.1425 582.285 582.4266 582.5664 582.7047 582.839 582.9647 583.0743 583.16 583.2336 583.3134 583.4001 583.4919 583.5874 583.6854 583.7868 583.8917 583.9987 584.1087 584.2266 584.3527 584.4821 584.6093 584.7368 584.8746 585.0297 585.1979 585.3672 585.525 585.6643
578.7625 578.7173 578.6805 578.6536 578.6387 578.6381 578.6524 578.681 578.7244 578.7818 578.8522 578.9313 579.0154 579.1039 579.1976 579.2954 579.3967 579.4987 579.5981 579.692 579.7798 579.863 579.9435 580.0236 580.1101 580.2214 580.3445 580.4803 580.6252 580.7736 580.9207 581.0647 581.2084 581.3539 581.5015 581.6489 581.7957 581.9409 582.0839 582.2249 582.3646 582.5043 582.6432 582.7805 582.9142 583.042 583.1589 583.2147 583.2896 583.3751 583.465 583.5581 583.6548 583.7547 583.858 583.9645 584.0753 584.1932 584.3195 584.4501 584.5808 584.7126 584.853 585.0087 585.1782 585.3517 585.5187 585.6704
