backend/lakes/data/Winefred Lake/wine_dem_tm.asc
ncols         330
nrows         401
xllcorner     773700
yllcorner     6147900
cellsize      50
NODATA_value  -9999
[rows 330 to 359 of 401, columns 136 to 203 of 330]
591.3145 590.5502 590.0605 589.742 589.348 589.2603 589.2663 589.2745 589.2675 589.2584 589.2938 589.4679 589.8523 590.2056 590.2398 589.97 590.1883 590.3806 591.0351 591.3921 592.0289 593.3923 594.7214 595.8361 596.7733 597.6191 598.2095 598.0355 596.9152 595.3358 593.6685 592.3468 591.6411 591.2255 590.9445 590.7151 590.4934 590.2677 590.0397 589.8226 589.625 589.4366 589.2303 588.8619 588.4705 588.0944 587.7503 587.4382 587.155 586.8981 586.6594 586.4243 586.1992 585.9843 585.7259 585.4196 585.0803 584.7347 584.3969 584.0728 583.7684 583.4948 583.2776 583.1559 582.9764 582.8058 582.6499 582.5037
591.5596 590.9093 590.4943 590.2074 589.9807 589.9799 590.0582 590.082 590.021 589.6152 589.8944 589.884 590.425 591.1304 591.4392 591.2585 591.4564 590.8923 590.9067 591.242 592.2744 593.5253 594.6096 595.7664 597.3351 599.0391 600.3024 600.4521 599.1092 596.899 594.5596 592.7108 591.6795 591.1078 590.7582 590.4984 590.2698 590.0485 589.8317 589.6272 589.4443 589.2515 589.0274 588.6968 588.3274 587.9613 587.6213 587.3162 587.0419 586.7969 586.5801 586.3853 586.1995 585.9439 585.6587 585.34 584.9951 584.652 584.3185 583.999 583.6971 583.4155 583.1659 583.0507 582.9122 582.7657 582.624 582.4908
591.8873 591.3307 590.9729 590.7343 590.6317 590.7719 590.9661 591.0089 590.8801 589.9719 590.671 590.2675 590.9288 591.908 592.2786 591.7589 591.2688 591.0755 591.0559 591.4437 592.2823 593.2146 594.1754 595.4935 597.4661 599.7964 601.7661 602.4515 601.1774 598.5781 595.6256 593.2257 591.8795 591.1389 590.6976 590.3829 590.1172 589.8745 589.6434 589.4258 589.248 589.0421 588.7993 588.4966 588.1584 587.8161 587.4919 587.199 586.9364 586.7014 586.4945 586.3225 586.1923 585.9229 585.6144 585.2772 584.9211 584.5828 584.2554 583.9446 583.6565 583.3958 583.1599 583.0048 582.8668 582.7339 582.6049 582.485
592.2648 591.8058 591.5315 591.3024 591.2244 591.488 591.8002 591.8456 591.6835 590.3287 591.5975 590.6156 591.1278 591.932 591.3239 591.9078 591.9241 591.843 591.6356 591.6781 592.061 592.7587 593.6149 594.9557 597.0603 599.6602 602.0348 603.1335 602.3239 599.6588 596.3847 593.6556 592.1151 591.2643 590.7469 590.3679 590.049 589.7684 589.5125 589.2592 589.0701 588.8455 588.5874 588.2972 587.9872 587.6714 587.3686 587.0908 586.8423 586.6161 586.4045 586.205 586.0745 585.8473 585.5552 585.2242 584.8752 584.5354 584.2103 583.9053 583.6261 583.3768 583.1599 582.9899 582.8479 582.7198 582.6025 582.4911
592.4139 592.3008 592.201 591.9236 591.7681 591.9667 592.2227 592.1744 592.1528 590.6855 591.3461 591.0085 591.0527 591.1817 591.68 592.0617 592.1658 592.1313 591.9865 591.7963 591.8438 592.1783 -9999 -9999 -9999 598.696 601.217 602.8165 602.4529 599.9218 596.6152 593.8278 592.2803 591.4346 590.8825 590.4362 590.048 589.7269 589.4762 589.249 588.9797 588.6934 588.4049 588.1172 587.8281 587.5355 587.255 586.9969 586.7655 586.5588 586.3726 586.1994 586.021 585.7816 585.493 585.1705 584.8322 584.4979 584.1776 583.8779 583.6049 583.3641 583.1597 582.9899 582.8491 582.7268 582.6158 582.5157
593.0502 593.0344 592.9642 592.6025 592.2674 592.0482 591.364 591.0714 591.0423 591.2051 591.7585 591.9009 591.9208 591.9034 592.0759 592.2068 592.209 592.1405 591.9934 591.7565 -9999 -9999 -9999 -9999 -9999 -9999 599.7144 601.34 601.3508 599.1946 596.1761 593.6146 592.3124 591.6298 591.0861 590.5576 590.0662 589.6749 589.4249 589.2268 588.8846 588.5482 588.2386 587.9546 587.6861 587.4122 587.1522 586.9142 586.7009 586.5114 586.3492 586.2004 585.9956 585.735 585.4375 585.1179 584.79 584.4669 584.1566 583.8641 583.5951 583.3573 583.1596 582.9988 582.8676 582.752 582.6487 582.5541
593.7543 593.881 593.8269 593.4312 593.0672 592.7185 592.0569 591.8101 591.8096 592.043 592.6428 592.8643 592.8374 592.6169 592.4993 592.3427 592.1453 591.9957 -9999 -9999 -9999 -9999 -9999 -9999 -9999 -9999 598.1508 599.4603 599.515 597.7847 595.248 593.1044 592.2678 591.8867 591.3502 590.7014 590.0562 589.5347 589.2412 588.9905 588.6831 588.3706 588.077 587.8068 587.5536 587.3038 587.0641 586.8414 586.6399 586.4551 586.3042 586.1946 585.9631 585.6893 585.3878 585.0742 584.7592 584.452 584.1566 583.8743 583.6066 583.3624 583.1591 583.0178 582.903 582.7953 582.697 582.6091
594.0831 594.4061 594.4207 594.1071 593.8611 593.4359 592.9681 592.8195 592.8621 593.0516 593.3293 593.3951 593.2611 593.0085 592.7847 592.4147 592.0198 -9999 -9999 -9999 -9999 -9999 -9999 -9999 -9999 -9999 596.9749 597.7665 597.7015 596.4198 594.4115 592.6688 592.2351 592.2202 591.6268 590.8345 590.0188 589.3249 588.9854 588.7313 588.4688 588.2006 587.9424 587.698 587.4634 587.2324 587.0056 586.7878 586.5826 586.387 586.2036 586.0822 585.88 585.6259 585.3429 585.0466 584.7527 584.4705 584.1969 583.9302 583.6627 583.4014 583.1649 583.06 582.9606 582.8561 582.7611 582.6796
594.5149 594.9447 594.9709 594.6973 594.4584 594.0358 593.619 593.5173 593.723 594.0273 593.9846 593.7692 593.4493 -9999 -9999 -9999 -9999 -9999 -9999 -9999 -9999 -9999 -9999 -9999 -9999 -9999 -9999 596.6039 596.4318 595.6983 594.0957 592.5568 592.2131 592.2828 591.7424 590.9133 590.0265 589.2737 588.8469 588.5646 588.3231 588.0896 587.8656 587.6504 587.4368 587.2189 586.9968 586.7762 586.5658 586.3732 586.1989 586.0283 585.82 585.579 585.3173 585.0488 584.7873 584.5444 584.303 584.0605 583.7972 583.5259 583.2882 583.1567 583.0371 582.9286 582.8379 582.7664
594.8394 595.2208 595.2586 595.0522 594.9506 594.5472 594.031 593.9763 594.4868 -9999 -9999 -9999 -9999 -9999 -9999 -9999 -9999 -9999 -9999 -9999 -9999 -9999 -9999 -9999 -9999 -9999 -9999 596.1423 596.0685 595.6625 594.3232 592.8464 592.2493 592.2854 591.7676 590.9367 590.0358 589.2687 588.8043 588.5063 588.2766 588.0641 587.8663 587.6789 587.4863 587.2782 587.0533 586.8193 586.5895 586.3795 586.1981 586.016 585.8064 585.5789 585.3385 585.1024 584.8834 584.7002 584.51 584.2908 584.0248 583.7233 583.4214 583.1683 583.052 583.0042 582.9269 582.8713
-9999 -9999 -9999 -9999 -9999 -9999 -9999 -9999 -9999 -9999 -9999 -9999 -9999 -9999 -9999 -9999 -9999 -9999 -9999 -9999 -9999 -9999 -9999 -9999 -9999 -9999 -9999 -9999 596.0065 595.8263 594.7043 593.2059 592.1769 592.276 591.7444 590.9094 590.0192 589.2697 588.8256 588.541 588.3258 588.125 587.948 587.7871 587.6173 587.4188 587.1883 586.9338 586.6722 586.423 586.2038 586.0522 585.853 585.6517 585.4327 585.2356 585.0779 584.9531 584.8175 584.6284 584.3601 584.0312 583.6847 583.3745 583.1718 583.1536 583.0405 583.0004
-9999 -9999 -9999 -9999 -9999 -9999 -9999 -9999 -9999 -9999 -9999 -9999 -9999 -9999 -9999 -9999 -9999 -9999 -9999 -9999 -9999 -9999 -9999 -9999 -9999 -9999 -9999 -9999 596.3027 596.1255 595.0535 593.4504 592.244 592.2508 591.6561 590.8222 589.9701 589.2715 588.8987 588.6428 588.4288 588.2489 588.1014 587.9714 587.8297 587.6466 587.4142 587.143 586.8546 586.5748 586.3376 586.1848 585.9797 585.827 585.6152 585.4514 585.3542 585.2942 585.2191 585.0685 584.7953 584.4417 584.0664 583.7266 583.4738 583.3274 583.1708 583.1599
-9999 -9999 -9999 -9999 -9999 -9999 -9999 -9999 -9999 -9999 -9999 -9999 -9999 -9999 -9999 -9999 -9999 -9999 -9999 -9999 -9999 -9999 -9999 -9999 -9999 -9999 -9999 -9999 596.9125 596.6896 595.4134 593.6665 592.3416 592.1333 591.4647 590.672 589.9092 589.2974 589.0232 588.7884 588.5873 588.427 588.3115 588.2211 588.1188 587.962 587.7406 587.4683 587.1689 586.8613 586.5562 586.2744 586.2085 586.1507 585.9032 585.7621 585.7183 585.714 585.6955 585.5894 585.2964 584.9108 584.5125 584.1532 583.8659 583.6542 583.4827 583.3932
-9999 -9999 -9999 -9999 -9999 -9999 -9999 -9999 -9999 -9999 -9999 -9999 -9999 -9999 -9999 -9999 -9999 -9999 -9999 -9999 -9999 -9999 -9999 -9999 -9999 -9999 -9999 -9999 597.7209 597.2734 595.8447 593.9441 592.4473 591.8098 591.1615 590.4865 589.8784 589.4368 589.2308 588.981 588.7921 588.6447 588.5566 588.5153 588.472 588.3574 588.1688 587.9285 587.6667 587.4021 587.1462 586.9253 586.8056 586.6429 586.3403 586.2189 586.1931 586.1964 586.1982 586.1332 585.796 585.3812 584.9681 584.6009 584.2992 584.058 583.8611 583.7102
-9999 -9999 -9999 -9999 -9999 -9999 -9999 -9999 -9999 -9999 -9999 -9999 -9999 -9999 -9999 -9999 -9999 -9999 -9999 -9999 -9999 -9999 -9999 -9999 -9999 -9999 -9999 597.8484 598.3802 597.8981 596.365 594.3379 592.6407 591.686 590.9578 590.3342 589.8271 589.4686 589.2535 589.1101 589.0064 588.8749 588.8107 588.8208 588.861 588.8047 588.6803 588.5214 588.3612 588.2159 588.0818 587.957 587.8285 587.6034 587.251 586.9868 586.8185 586.7159 586.6364 586.4999 586.1966 585.8015 585.3976 585.0362 584.7341 584.4807 584.2603 584.0657
-9999 -9999 -9999 -9999 -9999 -9999 -9999 -9999 -9999 -9999 -9999 -9999 -9999 -9999 -9999 -9999 -9999 -9999 -9999 -9999 -9999 -9999 -9999 -9999 -9999 -9999 -9999 598.4935 598.9755 598.4875 596.8778 594.7599 592.9464 591.7434 590.8859 590.2504 589.7966 589.5025 589.3354 589.2516 589.2394 589.0919 589.0414 589.0871 589.2286 589.2383 589.2271 589.2256 589.2558 589.3152 589.3715 589.3798 589.2817 588.9901 588.4712 587.993 587.6018 587.3215 587.1129 586.8931 586.5854 586.2035 585.8051 585.4482 585.1487 584.8864 584.6427 584.4091
-9999 -9999 -9999 -9999 -9999 -9999 -9999 -9999 -9999 -9999 -9999 -9999 -9999 -9999 -9999 -9999 -9999 -9999 -9999 -9999 -9999 -9999 -9999 -9999 -9999 -9999 -9999 598.9724 599.2924 598.699 597.1643 595.0072 593.1792 591.8311 590.8729 590.2167 589.8015 589.567 589.4547 589.4017 589.366 589.2579 589.2451 589.2588 589.3978 589.5281 589.7211 590.0095 590.3785 590.7688 591.0952 591.2668 591.1792 590.7416 589.9681 589.2252 588.5464 588.047 587.6918 587.3817 587.0416 586.6474 586.221 585.8444 585.5339 585.2523 584.9769 584.6967
-9999 -9999 -9999 -9999 -9999 -9999 -9999 -9999 -9999 -9999 -9999 -9999 -9999 -9999 -9999 -9999 -9999 -9999 -9999 -9999 -9999 -9999 -9999 -9999 -9999 -9999 -9999 599.3063 599.4484 598.7228 597.14 594.9917 593.1982 591.823 590.8401 590.199 589.8423 589.6792 589.6302 589.6335 589.6304 589.584 589.5646 589.5802 589.7017 589.9376 590.3658 591.0021 591.7772 592.5664 593.217 593.5812 593.5096 592.9211 591.8657 590.7291 589.6791 588.9222 588.4094 587.9921 587.5945 587.1685 586.7 586.244 585.8861 585.5571 585.2327 584.891
-9999 -9999 -9999 -9999 -9999 -9999 -9999 -9999 -9999 -9999 -9999 -9999 -9999 -9999 -9999 -9999 -9999 -9999 -9999 -9999 -9999 -9999 -9999 -9999 -9999 -9999 -9999 599.5005 599.4417 598.5575 596.8021 594.6871 593.0035 591.6959 590.7628 590.1831 589.9266 589.8627 589.9141 590.0129 590.0889 590.1049 590.099 590.1204 590.2581 590.6177 591.3097 592.3245 593.5319 594.7372 595.7323 596.2948 596.1843 595.3097 593.9264 592.4281 591.0862 589.9967 589.2932 588.7141 588.2183 587.7338 587.1992 586.6755 586.1794 585.7599 585.3625 584.9883
-9999 -9999 -9999 -9999 -9999 -9999 -9999 -9999 -9999 -9999 -9999 -9999 -9999 -9999 -9999 -9999 -9999 -9999 -9999 -9999 -9999 -9999 -9999 -9999 -9999 -9999 598.9509 599.4773 599.2067 598.0951 596.2538 594.2454 592.6944 591.5074 590.6802 590.1985 590.0801 590.1613 590.3601 590.6029 590.806 590.9083 590.943 590.9896 591.176 591.6806 592.6639 594.0821 595.7216 597.3114 598.623 599.3618 599.1425 597.8264 595.9728 594.1006 592.5834 591.3437 590.3544 589.489 588.8215 588.2347 587.5798 586.9587 586.2576 585.7866 585.3879 585.0212
-9999 -9999 -9999 -9999 -9999 -9999 -9999 -9999 -9999 -9999 -9999 -9999 -9999 -9999 -9999 -9999 -9999 -9999 -9999 -9999 -9999 -9999 -9999 -9999 -9999 -9999 598.7748 599.2317 598.7675 597.4091 595.5146 593.6433 592.3222 591.3228 590.6681 590.3738 590.3771 590.6223 591.0226 591.4821 591.8876 592.1301 592.2524 592.3547 592.6008 593.2495 594.5333 596.3654 598.4163 600.3032 601.8231 602.6348 602.1819 600.2247 597.6161 595.3613 593.7894 592.439 591.2499 590.1948 589.2465 588.4607 587.6992 586.9588 586.2364 585.7671 585.3896 585.0438
-9999 -9999 -9999 -9999 -9999 -9999 -9999 -9999 -9999 -9999 -9999 -9999 -9999 -9999 -9999 -9999 -9999 -9999 -9999 -9999 -9999 -9999 -9999 -9999 -9999 -9999 -9999 598.7505 598.1033 596.6663 594.7618 593.0157 591.9918 591.1848 590.6978 590.5668 590.7704 591.2536 591.9459 592.7382 593.4875 593.9764 594.2783 594.483 594.7748 595.5138 597.0549 599.2541 601.6569 603.7809 605.2728 605.7007 604.597 601.9052 598.6079 595.8631 594.325 592.7424 591.4452 590.3426 589.3414 588.5058 587.7012 586.9218 586.2218 585.7905 585.4354 585.103
-9999 -9999 -9999 -9999 -9999 -9999 -9999 -9999 -9999 -9999 -9999 -9999 -9999 -9999 -9999 -9999 -9999 -9999 -9999 -9999 -9999 -9999 -9999 -9999 -9999 -9999 -9999 598.0226 597.4735 596.1539 594.2573 592.5461 591.7938 591.1176 590.8096 590.8698 591.3029 592.0913 593.1741 594.4376 595.7583 596.7415 597.4004 597.7538 598.0844 598.8575 600.4752 602.8088 605.1818 606.9662 607.8839 607.3503 605.4702 602.1824 598.5022 595.4692 593.6641 592.256 591.1332 590.1859 589.3026 588.4926 587.6953 586.9333 586.2722 585.9148 585.561 585.2221
-9999 -9999 -9999 -9999 -9999 -9999 -9999 -9999 -9999 -9999 -9999 -9999 -9999 -9999 -9999 -9999 -9999 -9999 -9999 -9999 -9999 -9999 -9999 -9999 -9999 -9999 -9999 597.5932 597.1072 595.9456 594.1674 592.4693 591.4158 591.0305 591.0182 591.2973 592.0055 593.1802 594.7471 596.5607 598.5759 600.2254 601.2635 601.7573 602.1093 602.8764 604.4252 606.5457 608.389 609.1188 608.8888 607.3901 604.5859 600.993 597.3485 594.446 592.6801 591.506 590.6261 589.9144 589.236 588.4736 587.7161 587.03 586.4854 586.1522 585.7418 585.3873
-9999 -9999 -9999 -9999 -9999 -9999 -9999 -9999 -9999 -9999 -9999 -9999 -9999 -9999 -9999 -9999 -9999 -9999 -9999 -9999 -9999 -9999 -9999 -9999 -9999 -9999 -9999 -9999 596.9718 595.9329 594.4588 592.9832 591.8684 591.2081 591.4459 591.8928 592.9273 594.594 596.7778 599.3047 601.8311 603.8738 605.1087 605.6791 606.063 606.8342 608.2363 609.9302 610.9286 610.3895 608.7415 606.0089 602.6671 599.2064 595.8967 593.4016 591.8601 590.8441 590.1255 589.6053 589.1185 588.4052 587.7039 587.0842 586.579 586.1948 585.8472 585.5587
-9999 -9999 -9999 -9999 -9999 -9999 -9999 -9999 -9999 -9999 -9999 -9999 -9999 -9999 -9999 -9999 -9999 -9999 -9999 -9999 -9999 -9999 -9999 -9999 -9999 -9999 -9999 -9999 596.9607 596.0244 594.8423 593.6575 592.6624 591.993 592.0473 592.7084 594.1768 596.4119 599.225 602.2177 604.9432 607.0101 608.2145 608.8044 609.2747 610.1227 611.3851 612.4515 612.1923 610.4346 607.454 603.947 600.5999 597.4551 594.6901 592.6102 591.2406 590.3237 589.6757 589.2369 588.7968 588.2273 587.6423 587.1094 586.6411 586.2255 585.9662 585.7834
-9999 -9999 -9999 -9999 -9999 -9999 -9999 -9999 -9999 -9999 -9999 -9999 -9999 -9999 -9999 -9999 -9999 -9999 -9999 -9999 -9999 -9999 -9999 -9999 -9999 -9999 -9999 -9999 -9999 596.0428 595.004 594.0386 593.3013 592.9006 593.0978 594.1594 596.1542 598.8903 602.0241 605.0407 607.5192 609.2452 610.241 610.8831 611.5192 612.5114 613.6293 613.9598 612.3644 609.3195 605.4282 601.6003 598.5457 595.8882 593.6216 591.9132 590.7448 589.9307 589.3179 588.9271 588.5414 588.085 587.6151 587.193 586.8212 586.4679 586.2233 586.1523
-9999 -9999 -9999 -9999 -9999 -9999 -9999 -9999 -9999 -9999 -9999 -9999 -9999 -9999 -9999 -9999 -9999 -9999 -9999 -9999 -9999 -9999 -9999 -9999 -9999 -9999 -9999 -9999 -9999 -9999 595.0383 594.3307 593.9226 593.8819 594.5129 596.1667 598.7241 601.7803 604.8623 607.4814 609.3586 610.5908 611.4789 -9999 -9999 -9999 614.8414 614.0206 611.4135 607.4811 603.1204 599.3184 596.7799 594.64 592.8146 591.3995 590.4124 589.733 589.2303 588.8182 588.4513 588.0651 587.679 587.3667 587.0994 586.8315 586.6044 586.4491
-9999 -9999 -9999 -9999 -9999 -9999 -9999 -9999 -9999 -9999 -9999 -9999 -9999 -9999 -9999 -9999 -9999 -9999 -9999 -9999 -9999 -9999 -9999 -9999 -9999 -9999 -9999 -9999 -9999 -9999 -9999 594.5747 594.4536 594.9095 596.2318 598.5893 601.6214 604.7657 607.4969 609.4166 610.5236 611.4124 -9999 -9999 -9999 -9999 615.1619 613.3428 609.8997 605.4794 601.0303 597.5511 595.5835 593.8047 592.2935 591.1143 590.2754 589.6857 589.2277 588.8354 588.5118 588.1876 587.8628 587.6696 587.5077 587.3034 587.0894 586.9195
-9999 -9999 -9999 -9999 -9999 -9999 -9999 -9999 -9999 -9999 -9999 -9999 -9999 -9999 -9999 -9999 -9999 -9999 -9999 -9999 -9999 -9999 -9999 -9999 -9999 -9999 -9999 -9999 -9999 -9999 -9999 -9999 -9999 596.1494 598.2338 601.2263 604.5816 607.6484 609.8827 611.0138 -9999 -9999 -9999 -9999 -9999 -9999 614.08 611.7612 607.9808 603.5074 599.2845 596.255 594.873 593.2338 591.9662 591.0135 590.3184 589.7949 589.2994 588.9591 588.6961 588.4235 588.2117 588.1041 588.0319 587.8523 587.6691 587.5278
