backend/lakes/data/Winefred Lake/wine_dem_tm.asc
ncols         330
nrows         401
xllcorner     773700
yllcorner     6147900
cellsize      50
NODATA_value  -9999
[rows 150 to 179 of 401, columns 136 to 203 of 330]
582.8799 583.1297 583.2324 583.6292 584.1863 584.8394 585.4766 586.013 586.2772 586.5683 587.0898 587.5206 587.7842 587.8804 587.8459 587.8499 587.9011 587.9415 587.9661 588.0844 588.2576 588.3892 588.5176 588.9261 589.845 591.4416 593.2292 595.2202 597.5638 600.098 602.3403 603.9097 604.6144 604.0009 602.7319 -9999 -9999 -9999 -9999 -9999 -9999 -9999 -9999 -9999 -9999 -9999 -9999 -9999 -9999 -9999 -9999 -9999 -9999 -9999 -9999 -9999 -9999 -9999 -9999 -9999 -9999 -9999 -9999 -9999 -9999 -9999 -9999 -9999
582.6462 582.8273 582.9235 583.1801 583.6315 584.1937 584.7708 585.2391 585.5243 585.8177 586.2534 586.7086 587.006 587.2057 587.2851 587.411 587.5361 587.6453 587.7009 587.7895 587.9121 588.0085 588.1226 588.4541 589.2159 590.5238 592.2292 594.2688 596.6017 599.0291 601.3118 602.8624 603.3787 602.6319 601.3528 600.1009 -9999 -9999 -9999 -9999 -9999 -9999 -9999 -9999 -9999 -9999 -9999 -9999 -9999 -9999 -9999 -9999 -9999 -9999 -9999 -9999 -9999 -9999 -9999 -9999 -9999 -9999 -9999 -9999 -9999 -9999 -9999 -9999
582.4601 582.5807 582.6775 582.8599 583.18 583.6359 584.1317 584.5497 584.8324 585.1248 585.5244 585.9993 586.2908 586.6227 586.8373 587.0527 587.2147 587.3411 587.4296 587.508 587.6106 587.6731 587.7751 588.0242 588.5807 589.5684 591.087 593.0562 595.3057 597.6188 599.5484 601.1441 601.5768 601.0054 600.0629 599.6179 598.4294 -9999 -9999 -9999 -9999 -9999 -9999 -9999 -9999 -9999 -9999 -9999 -9999 -9999 -9999 -9999 -9999 -9999 -9999 -9999 -9999 -9999 -9999 -9999 -9999 -9999 -9999 -9999 -9999 -9999 -9999 -9999
582.2755 582.3718 582.4689 582.6187 582.8627 583.1854 583.5847 583.9172 584.1572 584.4002 584.7315 585.1805 585.6375 586.1392 586.5131 586.7774 586.9351 587.0535 587.1487 587.2444 587.3589 587.4333 587.5078 587.6804 588.076 588.8096 589.9928 591.7308 593.6986 595.6229 597.1998 598.7384 599.2963 599.2458 598.7267 598.4979 598.051 598.0999 -9999 -9999 -9999 -9999 -9999 -9999 -9999 -9999 -9999 -9999 -9999 -9999 -9999 -9999 -9999 -9999 -9999 -9999 -9999 -9999 -9999 -9999 -9999 -9999 -9999 -9999 -9999 -9999 -9999 -9999
582.0957 582.1856 582.2861 582.4276 582.6311 582.8658 583.1224 583.2628 583.5217 583.6943 583.9319 584.3704 584.9279 585.5568 586.126 586.4789 586.6371 586.7631 586.8618 586.9902 587.1614 587.2803 587.3608 587.48 587.7498 588.2795 589.1929 590.534 592.1428 593.7419 595.0358 596.153 596.8478 597.7392 598.0157 598.1484 598.663 598.7188 599.3629 -9999 -9999 -9999 -9999 -9999 -9999 -9999 -9999 -9999 -9999 -9999 -9999 -9999 -9999 -9999 -9999 -9999 -9999 -9999 -9999 -9999 -9999 -9999 -9999 -9999 -9999 -9999 -9999 -9999
581.9102 582.0044 582.1169 582.2595 582.433 582.6004 582.7471 582.9091 583.1342 583.1788 583.2793 583.6584 584.2231 584.8882 585.54 586.0515 586.2416 586.4598 586.5887 586.7816 586.9866 587.14 587.2505 587.3631 587.5493 587.8954 588.5217 589.4669 590.7166 592.0612 593.1206 594.1991 595.2834 596.4626 597.6503 598.5677 598.9701 599.0234 599.4949 600.6953 602.7018 -9999 -9999 -9999 -9999 -9999 -9999 -9999 -9999 -9999 -9999 -9999 -9999 -9999 -9999 -9999 -9999 -9999 -9999 -9999 -9999 -9999 -9999 -9999 -9999 -9999 -9999 -9999
581.7417 581.8331 581.9537 582.1053 582.2597 582.3906 582.4787 582.6458 582.8809 583.053 583.2509 583.2296 583.6326 584.2122 584.8273 585.3541 585.7403 586.1411 586.3975 586.5748 586.7845 586.9568 587.1112 587.2523 587.3975 587.6062 587.9902 588.589 589.3721 590.2679 591.2679 592.3929 593.631 594.9818 596.6947 597.9623 598.7073 598.9545 599.2113 600.1204 601.9909 604.1676 605.7787 -9999 -9999 -9999 -9999 -9999 -9999 -9999 -9999 -9999 -9999 -9999 -9999 -9999 -9999 -9999 -9999 -9999 -9999 -9999 -9999 -9999 -9999 -9999 -9999 -9999
581.5853 581.6802 581.8047 581.9639 582.1141 582.2224 582.3036 582.457 582.6892 582.8706 583.0002 583.0129 583.2032 583.6246 584.127 584.5895 585.0322 585.5511 586.0286 586.2314 586.4913 586.672 586.8947 587.106 587.2596 587.3882 587.6001 587.9445 588.402 588.9926 589.7591 590.8257 592.115 593.5672 595.2299 596.6273 597.5358 598.1123 598.4077 599.4049 601.1918 603.4254 605.22 605.7659 -9999 -9999 -9999 -9999 -9999 -9999 -9999 -9999 -9999 -9999 -9999 -9999 -9999 -9999 -9999 -9999 -9999 -9999 -9999 -9999 -9999 -9999 -9999 -9999
581.4475 581.5387 581.6654 581.8286 581.983 582.0896 582.1921 582.3376 582.5313 582.6465 582.773 582.8675 582.9961 583.1965 583.5386 583.8309 584.1823 584.7159 585.2744 585.6956 586.0857 586.259 586.579 586.8866 587.0903 587.1979 587.319 587.5077 587.754 588.1392 588.7307 589.5753 590.7178 592.0032 593.3643 594.6349 595.6461 596.4393 597.053 598.2311 600.1109 602.3564 604.1672 604.7355 603.7719 -9999 -9999 -9999 -9999 -9999 -9999 -9999 -9999 -9999 -9999 -9999 -9999 -9999 -9999 -9999 -9999 -9999 -9999 -9999 -9999 -9999 -9999 -9999
581.3215 581.4122 581.5376 581.6984 581.8561 581.9722 582.0803 582.2438 582.3391 582.4351 582.5908 582.7561 582.8961 582.9825 583.1319 583.1827 583.3477 583.855 584.4449 584.9774 585.4437 585.7997 586.2005 586.5894 586.86 586.9868 587.0934 587.2141 587.349 587.6091 588.0782 588.7476 589.5732 590.5381 591.5115 592.5126 593.4175 594.3214 595.1951 596.5416 598.4559 600.6191 602.342 602.8232 601.9061 600.4704 -9999 -9999 -9999 -9999 -9999 -9999 -9999 -9999 -9999 -9999 -9999 -9999 -9999 -9999 -9999 -9999 -9999 -9999 -9999 -9999 -9999 -9999
581.2043 581.2962 581.4224 581.5768 581.7307 581.8499 581.9584 582.0776 582.1893 582.2961 582.4501 582.6212 582.7217 582.7562 582.7789 582.7733 582.8734 583.2064 583.7214 584.2646 584.7823 585.2581 585.7351 586.1932 586.5377 586.6951 586.8568 586.995 587.1028 587.3096 587.7188 588.2919 588.8972 589.4218 589.9895 590.7544 591.5505 592.3781 593.3055 594.5773 596.3773 598.3896 600.0288 600.5335 599.9393 598.954 598.2819 -9999 -9999 -9999 -9999 -9999 -9999 -9999 -9999 -9999 -9999 -9999 -9999 -9999 -9999 -9999 -9999 -9999 -9999 -9999 -9999 -9999
581.1029 581.1976 581.3239 581.4708 581.618 581.7379 581.8662 581.974 582.0881 582.2291 582.3749 582.485 582.5504 582.561 582.5406 582.5195 582.584 582.8049 583.1778 583.653 584.166 584.685 585.1846 585.6759 586.0994 586.2718 586.5566 586.7831 586.9346 587.141 587.5363 588.0754 588.5945 588.8101 589.098 589.5247 590.1275 590.7773 591.6232 592.7639 594.2593 596.0555 597.6209 598.3635 598.3173 597.9449 597.5873 597.3276 -9999 -9999 -9999 -9999 -9999 -9999 -9999 -9999 -9999 -9999 -9999 -9999 -9999 -9999 -9999 -9999 -9999 -9999 -9999 -9999
581.0193 581.1191 581.2469 581.3884 581.5371 581.6713 581.7932 581.9048 582.0234 582.1588 582.269 582.3566 582.4112 582.4208 582.3981 582.3765 582.4156 582.5603 582.8198 583.1777 583.6283 584.129 584.578 585.0282 585.4568 585.793 586.1904 586.5284 586.7585 586.9952 587.3761 587.8531 588.2109 588.3652 588.5115 588.7789 589.1628 589.5664 590.2781 591.2747 592.5735 594.097 595.514 596.5388 597.1034 597.2426 597.1768 597.0066 596.8376 -9999 -9999 -9999 -9999 -9999 -9999 -9999 -9999 -9999 -9999 -9999 -9999 -9999 -9999 -9999 -9999 -9999 -9999 -9999
580.9596 581.0626 581.1885 581.3206 581.4655 581.6117 581.7363 581.8436 581.9494 582.0629 582.1707 582.2635 582.3287 582.3544 582.3444 582.3266 582.3459 582.4349 582.6062 582.8582 583.1819 583.5839 583.9751 584.3507 584.7486 585.1661 585.6724 586.1646 586.5063 586.7928 587.1581 587.5678 587.8734 588.0228 588.1269 588.2908 588.5269 588.8243 589.3353 590.1348 591.2191 592.5237 593.8405 594.9765 596.1212 596.7208 596.988 596.9996 596.8878 -9999 -9999 -9999 -9999 -9999 -9999 -9999 -9999 -9999 -9999 -9999 -9999 -9999 -9999 -9999 -9999 -9999 -9999 -9999
580.9128 581.0085 581.1256 581.2561 581.4021 581.5488 581.6812 581.7904 581.8877 581.9915 582.1013 582.2135 582.3063 582.3568 582.3661 582.3571 582.3637 582.4105 582.5116 582.6761 582.9019 583.1766 583.4824 583.7229 584.0291 584.4643 585.0344 585.6404 586.1631 586.5483 586.9244 587.2988 587.5934 587.7594 587.8633 587.9973 588.1752 588.4111 588.7859 589.3529 590.189 591.3103 592.5795 593.7867 595.0582 596.1772 596.8295 596.9995 596.9807 597.2166 -9999 -9999 -9999 -9999 -9999 -9999 -9999 -9999 -9999 -9999 -9999 -9999 -9999 -9999 -9999 -9999 -9999 -9999
580.8566 580.9575 581.0775 581.2078 581.3515 581.5004 581.6393 581.7559 581.8553 581.9586 582.0799 582.2122 582.3309 582.4086 582.4415 582.451 582.4551 582.4701 582.5098 582.5936 582.7324 582.9209 583.1241 583.1669 583.2927 583.7378 584.3424 585.0327 585.704 586.2592 586.7291 587.0804 587.3604 587.5507 587.6781 587.817 587.9961 588.225 588.5463 588.967 589.4573 590.3447 591.533 592.6489 593.9521 595.5643 596.6018 596.9415 597.1022 597.5267 -9999 -9999 -9999 -9999 -9999 -9999 -9999 -9999 -9999 -9999 -9999 -9999 -9999 -9999 -9999 -9999 -9999 -9999
580.7974 580.9122 581.0446 581.1805 581.3214 581.4688 581.6094 581.7394 581.8572 581.9798 582.1255 582.2898 582.4388 582.5297 582.574 582.599 582.6082 582.5908 582.5682 582.5663 582.6055 582.6772 582.748 582.757 582.8496 583.1779 583.7175 584.4199 585.2172 586.0039 586.5223 586.8915 587.1631 587.3687 587.5282 587.6864 587.8843 588.1339 588.4614 588.838 589.0437 589.5006 590.3934 591.4943 592.8776 594.4872 595.874 596.776 597.3999 598.3069 599.4711 -9999 -9999 -9999 -9999 -9999 -9999 -9999 -9999 -9999 -9999 -9999 -9999 -9999 -9999 -9999 -9999 -9999
580.7443 580.877 581.0264 581.1718 581.3129 581.457 581.6041 581.7439 581.8882 582.0538 582.2534 582.4801 582.6843 582.7749 582.8092 582.8301 582.837 582.7637 582.6592 582.5685 582.5095 582.4821 582.4658 582.4528 582.52 582.7549 583.1819 583.8005 584.5958 585.449 586.1343 586.586 586.9021 587.153 587.3597 587.5449 587.7528 587.9991 588.2849 588.5172 588.6767 588.962 589.5129 590.4613 591.8226 593.4359 595.1906 596.7445 598.0422 599.265 600.3293 601.0219 -9999 -9999 -9999 -9999 -9999 -9999 -9999 -9999 -9999 -9999 -9999 -9999 -9999 -9999 -9999 -9999
580.6924 580.8521 581.025 581.1854 581.3276 581.4697 581.621 581.7856 581.9681 582.1885 582.4672 582.798 583.1184 583.2112 583.2102 583.1846 583.1463 582.9681 582.748 582.5627 582.4266 582.3313 582.2632 582.2272 582.2646 582.4272 582.7406 583.232 583.9546 584.8315 585.605 586.1815 586.5824 586.8892 587.1347 587.3495 587.5626 587.7917 588.0193 588.2325 588.4342 588.6978 589.0869 589.7088 590.9851 592.6415 594.4736 596.475 598.3544 599.7882 600.8334 601.2773 -9999 -9999 -9999 -9999 -9999 -9999 -9999 -9999 -9999 -9999 -9999 -9999 -9999 -9999 -9999 -9999
580.6603 580.847 581.0461 581.2242 581.3745 581.5148 581.6754 581.8707 582.1116 582.4124 582.7928 583.2568 583.7458 583.9791 583.9408 583.7438 583.4709 583.1427 582.7846 582.5128 582.3237 582.1943 582.1078 582.0598 582.0743 582.1859 582.4263 582.8193 583.4091 584.2968 585.0903 585.7533 586.2559 586.6448 586.8983 587.1265 587.3494 587.5767 587.7994 588.0394 588.3092 588.613 588.9431 589.3132 590.3144 591.8835 593.6312 595.6825 597.8508 599.5663 600.5925 600.9396 -9999 -9999 -9999 -9999 -9999 -9999 -9999 -9999 -9999 -9999 -9999 -9999 -9999 -9999 -9999 -9999
580.6568 580.8719 581.0963 581.2975 581.4584 581.6035 581.7775 582.0182 582.3418 582.7567 583.2902 583.9779 584.6117 584.9456 584.7933 584.3418 583.7673 583.1792 582.7296 582.3995 582.1821 582.0456 581.9647 581.9265 581.9355 582.0203 582.2155 582.5677 583.1254 583.8969 584.6002 585.3447 586.0499 586.4493 586.673 586.9113 587.1583 587.408 587.6541 587.9133 588.2027 588.4641 588.6583 588.8929 589.5422 590.8094 592.4854 594.4741 596.7725 598.6968 599.8033 600.0264 599.7682 -9999 -9999 -9999 -9999 -9999 -9999 -9999 -9999 -9999 -9999 -9999 -9999 -9999 -9999 -9999
580.6841 580.9275 581.1791 581.4059 581.5859 581.7422 581.9374 582.2366 582.6749 583.2474 583.9955 584.8046 585.5217 585.9227 585.5942 584.8745 584.0178 583.2042 582.6351 582.2562 582.0153 581.8798 581.8153 581.7996 581.8218 581.8926 582.0439 582.311 582.7214 583.2674 583.9424 584.7422 585.564 586.1765 586.4244 586.7393 587.0222 587.2888 587.5726 587.8466 588.1317 588.3669 588.4896 588.6024 588.9967 589.8864 591.4303 593.3466 595.5108 597.582 598.7566 598.9069 598.5146 -9999 -9999 -9999 -9999 -9999 -9999 -9999 -9999 -9999 -9999 -9999 -9999 -9999 -9999 -9999
580.7141 581.0017 581.293 581.5555 581.7594 581.9304 582.1537 582.5195 583.0964 583.8678 584.7393 585.5565 586.1748 586.4074 586.0814 585.2159 584.1863 583.2192 582.5577 582.113 581.8435 581.7051 581.6593 581.6685 581.7114 581.782 581.8954 582.0807 582.3575 582.7408 583.2704 584.0453 584.9835 585.8881 586.326 586.6468 586.9424 587.2305 587.5395 587.8345 588.1026 588.3137 588.4357 588.4888 588.7277 589.3918 590.6481 592.3568 594.3683 596.5647 597.8334 598.0961 597.9738 597.9207 -9999 -9999 -9999 -9999 -9999 -9999 -9999 -9999 -9999 -9999 -9999 -9999 -9999 -9999
580.7076 581.0748 581.4319 581.7511 581.9897 582.1759 582.4249 582.8487 583.5169 584.5022 585.4376 586.16 586.5749 586.614 586.1935 585.3367 584.2625 583.2232 582.4913 581.9979 581.6902 581.5355 581.4974 581.5336 581.6017 581.6829 581.7753 581.9009 582.0814 582.344 582.7397 583.3404 584.2417 585.2666 586.0471 586.4922 586.8467 587.1908 587.5446 587.8909 588.1415 588.3256 588.4103 588.4683 588.6319 589.1432 590.0732 591.5587 593.4774 595.7142 597.2454 597.8351 597.9099 598.0339 -9999 -9999 -9999 -9999 -9999 -9999 -9999 -9999 -9999 -9999 -9999 -9999 -9999 -9999
580.6666 581.1412 581.5813 581.9841 582.283 582.495 582.8033 583.3486 584.2239 585.2406 586.0814 586.5944 586.8152 586.7032 586.2122 585.4019 584.3191 583.2307 582.4558 581.921 581.5766 581.394 581.347 581.3961 581.4924 581.5944 581.6862 581.7809 581.9033 582.0876 582.3855 582.8552 583.5612 584.6172 585.5544 586.2282 586.7089 587.1271 587.5509 587.9629 588.2792 588.4216 588.4606 588.4463 588.5189 588.841 589.5299 590.8167 592.5863 594.6393 596.4077 597.6208 597.9898 598.2743 599.137 -9999 -9999 -9999 -9999 -9999 -9999 -9999 -9999 -9999 -9999 -9999 -9999 -9999
580.6769 581.2172 581.7114 582.1815 582.6048 582.8776 583.3112 584.0569 584.9792 585.91 586.5068 586.8499 586.9498 586.7743 586.2816 585.554 584.4288 583.2618 582.4514 581.8947 581.5185 581.3005 581.2281 581.2731 581.3859 581.5138 581.6198 581.7111 581.8087 581.9545 582.1982 582.6127 583.2429 584.1588 585.1219 585.988 586.5419 587.0252 587.5192 588.0082 588.4015 588.6011 588.5968 588.4949 588.4502 588.6229 589.1575 590.1516 591.6837 593.5198 595.4714 597.1976 598.121 598.8287 599.7542 -9999 -9999 -9999 -9999 -9999 -9999 -9999 -9999 -9999 -9999 -9999 -9999 -9999
580.6996 581.2965 581.8239 582.3268 582.819 583.294 583.9879 584.8022 585.6001 586.2416 586.6846 586.9267 586.9899 586.8651 586.5055 585.8575 584.6093 583.3232 582.4807 581.9157 581.5246 581.2734 581.1627 581.1824 581.2939 581.439 581.5654 581.6685 581.7656 581.8924 582.1049 582.4708 583.051 583.7407 584.6033 585.5026 586.2419 586.8432 587.4161 587.9817 588.4612 588.7324 588.7543 588.6034 588.4496 588.4692 588.8053 589.5807 591.0076 592.7789 594.7123 596.787 598.3209 599.4894 600.3236 -9999 -9999 -9999 -9999 -9999 -9999 -9999 -9999 -9999 -9999 -9999 -9999 -9999
580.748 581.4102 581.9767 582.5267 583.1386 583.8837 584.7312 585.5242 586.1351 586.4869 586.7072 586.8397 586.89 586.8453 586.6018 586.0046 584.7529 583.4108 582.5582 581.9897 581.5922 581.3182 581.1669 581.1447 581.2311 581.376 581.5158 581.6338 581.7396 581.8522 582.0135 582.2837 582.6992 583.2375 584.0154 584.9806 585.9259 586.6111 587.2471 587.8716 588.4169 588.7692 588.848 588.7025 588.4972 588.4238 588.6483 589.3444 590.7079 592.5048 594.5982 596.8303 598.7734 600.1606 600.9159 600.7522 -9999 -9999 -9999 -9999 -9999 -9999 -9999 -9999 -9999 -9999 -9999 -9999
580.8906 581.618 582.2274 582.821 583.5154 584.4908 585.4279 586.1054 586.4199 586.5258 586.5408 586.579 586.6255 586.6849 586.5675 586.0742 584.9323 583.6196 582.7465 582.1415 581.7229 581.4312 581.2458 581.1746 581.2158 581.3373 581.4771 581.6027 581.7168 581.82 581.9335 582.1132 582.4061 582.8256 583.4372 584.3993 585.417 586.2712 587.0233 587.6953 588.2853 588.6976 588.8457 588.7495 588.5531 588.4534 588.637 589.3102 590.6605 592.4375 594.5007 596.9418 599.1589 600.6472 601.1267 600.7311 -9999 -9999 -9999 -9999 -9999 -9999 -9999 -9999 -9999 -9999 -9999 -9999
581.2068 581.9866 582.6469 583.3169 584.1697 585.1423 585.9947 586.3884 586.4777 586.3909 586.2191 586.1898 586.2343 586.4346 586.4642 586.1387 585.2392 584.0912 583.1049 582.3957 581.9243 581.6093 581.3981 581.281 581.2664 581.3444 581.4671 581.5894 581.7051 581.8027 581.8868 582.0063 582.2291 582.5831 583.125 583.9333 584.9912 586.0416 586.8107 587.4856 588.0883 588.5458 588.7625 588.7351 588.5868 588.5114 588.7025 589.3901 590.8066 592.5927 594.6423 596.9638 599.2771 600.6539 600.8583 600.0714 -9999 -9999 -9999 -9999 -9999 -9999 -9999 -9999 -9999 -9999 -9999 -9999
