backend/lakes/data/Frog Lake/frog_dem_tm.asc
ncols         198
nrows         337
xllcorner     801250
yllcorner     5973350
cellsize      50
NODATA_value  -9999
[rows 30 to 59 of 337, columns 68 to 135 of 198]
573.067 575.8312 579.0164 582.5247 586.2888 590.2113 594.1943 598.072 601.582 604.386 -9999 -9999 -9999 -9999 -9999 -9999 -9999 -9999 -9999 -9999 -9999 -9999 -9999 -9999 -9999 -9999 -9999 -9999 -9999 -9999 -9999 -9999 -9999 -9999 -9999 -9999 -9999 -9999 -9999 -9999 -9999 -9999 -9999 -9999 -9999 -9999 -9999 -9999 -9999 -9999 -9999 -9999 -9999 -9999 -9999 -9999 -9999 -9999 -9999 -9999 -9999 -9999 -9999 -9999 -9999 -9999 -9999 -9999
570.5265 572.7413 575.3269 578.3457 581.7859 585.5733 589.5839 593.5962 597.2781 600.2166 602.0529 -9999 -9999 -9999 -9999 -9999 -9999 -9999 -9999 -9999 -9999 -9999 -9999 -9999 -9999 -9999 -9999 -9999 -9999 -9999 -9999 -9999 -9999 -9999 -9999 -9999 -9999 -9999 -9999 -9999 -9999 -9999 -9999 -9999 -9999 -9999 -9999 -9999 -9999 -9999 -9999 -9999 -9999 -9999 -9999 -9999 -9999 -9999 -9999 -9999 -9999 -9999 -9999 -9999 -9999 -9999 -9999 -9999
568.4359 570.0415 571.9889 574.3745 577.3348 580.867 584.7885 588.8444 592.6464 595.7177 597.6418 598.2658 597.835 -9999 -9999 -9999 -9999 -9999 -9999 -9999 -9999 -9999 -9999 -9999 -9999 -9999 -9999 -9999 -9999 -9999 -9999 -9999 -9999 -9999 -9999 -9999 -9999 -9999 -9999 -9999 -9999 -9999 -9999 -9999 -9999 -9999 -9999 -9999 -9999 -9999 -9999 -9999 -9999 -9999 -9999 -9999 -9999 -9999 -9999 -9999 -9999 -9999 -9999 -9999 -9999 -9999 -9999 -9999
566.6925 567.6469 568.949 570.6895 573.029 576.1582 579.8449 583.8181 587.6593 590.8525 592.9194 593.6797 593.3848 592.5913 591.7456 590.9765 590.2781 589.6336 589.168 589.024 589.2264 589.683 590.2967 591.097 592.1793 593.5958 595.4141 597.682 600.2994 -9999 -9999 -9999 -9999 -9999 -9999 -9999 -9999 -9999 -9999 -9999 -9999 -9999 -9999 -9999 -9999 -9999 -9999 -9999 -9999 -9999 -9999 -9999 -9999 -9999 -9999 -9999 -9999 -9999 -9999 -9999 -9999 -9999 -9999 -9999 -9999 -9999 -9999 -9999
565.1974 565.5283 566.2542 567.4166 569.1466 571.6512 574.8891 578.5947 582.3246 585.5628 587.7775 588.749 588.6809 588.105 587.4471 586.8184 586.199 585.5934 585.1548 585.048 585.3055 585.8162 586.4649 587.2394 588.1981 589.4103 591.0208 593.1531 595.7387 598.5539 601.351 603.8793 606.0607 -9999 -9999 -9999 -9999 -9999 -9999 -9999 -9999 -9999 -9999 -9999 -9999 -9999 -9999 -9999 -9999 -9999 -9999 -9999 -9999 -9999 -9999 -9999 -9999 -9999 -9999 -9999 -9999 -9999 -9999 -9999 -9999 -9999 -9999 -9999
563.9764 563.8281 564.1268 564.8613 566.0175 567.7583 570.2584 573.4075 576.7846 579.9036 582.1946 583.3942 583.6044 583.2906 582.8409 582.3708 581.8779 581.3698 580.9894 580.9157 581.2057 581.7564 582.4499 583.2309 584.1164 585.1721 586.5909 588.5484 591.0222 593.8384 596.805 599.7313 602.5094 605.1678 607.8332 -9999 -9999 -9999 -9999 -9999 -9999 -9999 -9999 -9999 -9999 -9999 -9999 -9999 -9999 -9999 -9999 -9999 -9999 -9999 -9999 -9999 -9999 -9999 -9999 -9999 -9999 -9999 -9999 -9999 -9999 -9999 -9999 -9999
562.6692 562.29 562.3592 562.8497 563.5513 564.6492 566.3748 568.7275 571.4288 574.1615 576.3404 577.7115 578.2137 578.199 577.9894 577.7107 577.4014 577.0352 576.7296 576.6662 576.9431 577.4817 578.1733 578.9419 579.7833 580.729 581.9929 583.7763 586.1 588.8459 591.8657 595.0283 598.2151 601.3644 604.4827 607.6457 610.9328 614.3669 -9999 -9999 -9999 -9999 -9999 -9999 -9999 -9999 -9999 -9999 -9999 -9999 -9999 -9999 -9999 -9999 -9999 -9999 -9999 -9999 -9999 -9999 -9999 -9999 -9999 -9999 -9999 -9999 -9999 -9999
561.4636 561.1066 561.0698 561.3397 561.6378 562.1633 563.1793 564.7746 566.7932 568.8696 570.6573 572.0622 572.8076 573.0989 573.151 573.0873 572.9973 572.8076 572.5904 572.5246 572.7407 573.2048 573.8394 574.5716 575.363 576.149 577.2162 578.8088 580.968 583.5963 586.5538 589.7728 593.1595 596.6143 600.0679 603.5107 606.9357 610.3335 613.6529 616.7958 -9999 -9999 -9999 -9999 -9999 -9999 -9999 -9999 -9999 -9999 -9999 -9999 -9999 -9999 -9999 -9999 -9999 -9999 -9999 -9999 -9999 -9999 -9999 -9999 -9999 -9999 -9999 -9999
559.9843 559.8744 559.8532 559.9501 560.0623 560.2888 560.8462 561.8414 563.1151 564.5093 565.8589 567.0815 567.9048 568.4036 568.7181 568.9342 569.1085 569.0883 568.9367 568.8559 568.9742 569.3143 569.8467 570.5202 571.246 571.7388 572.4681 573.8257 575.8145 578.2985 581.0545 584.1373 587.5195 591.0767 594.709 598.3585 601.9431 605.3743 608.5978 611.582 614.3477 -9999 -9999 -9999 -9999 -9999 -9999 -9999 -9999 -9999 -9999 -9999 -9999 -9999 -9999 -9999 -9999 -9999 -9999 -9999 -9999 -9999 -9999 -9999 -9999 -9999 -9999 -9999
558.3444 558.4893 558.6138 558.7172 558.8027 558.8736 559.1424 559.7616 560.5183 561.3721 562.2666 563.161 563.9247 564.6083 565.207 565.7941 566.2637 566.1272 565.924 565.7979 565.8191 566.0238 566.4155 566.9564 567.5115 567.8037 568.2897 569.3622 571.1377 573.4439 575.7882 578.5052 581.6743 585.1072 588.6932 592.3778 596.0422 599.5217 602.7132 605.6133 608.3488 611.1591 614.0585 -9999 -9999 -9999 -9999 -9999 -9999 -9999 -9999 -9999 -9999 -9999 -9999 -9999 -9999 -9999 -9999 -9999 -9999 -9999 -9999 -9999 -9999 -9999 -9999 -9999
556.5383 556.9103 557.1824 557.4182 557.6838 557.7579 557.9173 558.2966 558.6672 559.1201 559.6471 560.3392 560.9899 561.6439 562.3377 563.1205 563.6863 563.7166 563.6165 563.525 563.5094 563.6245 563.9045 564.3491 564.8454 564.8757 565.1227 565.9315 567.4784 569.6085 571.2601 573.3719 576.1588 579.221 582.4944 585.933 589.4874 592.9362 596.1179 599.0089 601.7779 604.767 608.0724 611.4913 -9999 -9999 -9999 -9999 -9999 -9999 -9999 -9999 -9999 -9999 -9999 -9999 -9999 -9999 -9999 -9999 -9999 -9999 -9999 -9999 -9999 -9999 -9999 -9999
555.3563 555.694 555.9398 556.2202 556.6664 556.7555 556.817 556.9713 557.1745 557.4935 557.7889 558.3115 558.7863 559.3024 559.9784 560.8118 561.3536 561.5638 561.6665 561.7016 561.7133 561.7709 561.9297 562.1886 562.4295 562.4794 562.639 563.1341 564.1628 565.6063 567.1052 569.0574 571.5646 573.9963 576.7404 579.5599 582.7136 585.9624 589.0986 592.0287 594.8666 597.9955 601.5815 605.4499 609.3439 613.0741 -9999 -9999 -9999 -9999 -9999 -9999 -9999 -9999 -9999 -9999 -9999 -9999 -9999 -9999 -9999 -9999 -9999 -9999 -9999 -9999 -9999 -9999
554.5859 554.8468 555.1058 555.4039 555.7429 555.8284 555.834 555.8485 555.8958 556.027 556.2508 556.7043 557.084 557.5021 558.0992 558.7325 559.184 559.4986 559.8278 560.0331 560.1306 560.2131 560.371 560.6139 560.791 560.886 561.03 561.2953 561.8554 562.6735 563.7332 565.4232 567.811 569.6859 571.9671 573.8879 576.3182 579.1321 582.13 585.0734 587.9586 591.1443 594.8412 598.9373 603.1646 607.2664 611.0768 614.524 -9999 -9999 -9999 -9999 -9999 -9999 -9999 -9999 -9999 -9999 -9999 -9999 -9999 -9999 -9999 -9999 -9999 -9999 -9999 -9999
554.1112 554.2899 554.4967 554.7283 554.9476 555.0304 555.0287 555.0012 554.9945 555.0627 555.2432 555.5612 555.7625 555.9933 556.4005 556.96 557.3754 557.7347 558.1715 558.5036 558.687 558.8314 559.069 559.427 559.6404 559.7291 559.8652 559.9916 560.2447 560.6484 561.2526 562.3431 563.8288 565.3044 567.052 568.7979 570.8174 573.1621 575.8057 578.6072 581.4554 584.5772 588.187 592.2537 596.5719 600.8667 604.9273 608.66 612.0613 615.1948 -9999 -9999 -9999 -9999 -9999 -9999 -9999 -9999 -9999 -9999 -9999 -9999 -9999 -9999 -9999 -9999 -9999 -9999
553.8109 553.8877 553.9906 554.1204 554.2427 554.3021 554.3046 554.2762 554.2568 554.2869 554.3853 554.5393 554.663 554.8473 555.1827 555.6033 555.8732 556.1189 556.4758 556.9274 557.2266 557.4982 557.9189 558.4162 558.6672 558.76 558.7886 558.8666 558.9976 559.2365 559.5624 560.15 560.9619 561.9783 563.2729 564.6653 566.3312 568.3453 570.6299 573.0881 575.771 578.6903 581.9826 585.74 589.8882 594.1704 598.3473 602.3014 606.022 609.5599 612.9572 -9999 -9999 -9999 -9999 -9999 -9999 -9999 -9999 -9999 -9999 -9999 -9999 -9999 -9999 -9999 -9999 -9999
553.5491 553.5098 553.4654 553.4725 553.501 553.524 553.5295 553.5131 553.5034 553.522 553.5631 553.6183 553.6862 553.8464 554.1589 554.4736 554.683 554.884 555.1939 555.6063 555.89 556.1898 556.6846 557.1415 557.4453 557.6598 557.726 557.7773 557.9386 558.2584 558.6075 558.83 559.1208 559.6876 560.6268 561.708 563.0251 564.6114 566.5507 568.7526 571.206 573.8192 576.5344 579.7053 583.4365 587.4911 591.6213 595.6763 599.6104 603.4248 607.1127 610.6699 614.1105 -9999 -9999 -9999 -9999 -9999 -9999 -9999 -9999 -9999 -9999 -9999 -9999 -9999 -9999 -9999
553.1782 553.0183 552.7829 552.6484 552.5651 552.5414 552.5507 552.5423 552.561 552.6169 552.6581 552.6797 552.7208 552.8771 553.248 553.5189 553.6653 553.8014 554.0455 554.4226 554.7421 555.0844 555.5301 555.8688 556.1769 556.5444 556.7173 556.7768 556.9356 557.278 557.6584 557.8952 558.0548 558.3755 558.9458 559.6609 560.6382 561.8307 563.3633 565.2589 567.4956 569.9848 571.933 574.3663 577.4984 581.1296 585.0253 589.0037 592.9785 596.8885 600.6945 604.3703 607.9193 611.3936 614.8495 -9999 -9999 -9999 -9999 -9999 -9999 -9999 -9999 -9999 -9999 -9999 -9999 -9999
552.5196 552.2668 551.8282 551.4939 551.2413 551.1672 551.2033 551.175 551.2335 551.4058 551.5266 551.5914 551.6799 551.9128 552.3749 552.6069 552.6874 552.7603 552.9584 553.3635 553.6759 553.9536 554.3104 554.6798 555.0522 555.4685 555.6909 555.8131 555.9781 556.3763 556.7535 557.089 557.3237 557.5575 557.9155 558.3767 558.9856 559.7597 560.8875 562.3092 564.0491 566.0265 567.8431 569.8042 572.2813 575.3711 578.8259 582.5081 586.3176 590.1387 593.9135 597.6012 601.194 604.7422 608.3118 611.9473 615.6597 619.4106 -9999 -9999 -9999 -9999 -9999 -9999 -9999 -9999 -9999 -9999
551.2702 550.9617 550.6401 550.3381 550.0023 549.9447 550.07 549.9523 550.0079 550.3041 550.4705 550.5447 550.6306 550.8488 551.243 551.4868 551.597 551.7109 551.9681 552.3981 552.6425 552.8141 553.08 553.5067 553.84 554.1535 554.4324 554.7445 555.0705 555.4995 555.8474 556.2766 556.6246 556.8917 557.1747 557.4901 557.8748 558.361 559.0485 559.9702 561.2209 562.637 564.1354 565.8392 567.8698 570.3536 573.2679 576.4555 579.9011 583.4691 587.0861 590.6985 594.2715 597.8396 601.4777 605.2404 609.1351 613.1271 617.165 621.1851 -9999 -9999 -9999 -9999 -9999 -9999 -9999 -9999
550.0099 549.8255 549.7471 549.6922 549.5332 549.5293 549.6611 549.4808 549.4674 549.652 549.7099 549.7197 549.7459 549.8875 550.2578 550.464 550.5544 550.6531 550.8818 551.2541 551.5125 551.712 551.9728 552.3537 552.5754 552.7554 553.0309 553.5026 553.9174 554.2984 554.7032 555.2796 555.7505 556.1699 556.4607 556.7323 557.0396 557.3596 557.7678 558.3398 559.1308 560.0847 561.2734 562.6388 564.2466 566.2343 568.5297 571.1246 574.0535 577.2465 580.5879 584.0374 587.5001 590.9882 594.5984 598.4058 602.4199 606.6072 610.9119 615.2753 619.6212 -9999 -9999 -9999 -9999 -9999 -9999 -9999
549.5055 549.5184 549.5844 549.6127 549.5466 549.4771 549.4297 549.266 549.1956 549.2285 549.2408 549.2451 549.2796 549.4125 549.6592 549.7213 549.7278 549.7547 549.8994 550.2654 550.4902 550.639 550.8124 551.0047 551.1376 551.2942 551.6191 552.1725 552.5614 552.8596 553.2205 553.8109 554.4602 555.0983 555.5489 555.8768 556.2465 556.5187 556.7603 557.1202 557.668 558.3325 559.1678 560.2151 561.4539 562.968 564.7541 566.794 569.1661 571.8907 574.8094 577.9882 581.2292 584.4835 587.9116 591.6302 595.6633 599.9763 604.4938 609.1537 613.8725 618.5683 -9999 -9999 -9999 -9999 -9999 -9999
549.6899 549.9447 550.1284 550.1824 550.1149 549.9222 549.6639 549.3978 549.2379 549.1359 549.0933 549.0867 549.0959 549.1636 549.2616 549.2749 549.2653 549.2928 549.42 549.6592 549.7231 549.7379 549.7591 549.7885 549.812 549.9006 550.1651 550.6753 551.0363 551.3164 551.688 552.2651 552.8319 553.433 554.0845 554.6717 555.2637 555.5831 555.7667 556.0214 556.4913 556.96 557.5094 558.2679 559.1917 560.3599 561.7082 563.2605 565.1962 567.4634 570.0271 572.8569 575.78 578.5598 581.6134 585.0788 589.0117 593.3489 597.9993 602.8814 607.9081 612.9831 617.9828 -9999 -9999 -9999 -9999 -9999
550.7125 551.1376 551.3506 551.3618 551.2858 551.1155 550.4872 549.9914 549.6796 549.3883 549.2666 549.2278 549.1572 549.1388 549.1273 549.0941 549.0685 549.0858 549.156 549.2473 549.2372 549.1739 549.0952 549.0127 548.9476 548.9521 549.101 549.4072 549.6002 549.7574 550.0325 550.5289 551.0502 551.6481 552.3476 553.0316 553.7239 554.1903 554.519 554.9025 555.3625 555.6617 555.9507 556.4277 557.1941 558.141 559.1517 560.3426 561.9037 563.7301 565.8972 568.337 570.9669 573.245 575.8242 578.8806 582.5884 586.8305 591.5035 596.5143 601.7647 607.1405 612.4976 617.6645 -9999 -9999 -9999 -9999
552.7951 553.04 553.113 552.9352 552.694 552.4424 551.914 551.1995 550.5464 549.9731 549.7499 549.6493 549.4243 549.319 549.2113 549.131 549.0722 549.0647 549.0854 549.0892 549.0223 548.9103 548.7715 548.6083 548.45 548.3274 548.2651 548.2669 548.2999 548.3394 548.4794 548.8279 549.2203 549.758 550.4212 551.1832 551.9366 552.5063 552.9604 553.4868 553.9311 554.2053 554.4132 554.751 555.3471 556.0955 556.9609 557.9374 559.1723 560.6016 562.2513 564.0844 566.1035 568.1497 570.433 573.1892 576.5865 580.5617 585.1129 590.1384 595.5089 601.0853 606.7142 612.2301 617.4446 -9999 -9999 -9999
554.9724 555.0365 554.9302 554.4725 553.9632 553.5199 552.998 552.3799 551.6394 550.986 550.5701 550.2196 549.8251 549.6706 549.4492 549.337 549.2227 549.186 549.1831 549.1481 549.0415 548.9043 548.7416 548.5272 548.2988 548.0634 547.8099 547.5349 547.3909 547.2333 547.075 547.1396 547.4199 547.9924 548.6409 549.2679 549.8888 550.5583 551.1426 551.8303 552.3477 552.6514 552.8455 553.098 553.5507 554.2539 555.0284 555.8279 556.8791 558.0367 559.1605 560.4528 561.9428 563.6296 565.5743 567.9976 571.0789 574.7418 579.0052 583.9033 589.2584 594.9119 600.7045 606.489 612.1064 617.3724 -9999 -9999
556.4066 556.3528 556.1929 555.6866 554.9907 554.4106 553.8439 553.2541 552.6248 552.0035 551.5398 551.0431 550.5328 550.1403 549.7805 549.6724 549.4669 549.408 549.4057 549.3702 549.2258 549.0832 548.9211 548.7197 548.4672 548.2012 547.9177 547.5748 547.1109 546.7783 546.5648 546.3334 546.3672 546.66 547.0296 547.4512 547.9062 548.5836 549.1329 549.7783 550.4559 550.9458 551.301 551.6546 552.085 552.6341 553.1967 553.8619 554.8014 555.6557 556.5208 557.5344 558.657 559.9522 561.5491 563.6006 566.2671 569.5407 573.4737 578.0486 583.1841 588.757 594.5881 600.5417 606.4873 612.253 617.6199 -9999
557.5326 557.542 557.3536 556.7524 555.9485 555.2214 554.571 553.9678 553.3946 552.8684 552.4958 551.9301 551.3304 550.7957 550.3431 550.0424 549.7576 549.708 549.71 549.6882 549.4841 549.3602 549.2618 549.1166 548.8513 548.5844 548.2938 547.8201 547.2149 546.6531 546.2355 545.9001 545.774 545.8632 546.0834 546.3708 546.4286 546.6321 546.9323 547.5654 548.4463 549.1307 549.6896 550.2192 550.6902 551.1804 551.7062 552.2866 552.9612 553.614 554.3881 555.2178 556.0777 557.084 558.4231 560.127 562.3448 565.1642 568.576 572.686 577.4724 582.7912 588.5229 594.5372 600.7115 606.8765 612.766 618.0248
558.5488 558.6798 558.4955 557.8245 556.9374 556.0451 555.2759 554.6228 554.0712 553.6016 553.1909 552.6851 552.0818 551.4957 550.9862 550.5961 550.2957 550.1412 550.0507 549.9415 549.7457 549.7152 549.7067 549.6358 549.3322 549.0903 548.8284 548.3119 547.6193 546.8428 546.2732 545.8218 545.5381 545.4199 545.404 545.393 545.1368 544.9406 544.9412 545.5002 546.304 547.096 547.9023 548.6555 549.2039 549.7406 550.3423 550.9294 551.5282 552.1074 552.7267 553.3498 554.0936 554.9198 556.0027 557.374 559.2299 561.5727 564.4692 568.0564 572.2936 577.2054 582.6912 588.6464 594.9382 601.3712 607.6172 613.2154
559.6923 559.8031 559.5671 558.8932 557.9856 557.0331 556.0554 555.2853 554.6975 554.2261 553.764 553.2671 552.7242 552.1534 551.6316 551.2102 550.8897 550.6545 550.4975 550.3665 550.2419 550.2102 550.1753 550.0627 549.8119 549.7136 549.5515 549.0403 548.3896 547.5586 546.7633 546.1227 545.6397 545.2838 544.9803 544.639 544.1703 543.7607 543.6473 543.8569 544.3721 545.1432 545.9772 546.7283 547.3813 548.1414 548.9272 549.6036 550.2565 550.8439 551.4181 551.9817 552.6009 553.2399 554.1328 555.2505 556.7704 558.7315 561.1503 564.1538 567.8265 572.1638 577.2769 583.049 589.3391 595.901 602.3243 608.0702
561.5605 561.3779 560.9249 560.116 559.0958 558.119 556.9825 556.0077 555.3197 554.8077 554.2721 553.7623 553.258 552.7437 552.2359 551.8051 551.4633 551.1953 551.0171 550.8955 550.8037 550.7576 550.7211 550.6423 550.5098 550.4203 550.2345 549.8168 549.3457 548.5322 547.6201 546.7621 546.0624 545.4701 544.9032 544.2997 543.6577 543.1344 542.8547 542.7453 542.9312 543.4088 544.0442 544.8295 545.5948 546.4304 547.2302 548.0856 548.9128 549.589 550.2238 550.7943 551.3624 551.9453 552.6693 553.5432 554.8212 556.4559 558.4634 561.0095 564.1121 567.8743 572.4642 577.9362 584.1008 590.6597 597.1018 602.8524
