backend/lakes/data/Frog Lake/frog_dem_tm.asc
ncols         198
nrows         337
xllcorner     801250
yllcorner     5973350
cellsize      50
NODATA_value  -9999
[rows 120 to 149 of 337, columns 0 to 67 of 198]
-9999 -9999 -9999 -9999 -9999 -9999 -9999 -9999 -9999 -9999 -9999 -9999 -9999 -9999 -9999 -9999 -9999 -9999 -9999 -9999 -9999 -9999 -9999 -9999 -9999 -9999 -9999 -9999 576.5732 574.6119 572.5507 570.4921 568.3301 566.2671 565.0045 564.1503 563.5054 562.9336 562.3482 561.7021 560.7076 559.5386 558.1999 556.374 554.498 552.4328 550.45 549.2251 548.2317 547.3351 546.5494 545.8934 545.4381 545.134 544.9574 544.9208 545.0531 545.3772 545.9106 546.6695 547.6554 548.7434 549.8854 551.2667 552.6293 553.746 554.7428 555.6503
-9999 -9999 -9999 -9999 -9999 -9999 -9999 -9999 -9999 -9999 -9999 -9999 -9999 -9999 -9999 -9999 -9999 -9999 -9999 -9999 -9999 -9999 -9999 -9999 -9999 -9999 -9999 -9999 577.0406 574.8317 572.5453 570.2601 567.9277 565.7842 564.5295 563.7341 563.1538 562.6147 561.9944 561.3002 560.3265 559.1718 557.9609 556.4492 554.7451 552.5736 550.4645 549.0465 547.8875 546.8716 546.174 545.6318 545.2546 545.0183 544.9008 544.9053 545.0586 545.3916 545.9237 546.6657 547.614 548.6758 549.8461 551.2561 552.6244 553.6687 554.5415 555.2894
-9999 -9999 -9999 -9999 -9999 -9999 -9999 -9999 -9999 -9999 -9999 -9999 -9999 -9999 -9999 -9999 -9999 -9999 -9999 -9999 -9999 -9999 -9999 -9999 -9999 -9999 -9999 -9999 577.4678 575.0375 572.5811 570.203 567.8822 565.7456 564.4736 563.6548 563.0548 562.5049 561.8622 561.0074 559.9896 558.9105 557.7654 556.444 554.9143 552.773 550.6605 549.1161 547.8016 546.6893 545.9448 545.4426 545.1196 544.9315 544.8575 544.8978 545.0705 545.4095 545.9408 546.6788 547.6348 548.6913 549.8591 551.2716 552.6127 553.5558 554.3118 554.9519
-9999 -9999 -9999 -9999 -9999 -9999 -9999 -9999 -9999 -9999 -9999 -9999 -9999 -9999 -9999 -9999 -9999 -9999 -9999 -9999 -9999 -9999 -9999 -9999 -9999 -9999 -9999 -9999 578.0468 575.4136 572.7974 570.3804 568.1711 566.1449 564.8235 563.8922 563.1818 562.5403 561.8024 560.7626 559.6493 558.6594 557.5669 556.3587 555.0259 553.0144 551.0411 549.4011 547.9371 546.6946 545.8954 545.3945 545.0842 544.9081 544.8447 544.8972 545.0801 545.4229 545.9535 546.6861 547.6385 548.6977 549.8747 551.2861 552.5844 553.3995 554.0677 554.6633
-9999 -9999 -9999 -9999 -9999 -9999 -9999 -9999 -9999 -9999 -9999 -9999 -9999 -9999 -9999 -9999 -9999 -9999 -9999 -9999 -9999 -9999 -9999 -9999 -9999 -9999 -9999 -9999 578.8088 576.0547 573.3243 570.8811 568.8052 566.9739 565.4664 564.3214 563.43 562.636 561.7479 560.5171 559.2418 558.3098 557.3776 556.3563 555.1397 553.2335 551.3557 549.6454 548.1461 546.7953 545.9922 545.4879 545.1566 544.9502 544.8611 544.8981 545.0763 545.4199 545.9565 546.6991 547.6624 548.7238 549.8961 551.3004 552.559 553.2524 553.879 554.4788
-9999 -9999 -9999 -9999 -9999 -9999 -9999 -9999 -9999 -9999 -9999 -9999 -9999 -9999 -9999 -9999 -9999 -9999 -9999 -9999 -9999 -9999 -9999 -9999 -9999 -9999 -9999 -9999 579.5923 576.767 573.9418 571.4698 569.4658 567.6655 566.0331 564.717 563.6663 562.7333 561.7218 560.389 559.0557 558.1126 557.2521 556.336 555.2561 553.4859 551.6633 549.8442 548.281 546.9644 546.2102 545.6875 545.3073 545.0384 544.8912 544.8857 545.0395 545.3754 545.9191 546.6844 547.6525 548.7222 549.9038 551.319 552.5973 553.35 553.9279 554.4306
-9999 -9999 -9999 -9999 -9999 -9999 -9999 -9999 -9999 -9999 -9999 -9999 -9999 -9999 -9999 -9999 -9999 -9999 -9999 -9999 -9999 -9999 -9999 -9999 -9999 -9999 -9999 -9999 580.1422 577.2888 574.4329 571.897 569.8226 568.0058 566.3123 564.9241 563.7996 562.7981 561.7355 560.3973 559.057 558.1122 557.2594 556.3594 555.4435 553.906 552.1094 550.1732 548.6061 547.3618 546.5465 545.9274 545.473 545.1318 544.9126 544.8465 544.9545 545.2578 545.7783 546.5239 547.3907 548.528 549.8368 551.302 552.6243 553.4417 553.9962 554.4144
-9999 -9999 -9999 -9999 -9999 -9999 -9999 -9999 -9999 -9999 -9999 -9999 -9999 -9999 -9999 -9999 -9999 -9999 -9999 -9999 -9999 -9999 -9999 -9999 -9999 -9999 -9999 -9999 580.4889 577.6177 574.7293 572.0687 569.8149 567.8936 566.2292 564.8938 563.8087 562.8354 561.8115 560.5795 559.2776 558.3494 557.5083 556.6749 555.7586 554.3958 552.6095 550.6732 549.0911 547.7758 546.7493 546.0891 545.5925 545.1942 544.9092 544.7775 544.8267 545.0715 545.5187 546.1624 546.9942 548.2816 549.7424 551.2572 552.628 553.4843 554.0165 554.367
-9999 -9999 -9999 -9999 -9999 -9999 -9999 -9999 -9999 -9999 -9999 -9999 -9999 -9999 -9999 -9999 -9999 -9999 -9999 -9999 -9999 -9999 -9999 -9999 -9999 -9999 -9999 -9999 580.7419 577.7823 574.7899 571.9695 569.4953 567.3926 565.8668 564.6902 563.7396 562.8842 561.9889 560.9796 559.7736 558.7423 557.8588 557.0573 556.1902 555.017 553.2774 551.4704 549.8032 548.342 547.072 546.2913 545.708 545.2393 544.8914 544.6996 544.694 544.8895 545.293 545.9149 546.804 548.1531 549.6965 551.2483 552.6315 553.4858 553.9775 554.2645
-9999 -9999 -9999 -9999 -9999 -9999 -9999 -9999 -9999 -9999 -9999 -9999 -9999 -9999 -9999 -9999 -9999 -9999 -9999 -9999 -9999 -9999 -9999 -9999 -9999 -9999 -9999 -9999 581.0429 577.9178 574.7491 571.7739 569.1713 566.9828 565.5013 564.4564 563.662 562.9731 562.2786 561.467 560.2109 559.0162 558.1544 557.3938 556.5753 555.5179 554.009 552.3428 550.6512 549.1039 547.6795 546.6347 545.8849 545.3101 544.89 544.6436 544.5951 544.7618 545.1547 545.7961 546.7428 548.1116 549.6763 551.2238 552.6241 553.4481 553.8796 554.1011
-9999 -9999 -9999 -9999 -9999 -9999 -9999 -9999 -9999 -9999 -9999 -9999 -9999 -9999 -9999 -9999 -9999 -9999 -9999 -9999 -9999 -9999 -9999 -9999 -9999 -9999 -9999 -9999 581.4668 578.1208 574.7574 571.624 568.9134 566.6793 565.2087 564.2623 563.5912 563.0211 562.4359 561.6998 560.495 559.2604 558.4359 557.6948 556.9075 555.9266 554.6564 553.0891 551.4247 549.7557 548.2529 547.0147 546.1393 545.4404 544.9349 544.6359 544.5541 544.7047 545.1005 545.7609 546.7324 548.0929 549.6569 551.2175 552.6121 553.3707 553.7209 553.8733
-9999 -9999 -9999 -9999 -9999 -9999 -9999 -9999 -9999 -9999 -9999 -9999 -9999 -9999 -9999 -9999 -9999 -9999 -9999 -9999 -9999 -9999 -9999 -9999 -9999 -9999 -9999 -9999 582.0772 578.4798 574.8903 571.5601 568.7083 566.4307 564.9988 564.153 563.5612 563.0349 562.4805 561.7969 560.7388 559.6305 558.759 557.9918 557.2545 556.4066 555.3428 553.8831 552.2434 550.4724 548.9507 547.6446 546.5298 545.6473 545.0406 544.6879 544.5777 544.7147 545.1096 545.771 546.7251 548.0229 549.5286 551.0588 552.5165 553.225 553.4872 553.5897
-9999 -9999 -9999 -9999 -9999 -9999 -9999 -9999 -9999 -9999 -9999 -9999 -9999 -9999 -9999 -9999 -9999 -9999 -9999 -9999 -9999 -9999 -9999 -9999 -9999 -9999 -9999 -9999 582.8498 579.0267 575.2054 571.6729 568.6418 566.2638 564.9136 564.1877 563.629 563.0734 562.4903 561.8458 560.9321 559.8883 558.9293 558.2197 557.5673 556.8223 555.8672 554.5987 553.0228 551.3381 549.7198 548.3041 546.8641 545.8551 545.1826 544.7914 544.6564 544.7761 545.1577 545.7997 546.6993 547.8632 549.2193 550.6703 552.2772 552.9847 553.179 553.283
-9999 -9999 -9999 -9999 -9999 -9999 -9999 -9999 -9999 -9999 -9999 -9999 -9999 -9999 -9999 -9999 -9999 -9999 -9999 -9999 -9999 -9999 -9999 -9999 -9999 -9999 -9999 -9999 583.7068 579.706 575.6819 571.9676 568.8403 566.4806 565.0531 564.3956 563.8073 563.2004 562.608 561.9669 561.2061 560.2008 559.1721 558.4973 557.9059 557.2391 556.4066 555.3292 553.8549 552.2006 550.4246 548.8032 547.2221 546.1289 545.3907 544.9561 544.786 544.8721 545.2175 545.819 546.6499 547.6478 548.8708 550.2878 551.9033 552.6737 552.821 552.9699
-9999 -9999 -9999 -9999 -9999 -9999 -9999 -9999 -9999 -9999 -9999 -9999 -9999 -9999 -9999 -9999 -9999 -9999 -9999 -9999 -9999 -9999 -9999 -9999 -9999 -9999 -9999 -9999 584.532 580.4006 576.2056 572.3363 569.1493 566.8124 565.2836 564.4974 563.8875 563.3259 562.8004 562.2657 561.6537 560.7084 559.7266 558.9388 558.3152 557.6508 556.8694 555.8821 554.6012 553.0248 551.3066 549.5553 547.8831 546.5875 545.7178 545.2054 544.9756 544.9971 545.2672 545.7852 546.5202 547.3242 548.4191 549.7557 551.2124 552.3182 552.7034 552.7589
-9999 -9999 -9999 -9999 -9999 -9999 -9999 -9999 -9999 -9999 -9999 -9999 -9999 -9999 -9999 -9999 -9999 -9999 -9999 -9999 -9999 -9999 -9999 -9999 -9999 -9999 -9999 -9999 585.2775 581.0652 576.7612 572.7957 569.5977 567.35 565.8188 564.8278 564.0875 563.5039 563.0059 562.5165 561.9436 561.1977 560.3033 559.4705 558.7573 558.0494 557.3039 556.4354 555.3621 553.9321 552.3011 550.4666 548.6836 547.1664 546.1743 545.5618 545.2403 545.16 545.3051 545.6655 546.2036 546.8642 547.8612 549.0754 550.332 551.4899 552.1276 552.4011
-9999 -9999 -9999 -9999 -9999 -9999 -9999 -9999 -9999 -9999 -9999 -9999 -9999 -9999 -9999 -9999 -9999 -9999 -9999 -9999 -9999 -9999 -9999 -9999 -9999 -9999 -9999 -9999 585.9666 581.7296 577.4145 573.4638 570.3137 568.116 566.5533 565.3117 564.4209 563.7625 563.2504 562.7906 562.2917 561.6906 560.8308 559.9401 559.0749 558.3878 557.6875 556.9037 555.9526 554.7743 553.3101 551.5943 549.6936 548.0592 546.8605 546.0785 545.6121 545.3959 545.3947 545.5959 545.9879 546.5718 547.3837 548.5132 549.7374 550.7966 551.5282 551.9764
-9999 -9999 -9999 -9999 -9999 -9999 -9999 -9999 -9999 -9999 -9999 -9999 -9999 -9999 -9999 -9999 -9999 -9999 -9999 -9999 -9999 -9999 -9999 -9999 -9999 -9999 -9999 -9999 586.7405 582.4875 578.2086 574.3523 571.3202 569.0702 567.5155 566.1018 564.9222 564.1125 563.5424 563.0768 562.5862 561.9918 561.2976 560.4731 559.5931 558.7976 558.0834 557.3768 556.577 555.5992 554.2748 552.5995 550.7085 549.0591 547.7789 546.7628 546.1008 545.7224 545.5715 545.6188 545.8457 546.2618 546.9186 548.0687 549.3126 550.2648 551.0175 551.5638
-9999 -9999 -9999 -9999 -9999 -9999 -9999 -9999 -9999 -9999 -9999 -9999 -9999 -9999 -9999 -9999 -9999 -9999 -9999 -9999 -9999 -9999 -9999 -9999 -9999 -9999 -9999 -9999 587.723 583.4413 579.1959 575.4344 572.5563 569.9524 568.2919 566.7954 565.3444 564.4663 563.8754 563.4221 562.9578 562.4388 561.8453 561.0853 560.1678 559.2034 558.4892 557.8445 557.1505 556.3069 555.1855 553.6143 551.8501 550.0983 548.7902 547.5721 546.6904 546.144 545.8562 545.7839 545.8662 546.1503 546.7192 547.7448 548.8855 549.8289 550.6193 551.2074
-9999 -9999 -9999 -9999 -9999 -9999 -9999 -9999 -9999 -9999 -9999 -9999 -9999 -9999 -9999 -9999 -9999 -9999 -9999 -9999 -9999 -9999 -9999 -9999 -9999 -9999 -9999 -9999 589.0032 584.7043 580.4409 576.5458 573.2906 570.5311 568.6387 567.0674 565.7184 564.8279 564.2318 563.8173 563.3535 562.8682 562.3541 561.7423 560.8914 559.9066 559.041 558.3647 557.7012 556.9186 555.889 554.5111 552.8276 551.0335 549.5967 548.3325 547.3422 546.6591 546.2535 546.1106 546.0571 546.2154 546.6857 547.6134 548.6956 549.6711 550.4038 550.9495
-9999 -9999 -9999 -9999 -9999 -9999 -9999 -9999 -9999 -9999 -9999 -9999 -9999 -9999 -9999 -9999 -9999 -9999 -9999 -9999 -9999 -9999 -9999 -9999 -9999 -9999 -9999 -9999 -9999 586.3499 582.1377 578.1721 574.6745 571.7225 569.4211 567.6182 566.1989 565.1925 564.6287 564.2601 563.7258 563.2236 562.7443 562.2249 561.5744 560.6471 559.76 558.9813 558.296 557.5546 556.6393 555.4656 553.9463 552.2381 550.5831 549.1934 548.0892 547.2791 546.754 546.5818 546.3644 546.4009 546.755 547.6277 548.6755 549.643 550.2811 550.7461
-9999 -9999 -9999 -9999 -9999 -9999 -9999 -9999 -9999 -9999 -9999 -9999 -9999 -9999 -9999 -9999 -9999 -9999 -9999 -9999 -9999 -9999 -9999 -9999 -9999 -9999 -9999 -9999 -9999 588.3566 584.3183 580.4477 576.8625 573.6725 570.9796 568.7977 567.1804 566.0538 565.265 564.6503 564.0441 563.5067 563.026 562.5351 561.9523 561.2513 560.4804 559.7107 558.9632 558.2283 557.3861 556.3481 555.0513 553.4462 551.8182 550.2297 548.986 548.0591 547.4204 547.0223 546.6705 546.6446 546.9753 547.7522 548.727 549.6418 550.1687 550.5538
-9999 -9999 -9999 -9999 -9999 -9999 -9999 -9999 -9999 -9999 -9999 -9999 -9999 -9999 -9999 -9999 -9999 -9999 -9999 -9999 -9999 -9999 -9999 -9999 -9999 -9999 -9999 -9999 -9999 -9999 586.8799 583.2171 579.6876 576.3445 573.3138 570.7481 568.7859 567.4847 566.5128 565.3958 564.5115 563.839 563.3096 562.8398 562.3589 561.832 561.1848 560.4707 559.7241 558.9512 558.1353 557.1653 555.9674 554.5422 552.9826 551.4236 550.0417 548.9796 548.2108 547.6306 547.0365 546.7102 547.1226 547.8646 548.7493 549.5801 549.9961 550.342
-9999 -9999 -9999 -9999 -9999 -9999 -9999 -9999 -9999 -9999 -9999 -9999 -9999 -9999 -9999 -9999 -9999 -9999 -9999 -9999 -9999 -9999 -9999 -9999 -9999 -9999 -9999 -9999 -9999 -9999 589.7171 586.2963 582.9198 579.5648 576.3255 573.3963 571.0053 569.3696 568.2259 566.5509 565.2013 564.3051 563.6694 563.1772 562.7445 562.3135 561.8206 561.1968 560.4941 559.7368 558.922 558.0159 556.941 555.6831 554.2538 552.7479 551.2955 550.0354 549.1142 548.441 547.6592 547.2206 547.4517 548.0163 548.712 549.3507 549.746 550.1323
-9999 -9999 -9999 -9999 -9999 -9999 -9999 -9999 -9999 -9999 -9999 -9999 -9999 -9999 -9999 -9999 -9999 -9999 -9999 -9999 -9999 -9999 -9999 -9999 -9999 -9999 -9999 -9999 -9999 -9999 -9999 589.5953 586.409 583.1448 579.8387 576.6419 573.743 571.3606 569.5226 567.642 566.0707 564.9427 564.1582 563.589 563.1438 562.748 562.3263 561.8372 561.2125 560.5049 559.7308 558.8809 557.9179 556.8069 555.5417 554.1152 552.6295 551.2039 549.9929 549.0776 548.2844 547.8256 547.8574 548.2158 548.7424 549.2754 549.7028 550.041
-9999 -9999 -9999 -9999 -9999 -9999 -9999 -9999 -9999 -9999 -9999 -9999 -9999 -9999 -9999 -9999 -9999 -9999 -9999 -9999 -9999 -9999 -9999 -9999 -9999 -9999 -9999 -9999 -9999 -9999 -9999 -9999 590.0977 586.9674 583.6987 580.3771 577.0995 574.0593 571.4111 569.0901 567.2013 565.803 564.8278 564.1256 563.6172 563.2173 562.8137 562.3837 561.8541 561.2111 560.4924 559.7076 558.8431 557.8554 556.7157 555.4077 553.9135 552.3778 550.983 549.8401 548.9604 548.4127 548.2635 548.4327 548.8302 549.2896 549.704 549.993
-9999 -9999 -9999 -9999 -9999 -9999 -9999 -9999 -9999 -9999 -9999 -9999 -9999 -9999 -9999 -9999 -9999 -9999 -9999 -9999 -9999 -9999 -9999 -9999 -9999 -9999 -9999 -9999 -9999 -9999 -9999 -9999 -9999 590.9164 587.7529 584.4315 580.9612 577.4652 574.1522 571.1703 568.7834 566.9816 565.7 564.8287 564.2164 563.805 563.4487 562.9463 562.4295 561.8575 561.1908 560.4601 559.6703 558.7916 557.7496 556.5069 555.0602 553.4218 551.9702 550.7496 549.7468 549.0462 548.7095 548.7043 548.9565 549.3353 549.7074 549.9412
-9999 -9999 -9999 -9999 -9999 -9999 -9999 -9999 -9999 -9999 -9999 -9999 -9999 -9999 -9999 -9999 -9999 -9999 -9999 -9999 -9999 -9999 -9999 -9999 -9999 -9999 -9999 -9999 -9999 -9999 -9999 -9999 -9999 594.8043 591.7861 588.5525 585.0525 581.3389 577.5879 574.0358 570.9843 568.6401 566.9437 565.7698 564.9671 564.4297 563.9325 563.4627 563.0112 562.4935 561.878 561.1733 560.4193 559.5995 558.6558 557.4657 556.0366 554.5031 553.0197 551.7148 550.6223 549.7537 549.2141 549.0166 549.1016 549.3785 549.6982 549.8544
-9999 -9999 -9999 -9999 -9999 -9999 -9999 -9999 -9999 -9999 -9999 -9999 -9999 -9999 -9999 -9999 -9999 -9999 -9999 -9999 -9999 -9999 -9999 -9999 -9999 -9999 -9999 -9999 -9999 -9999 -9999 -9999 -9999 -9999 595.5493 592.4646 589.0669 585.3567 581.4352 577.5095 573.8973 570.9287 568.7545 567.2032 566.0749 565.2128 564.5831 564.1456 563.7883 563.3082 562.6975 561.9749 561.1963 560.3635 559.4348 558.3486 556.9988 555.5833 554.1366 552.7522 551.5243 550.4949 549.7502 549.3614 549.2742 549.3981 549.5874 549.7141
-9999 -9999 -9999 -9999 -9999 -9999 -9999 -9999 -9999 -9999 -9999 -9999 -9999 -9999 -9999 -9999 -9999 -9999 -9999 -9999 -9999 -9999 -9999 -9999 -9999 -9999 -9999 -9999 -9999 -9999 -9999 -9999 -9999 -9999 -9999 595.9885 592.7897 589.241 585.3905 581.3797 577.4714 574.0175 571.3168 569.3707 567.8798 566.6775 565.7459 565.242 564.9754 564.4847 563.8553 563.0994 562.2122 561.2676 560.236 559.084 557.8427 556.5287 555.176 553.7453 552.4354 551.2505 550.3293 549.7314 549.4751 549.4989 549.597 549.71
