backend/lakes/data/Frog Lake/frog_dem_tm.asc
ncols         198
nrows         337
xllcorner     801250
yllcorner     5973350
cellsize      50
NODATA_value  -9999
[rows 240 to 269 of 337, columns 68 to 135 of 198]
-9999 -9999 -9999 -9999 -9999 -9999 -9999 572.5955 572.6177 572.6099 572.5832 572.7605 573.3973 574.6002 575.7407 575.4591 574.3179 572.6421 570.7361 568.7299 566.866 565.298 564.0734 563.0985 562.3448 561.8319 561.377 561.0404 560.7732 560.4949 560.2007 559.8956 559.5819 559.2495 558.8398 558.1534 557.3674 556.6538 556.1359 555.8085 555.6199 555.541 555.5405 555.598 555.692 555.8151 556.1562 556.6281 557.1837 557.7764 558.3536 558.8567 559.2128 559.5787 559.9894 560.4354 560.8918 561.3796 561.9348 562.7433 563.6711 564.6039 565.4709 566.2591 567.2878 567.6434 567.524 567.1612
-9999 -9999 -9999 -9999 -9999 -9999 -9999 -9999 -9999 572.9 572.8824 573.0706 573.8029 574.7045 575.1216 574.2246 572.6439 570.9271 569.166 567.2499 565.5652 564.2767 563.288 562.5336 561.9654 561.6075 561.281 560.9859 560.7197 560.4283 560.1385 559.8424 559.536 559.2139 558.8158 558.0246 557.113 556.3158 555.8145 555.5507 555.444 555.4503 555.5308 555.6553 555.8053 555.9347 556.2247 556.6503 557.1702 557.7386 558.3073 558.8166 559.1055 559.4749 559.9117 560.3895 560.8593 561.38 561.9547 562.8579 563.9193 565.0118 566.127 567.397 568.3939 568.4867 568.2305 568.0343
-9999 -9999 -9999 -9999 -9999 -9999 -9999 -9999 -9999 573.0007 572.9362 572.9685 573.1693 573.4181 573.1894 572.0239 570.5591 568.9457 567.3291 565.7643 564.5063 563.5107 562.7449 562.1962 561.8581 561.4933 561.1816 560.9049 560.6477 560.3856 560.12 559.8314 559.5128 559.1608 558.7727 557.8585 556.8199 555.9544 555.5231 555.3287 555.2969 555.3804 555.5328 555.6976 555.8152 556.0255 556.3221 556.713 557.1803 557.6865 558.1821 558.603 558.8947 559.3354 559.8023 560.2794 560.7587 561.2918 561.9638 563.0209 564.2827 565.6045 567.0831 568.1952 568.9178 569.0588 569.0396 568.9883
-9999 -9999 -9999 -9999 -9999 -9999 -9999 -9999 573.1942 572.9931 572.8022 572.5954 572.2745 571.6915 570.9039 569.8328 568.5135 567.0839 565.7581 564.6768 563.7623 563.0021 562.3931 561.9279 561.6515 561.3542 561.0757 560.8226 560.5901 560.3715 560.1592 559.9246 559.642 559.2797 558.7427 557.6628 556.5405 555.7668 555.3328 555.1674 555.1863 555.3309 555.5553 555.8034 555.953 556.1685 556.4511 556.8055 557.2192 557.6628 558.1002 558.4991 558.8603 559.2931 559.7467 560.2108 560.6951 561.2484 561.9893 563.2025 564.6915 566.2291 567.7465 568.7596 569.3613 569.6446 569.8969 570.028
-9999 -9999 -9999 -9999 -9999 -9999 -9999 573.8204 573.0821 572.7642 572.498 572.1071 571.3746 570.0477 569.0898 568.046 566.8701 565.6825 564.7968 564.0337 563.3433 562.7425 562.2605 561.8925 561.5741 561.2677 560.9923 560.7555 560.5496 560.3693 560.2021 560.009 559.7336 559.3103 558.6191 557.3554 556.1431 555.4763 555.1317 555.0265 555.0939 555.2797 555.5358 555.8104 556.0457 556.3054 556.5864 556.9143 557.2865 557.6809 558.0768 558.4658 558.8619 559.2953 559.7375 560.2042 560.7101 561.286 562.0285 563.3187 564.9234 566.6183 568.1822 569.1656 569.7233 570.099 570.6008 571.0674
-9999 -9999 -9999 -9999 -9999 -9999 -9999 573.6462 572.8906 572.4625 572.1011 571.5813 570.5657 569.0096 567.8884 566.8293 565.8071 564.9587 564.3425 563.7448 563.1629 562.6414 562.2213 561.8967 561.5614 561.2296 560.9391 560.7101 560.5243 560.3696 560.2223 560.0293 559.708 559.1647 558.3016 556.9421 555.8408 555.2313 554.957 554.9113 555.0225 555.238 555.5129 555.8093 556.0942 556.393 556.7057 557.0275 557.3767 557.7369 558.0943 558.454 558.8426 559.2598 559.7203 560.2286 560.7908 561.4131 562.1013 563.405 565.0297 566.7964 568.4055 569.4668 570.0562 570.6022 571.2647 572.0485
-9999 -9999 -9999 -9999 -9999 -9999 574.8136 573.4578 572.6477 572.0937 571.5837 570.968 569.6228 568.3237 567.1597 566.078 565.147 564.546 564.1428 563.613 563.076 562.5861 562.1927 561.9004 561.5709 561.2236 560.9188 560.6848 560.5126 560.3704 560.219 559.9901 559.5778 558.8503 557.6929 556.337 555.4669 554.9901 554.8071 554.8274 554.9824 555.2209 555.5045 555.8079 556.1193 556.454 556.798 557.1417 557.4914 557.8341 558.1534 558.4426 558.706 558.9777 559.614 560.2458 560.8661 561.5111 562.2473 563.5338 565.0875 566.8474 568.5137 569.691 570.3425 570.9997 571.8729 572.7587
-9999 -9999 -9999 -9999 -9999 -9999 575.0956 573.5745 572.506 571.6913 570.8553 570.0859 569.0781 567.8854 566.7111 565.6343 564.8337 564.2267 563.8166 563.4061 562.9348 562.4858 562.1075 561.889 561.5715 561.2238 560.91 560.6804 560.5145 560.3728 560.2029 559.9255 559.4305 558.5786 557.1857 555.925 555.1717 554.7997 554.7013 554.7867 554.9865 555.2465 555.5247 555.8075 556.1441 556.5159 556.8989 557.2762 557.644 557.9942 558.3125 558.5887 558.8616 559.2179 559.8152 560.4536 561.0908 561.7959 562.6368 563.7821 565.1349 566.7727 568.3351 569.5385 570.3553 571.0856 572.0224 572.9271
-9999 -9999 -9999 -9999 -9999 577.1297 575.3375 573.6423 572.3309 571.2786 570.0455 569.1956 568.3331 567.3733 566.2731 565.2089 564.4803 563.9041 563.4667 563.0894 562.7062 562.3217 561.9247 561.7634 561.5303 561.2245 560.9148 560.6786 560.5189 560.374 560.173 559.8345 559.2484 558.2712 556.6638 555.5759 554.9478 554.6736 554.6524 554.7992 555.0454 555.3325 555.6067 555.8296 556.2057 556.6105 557.0247 557.4351 557.8312 558.2085 558.5594 558.8628 559.1951 559.6187 560.1963 560.8215 561.4112 562.0458 562.9808 564.025 565.1838 566.764 568.3694 569.5369 570.4764 571.2797 572.2316 573.128
-9999 -9999 -9999 -9999 -9999 577.7452 575.627 573.6578 572.0117 570.6544 569.3729 568.4125 567.5566 566.657 565.6997 564.8925 564.2324 563.6747 563.2081 562.8174 562.4817 562.1799 561.9006 561.7279 561.5191 561.2402 560.949 560.6998 560.5233 560.3625 560.126 559.7169 559.0336 557.958 556.3329 555.3395 554.8156 554.6254 554.6677 554.8654 555.1546 555.4781 555.7891 556.0133 556.3542 556.7567 557.1802 557.6088 558.0273 558.4301 558.8224 559.1714 559.5803 560.0681 560.6617 561.2952 561.8491 562.3871 563.1385 564.0468 565.1737 566.7828 568.442 569.8379 571.002 572.0508 573.0765 573.9419
-9999 -9999 -9999 -9999 -9999 578.4946 576.0419 573.7372 571.6922 569.9799 568.6246 567.7484 566.9269 566.0515 565.1642 564.5356 564.0101 563.5178 563.0565 562.6501 562.3243 562.0831 561.8999 561.728 561.5234 561.2644 560.9935 560.7562 560.5519 560.3534 560.0707 559.5914 558.7972 557.5541 556.0817 555.2129 554.791 554.6671 554.7487 554.9741 555.2834 555.6002 555.8285 556.1414 556.5062 556.9171 557.3479 557.7838 558.2079 558.5952 558.915 559.3981 559.9229 560.4841 561.1058 561.7614 562.2614 562.7461 563.3632 564.1649 565.2849 567.0139 568.7973 570.424 571.8939 573.2343 574.3906 -9999
-9999 -9999 -9999 -9999 -9999 579.202 576.5668 574.0024 571.6398 569.6601 568.4249 567.4773 566.5995 565.735 564.9707 564.3553 563.8214 563.3571 562.9319 562.5396 562.2209 562.0052 561.8978 561.728 561.5231 561.2842 561.0405 560.8239 560.621 560.3806 560.0481 559.5242 558.6896 557.3903 556.0162 555.2511 554.9117 554.8149 554.894 555.1149 555.4341 555.7883 556.0065 556.3032 556.6688 557.0768 557.5123 557.952 558.3878 558.8218 559.1763 559.6582 560.2247 560.8246 561.4385 562.02 562.6652 563.2173 563.7928 564.5261 565.6473 567.5848 569.5848 571.4677 573.2051 574.7554 575.9823 -9999
-9999 -9999 -9999 -9999 -9999 579.5198 576.9568 574.3542 571.8849 569.8058 568.5629 567.4406 566.4288 565.5156 564.8599 564.2305 563.6802 563.1911 562.7634 562.4039 562.1106 561.9036 561.8296 561.7101 561.5287 561.308 561.0933 560.9015 560.7047 560.4547 560.088 559.5416 558.7205 557.5037 556.2178 555.5095 555.2188 555.0792 555.0924 555.2551 555.5175 555.8088 556.0957 556.4301 556.8104 557.2272 557.6597 558.0891 558.4897 558.869 559.3436 559.8692 560.4698 561.1103 561.7933 562.4537 563.1979 563.8671 564.4868 565.1854 566.2693 568.2766 570.451 572.5903 574.5702 576.2353 577.3694 -9999
-9999 -9999 -9999 -9999 -9999 579.3837 577.0973 574.6356 572.2003 570.0458 568.53 567.2534 566.1259 565.157 564.5541 563.9985 563.4984 563.022 562.5884 562.2484 562.0211 561.8989 561.8135 561.7164 561.5635 561.364 561.1676 560.996 560.8077 560.5553 560.1915 559.6621 558.9116 557.9355 556.8298 556.0261 555.7209 555.4408 555.3312 555.4151 555.6146 555.8232 556.1572 556.5309 556.9336 557.3601 557.8021 558.2319 558.6124 558.9152 559.4466 560.0311 560.6591 561.2924 561.963 562.8286 563.7752 564.5844 565.3727 566.1198 567.2241 569.1328 571.2933 573.5591 575.6462 577.2073 -9999 -9999
-9999 -9999 -9999 -9999 -9999 579.0446 577.024 574.7738 572.473 570.3281 568.5671 567.1178 565.9066 564.9516 564.2404 563.6835 563.2382 562.8198 562.3954 562.076 561.901 561.8341 561.787 561.7255 561.61 561.444 561.2677 561.1053 560.925 560.6804 560.345 559.8815 559.2761 558.5427 557.5783 556.7632 556.2325 555.8131 555.5782 555.6083 555.8006 555.9773 556.2701 556.6343 557.0392 557.4723 557.926 558.3877 558.8271 559.1389 559.6123 560.1908 560.8312 561.4885 562.1495 563.1383 564.2029 565.2342 566.2712 567.0887 568.2172 569.8901 571.9229 574.1652 576.1996 577.5421 -9999 -9999
-9999 -9999 -9999 -9999 -9999 578.8098 576.8948 574.8604 572.7562 570.675 568.6857 567.0501 565.6934 564.7133 563.8708 563.2632 562.8503 562.5413 562.1677 561.9044 561.8164 561.8009 561.7859 561.7472 561.6567 561.5194 561.3661 561.2111 561.0349 560.8042 560.5025 560.0931 559.5624 558.9199 558.1948 557.4376 556.7859 556.2369 555.8521 555.8128 555.9399 556.1127 556.3814 556.7242 557.1163 557.5404 557.9856 558.4375 558.8638 559.2184 559.7072 560.3123 561.0101 561.7772 562.519 563.4899 564.5751 565.6897 566.8099 567.8695 569.102 570.6857 572.6307 574.7817 576.6763 -9999 -9999 -9999
-9999 -9999 -9999 -9999 -9999 578.8151 576.9235 575.0402 573.086 571.0454 568.9581 567.0629 565.4115 564.2697 563.3812 562.7594 562.374 562.162 561.9097 561.792 561.7828 561.8147 561.8278 561.8029 561.7012 561.5717 561.421 561.2689 561.0985 560.9006 560.6315 560.271 559.8011 559.2656 558.7113 558.0178 557.3481 556.7596 556.3346 556.1641 556.1684 556.2739 556.5005 556.8049 557.1667 557.5631 557.9801 558.4064 558.8279 559.1528 559.6813 560.3322 561.0715 561.886 562.7559 563.7846 564.9265 566.1335 567.3907 568.7031 570.1995 571.9186 573.8586 575.874 577.5839 -9999 -9999 -9999
-9999 -9999 -9999 -9999 -9999 -9999 576.814 574.9672 573.1617 571.2363 569.1744 567.1605 565.2844 563.9095 562.9083 562.2755 561.9355 561.8861 561.7644 561.7302 561.7813 561.8638 561.9006 561.8995 561.7512 561.585 561.3969 561.2214 561.058 560.9182 560.7141 560.3814 559.9388 559.4358 558.9176 558.4276 557.8426 557.2708 556.8226 556.5601 556.4607 556.4907 556.6477 556.8952 557.2092 557.5588 557.9213 558.2771 558.6115 558.9317 559.5638 560.2638 561.0416 561.9061 562.9059 564.0502 565.3185 566.6949 568.1979 569.8833 571.6821 573.591 575.5414 577.3753 578.9434 -9999 -9999 -9999
-9999 -9999 -9999 -9999 -9999 -9999 576.4561 574.6207 572.9491 571.2193 569.3027 567.2837 565.2339 563.636 562.5017 561.9081 561.6857 561.6354 561.6064 561.6482 561.7572 561.8993 561.9901 562.0095 561.8841 561.5552 561.2393 560.9943 560.8506 560.8063 560.7067 560.4246 560.0046 559.5506 559.1465 558.7873 558.2628 557.7166 557.2533 556.9333 556.7584 556.7173 556.8135 557.0065 557.2684 557.5673 557.876 558.183 558.4941 558.8651 559.4412 560.1238 560.9246 561.8858 563.0386 564.3578 565.8165 567.4299 569.2572 571.3354 573.4687 575.5646 577.5207 579.3184 -9999 -9999 -9999 -9999
-9999 -9999 -9999 -9999 -9999 -9999 575.8201 574.0658 572.5439 570.985 569.199 567.218 565.1396 563.4135 562.1475 561.6302 561.5049 561.4279 561.4262 561.4974 561.6299 561.7819 561.8957 561.882 561.6366 561.2495 560.8545 560.5428 560.4016 560.4738 560.5743 560.3881 560.0085 559.6024 559.2556 558.894 558.5413 558.0596 557.601 557.2529 557.0319 556.9373 556.9965 557.1459 557.36 557.6138 557.8811 558.1533 558.4562 558.8491 559.38 560.0416 560.8483 561.8932 563.2322 564.7728 566.4698 568.356 570.5645 572.9905 575.4269 577.685 579.6953 581.4766 -9999 -9999 -9999 -9999
-9999 -9999 -9999 -9999 -9999 -9999 575.1113 573.4744 572.131 570.6905 568.8489 566.97 565.0269 563.324 562.0208 561.4304 561.2433 561.1744 561.1884 561.2668 561.3809 561.4874 561.5261 561.4273 561.157 560.7477 560.2969 559.909 559.7272 559.9169 560.2229 560.3603 560.0291 559.746 559.4312 559.1144 558.8152 558.3223 557.8606 557.5116 557.2858 557.1865 557.2094 557.3173 557.4881 557.704 557.9459 558.1841 558.4642 558.8442 559.3979 560.0879 560.9098 562.0168 563.5803 565.3735 567.3155 569.4601 572.0068 574.7403 577.4042 579.7856 581.824 -9999 -9999 -9999 -9999 -9999
-9999 -9999 -9999 -9999 -9999 -9999 574.5704 573.1077 571.9131 570.5661 568.7459 566.9034 565.0334 563.3776 562.0154 561.3029 561.0092 560.914 560.9166 560.9759 561.0552 561.1059 561.0755 560.9254 560.6365 560.2144 559.7136 559.2612 558.9897 559.2837 559.7294 560.0995 560.1622 559.9156 559.5733 559.2195 558.8633 558.4314 558.012 557.6945 557.493 557.4087 557.4238 557.5094 557.6489 557.8332 558.0656 558.2773 558.5366 558.8787 559.5727 560.3602 561.2292 562.4016 564.2164 566.2447 568.3576 570.7279 573.5257 576.5137 579.3251 581.7383 583.7162 -9999 -9999 -9999 -9999 -9999
-9999 -9999 -9999 -9999 -9999 -9999 574.0438 572.752 571.6935 570.5251 568.8879 567.0375 565.1503 563.5242 562.0537 561.2173 560.8219 560.677 560.6439 560.6637 560.6986 560.7025 560.6284 560.4538 560.1753 559.7783 559.2537 558.8594 558.6696 558.8614 559.2746 559.7732 560.0306 559.8943 559.5833 559.2281 558.8648 558.4781 558.1011 557.8178 557.6535 557.5983 557.6318 557.7178 557.8417 557.9957 558.1891 558.4238 558.7376 559.105 560.0449 560.9694 561.9103 563.2122 565.2852 567.4916 569.6754 572.118 575.0112 578.1205 581.0186 583.4325 -9999 -9999 -9999 -9999 -9999 -9999
-9999 -9999 -9999 -9999 -9999 -9999 573.4648 572.2004 571.2414 570.385 569.0549 567.2443 565.2465 563.4984 562.0243 561.1265 560.6578 560.4597 560.3887 560.3616 560.3467 560.3109 560.2141 560.0377 559.7935 559.4719 558.9297 558.6219 558.4985 558.6151 558.9328 559.5223 559.8967 559.7516 559.4686 559.1644 558.8621 558.5051 558.1617 557.9082 557.7793 557.7599 557.8311 557.9395 558.0613 558.2002 558.3663 558.5816 558.9233 559.6528 560.8423 561.8902 562.9086 564.4953 566.7885 569.0349 571.1761 573.5507 576.3814 579.4748 582.3892 584.7662 -9999 -9999 -9999 -9999 -9999 -9999
-9999 -9999 -9999 -9999 -9999 -9999 572.9743 571.8829 571.1107 570.5227 569.4164 567.5535 565.3848 563.512 562.0013 561.0466 560.5138 560.2617 560.1589 560.0906 560.0232 559.9456 559.8297 559.6544 559.4249 559.156 558.8406 558.5619 558.4554 558.5609 558.8726 559.4136 559.7723 559.5396 559.2769 559.0376 558.8445 558.5089 558.1923 557.9761 557.8859 557.901 558.0122 558.1631 558.295 558.4357 558.6147 558.858 559.2617 560.0863 561.3641 562.7852 563.9598 566.0762 568.4525 570.6555 572.7551 575.0245 577.6526 580.5526 583.3641 -9999 -9999 -9999 -9999 -9999 -9999 -9999
-9999 -9999 -9999 -9999 -9999 -9999 572.5534 571.6729 571.2136 570.814 569.7295 567.7827 565.505 563.5569 561.9988 560.9869 560.3932 560.0903 559.9551 559.8552 559.7465 559.624 559.4848 559.3112 559.097 558.8677 558.6775 558.5153 558.4695 558.5813 558.8678 559.3391 559.6503 559.4694 559.167 558.872 558.6989 558.4495 558.1964 558.0256 557.9773 558.0296 558.1617 558.3435 558.5048 558.6708 558.8524 559.1266 559.5695 560.3705 561.6301 563.1962 564.958 567.4472 569.9341 572.2065 574.3478 576.5366 578.9456 581.5815 -9999 -9999 -9999 -9999 -9999 -9999 -9999 -9999
-9999 -9999 -9999 -9999 -9999 -9999 572.4312 571.6372 571.2928 570.9114 569.9199 567.9071 565.5854 563.6169 562.015 560.943 560.2881 559.9322 559.7559 559.6446 559.5208 559.3668 559.204 559.0403 558.8618 558.7054 558.5876 558.5106 558.5181 558.6333 558.8651 559.267 559.5301 559.3961 559.1173 558.8602 558.6463 558.424 558.2189 558.0881 558.0735 558.1602 558.3066 558.5059 558.6933 558.8553 558.9849 559.3005 559.8434 560.658 561.9608 563.78 566.1999 568.8243 571.3122 573.6528 575.8955 578.0875 580.3839 -9999 -9999 -9999 -9999 -9999 -9999 -9999 -9999 -9999
-9999 -9999 -9999 -9999 -9999 -9999 572.6169 571.8023 571.4126 570.9364 569.8356 567.8855 565.6154 563.6871 562.0433 560.9052 560.1902 559.7867 559.5793 559.4641 559.3422 559.1758 558.9998 558.8599 558.7282 558.621 558.5596 558.5475 558.6017 558.7201 558.874 559.2101 559.4127 559.2867 559.0342 558.8539 558.6341 558.4363 558.2753 558.1845 558.1964 558.3068 558.4727 558.6683 558.858 558.9891 559.1228 559.4003 560.0729 561.0352 562.4666 564.6422 567.3231 570.042 572.5648 574.9839 577.3836 579.7249 -9999 -9999 -9999 -9999 -9999 -9999 -9999 -9999 -9999 -9999
-9999 -9999 -9999 -9999 -9999 -9999 573.1642 572.1912 571.6387 570.996 569.8164 567.866 565.6221 563.7457 562.0471 560.8458 560.0797 559.6424 559.4152 559.297 559.2003 559.0413 558.8636 558.7535 558.6542 558.5817 558.5545 558.5924 558.6968 558.8569 558.9859 559.2014 559.2989 559.1384 558.8726 558.7435 558.5958 558.4595 558.3577 558.3121 558.3518 558.4773 558.66 558.8588 559.0421 559.1938 559.3715 559.7062 560.3428 561.478 563.1212 565.5494 568.3886 571.222 573.8505 576.3687 578.9002 581.4356 -9999 -9999 -9999 -9999 -9999 -9999 -9999 -9999 -9999 -9999
-9999 -9999 -9999 -9999 -9999 -9999 573.7538 572.7579 571.9711 571.1787 569.9289 567.8824 565.5405 563.5507 561.9156 560.7197 559.938 559.4922 559.2592 559.1419 559.0587 558.9604 558.8573 558.7136 558.6082 558.547 558.5401 558.5952 558.7109 558.8591 558.9753 559.147 559.1545 559.0139 558.8557 558.6975 558.5787 558.4956 558.4548 558.4596 558.5275 558.6678 558.86 559.0778 559.2902 559.5118 559.7838 560.2267 560.9679 562.144 563.9904 566.511 569.4274 572.3879 575.1395 577.729 580.3497 583.0618 -9999 -9999 -9999 -9999 -9999 -9999 -9999 -9999 -9999 -9999
