backend/lakes/data/Frog Lake/frog_dem_tm.asc
ncols         198
nrows         337
xllcorner     801250
yllcorner     5973350
cellsize      50
NODATA_value  -9999
[rows 90 to 119 of 337, columns 68 to 135 of 198]
563.2744 563.1803 563.0093 562.7241 562.3525 561.8641 561.2308 560.9127 561.0828 561.3967 561.6367 561.8952 562.0942 562.2844 562.423 562.4746 562.412 562.2427 561.9891 561.7755 561.0977 560.0125 558.6506 557.0362 555.2839 553.4404 552.4067 551.6332 550.9728 550.4501 550.0939 549.8741 549.7058 549.4896 549.2184 548.8755 548.4675 548.0248 547.5634 547.129 546.7073 546.3481 545.9396 545.4807 544.9799 544.4077 543.7444 543.0571 542.2292 541.3968 540.6834 540.298 540.0182 539.842 539.7197 539.6103 539.5247 539.5159 539.6096 539.7342 539.7906 539.7251 539.5807 539.4817 539.6094 540.1644 541.338 543.3861
562.8672 562.7607 562.6182 562.4006 562.1691 561.7518 561.0354 560.5677 560.6388 560.9393 561.29 561.6426 561.9182 562.178 562.3799 562.5204 562.5891 562.587 562.5145 562.3435 561.7706 560.6426 559.0308 557.2109 555.285 553.3372 552.1436 551.3408 550.7546 550.3397 550.0775 549.9332 549.8359 549.707 549.4797 549.1545 548.7531 548.3248 547.8546 547.4302 547.0246 546.6632 546.2799 545.807 545.28 544.7084 544.0999 543.4716 542.6016 541.7329 540.9978 540.5352 540.1914 540.0021 539.8936 539.8018 539.727 539.7248 539.8196 539.9466 539.986 539.8773 539.6629 539.4697 539.4824 539.9101 540.9675 542.8931
562.4771 562.339 562.2112 561.9603 561.789 561.2826 560.6339 560.1877 560.2166 560.5084 560.9359 561.4163 561.8601 562.0947 562.3314 562.5461 562.726 562.8632 562.924 562.8056 562.2888 561.1995 559.3654 557.3538 555.2807 553.2469 551.9237 551.0664 550.5063 550.1637 549.983 549.9143 549.8919 549.8428 549.7057 549.4299 549.0493 548.6628 548.2355 547.8107 547.3955 546.9998 546.6009 546.0859 545.5172 544.9059 544.2781 543.6124 542.7859 541.9283 541.1626 540.5829 540.2592 540.1144 540.0488 539.9879 539.9299 539.9259 540.0226 540.1575 540.2007 540.0702 539.8018 539.5208 539.4091 539.6652 540.4695 541.9488
562.1317 561.9367 561.8506 561.5325 561.1799 560.6617 560.1143 559.7697 559.7918 560.0657 560.5315 561.0856 561.5948 561.9262 562.2661 562.5533 562.8151 563.0505 563.2067 563.1465 562.6672 561.5778 559.7011 557.5233 555.3156 553.2019 551.7782 550.8593 550.2941 549.985 549.8662 549.8625 549.9072 549.9318 549.8772 549.7039 549.3987 549.0435 548.6465 548.2195 547.7661 547.2825 546.7532 546.2921 545.671 544.9791 544.2916 543.6156 542.8113 541.9905 541.2269 540.5914 540.2969 540.2064 540.1985 540.1823 540.1372 540.1189 540.1946 540.3312 540.3907 540.264 539.9679 539.6228 539.4047 539.5055 540.1 541.3356
561.876 561.6469 561.4034 561.0175 560.5518 560.0141 559.5383 559.3097 559.3316 559.562 560.0604 560.7053 561.3578 561.8918 562.2505 562.5486 562.8522 563.1555 563.3861 563.3942 562.9807 561.9602 560.2087 557.8151 555.4572 553.2444 551.7325 550.7456 550.149 549.8519 549.7683 549.8162 549.9158 549.9998 550.0137 549.9199 549.7073 549.4045 549.0461 548.6337 548.16 547.6419 547.0941 546.5536 545.7637 544.926 544.1399 543.4854 542.6901 541.9213 541.2259 540.5963 540.3445 540.3031 540.3506 540.385 540.358 540.3026 540.3328 540.4475 540.5213 540.4201 540.1277 539.7529 539.4677 539.4651 539.9282 541.0275
561.5014 561.2762 560.9576 560.5139 559.9803 559.4086 558.9407 558.8032 558.793 558.9318 559.4692 560.2123 561.0223 561.7623 562.1597 562.4699 562.8121 563.1749 563.4743 563.5596 563.2473 562.3669 560.7936 558.3904 555.8 553.4336 551.8192 550.743 550.0835 549.7781 549.7198 549.7993 549.9374 550.0643 550.1294 550.0994 549.9574 549.7141 549.4059 549.0249 548.5344 547.9636 547.332 546.6318 545.7312 544.7596 543.8155 543.1196 542.3856 541.6722 541.0501 540.5799 540.3981 540.4019 540.4885 540.5691 540.5671 540.4669 540.4358 540.5082 540.5814 540.5115 540.2478 539.876 539.5621 539.5 539.8771 540.8627
561.0876 560.8756 560.5435 560.0845 559.532 558.944 558.4585 558.1617 558.0474 558.1518 558.7138 559.5211 560.421 561.2563 561.8555 562.2634 562.6803 563.1046 563.4596 563.613 563.3995 562.6543 561.222 558.9016 556.2591 553.7872 552.0707 550.8598 550.0824 549.7549 549.7177 549.8116 549.9706 550.1206 550.2191 550.2423 550.166 549.9861 549.718 549.3739 548.8707 548.2281 547.4851 546.6475 545.6938 544.664 543.6686 542.8553 542.0896 541.3903 540.8427 540.5646 540.446 540.4741 540.5694 540.6417 540.6461 540.5697 540.5062 540.5283 540.5834 540.5368 540.3086 539.9567 539.6372 539.538 539.8405 540.6899
560.6352 560.4728 560.1741 559.7445 559.2297 558.7217 558.0673 557.5411 557.2592 557.1753 557.7106 558.6263 559.6268 560.5876 561.3767 561.9616 562.4858 562.9519 563.326 563.5151 563.3845 562.7769 561.5179 559.405 556.8953 554.366 552.522 551.1003 550.099 549.7469 549.7338 549.8133 549.9806 550.1312 550.2426 550.3165 550.3085 550.1949 549.9788 549.6661 549.1473 548.4602 547.6166 546.669 545.6834 544.65 543.6234 542.7086 541.8763 541.1479 540.6062 540.4512 540.439 540.5057 540.5709 540.6649 540.6919 540.6415 540.5699 540.54 540.5582 540.5168 540.3112 539.9767 539.6541 539.5229 539.753 540.4755
560.156 560.0758 559.8488 559.4619 558.926 558.3719 557.6765 557.0327 556.5858 556.1943 556.6694 557.5958 558.722 559.8479 560.8764 561.7258 562.2719 562.7155 563.0485 563.2256 563.1598 562.7087 561.6769 559.8503 557.5961 555.1497 553.1526 551.4596 550.0795 549.704 549.7008 549.7149 549.8953 550.0204 550.122 550.2622 550.3384 550.2964 550.1087 549.7598 549.3569 548.6794 547.7711 546.7393 545.7546 544.6956 543.6274 542.6454 541.7646 541.035 540.5746 540.4244 540.4543 540.5692 540.6411 540.7089 540.734 540.7016 540.6349 540.5702 540.5442 540.4917 540.2739 539.933 539.599 539.4288 539.5651 540.104
559.6763 559.7183 559.5999 559.3157 558.8474 558.1818 557.3831 556.593 555.9664 555.8934 555.9665 556.6868 557.7934 559.0464 560.2438 561.2175 561.8849 562.3335 562.5828 562.7064 562.6879 562.4145 561.6514 560.1315 558.1385 555.9008 553.802 551.9106 550.2022 549.5498 549.3828 549.404 549.5985 549.6597 549.743 550.0049 550.2072 550.2932 550.2313 550.0057 549.643 548.9565 547.9896 546.8905 545.9231 544.7999 543.6602 542.621 541.6908 540.9274 540.5529 540.3865 540.4314 540.5709 540.6784 540.7316 540.7473 540.7318 540.6979 540.6416 540.571 540.5035 540.2211 539.8375 539.4861 539.2962 539.3835 539.8322
559.2337 559.3961 559.399 559.224 558.8329 558.1046 557.2523 556.4366 555.819 555.6187 555.5549 555.9559 556.9426 558.2897 559.5649 560.6145 561.3466 561.7963 561.9138 561.9499 561.9626 561.8727 561.384 560.2578 558.579 556.4955 554.1156 551.836 550.2677 549.4113 548.9946 548.8134 548.7917 548.8198 549.0117 549.4494 549.8191 550.0934 550.2202 550.1328 549.7839 549.2257 548.2369 547.1028 546.1117 544.8651 543.6672 542.5783 541.5933 540.7013 540.335 540.2302 540.3381 540.5627 540.6793 540.7019 540.7004 540.6965 540.7217 540.713 540.6564 540.5452 540.1352 539.6951 539.3381 539.162 539.2577 539.7012
558.9298 559.163 559.2231 559.0995 558.764 558.0227 557.1895 556.4121 555.8047 555.4706 555.274 555.4027 556.1124 557.3822 558.8064 559.9307 560.6586 561.0098 561.0569 561.0512 561.0841 561.1187 560.9811 560.3005 558.9917 557.1777 554.9129 552.395 550.6161 549.4652 548.7141 548.2025 547.8771 547.7437 547.8912 548.3429 549.0103 549.5828 550.0006 550.1744 550.0322 549.5221 548.3676 547.0216 545.8768 544.678 543.556 542.4399 541.4277 540.5908 540.1609 540.0341 540.1357 540.3604 540.5572 540.5689 540.5681 540.572 540.668 540.6835 540.5651 540.3126 539.9105 539.5005 539.1868 539.0601 539.2001 539.6718
558.887 559.0387 559.0417 558.853 558.4573 557.8293 557.1178 556.4368 555.8553 555.4885 555.1005 554.9622 555.4692 556.538 558.0639 559.2317 559.9336 560.1652 560.0781 560.0049 560.0232 560.1145 560.2285 560.1745 559.3241 557.9623 556.0574 553.5535 551.3516 549.8243 548.6869 547.787 547.1157 546.7532 546.7561 547.0446 547.6831 548.6711 549.4312 549.9257 549.9937 549.5031 548.3049 546.8753 545.5731 544.3512 543.3425 542.2697 541.3066 540.5429 540.0687 539.8949 539.9495 540.1107 540.2601 540.3143 540.3562 540.4312 540.5663 540.5588 540.3306 540.0309 539.682 539.3477 539.1061 539.0483 539.2456 539.7456
559.0011 558.9651 558.8438 558.5424 558.1371 557.6313 557.0755 556.5413 556.085 555.7106 555.0945 554.7141 554.9758 555.8628 557.2098 558.4876 559.2255 559.373 559.1034 558.9675 558.9506 559.027 559.2481 559.6585 559.3553 558.5684 557.149 554.828 552.4383 550.4867 548.968 547.701 546.742 546.309 546.2504 546.4313 546.8281 547.4274 548.339 549.2676 549.5615 549.0816 548.0302 546.6893 545.2932 543.9733 543.0475 542.1436 541.2994 540.5974 540.1486 539.9656 539.9976 540.098 540.186 540.2328 540.2743 540.3324 540.3846 540.3034 540.0946 539.8522 539.6002 539.3614 539.1929 539.2072 539.4695 539.9965
559.0901 558.8635 558.5722 558.2513 557.8973 557.5079 557.0792 556.641 556.222 555.7679 555.0791 554.4672 554.4944 555.1807 556.3118 557.5894 558.4962 558.7088 558.4467 558.2438 558.1824 558.2596 558.5148 558.9125 559.0381 558.7253 557.634 555.5314 553.1921 551.219 549.4344 547.926 546.8161 546.3391 546.2646 546.3498 546.5148 546.7728 547.311 548.2493 548.6932 548.4569 547.6791 546.5615 545.2345 543.9551 543.1022 542.332 541.6361 541.0557 540.6384 540.4676 540.5356 540.6066 540.6398 540.6454 540.6415 540.6278 540.5709 540.3698 540.1538 539.984 539.8342 539.6764 539.5442 539.6227 539.9639 540.5182
559.1514 558.8575 558.5364 558.2153 557.8864 557.539 557.1642 556.763 556.3394 555.8515 555.223 554.4496 554.0891 554.5457 555.527 556.615 557.4537 557.7657 557.6689 557.504 557.447 557.5071 557.7599 558.1832 558.5483 558.3832 557.343 555.5568 553.3871 551.4537 549.7056 548.2592 547.2206 546.6964 546.6336 546.6455 546.6523 546.672 547.0732 547.7008 548.0626 547.9565 547.415 546.5569 545.4566 544.382 543.5775 542.9276 542.4569 542.0906 541.8099 541.6462 541.8014 541.9149 541.942 541.9134 541.8459 541.7177 541.4721 541.0691 540.7762 540.6276 540.5292 540.4034 540.2364 540.376 540.8267 541.3469
559.2103 558.886 558.6263 558.3346 558.0151 557.6778 557.3198 556.9322 556.5168 556.1056 555.5447 554.5322 553.7896 553.9028 554.6057 555.5502 556.3415 556.721 556.7552 556.6719 556.6275 556.6686 556.851 557.1377 557.3607 557.2329 556.4976 555.1139 553.2208 551.4297 549.8228 548.5586 547.6652 547.1718 547.0073 546.9476 546.9112 546.9349 547.1848 547.5518 547.7742 547.7015 547.3181 546.6809 545.8838 545.0524 544.4154 543.9877 543.8632 543.817 543.8168 543.8616 544.0081 544.0838 544.0499 543.9494 543.7998 543.5667 543.2038 542.7393 542.2646 541.9688 541.7395 541.5234 541.3367 541.5793 542.2698 542.6162
559.3143 559.1067 558.8605 558.5773 558.2333 557.8782 557.5114 557.1168 556.6907 556.2463 555.6481 554.5643 553.6568 553.3303 553.6561 554.3518 555.1495 555.5457 555.6573 555.6707 555.6962 555.7408 555.8444 555.9966 556.0606 555.9252 555.4162 554.3271 552.8118 551.2181 549.8174 548.7631 548.0326 547.6038 547.4053 547.3126 547.2679 547.2925 547.4435 547.6485 547.7637 547.6986 547.4407 547.0292 546.5312 545.9602 545.642 545.6232 545.9228 546.2144 546.5361 546.8149 547.027 547.0557 546.9014 546.6687 546.3892 546.0012 545.4419 544.8602 544.3066 543.9133 543.5285 543.2702 543.1896 543.4102 543.8663 544.2145
559.334 559.2683 559.0841 558.8311 558.467 558.0873 557.6917 557.2476 556.7427 556.1768 555.5104 554.4197 553.484 552.9651 552.8486 553.1557 553.7583 554.1073 554.2628 554.3723 554.5408 554.6721 554.7898 554.9535 554.9864 554.7802 554.2714 553.4332 552.2271 550.8115 549.675 548.8352 548.2731 547.9401 547.7661 547.6781 547.6392 547.6552 547.7441 547.8625 547.9239 547.8778 547.7281 547.509 547.2604 547.0299 547.1266 547.5054 548.2028 548.9211 549.6132 550.157 550.4969 550.4783 550.1506 549.754 549.3603 548.8774 548.2222 547.6011 547.0054 546.463 545.7457 545.3384 545.3132 545.5885 546.0569 546.4828
559.2546 559.3159 559.1796 558.888 558.6292 558.266 557.833 557.3146 556.6815 555.9172 555.0669 554.0387 553.1991 552.7158 552.4525 552.4801 552.7288 552.8861 552.9889 553.1282 553.4468 553.6379 553.7637 553.8896 554.0016 553.8038 553.3324 552.5366 551.4018 550.1788 549.3486 548.7533 548.3653 548.1451 548.0333 547.9772 547.9547 547.9682 548.0239 548.1013 548.1517 548.1494 548.1167 548.1078 548.1838 548.4211 548.9621 549.6719 550.6654 551.7574 552.7275 553.4891 553.9077 553.8411 553.3979 552.9075 552.5421 552.1789 551.7046 551.1072 550.2936 549.2878 548.2584 547.6953 547.6929 548.01 548.5546 549.1154
559.1757 559.3342 559.2904 559.0948 558.8381 558.4176 557.9275 557.3442 556.6314 555.7491 554.6641 553.559 552.7806 552.3408 552.1108 551.9915 552.033 552.125 552.2614 552.3788 552.6264 552.7423 552.8094 552.9174 553.0543 552.8528 552.4258 551.603 550.6161 549.7 549.0441 548.6032 548.3406 548.2144 548.17 548.1627 548.171 548.1953 548.2419 548.3055 548.3658 548.4171 548.4965 548.6784 549.0438 549.6453 550.514 551.584 552.8758 554.2407 555.4563 556.3456 556.7748 556.666 556.2132 555.8442 555.7679 555.8322 555.8751 555.4222 554.3563 552.8633 551.4108 550.5335 550.314 550.5364 551.0789 551.8114
559.1133 559.3191 559.3357 559.1791 558.8727 558.4673 557.9624 557.3452 556.5899 555.6359 554.3545 553.0972 552.3945 551.9766 551.7191 551.5583 551.5034 551.5259 551.6021 551.666 551.7898 551.8827 551.9675 552.0907 552.2175 551.8772 551.3774 550.6461 549.8558 549.2225 548.7469 548.4241 548.2419 548.1747 548.1801 548.2173 548.2658 548.3187 548.3782 548.4459 548.5187 548.6078 548.7623 549.0718 549.6396 550.5021 551.684 553.0563 554.632 556.2159 557.5845 558.6595 559.1802 559.0492 558.5511 558.3866 558.8388 559.6841 560.474 560.2256 558.8723 556.9084 555.0475 553.7726 553.2033 553.2014 553.6345 554.4211
558.9567 559.2358 559.3073 559.1798 558.8738 558.4601 557.9421 557.3184 556.5612 555.5994 554.2543 552.9583 552.2383 551.7766 551.4484 551.2174 551.0781 551.0177 551.0066 550.9742 551.0044 551.0522 551.098 551.1102 551.0249 550.7676 550.3912 549.8228 549.2938 548.8481 548.5006 548.2622 548.1279 548.0839 548.1073 548.1696 548.2509 548.34 548.429 548.514 548.5969 548.6967 548.8666 549.199 549.8115 550.8815 552.3532 553.9779 555.7727 557.5634 558.8358 560.2832 561.0582 560.9413 560.3154 560.3181 561.2986 563.0062 564.3154 564.3331 563.0692 561.0214 558.8913 557.2429 556.3141 556.0374 556.2501 556.8462
558.6602 559.0754 559.2103 559.0969 558.8212 558.3574 557.8345 557.236 556.5237 555.6271 554.3386 553.0782 552.3394 551.7801 551.3405 550.9965 550.7462 550.5833 550.4687 550.3273 550.2899 550.311 550.3063 550.22 549.9625 549.8041 549.6409 549.2738 548.9055 548.5858 548.3281 548.1456 548.0425 548.0054 548.0205 548.0795 548.1734 548.2902 548.4118 548.5212 548.612 548.7031 548.8481 549.1436 549.7205 550.7546 552.3056 554.0631 556.0643 558.1057 559.6979 561.2051 561.8849 561.8924 561.6995 561.8218 562.7343 564.762 566.6577 567.079 566.1172 564.3676 562.4329 560.6024 559.4084 558.8884 558.86 559.1851
558.3065 558.8499 559.038 558.8588 558.4974 558.0903 557.6325 557.0848 556.4502 555.683 554.5513 553.4355 552.6325 551.9337 551.3638 550.8959 550.5217 550.2304 549.9825 549.7513 549.7133 549.7129 549.7128 549.6547 549.4154 549.2449 549.099 548.8734 548.6323 548.4095 548.2222 548.0856 548.0062 547.9744 547.9761 548.0145 548.0975 548.2219 548.3655 548.4964 548.5934 548.666 548.76 548.9659 549.3998 550.213 551.6652 553.4407 555.5443 557.6704 559.4099 560.8624 561.7169 561.9272 562.1145 562.5015 563.468 565.2128 567.4568 568.5464 568.027 566.7075 565.0258 563.3869 562.1769 561.5054 561.2885 561.4032
557.9615 558.5698 558.8321 558.5983 558.2904 557.9163 557.469 556.9269 556.3534 555.7172 554.7256 553.6807 552.788 552.0884 551.4561 550.8855 550.4021 550.0206 549.723 549.4846 549.3602 549.2997 549.251 549.1709 549.0089 548.8668 548.7439 548.6001 548.4496 548.3029 548.1704 548.0724 548.0199 547.9995 547.9948 548.0112 548.072 548.1864 548.3356 548.4783 548.5776 548.6311 548.6729 548.7839 549.0796 549.7134 550.8628 552.4658 554.3743 556.3619 558.1982 559.6746 560.6672 561.2576 561.7753 562.377 563.4048 565.1177 567.219 568.553 568.7747 568.187 567.1023 565.8538 564.515 563.6364 563.2383 563.2097
557.5687 558.1639 558.4216 558.3101 558.0919 557.772 557.371 556.8977 556.3768 555.7634 554.8663 553.8798 552.9568 552.3014 551.6116 550.9396 550.3551 549.9189 549.6789 549.3575 549.1403 549.0081 548.9144 548.8173 548.699 548.5937 548.5047 548.4185 548.333 548.2458 548.1598 548.0932 548.0646 548.0645 548.067 548.0712 548.1085 548.2045 548.3486 548.4951 548.5955 548.6333 548.632 548.655 548.8033 549.208 549.9922 551.2815 552.9405 554.7329 556.4628 558.009 559.1234 559.9864 560.7039 561.4965 562.4872 564.1079 566.0517 567.758 568.6968 568.8756 568.3882 567.4629 566.1788 565.254 564.788 564.7106
557.203 557.7388 558.0051 558.0026 557.8652 557.6067 557.2639 556.8527 556.3813 555.7958 554.999 554.1241 553.299 552.6179 551.8035 551.0157 550.3121 549.7484 549.4594 549.1777 548.9496 548.786 548.6658 548.5633 548.468 548.3909 548.3336 548.2904 548.256 548.2178 548.171 548.1325 548.1239 548.1437 548.1628 548.1697 548.1918 548.2668 548.4002 548.5484 548.6536 548.6873 548.6615 548.623 548.6561 548.8789 549.3915 550.2742 551.6559 553.1661 554.708 556.1566 557.4019 558.437 559.2367 560.1045 561.1199 562.6226 564.5565 566.4857 568.0134 568.8902 568.9773 568.4494 567.4987 566.5536 565.9759 565.9048
556.8696 557.3464 557.6071 557.6609 557.5756 557.3878 557.1083 556.7509 556.3395 555.8085 555.089 554.2929 553.4994 552.7399 551.9044 551.08 550.3289 549.7159 549.3314 549.0339 548.7966 548.616 548.4808 548.3771 548.2959 548.2386 548.2045 548.1921 548.1949 548.1979 548.1873 548.1735 548.1816 548.2179 548.2559 548.2734 548.2906 548.3484 548.4672 548.6169 548.735 548.7806 548.7561 548.6943 548.6672 548.7857 549.1432 549.7941 550.8195 551.9943 553.2228 554.5107 555.7543 556.8632 557.7815 558.6614 559.6056 561.0251 562.8502 564.9036 566.7591 568.1418 568.9181 568.8859 568.1902 567.4779 567.0508 566.9985
556.559 556.9924 557.2277 557.3066 557.2609 557.125 556.9042 556.589 556.2517 555.8024 555.1243 554.3744 553.5836 552.7742 551.9457 551.126 550.3647 549.7173 549.2678 548.9374 548.6836 548.4897 548.3448 548.2385 548.1659 548.1222 548.1045 548.1113 548.1399 548.1744 548.196 548.2058 548.2281 548.276 548.3308 548.3622 548.3806 548.425 548.5264 548.6732 548.8096 548.8835 548.8845 548.8358 548.7982 548.876 549.1606 549.683 550.3904 551.2566 552.2104 553.2172 554.3495 555.5074 556.4965 557.3979 558.3558 559.6146 561.3224 563.3534 565.3633 567.0771 568.2931 568.9555 568.6498 568.1793 568.0234 568.0104
