backend/lakes/data/Bear Lake/bear_dem_tm.asc
ncols         208
nrows         204
xllcorner     241200
yllcorner     6122700
cellsize      50
NODATA_value  -9999
[rows 90 to 119 of 204, columns 68 to 135 of 208]
658.726 658.4167 658.1357 657.8907 657.6844 657.523 657.4075 657.3298 657.2672 657.1902 657.1176 657.053 656.996 656.9463 656.9001 656.8467 656.765 656.6751 656.5873 656.507 656.4357 656.3748 656.3258 656.2858 656.2499 656.2189 656.1986 656.1892 656.1918 656.2057 656.2239 656.2521 656.29 656.3394 656.3988 656.4651 656.5344 656.6045 656.6724 656.7366 656.7971 656.8535 656.906 656.9551 657.002 657.049 657.0985 657.1521 657.2108 657.2772 657.3512 657.4303 657.511 657.5915 657.67 657.7451 657.816 657.8846 657.9534 658.023 658.0935 658.1641 658.235 658.3086 658.3872 658.4756 658.5728 658.6761
659.0585 658.7023 658.3899 658.1268 657.9122 657.7463 657.6259 657.5376 657.4489 657.3612 657.2822 657.2131 657.1516 657.0945 657.035 656.9591 656.8655 656.7689 656.678 656.5964 656.5244 656.4617 656.4092 656.3635 656.3195 656.2759 656.2434 656.2212 656.213 656.2181 656.2274 656.2441 656.2651 656.3011 656.3494 656.4066 656.4691 656.5338 656.5983 656.6603 656.7189 656.7738 656.8248 656.8724 656.9175 656.9611 657.0057 657.0537 657.1059 657.1635 657.2281 657.2988 657.3723 657.4457 657.5178 657.5878 657.6545 657.718 657.78 657.8427 657.907 657.9738 658.0432 658.1162 658.1954 658.2811 658.3772 658.4805
659.3913 658.9938 658.6561 658.3793 658.1589 657.9897 657.8622 657.7587 657.6477 657.5466 657.4597 657.3843 657.316 657.249 657.1767 657.0791 656.9744 656.8724 656.7786 656.6958 656.6233 656.5598 656.5039 656.4531 656.4017 656.3489 656.3046 656.2734 656.2585 656.261 656.2717 656.2755 656.2651 656.2833 656.3181 656.3636 656.4166 656.4738 656.5323 656.5906 656.6464 656.6992 656.7487 656.795 656.8387 656.881 656.9229 656.9669 657.0144 657.066 657.123 657.1858 657.2528 657.3206 657.387 657.4516 657.5142 657.574 657.6311 657.6872 657.7439 657.8031 657.8662 657.9344 658.0092 658.0922 658.1829 658.2831
659.7109 659.2849 658.9327 658.6459 658.421 658.2475 658.1088 657.9791 657.8536 657.7406 657.6438 657.5602 657.4814 657.3986 657.3043 657.1973 657.0873 656.9822 656.8867 656.8027 656.7296 656.6652 656.6066 656.551 656.4935 656.4334 656.3787 656.3428 656.3217 656.3214 656.3304 656.3114 656.2885 656.2856 656.3046 656.3373 656.3787 656.4265 656.4775 656.5297 656.5815 656.6316 656.6791 656.724 656.7667 656.8078 656.8485 656.8903 656.9346 656.9823 657.0341 657.0905 657.1512 657.2144 657.2767 657.337 657.3955 657.452 657.5061 657.5581 657.6089 657.6603 657.7147 657.7741 657.8406 657.9156 658.0001 658.0931
660.0054 659.5765 659.2186 658.9235 658.6911 658.5114 658.3625 658.2058 658.0629 657.938 657.8306 657.7368 657.6458 657.5422 657.4305 657.3152 657.2025 657.0966 657 656.9147 656.8403 656.7743 656.7131 656.653 656.5907 656.5253 656.4642 656.4213 656.3952 656.385 656.3769 656.3475 656.3171 656.3021 656.3059 656.3253 656.3553 656.3926 656.4349 656.4802 656.5265 656.5727 656.6176 656.6606 656.7021 656.7424 656.7819 656.8225 656.865 656.9101 656.9584 657.0106 657.0663 657.1249 657.1841 657.2418 657.2972 657.3507 657.4025 657.4525 657.5002 657.5466 657.5934 657.6436 657.6993 657.7635 657.8372 657.9208
660.3209 659.8843 659.5118 659.2027 658.9562 658.7604 658.5861 658.4189 658.2657 658.1301 658.0117 657.9073 657.8071 657.6819 657.5555 657.4338 657.3193 657.213 657.1157 657.0291 656.9531 656.8849 656.8207 656.7562 656.6898 656.6212 656.5571 656.5081 656.478 656.4568 656.4334 656.3885 656.349 656.325 656.3178 656.3257 656.3447 656.3723 656.4055 656.4431 656.4832 656.5243 656.5657 656.6063 656.6464 656.6854 656.724 656.7633 656.8044 656.8479 656.8939 656.9431 656.9952 657.05 657.1064 657.1624 657.2163 657.2679 657.318 657.3665 657.4131 657.4573 657.5002 657.5437 657.5904 657.6429 657.7043 657.775
660.6251 660.1819 659.7887 659.467 659.2048 658.9882 658.7978 658.6216 658.4591 658.312 658.1796 658.0579 657.9368 657.8062 657.676 657.5528 657.4387 657.3326 657.2344 657.1456 657.0673 656.9963 656.9283 656.8594 656.7886 656.718 656.6527 656.6006 656.5625 656.5287 656.48 656.4266 656.3824 656.3527 656.3375 656.3359 656.3455 656.3643 656.3892 656.419 656.4523 656.4879 656.5247 656.5624 656.6 656.6376 656.675 656.713 656.7524 656.7944 656.8391 656.8861 656.9357 656.9875 657.0414 657.0957 657.1487 657.2 657.2493 657.2969 657.3427 657.3865 657.4283 657.469 657.5101 657.5544 657.6045 657.6627
660.8523 660.3502 660.006 659.6993 659.433 659.2037 659.0017 658.8156 658.6427 658.4833 658.3364 658.1979 658.0626 657.9275 657.7964 657.6743 657.562 657.4565 657.3572 657.2657 657.1837 657.109 657.0362 656.9622 656.8865 656.8131 656.7463 656.6895 656.64 656.5833 656.5244 656.4679 656.4208 656.3866 656.3649 656.3551 656.3566 656.3679 656.3851 656.4081 656.4342 656.4639 656.4958 656.5295 656.564 656.5994 656.6351 656.6717 656.7095 656.7496 656.7927 656.8383 656.8859 656.9355 656.9868 657.0392 657.0914 657.1425 657.192 657.2396 657.2855 657.3294 657.3716 657.4117 657.451 657.4913 657.5343 657.5824
661.0794 660.5566 660.2208 659.9108 659.6427 659.4078 659.1973 659.0002 658.8159 658.645 658.486 658.3357 658.1916 658.0533 657.9221 657.8011 657.6904 657.5851 657.4844 657.39 657.3037 657.2238 657.1449 657.0645 656.9833 656.9052 656.8337 656.7681 656.6989 656.6317 656.5688 656.5129 656.4663 656.4297 656.4026 656.3848 656.3781 656.382 656.3931 656.4104 656.4294 656.453 656.4795 656.5085 656.5392 656.5713 656.6047 656.6393 656.6753 656.7132 656.7542 656.798 656.8443 656.8921 656.9413 656.9916 657.0425 657.093 657.1423 657.1906 657.2374 657.2822 657.3251 657.3663 657.4059 657.4451 657.4851 657.5276
661.2952 660.7074 660.3176 660.0676 659.8223 659.5947 659.3816 659.1716 658.9765 658.7971 658.6307 658.4739 658.3255 658.1857 658.0547 657.9342 657.8242 657.7185 657.6155 657.5181 657.4273 657.3411 657.2546 657.1663 657.0784 656.9934 656.9133 656.8315 656.7527 656.6804 656.6169 656.5621 656.5161 656.4782 656.4471 656.4229 656.4094 656.4081 656.4161 656.4261 656.4371 656.4553 656.4756 656.4996 656.5259 656.5542 656.5842 656.616 656.6497 656.6853 656.7236 656.7651 656.8096 656.856 656.9033 656.9517 657.0009 657.05 657.099 657.1471 657.1945 657.2407 657.285 657.3275 657.3687 657.4086 657.4484 657.4889
661.5297 660.8799 660.4757 660.2387 659.9834 659.7611 659.5488 659.3235 659.1204 658.9376 658.7694 658.6114 658.4626 658.3232 658.1931 658.0724 657.9624 657.8555 657.7499 657.6492 657.554 657.4606 657.3649 657.2672 657.1703 657.077 656.9845 656.8946 656.8101 656.7354 656.6716 656.6177 656.5723 656.5333 656.499 656.4692 656.4488 656.4414 656.4446 656.4524 656.4584 656.4695 656.4833 656.5023 656.5238 656.548 656.5742 656.6024 656.6331 656.6659 656.7013 656.7399 656.7816 656.826 656.8719 656.9186 656.9658 657.0134 657.0611 657.1085 657.1553 657.2019 657.2476 657.2919 657.3347 657.3766 657.4175 657.4583
661.7995 661.0773 660.6181 660.3107 660.0971 659.8963 659.6746 659.4508 659.2474 659.0663 658.9015 658.7466 658.6006 658.4635 658.3348 658.2135 658.1027 657.9945 657.8862 657.7821 657.6827 657.5821 657.4745 657.3662 657.26 657.1569 657.0572 656.9631 656.8763 656.7994 656.7341 656.6796 656.6334 656.593 656.5554 656.5212 656.4946 656.4806 656.4781 656.4818 656.4855 656.4932 656.5021 656.5151 656.5317 656.5517 656.5739 656.5986 656.6257 656.6554 656.6877 656.7228 656.7612 656.8029 656.8467 656.8916 656.937 656.9827 657.0287 657.0746 657.1205 657.1663 657.2117 657.2568 657.301 657.3446 657.3875 657.4299
662.1429 661.3638 660.8679 660.5325 660.2805 660.0443 659.7974 659.568 659.3663 659.1891 659.0291 658.879 658.7374 658.6039 658.4771 658.3553 658.2427 658.1333 658.0222 657.9148 657.8118 657.7048 657.5814 657.463 657.3489 657.2391 657.135 657.0378 656.9498 656.872 656.8049 656.7478 656.6989 656.6558 656.6147 656.577 656.5454 656.5251 656.5166 656.5151 656.5157 656.5199 656.5264 656.5349 656.5474 656.5636 656.5825 656.6041 656.6279 656.6544 656.6833 656.7149 656.7495 656.7875 656.8282 656.871 656.9146 656.9581 657.002 657.0459 657.09 657.1342 657.1786 657.223 657.2673 657.3116 657.356 657.4
662.6238 661.7889 661.2535 660.8765 660.5542 660.2381 659.9344 659.6902 659.4889 659.3148 659.1579 659.011 658.8724 658.7423 658.6176 658.4955 658.3798 658.2692 658.155 658.0431 657.9362 657.8259 657.6832 657.5582 657.439 657.3253 657.2179 657.1186 657.0287 656.95 656.8811 656.8212 656.7685 656.7213 656.6765 656.6345 656.5996 656.5747 656.5602 656.5529 656.5494 656.55 656.5538 656.5598 656.5695 656.5829 656.5994 656.6183 656.6395 656.6629 656.6885 656.7166 656.7474 656.781 656.8178 656.8572 656.8982 656.9399 656.9816 657.0234 657.0652 657.1072 657.1496 657.1924 657.2355 657.2792 657.3234 657.3683
663.2903 662.3766 661.7825 661.3479 660.9182 660.4306 660.085 659.8307 659.6285 659.4526 659.2935 659.1458 659.0076 658.879 658.7552 658.6327 658.5128 658.3998 658.2823 658.1631 658.0458 657.9241 657.7869 657.6561 657.5317 657.4144 657.3047 657.2035 657.1119 657.0306 656.959 656.8956 656.8387 656.7867 656.7382 656.6927 656.6549 656.6268 656.6079 656.5952 656.5871 656.5839 656.5848 656.5891 656.5972 656.6089 656.6235 656.6406 656.6595 656.6803 656.7028 656.7275 656.7548 656.7843 656.8167 656.8517 656.8894 656.9284 656.9679 657.0074 657.047 657.0867 657.1265 657.1667 657.2079 657.2498 657.2927 657.3368
664.0294 663.0565 662.4138 661.9407 661.4302 660.816 660.3354 660.0298 659.8035 659.6085 659.4372 659.2838 659.1437 659.015 658.8915 658.7672 658.6424 658.5239 658.4049 658.2789 658.1521 658.0227 657.8872 657.7543 657.6262 657.5061 657.3942 657.291 657.1971 657.1128 657.0371 656.9691 656.9073 656.8505 656.7981 656.7502 656.7106 656.6804 656.6581 656.641 656.6286 656.6215 656.6194 656.6223 656.6294 656.6401 656.6537 656.6697 656.687 656.7057 656.7258 656.7473 656.771 656.7968 656.8253 656.8558 656.8893 656.9249 656.9615 656.9987 657.036 657.0731 657.1103 657.1478 657.1863 657.2258 657.2666 657.3087
664.8348 663.8109 663.0819 662.5347 661.856 661.1881 660.652 660.2802 660.0138 659.7794 659.5854 659.4226 659.2802 659.1509 659.027 658.8995 658.7697 658.6428 658.5218 658.3933 658.2603 658.1255 657.9889 657.8538 657.7234 657.6002 657.4856 657.3798 657.2831 657.1947 657.1142 657.041 656.9738 656.9121 656.8565 656.8074 656.7665 656.7354 656.7102 656.6885 656.6719 656.6614 656.6571 656.6586 656.665 656.6754 656.6887 656.7041 656.7207 656.7382 656.7565 656.7756 656.796 656.8182 656.8426 656.8693 656.8986 656.9303 656.9636 656.9979 657.0322 657.0668 657.1015 657.1366 657.1726 657.2095 657.2477 657.287
665.7144 664.7208 663.7574 662.9666 662.2252 661.5352 660.9613 660.532 660.2263 659.9438 659.7303 659.5608 659.4176 659.2882 659.1627 659.0291 658.8939 658.7599 658.6321 658.5052 658.3699 658.2318 658.0931 657.9561 657.8228 657.6965 657.5784 657.4688 657.3682 657.2753 657.1893 657.1106 657.0385 656.9724 656.9143 656.865 656.8239 656.7916 656.7643 656.7369 656.7159 656.7025 656.6964 656.697 656.7031 656.7136 656.7273 656.743 656.7596 656.7767 656.7939 656.8116 656.8295 656.8484 656.8693 656.8922 656.9176 656.9453 656.9747 657.0054 657.0364 657.0679 657.1 657.1329 657.167 657.2017 657.2371 657.2734
666.5349 665.6658 664.6489 663.5788 662.7279 661.9575 661.3033 660.7717 660.3494 660.0759 659.8703 659.7007 659.5583 659.4292 659.3005 659.1543 659.0133 658.8763 658.7415 658.6107 658.4778 658.3395 658.1991 658.0594 657.9232 657.7931 657.6709 657.5568 657.4516 657.3537 657.2624 657.1786 657.1025 657.0334 656.9736 656.9241 656.8835 656.8486 656.8149 656.7839 656.76 656.7444 656.7372 656.7372 656.7433 656.7544 656.7687 656.7852 656.8027 656.82 656.8372 656.8541 656.8706 656.8873 656.9049 656.9244 656.9462 656.9698 656.9952 657.022 657.049 657.077 657.1061 657.1367 657.1691 657.2018 657.235 657.2686
667.1896 666.5499 665.6722 664.6005 663.5139 662.5543 661.7708 661.1301 660.6287 660.2825 660.0444 659.8522 659.703 659.5699 659.4381 659.2712 659.1274 658.9889 658.8528 658.7168 658.5809 658.4427 658.3022 658.1614 658.0222 657.8881 657.7613 657.642 657.5322 657.4296 657.3336 657.246 657.1677 657.0973 657.0358 656.9855 656.9438 656.9068 656.8654 656.8304 656.8046 656.788 656.7801 656.7798 656.7861 656.7977 656.8129 656.8303 656.8489 656.8673 656.885 656.9019 656.918 656.9333 656.9487 656.9652 656.9834 657.0034 657.0247 657.0475 657.0709 657.0947 657.1199 657.1477 657.1786 657.2094 657.2407 657.2719
667.7336 667.2964 666.6628 665.6962 664.5231 663.333 662.3917 661.6067 660.988 660.5388 660.2382 660.0019 659.8446 659.6957 659.5469 659.3865 659.239 659.0988 658.9607 658.823 658.6838 658.5429 658.4008 658.2578 658.116 657.9783 657.8472 657.7232 657.6092 657.5031 657.4041 657.3143 657.2352 657.1647 657.1004 657.0466 656.9992 656.9528 656.9103 656.8757 656.8502 656.8336 656.8256 656.8254 656.8319 656.844 656.8601 656.8788 656.8986 656.9182 656.9369 656.9544 656.9706 656.9855 656.9993 657.0134 657.0283 657.0447 657.0623 657.0808 657.1004 657.1202 657.1414 657.1654 657.1949 657.223 657.253 657.2822
668.2018 667.9479 667.5414 666.744 665.6285 664.3608 663.1684 662.1844 661.4091 660.8088 660.3603 660.1215 659.9815 659.8153 659.6525 659.4918 659.3427 659.2021 659.0642 658.9253 658.7844 658.6409 658.4957 658.3501 658.2051 658.0637 657.9285 657.8007 657.6834 657.5753 657.4745 657.3841 657.3054 657.2349 657.1648 657.1039 657.0455 656.9948 656.9532 656.921 656.8973 656.8818 656.8741 656.8743 656.8812 656.8937 656.9107 656.9305 656.9515 656.9725 656.9927 657.0112 657.028 657.0426 657.0557 657.0681 657.0803 657.0933 657.1072 657.1217 657.1372 657.153 657.1702 657.1904 657.2147 657.2405 657.2702 657.2974
668.6821 668.4609 668.1679 667.5769 666.5806 665.3025 663.9266 662.8143 661.9147 661.1913 660.6456 660.2983 660.1011 659.9296 659.7578 659.5938 659.4415 659.2997 659.1621 659.0233 658.8813 658.7357 658.5875 658.4384 658.2898 658.1448 658.0062 657.8755 657.7559 657.647 657.5453 657.4534 657.3743 657.3033 657.2224 657.1509 657.0887 657.0378 656.9987 656.9696 656.9482 656.9338 656.926 656.9266 656.934 656.9473 656.965 656.9859 657.0083 657.0308 657.0524 657.0721 657.0898 657.1047 657.1173 657.1284 657.1385 657.1486 657.1588 657.1694 657.1808 657.1925 657.2058 657.2217 657.2415 657.2645 657.2904 657.316
-9999 668.8362 668.6147 668.1304 667.2783 666.1079 664.8237 663.5587 662.5237 661.6653 661.011 660.5638 660.2806 660.0758 659.8749 659.6957 659.5393 659.3953 659.2565 659.1171 658.9744 658.8269 658.6759 658.5236 658.3713 658.223 658.0817 657.949 657.8275 657.7178 657.6149 657.5178 657.4316 657.3502 657.2685 657.196 657.1349 657.0862 657.0498 657.0233 657.0039 656.9911 656.9821 656.9829 656.9908 657.0045 657.0231 657.045 657.0688 657.0928 657.1158 657.1368 657.1555 657.1713 657.1838 657.194 657.2025 657.21 657.2168 657.2236 657.2307 657.2385 657.2478 657.2594 657.2745 657.2935 657.3154 657.3386
-9999 -9999 668.9604 668.522 667.7338 666.6921 665.536 664.4293 663.2075 662.1851 661.4124 660.864 660.4932 660.2414 659.993 659.798 659.6369 659.4915 659.3512 659.2101 659.0654 658.9159 658.762 658.606 658.4504 658.2991 658.1554 658.021 657.8976 657.7847 657.6804 657.5757 657.4805 657.3933 657.3134 657.2439 657.187 657.1425 657.1084 657.0822 657.0638 657.0532 657.0436 657.043 657.0506 657.0648 657.0844 657.1075 657.1327 657.1582 657.1827 657.2053 657.2251 657.2417 657.2547 657.2644 657.2716 657.2769 657.2806 657.2836 657.2867 657.2906 657.2953 657.303 657.3135 657.3278 657.3453 657.3651
-9999 -9999 -9999 668.7779 667.9236 666.9906 665.9832 665.0403 663.8106 662.6809 661.8315 661.1917 660.7065 660.3325 660.0908 659.9035 659.7439 659.5946 659.45 659.306 659.1588 659.0062 658.8486 658.6882 658.5289 658.374 658.2275 658.09 657.9634 657.8423 657.7324 657.6262 657.5277 657.4392 657.3622 657.2976 657.2457 657.2051 657.1724 657.1432 657.1228 657.1104 657.1028 657.1033 657.1118 657.127 657.1478 657.1726 657.1995 657.2265 657.2526 657.2766 657.2977 657.3154 657.329 657.3387 657.345 657.3485 657.3497 657.3494 657.3485 657.3481 657.3491 657.3518 657.3577 657.3671 657.38 657.3958
-9999 -9999 -9999 -9999 668.0767 667.2388 666.4187 665.5239 664.3651 663.1904 662.3334 661.623 661.0444 660.5951 660.2836 660.0619 659.8817 659.7141 659.5579 659.4087 659.2588 659.1024 658.9397 658.7733 658.6088 658.4485 658.2975 658.1532 658.0195 657.8934 657.7791 657.6741 657.5763 657.4901 657.4176 657.3589 657.3118 657.2729 657.2361 657.2038 657.1805 657.1667 657.1607 657.1629 657.173 657.1899 657.2126 657.2394 657.2682 657.2971 657.325 657.3505 657.3729 657.3915 657.4059 657.4158 657.4216 657.4239 657.423 657.4197 657.4153 657.4109 657.4075 657.406 657.4075 657.4117 657.4195 657.4307
-9999 -9999 -9999 -9999 668.1608 667.4719 666.7698 665.9245 664.9626 663.9741 663.0594 662.2234 661.5182 660.9645 660.562 660.2762 660.0547 659.8502 659.676 659.5219 659.3698 659.2074 659.0378 658.8622 658.6904 658.522 658.3633 658.2142 658.0753 657.9465 657.8285 657.7228 657.6284 657.5474 657.481 657.4285 657.3853 657.3463 657.3034 657.2662 657.2392 657.2236 657.2181 657.2221 657.2341 657.2533 657.2783 657.3073 657.3383 657.3693 657.3989 657.4259 657.4496 657.4691 657.4843 657.4947 657.5004 657.5016 657.4991 657.4935 657.486 657.4778 657.4705 657.4646 657.4615 657.4614 657.4644 657.4706
-9999 -9999 -9999 -9999 -9999 667.5974 666.9482 666.2244 665.5419 664.8333 664.0023 662.9935 662.1207 661.4233 660.8997 660.5159 660.2389 659.9862 659.7991 659.6469 659.495 659.3219 659.1422 658.9528 658.77 658.5957 658.4314 658.2776 658.135 658.0039 657.8855 657.7804 657.6888 657.6133 657.5535 657.5057 657.4626 657.4153 657.3674 657.3274 657.2982 657.281 657.2756 657.281 657.2952 657.3169 657.3445 657.376 657.4092 657.4423 657.4736 657.5021 657.5268 657.5475 657.5635 657.5743 657.58 657.5806 657.5768 657.5692 657.559 657.5476 657.5367 657.5271 657.5197 657.5151 657.5137 657.5153
-9999 -9999 -9999 -9999 -9999 -9999 667.0132 666.486 666.0385 665.5931 664.8918 663.9518 662.8542 661.9741 661.2977 660.7648 660.3478 660.0986 659.9258 659.7848 659.6329 659.4387 659.2408 659.043 658.8528 658.6736 658.5051 658.3471 658.201 658.0685 657.9507 657.8488 657.7624 657.6924 657.6372 657.59 657.5432 657.4835 657.4291 657.3854 657.355 657.3379 657.3333 657.34 657.3566 657.3809 657.411 657.4449 657.4805 657.5154 657.5483 657.5782 657.6042 657.626 657.6427 657.6541 657.6598 657.6598 657.6548 657.6456 657.6332 657.6191 657.6051 657.592 657.5809 657.5724 657.5667 657.5638
