backend/lakes/data/Bear Lake/bear_dem_tm.asc
ncols         208
nrows         204
xllcorner     241200
yllcorner     6122700
cellsize      50
NODATA_value  -9999
[rows 60 to 89 of 204, columns 0 to 67 of 208]
-9999 -9999 -9999 -9999 -9999 -9999 -9999 -9999 -9999 -9999 -9999 -9999 -9999 -9999 -9999 -9999 -9999 -9999 -9999 -9999 -9999 -9999 -9999 665.3926 664.4611 663.6561 662.8416 661.985 661.4446 661.0929 660.8903 660.7549 660.6378 660.5324 660.4338 660.3508 660.2809 660.2281 660.1295 659.9967 659.8406 659.6699 659.4905 659.3074 659.1235 658.9459 658.7803 658.6293 658.4933 658.3724 658.2666 658.1717 658.0862 658.0128 657.9518 657.9003 657.8558 657.8271 657.8105 657.8022 657.7991 657.7977 657.796 657.7927 657.7883 657.7822 657.775 657.7682
-9999 -9999 -9999 -9999 -9999 -9999 -9999 -9999 -9999 -9999 -9999 -9999 -9999 -9999 -9999 -9999 -9999 -9999 -9999 -9999 -9999 -9999 -9999 665.8422 664.8126 663.8431 662.9007 662.0295 661.4906 661.1201 660.9368 660.7924 660.6659 660.5527 660.4535 660.3751 660.3188 660.279 660.1807 660.051 659.8964 659.7242 659.5419 659.3545 659.1643 658.9789 658.8066 658.65 658.5087 658.3807 658.2673 658.1659 658.0728 657.989 657.9178 657.8559 657.7951 657.7556 657.7289 657.7119 657.7014 657.6946 657.6892 657.6842 657.6786 657.6724 657.6654 657.6583
-9999 -9999 -9999 -9999 -9999 -9999 -9999 -9999 -9999 -9999 -9999 -9999 -9999 -9999 -9999 -9999 -9999 -9999 -9999 -9999 -9999 -9999 -9999 666.1366 665.0002 663.9267 662.9168 662.043 661.5205 661.139 660.985 660.8394 660.6958 660.5677 660.4626 660.384 660.3279 660.2801 660.2081 660.0945 659.9453 659.7736 659.5895 659.3997 659.2063 659.0165 658.8402 658.681 658.5365 658.4012 658.2794 658.1708 658.071 657.9747 657.8926 657.8208 657.7538 657.7014 657.6625 657.6352 657.6165 657.6031 657.593 657.585 657.5774 657.5699 657.5626 657.5555
-9999 -9999 -9999 -9999 -9999 -9999 -9999 -9999 -9999 -9999 -9999 -9999 -9999 -9999 -9999 -9999 -9999 -9999 -9999 -9999 -9999 -9999 -9999 -9999 665.1163 663.9839 662.9219 661.9695 661.3231 661.3013 661.1457 660.9391 660.7454 660.5873 660.4683 660.385 660.3276 660.2803 660.2369 660.1365 659.9898 659.8186 659.6346 659.4447 659.2502 659.0583 658.8798 658.7197 658.5733 658.4275 658.2947 658.1774 658.0738 657.9636 657.8724 657.7943 657.7214 657.6591 657.609 657.5715 657.5439 657.5234 657.5076 657.4952 657.485 657.4755 657.4668 657.4591
-9999 -9999 -9999 -9999 -9999 -9999 -9999 -9999 -9999 -9999 -9999 -9999 -9999 -9999 -9999 -9999 -9999 -9999 -9999 -9999 -9999 -9999 -9999 -9999 665.2912 664.1876 663.1351 662.1447 661.4431 661.684 661.3722 661.0581 660.8033 660.6115 660.4763 660.3887 660.3367 660.3062 660.2792 660.181 660.0295 659.8594 659.6788 659.4917 659.2984 659.1041 658.922 658.7593 658.6114 658.449 658.2987 658.1665 658.052 657.9438 657.8526 657.7724 657.6947 657.6251 657.5668 657.5203 657.4841 657.4559 657.4337 657.416 657.4014 657.3893 657.3786 657.37
-9999 -9999 -9999 -9999 -9999 -9999 -9999 -9999 -9999 -9999 -9999 -9999 -9999 -9999 -9999 -9999 -9999 -9999 -9999 -9999 -9999 -9999 -9999 -9999 665.7007 664.7169 663.7632 662.8069 662.0106 661.6415 661.4194 661.1315 660.8608 660.6465 660.4946 660.3987 660.3451 660.3147 660.2805 660.2154 660.061 659.8986 659.7265 659.5454 659.3528 659.1539 658.9631 658.7885 658.6252 658.4589 658.2998 658.1573 658.0339 657.9268 657.8343 657.7512 657.6718 657.5991 657.535 657.4815 657.4373 657.4011 657.3714 657.3473 657.3276 657.3113 657.298 657.2875
-9999 -9999 -9999 -9999 -9999 -9999 -9999 -9999 -9999 -9999 -9999 -9999 -9999 -9999 -9999 -9999 -9999 -9999 -9999 -9999 -9999 -9999 -9999 -9999 -9999 665.4483 664.6334 663.7379 662.868 662.1925 661.7495 661.325 660.9819 660.7226 660.5406 660.4258 660.3634 660.3348 660.316 660.2744 660.0982 659.9522 659.7922 659.6125 659.4167 659.2114 659.009 658.8205 658.6443 658.4731 658.3098 658.1618 658.034 657.9238 657.8287 657.7405 657.6575 657.5811 657.5133 657.4546 657.4028 657.3588 657.3209 657.2899 657.2635 657.2424 657.2251 657.2117
-9999 -9999 -9999 -9999 -9999 -9999 -9999 -9999 -9999 -9999 -9999 -9999 -9999 -9999 -9999 -9999 -9999 -9999 -9999 -9999 -9999 -9999 -9999 -9999 -9999 666.3817 665.6472 664.7909 663.865 662.9836 662.2205 661.6328 661.1909 660.8621 660.6295 660.4789 660.3939 660.3528 660.3273 660.2809 660.1846 660.0451 659.8782 659.6906 659.4871 659.2769 659.0645 658.8634 658.6765 658.5011 658.3353 658.184 658.0538 657.9413 657.8423 657.7441 657.6534 657.5723 657.5009 657.4382 657.3785 657.328 657.282 657.2441 657.2097 657.1827 657.1611 657.1429
-9999 -9999 -9999 -9999 -9999 -9999 -9999 -9999 -9999 -9999 -9999 -9999 -9999 -9999 -9999 -9999 -9999 -9999 -9999 -9999 -9999 -9999 -9999 -9999 -9999 -9999 666.7498 665.8878 664.9227 663.923 662.9599 662.1148 661.5187 661.0802 660.7692 660.5637 660.4421 660.3799 660.3495 660.3231 660.2766 660.1356 659.9619 659.7671 659.5577 659.342 659.1283 658.9194 658.7239 658.5438 658.377 658.2201 658.0866 657.9698 657.8682 657.7576 657.6569 657.5686 657.4912 657.4225 657.3596 657.3043 657.2546 657.2111 657.1666 657.1339 657.1066 657.083
-9999 -9999 -9999 -9999 -9999 -9999 -9999 -9999 -9999 -9999 -9999 -9999 -9999 -9999 -9999 -9999 -9999 -9999 -9999 -9999 -9999 -9999 -9999 -9999 -9999 -9999 667.8447 666.954 665.9564 664.8841 663.7918 662.7546 661.9493 661.3622 660.9498 660.6749 660.5061 660.4133 660.3651 660.3309 660.2801 660.1783 660.0212 659.8311 659.6216 659.4066 659.1913 658.9822 658.7822 658.5975 658.4286 658.2592 658.1124 657.9872 657.8762 657.7667 657.6656 657.5742 657.4923 657.419 657.3519 657.2919 657.2372 657.1867 657.1385 657.098 657.0631 657.0326
-9999 -9999 -9999 -9999 -9999 -9999 -9999 -9999 -9999 -9999 -9999 -9999 -9999 -9999 -9999 -9999 -9999 -9999 -9999 -9999 -9999 -9999 -9999 -9999 -9999 -9999 -9999 667.9019 666.8691 665.7324 664.5507 663.4016 662.3763 661.6525 661.1427 660.7982 660.5809 660.4548 660.3843 660.3362 660.2807 660.2163 660.07 659.8864 659.6793 659.4686 659.2548 659.0449 658.8408 658.6501 658.472 658.2991 658.1433 658.0102 657.8934 657.7837 657.6833 657.5913 657.507 657.4303 657.359 657.2933 657.2327 657.1757 657.1218 657.0733 657.0303 656.9918
-9999 -9999 -9999 -9999 -9999 -9999 -9999 -9999 -9999 -9999 -9999 -9999 -9999 -9999 -9999 -9999 -9999 -9999 -9999 -9999 -9999 -9999 -9999 -9999 -9999 -9999 -9999 668.6528 667.5676 666.3416 665.0626 663.8292 662.6834 661.9086 661.322 660.917 660.6595 660.5056 660.4175 660.3646 660.3243 660.2765 660.1183 659.9426 659.7426 659.5314 659.316 659.1036 658.8976 658.7034 658.5207 658.348 658.1875 658.0474 657.9252 657.8142 657.7124 657.6208 657.5348 657.4552 657.3802 657.3083 657.2411 657.177 657.1158 657.0593 657.0079 656.9615
-9999 -9999 -9999 -9999 -9999 -9999 -9999 -9999 -9999 -9999 -9999 -9999 -9999 -9999 -9999 -9999 -9999 -9999 -9999 -9999 -9999 -9999 -9999 -9999 -9999 -9999 -9999 -9999 668.0443 666.7693 665.457 664.2203 663.0897 662.1843 661.4756 661.0171 660.7357 660.5637 660.4587 660.3925 660.3414 660.2797 660.1622 659.9994 659.8036 659.5917 659.3748 659.1614 658.9548 658.7588 658.5747 658.4012 658.2427 658.0983 657.97 657.8553 657.7522 657.6596 657.5726 657.4908 657.411 657.3347 657.2606 657.1891 657.1204 657.0558 656.9966 656.9428
-9999 -9999 -9999 -9999 -9999 -9999 -9999 -9999 -9999 -9999 -9999 -9999 -9999 -9999 -9999 -9999 -9999 -9999 -9999 -9999 -9999 -9999 -9999 -9999 -9999 -9999 -9999 -9999 668.4934 667.1635 665.8279 664.5737 663.3762 662.2917 661.5182 661.0774 660.8113 660.6338 660.5115 660.4258 660.3567 660.2814 660.2073 660.0547 659.8597 659.647 659.4299 659.2179 659.0126 658.8162 658.6304 658.4567 658.2974 658.1497 658.0177 657.901 657.7983 657.7063 657.6179 657.534 657.4488 657.3671 657.2877 657.2101 657.1343 657.0621 656.9951 656.9338
-9999 -9999 -9999 -9999 -9999 -9999 -9999 -9999 -9999 -9999 -9999 -9999 -9999 -9999 -9999 -9999 -9999 -9999 -9999 -9999 -9999 -9999 -9999 -9999 -9999 -9999 -9999 -9999 -9999 667.3981 666.0038 664.6985 663.4111 662.2425 661.4682 661.1393 660.9163 660.7297 660.582 660.4745 660.3981 660.3378 660.2758 660.1052 659.9073 659.6966 659.4812 659.2728 659.0703 658.8747 658.6858 658.5095 658.3479 658.2001 658.0677 657.951 657.8494 657.7581 657.6656 657.5773 657.4901 657.4055 657.3219 657.2384 657.1563 657.0775 657.0032 656.9344
-9999 -9999 -9999 -9999 -9999 -9999 -9999 -9999 -9999 -9999 -9999 -9999 -9999 -9999 -9999 -9999 -9999 -9999 -9999 -9999 -9999 -9999 -9999 -9999 -9999 -9999 -9999 -9999 -9999 -9999 666.0917 664.7374 663.4247 662.2342 661.4645 661.3102 661.0907 660.8557 660.6615 660.5225 660.4292 660.3596 660.2792 660.1185 659.9402 659.7426 659.5349 659.3288 659.1263 658.9292 658.7395 658.562 658.399 658.2524 658.1212 658.0046 657.9016 657.8064 657.7141 657.6249 657.5365 657.4506 657.3633 657.2751 657.1873 657.1023 657.0208 656.9437
-9999 -9999 -9999 -9999 -9999 -9999 -9999 -9999 -9999 -9999 -9999 -9999 -9999 -9999 -9999 -9999 -9999 -9999 -9999 -9999 -9999 -9999 -9999 -9999 -9999 -9999 -9999 -9999 -9999 -9999 666.2309 664.8337 663.5632 662.4012 661.5754 661.639 661.3058 660.9778 660.7274 660.556 660.444 660.363 660.2794 660.1525 659.9846 659.7921 659.5891 659.3848 659.1823 658.9838 658.7936 658.6157 658.4531 658.3062 658.1773 658.0619 657.9579 657.8604 657.7682 657.6797 657.5896 657.5027 657.4116 657.3192 657.2273 657.1372 657.049 656.9635
-9999 -9999 -9999 -9999 -9999 -9999 -9999 -9999 -9999 -9999 -9999 -9999 -9999 -9999 -9999 -9999 -9999 -9999 -9999 -9999 -9999 -9999 -9999 -9999 -9999 -9999 -9999 -9999 -9999 -9999 666.528 665.0699 663.8533 662.8229 662.0677 661.7704 661.3856 661.0316 660.76 660.573 660.4504 660.3638 660.2815 660.1989 660.0331 659.8418 659.6427 659.4409 659.2393 659.0399 658.8468 658.6686 658.5072 658.3579 658.2321 658.1229 658.0215 657.9219 657.8294 657.7418 657.6464 657.5557 657.4653 657.3726 657.2781 657.183 657.0876 656.9936
-9999 -9999 -9999 -9999 -9999 -9999 -9999 -9999 -9999 -9999 -9999 -9999 -9999 -9999 -9999 -9999 -9999 -9999 -9999 -9999 -9999 -9999 -9999 -9999 -9999 -9999 -9999 -9999 -9999 -9999 -9999 665.5267 664.321 663.3582 662.5928 661.965 661.4741 661.0843 660.7944 660.5953 660.4673 660.3882 660.3335 660.2734 660.0773 659.8864 659.6958 659.4984 659.2972 659.0972 658.9002 658.7194 658.5563 658.4111 658.2906 658.1904 658.0945 657.9904 657.8942 657.8004 657.7068 657.6176 657.5293 657.4376 657.3409 657.24 657.1367 657.0325
-9999 -9999 -9999 -9999 -9999 -9999 -9999 -9999 -9999 -9999 -9999 -9999 -9999 -9999 -9999 -9999 -9999 -9999 -9999 -9999 -9999 -9999 -9999 -9999 -9999 -9999 -9999 -9999 -9999 -9999 -9999 666.2581 665.0463 664.0399 663.1364 662.3078 661.6834 661.2177 660.8811 660.6498 660.5005 660.411 660.3516 660.276 660.084 659.9272 659.7543 659.5608 659.3565 659.1526 658.9542 658.7737 658.6146 658.4766 658.3626 658.2684 658.1789 658.0659 657.9657 657.8723 657.7815 657.6943 657.6071 657.5155 657.4158 657.3056 657.1928 657.0766
-9999 -9999 -9999 -9999 -9999 -9999 -9999 -9999 -9999 -9999 -9999 -9999 -9999 -9999 -9999 -9999 -9999 -9999 -9999 -9999 -9999 -9999 -9999 -9999 -9999 -9999 -9999 -9999 -9999 -9999 -9999 667.1362 665.9465 664.9152 663.9321 662.9695 662.1084 661.4923 661.0579 660.7594 660.563 660.4421 660.363 660.2814 660.1688 660.0161 659.8359 659.6338 659.421 659.2126 659.0155 658.8375 658.6848 658.5565 658.4498 658.3564 658.2621 658.1553 658.0555 657.9647 657.8766 657.7891 657.6995 657.6046 657.4998 657.374 657.2472 657.1204
-9999 -9999 -9999 -9999 -9999 -9999 -9999 -9999 -9999 -9999 -9999 -9999 -9999 -9999 -9999 -9999 -9999 -9999 -9999 -9999 -9999 -9999 -9999 -9999 -9999 -9999 -9999 -9999 -9999 -9999 -9999 668.0241 666.8837 665.8544 664.8421 663.8009 662.7548 661.9086 661.328 660.9303 660.6634 660.4973 660.3995 660.3356 660.2739 660.1124 659.9211 659.7086 659.4878 659.2764 659.0842 658.9142 658.7712 658.6544 658.5554 658.4623 658.3661 658.264 658.1667 658.0782 657.9913 657.9002 657.8035 657.6976 657.5768 657.4427 657.3076 657.1744
-9999 -9999 -9999 -9999 -9999 -9999 -9999 -9999 -9999 -9999 -9999 -9999 -9999 -9999 -9999 -9999 -9999 -9999 -9999 -9999 -9999 -9999 -9999 -9999 -9999 -9999 -9999 -9999 -9999 -9999 -9999 -9999 667.7125 666.6751 665.6674 664.6263 663.4819 662.377 661.6572 661.1487 660.7952 660.5685 660.4336 660.3514 660.2799 660.1611 659.9869 659.7748 659.5515 659.3423 659.1591 659.0023 658.8735 658.7714 658.6863 658.5898 658.4922 658.3923 658.2969 658.2104 658.1226 658.0251 657.9177 657.7979 657.6671 657.5268 657.3848 657.2454
-9999 -9999 -9999 -9999 -9999 -9999 -9999 -9999 -9999 -9999 -9999 -9999 -9999 -9999 -9999 -9999 -9999 -9999 -9999 -9999 -9999 -9999 -9999 -9999 -9999 -9999 -9999 -9999 -9999 -9999 -9999 -9999 668.3102 667.199 666.1923 665.2297 664.083 662.8854 662.0353 661.3985 660.9469 660.6517 660.4708 660.3613 660.2811 660.2065 660.0452 659.8331 659.6105 659.4093 659.2405 659.0999 658.9854 658.8929 658.8109 658.7234 658.6325 658.5377 658.4432 658.3562 658.2655 658.1609 658.0425 657.9128 657.7756 657.6331 657.4877 657.3427
-9999 -9999 -9999 -9999 -9999 -9999 -9999 -9999 -9999 -9999 -9999 -9999 -9999 -9999 -9999 -9999 -9999 -9999 -9999 -9999 -9999 -9999 -9999 -9999 -9999 -9999 -9999 -9999 -9999 -9999 -9999 -9999 -9999 667.51 666.4128 665.4746 664.4734 663.4062 662.4101 661.6396 661.0988 660.7433 660.5218 660.394 660.3269 660.2754 660.0997 659.8821 659.6647 659.4792 659.3315 659.2104 659.1093 659.0266 658.9481 658.8694 658.7866 658.6967 658.6031 658.5132 658.4197 658.3075 658.1823 658.0482 657.9087 657.765 657.618 657.4691
-9999 -9999 -9999 -9999 -9999 -9999 -9999 -9999 -9999 -9999 -9999 -9999 -9999 -9999 -9999 -9999 -9999 -9999 -9999 -9999 -9999 -9999 -9999 -9999 -9999 -9999 -9999 -9999 -9999 -9999 -9999 -9999 -9999 667.6797 666.4186 665.4026 664.5408 663.6333 662.6348 661.8193 661.2397 660.8473 660.5894 660.4341 660.3499 660.278 660.1187 659.9149 659.7164 659.5574 659.4366 659.3372 659.2509 659.1707 659.0953 659.0216 658.9475 658.8635 658.7719 658.6791 658.5864 658.4637 658.3358 658.2058 658.0712 657.9302 657.7818 657.6266
-9999 -9999 -9999 -9999 -9999 -9999 -9999 -9999 -9999 -9999 -9999 -9999 -9999 -9999 -9999 -9999 -9999 -9999 -9999 -9999 -9999 -9999 -9999 -9999 -9999 -9999 -9999 -9999 -9999 -9999 -9999 -9999 -9999 -9999 666.6039 665.5319 664.6855 663.8214 662.872 662.0146 661.4208 661.0006 660.7037 660.5135 660.3975 660.2847 660.1465 659.954 659.7794 659.6534 659.5604 659.4739 659.3889 659.31 659.2402 659.1744 659.1102 659.0336 658.9423 658.8428 658.7383 658.6229 658.5065 658.3904 658.2686 658.1345 657.9854 657.822
-9999 -9999 -9999 -9999 -9999 -9999 -9999 -9999 -9999 -9999 -9999 -9999 -9999 -9999 -9999 -9999 -9999 -9999 -9999 -9999 -9999 -9999 -9999 -9999 -9999 -9999 -9999 -9999 -9999 -9999 -9999 -9999 -9999 -9999 -9999 666.0726 665.1271 664.193 663.2324 662.3533 661.7304 661.2639 660.9153 660.6937 660.5654 660.437 660.256 660.028 659.8691 659.7795 659.7063 659.6207 659.5181 659.4335 659.3708 659.3197 659.2713 659.21 659.1232 659.0205 658.9171 658.8142 658.7162 658.6195 658.5144 658.3888 658.2362 658.0594
-9999 -9999 -9999 -9999 -9999 -9999 -9999 -9999 -9999 -9999 -9999 -9999 -9999 -9999 -9999 -9999 -9999 -9999 -9999 -9999 -9999 -9999 -9999 -9999 -9999 -9999 -9999 -9999 -9999 -9999 -9999 -9999 -9999 -9999 -9999 666.9153 665.9197 664.9326 663.9407 663.0052 662.236 661.6879 661.2681 661.0217 660.8958 660.7322 660.3991 660.1375 659.9921 659.9394 659.8546 659.73 659.6152 659.5316 659.4822 659.4548 659.4318 659.3959 659.32 659.2234 659.1351 659.0577 658.9863 658.9141 658.8269 658.707 658.5432 658.343
-9999 -9999 -9999 -9999 -9999 -9999 -9999 -9999 -9999 -9999 -9999 -9999 -9999 -9999 -9999 -9999 -9999 -9999 -9999 -9999 -9999 -9999 -9999 -9999 -9999 -9999 -9999 -9999 -9999 -9999 -9999 -9999 -9999 -9999 -9999 -9999 666.9113 665.8945 664.8765 663.8929 663.01 662.2943 661.7992 661.543 661.4551 661.3163 660.8687 660.4098 660.1789 660.1203 659.9594 659.8069 659.6907 659.6179 659.5886 659.5907 659.605 659.6023 659.5336 659.4576 659.4081 659.3727 659.3358 659.291 659.2223 659.103 658.9133 658.6734
