backend/lakes/data/Bear Lake/bear_dem_tm.asc
ncols         208
nrows         204
xllcorner     241200
yllcorner     6122700
cellsize      50
NODATA_value  -9999
[rows 60 to 89 of 204, columns 68 to 135 of 208]
657.7634 657.7601 657.7576 657.7561 657.7556 657.7531 657.7529 657.7616 657.7811 657.8044 657.8375 657.8785 657.9319 658.0027 658.0874 658.1798 658.2761 658.3804 658.502 658.6359 658.7771 658.9187 659.0546 659.1787 659.2795 659.3426 659.3658 659.3572 659.3239 659.2792 659.2184 659.1613 659.1105 659.0609 659.0238 659.0027 659.0061 659.0345 659.1172 659.2928 659.5668 659.8981 660.2633 660.5724 660.921 661.2516 661.5649 661.8924 662.1567 662.2829 662.6127 663.3473 664.5463 666.0667 667.4836 668.6954 669.7986 670.8871 671.9719 -9999 -9999 -9999 -9999 -9999 -9999 -9999 -9999 -9999
657.6531 657.6501 657.6486 657.6472 657.6463 657.6436 657.6415 657.6483 657.6678 657.6978 657.7328 657.7753 657.825 657.8903 657.974 658.0719 658.1799 658.2957 658.4221 658.5616 658.7071 658.8531 658.9914 659.1194 659.2301 659.3129 659.3557 659.3575 659.3313 659.2847 659.2327 659.1681 659.1025 659.0428 658.9972 658.9707 658.9501 658.9351 658.9453 659.0217 659.1787 659.4026 659.672 659.9591 660.2827 660.6146 660.9053 661.227 661.4536 661.6831 662.0727 662.7382 663.7194 665.1506 666.6539 668.023 669.2152 670.252 671.2018 -9999 -9999 -9999 -9999 -9999 -9999 -9999 -9999 -9999
657.55 657.5471 657.5464 657.5458 657.5435 657.539 657.535 657.5393 657.5579 657.5887 657.6251 657.6678 657.7168 657.7756 657.8513 657.9447 658.0538 658.1766 658.3108 658.4561 658.609 658.7623 658.9104 659.0431 659.1619 659.2583 659.3251 659.3506 659.336 659.2964 659.2417 659.1815 659.1144 659.0453 658.9869 658.9534 658.9281 658.8971 658.8695 658.8846 658.9629 659.1078 659.3126 659.5697 659.8676 660.1729 660.3666 660.6295 660.8413 661.1457 661.621 662.301 663.1998 664.3615 665.8195 667.2986 668.5922 669.5657 670.3545 671.0836 671.5938 671.648 671.1538 -9999 -9999 -9999 -9999 -9999
657.4541 657.4514 657.4513 657.4512 657.4467 657.4399 657.4337 657.4356 657.4512 657.48 657.5114 657.5522 657.6021 657.6589 657.7266 657.8116 657.9141 658.0342 658.1704 658.3198 658.4786 658.64 658.7968 658.9425 659.0685 659.1765 659.2612 659.3137 659.3248 659.2991 659.2504 659.1896 659.1219 659.0519 658.9874 658.9418 658.9151 658.881 658.8405 658.8207 658.8513 658.9368 659.0876 659.2989 659.554 659.8032 660.0015 660.2086 660.3532 660.6917 661.2239 661.9463 662.8176 663.8938 665.0903 666.5152 667.8537 668.7698 669.4101 669.9987 670.4115 670.4645 670.0493 669.4273 668.7598 668.1572 -9999 -9999
657.3641 657.3625 657.3632 657.3633 657.3553 657.3452 657.3369 657.3361 657.3463 657.3663 657.3928 657.43 657.4783 657.5357 657.6011 657.6779 657.7719 657.8835 658.0134 658.1603 658.3195 658.4856 658.6494 658.8057 658.9448 659.064 659.162 659.2371 659.2783 659.2784 659.2452 659.1904 659.1248 659.053 658.9832 658.928 658.8966 658.8682 658.8286 658.794 658.7959 658.8416 658.9419 659.1049 659.3178 659.5315 659.7161 659.8777 660.0184 660.3027 660.7947 661.4752 662.1748 663.0958 664.1971 665.4835 666.8651 667.8063 668.3392 668.762 669.0671 669.1189 668.8438 668.4077 667.9865 667.5923 667.3714 -9999
657.2803 657.2776 657.2787 657.2798 657.2666 657.2539 657.2444 657.2418 657.2476 657.2607 657.2796 657.3093 657.3513 657.4052 657.4692 657.5425 657.6281 657.7308 657.8503 657.9882 658.1414 658.3049 658.4716 658.6335 658.7854 658.9158 659.0288 659.1195 659.1861 659.2192 659.2132 659.1758 659.1179 659.051 658.9799 658.9161 658.8712 658.8457 658.8153 658.7837 658.7727 658.7961 658.8572 658.9738 659.1432 659.3389 659.5118 659.6563 659.7784 659.9613 660.2649 660.6891 661.3107 662.1497 663.1915 664.408 665.6975 666.6236 667.1245 667.4105 667.6006 667.6307 667.5353 667.4236 667.2834 667.0865 667.0369 667.2048
657.2018 657.1954 657.192 657.1877 657.1758 657.1655 657.1566 657.153 657.1558 657.1638 657.1766 657.1971 657.2302 657.2761 657.334 657.4031 657.4831 657.5765 657.6864 657.8123 657.9547 658.1096 658.2723 658.4346 658.5909 658.7354 658.8578 658.9645 659.05 659.1101 659.1378 659.1309 659.0941 659.0392 658.9763 658.9118 658.8593 658.8228 658.7978 658.7762 658.7661 658.7833 658.8246 658.9042 659.0354 659.2052 659.3784 659.5188 659.6194 659.7128 659.8516 660.0903 660.513 661.2184 662.1462 663.2333 664.3577 665.2955 665.7943 665.9612 665.9797 665.9684 666.0748 666.3426 666.5663 666.6349 666.7512 666.9774
657.129 657.1187 657.1107 657.103 657.0933 657.0848 657.0762 657.0708 657.0706 657.0739 657.0813 657.0955 657.1189 657.1554 657.2048 657.266 657.3394 657.4249 657.5243 657.6388 657.7681 657.9113 658.0638 658.2209 658.3755 658.5236 658.6588 658.775 658.8754 658.9562 659.0118 659.0377 659.0337 659.0039 658.9601 658.9087 658.8572 658.8173 658.7883 658.7703 658.7688 658.7873 658.8286 658.8897 658.9904 659.1357 659.3013 659.448 659.5428 659.5852 659.6122 659.705 659.9594 660.4445 661.1848 662.0812 663.0107 663.898 664.383 664.4341 664.2663 664.1858 664.4513 664.9794 665.5484 665.9529 666.2554 666.5328
657.0635 657.0483 657.0369 657.027 657.0179 657.0102 657.0037 656.9969 656.9928 656.9903 656.9926 657.0013 657.0187 657.0464 657.0863 657.1387 657.2025 657.2789 657.3683 657.4714 657.588 657.7172 657.8571 658.0038 658.1516 658.297 658.4349 658.5607 658.6725 658.7664 658.8425 658.8961 658.9242 658.9266 658.9103 658.8842 658.8508 658.8171 658.7908 658.7739 658.776 658.8004 658.8464 658.9106 658.9966 659.12 659.2745 659.4272 659.5331 659.5649 659.5394 659.528 659.6378 659.9353 660.4344 661.1187 661.8613 662.5334 662.9785 662.9642 662.7943 662.7516 663.0175 663.536 664.3138 665.0107 665.4592 665.7774
657.0067 656.9861 656.9706 656.9591 656.9493 656.9415 656.9359 656.9301 656.9233 656.9154 656.9115 656.9147 656.9268 656.9489 656.9812 657.024 657.0784 657.144 657.2222 657.3134 657.4175 657.5329 657.6586 657.7919 657.9301 658.0667 658.2024 658.3302 658.4479 658.5548 658.6434 658.7163 658.7703 658.8041 658.8168 658.8182 658.8127 658.8013 658.7876 658.7793 658.7839 658.8148 658.8662 658.9383 659.0277 659.1405 659.2836 659.4373 659.5611 659.6105 659.5795 659.5168 659.5188 659.6639 659.9709 660.4171 660.9636 661.4553 661.736 661.6967 661.5341 661.5284 661.8124 662.3173 662.9847 663.7311 664.2399 664.6529
656.9585 656.9326 656.9126 656.8983 656.8873 656.8783 656.8725 656.8674 656.8605 656.8505 656.8416 656.8386 656.8451 656.8615 656.8879 656.9238 656.969 657.0244 657.0908 657.1696 657.2603 657.3623 657.4735 657.5923 657.7173 657.8445 657.9704 658.0959 658.215 658.3269 658.4277 658.5138 658.5857 658.6437 658.6853 658.7116 658.7322 658.7472 658.758 658.7667 658.7825 658.8176 658.8778 658.9563 659.0546 659.1699 659.306 659.4583 659.5956 659.6748 659.6678 659.5991 659.5416 659.5778 659.7396 660.0145 660.356 660.6909 660.8332 660.7539 660.5605 660.5709 660.8783 661.3387 661.8811 662.4515 662.9097 663.3962
656.9196 656.8882 656.8633 656.8448 656.8311 656.82 656.813 656.808 656.8018 656.7911 656.7802 656.7733 656.7743 656.785 656.8054 656.8351 656.8734 656.92 656.9763 657.043 657.1208 657.209 657.3061 657.4108 657.52 657.6357 657.7509 657.8673 657.9838 658.0955 658.2023 658.2983 658.3844 658.4594 658.5244 658.5755 658.6168 658.6545 658.6885 658.72 658.7562 658.8005 658.8685 658.9548 659.0593 659.1819 659.3186 659.4683 659.6136 659.7186 659.7488 659.7043 659.6307 659.6024 659.6638 659.8158 660.0269 660.2333 660.2784 660.204 660.0485 660.0566 660.2853 660.6411 661.0188 661.434 661.8171 662.2552
656.8944 656.8549 656.8231 656.7985 656.7801 656.7655 656.7562 656.7509 656.7455 656.7329 656.7211 656.7131 656.7112 656.7173 656.7324 656.7561 656.7881 656.8281 656.8762 656.9332 656.9995 657.0753 657.1593 657.2498 657.3462 657.4444 657.5504 657.6542 657.7628 657.8716 657.9778 658.0798 658.1744 658.2628 658.3444 658.4177 658.4796 658.5354 658.5854 658.6378 658.6899 658.7571 658.8319 658.9286 659.0372 659.1635 659.3038 659.452 659.6 659.7225 659.787 659.7794 659.722 659.6657 659.6622 659.7203 659.8186 659.9059 659.9034 659.8263 659.7306 659.7484 659.9188 660.1855 660.3955 660.6906 660.961 661.3127
656.8789 656.8318 656.7916 656.76 656.7357 656.7164 656.7026 656.6936 656.6857 656.6744 656.6632 656.6552 656.6521 656.6553 656.666 656.6844 656.7106 656.7445 656.7864 656.836 656.8938 656.9595 657.0325 657.1115 657.1943 657.2818 657.3693 657.4653 657.5601 657.6621 657.7645 657.8674 657.9662 658.0624 658.1555 658.2455 658.3275 658.399 658.4668 658.5258 658.5962 658.6716 658.7681 658.8724 658.9906 659.1176 659.2579 659.4055 659.5524 659.683 659.7727 659.8004 659.7734 659.7206 659.6815 659.676 659.6921 659.7014 659.6683 659.5984 659.5338 659.5493 659.6642 659.8416 660.0118 660.2111 660.3308 660.5369
656.8727 656.8178 656.7691 656.7297 656.699 656.6747 656.6559 656.6414 656.6301 656.619 656.6085 656.6002 656.5958 656.5967 656.6038 656.6179 656.6388 656.6671 656.7031 656.7471 656.7987 656.8574 656.9224 656.9923 657.0657 657.141 657.2197 657.2982 657.385 657.4731 657.5702 657.6679 657.7686 657.8674 657.967 658.0669 658.1647 658.2545 658.3332 658.4095 658.4774 658.5649 658.6664 658.7876 658.9165 659.0504 659.1895 659.334 659.478 659.6106 659.7139 659.7698 659.7726 659.7397 659.6937 659.6537 659.619 659.5793 659.524 659.4614 659.4158 659.4241 659.501 659.6238 659.7554 659.8837 659.9722 660.0971
656.8737 656.8097 656.7537 656.7079 656.6703 656.6412 656.6168 656.5967 656.5814 656.5691 656.558 656.549 656.5427 656.5408 656.5442 656.5538 656.5702 656.5934 656.6241 656.6631 656.71 656.7643 656.8241 656.8881 656.9547 657.0226 657.0912 657.1622 657.234 657.3136 657.3975 657.4909 657.5869 657.6857 657.7878 657.8915 657.9987 658.1021 658.1973 658.2808 658.3622 658.442 658.5464 658.6727 658.8134 658.9597 659.1047 659.2477 659.3873 659.5184 659.6277 659.7014 659.7308 659.72 659.6843 659.6353 659.5773 659.5091 659.437 659.3722 659.3364 659.3457 659.4045 659.5016 659.6144 659.7214 659.8046 659.8884
656.8842 656.8114 656.7469 656.6934 656.6497 656.6136 656.5797 656.5579 656.5396 656.525 656.5122 656.5013 656.4926 656.4872 656.4863 656.4913 656.5026 656.5211 656.5473 656.5818 656.6248 656.6755 656.7327 656.7935 656.8564 656.9198 656.9832 657.0464 657.1118 657.1794 657.2548 657.3364 657.4272 657.5238 657.6223 657.7284 657.8362 657.9485 658.0555 658.1528 658.2396 658.3259 658.4198 658.5408 658.6864 658.8417 658.9986 659.1489 659.2889 659.4171 659.5292 659.6131 659.6613 659.6728 659.6538 659.6113 659.55 659.4718 659.387 659.3159 659.277 659.2865 659.3438 659.438 659.552 659.6664 659.7639 659.8438
656.9045 656.8228 656.7499 656.6879 656.6362 656.5924 656.5542 656.5275 656.5042 656.4862 656.4709 656.457 656.445 656.4359 656.4307 656.4303 656.4363 656.4495 656.4709 656.5013 656.5409 656.589 656.644 656.7039 656.7657 656.8275 656.8883 656.9484 657.0084 657.0704 657.1362 657.2102 657.2913 657.3806 657.4791 657.5789 657.6882 657.7993 657.9135 658.0218 658.1196 658.2084 658.3005 658.4089 658.5449 658.7035 658.8682 659.0291 659.1785 659.3109 659.4255 659.5171 659.5786 659.6079 659.6075 659.5805 659.528 659.4531 659.3651 659.285 659.2375 659.2398 659.2953 659.3952 659.5228 659.6577 659.7803 659.879
656.9324 656.8406 656.7598 656.6892 656.6283 656.5765 656.5314 656.4949 656.4713 656.4518 656.4342 656.4166 656.4008 656.3876 656.3777 656.3723 656.3726 656.3801 656.3962 656.422 656.4578 656.5031 656.5563 656.6155 656.6778 656.7404 656.8015 656.8607 656.9191 656.9778 657.0391 657.1055 657.1797 657.2614 657.3508 657.451 657.5532 657.6642 657.7764 657.8896 657.9969 658.0953 658.1865 658.2854 658.4069 658.5546 658.72 658.8882 659.0472 659.1902 659.3133 659.4146 659.4891 659.5339 659.5504 659.5414 659.5059 659.4442 659.3632 659.2793 659.2191 659.207 659.254 659.354 659.4918 659.6462 659.7949 659.9197
656.9613 656.8583 656.7682 656.6875 656.6151 656.5551 656.5115 656.4751 656.4484 656.4242 656.4017 656.3813 656.3619 656.3446 656.3302 656.3198 656.3145 656.3162 656.3265 656.3466 656.3772 656.4185 656.4694 656.5273 656.5901 656.6542 656.7175 656.7786 656.8379 656.8962 656.9557 657.0181 657.0865 657.162 657.2449 657.3359 657.4371 657.5406 657.6513 657.762 657.8733 657.9781 658.0771 658.1726 658.2792 658.4104 658.5647 658.732 658.8975 659.0498 659.1837 659.2972 659.3872 659.4493 659.4838 659.4924 659.4771 659.4355 659.3702 659.293 659.225 659.194 659.2207 659.3088 659.4452 659.6078 659.7722 659.917
656.9963 656.8842 656.7866 656.6967 656.6115 656.5367 656.4825 656.4484 656.4294 656.4041 656.3777 656.3552 656.3318 656.3104 656.2914 656.2765 656.2662 656.2621 656.266 656.2791 656.3031 656.3386 656.3849 656.4405 656.5022 656.5673 656.6326 656.697 656.7594 656.8199 656.88 656.9415 657.0065 657.0775 657.1547 657.239 657.3315 657.4327 657.5358 657.6441 657.7513 657.8597 657.963 658.0627 658.1639 658.2786 658.4158 658.5717 658.7354 658.8929 659.0351 659.1595 659.2645 659.3455 659.3997 659.4284 659.433 659.4148 659.3724 659.3114 659.2472 659.2036 659.2053 659.2664 659.384 659.5393 659.7059 659.8586
657.0457 656.9266 656.8217 656.7236 656.6264 656.5359 656.4676 656.429 656.4115 656.3914 656.3668 656.3414 656.3146 656.2891 656.2658 656.2477 656.2339 656.2246 656.2213 656.2253 656.2404 656.2676 656.3071 656.3575 656.4165 656.4805 656.5467 656.6134 656.6794 656.7439 656.8069 656.8699 656.9342 657.0023 657.0757 657.1542 657.2397 657.3328 657.4326 657.533 657.6373 657.7405 657.8453 657.9479 658.0496 658.1568 658.2784 658.4182 658.571 658.7261 658.8722 659.0032 659.1186 659.2164 659.2908 659.3404 659.3663 659.3703 659.353 659.316 659.2673 659.223 659.207 659.2386 659.3245 659.4546 659.6077 659.7567
657.1125 656.9888 656.8762 656.7695 656.6621 656.559 656.4777 656.4348 656.4253 656.4227 656.3923 656.3552 656.3175 656.2844 656.2571 656.2389 656.2248 656.2125 656.2013 656.1917 656.1946 656.2108 656.2405 656.2831 656.3361 656.3964 656.4612 656.5283 656.5964 656.6646 656.7317 656.7977 656.8642 656.9317 657.0028 657.078 657.1572 657.2427 657.3345 657.431 657.5273 657.6262 657.7253 657.8267 657.9296 658.0344 658.1471 658.2729 658.412 658.5579 658.7013 658.8341 658.9543 659.0616 659.1531 659.2224 659.2694 659.2952 659.3013 659.2897 659.2644 659.2332 659.2126 659.2231 659.2775 659.375 659.5016 659.6355
657.2029 657.0723 656.9512 656.8347 656.7166 656.6046 656.5139 656.4666 656.4618 656.4695 656.4354 656.3882 656.3398 656.2992 656.2682 656.2512 656.2443 656.2379 656.2211 656.184 656.1702 656.1722 656.1897 656.2217 656.2657 656.3192 656.3796 656.4445 656.5123 656.582 656.6524 656.7225 656.7917 656.8615 656.9319 657.0051 657.0809 657.1597 657.2438 657.3323 657.4236 657.5146 657.6075 657.7029 657.802 657.9052 658.0129 658.1297 658.2567 658.3918 658.5284 658.6587 658.7787 658.8893 658.9891 659.074 659.1395 659.1854 659.213 659.2247 659.2236 659.2139 659.2039 659.2083 659.2416 659.3101 659.408 659.5203
657.322 657.1812 657.0483 656.92 656.7913 656.6687 656.5727 656.5212 656.5162 656.5264 656.4907 656.437 656.3809 656.3347 656.3026 656.2878 656.287 656.2819 656.2467 656.1997 656.1677 656.1537 656.1573 656.1771 656.2098 656.2534 656.306 656.3656 656.4304 656.4989 656.5701 656.6427 656.7153 656.7874 656.8597 656.9324 657.0065 657.0815 657.1585 657.2393 657.3225 657.4075 657.4927 657.58 657.6716 657.7687 657.8722 657.9823 658.1007 658.2258 658.3542 658.4795 658.5971 658.7063 658.8083 658.9009 658.9799 659.0423 659.088 659.1196 659.1403 659.1536 659.1628 659.1758 659.204 659.2556 659.3314 659.4232
657.47 657.3164 657.1687 657.0263 656.8868 656.7556 656.6533 656.5977 656.5894 656.5959 656.5582 656.501 656.441 656.3909 656.3608 656.347 656.3472 656.3333 656.2823 656.2255 656.1801 656.1523 656.1437 656.1519 656.1718 656.2032 656.2452 656.2964 656.3548 656.4191 656.4878 656.5601 656.6344 656.7091 656.7834 656.8571 656.9308 657.0043 657.0772 657.1509 657.2265 657.3034 657.3816 657.4608 657.5429 657.6309 657.7261 657.8295 657.9401 658.0573 658.1776 658.297 658.4106 658.5171 658.6173 658.7119 658.7979 658.8718 658.9323 658.9795 659.017 659.0494 659.08 659.1101 659.1462 659.1957 659.2615 659.3403
657.6505 657.4798 657.3131 657.1536 657.0026 656.8654 656.7585 656.7001 656.6848 656.6808 656.6379 656.5803 656.52 656.4689 656.4379 656.4261 656.4203 656.3819 656.3219 656.2587 656.2047 656.1668 656.1478 656.1458 656.1523 656.1705 656.2004 656.2408 656.29 656.3467 656.4097 656.4783 656.5515 656.627 656.7031 656.7784 656.8524 656.9255 656.9969 657.0663 657.1351 657.2045 657.2746 657.3461 657.4194 657.497 657.5818 657.675 657.777 657.8857 657.9985 658.1117 658.221 658.3237 658.4206 658.5135 658.6016 658.682 658.7525 658.8121 658.8626 658.9084 658.9546 659.0031 659.0547 659.1128 659.1804 659.2563
657.867 657.6726 657.4832 657.3033 657.1393 656.9971 656.8893 656.8287 656.8076 656.7838 656.7326 656.6741 656.6161 656.5663 656.533 656.5145 656.4945 656.4402 656.3712 656.3024 656.2421 656.1959 656.1667 656.1533 656.15 656.1561 656.1737 656.2018 656.2397 656.2864 656.3407 656.4023 656.4708 656.5442 656.6205 656.697 656.7718 656.8446 656.9154 656.9833 657.0481 657.1112 657.174 657.2372 657.3025 657.3707 657.4443 657.5262 657.6173 657.7163 657.8204 657.9265 658.0306 658.1295 658.2224 658.3113 658.3976 658.4802 658.5566 658.6251 658.6857 658.7414 658.7971 658.858 658.9241 658.9955 659.0721 659.1539
658.121 657.8953 657.6788 657.4766 657.2975 657.1498 657.042 656.9814 656.9557 656.9039 656.8434 656.7833 656.7275 656.6803 656.6442 656.6176 656.5832 656.5134 656.4352 656.3599 656.2937 656.2404 656.2026 656.1786 656.1635 656.1588 656.1654 656.1808 656.2062 656.2413 656.2845 656.3365 656.3972 656.4655 656.5389 656.6147 656.6901 656.7629 656.8331 656.9001 656.9631 657.0226 657.0797 657.136 657.1935 657.2536 657.3175 657.388 657.4674 657.5555 657.6497 657.7471 657.8445 657.9388 658.0275 658.1115 658.1931 658.2737 658.3517 658.4254 658.4937 658.5571 658.6196 658.6865 658.7616 658.8435 658.9311 659.0217
658.4097 658.1451 657.8975 657.6732 657.479 657.3242 657.213 657.1443 657.0994 657.0361 656.9706 656.9088 656.854 656.8077 656.7676 656.728 656.6688 656.5897 656.5068 656.4289 656.3594 656.301 656.2566 656.2233 656.1971 656.1796 656.173 656.1772 656.1902 656.2137 656.2447 656.285 656.3354 656.3955 656.4634 656.5358 656.6096 656.6822 656.7513 656.8173 656.8792 656.9368 656.991 657.0425 657.0933 657.1462 657.2023 657.2631 657.3313 657.4081 657.4922 657.5801 657.6693 657.7573 657.8416 657.921 657.9969 658.072 658.147 658.2212 658.2932 658.3622 658.4302 658.5007 658.5789 658.6664 658.7612 658.86
