backend/lakes/data/Bear Lake/bear_dem_tm.asc
ncols         208
nrows         204
xllcorner     241200
yllcorner     6122700
cellsize      50
NODATA_value  -9999
[rows 120 to 149 of 204, columns 136 to 203 of 208]
657.6111 657.6105 657.6139 657.6219 657.6351 657.6533 657.6773 657.7087 657.746 657.787 657.8312 657.8784 657.9288 657.9829 658.0419 658.1066 658.1773 658.2527 658.3284 658.405 658.4845 658.5643 658.644 658.7256 658.8113 658.9017 658.9968 659.0946 659.1914 659.2906 659.3965 659.4982 659.6001 659.699 659.8004 659.9054 660.0154 660.1353 660.2735 660.4037 660.6688 661.021 661.3863 661.6802 661.7965 661.5635 661.1642 661 661.1543 661.5238 -9999 -9999 -9999 -9999 -9999 -9999 -9999 -9999 -9999 -9999 -9999 -9999 -9999 -9999 -9999 -9999 -9999 -9999
657.6606 657.6556 657.6548 657.6586 657.6677 657.6825 657.703 657.7321 657.7676 657.808 657.8505 657.8956 657.944 657.9963 658.0541 658.1184 658.1889 658.2654 658.3396 658.4141 658.4915 658.5696 658.6471 658.7256 658.8076 658.8954 658.9886 659.0872 659.1776 659.274 659.3734 659.4739 659.5726 659.6708 659.77 659.8726 659.9768 660.0807 660.1846 660.3008 660.6069 660.9841 661.3578 661.6382 661.7107 661.4614 661.071 661.0331 661.2054 661.5464 -9999 -9999 -9999 -9999 -9999 -9999 -9999 -9999 -9999 -9999 -9999 -9999 -9999 -9999 -9999 -9999 -9999 -9999
657.7118 657.7026 657.6978 657.6974 657.7032 657.7157 657.7353 657.7593 657.7917 657.8313 657.8713 657.9142 657.9603 658.0105 658.0668 658.1303 658.2012 658.2774 658.3484 658.4203 658.496 658.5729 658.6489 658.7252 658.8038 658.8871 658.9753 659.0679 659.1591 659.254 659.3533 659.4524 659.5502 659.645 659.7423 659.8439 659.947 660.0477 660.1515 660.2845 660.5793 660.9534 661.334 661.6445 661.7965 661.7236 661.3665 661.2301 661.3126 661.5693 -9999 -9999 -9999 -9999 -9999 -9999 -9999 -9999 -9999 -9999 -9999 -9999 -9999 -9999 -9999 -9999 -9999 -9999
657.764 657.751 657.7418 657.7378 657.7396 657.7481 657.7632 657.7854 657.8156 657.8525 657.8923 657.9341 657.9782 658.026 658.0798 658.1409 658.2087 658.281 658.3517 658.423 658.4976 658.574 658.6492 658.7238 658.8003 658.88 658.9637 659.0518 659.1417 659.235 659.3327 659.4315 659.5272 659.621 659.7167 659.8192 659.9277 660.0354 660.1546 660.2861 660.5633 660.9174 661.2931 661.6271 661.8311 661.795 661.5341 661.3806 661.4028 661.5723 -9999 -9999 -9999 -9999 -9999 -9999 -9999 -9999 -9999 -9999 -9999 -9999 -9999 -9999 -9999 -9999 -9999 -9999
657.8169 657.8 657.787 657.7791 657.7771 657.7819 657.7941 657.8134 657.8407 657.8757 657.9158 657.9562 657.9985 658.0438 658.0947 658.1523 658.2164 658.2848 658.354 658.4244 658.498 658.5735 658.6482 658.7218 658.7967 658.8741 658.955 659.0405 659.129 659.218 659.3124 659.4096 659.5052 659.5972 659.6912 659.7927 659.9012 660.0134 660.1354 660.2838 660.5404 660.8569 661.2048 661.5458 661.7972 661.7444 661.5453 661.4297 661.4673 661.6288 -9999 -9999 -9999 -9999 -9999 -9999 -9999 -9999 -9999 -9999 -9999 -9999 -9999 -9999 -9999 -9999 -9999 -9999
657.8701 657.8496 657.8328 657.821 657.8156 657.817 657.8268 657.8431 657.8676 657.9009 657.9415 657.9805 658.0215 658.0645 658.1124 658.1669 658.2272 658.2923 658.3585 658.4269 658.4987 658.5728 658.6464 658.7193 658.7926 658.8682 658.9471 659.0313 659.1198 659.2019 659.2917 659.3868 659.4824 659.5735 659.6664 659.7677 659.8782 659.9962 660.1266 660.282 660.5057 660.7653 661.0519 661.3591 661.6583 661.601 661.4315 661.3842 661.5114 661.7642 -9999 -9999 -9999 -9999 -9999 -9999 -9999 -9999 -9999 -9999 -9999 -9999 -9999 -9999 -9999 -9999 -9999 -9999
657.9233 657.8994 657.879 657.8638 657.8555 657.8545 657.8611 657.8746 657.895 657.9247 657.963 658.004 658.0459 658.0873 658.1331 658.1845 658.2418 658.3039 658.3663 658.4317 658.5009 658.5727 658.645 658.7166 658.788 658.861 658.9373 659.0181 659.103 659.184 659.271 659.3654 659.4606 659.5516 659.644 659.7458 659.8589 659.9834 660.1231 660.282 660.4646 660.6665 660.8783 661.0699 661.2433 661.4001 661.2398 661.2563 661.5046 661.9181 -9999 -9999 -9999 -9999 -9999 -9999 -9999 -9999 -9999 -9999 -9999 -9999 -9999 -9999 -9999 -9999 -9999 -9999
657.9766 657.9489 657.9249 657.9064 657.8951 657.8917 657.8962 657.9073 657.9243 657.951 657.9875 658.0293 658.0692 658.1105 658.1556 658.2042 658.2582 658.3164 658.3766 658.4393 658.5055 658.5745 658.645 658.7152 658.7841 658.8537 658.9271 659.0061 659.0894 659.1702 659.2534 659.3452 659.4399 659.5316 659.6243 659.7256 659.8378 659.963 660.1059 660.2706 660.4014 660.6184 660.8851 661.1707 661.4633 661.6674 661.1496 661.0973 661.3724 661.8507 -9999 -9999 -9999 -9999 -9999 -9999 -9999 -9999 -9999 -9999 -9999 -9999 -9999 -9999 -9999 -9999 -9999 -9999
658.0299 657.9979 657.9701 657.9482 657.9338 657.9281 657.9308 657.9403 657.9573 657.9874 658.0181 658.056 658.0938 658.1343 658.1786 658.2252 658.2768 658.332 658.39 658.4503 658.5132 658.5791 658.6472 658.7155 658.7817 658.8478 658.9185 658.9973 659.0807 659.1611 659.2411 659.3284 659.4213 659.5135 659.6064 659.7053 659.8102 659.9228 660.0398 660.1658 660.2991 660.5918 660.9446 661.3155 661.645 661.7741 661.2933 661.0043 661.1589 661.548 -9999 -9999 -9999 -9999 -9999 -9999 -9999 -9999 -9999 -9999 -9999 -9999 -9999 -9999 -9999 -9999 -9999 -9999
658.0836 658.0469 658.0149 657.9893 657.9719 657.9634 657.9642 657.973 657.9895 658.0139 658.0441 658.0828 658.1193 658.1593 658.2036 658.248 658.2972 658.3505 658.4063 658.4646 658.5247 658.5873 658.6523 658.718 658.7816 658.8444 658.9121 658.9926 659.0781 659.1556 659.232 659.3152 659.4053 659.4967 659.5884 659.684 659.7792 659.8814 659.9815 660.1063 660.2845 660.6053 660.9969 661.3925 661.7091 661.7884 661.3635 661.0159 660.9984 661.2465 -9999 -9999 -9999 -9999 -9999 -9999 -9999 -9999 -9999 -9999 -9999 -9999 -9999 -9999 -9999 -9999 -9999 -9999
658.1377 658.0952 658.0585 658.0294 658.0086 657.9977 657.9962 658.0035 658.0177 658.0389 658.0678 658.1039 658.1423 658.1833 658.2272 658.2717 658.3194 658.3707 658.4248 658.4814 658.5396 658.5994 658.6609 658.7239 658.7852 658.8447 658.9084 658.9904 659.0782 659.1503 659.2227 659.3029 659.3903 659.4789 659.5656 659.6523 659.7406 659.8342 659.9368 660.0751 660.2856 660.6197 661.0138 661.3922 661.6656 661.7195 661.308 660.9749 660.9 661.063 -9999 -9999 -9999 -9999 -9999 -9999 -9999 -9999 -9999 -9999 -9999 -9999 -9999 -9999 -9999 -9999 -9999 -9999
658.1922 658.1428 658.1008 658.0677 658.0442 658.0308 658.0272 658.0329 658.0459 658.0654 658.0929 658.1276 658.1669 658.2079 658.2524 658.2965 658.3433 658.3929 658.4453 658.5001 658.5571 658.6151 658.6739 658.7339 658.7941 658.8533 658.9156 658.9885 659.064 659.1367 659.2104 659.2902 659.3756 659.4612 659.543 659.6229 659.7065 659.799 659.9082 660.0591 660.2863 660.6267 661.0043 661.345 661.537 661.4474 661.163 660.9693 661.0008 661.2202 -9999 -9999 -9999 -9999 -9999 -9999 -9999 -9999 -9999 -9999 -9999 -9999 -9999 -9999 -9999 -9999 -9999 -9999
658.2473 658.1901 658.1418 658.1042 658.078 658.0627 658.0574 658.0613 658.0736 658.0923 658.1187 658.1531 658.1936 658.2332 658.2765 658.321 658.3686 658.417 658.4679 658.521 658.5768 658.6338 658.6908 658.7478 658.8066 658.8662 658.9258 658.9888 659.0544 659.1229 659.1982 659.2787 659.3624 659.4448 659.5234 659.6001 659.682 659.7768 659.8931 660.0531 660.2856 660.6256 661.0009 661.3516 661.6134 661.6908 661.3032 661.2068 661.366 661.6109 -9999 -9999 -9999 -9999 -9999 -9999 -9999 -9999 -9999 -9999 -9999 -9999 -9999 -9999 -9999 -9999 -9999 -9999
658.3036 658.2375 658.1821 658.1395 658.11 658.0925 658.0866 658.0898 658.1009 658.119 658.1442 658.1768 658.2156 658.2561 658.3 658.3445 658.3922 658.4419 658.4927 658.5446 658.5987 658.6548 658.7111 658.7657 658.8223 658.8818 658.941 658.9983 659.0561 659.1182 659.1899 659.2697 659.3514 659.431 659.5077 659.5858 659.6695 659.7676 659.8896 660.053 660.2845 660.6109 660.9781 661.3391 661.6554 661.8866 661.8859 661.9307 662.0443 662.1493 -9999 -9999 -9999 -9999 -9999 -9999 -9999 -9999 -9999 -9999 -9999 -9999 -9999 -9999 -9999 -9999 -9999 -9999
658.3617 658.2855 658.2222 658.1738 658.1406 658.1214 658.114 658.1172 658.1287 658.1465 658.1702 658.2009 658.2379 658.2783 658.3218 658.3676 658.4164 658.4678 658.5192 658.5709 658.6236 658.6783 658.734 658.7885 658.8424 658.8995 658.9598 659.017 659.0707 659.1268 659.1915 659.2668 659.3447 659.4207 659.4975 659.5788 659.6692 659.7723 659.8973 660.0594 660.2822 660.5888 660.9329 661.2761 661.5884 661.8609 662.2135 662.5518 662.7568 662.7214 -9999 -9999 -9999 -9999 -9999 -9999 -9999 -9999 -9999 -9999 -9999 -9999 -9999 -9999 -9999 -9999 -9999 -9999
658.4236 658.3353 658.2628 658.2081 658.1708 658.1489 658.1407 658.1437 658.1555 658.174 658.1975 658.2271 658.2625 658.3024 658.3456 658.3921 658.4424 658.4952 658.5474 658.5997 658.6514 658.7048 658.7602 658.8145 658.8687 658.9229 658.981 659.0402 659.0948 659.1472 659.2053 659.2736 659.347 659.4191 659.4949 659.5812 659.6796 659.7894 659.9157 660.072 660.2808 660.5643 660.8912 661.2215 661.5364 661.8608 662.3544 662.8586 663.0317 662.9969 -9999 -9999 -9999 -9999 -9999 -9999 -9999 -9999 -9999 -9999 -9999 -9999 -9999 -9999 -9999 -9999 -9999 -9999
658.4926 658.3893 658.3055 658.2433 658.2009 658.1763 658.1669 658.1701 658.1823 658.2012 658.2256 658.2552 658.2898 658.3294 658.3728 658.4197 658.47 658.5231 658.5767 658.6306 658.6818 658.7351 658.7904 658.8441 658.899 658.9517 659.0078 659.0674 659.1242 659.1766 659.23 659.2915 659.3602 659.4303 659.5057 659.5944 659.6981 659.8158 659.9427 660.0898 660.2809 660.5507 660.869 661.2001 661.5168 661.826 662.2197 662.6018 662.8978 662.9403 -9999 -9999 -9999 -9999 -9999 -9999 -9999 -9999 -9999 -9999 -9999 -9999 -9999 -9999 -9999 -9999 -9999 -9999
658.573 658.4504 658.3524 658.2802 658.2315 658.2035 658.1935 658.1973 658.2101 658.2297 658.2545 658.2845 658.3197 658.3593 658.4034 658.4507 658.501 658.5538 658.6077 658.661 658.7136 658.7682 658.8246 658.877 658.9305 658.9838 659.0398 659.0998 659.1581 659.2128 659.2649 659.3208 659.3851 659.4539 659.5305 659.6186 659.7219 659.8448 659.9727 660.1125 660.2823 660.5474 660.8723 661.2151 661.5401 661.809 661.9995 662.1407 662.4314 662.7007 662.9033 -9999 -9999 -9999 -9999 -9999 -9999 -9999 -9999 -9999 -9999 -9999 -9999 -9999 -9999 -9999 -9999 -9999
658.671 658.5229 658.4058 658.3202 658.2628 658.2305 658.2203 658.2263 658.24 658.2598 658.2852 658.3156 658.3512 658.392 658.4373 658.4856 658.5364 658.5892 658.6434 658.697 658.7502 658.8042 658.8586 658.9114 658.9645 659.0186 659.0756 659.1364 659.1946 659.2523 659.306 659.3609 659.4212 659.4861 659.5571 659.6398 659.7421 659.8692 659.9939 660.1328 660.2856 660.5503 660.8853 661.2478 661.5959 661.8788 661.9073 661.9319 662.1088 662.5674 662.952 -9999 -9999 -9999 -9999 -9999 -9999 -9999 -9999 -9999 -9999 -9999 -9999 -9999 -9999 -9999 -9999 -9999
658.7953 658.6124 658.4689 658.3651 658.2957 658.2574 658.2471 658.2571 658.2717 658.2923 658.3182 658.3494 658.386 658.4279 658.4745 658.5247 658.5767 658.6299 658.6847 658.7396 658.7935 658.8467 658.8989 658.9507 659.0028 659.0563 659.1116 659.1703 659.2301 659.2925 659.3488 659.4067 659.467 659.5294 659.5934 659.6653 659.7537 659.8623 659.98 660.1148 660.2842 660.5592 660.8949 661.2532 661.5785 661.8015 661.8489 661.9041 662.1326 662.6381 663.002 -9999 -9999 -9999 -9999 -9999 -9999 -9999 -9999 -9999 -9999 -9999 -9999 -9999 -9999 -9999 -9999 -9999
658.9575 658.7267 658.5465 658.4169 658.3312 658.2844 658.2728 658.2856 658.3035 658.3265 658.3543 658.3871 658.425 658.4684 658.5166 658.5684 658.6223 658.6765 658.7316 658.7879 658.8431 658.8969 658.9485 658.9984 659.0488 659.1004 659.1526 659.2079 659.2662 659.3274 659.3888 659.4526 659.5182 659.5809 659.6421 659.7031 659.7747 659.8649 659.9722 660.1036 660.2825 660.5663 660.9067 661.2573 661.572 661.7952 661.8707 662.019 662.4507 662.9114 663.1403 -9999 -9999 -9999 -9999 -9999 -9999 -9999 -9999 -9999 -9999 -9999 -9999 -9999 -9999 -9999 -9999 -9999
659.1757 658.8764 658.6444 658.4794 658.3718 658.314 658.3004 658.3171 658.3376 658.3636 658.3942 658.4294 658.4696 658.5151 658.5652 658.6187 658.6742 658.7301 658.7859 658.8425 658.8994 658.9543 659.0062 659.0558 659.1042 659.1533 659.2021 659.2529 659.3077 659.3658 659.4286 659.4965 659.5691 659.6332 659.699 659.7552 659.8154 659.8931 659.9912 660.114 660.2822 660.5738 660.921 661.2675 661.5725 661.7954 661.8975 662.1218 662.7456 663.0866 663.2159 -9999 -9999 -9999 -9999 -9999 -9999 -9999 -9999 -9999 -9999 -9999 -9999 -9999 -9999 -9999 -9999 -9999
659.4735 659.0736 658.7693 658.557 658.4211 658.3491 658.3322 658.3525 658.3755 658.4043 658.4382 658.4769 658.5204 658.5689 658.6217 658.6772 658.7343 658.7915 658.8486 658.9063 658.9634 659.0194 659.0723 659.1221 659.1696 659.2157 659.2609 659.3074 659.3569 659.4105 659.4707 659.537 659.6084 659.6811 659.7546 659.8136 659.8726 659.9478 660.0457 660.165 660.3014 660.6006 660.9487 661.2888 661.5807 661.7953 661.9039 662.1595 662.8399 663.1349 -9999 -9999 -9999 -9999 -9999 -9999 -9999 -9999 -9999 -9999 -9999 -9999 -9999 -9999 -9999 -9999 -9999 -9999
659.8677 659.3265 658.9279 658.6566 658.485 658.394 658.3705 658.393 658.4178 658.4492 658.4867 658.5295 658.5771 658.6296 658.6863 658.7448 658.8038 658.8625 658.9209 658.9797 659.0378 659.0941 659.1475 659.1973 659.2441 659.2886 659.3309 659.3715 659.4133 659.4606 659.5169 659.58 659.6481 659.7213 659.7991 659.8679 659.9341 660.0148 660.1216 660.2704 660.4154 660.6793 661.0037 661.3263 661.5989 661.7954 661.8988 662.1635 662.8523 663.1155 -9999 -9999 -9999 -9999 -9999 -9999 -9999 -9999 -9999 -9999 -9999 -9999 -9999 -9999 -9999 -9999 -9999 -9999
660.3482 659.6352 659.1277 658.7876 658.5729 658.4547 658.418 658.4398 658.4653 658.4991 658.5402 658.5874 658.6399 658.6976 658.7587 658.8211 658.8833 658.9442 659.0042 659.0645 659.1235 659.18 659.233 659.2823 659.3271 659.3677 659.4048 659.4388 659.4749 659.5155 659.5686 659.6279 659.6932 659.7646 659.8417 659.9184 659.9915 660.071 660.157 660.2808 660.4784 660.7551 661.0724 661.38 661.6299 661.7957 661.8987 662.1752 662.8555 663.0964 -9999 -9999 -9999 -9999 -9999 -9999 -9999 -9999 -9999 -9999 -9999 -9999 -9999 -9999 -9999 -9999 -9999 -9999
660.8735 660.0039 659.3856 658.9662 658.6974 658.5409 658.476 658.4807 658.5159 658.5545 658.5991 658.6506 658.7084 658.7719 658.8383 658.9054 658.9717 659.0361 659.0988 659.1611 659.2214 659.2782 659.3304 659.378 659.4192 659.4535 659.4833 659.5111 659.5431 659.5816 659.627 659.6808 659.7439 659.8163 659.8934 659.9717 660.0487 660.1237 660.1937 660.2916 660.5291 660.8285 661.151 661.4537 661.6862 661.8013 661.9326 662.2573 662.8867 663.0832 -9999 -9999 -9999 -9999 -9999 -9999 -9999 -9999 -9999 -9999 -9999 -9999 -9999 -9999 -9999 -9999 -9999 -9999
661.5677 660.4938 659.7391 659.2155 658.8737 658.6661 658.5626 658.5434 658.5795 658.6183 658.6639 658.7189 658.782 658.8516 658.9238 658.9965 659.0679 659.1371 659.2039 659.2694 659.3317 659.3886 659.4391 659.4835 659.5195 659.5458 659.5656 659.5847 659.6106 659.6436 659.683 659.7339 659.7972 659.8723 659.9526 660.0339 660.1168 660.2013 660.2796 660.3972 660.6204 660.912 661.2318 661.5388 661.7857 661.8687 662.0376 662.5133 662.9721 663.0784 -9999 -9999 -9999 -9999 -9999 -9999 -9999 -9999 -9999 -9999 -9999 -9999 -9999 -9999 -9999 -9999 -9999 -9999
662.3006 661.148 660.2175 659.5497 659.1094 658.8369 658.6842 658.626 658.6382 658.6845 658.7327 658.7915 658.8599 658.9357 659.0139 659.0927 659.1703 659.2461 659.3188 659.3882 659.4526 659.5093 659.5573 659.5962 659.6251 659.642 659.6508 659.6598 659.6781 659.7051 659.7385 659.7859 659.8505 659.9306 660.0119 660.0939 660.1797 660.2773 660.3596 660.4944 660.709 660.9863 661.2883 661.5747 661.7967 661.9006 662.1294 662.7629 663.0642 663.0995 -9999 -9999 -9999 -9999 -9999 -9999 -9999 -9999 -9999 -9999 -9999 -9999 -9999 -9999 -9999 -9999 -9999 -9999
663.1914 662.0483 660.8065 659.9559 659.4016 659.0538 658.8459 658.7412 658.718 658.7498 658.8062 658.8695 658.9419 659.0228 659.1063 659.1918 659.2769 659.3608 659.441 659.5149 659.5808 659.6364 659.6807 659.713 659.7327 659.7385 659.7367 659.7365 659.7472 659.7689 659.7939 659.8328 659.8992 659.9882 660.0691 660.1445 660.2144 660.2825 660.4022 660.5626 660.778 661.0414 661.3246 661.5892 661.7959 661.9037 662.1605 662.8401 663.1002 663.1055 -9999 -9999 -9999 -9999 -9999 -9999 -9999 -9999 -9999 -9999 -9999 -9999 -9999 -9999 -9999 -9999 -9999 -9999
664.0252 662.6224 661.3617 660.3967 659.7502 659.319 659.049 658.8948 658.8328 658.8421 658.897 658.9556 659.0276 659.1113 659.1992 659.2918 659.3856 659.4785 659.5664 659.6447 659.7115 659.7651 659.8049 659.8299 659.8398 659.8339 659.8208 659.8137 659.8193 659.837 659.8541 659.881 659.941 660.0321 660.1255 660.2061 660.2795 660.3523 660.4658 660.626 660.8345 661.0826 661.3477 661.5955 661.7944 661.9022 662.1686 662.8499 663.1006 663.1025 -9999 -9999 -9999 -9999 -9999 -9999 -9999 -9999 -9999 -9999 -9999 -9999 -9999 -9999 -9999 -9999 -9999 -9999
