backend/lakes/data/Cardinal Lake/card_dem_tm.asc
ncols         284
nrows         240
xllcorner     324250
yllcorner     6227200
cellsize      50
NODATA_value  -9999
[rows 93 to 123 of 240, columns 70 to 139 of 284]
639.4926 639.3603 639.2822 639.2437 639.2031 639.1508 639.0951 639.0688 639.0447 639.0005 639.0001 638.9983 638.9074 638.7974 638.6961 638.6147 638.5461 638.5001 638.4919 638.5 638.5131 638.5513 638.6011 638.6526 638.7016 638.7467 638.7878 638.8253 638.8595 638.8909 638.9197 638.9457 638.9681 638.9865 639 639.0045 639.0042 639.0027 639.0005 638.9974 638.9921 638.985 638.9772 638.9703 638.9664 638.9662 638.9686 638.9723 638.9774 638.9872 639.0053 639.0342 639.0746 639.1254 639.1827 639.2425 639.299 639.3514 639.3971 639.432 639.4557 639.4719 639.4856 639.5 639.5 639.5003 639.5448 639.5767 639.6089 639.6133
639.3215 639.1884 639.1354 639.1122 639.0902 639.0565 639.0007 639 638.9995 638.9497 638.9159 638.8743 638.7826 638.6761 638.5894 638.5408 638.5001 638.4879 638.5 638.5101 638.5262 638.5576 638.5995 638.6451 638.6903 638.7329 638.7723 638.8088 638.843 638.8749 638.9048 638.9325 638.9569 638.9773 638.9924 639 639 639 639 639 638.9971 638.9923 638.9868 638.9822 638.9799 638.9801 638.9823 638.9854 638.9894 638.9974 639.0148 639.0452 639.0887 639.1434 639.2043 639.2656 639.3217 639.3691 639.4098 639.4421 639.4652 639.4827 639.5 639.5265 639.5463 639.5697 639.613 639.6443 639.6451 639.5975
639.1228 639.0043 638.9995 639 639.0001 638.9995 638.9554 638.9364 638.9186 638.8738 638.8225 638.7572 638.6644 638.566 638.5004 638.4999 638.4869 638.4882 638.5 638.5175 638.5383 638.5671 638.6034 638.6436 638.6846 638.7242 638.7616 638.7964 638.8295 638.8611 638.8912 638.9194 638.9446 638.9658 638.9819 638.9917 638.9955 638.9977 638.9994 639.0007 639 638.9974 638.9944 638.9921 638.9916 638.9919 638.9932 638.9949 638.9976 639.0039 639.0205 639.0528 639.1012 639.1616 639.2282 639.293 639.3498 639.3944 639.4289 639.4579 639.4805 639.5 639.5226 639.5533 639.5837 639.6185 639.6569 639.6678 639.6157 639.4897
639.0001 638.9258 638.9133 638.9176 638.9232 638.9219 638.8958 638.8706 638.8411 638.7956 638.7386 638.6678 638.5822 638.5004 638.4742 638.485 638.4883 638.5 638.5134 638.5321 638.5544 638.5815 638.6136 638.649 638.686 638.7224 638.7573 638.7903 638.8217 638.8519 638.8809 638.9083 638.9332 638.9545 638.9713 638.9832 638.99 638.9945 638.9976 638.9999 639.0006 639 638.9988 638.9985 639 639 639 639 639.001 639.0059 639.0219 639.0562 639.1104 639.1788 639.2532 639.3244 639.3829 639.425 639.4529 639.4783 639.5 639.522 639.5305 639.5525 639.5773 639.6062 639.6328 639.6171 639.4907 639.2506
638.9381 638.8877 638.8691 638.8667 638.8669 638.8602 638.8395 638.8125 638.7782 638.7328 638.6776 638.6143 638.5488 638.4999 638.4862 638.5 638.5 638.5134 638.5306 638.5515 638.5749 638.601 638.6298 638.6613 638.6944 638.7275 638.7599 638.7906 638.8198 638.848 638.875 638.9008 638.9246 638.9453 638.9624 638.9753 638.9843 638.9906 638.995 638.9983 639 639.0004 639 639 639.0015 639.0022 639.002 639.001 639 639.0032 639.0188 639.0552 639.1155 639.1934 639.2782 639.358 639.4213 639.4595 639.4778 639.5 639.52 639.5315 639.5002 639.4998 639.4998 639.4996 639.4952 639.4526 639.2625 639.0152
638.9135 638.8749 638.8534 638.843 638.8351 638.8222 638.8001 638.7714 638.7359 638.6926 638.6426 638.5889 638.5373 638.5 638.5 638.5114 638.5194 638.5338 638.5524 638.5741 638.598 638.6234 638.6501 638.6783 638.7079 638.738 638.7677 638.7961 638.8232 638.8491 638.8738 638.8973 638.9194 638.9391 638.9557 638.9691 638.9794 638.9868 638.9921 638.9961 638.9987 638.9998 638.9998 638.9999 639.001 639.0018 639.0015 639 638.9961 638.997 639.012 639.0502 639.1156 639.203 639.2996 639.3912 639.4628 639.5 639.5001 639.5169 639.5001 639.4947 639.415 639.3773 639.3449 639.2891 639.1873 639.0464 638.9946 638.8606
638.9095 638.8793 638.8575 638.8416 638.8269 638.8083 638.7828 638.7519 638.7165 638.6765 638.6331 638.5894 638.551 638.5265 638.525 638.5339 638.545 638.56 638.5784 638.5995 638.6229 638.6472 638.6721 638.6978 638.7241 638.7512 638.7784 638.8047 638.8298 638.8536 638.8761 638.8975 638.9176 638.9358 638.9515 638.9648 638.9756 638.9835 638.9894 638.9941 638.9974 638.9989 638.9991 638.9993 639 639.0006 639 638.9973 638.9915 638.9896 639.003 639.0415 639.1097 639.2035 639.3101 639.4144 639.4999 639.5474 639.5394 639.4974 639.3724 639.2721 639.2158 639.2088 639.1862 639.1228 639.0044 638.9042 638.8458 638.7648
638.9216 638.897 638.8763 638.8579 638.8386 638.8159 638.788 638.7551 638.7196 638.6826 638.6453 638.6101 638.5814 638.5642 638.5615 638.5679 638.5784 638.5923 638.609 638.6282 638.6494 638.6718 638.6947 638.7179 638.7416 638.7659 638.7904 638.8145 638.8378 638.8597 638.8804 638.8999 638.9182 638.9349 638.9496 638.9624 638.973 638.9813 638.9875 638.9923 638.9962 638.9983 638.9988 638.9988 638.9993 639.0002 639 638.9967 638.989 638.9838 638.9935 639.0295 639.0964 639.1904 639.2999 639.4093 639.5002 639.5529 639.4984 639.3533 639.1655 639.0112 639.0029 639.0638 639.0754 639.0555 638.9985 638.8853 638.7993 638.7255
638.9446 638.9241 638.9054 638.887 638.866 638.8412 638.8119 638.7781 638.7424 638.7073 638.6743 638.6451 638.6226 638.6094 638.6061 638.6101 638.6186 638.6302 638.6444 638.6606 638.6786 638.6979 638.7181 638.7388 638.7598 638.7813 638.8032 638.825 638.8462 638.8665 638.8856 638.9036 638.9204 638.9358 638.9495 638.9615 638.9719 638.9802 638.9864 638.9911 638.9952 638.9978 638.9987 638.9988 638.9993 639 639 638.9977 638.99 638.9816 638.986 639.0157 639.0754 639.1612 639.2625 639.365 639.4524 639.495 639.3638 639.1768 639.0024 638.9072 638.9233 638.9988 639.0003 638.9998 638.9523 638.8662 638.7843 638.7155
638.9706 638.9547 638.9397 638.9229 638.9033 638.879 638.8493 638.8154 638.7799 638.7458 638.7153 638.6897 638.6707 638.6593 638.6554 638.6575 638.6637 638.6727 638.6839 638.6968 638.7111 638.7267 638.7434 638.761 638.7792 638.7979 638.8169 638.8362 638.8552 638.8737 638.8914 638.908 638.9235 638.9379 638.9508 638.9621 638.9721 638.9801 638.9861 638.9907 638.9946 638.9974 638.9987 638.999 638.9994 638.9999 639 639 638.9941 638.9836 638.9825 639.0031 639.0496 639.1183 639.1974 639.2699 639.3134 639.2949 639.1652 639.0037 638.8948 638.8451 638.8633 638.9143 638.932 638.933 638.9006 638.8407 638.775 638.7159
638.9903 638.9816 638.9738 638.9592 638.9434 638.9231 638.8947 638.861 638.8258 638.7926 638.7635 638.7401 638.7228 638.712 638.7072 638.7073 638.7112 638.7176 638.7257 638.7353 638.7461 638.7579 638.771 638.7852 638.8003 638.8161 638.8323 638.8488 638.8654 638.8818 638.8978 638.913 638.9272 638.9409 638.9531 638.9638 638.9733 638.981 638.9867 638.991 638.9946 638.9973 638.9987 638.9991 638.9995 639 639.0009 639.0016 639 638.9886 638.984 638.9952 639.0253 639.0719 639.1235 639.1613 639.1644 639.1124 639.0021 638.9041 638.8374 638.8105 638.8236 638.8557 638.8751 638.8777 638.8569 638.8163 638.767 638.7192
638.9993 638.9983 639 638.9883 638.9782 638.9663 638.9412 638.9081 638.8737 638.8419 638.8145 638.7924 638.7761 638.7652 638.7592 638.7572 638.7587 638.7625 638.7678 638.7743 638.7817 638.7903 638.7999 638.8109 638.8228 638.8357 638.849 638.8628 638.8768 638.891 638.9051 638.9189 638.9321 638.9447 638.9561 638.9661 638.975 638.9823 638.9879 638.9921 638.9954 638.9976 638.9989 638.9994 638.9996 638.9999 639.0002 639 638.9988 638.9924 638.9891 638.9945 639.0083 639.0337 639.0612 639.0739 639.0558 639.0004 638.9288 638.865 638.821 638.8025 638.808 638.8254 638.8389 638.8406 638.8267 638.7986 638.7621 638.7242
639.0001 639 639.0032 639 639 639 638.9799 638.9495 638.9176 638.8885 638.8636 638.8433 638.8278 638.8166 638.8094 638.8057 638.8046 638.8057 638.8082 638.812 638.8165 638.822 638.8287 638.8367 638.8459 638.856 638.8667 638.8779 638.8894 638.9014 638.9135 638.9258 638.9377 638.9492 638.9598 638.9692 638.9774 638.9843 638.9895 638.9933 638.9962 638.998 638.9993 638.9996 638.9998 638.9999 639.0001 639 638.9993 638.9969 638.9965 639 639 639.01 639.0215 639.0216 639 638.9589 638.9102 638.8662 638.8343 638.8177 638.8152 638.8204 638.8251 638.8234 638.8118 638.7908 638.7629 638.7322
639 639.0006 639.0026 639.0029 639.0054 639.0067 639 638.9773 638.9521 638.9288 638.9083 638.8904 638.8756 638.8644 638.8562 638.8508 638.8477 638.8461 638.8459 638.847 638.8489 638.8516 638.8557 638.8612 638.8679 638.8755 638.8839 638.8929 638.9023 638.9122 638.9225 638.9332 638.944 638.9543 638.9641 638.9729 638.9803 638.9866 638.9912 638.9948 638.9973 638.9989 638.9998 638.9999 639 639 639.0001 639.0002 639 638.9995 639 639.0001 638.9986 639 639.0038 639 638.9822 638.9537 638.9209 638.89 638.8654 638.849 638.8403 638.8361 638.8322 638.8252 638.813 638.7949 638.7715 638.7451
639.0002 639.0001 639 639 639.0012 639 639.0003 638.99 638.9755 638.9608 638.9468 638.9321 638.9184 638.907 638.8981 638.8915 638.8866 638.8831 638.8803 638.8786 638.8781 638.8785 638.8802 638.8833 638.8878 638.8934 638.8999 638.907 638.9147 638.923 638.9318 638.9413 638.9509 638.9602 638.969 638.9768 638.9835 638.989 638.9932 638.9962 638.9982 638.9995 639 639 638.9999 638.9998 639 639 639 639 639.0002 639 639 638.9994 639 638.9952 638.9832 638.9651 638.944 638.9228 638.9038 638.8885 638.8765 638.8661 638.8554 638.8434 638.8289 638.8111 638.7894 638.7646
639.0005 639 638.9993 638.9991 639 639.0002 639.001 638.9972 638.9909 638.9845 638.978 638.9664 638.954 638.9431 638.9342 638.9268 638.9203 638.9152 638.9105 638.9067 638.9039 638.9022 638.902 638.9031 638.9058 638.9094 638.9142 638.9198 638.9261 638.9332 638.9412 638.9496 638.9583 638.9666 638.9744 638.9812 638.9868 638.9915 638.995 638.9974 638.999 638.9999 639 638.9996 638.9993 638.999 638.9993 638.9995 638.9997 639 639 638.9999 638.9998 639 639.0005 638.9979 638.9912 638.9811 638.9688 638.9553 638.9415 638.9285 638.9163 638.9033 638.8889 638.8733 638.8565 638.8376 638.8159 638.7906
639 638.9991 638.9985 638.9988 638.9998 639.0005 639.0013 639.0005 638.999 638.9985 639 638.9905 638.98 638.9712 638.9636 638.9561 638.9487 638.9421 638.936 638.9307 638.9261 638.9229 638.921 638.9207 638.9216 638.9238 638.9272 638.9314 638.9365 638.9429 638.9501 638.9576 638.9656 638.973 638.9798 638.9856 638.9902 638.9938 638.9966 638.9985 638.9996 639 638.9995 638.9989 638.9983 638.998 638.9982 638.9984 638.9989 638.9995 639 638.9999 639 639.0017 639.0035 639.0034 639.0009 638.996 638.9899 638.9824 638.9735 638.9637 638.9531 638.9408 638.9257 638.9089 638.8907 638.8707 638.848 638.8217
638.9975 638.997 638.9971 638.998 638.9993 639.0002 639.0009 639.0006 639.0001 639 639.0031 639 638.9944 638.9901 638.9857 638.9788 638.9712 638.9636 638.9565 638.9501 638.9443 638.9401 638.9371 638.9357 638.9355 638.9366 638.9388 638.942 638.9464 638.9519 638.9585 638.9657 638.973 638.9797 638.9854 638.9899 638.9934 638.9961 638.9982 638.9994 639 638.9998 638.9988 638.9978 638.9971 638.9968 638.9969 638.9972 638.9977 638.9982 638.999 639 639.0016 639.0046 639.0078 639.0099 639.0103 639.0088 639.0063 639.0028 638.9982 638.9917 638.9836 638.9731 638.9598 638.9441 638.9263 638.9059 638.882 638.8544
638.9949 638.9948 638.9955 638.9971 638.9988 638.9999 639.0004 639 638.9999 639 639.0015 639 638.9995 639 639 638.9938 638.9869 638.9796 638.9722 638.9651 638.9587 638.9537 638.9503 638.9483 638.9476 638.9479 638.9492 638.9518 638.9556 638.9605 638.9666 638.9734 638.9802 638.9863 638.991 638.9941 638.9963 638.9979 638.9993 639 639 638.9993 638.9981 638.9968 638.996 638.9956 638.9957 638.9961 638.9966 638.9969 638.9979 639 639.0034 639.0081 639.0129 639.0168 639.0192 639.02 639.0195 639.0182 639.0162 639.0126 639.0068 638.9986 638.9877 638.9742 638.9581 638.9384 638.9138 638.8854
638.9931 638.9932 638.9944 638.9965 638.9985 638.9998 639 638.9999 639 639.0001 639.0005 639 639 639.0021 639.0031 639 638.9958 638.9897 638.9828 638.9758 638.9696 638.9645 638.9608 638.9585 638.9574 638.9573 638.9583 638.9604 638.9637 638.9683 638.974 638.9805 638.9868 638.9923 638.9961 638.9978 638.9987 638.9993 639 639.0002 639 638.999 638.9977 638.9963 638.9954 638.995 638.9951 638.9957 638.9962 638.9965 638.9977 639 639.0059 639.0124 639.0187 639.0242 639.0281 639.0305 639.031 639.0306 639.0298 639.028 639.024 639.0173 639.0084 638.9973 638.983 638.9645 638.9401 638.9113
638.9923 638.9928 638.9945 638.9966 638.9987 639 639 639 639 639.0001 639.0001 639 639 639.0013 639.0022 639.0016 639 638.9951 638.9891 638.9829 638.9772 638.9724 638.969 638.9668 638.9656 638.9655 638.9662 638.968 638.9709 638.9752 638.9805 638.9865 638.9923 638.9972 639 639 639 639 639.0002 639.0002 638.9999 638.9989 638.9977 638.9963 638.9954 638.9951 638.9955 638.9964 638.9972 638.9974 639 639.0045 639.0112 639.0187 639.0258 639.0322 639.037 639.0403 639.0417 639.0419 639.0412 639.0399 639.0366 639.031 639.0231 639.0134 639.0005 638.9829 638.959 638.9302
638.9927 638.9938 638.9957 638.9974 638.999 638.9999 639 639 639 639 639 639 638.9999 639 639 639 638.9994 638.9962 638.9918 638.9868 638.9821 638.9779 638.9752 638.9735 638.9725 638.9724 638.973 638.9746 638.9773 638.9811 638.9858 638.9911 638.9961 639 639.0007 639 639 639.0001 639.0001 639 638.9996 638.9988 638.9977 638.9966 638.9957 638.9958 638.9966 638.9982 639 639 639.0044 639.0106 639.0183 639.0264 639.0338 639.0404 639.0458 639.0494 639.0515 639.052 639.0513 639.0495 639.0461 639.0406 639.0332 639.024 639.0117 638.9943 638.9706 638.9421
638.9943 638.996 638.9978 638.9988 638.9996 639.0001 639.0002 639 639 639 639 639 639 638.9996 638.9993 638.999 638.9982 638.996 638.9927 638.9888 638.985 638.9818 638.9798 638.9788 638.9784 638.9785 638.9791 638.9806 638.9829 638.9862 638.9902 638.9943 638.9978 639 639 639 639 639 639.0001 639 638.9996 638.9989 638.9982 638.9973 638.9966 638.9969 638.998 639 639.0027 639.0052 639.0105 639.0177 639.0258 639.0342 639.0419 639.0484 639.0536 639.0574 639.0596 639.0602 639.0593 639.057 639.0529 639.0469 639.0392 639.03 639.0176 638.9998 638.976 638.9482
638.9964 638.9984 639 639 639 639.0001 639.0001 638.9999 638.9999 638.9999 639 639 639 638.9996 638.9991 638.9984 638.9972 638.9952 638.9927 638.9897 638.9871 638.9849 638.9835 638.9831 638.9833 638.9839 638.9847 638.9862 638.9882 638.9908 638.9937 638.9965 638.9987 638.9999 639 639 639 639 639 639 638.9996 638.9991 638.9987 638.998 638.9978 638.9983 639 639.0029 639.0064 639.0106 639.0166 639.024 639.0325 639.0411 639.0489 639.0553 639.0601 639.0635 639.0654 639.0654 639.0643 639.0616 639.0568 639.0499 639.0415 639.0318 639.0189 639.0005 638.9765 638.9492
638.9982 639 639.0004 639.0002 639.0001 639 639 638.9999 638.9999 638.9999 639 639 638.9999 638.9996 638.999 638.9979 638.9965 638.9947 638.9927 638.9905 638.9886 638.9873 638.9868 638.9869 638.9875 638.9886 638.9897 638.9912 638.9929 638.9946 638.9965 638.998 638.9994 639.0001 639.0002 639.0001 639.0001 639.0001 639 639 638.9998 638.9995 638.9991 638.9989 638.9989 639 639.0024 639.0057 639.0099 639.0149 639.0211 639.0287 639.0372 639.0458 639.0536 639.0599 639.0645 639.0673 639.0685 639.0677 639.0658 639.0624 639.0569 639.0491 639.04 639.0295 639.0159 638.9969 638.9727 638.9462
638.9991 639 639 639 639 639 639 639.0001 639 639 639.0001 639.0001 639 638.9998 638.999 638.9978 638.9963 638.9946 638.9929 638.9913 638.9902 638.9896 638.9898 638.9905 638.9916 638.9929 638.994 638.9955 638.9969 638.9978 638.9985 638.9993 638.9998 639.0001 639.0004 639.0002 639.0001 639.0001 639 639 638.9999 638.9999 638.9997 639 639 639.0016 639.0043 639.0078 639.0121 639.0173 639.0235 639.0308 639.0389 639.0474 639.0552 639.0615 639.0661 639.0686 639.069 639.0675 639.0644 639.0599 639.0535 639.0448 639.0347 639.0233 639.0092 638.9895 638.9651 638.9391
638.9996 639 639 639 639 639 639 639 639 639 639 639.0001 639 639 638.9994 638.9983 638.9967 638.9951 638.9936 638.9924 638.9919 638.9919 638.9927 638.9939 638.9952 638.9962 638.9973 638.9987 639 639 639 639 639.0001 639.0001 639.0002 639.0001 639.0001 639.0001 639 639 638.9999 639 639 639.0004 639.0012 639.0028 639.0052 639.0082 639.0121 639.0171 639.0229 639.0297 639.0374 639.0454 639.0533 639.0599 639.0645 639.067 639.0671 639.0647 639.0606 639.055 639.0472 639.0375 639.0262 639.014 638.9991 638.979 638.9545 638.9288
638.9999 639.0001 639.0001 639 639 639 639 639 639 639 638.9999 639 639 639.0001 639 638.999 638.9977 638.9962 638.9948 638.9938 638.9937 638.9944 638.9955 638.9968 638.998 638.9987 638.9991 639 639.0007 639.0007 639.0006 639.0002 639 638.9999 638.9999 638.9999 639.0001 639 639.0001 639.0001 639 639 639 639.0004 639.0013 639.0026 639.0042 639.0062 639.009 639.0131 639.0183 639.0247 639.0321 639.0398 639.0476 639.0543 639.0593 639.0621 639.0624 639.0598 639.0549 639.0483 639.0396 639.0283 639.0159 639.0027 638.9871 638.9664 638.9417 638.9163
639 639.0001 639.0001 639 639 639 639 639 639 639.0001 639 639 639 639 639 638.9995 638.9988 638.9976 638.9962 638.9955 638.9957 638.9965 638.9977 638.999 639 638.9999 638.9999 639 639.0005 639.0006 639.0007 639.0004 639 638.9998 638.9998 638.9998 638.9999 639 639 639 639 639 638.9998 639 639.0005 639.0004 639.0002 639.0007 639.0021 639.0049 639.0092 639.0151 639.0221 639.0299 639.0377 639.0449 639.0505 639.0541 639.0549 639.0526 639.0475 639.0403 639.0308 639.0184 639.0048 638.9906 638.9741 638.9529 638.9279 638.9025
639 639.0001 639.0001 639 639 639 639 639 639 639.0001 639.0001 639 639 639 639 639 639 638.999 638.9978 638.9971 638.9972 638.9979 638.999 639 639.0002 639 639 639 639.0002 639.0004 639.0005 639.0002 639 638.9999 638.9996 638.9995 638.9996 638.9999 639 638.9999 639 639.0004 639 639.0003 638.9984 638.9954 638.9926 638.9908 638.9905 638.9918 638.995 639 639.007 639.0149 639.0232 639.0313 639.0381 639.0427 639.0446 639.043 639.0383 639.0312 639.0212 639.0084 638.9937 638.9785 638.9612 638.9395 638.9139 638.8884
639.0001 639 639.0001 639 639 639 639 639 639 639.0001 639 639 639 639 639 639.0002 639.0004 639 638.9989 638.9982 638.9983 638.9989 638.9996 639 639 639 639 639 639.0001 639.0002 639.0002 639.0001 639 638.9998 638.9995 638.9994 638.9996 638.9998 638.9999 639 639.0009 639.002 639.0026 639 638.993 638.986 638.9799 638.9754 638.973 638.9728 638.975 638.9796 638.9862 638.9946 639.0038 639.0132 639.0215 639.0278 639.0313 639.0311 639.0274 639.0209 639.0112 638.9982 638.983 638.9669 638.9491 638.9272 638.9013 638.8752
