backend/lakes/data/Cardinal Lake/card_dem_tm.asc
ncols         284
nrows         240
xllcorner     324250
yllcorner     6227200
cellsize      50
NODATA_value  -9999
[rows 124 to 154 of 240, columns 0 to 69 of 284]
-9999 -9999 -9999 -9999 -9999 -9999 -9999 -9999 -9999 -9999 -9999 -9999 -9999 -9999 -9999 -9999 -9999 -9999 -9999 646.451 645.9033 644.9146 643.5519 642.0804 641.0647 640.4641 640.1403 640.0051 639.9879 640 639.9716 639.9077 639.8125 639.702 639.6011 639.5311 639.5 639.5055 639.5033 639.4709 639.4054 639.3136 639.2094 639.1125 639.0424 639.0001 639 638.999 639.0042 639.0106 639.0153 639.0179 639.0181 639.0161 639.0126 639.0082 639.0038 639 638.9987 638.999 638.9994 638.9996 638.9998 638.9999 638.9999 639 639 639.0001 639 639
-9999 -9999 -9999 -9999 -9999 -9999 -9999 -9999 -9999 -9999 -9999 -9999 -9999 -9999 -9999 -9999 -9999 -9999 -9999 646.8854 646.6818 645.9167 644.6465 643.1213 641.7672 640.9467 640.4377 640.1497 640.0243 639.9987 639.9999 639.9515 639.8517 639.7234 639.6044 639.5258 639.5 639.5103 639.5173 639.4977 639.4515 639.3806 639.2904 639.1956 639.1106 639.0424 639.0002 639.0098 639.0228 639.0322 639.0372 639.0381 639.0356 639.0307 639.0242 639.017 639.0098 639.0037 639 639 639 639 639 639 639 639 639 639 639 639
-9999 -9999 -9999 -9999 -9999 -9999 -9999 -9999 -9999 -9999 -9999 -9999 -9999 -9999 -9999 -9999 -9999 -9999 -9999 647.0004 647.01 646.611 645.7365 644.3259 642.7918 641.717 640.9639 640.4585 640.1631 640.0402 640.0162 639.9992 639.9011 639.7515 639.6071 639.5107 639.48 639.4999 639.5187 639.5106 639.489 639.4468 639.3757 639.2891 639.2032 639.13 639.0813 639.0702 639.0715 639.0736 639.0728 639.0683 639.0607 639.0509 639.04 639.0291 639.0187 639.01 639.0042 639.0017 639.0005 639 638.9999 639 639 639 638.9999 639 638.9999 638.9999
-9999 -9999 -9999 -9999 -9999 -9999 -9999 -9999 -9999 -9999 -9999 -9999 -9999 -9999 -9999 -9999 -9999 -9999 -9999 647.0287 647.2139 647.0805 646.5599 645.4611 644.0347 642.7443 641.7532 640.9789 640.4548 640.189 640.1008 640.0717 639.9959 639.8221 639.6403 639.5073 639.4506 639.4619 639.4998 639.5 639.5071 639.4999 639.4521 639.3792 639.3016 639.2329 639.1827 639.1561 639.1422 639.1318 639.1207 639.1074 639.0922 639.0757 639.059 639.0433 639.0291 639.0174 639.009 639.004 639.0013 639 638.9999 638.9999 638.9999 639 639 639 638.9999 639
-9999 -9999 -9999 -9999 -9999 -9999 -9999 -9999 -9999 -9999 -9999 -9999 -9999 -9999 -9999 -9999 -9999 -9999 -9999 -9999 647.4635 647.3017 646.8841 646.103 644.9579 644.0181 642.9331 641.7589 640.9425 640.5118 640.3508 640.2972 640.2112 640.0152 639.7732 639.5691 639.4512 639.4221 639.4453 639.4715 639.5 639.5109 639.4999 639.4482 639.3873 639.3295 639.2821 639.2479 639.222 639.1993 639.1765 639.1528 639.128 639.1033 639.0797 639.0583 639.0397 639.0245 639.0134 639.0061 639.002 639.0001 639 639 639 639 639 638.9999 638.9999 639
-9999 -9999 -9999 -9999 -9999 -9999 -9999 -9999 -9999 -9999 -9999 -9999 -9999 -9999 -9999 -9999 -9999 -9999 -9999 -9999 -9999 647.303 646.786 645.926 644.9683 644.7993 643.9069 642.7155 641.6395 641.0761 640.865 640.8035 640.723 640.5094 640.1321 639.7788 639.5415 639.4363 639.4233 639.4517 639.4888 639.5 639.5067 639.486 639.45 639.4086 639.3688 639.3333 639.3008 639.2687 639.2352 639.2004 639.1653 639.1311 639.0997 639.072 639.0485 639.0298 639.016 639.0071 639.0021 639 639 639.0005 639.0007 639.0006 639.0002 638.9999 639 639
-9999 -9999 -9999 -9999 -9999 -9999 -9999 -9999 -9999 -9999 -9999 -9999 -9999 -9999 -9999 -9999 -9999 -9999 -9999 -9999 -9999 -9999 646.6166 645.9677 645.584 645.5389 644.7487 643.6749 642.6489 641.9872 641.7386 641.6667 641.5952 641.3913 640.8916 640.2184 639.7672 639.5397 639.4624 639.4656 639.4999 639.5033 639.5098 639.5071 639.4919 639.467 639.4373 639.4058 639.3717 639.3339 639.2917 639.2466 639.2009 639.1569 639.1168 639.0821 639.0536 639.0315 639.0157 639.006 639.0012 639 639.0004 639.0012 639.0018 639.0018 639.0009 638.9999 639 638.9999
-9999 -9999 -9999 -9999 -9999 -9999 -9999 -9999 -9999 -9999 -9999 -9999 -9999 -9999 -9999 -9999 -9999 -9999 -9999 -9999 -9999 -9999 -9999 646.4081 646.0804 645.9075 645.2776 644.4943 643.8411 643.3909 643.0692 642.9111 642.7718 642.5625 641.886 640.8875 640.1201 639.7367 639.5688 639.5103 639.5 639.4961 639.505 639.515 639.5151 639.5039 639.4847 639.4612 639.4306 639.391 639.3427 639.2885 639.2322 639.1781 639.129 639.087 639.0533 639.028 639.011 639.0012 638.9976 638.998 639 639.0021 639.0035 639.0037 639.0021 639 638.9994 638.9997
-9999 -9999 -9999 -9999 -9999 -9999 -9999 -9999 -9999 -9999 -9999 -9999 -9999 -9999 -9999 -9999 -9999 -9999 -9999 -9999 -9999 -9999 -9999 -9999 646.3447 646.0656 645.7623 645.2413 645.0893 645.1199 644.9719 644.5369 644.1194 643.728 642.585 641.4093 640.5189 640.0029 639.7457 639.6084 639.5359 639.5 639.4993 639.5129 639.5198 639.5171 639.5074 639.4967 639.4749 639.4376 639.3857 639.3235 639.257 639.1925 639.1342 639.085 639.0463 639.0181 639.0002 638.9912 638.9897 638.9938 639 639.0027 639.0055 639.0065 639.005 639.0022 639 639
-9999 -9999 -9999 -9999 -9999 -9999 -9999 -9999 -9999 -9999 -9999 -9999 -9999 -9999 -9999 -9999 -9999 -9999 -9999 -9999 -9999 -9999 -9999 -9999 -9999 646.0784 645.8826 645.8839 646.3089 646.9085 647.0715 646.5371 645.7637 644.2883 642.8994 641.7194 640.835 640.2874 639.9825 639.7673 639.6219 639.5347 639.5 639.4999 639.4999 639.4999 639.5 639.5103 639.5031 639.4722 639.4192 639.3499 639.2735 639.1986 639.1311 639.0748 639.0314 639.0009 638.9825 638.975 638.9762 638.9836 638.9932 639 639.0066 639.0093 639.0081 639.005 639.0021 639.0008
-9999 -9999 -9999 -9999 -9999 -9999 -9999 -9999 -9999 -9999 -9999 -9999 -9999 -9999 -9999 -9999 -9999 -9999 -9999 -9999 -9999 -9999 -9999 -9999 -9999 -9999 646.1135 646.4197 647.3387 648.3387 648.715 648.0164 646.6552 644.8717 643.2453 642.0758 641.2 640.6357 640.2648 639.9892 639.7642 639.6038 639.5048 639.4542 639.4324 639.4348 639.4592 639.4999 639.5134 639.494 639.4421 639.3666 639.2803 639.195 639.1188 639.056 639.0085 638.9763 638.958 638.9523 638.9565 638.9683 638.984 639 639.0076 639.0111 639.0098 639.0065 639.0032 639.0009
-9999 -9999 -9999 -9999 -9999 -9999 -9999 -9999 -9999 -9999 -9999 -9999 -9999 -9999 -9999 -9999 -9999 -9999 -9999 -9999 -9999 -9999 -9999 -9999 -9999 -9999 -9999 647.0554 647.9427 648.9666 649.4406 648.8312 647.3696 645.6338 644.0634 642.8125 641.8569 641.2229 640.7249 640.3158 639.9925 639.74 639.556 639.4344 639.3687 639.3555 639.3881 639.4492 639.4999 639.5018 639.4543 639.3726 639.2761 639.1808 639.0967 639.0289 638.9785 638.9454 638.9279 638.9238 638.9309 638.9459 638.9657 638.9856 639 639.0083 639.0077 639.0051 639.0026 639
-9999 -9999 -9999 -9999 -9999 -9999 -9999 -9999 -9999 -9999 -9999 -9999 -9999 -9999 -9999 -9999 -9999 -9999 -9999 -9999 -9999 -9999 -9999 -9999 -9999 -9999 -9999 -9999 -9999 648.6722 649.5258 649.0088 647.7898 646.3834 645.116 644.0737 643.1126 642.2167 641.4684 640.8364 640.3523 639.9878 639.7 639.4858 639.35 639.2954 639.3151 639.3857 639.4644 639.5 639.4573 639.3673 639.2598 639.1554 639.0656 638.995 638.9438 638.911 638.8945 638.8921 638.9012 638.9187 638.9412 638.9646 638.9851 639 639 639 639 638.999
-9999 -9999 -9999 -9999 -9999 -9999 -9999 -9999 -9999 -9999 -9999 -9999 -9999 -9999 -9999 -9999 -9999 -9999 -9999 -9999 -9999 -9999 -9999 -9999 -9999 -9999 -9999 -9999 -9999 -9999 648.9893 648.8579 648.1199 647.1479 646.189 645.3713 644.4894 643.5078 642.4861 641.6 640.9114 640.3888 639.9863 639.6555 639.4178 639.29 639.2707 639.3354 639.4348 639.5 639.4534 639.3495 639.2301 639.1193 639.0277 638.9578 638.9083 638.8772 638.8622 638.8611 638.8714 638.8902 638.9141 638.9393 638.9623 638.9794 638.9866 638.9908 638.9939 638.9958
-9999 -9999 -9999 -9999 -9999 -9999 -9999 -9999 -9999 -9999 -9999 -9999 -9999 -9999 -9999 -9999 -9999 -9999 -9999 -9999 -9999 -9999 -9999 -9999 -9999 -9999 -9999 -9999 -9999 -9999 -9999 648.8731 648.5341 647.9087 647.1408 646.4081 645.6469 644.7404 643.7202 642.738 641.756 641.0275 640.4753 640.0013 639.6222 639.3795 639.2847 639.316 639.418 639.5 639.4379 639.3152 639.1859 639.0745 638.9875 638.9232 638.8785 638.8502 638.8367 638.8358 638.8461 638.865 638.8889 638.9147 638.9388 638.9584 638.9714 638.9804 638.9872 638.9924
-9999 -9999 -9999 -9999 -9999 -9999 -9999 -9999 -9999 -9999 -9999 -9999 -9999 -9999 -9999 -9999 -9999 -9999 -9999 -9999 -9999 -9999 -9999 -9999 -9999 -9999 -9999 -9999 -9999 -9999 -9999 -9999 -9999 648.5296 647.9103 647.2001 646.5013 645.7484 644.8526 643.8835 642.9026 641.9639 641.2645 640.6053 640.0291 639.6168 639.3948 639.3476 639.4189 639.5 639.4042 639.2596 639.1284 639.0273 638.9537 638.9008 638.863 638.8378 638.8243 638.8222 638.8307 638.8477 638.8704 638.8956 638.9203 638.942 638.9592 638.9723 638.9827 638.991
-9999 -9999 -9999 -9999 -9999 -9999 -9999 -9999 -9999 -9999 -9999 -9999 -9999 -9999 -9999 -9999 -9999 -9999 -9999 -9999 -9999 -9999 -9999 -9999 -9999 -9999 -9999 -9999 -9999 -9999 -9999 -9999 -9999 -9999 648.4198 647.8107 647.1336 646.5021 645.7866 644.9488 644.0844 643.2623 642.4234 641.5328 640.7267 640.0787 639.6608 639.465 639.4435 639.4975 639.3419 639.1821 639.0663 638.9917 638.9412 638.9034 638.8728 638.8485 638.8324 638.8259 638.8298 638.8429 638.8627 638.8862 638.9106 638.9337 638.9535 638.9697 638.9829 638.9937
-9999 -9999 -9999 -9999 -9999 -9999 -9999 -9999 -9999 -9999 -9999 -9999 -9999 -9999 -9999 -9999 -9999 -9999 -9999 -9999 -9999 -9999 -9999 -9999 -9999 -9999 -9999 -9999 -9999 -9999 -9999 -9999 -9999 -9999 -9999 -9999 647.6359 647.1239 646.5292 645.8706 645.2042 644.6369 643.884 642.7809 641.7706 640.8866 640.1856 639.741 639.5042 639.3949 639.2357 639.1 639.0255 638.993 638.9701 638.9462 638.9185 638.89 638.8662 638.8514 638.8477 638.8546 638.8699 638.8904 638.9133 638.9364 638.9575 638.9756 638.9908 639.0029
-9999 -9999 -9999 -9999 -9999 -9999 -9999 -9999 -9999 -9999 -9999 -9999 -9999 -9999 -9999 -9999 -9999 -9999 -9999 -9999 -9999 -9999 -9999 -9999 -9999 -9999 -9999 -9999 -9999 -9999 -9999 -9999 -9999 -9999 -9999 -9999 -9999 647.7669 647.1946 646.6373 646.1899 645.8801 645.3538 644.391 643.2682 642.0951 641.1357 640.3451 639.8278 639.5057 639.256 639.1012 639.059 639.0663 639.0602 639.0403 639.0065 638.9659 638.9283 638.9008 638.8864 638.8853 638.8947 638.9111 638.9315 638.9532 638.9741 638.9927 639.0085 639.0212
-9999 -9999 -9999 -9999 -9999 -9999 -9999 -9999 -9999 -9999 -9999 -9999 -9999 -9999 -9999 -9999 -9999 -9999 -9999 -9999 -9999 -9999 -9999 -9999 -9999 -9999 -9999 -9999 -9999 -9999 -9999 -9999 -9999 -9999 -9999 -9999 -9999 -9999 647.8285 647.3008 647.0273 646.8776 646.5454 645.7842 644.747 643.5844 642.4539 641.4143 640.5344 639.9653 639.5179 639.2561 639.2101 639.2371 639.2146 639.184 639.1332 639.0726 639.0155 638.9717 638.9453 638.9357 638.939 638.9507 638.9675 638.9867 639.006 639.0236 639.0386 639.0504
-9999 -9999 -9999 -9999 -9999 -9999 -9999 -9999 -9999 -9999 -9999 -9999 -9999 -9999 -9999 -9999 -9999 -9999 -9999 -9999 -9999 -9999 -9999 -9999 -9999 -9999 -9999 -9999 -9999 -9999 -9999 -9999 -9999 -9999 -9999 -9999 -9999 -9999 -9999 647.9344 647.6526 647.4945 647.2805 646.7924 645.9542 644.9479 643.9131 642.7783 641.694 640.8107 640.0973 639.6061 639.4858 639.4832 639.3934 639.3515 639.2798 639.1959 639.118 639.0583 639.0214 639.0049 639.0031 639.0103 639.0228 639.0383 639.0546 639.0698 639.0827 639.0923
-9999 -9999 -9999 -9999 -9999 -9999 -9999 -9999 -9999 -9999 -9999 -9999 -9999 -9999 -9999 -9999 -9999 -9999 -9999 -9999 -9999 -9999 -9999 -9999 -9999 -9999 -9999 -9999 -9999 -9999 -9999 -9999 -9999 -9999 -9999 -9999 -9999 -9999 -9999 -9999 -9999 647.8384 647.7246 647.4439 646.8123 645.9837 645.109 644.1708 643.1063 641.9686 641.0428 640.2578 639.8236 639.6176 639.5011 639.4965 639.4141 639.3152 639.2225 639.1517 639.1093 639.0903 639.0862 639.0895 639.0973 639.108 639.12 639.1316 639.1412 639.1473
-9999 -9999 -9999 -9999 -9999 -9999 -9999 -9999 -9999 -9999 -9999 -9999 -9999 -9999 -9999 -9999 -9999 -9999 -9999 -9999 -9999 -9999 -9999 -9999 -9999 -9999 -9999 -9999 -9999 -9999 -9999 -9999 -9999 -9999 -9999 -9999 -9999 -9999 -9999 -9999 -9999 -9999 648.0037 647.8791 647.3305 646.6823 645.9893 645.2258 644.3513 643.2957 642.258 641.2162 640.3819 639.8905 639.6332 639.547 639.4984 639.4122 639.3179 639.2433 639.2035 639.1888 639.1858 639.1859 639.1882 639.1931 639.2001 639.2073 639.213 639.2148
-9999 -9999 -9999 -9999 -9999 -9999 -9999 -9999 -9999 -9999 -9999 -9999 -9999 -9999 -9999 -9999 -9999 -9999 -9999 -9999 -9999 -9999 -9999 -9999 -9999 -9999 -9999 -9999 -9999 -9999 -9999 -9999 -9999 -9999 -9999 -9999 -9999 -9999 -9999 -9999 -9999 -9999 -9999 648.0497 647.7906 647.1968 646.6403 646.0086 645.2794 644.4566 643.4906 642.3643 641.3277 640.458 639.9393 639.682 639.5617 639.4975 639.4052 639.3289 639.3003 639.2964 639.2971 639.293 639.2888 639.2874 639.2894 639.2925 639.2941 639.2916
-9999 -9999 -9999 -9999 -9999 -9999 -9999 -9999 -9999 -9999 -9999 -9999 -9999 -9999 -9999 -9999 -9999 -9999 -9999 -9999 -9999 -9999 -9999 -9999 -9999 -9999 -9999 -9999 -9999 -9999 -9999 -9999 -9999 -9999 -9999 -9999 -9999 -9999 -9999 -9999 -9999 -9999 -9999 -9999 -9999 647.6033 647.184 646.6237 645.946 645.2711 644.5493 643.61 642.6036 641.4824 640.5778 640.0573 639.7476 639.5864 639.4966 639.4091 639.3982 639.406 639.4099 639.3977 639.3866 639.3801 639.3787 639.3792 639.3777 639.3716
-9999 -9999 -9999 -9999 -9999 -9999 -9999 -9999 -9999 -9999 -9999 -9999 -9999 -9999 -9999 -9999 -9999 -9999 -9999 -9999 -9999 -9999 -9999 -9999 -9999 -9999 -9999 -9999 -9999 -9999 -9999 -9999 -9999 -9999 -9999 -9999 -9999 -9999 -9999 -9999 -9999 -9999 -9999 -9999 -9999 -9999 647.7798 647.1904 646.45 645.8723 645.3711 644.7356 643.8372 642.7701 641.675 640.8348 640.2057 639.8333 639.6329 639.5025 639.4985 639.4996 639.4997 639.4768 639.4631 639.4559 639.4543 639.4547 639.4523 639.4445
-9999 -9999 -9999 -9999 -9999 -9999 -9999 -9999 -9999 -9999 -9999 -9999 -9999 -9999 -9999 -9999 -9999 -9999 -9999 -9999 -9999 -9999 -9999 -9999 -9999 -9999 -9999 -9999 -9999 -9999 -9999 -9999 -9999 -9999 -9999 -9999 -9999 -9999 -9999 -9999 -9999 -9999 -9999 -9999 -9999 -9999 -9999 647.765 647.1219 646.467 646.0947 645.678 644.9194 643.9464 642.9369 641.9015 641.0665 640.3826 639.9988 639.7164 639.5796 639.5221 639.5016 639.5 639.5 639.4991 639.5005 639.5024 639.5012 639.495
-9999 -9999 -9999 -9999 -9999 -9999 -9999 -9999 -9999 -9999 -9999 -9999 -9999 -9999 -9999 -9999 -9999 -9999 -9999 -9999 -9999 -9999 -9999 -9999 -9999 -9999 -9999 -9999 -9999 -9999 -9999 -9999 -9999 -9999 -9999 -9999 -9999 -9999 -9999 -9999 -9999 -9999 -9999 -9999 -9999 -9999 -9999 -9999 -9999 647.2197 646.7738 646.3623 645.6871 644.7822 643.8951 643.0784 642.1866 641.3408 640.6959 640.1543 639.8159 639.6404 639.5409 639.5023 639.4894 639.5 639.4999 639.4998 639.4999 639.4999
-9999 -9999 -9999 -9999 -9999 -9999 -9999 -9999 -9999 -9999 -9999 -9999 -9999 -9999 -9999 -9999 -9999 -9999 -9999 -9999 -9999 -9999 -9999 -9999 -9999 -9999 -9999 -9999 -9999 -9999 -9999 -9999 -9999 -9999 -9999 -9999 -9999 -9999 -9999 -9999 -9999 -9999 -9999 -9999 -9999 -9999 -9999 -9999 -9999 -9999 647.4601 646.8645 646.007 645.0988 644.4041 643.8271 643.2195 642.3765 641.6461 640.9554 640.3403 639.9954 639.7429 639.6123 639.5187 639.4704 639.433 639.4117 639.4089 639.4245
-9999 -9999 -9999 -9999 -9999 -9999 -9999 -9999 -9999 -9999 -9999 -9999 -9999 -9999 -9999 -9999 -9999 -9999 -9999 -9999 -9999 -9999 -9999 -9999 -9999 -9999 -9999 -9999 -9999 -9999 -9999 -9999 -9999 -9999 -9999 -9999 -9999 -9999 -9999 -9999 -9999 -9999 -9999 -9999 -9999 -9999 -9999 -9999 -9999 -9999 -9999 647.0944 646.0871 645.1625 644.6236 644.2416 643.8718 643.387 642.7049 642.0278 641.2876 640.7014 640.2144 639.9521 639.7139 639.5735 639.4567 639.3831 639.3528 639.3613
-9999 -9999 -9999 -9999 -9999 -9999 -9999 -9999 -9999 -9999 -9999 -9999 -9999 -9999 -9999 -9999 -9999 -9999 -9999 -9999 -9999 -9999 -9999 -9999 -9999 -9999 -9999 -9999 -9999 -9999 -9999 -9999 -9999 -9999 -9999 -9999 -9999 -9999 -9999 -9999 -9999 -9999 -9999 -9999 -9999 -9999 -9999 -9999 -9999 -9999 -9999 -9999 646.1592 645.2463 644.7775 644.4871 644.2423 643.9535 643.5666 643.1384 642.3922 641.7197 641.0944 640.5956 640.1852 639.9514 639.7114 639.5502 639.4538 639.417
