backend/lakes/data/Cardinal Lake/card_dem_tm.asc
ncols         284
nrows         240
xllcorner     324250
yllcorner     6227200
cellsize      50
NODATA_value  -9999
[rows 93 to 123 of 240, columns 140 to 209 of 284]
639.5765 639.4982 639.3734 639.2516 639.1389 639.0789 639.043 639.0222 639.0182 639.0167 639 638.9857 638.9866 639 639 639.0154 639.0242 638.9998 638.9169 638.8144 638.7133 638.637 638.592 638.5801 638.6147 638.7048 638.8444 639.027 639.2412 639.486 639.7755 640.1063 640.4378 640.6947 640.8495 640.943 640.9791 640.9371 640.7942 640.5179 640.1212 639.6727 639.2694 639.0048 638.9911 638.9995 638.9247 638.8127 638.6924 638.6194 638.6713 639.0244 639.9189 641.5243 643.7156 646.0558 648.064 649.5864 650.6384 651.3554 651.6501 651.2958 651.0479 651.319 -9999 -9999 -9999 -9999 -9999 -9999
639.4955 639.3494 639.1968 639.1002 639.0021 639 639.0137 639.0206 639.0248 639.0234 639.0115 639 639 639.0112 639.0132 639.0135 639 638.9613 638.8829 638.7935 638.702 638.6296 638.5938 638.5928 638.6311 638.7233 638.8715 639.0639 639.2914 639.5308 639.7859 640.0731 640.3755 640.6228 640.7707 640.8334 640.8536 640.8109 640.6634 640.3864 640.004 639.5914 639.2422 639.0353 638.9979 638.913 638.807 638.7179 638.6876 638.7609 638.9775 639.6064 640.9854 643.1641 645.8043 648.2555 650.1002 651.202 651.7719 651.9788 651.6708 651.1115 -9999 -9999 -9999 -9999 -9999 -9999 -9999 -9999
639.2926 639.1533 639.0077 638.9981 638.9526 638.9639 638.9999 639.0173 639.0257 639.0245 639.0158 639.0093 639.0112 639.0161 639.0131 639 638.9677 638.9171 638.8395 638.7543 638.6779 638.6154 638.5875 638.6021 638.6514 638.7449 638.8926 639.0891 639.3208 639.5646 639.8004 640.0415 640.2896 640.4993 640.6259 640.6757 640.6747 640.6207 640.4652 640.1858 639.8185 639.4415 639.1361 638.9471 638.8555 638.7546 638.6577 638.6148 638.6899 638.9451 639.3201 640.2684 642.152 644.7659 647.4824 649.7665 651.2465 651.9177 651.9702 651.71 651.1954 -9999 -9999 -9999 -9999 -9999 -9999 -9999 -9999 -9999
639.0245 638.9933 638.9109 638.8983 638.895 638.9219 638.9655 639 639.0173 639.0198 639.0112 639.0087 639.0134 639.0127 639 638.9727 638.9266 638.8658 638.7933 638.7102 638.6426 638.5945 638.5765 638.6019 638.6678 638.7684 638.9125 639.1018 639.3262 639.5661 639.7963 640.0061 640.2007 640.3517 640.4371 640.4698 640.4627 640.3954 640.2206 639.9281 639.5718 639.2321 638.9717 638.8055 638.6987 638.5976 638.5165 638.5072 638.6333 638.9741 639.6296 640.976 643.2471 645.9438 648.4348 650.345 651.5013 651.657 651.3472 -9999 -9999 -9999 -9999 -9999 -9999 -9999 -9999 -9999 -9999 -9999
638.8698 638.8361 638.8075 638.8112 638.8323 638.8722 638.9224 638.9683 639 639.0104 639 639 639.0087 639 638.975 638.9354 638.8838 638.8151 638.7401 638.6685 638.603 638.5691 638.5629 638.5972 638.6744 638.7858 638.9302 639.1075 639.3141 639.5319 639.7494 639.9464 640.1029 640.2025 640.2361 640.2391 640.2209 640.1432 639.9456 639.6349 639.2937 639.0065 638.8121 638.692 638.5981 638.5045 638.4459 638.4811 638.6613 639.0762 639.9996 641.7244 644.1926 646.7038 648.7554 650.1345 650.8777 651.066 -9999 -9999 -9999 -9999 -9999 -9999 -9999 -9999 -9999 -9999 -9999 -9999
638.7659 638.7321 638.7238 638.7396 638.7732 638.8206 638.8752 638.9286 638.9726 638.9999 638.9966 638.9964 638.9999 638.9762 638.9403 638.8939 638.8346 638.7676 638.6911 638.6215 638.5701 638.5413 638.5504 638.5934 638.6758 638.7928 638.9376 639.1058 639.2891 639.4784 639.6599 639.8375 639.9777 640.0447 640.0396 640.0104 639.972 639.8767 639.6526 639.3276 639.0166 638.8145 638.7257 638.683 638.6146 638.5223 638.496 638.6194 638.9224 639.4869 640.6571 642.6246 645.104 647.3565 648.9824 649.9305 650.3054 650.7393 -9999 -9999 -9999 -9999 -9999 -9999 -9999 -9999 -9999 -9999 -9999 -9999
638.7007 638.6708 638.6675 638.6869 638.7237 638.7723 638.8271 638.8818 638.9292 638.9604 638.9681 638.9669 638.9591 638.9334 638.8955 638.8467 638.7874 638.7168 638.6461 638.5801 638.5352 638.5206 638.5393 638.5935 638.6792 638.7942 638.932 639.0889 639.252 639.4093 639.5536 639.6885 639.8058 639.861 639.8359 639.786 639.7321 639.618 639.3721 639.0401 638.7784 638.6969 638.7651 638.8396 638.797 638.6736 638.6729 638.9225 639.3638 640.191 641.6839 643.7982 646.1188 648.0723 649.422 650.2607 650.7828 -9999 -9999 -9999 -9999 -9999 -9999 -9999 -9999 -9999 -9999 -9999 -9999 -9999
638.671 638.6416 638.6365 638.6533 638.6871 638.7318 638.7824 638.834 638.8802 638.9122 638.9244 638.922 638.9085 638.8826 638.8459 638.7983 638.7389 638.6706 638.6001 638.5425 638.5073 638.5023 638.5346 638.5986 638.6878 638.7966 638.9205 639.0562 639.197 639.3279 639.4354 639.5292 639.6071 639.643 639.6121 639.5525 639.4945 639.3758 639.1279 638.8059 638.6056 638.665 638.9382 639.1832 639.175 638.9614 638.972 639.3947 640.1712 641.39 643.1544 645.1699 647.105 648.681 649.8846 650.7559 651.1544 -9999 -9999 -9999 -9999 -9999 -9999 -9999 -9999 -9999 -9999 -9999 -9999 -9999
638.6646 638.6342 638.625 638.6364 638.6637 638.7014 638.7448 638.7906 638.8329 638.8633 638.876 638.8724 638.8567 638.8311 638.7965 638.7509 638.6928 638.6255 638.5594 638.5074 638.483 638.4949 638.5355 638.6112 638.704 638.8058 638.9108 639.0176 639.127 639.2321 639.3116 639.3661 639.4091 639.4166 639.3755 639.3077 639.2524 639.1483 638.9294 638.6372 638.4921 638.6633 639.1441 639.6205 639.7372 639.3943 639.4752 640.2965 641.5831 643.1143 644.9116 646.6233 647.9498 649.0508 650.0645 650.9224 -9999 -9999 -9999 -9999 -9999 -9999 -9999 -9999 -9999 -9999 -9999 -9999 -9999 -9999
638.6699 638.6395 638.6267 638.6321 638.6522 638.682 638.7173 638.7557 638.7924 638.8193 638.8303 638.8251 638.8082 638.7834 638.7505 638.7065 638.6497 638.5842 638.5219 638.4786 638.4669 638.4912 638.5532 638.6314 638.73 638.8257 638.9108 638.9865 639.0542 639.1312 639.1832 639.2068 639.2167 639.2042 639.1512 639.0765 639.0203 638.9437 638.7828 638.5477 638.4299 638.5837 639.0472 639.6906 640.3549 640.0479 640.5638 641.8558 643.5189 645.2313 646.757 647.9246 648.6371 649.288 650.1058 650.9273 -9999 -9999 -9999 -9999 -9999 -9999 -9999 -9999 -9999 -9999 -9999 -9999 -9999 -9999
638.6796 638.6509 638.636 638.6364 638.65 638.6724 638.7 638.7311 638.7616 638.7839 638.7914 638.7839 638.7661 638.7415 638.7097 638.6668 638.611 638.5477 638.4904 638.4563 638.4586 638.501 638.5751 638.6732 638.7671 638.8579 638.9297 638.9744 639.0002 639.046 639.0623 639.0516 639.0348 639.0083 638.955 638.8809 638.8284 638.7892 638.7072 638.5868 638.535 638.6473 639.0319 639.6172 640.4587 641.1996 642.2791 643.8677 645.6541 647.1517 648.204 648.8103 649.1699 649.6421 650.2292 -9999 -9999 -9999 -9999 -9999 -9999 -9999 -9999 -9999 -9999 -9999 -9999 -9999 -9999 -9999
638.6906 638.6646 638.6489 638.6459 638.6544 638.6708 638.6918 638.7164 638.7411 638.7583 638.7615 638.7508 638.7312 638.7064 638.6752 638.6331 638.5782 638.5175 638.4659 638.4422 638.4594 638.5195 638.6132 638.7202 638.8252 638.9047 638.9646 639 639.007 638.9998 638.9574 638.9082 638.8643 638.8317 638.7875 638.7326 638.6946 638.7025 638.7197 638.7733 638.9192 639.1417 639.7584 640.6785 641.8928 643.2816 644.6338 646.2235 647.5778 648.5865 649.094 649.4032 649.6924 650.0915 -9999 -9999 -9999 -9999 -9999 -9999 -9999 -9999 -9999 -9999 -9999 -9999 -9999 -9999 -9999 -9999
638.7034 638.6796 638.6637 638.6582 638.6631 638.6746 638.6904 638.7095 638.729 638.7416 638.7406 638.7261 638.7039 638.6781 638.6473 638.6063 638.5532 638.4954 638.4497 638.4359 638.4677 638.5457 638.6572 638.7802 638.886 638.9584 639 639.0179 638.9997 638.9307 638.8484 638.7722 638.7131 638.6787 638.6537 638.6292 638.6261 638.6851 638.8157 639.0286 639.4487 640.0794 641.1846 642.5846 644.1113 645.6505 647.1279 648.345 648.9841 649.5575 649.4786 649.6296 650.0211 -9999 -9999 -9999 -9999 -9999 -9999 -9999 -9999 -9999 -9999 -9999 -9999 -9999 -9999 -9999 -9999 -9999
638.719 638.6965 638.6801 638.6727 638.6743 638.6821 638.6934 638.7075 638.7224 638.731 638.7263 638.7081 638.683 638.6561 638.6262 638.5873 638.537 638.4825 638.4419 638.436 638.4794 638.5726 638.701 638.8384 638.95 639.0001 639.0171 638.9998 638.9296 638.8286 638.7269 638.6442 638.5864 638.5596 638.5586 638.5711 638.6154 638.7318 638.9758 639.3927 640.0989 641.2861 642.9536 644.7651 646.4795 648.0043 649.2526 650.0261 650.2534 649.8203 649.1746 649.3909 -9999 -9999 -9999 -9999 -9999 -9999 -9999 -9999 -9999 -9999 -9999 -9999 -9999 -9999 -9999 -9999 -9999 -9999
638.7393 638.7167 638.6992 638.6895 638.6881 638.6924 638.6991 638.7081 638.7183 638.723 638.7151 638.6938 638.6664 638.6387 638.6106 638.5759 638.5303 638.48 638.4427 638.4407 638.4899 638.5913 638.7303 638.8794 638.9994 639.0209 639 638.9344 638.829 638.7096 638.6037 638.5276 638.4877 638.4813 638.5084 638.5587 638.6459 638.8041 639.0699 639.6255 640.6466 642.3206 644.4904 646.6443 648.4501 649.7866 650.594 650.8337 650.2495 649.2766 648.4587 -9999 -9999 -9999 -9999 -9999 -9999 -9999 -9999 -9999 -9999 -9999 -9999 -9999 -9999 -9999 -9999 -9999 -9999 -9999
638.7646 638.741 638.7216 638.709 638.7041 638.7045 638.7063 638.7094 638.714 638.7148 638.7041 638.6807 638.6514 638.6241 638.5997 638.5718 638.5336 638.4883 638.4528 638.4496 638.496 638.5947 638.7308 638.8745 638.9821 639.0001 638.9548 638.8517 638.7199 638.591 638.491 638.4326 638.4197 638.4467 638.5076 638.5985 638.7321 638.9753 639.3638 639.9896 641.2195 643.1004 645.6099 647.9878 649.7891 650.8248 651.2228 651.0016 650.1061 -9999 -9999 -9999 -9999 -9999 -9999 -9999 -9999 -9999 -9999 -9999 -9999 -9999 -9999 -9999 -9999 -9999 -9999 -9999 -9999 -9999
638.7939 638.7687 638.7474 638.7316 638.7224 638.7181 638.7144 638.7105 638.7083 638.7048 638.6919 638.667 638.6368 638.6113 638.5928 638.5743 638.5464 638.5081 638.473 638.4638 638.4991 638.5837 638.7057 638.8387 638.9493 638.9985 638.9003 638.76 638.6116 638.4822 638.3951 638.3619 638.3829 638.4519 638.5557 638.681 638.824 639.06 639.5078 640.2896 641.7708 643.8197 646.4481 648.8275 650.4933 651.2416 651.3541 650.9391 -9999 -9999 -9999 -9999 -9999 -9999 -9999 -9999 -9999 -9999 -9999 -9999 -9999 -9999 -9999 -9999 -9999 -9999 -9999 -9999 -9999 -9999
638.8251 638.798 638.7752 638.7562 638.7422 638.7322 638.7222 638.7106 638.7006 638.6924 638.6784 638.6537 638.624 638.6011 638.5898 638.5833 638.5686 638.5393 638.5046 638.4861 638.5033 638.5634 638.657 638.7605 638.8409 638.8595 638.7739 638.6409 638.5017 638.387 638.3198 638.3134 638.369 638.4831 638.6451 638.8301 639.0081 639.3633 639.8052 640.7209 642.4358 644.5911 647.0952 649.2014 650.557 651.0472 650.9943 -9999 -9999 -9999 -9999 -9999 -9999 -9999 -9999 -9999 -9999 -9999 -9999 -9999 -9999 -9999 -9999 -9999 -9999 -9999 -9999 -9999 -9999 -9999
638.855 638.8267 638.8025 638.7808 638.7616 638.7451 638.7281 638.7088 638.6913 638.6785 638.6648 638.6426 638.6155 638.5961 638.5922 638.5981 638.5984 638.5806 638.5479 638.5192 638.5148 638.5435 638.5999 638.6643 638.7079 638.701 638.6268 638.5145 638.3993 638.3094 638.2664 638.2827 638.3639 638.511 638.7246 638.9814 639.1371 639.4954 640.1674 641.3558 643.2456 645.3022 647.4545 649.0432 649.9131 650.2379 650.145 -9999 -9999 -9999 -9999 -9999 -9999 -9999 -9999 -9999 -9999 -9999 -9999 -9999 -9999 -9999 -9999 -9999 -9999 -9999 -9999 -9999 -9999 -9999
638.8807 638.8518 638.8267 638.8026 638.7781 638.7548 638.7311 638.7051 638.6808 638.6649 638.6531 638.636 638.6139 638.5988 638.6011 638.6177 638.6324 638.6278 638.5995 638.5627 638.5374 638.5339 638.5511 638.576 638.5859 638.5604 638.4938 638.4038 638.317 638.2561 638.2372 638.27 638.359 638.5076 638.7197 638.9878 639.2261 639.7191 640.7473 642.3091 644.2191 646.1583 647.6705 648.6035 648.8069 648.8828 -9999 -9999 -9999 -9999 -9999 -9999 -9999 -9999 -9999 -9999 -9999 -9999 -9999 -9999 -9999 -9999 -9999 -9999 -9999 -9999 -9999 -9999 -9999 -9999
638.9003 638.8715 638.8456 638.8195 638.79 638.7596 638.7299 638.699 638.6705 638.6531 638.6454 638.6365 638.6217 638.6107 638.6162 638.6387 638.6643 638.6726 638.6511 638.6095 638.5683 638.5373 638.5201 638.512 638.4941 638.4539 638.392 638.3228 638.2642 638.233 638.2382 638.2847 638.3739 638.5074 638.6968 638.9822 639.4229 640.2636 641.7633 643.656 645.6875 647.1589 647.8304 647.8957 647.5366 647.4078 -9999 -9999 -9999 -9999 -9999 -9999 -9999 -9999 -9999 -9999 -9999 -9999 -9999 -9999 -9999 -9999 -9999 -9999 -9999 -9999 -9999 -9999 -9999 -9999
638.9132 638.8851 638.8583 638.83 638.7958 638.7585 638.7233 638.6902 638.6614 638.6453 638.6436 638.645 638.6392 638.6317 638.6351 638.6548 638.6835 638.7023 638.6863 638.641 638.5936 638.5459 638.5058 638.4784 638.4406 638.3879 638.3282 638.2761 638.2445 638.2422 638.2737 638.3391 638.4384 638.5704 638.7435 639.0332 639.6871 640.9844 643.0227 645.305 647.2944 648.266 648.0343 647.2404 646.4443 -9999 -9999 -9999 -9999 -9999 -9999 -9999 -9999 -9999 -9999 -9999 -9999 -9999 -9999 -9999 -9999 -9999 -9999 -9999 -9999 -9999 -9999 -9999 -9999 -9999
638.9201 638.8928 638.8648 638.8339 638.7955 638.7521 638.7124 638.6799 638.6548 638.6433 638.6489 638.6609 638.6644 638.6583 638.6526 638.657 638.6755 638.7006 638.6803 638.6213 638.5848 638.5419 638.5001 638.4751 638.425 638.3606 638.3005 638.2615 638.2538 638.2802 638.3402 638.4341 638.5657 638.7418 638.9666 639.3469 640.2237 641.9083 644.3249 646.8196 648.606 649.0674 648.243 646.8543 645.739 -9999 -9999 -9999 -9999 -9999 -9999 -9999 -9999 -9999 -9999 -9999 -9999 -9999 -9999 -9999 -9999 -9999 -9999 -9999 -9999 -9999 -9999 -9999 -9999 -9999
638.9219 638.8953 638.866 638.8319 638.7899 638.7418 638.699 638.6691 638.6517 638.6484 638.6617 638.6825 638.6928 638.6843 638.6614 638.6339 638.6213 638.6523 638.6004 638.4803 638.488 638.4998 638.5133 638.4999 638.4383 638.3625 638.2997 638.2705 638.2831 638.3356 638.424 638.5474 638.7166 638.9587 639.2572 639.8726 641.0737 643.0083 645.5334 647.9601 649.4258 649.6156 648.2831 646.5671 -9999 -9999 -9999 -9999 -9999 -9999 -9999 -9999 -9999 -9999 -9999 -9999 -9999 -9999 -9999 -9999 -9999 -9999 -9999 -9999 -9999 -9999 -9999 -9999 -9999 -9999
638.9193 638.8932 638.8628 638.8251 638.7799 638.7294 638.6853 638.6595 638.6523 638.66 638.6807 638.7059 638.7171 638.7003 638.6533 638.579 638.5044 638.5529 638.4093 638.0797 638.1751 638.3701 638.4996 638.5125 638.4565 638.3769 638.3135 638.2917 638.321 638.3964 638.5091 638.6531 638.8279 639.055 639.606 640.6477 642.1202 644.0046 646.4884 648.6826 649.7821 649.5989 648.0762 -9999 -9999 -9999 -9999 -9999 -9999 -9999 -9999 -9999 -9999 -9999 -9999 -9999 -9999 -9999 -9999 -9999 -9999 -9999 -9999 -9999 -9999 -9999 -9999 -9999 -9999 -9999
638.913 638.8866 638.8553 638.8144 638.7665 638.7159 638.6732 638.6523 638.6559 638.6754 638.7022 638.7255 638.7266 638.69 638.6126 638.4921 638.3737 638.4044 638.0717 637.9264 638.0187 638.332 638.5 638.5298 638.4772 638.3958 638.3317 638.3158 638.3578 638.452 638.5876 638.762 638.9829 639.2418 639.9456 641.4017 643.0236 644.8314 647.1391 649.0261 649.7655 649.1729 647.5873 -9999 -9999 -9999 -9999 -9999 -9999 -9999 -9999 -9999 -9999 -9999 -9999 -9999 -9999 -9999 -9999 -9999 -9999 -9999 -9999 -9999 -9999 -9999 -9999 -9999 -9999 -9999
638.9036 638.8766 638.8444 638.8015 638.7512 638.702 638.6632 638.6481 638.661 638.6909 638.7213 638.7346 638.7093 638.626 638.4818 638.2357 638.0279 638.0139 637.9506 638.0004 638.178 638.4785 638.5663 638.5629 638.4995 638.4135 638.3485 638.3359 638.3862 638.4911 638.6354 638.8065 638.9974 639.2158 639.7974 641.1009 642.9796 645.0828 647.3679 648.9614 649.4353 648.4592 646.9045 -9999 -9999 -9999 -9999 -9999 -9999 -9999 -9999 -9999 -9999 -9999 -9999 -9999 -9999 -9999 -9999 -9999 -9999 -9999 -9999 -9999 -9999 -9999 -9999 -9999 -9999 -9999
638.8915 638.8644 638.8309 638.7873 638.7358 638.6884 638.6549 638.6459 638.6658 638.7026 638.7332 638.7309 638.6657 638.505 638.2437 638.0068 637.8931 637.9164 638.007 638.1889 638.3339 638.5015 638.5803 638.5745 638.5109 638.4256 638.3611 638.3507 638.405 638.515 638.6622 638.8283 638.9967 639.1517 639.625 640.74 642.7157 645.0572 647.2584 648.4877 648.4655 647.4534 -9999 -9999 -9999 -9999 -9999 -9999 -9999 -9999 -9999 -9999 -9999 -9999 -9999 -9999 -9999 -9999 -9999 -9999 -9999 -9999 -9999 -9999 -9999 -9999 -9999 -9999 -9999 -9999
638.8782 638.8511 638.8166 638.7729 638.7217 638.6755 638.6472 638.6441 638.6682 638.7075 638.7346 638.7148 638.6135 638.4059 638.0326 637.8855 637.8965 638.0134 638.245 638.4722 638.5041 638.5726 638.6051 638.5841 638.5187 638.4358 638.3733 638.3634 638.4182 638.5283 638.6754 638.8395 638.9972 639.1039 639.4892 640.4719 642.3962 644.8387 646.8496 647.8508 647.4205 646.5007 -9999 -9999 -9999 -9999 -9999 -9999 -9999 -9999 -9999 -9999 -9999 -9999 -9999 -9999 -9999 -9999 -9999 -9999 -9999 -9999 -9999 -9999 -9999 -9999 -9999 -9999 -9999 -9999
638.8641 638.8375 638.8029 638.7592 638.7096 638.6646 638.639 638.6398 638.6655 638.703 638.7218 638.6734 638.4879 638.0816 637.8604 637.8329 637.9923 638.2529 638.4915 638.6307 638.6479 638.653 638.6411 638.6006 638.5316 638.4516 638.3917 638.381 638.4318 638.5364 638.6779 638.8389 638.9973 639.0992 639.4395 640.3246 642.121 644.4461 646.2255 646.8599 646.4027 645.7376 -9999 -9999 -9999 -9999 -9999 -9999 -9999 -9999 -9999 -9999 -9999 -9999 -9999 -9999 -9999 -9999 -9999 -9999 -9999 -9999 -9999 -9999 -9999 -9999 -9999 -9999 -9999 -9999
638.8508 638.8245 638.7908 638.7474 638.6995 638.6556 638.6301 638.6309 638.655 638.6891 638.7057 638.6583 638.471 638.0171 637.8036 637.8068 638.0219 638.4462 638.6455 638.7321 638.735 638.7108 638.6744 638.623 638.5544 638.4799 638.4238 638.4116 638.4548 638.548 638.6766 638.8287 638.9968 639.1478 639.4828 640.287 641.8948 643.9971 645.5214 645.9617 645.5978 645.1393 -9999 -9999 -9999 -9999 -9999 -9999 -9999 -9999 -9999 -9999 -9999 -9999 -9999 -9999 -9999 -9999 -9999 -9999 -9999 -9999 -9999 -9999 -9999 -9999 -9999 -9999 -9999 -9999
