backend/lakes/data/Cardinal Lake/card_dem_tm.asc
ncols         284
nrows         240
xllcorner     324250
yllcorner     6227200
cellsize      50
NODATA_value  -9999
[rows 62 to 92 of 240, columns 140 to 209 of 284]
638.7062 638.6691 638.6328 638.6089 638.6152 638.6702 638.7793 638.9464 639.1977 639.5908 640.3989 641.8953 643.9253 645.9368 647.5706 648.8747 649.7994 650.2907 -9999 -9999 -9999 -9999 -9999 -9999 -9999 -9999 -9999 -9999 660.5031 659.0958 656.4365 653.0639 649.4341 645.9597 643.0216 640.9695 639.6761 638.9911 638.7383 638.756 638.8682 639.0007 639.1122 639.1707 639.1651 639.1082 639.0223 638.9275 638.8381 638.7638 638.709 638.671 638.6448 638.6266 638.6151 638.6086 638.6041 638.5988 638.5931 638.5905 638.5927 638.6006 638.6171 638.6453 638.6863 638.738 638.7981 638.865 638.9338 638.9948
638.7548 638.7235 638.6899 638.6714 638.6858 638.7559 638.8962 639.1115 639.4283 639.8962 640.9111 642.7576 644.9008 646.7413 648.058 649.0361 649.798 650.3729 -9999 -9999 -9999 -9999 -9999 -9999 -9999 -9999 -9999 659.9094 659.634 657.7159 654.7021 651.1364 647.4918 644.235 641.6794 640.0308 639.124 638.7052 638.603 638.6816 638.8251 638.9712 639.0837 639.1442 639.1473 639.1038 639.035 638.9603 638.8923 638.8376 638.7984 638.773 638.7552 638.7388 638.722 638.7057 638.6919 638.681 638.673 638.6693 638.6707 638.676 638.6868 638.7062 638.7377 638.7802 638.8307 638.8865 638.9431 638.9926
638.8342 638.808 638.7717 638.7477 638.7625 638.8437 639.0103 639.2512 639.5373 640.158 641.4039 643.4272 645.5527 647.1658 648.2703 648.9998 649.5369 -9999 -9999 -9999 -9999 -9999 -9999 -9999 -9999 -9999 658.9938 659.5406 658.4757 656.0578 652.7728 649.1252 645.6074 642.704 640.6827 639.4887 638.887 638.6634 638.661 638.7703 638.913 639.0408 639.1322 639.1743 639.1683 639.1255 639.0624 638.9972 638.9434 638.9048 638.8805 638.8677 638.861 638.8507 638.8342 638.8098 638.7845 638.7643 638.7498 638.7415 638.7397 638.7426 638.7488 638.7609 638.7829 638.8163 638.8585 638.9058 638.953 638.9933
638.9395 638.9149 638.8708 638.8303 638.8317 638.915 639.1169 639.4417 639.7344 640.4563 641.9567 643.9977 646.0091 647.5121 648.5328 649.2667 -9999 -9999 -9999 -9999 -9999 -9999 -9999 -9999 -9999 -9999 658.8129 658.5541 656.8436 654.0358 650.5836 646.9764 643.7597 641.3932 639.8906 639.1489 638.8405 638.774 638.837 638.9543 639.0751 639.1706 639.225 639.2368 639.2097 639.1561 639.0912 639.0289 638.9824 638.9556 638.9434 638.9414 638.9457 638.9429 638.9329 638.9058 638.8732 638.8451 638.8245 638.8113 638.8054 638.8049 638.8076 638.8138 638.8271 638.8516 638.8859 638.9261 638.9667 639.0004
639.0651 639.0385 638.98 638.915 638.886 638.9427 639.1299 639.4739 639.9484 640.885 642.5605 644.613 646.4606 647.8539 648.9106 649.8014 -9999 -9999 -9999 -9999 -9999 -9999 -9999 -9999 -9999 658.2738 658.1646 657.068 654.8167 651.724 648.2245 644.826 642.0927 640.291 639.3467 638.9906 638.9093 638.947 639.0423 639.1508 639.243 639.3021 639.3213 639.2999 639.2474 639.1783 639.1082 639.0472 639.0055 638.9868 638.9827 638.9866 638.9999 639 638.9999 638.9741 638.9421 638.9132 638.8911 638.8763 638.868 638.8651 638.8652 638.8671 638.8732 638.8887 638.915 638.9492 638.9849 639.014
639.203 639.1733 639.0973 639.0059 638.9456 638.9741 639.1519 639.5492 640.3073 641.6019 643.449 645.3671 647.0169 648.3036 649.338 650.2473 -9999 -9999 -9999 -9999 -9999 -9999 -9999 -9999 657.4761 657.7275 657.0464 655.2596 652.5677 649.296 645.8897 642.8949 640.7417 639.5145 638.9869 638.8911 638.9973 639.0899 639.1941 639.2866 639.3514 639.3819 639.3754 639.3326 639.2617 639.1792 639.1036 639.0454 639.0106 639 639 639 639.0112 639.0137 639.011 639 638.9796 638.9587 638.9418 638.9301 638.9231 638.9203 638.92 638.9196 638.9196 638.9268 638.9452 638.9735 639.0057 639.0311
639.3429 639.3113 639.2206 639.1089 639.0319 639.0586 639.2773 639.8136 640.8822 642.4601 644.3668 646.1696 647.7344 649.0278 650.052 -9999 -9999 -9999 -9999 -9999 -9999 -9999 -9999 657.4323 657.4019 656.8533 655.4828 653.1874 650.2336 646.9404 643.8059 641.3171 639.749 638.9789 638.7528 638.8331 638.999 639.1349 639.2432 639.3202 639.3639 639.3765 639.36 639.3124 639.2388 639.1542 639.0787 639.0247 639 638.9979 639.0022 639.0056 639.0105 639.0084 639 638.9989 638.9917 638.9821 638.9733 638.9673 638.9646 638.965 638.9677 638.9666 638.9613 638.9615 638.9724 638.9944 639.0246 639.0462
639.4723 639.4398 639.3402 639.2191 639.1418 639.1841 639.4536 640.1215 641.4631 643.2784 645.305 647.0715 648.5637 649.8251 650.7936 -9999 -9999 -9999 -9999 -9999 -9999 -9999 657.5798 657.4588 656.7649 655.5577 653.5474 650.9183 647.9354 644.8118 642.1032 640.1149 639.0236 638.6315 638.6575 638.8629 639.0021 639.1215 639.2048 639.257 639.2822 639.2864 639.275 639.2388 639.1785 639.1069 639.0436 639.0001 638.994 638.9973 639.0031 639.0076 639.0096 639.0065 639 638.9982 638.9953 638.9921 638.9895 638.9883 638.9891 638.9929 639 639 638.9906 638.9871 638.9914 639.0051 639.0355 639.0535
639.5758 639.543 639.438 639.3179 639.255 639.3137 639.5642 640.3833 642.0153 644.093 646.2504 647.9998 649.3564 650.4738 -9999 -9999 -9999 -9999 -9999 -9999 656.4302 657.5416 657.6289 655.8359 655.1625 653.5173 651.1168 648.4193 645.7291 642.9695 640.6701 639.2084 638.5555 638.4788 638.6788 638.9807 639.0529 639.0865 639.114 639.1323 639.1405 639.1422 639.1503 639.1356 639.0978 639.0497 639.0142 638.9954 639 639.0022 639.007 639.0108 639.0117 639.0084 639.0032 639 638.9978 638.9968 638.9968 638.9974 638.9982 639 639.004 639.0037 639 638.9991 638.9998 639 639.0313 639.0453
639.6403 639.6025 639.4919 639.3771 639.3491 639.4831 639.7424 640.6652 642.5536 644.8715 647.163 648.8853 650.0654 650.9256 -9999 -9999 652.1443 652.8429 653.9308 655.3638 656.6384 657.3438 656.9008 655.056 653.1913 650.8591 648.2293 645.752 643.7351 641.2811 639.4817 638.602 638.422 638.4984 638.6891 638.9111 638.9996 639.0004 639.0003 639.0004 639.0003 639.0012 639.0387 639.0432 639.0269 639.0001 638.9938 638.9921 639 639.0063 639.0123 639.0165 639.0167 639.013 639.0076 639.0029 639 638.9999 639.0007 639.001 639 638.9996 639.0003 639 639.0034 639 639 638.9912 639 638.9975
639.6567 639.6071 639.4808 639.3517 639.3191 639.4727 639.8036 640.9103 643.0583 645.5808 647.9629 649.5898 650.5135 651.0477 651.4126 651.6205 651.8385 652.413 653.5145 654.7923 655.6345 655.6198 654.6348 652.6658 650.2862 647.6447 645.075 642.8524 641.1358 639.5012 638.4208 638.2325 638.4815 638.5776 638.6986 638.8344 638.9109 638.9302 638.9357 638.9399 638.948 638.9651 638.9999 639 639 638.9962 639 639 639.0074 639.015 639.0215 639.0253 639.0242 639.0189 639.0117 639.0048 639 639.0012 639.0033 639.0031 639 638.9983 639 639.0051 639 638.9781 638.9568 638.9299 638.8993 638.8434
639.6251 639.5612 639.416 639.2605 639.1885 639.2993 639.7413 641.0939 643.4847 646.1385 648.5122 649.916 650.5627 650.816 650.9289 650.9546 651.0406 651.4181 652.2449 653.0892 653.3406 652.7027 651.2383 649.1479 646.7334 644.2733 642.0901 640.3417 639.0876 638.1441 637.6511 638.0323 638.4697 638.6039 638.6865 638.7712 638.8383 638.8788 638.9054 638.9268 638.9481 638.9733 639.0012 639.0115 639.0177 639.0205 639.0228 639.0225 639.0258 639.0308 639.0355 639.0371 639.0332 639.0248 639.0144 639.0048 638.9991 639 639.0043 639.0056 639 639 639.0057 638.9999 638.9672 638.9253 638.8839 638.8372 638.7778 638.6938
639.5549 639.4841 639.3368 639.1847 639.1254 639.2739 639.8136 641.2657 643.7119 646.428 648.6614 649.7804 650.0407 649.9476 649.7787 649.6244 649.557 649.6733 650.03 650.3571 650.0703 649.0549 647.3831 645.361 643.2933 641.3751 639.7736 638.5792 637.8552 637.5309 637.7314 638.3102 638.5288 638.6169 638.6713 638.7319 638.7977 638.8575 638.9082 638.9502 638.9859 639.0175 639.0436 639.058 639.0654 639.0669 639.0632 639.0569 639.0532 639.0529 639.0535 639.0511 639.0425 639.0287 639.0129 638.9987 638.9896 638.9904 639 639.0101 639.0095 639.0107 638.9999 638.9626 638.9075 638.8486 638.7943 638.7367 638.6672 638.5815
639.4598 639.3947 639.2703 639.1622 639.1759 639.4354 640.076 641.5051 643.8266 646.4538 648.2875 649.048 648.8063 648.2902 647.823 647.488 647.2692 647.1334 647.0726 646.9647 646.4703 645.3232 643.8107 642.1525 640.596 639.2855 638.2781 637.6196 637.4077 637.5347 637.9961 638.4655 638.5635 638.6392 638.6843 638.7359 638.804 638.8785 638.9485 639.008 639.0557 639.0923 639.1174 639.1301 639.1332 639.1284 639.1158 639.0996 639.0865 639.0786 639.0731 639.0652 639.0503 639.0289 639.0045 638.9813 638.9645 638.9618 638.9769 638.9999 639 638.9999 638.9642 638.9022 638.829 638.7559 638.6981 638.6408 638.5737 638.4939
639.3558 639.3068 639.2235 639.1815 639.2757 639.5891 640.3369 641.7723 643.8456 646.0351 647.2922 647.4145 646.7098 645.8394 645.152 644.7188 644.4335 644.1483 643.8635 643.6783 643.3073 642.3471 641.146 639.8863 638.8186 638.04 637.5322 637.3594 637.5273 637.9528 638.4089 638.6675 638.7271 638.7491 638.7658 638.8026 638.8684 638.9506 639.032 639.1019 639.1561 639.1938 639.2148 639.2207 639.2143 639.1985 639.1744 639.1462 639.1218 639.1047 639.0918 639.077 639.0547 639.0239 638.9878 638.9504 638.9183 638.9036 638.9169 638.95 638.9647 638.9526 638.9008 638.8192 638.733 638.6455 638.5998 638.5562 638.4968 638.4146
639.2628 639.2366 639.205 639.2469 639.4677 639.9027 640.6221 641.7568 643.3504 644.8962 645.4462 645.0652 644.096 643.2275 642.5256 642.1687 641.9717 641.6501 641.4044 641.4069 641.3888 640.4771 639.4508 638.5211 637.8376 637.4825 637.3615 637.5144 637.9278 638.3936 638.6954 638.8594 638.9041 638.9061 638.9066 638.9309 638.9907 639.0735 639.1584 639.2312 639.2854 639.3186 639.3311 639.325 639.3042 639.2734 639.2349 639.1929 639.1557 639.1279 639.1066 639.0844 639.0544 639.0133 638.9631 638.9073 638.8524 638.8145 638.8165 638.8641 638.8925 638.8705 638.8048 638.7 638.6108 638.5009 638.4964 638.4997 638.4631 638.6559
639.2036 639.2036 639.2234 639.3267 639.6025 640.152 640.8204 641.4346 642.4039 643.2717 643.3951 642.7507 641.8248 641.1287 640.7195 640.6763 640.725 640.2802 639.9106 639.7302 639.6669 639.2937 638.4717 637.7917 637.4238 637.3558 637.5076 637.834 638.2293 638.5923 638.8488 639.0017 639.0663 639.0817 639.0873 639.1097 639.1626 639.2397 639.321 639.3903 639.4385 639.4624 639.4615 639.4388 639.3998 639.3507 639.2955 639.2379 639.1864 639.1465 639.1155 639.0854 639.048 638.9971 638.9326 638.8566 638.7737 638.7008 638.6749 638.7444 638.7787 638.7314 638.6556 638.5059 638.4316 638.3015 638.3499 638.5138 638.8157 639.5751
639.1969 639.2325 639.3311 639.561 640.038 640.7151 641.2914 641.1608 641.3808 641.6956 641.5352 640.925 640.326 639.9153 639.8021 639.782 639.7253 639.4058 639.0565 638.8399 638.6482 638.3924 637.8208 637.4439 637.3523 637.5111 637.8389 638.1921 638.4424 638.7114 638.9399 639.1079 639.2119 639.2571 639.2827 639.3179 639.3698 639.4385 639.5105 639.5703 639.6077 639.6178 639.6 639.5577 639.4978 639.4282 639.3548 639.281 639.2137 639.1598 639.1171 639.0779 639.0329 638.9738 638.897 638.803 638.6941 638.5831 638.5059 638.6078 638.6234 638.4943 638.4287 638.2021 638.0235 638.1446 638.5104 639.0825 639.9523 641.3113
639.241 639.3088 639.4943 639.9127 640.507 641.3044 642.186 641.9486 641.2119 640.7734 640.3525 639.9059 639.5172 639.4019 639.4203 639.3611 639.2217 638.9678 638.6847 638.4644 638.2037 637.9456 637.5284 637.3745 637.5081 637.8377 638.1971 638.4165 638.5603 638.7892 639.0153 639.2029 639.3447 639.4166 639.4683 639.5239 639.5885 639.6536 639.714 639.7604 639.7831 639.7761 639.7388 639.6754 639.5938 639.5034 639.4114 639.3211 639.2372 639.1669 639.1096 639.0587 639.0045 638.9374 638.8503 638.7421 638.6187 638.4989 638.4189 638.4657 638.4114 638.0853 638.0117 637.9969 638.0339 638.4365 639.2739 640.4266 641.866 643.7083
639.3175 639.3785 639.5348 640.0055 640.6271 641.1229 641.5298 641.2498 640.618 640.101 639.7675 639.4554 639.1486 639.1492 639.2277 639.1595 638.9825 638.7016 638.4899 638.2539 638.0031 637.7849 637.5815 637.5482 637.8284 638.1942 638.4473 638.6072 638.7279 638.8928 639.1017 639.2916 639.4515 639.5554 639.6314 639.7062 639.7869 639.8589 639.9138 639.9476 639.9539 639.9276 639.8691 639.7841 639.6818 639.572 639.4624 639.356 639.2554 639.1663 639.0906 639.0233 638.9561 638.8782 638.7769 638.6469 638.4957 638.3391 638.1829 638.0465 637.9931 637.8221 637.8126 637.9902 638.4156 639.3152 640.685 642.3496 644.2534 646.3062
639.4246 639.497 639.6469 640.0826 640.8103 641.1621 641.1084 640.7485 640.1228 639.7001 639.4753 639.2278 639.0178 638.97 639.0699 639.0016 638.7917 638.5177 638.3923 638.1945 637.9932 637.861 637.8745 638.0016 638.2298 638.4531 638.6268 638.7579 638.8746 639.0234 639.2066 639.3846 639.5598 639.6887 639.7805 639.8624 639.9564 640.0374 640.0923 640.1171 640.1075 640.061 639.9809 639.8751 639.7544 639.6285 639.5042 639.3831 639.2661 639.1567 639.0579 638.9678 638.8806 638.7854 638.6593 638.4883 638.2875 638.1581 637.9955 637.8317 637.7668 637.7517 637.9024 638.3685 639.2758 640.7004 642.5497 644.5833 646.6326 648.4554
639.4996 639.543 639.7009 640.1343 640.9893 641.6735 641.8857 640.9706 640.0665 639.509 639.2765 639.1287 639.0011 638.9799 638.9996 638.9156 638.7563 638.5862 638.4901 638.2717 638.0459 638.0427 638.2343 638.4481 638.5573 638.6567 638.7505 638.8566 638.9773 639.1258 639.306 639.493 639.6705 639.812 639.9119 639.9886 640.0897 640.1783 640.2361 640.2559 640.2317 640.1639 640.062 639.937 639.8014 639.6651 639.5313 639.3987 639.2673 639.1375 639.0118 638.8912 638.7742 638.6538 638.4858 638.2327 638.0204 637.9851 637.8389 637.7367 637.7719 637.9626 638.3395 639.1889 640.572 642.45 644.6765 646.8489 648.5954 649.6661
639.5 639.5496 639.7261 640.1873 641.1817 642.2628 643.2673 641.6583 640.1622 639.4355 639.1593 639.0752 639.0214 638.9999 638.964 638.8785 638.7634 638.6597 638.5911 638.5004 638.4656 638.4729 638.5421 638.6613 638.7334 638.7822 638.8282 638.9057 639.0294 639.1923 639.3826 639.581 639.7681 639.9236 640.0358 640.1191 640.1994 640.2828 640.3431 640.361 640.3213 640.2287 640.1021 639.9573 639.8108 639.6718 639.5375 639.3987 639.2573 639.1107 638.9584 638.8009 638.6412 638.491 638.2659 638.0165 637.8651 637.8026 637.7449 637.7726 637.9846 638.4158 639.1376 640.4063 642.2541 644.5749 646.9601 648.941 650.2236 650.7562
639.5028 639.5525 639.726 640.1519 641.0459 641.9761 642.2752 641.1276 639.9198 639.319 639.0732 639.0261 638.9999 638.9652 638.9185 638.8521 638.7769 638.7137 638.6726 638.6419 638.6423 638.6515 638.6827 638.7446 638.7993 638.8365 638.8723 638.9354 639.053 639.2281 639.438 639.6532 639.8523 640.0242 640.1538 640.2331 640.2844 640.3563 640.4205 640.4407 640.3808 640.2568 640.0944 639.9233 639.7673 639.635 639.5139 639.3763 639.2337 639.0798 638.9109 638.7215 638.5079 638.3187 638.1173 637.9928 637.8632 637.8039 637.8475 638.0251 638.4348 639.1487 640.2797 641.9606 644.2767 646.7899 649.0604 650.5651 651.3539 651.2661
639.5062 639.5532 639.6967 640.0096 640.5471 641.0079 640.9903 640.3236 639.5837 639.1979 639.038 638.9996 638.9592 638.9169 638.8745 638.8286 638.7823 638.7435 638.7178 638.7039 638.7056 638.7064 638.7131 638.7423 638.7871 638.8333 638.8809 638.9556 639.0803 639.2638 639.4878 639.7183 639.9313 640.1208 640.2729 640.3676 640.4061 640.4255 640.4838 640.5128 640.4218 640.2438 640.0281 639.8208 639.6545 639.5377 639.4467 639.32 639.192 639.0457 638.8832 638.7007 638.493 638.2373 638.0052 637.9279 637.9863 638.0542 638.2739 638.6556 639.2511 640.3054 641.8395 643.9246 646.514 648.9349 650.7704 651.6333 651.8518 651.0805
639.5137 639.5498 639.641 639.806 640.0179 640.1351 640.0376 639.6311 639.2834 639.0862 638.9993 638.9465 638.9047 638.8698 638.8402 638.8135 638.7874 638.7628 638.7406 638.723 638.713 638.7042 638.6926 638.6995 638.7327 638.7882 638.8587 638.9583 639.1067 639.3116 639.5533 639.7955 640.0175 640.2201 640.3914 640.5021 640.5361 640.5109 640.5446 640.5938 640.4449 640.187 639.8999 639.6455 639.4658 639.3647 639.2968 639.2194 639.1249 638.9952 638.8519 638.6896 638.4964 638.275 638.115 638.0493 638.3328 638.7207 639.1326 639.7183 640.5427 641.9223 643.8927 646.2166 648.7203 650.8854 651.9122 651.98 651.2739 -9999
639.5278 639.5538 639.6019 639.6683 639.7214 639.6884 639.5203 639.2784 639.0989 638.9993 638.9349 638.8909 638.8601 638.839 638.8259 638.8179 638.8066 638.7863 638.7588 638.7283 638.7009 638.6775 638.6587 638.6505 638.6744 638.731 638.817 638.9436 639.1231 639.3582 639.6268 639.8872 640.1187 640.3295 640.5127 640.6337 640.6689 640.6382 640.6034 640.673 640.4385 640.0884 639.7219 639.4158 639.2289 639.1634 639.1274 639.0964 639.025 638.9148 638.7953 638.6642 638.5008 638.3948 638.4451 638.5552 639.0699 639.8124 640.4169 641.2057 642.2283 643.9749 646.1797 648.443 650.6054 652.2472 652.83 651.8737 -9999 -9999
639.5465 639.5675 639.5882 639.6013 639.5833 639.4935 639.2947 639.1063 638.9992 638.9361 638.8936 638.8633 638.8445 638.8384 638.8419 638.8503 638.8512 638.8286 638.7878 638.7391 638.6909 638.6508 638.6227 638.6133 638.6323 638.6906 638.7832 638.9235 639.1274 639.3928 639.6936 639.9814 640.228 640.4454 640.6353 640.7624 640.8027 640.7979 640.7787 640.6752 640.3727 639.9578 639.5272 639.1786 639.0061 639.01 639.0005 639.006 638.931 638.8075 638.6819 638.577 638.4998 638.5007 638.7332 639.2362 640.1592 641.278 641.9487 642.8518 644.267 646.2267 648.3712 650.2935 651.8838 652.8268 652.4935 651.4434 -9999 -9999
639.5646 639.5822 639.5823 639.5599 639.4983 639.3585 639.171 639.0022 638.9442 638.9147 638.8911 638.8729 638.8641 638.8687 638.8851 638.9083 638.9221 638.8924 638.8317 638.7606 638.6929 638.6351 638.5975 638.5867 638.6102 638.6736 638.7748 638.9203 639.132 639.4134 639.7404 640.0615 640.3329 640.5565 640.7484 640.8772 640.9156 640.8821 640.8304 640.6489 640.2974 639.8408 639.3771 639.016 638.9369 638.9998 639.0133 638.9997 638.87 638.7051 638.5674 638.4997 638.5007 638.7155 639.2518 640.1776 641.3758 642.667 643.7147 645.0161 646.5707 648.3458 650.0939 651.5033 652.5271 652.7546 652.1389 -9999 -9999 -9999
639.5797 639.5852 639.5596 639.4994 639.3952 639.2587 639.1135 639.0001 638.9585 638.9456 638.9259 638.9103 638.9064 638.9163 638.938 638.9702 638.9997 638.9614 638.8818 638.7883 638.7028 638.6334 638.586 638.5734 638.6024 638.6752 638.7887 638.9414 639.1509 639.4299 639.7646 640.1121 640.4147 640.6462 640.8319 640.9581 640.9926 640.9399 640.8516 640.6226 640.2401 639.7704 639.3179 639.0012 638.9399 638.9971 639.0276 638.9971 638.8151 638.6215 638.4924 638.4985 638.6831 639.2276 640.2356 641.5784 643.0563 644.6467 646.1111 647.5061 648.8049 649.9846 651.0663 651.9501 652.4485 652.3655 -9999 -9999 -9999 -9999
639.5905 639.5648 639.4991 639.3942 639.2768 639.1693 639.0781 639.0173 639 638.9999 638.9731 638.9553 638.9529 638.963 638.9765 639.0001 639.0241 638.9999 638.916 638.8103 638.712 638.6367 638.5868 638.5721 638.6047 638.6876 638.8152 638.9814 639.1886 639.4515 639.7722 640.1255 640.4539 640.6982 640.8696 640.9856 641.025 640.9788 640.8519 640.589 640.1904 639.7233 639.2904 639.0021 638.9634 639.0043 638.9996 638.9088 638.7394 638.577 638.5073 638.6453 639.1346 640.1755 641.7117 643.6042 645.4639 647.1817 648.649 649.8051 650.5821 650.9543 651.2798 651.8066 652.0164 -9999 -9999 -9999 -9999 -9999
