backend/lakes/data/Hastings Lake/hast_dem_tm.asc
ncols         157
nrows         106
xllcorner     635050
yllcorner     5915850
cellsize      50
NODATA_value  -9999
[rows 60 to 89 of 106, columns 0 to 66 of 157]
-9999 -9999 -9999 -9999 -9999 -9999 -9999 -9999 -9999 -9999 -9999 -9999 -9999 -9999 -9999 -9999 -9999 -9999 -9999 -9999 -9999 -9999 -9999 743.0801 743.7858 743.252 741.3909 738.976 736.6397 734.7988 733.6749 733.069 732.302 731.7949 731.5587 731.403 731.1791 730.7944 730.2158 729.6708 729.3497 729.2329 729.1663 729.1023 729.0297 728.9506 728.8696 728.7864 728.73 728.6844 728.6263 728.5588 728.4858 728.4122 728.342 728.2771 728.2185 728.1661 728.12 728.0791 728.0286 727.9674 727.8978 727.8251 727.7539 727.6851 727.6181
-9999 -9999 -9999 -9999 -9999 -9999 -9999 -9999 -9999 -9999 -9999 -9999 -9999 -9999 -9999 -9999 -9999 -9999 -9999 -9999 -9999 -9999 741.1179 741.9934 742.1748 741.0933 739.1449 736.938 734.9483 733.6234 732.8204 732.3154 731.8151 731.5402 731.4263 731.3489 731.1479 730.593 729.9923 729.5947 729.3377 729.2225 729.1487 729.071 728.9824 728.8951 728.8159 728.7303 728.6805 728.6316 728.5754 728.5125 728.4453 728.3779 728.3145 728.2563 728.2048 728.1602 728.12 728.0712 728.0175 727.9554 727.8775 727.7902 727.7028 727.6221 727.5507
-9999 -9999 -9999 -9999 -9999 -9999 -9999 -9999 -9999 -9999 -9999 -9999 -9999 -9999 -9999 -9999 -9999 -9999 -9999 -9999 -9999 739.5391 740.2411 740.7571 740.3563 738.9409 737.0646 735.1865 733.6276 732.728 732.1862 731.8119 731.5416 731.3985 731.3629 731.3359 731.1515 730.5646 729.9575 729.5647 729.3411 729.249 729.1791 729.0889 728.973 728.8618 728.7905 728.7295 728.6466 728.5784 728.5176 728.4583 728.3984 728.3398 728.2849 728.2343 728.1884 728.149 728.1199 728.0603 728.0081 727.9534 727.8651 727.7577 727.65 727.5564 727.4852
-9999 -9999 -9999 -9999 -9999 -9999 -9999 -9999 -9999 -9999 -9999 -9999 -9999 -9999 -9999 -9999 -9999 -9999 -9999 -9999 737.9202 738.8148 739.3291 739.4041 738.5167 737.0315 735.397 733.9494 732.9038 732.2925 731.9582 731.7664 731.5057 731.3704 731.347 731.3332 731.154 730.5665 729.9604 729.587 729.3995 729.3395 729.2616 729.1481 728.9835 728.8126 728.7292 728.6475 728.5687 728.5027 728.4462 728.394 728.3444 728.2969 728.2525 728.2103 728.1674 728.1201 728.0806 728.0332 728.0068 727.9852 727.8811 727.7443 727.6097 727.5014 727.4365
-9999 -9999 -9999 -9999 -9999 -9999 -9999 -9999 -9999 -9999 -9999 -9999 -9999 -9999 -9999 -9999 -9999 -9999 -9999 -9999 737.1405 737.8838 738.144 737.8366 736.7656 735.4864 734.168 733.2448 732.6088 732.2217 731.9849 731.7869 731.5748 731.4237 731.3668 731.3345 731.153 730.5657 729.9611 729.6016 729.432 729.3793 729.3398 729.2354 729.0194 728.7336 728.6084 728.5297 728.4666 728.4127 728.366 728.3237 728.285 728.2502 728.2187 728.1891 728.1581 728.1199 728.0598 728.0217 728.0457 728.1074 727.9644 727.7804 727.6068 727.4779 727.4244
-9999 -9999 -9999 -9999 -9999 -9999 -9999 -9999 -9999 -9999 -9999 -9999 -9999 -9999 -9999 -9999 -9999 -9999 -9999 736.8957 736.9865 736.9581 736.6614 736.1279 735.1602 734.3478 733.4794 732.9822 732.6841 732.4891 732.3517 732.1974 731.9511 731.6522 731.4602 731.3512 731.148 730.5604 729.9589 729.611 729.4444 729.3934 729.3827 729.3379 729.1334 728.7355 728.5439 728.4434 728.3792 728.3306 728.29 728.2551 728.2256 728.2021 728.1832 728.1655 728.1461 728.1199 728.0544 728.05 728.1787 728.3996 728.1747 727.9145 727.6781 727.514 727.4744
-9999 -9999 -9999 -9999 -9999 -9999 -9999 -9999 -9999 -9999 -9999 -9999 -9999 -9999 -9999 -9999 -9999 -9999 737.3399 736.9899 736.5306 735.9482 735.2431 734.5941 733.8203 733.6473 733.0568 732.945 733.0512 733.0157 732.9879 732.9935 732.9743 732.1904 731.6763 731.4047 731.1413 730.5791 729.9918 729.6498 729.4599 729.3849 729.3682 729.3401 729.3073 728.8328 728.5746 728.4242 728.333 728.2719 728.2274 728.1937 728.1696 728.1552 728.1473 728.1382 728.12 728.0876 728.0522 728.1423 728.6403 728.7783 728.6727 728.2186 727.8632 727.6382 727.621
-9999 -9999 -9999 -9999 -9999 -9999 -9999 -9999 -9999 -9999 -9999 -9999 -9999 -9999 -9999 -9999 -9999 -9999 737.3124 736.6184 735.8616 734.9819 734.1357 733.5013 733.184 733.0933 732.9602 733.2067 733.778 733.6646 733.6138 733.7649 734.2521 733.0568 732.0142 731.5336 731.1857 730.7722 730.2455 729.7894 729.5051 729.3721 729.3398 729.3301 729.3403 729.2603 728.7446 728.4797 728.3329 728.2406 728.1792 728.139 728.1158 728.1094 728.1152 728.12 728.11 728.0703 728.0184 728.0307 728.2269 728.6735 728.8389 728.6645 728.1525 727.8627 727.9246
-9999 -9999 -9999 -9999 -9999 -9999 -9999 -9999 -9999 -9999 -9999 -9999 -9999 -9999 -9999 -9999 -9999 -9999 736.4861 735.8414 735.0471 734.2087 733.5161 733.0305 732.9973 732.9102 733.0449 733.765 734.0013 733.941 733.9756 734.2005 734.0275 733.2139 732.36 731.8051 731.4612 731.1146 730.5443 729.9468 729.5607 729.3399 729.2455 729.2589 729.3401 729.3217 728.7952 728.5375 728.3566 728.2267 728.139 728.0846 728.0579 728.0577 728.0824 728.1199 728.1228 728.0865 728.0182 727.9579 727.9894 728.2148 728.6661 728.73 728.4296 728.1851 728.4725
-9999 -9999 -9999 -9999 -9999 -9999 -9999 -9999 -9999 -9999 -9999 -9999 -9999 -9999 -9999 -9999 -9999 736.4267 735.7076 735.0694 734.4568 733.9188 733.329 732.9765 732.998 732.8533 733.032 733.7245 734.0013 734.0053 734.1812 734.9417 733.8623 733.2011 732.5975 732.1484 731.7881 731.3922 730.8224 730.1241 729.6743 729.3336 729.1377 729.1409 729.34 729.332 729.0166 728.6699 728.405 728.2189 728.097 728.0236 727.9874 727.985 728.0156 728.0706 728.1199 728.1185 728.0621 727.957 727.8639 727.9186 728.1998 728.6486 728.7218 728.7897 729.2852
-9999 -9999 -9999 -9999 -9999 -9999 -9999 -9999 -9999 -9999 -9999 -9999 -9999 -9999 -9999 -9999 736.0294 735.7 735.1221 734.5764 734.0544 733.7181 733.2646 732.9791 733.1256 732.9147 733.1786 733.92 734.2065 734.2252 734.2112 734.2488 733.8555 733.2421 732.8005 732.5127 732.1877 731.7307 731.2006 730.6835 730.0331 729.424 729.0781 728.9583 729.3328 729.318 729.0421 728.7026 728.4075 728.1899 728.0448 727.9557 727.9075 727.8942 727.9166 727.9732 728.0503 728.1198 728.1198 728.0214 727.8345 727.7589 727.9023 728.2154 728.7906 729.4028 730.0981
-9999 -9999 -9999 -9999 -9999 -9999 -9999 -9999 -9999 -9999 -9999 -9999 -9999 -9999 -9999 735.1104 735.1971 735.2262 734.9073 734.3623 733.9951 733.813 733.3674 733.08 733.9603 733.2845 733.8099 734.3268 734.524 734.4395 734.1041 733.3508 733.3914 733.0701 732.9191 732.9131 732.6449 731.9709 731.4811 731.1055 730.6733 729.978 729.3143 728.7525 729.2167 729.238 729.0184 728.668 728.3719 728.15 727.9968 727.8983 727.8386 727.8076 727.8077 727.8447 727.9179 728.0121 728.0907 728.1177 727.9214 727.861 728.1215 728.6318 729.421 730.2202 730.92
-9999 -9999 -9999 -9999 -9999 -9999 -9999 -9999 -9999 -9999 -9999 -9999 -9999 -9999 -9999 734.5617 734.553 734.7867 734.4204 733.9424 733.7554 733.9838 733.5851 733.0181 733.252 733.835 734.4497 734.8014 734.8467 734.6617 734.34 733.1563 733.4738 733.0575 733.0918 733.4675 733.3438 732.5122 731.7794 731.4951 731.2891 730.8136 730.0897 729.2526 728.8084 729.0349 728.8073 728.5811 728.3577 728.1561 728.0005 727.8925 727.821 727.7672 727.7341 727.7357 727.7855 727.882 727.9995 728.0962 728.1184 728.2829 728.9057 729.7755 730.5005 731.0408 731.6349
-9999 -9999 -9999 -9999 -9999 -9999 -9999 -9999 -9999 -9999 -9999 -9999 -9999 -9999 -9999 734.1127 734.015 734.0558 733.7768 733.3113 733.1049 733.5745 733.9105 733.0784 733.4735 734.3912 734.9503 735.0999 734.9312 734.4396 733.9619 733.0538 733.8806 733.5718 733.4305 734.0548 733.7921 732.7789 731.8447 731.8801 732.0815 731.8951 731.2172 730.3209 729.6788 729.2082 728.8411 728.7436 728.5541 728.3279 728.1376 728.0002 727.9127 727.8293 727.7559 727.7144 727.7391 727.8494 728.0394 728.2939 728.6292 729.2653 730.3707 731.5051 731.7396 731.6733 732.2986
-9999 -9999 -9999 -9999 -9999 -9999 -9999 -9999 -9999 -9999 -9999 -9999 -9999 -9999 -9999 734.0336 733.9076 733.9834 733.5532 733.0353 732.9182 733.2172 733.5183 733.3738 733.7775 734.6828 734.7087 734.9248 734.8004 734.0579 734.0601 733.528 733.5428 733.9501 734.3212 734.7918 733.6375 732.5221 731.7833 732.3572 733.1102 733.2371 732.5734 731.5662 730.8489 730.1962 729.7358 729.5259 729.1595 728.7964 728.5017 728.2903 728.1805 728.0543 727.9365 727.8469 727.8542 728.0048 728.3097 728.764 729.3305 730.3113 731.659 733.0306 732.6213 731.9963 732.8538
-9999 -9999 -9999 -9999 -9999 -9999 -9999 -9999 -9999 -9999 -9999 -9999 -9999 -9999 -9999 734.1236 734.0021 733.9635 733.6691 733.3604 733.0856 733.0475 733.2421 733.4387 733.8802 733.8662 733.5849 734.1052 734.5483 733.411 734.6413 734.0843 733.8035 734.0756 734.6932 734.0125 733.0654 732.1871 731.8445 732.9202 734.2234 734.5886 733.7442 732.6022 731.7383 731.1255 730.7479 730.4883 730.1575 729.6774 729.1755 728.8243 728.6814 728.489 728.3326 728.1872 728.1878 728.4133 728.8838 729.6032 730.2338 730.968 731.7382 732.7322 731.8358 732.5563 733.697
-9999 -9999 -9999 -9999 -9999 -9999 -9999 -9999 -9999 -9999 -9999 -9999 -9999 -9999 -9999 734.7096 734.5662 734.342 734.0209 733.9542 733.741 733.0637 733.0237 733.0986 733.1785 733.0113 733.0281 733.4543 733.9747 733.2491 733.7135 733.6288 733.4715 733.4793 733.4796 733.064 732.429 731.8986 731.9167 733.1654 734.7737 734.5792 733.7852 732.8405 732.0796 731.5688 731.296 731.1659 731.0513 730.6835 730.1785 729.7065 729.3792 729.1432 728.9885 728.7762 728.7824 729.1167 729.8418 730.7452 731.1218 731.339 731.7058 732.236 732.8689 734.1609 735.2524
-9999 -9999 -9999 -9999 -9999 -9999 -9999 -9999 -9999 -9999 -9999 -9999 -9999 -9999 -9999 -9999 735.593 735.0701 734.305 733.9576 733.6287 733.1479 732.9987 732.9941 733.1263 733.739 733.5734 734.5906 734.1133 733.2776 732.9975 733.0162 732.9285 732.8192 732.6547 732.3381 731.9324 731.6562 731.7749 732.4957 733.3648 733.4281 733.0123 732.457 731.9702 731.652 731.5402 731.5421 731.5886 731.3591 731.0698 730.7029 730.3146 730.1201 729.895 729.6656 729.6991 730.0619 730.9732 732.2343 732.0319 731.8154 732.3013 733.3405 734.5993 735.916 737.3064
-9999 -9999 -9999 -9999 -9999 -9999 -9999 -9999 -9999 -9999 -9999 -9999 -9999 -9999 -9999 -9999 737.1103 736.3373 735.183 734.2571 733.726 733.318 733.0453 733.1637 733.4573 733.6912 733.9697 734.1007 733.7184 733.1287 732.7854 732.7193 732.5577 732.3781 732.1776 731.9432 731.6833 731.5498 731.5999 731.8222 732.2048 732.2734 732.1285 731.937 731.7453 731.6538 731.7806 731.9404 732.2079 732.0108 731.8538 731.5951 731.2473 731.0518 730.8259 730.632 730.7289 730.9389 731.765 733.501 732.5588 732.2658 733.4982 735.0372 736.5911 738.0974 739.3046
-9999 -9999 -9999 -9999 -9999 -9999 -9999 -9999 -9999 -9999 -9999 -9999 -9999 -9999 -9999 -9999 -9999 737.5183 736.2617 735.1144 734.3981 734.0584 733.7162 733.4895 733.2643 733.0774 733.446 733.4775 733.248 732.9421 732.6974 732.6257 732.4698 732.3116 732.1498 731.9817 731.8113 731.8453 731.9868 732.1088 732.0706 731.949 731.8023 731.7785 731.7753 731.8969 732.3981 732.8602 733.1434 733.1387 733.0286 732.7443 732.2947 731.9393 731.7164 731.5482 731.6185 731.4899 731.3846 732.1863 731.9767 732.928 734.7049 736.4797 738.3186 739.9727 741.0269
-9999 -9999 -9999 -9999 -9999 -9999 -9999 -9999 -9999 -9999 -9999 -9999 -9999 -9999 -9999 -9999 -9999 -9999 736.9159 736.1412 735.7485 735.5136 735.068 734.2795 733.4615 733.0317 733.0864 733.1313 733.0616 733.0621 732.8859 732.8591 732.8062 732.7878 732.808 732.5002 732.3986 732.619 733.0577 733.4983 733.6843 733.3739 732.6682 732.2452 732.2269 732.7083 733.4838 734.1506 734.6021 734.7228 734.6106 734.2941 733.5928 733.0239 732.5989 732.4035 732.4883 732.4151 731.8781 731.788 732.179 733.5527 735.3984 737.4461 739.6042 741.4706 742.4909
-9999 -9999 -9999 -9999 -9999 -9999 -9999 -9999 -9999 -9999 -9999 -9999 -9999 -9999 -9999 -9999 -9999 -9999 737.0397 737.1091 737.3222 737.2194 736.5735 735.3745 734.0172 733.3735 733.2969 733.4495 733.495 733.9926 733.7006 733.6181 733.5269 733.4354 733.2463 732.9553 733.0558 733.6228 734.5324 735.4655 735.943 735.353 733.9706 733.0418 732.8682 733.7263 734.8455 735.7311 736.346 736.5469 736.4578 735.9606 734.8542 734.0454 733.3993 733.0673 733.3427 733.5422 732.7031 732.0432 732.4681 733.7981 735.6016 738.0522 740.5797 742.6157 743.6137
-9999 -9999 -9999 -9999 -9999 -9999 -9999 -9999 -9999 -9999 -9999 -9999 -9999 -9999 -9999 -9999 -9999 -9999 737.1068 737.9905 738.6606 738.6561 737.937 736.74 735.3676 734.386 734.2245 734.6265 734.7222 735.028 735.1304 734.9208 734.7307 734.572 733.9258 733.2115 733.6786 734.7125 736.1919 737.6943 738.2205 737.3529 735.4919 733.9639 733.4556 734.6786 736.1609 737.1754 737.7594 737.9123 737.809 737.1642 735.6569 734.6484 733.671 733.3389 733.9842 733.5287 732.715 732.2742 732.9325 734.4686 736.4686 738.8422 741.5399 743.4702 744.1414
-9999 -9999 -9999 -9999 -9999 -9999 -9999 -9999 -9999 -9999 -9999 -9999 -9999 -9999 -9999 -9999 -9999 -9999 -9999 738.6552 739.3604 739.3609 738.8272 737.8785 736.9417 736.3033 736.1693 736.2928 736.0545 736.0574 736.28 736.522 736.4954 736.1435 735.1816 734.1146 734.3832 735.9675 738.0424 739.663 739.7421 738.8712 736.8088 735.0023 734.4544 735.7944 737.2006 737.8812 738.1533 738.1146 737.965 737.3627 735.7861 734.4446 733.5807 733.9345 733.3944 732.9819 732.5641 732.7189 733.7944 735.757 738.0737 740.5898 742.8137 744.0754 744.3464
-9999 -9999 -9999 -9999 -9999 -9999 -9999 -9999 -9999 -9999 -9999 -9999 -9999 -9999 -9999 -9999 -9999 -9999 -9999 -9999 739.7065 739.4974 738.9708 738.3019 737.9382 737.769 737.7667 737.7048 737.1786 736.9744 737.2686 737.9375 738.2883 737.9408 736.97 735.9886 736.2374 737.8467 739.8379 741.2217 741.1195 739.8658 737.8672 736.1722 736.0026 736.9387 737.709 737.9944 737.8794 737.5753 737.4426 736.89 735.4272 734.0361 733.0934 733.0476 732.9969 732.8266 732.8978 733.6564 735.3461 737.6932 740.2158 742.4293 743.9118 744.4736 744.2813
-9999 -9999 -9999 -9999 -9999 -9999 -9999 -9999 -9999 -9999 -9999 -9999 -9999 -9999 -9999 -9999 -9999 -9999 -9999 -9999 -9999 739.2728 738.5212 737.9688 737.9918 738.2219 738.5892 738.7059 738.1216 737.7803 738.2744 739.2369 739.8441 739.4557 738.6254 737.8951 738.2527 739.6 741.1638 742.1389 741.9967 740.7404 739.043 737.8055 737.6848 738.0363 738.1479 737.9008 737.1831 737.0267 737.0358 736.9701 735.9594 734.4186 733.5117 733.2098 733.321 733.4846 733.9709 735.3538 737.5221 740.012 742.2581 743.8416 744.7605 744.7017 744.0356
-9999 -9999 -9999 -9999 -9999 -9999 -9999 -9999 -9999 -9999 -9999 -9999 -9999 -9999 -9999 -9999 -9999 -9999 -9999 -9999 -9999 -9999 737.8818 737.1684 737.5956 738.2727 739.0609 739.3061 738.9425 738.6605 739.2568 740.3201 740.7239 740.3227 739.662 739.2576 739.6764 740.6554 741.8569 742.7217 742.7909 741.7852 740.5023 739.7125 739.6337 739.4263 738.8068 738.0225 737.454 737.4379 737.9338 738.1296 737.4141 736.0993 735.1385 734.8224 734.9462 735.2758 736.0499 737.7158 739.9773 742.2211 743.86 744.5298 745.1204 744.94 -9999
-9999 -9999 -9999 -9999 -9999 -9999 -9999 -9999 -9999 -9999 -9999 -9999 -9999 -9999 -9999 -9999 -9999 -9999 -9999 -9999 -9999 -9999 -9999 -9999 -9999 738.9892 739.9443 739.9957 -9999 -9999 -9999 740.7512 740.893 740.1919 740.0011 739.9578 740.0977 740.6709 741.7535 742.8454 743.2731 742.8926 742.078 741.6644 741.6517 741.0496 739.8322 738.6668 738.4115 738.8834 739.6019 739.8217 739.2237 738.3895 737.7908 737.6849 737.859 738.1364 738.8307 740.4125 742.4675 744.3578 745.5984 746.0063 746.0946 -9999 -9999
-9999 -9999 -9999 -9999 -9999 -9999 -9999 -9999 -9999 -9999 -9999 -9999 -9999 -9999 -9999 -9999 -9999 -9999 -9999 -9999 -9999 -9999 -9999 -9999 -9999 -9999 -9999 -9999 -9999 -9999 -9999 -9999 -9999 -9999 -9999 -9999 740.0042 740.3435 -9999 -9999 743.6817 743.9419 743.5262 743.2142 743.2567 742.5524 741.1926 739.9512 -9999 740.6071 741.4231 741.5895 741.1354 740.8716 740.8532 741.0735 741.3374 741.5014 741.9499 743.2193 744.9102 746.4993 747.5341 747.8475 -9999 -9999 -9999
-9999 -9999 -9999 -9999 -9999 -9999 -9999 -9999 -9999 -9999 -9999 -9999 -9999 -9999 -9999 -9999 -9999 -9999 -9999 -9999 -9999 -9999 -9999 -9999 -9999 -9999 -9999 -9999 -9999 -9999 -9999 -9999 -9999 -9999 -9999 -9999 -9999 -9999 -9999 -9999 -9999 -9999 744.5566 744.0616 743.8918 743.3858 -9999 -9999 -9999 -9999 743.0074 743.1362 742.9486 743.258 743.9008 744.5009 744.8093 744.8222 744.9949 745.9103 747.2955 748.6999 -9999 -9999 -9999 -9999 -9999
