backend/lakes/data/Hastings Lake/hast_dem_tm.asc
ncols         157
nrows         106
xllcorner     635050
yllcorner     5915850
cellsize      50
NODATA_value  -9999
[rows 30 to 59 of 106, columns 67 to 133 of 157]
-9999 -9999 -9999 -9999 -9999 -9999 -9999 -9999 -9999 -9999 -9999 -9999 -9999 -9999 -9999 -9999 -9999 -9999 -9999 742.7125 742.9708 742.9139 742.448 741.8181 740.8401 740.375 741.2472 742.5012 742.8405 741.7516 739.6713 737.2211 735.1872 734.798 734.6924 734.5925 734.4709 734.3013 734.1119 734.0586 734.1104 734.071 734.0076 733.9762 733.9973 734.064 734.1538 734.2485 734.3513 734.4738 734.5918 734.6326 734.5388 734.3285 734.0768 733.8132 733.5847 733.5187 733.6782 733.9719 734.2579 734.4683 734.6132 734.7682 734.9512 735.2013 735.4729
-9999 -9999 -9999 -9999 -9999 -9999 -9999 -9999 -9999 -9999 -9999 -9999 -9999 -9999 -9999 -9999 -9999 -9999 -9999 741.5958 742.0873 742.272 742.0169 741.6191 740.8154 740.0836 740.8358 742.1183 742.8018 741.6146 739.4272 737.5029 736.0748 735.3828 734.9504 734.6499 734.5145 734.3848 734.1378 734.0485 734.0352 733.9854 733.906 733.8583 733.8602 733.9187 734.0135 734.1078 734.1904 734.2797 734.3802 734.4548 734.4441 734.3142 734.0629 733.7291 733.4481 733.4133 733.6128 733.8862 734.0797 734.1543 734.1576 734.2105 734.3851 734.6766 735.0071
739.087 740.0783 741.6596 743.506 -9999 -9999 746.7338 746.4585 745.6094 744.74 744.0988 743.7069 744.0507 -9999 -9999 -9999 -9999 -9999 -9999 741.0035 741.2665 741.9461 742.0322 742.0388 741.4453 740.9632 741.0338 741.8696 742.0552 740.7466 738.3957 737.4268 736.5441 735.7397 735.0762 734.618 734.6512 734.7443 734.4318 734.2712 734.139 733.9965 733.8731 733.8064 733.7755 733.8057 733.8936 733.9905 734.0623 734.1243 734.2073 734.3093 734.3979 734.4075 734.2549 733.823 733.4879 733.5038 733.6974 733.8794 733.934 733.8837 733.8092 733.8663 734.1127 734.5047 735.0632
738.2332 739.0941 740.5823 742.3445 743.9093 744.8812 744.8102 744.0985 743.2473 742.6153 742.2234 742.0497 742.5525 743.6892 744.7194 -9999 -9999 -9999 741.192 740.9952 741.4846 742.0632 742.519 742.6937 742.0695 741.9672 741.9763 742.0029 741.7624 740.4652 738.2567 736.2726 735.6547 735.1392 734.7303 734.2906 734.8729 735.6161 735.6531 734.9324 734.4545 734.0952 733.8674 733.7521 733.7121 733.7067 733.7784 733.8798 733.9573 734.0125 734.0934 734.2352 734.4439 734.6732 734.8005 734.3981 734.0352 734.1553 734.2289 734.1406 733.9189 733.7011 733.5585 733.6404 733.8839 734.132 734.8584
737.9825 738.3699 739.5738 741.097 742.4359 743.0737 742.6337 741.6168 740.7543 740.4463 740.4379 740.7775 741.5348 742.6917 743.6812 743.929 743.3054 742.2888 741.2632 740.8776 741.6855 742.0194 742.1191 741.3619 741.5585 741.5306 741.4069 741.3431 741.0137 740.1113 738.5734 736.878 735.5566 734.6751 734.0978 733.8118 735.151 736.1771 736.848 735.7196 734.7676 734.1785 733.8594 733.7093 733.6427 733.6227 733.6744 733.7732 733.8671 733.9412 734.0423 734.2417 734.5832 735.0382 735.5045 735.9301 735.9545 735.862 735.5448 734.9391 734.2067 733.6746 733.3574 733.3863 733.3828 733.5793 734.3865
737.9739 737.8864 738.5681 739.7823 740.888 741.26 740.5968 739.3693 738.3757 738.2711 738.6838 739.6782 741.0555 742.3785 743.0081 742.9587 742.3875 741.6438 740.9927 740.7476 740.8985 740.915 740.5848 739.89 739.7609 739.6744 739.6909 739.7993 739.4942 738.7134 738.36 737.9642 736.5314 734.9814 734.5495 735.1812 736.6435 737.0141 735.6355 735.0938 734.5392 734.1289 733.8918 733.7739 733.6997 733.6471 733.6477 733.7112 733.8101 733.9171 734.0635 734.3408 734.8798 735.6693 736.6443 737.8995 738.5189 738.4417 737.7392 736.5066 735.1151 733.9191 733.2296 733.1013 733.2556 733.5674 734.6193
737.5148 736.9001 737.002 738.1322 739.2282 739.5375 738.8292 737.4634 736.306 736.2081 736.7905 738.1807 740.0027 741.4153 741.9291 741.5195 740.8145 740.2267 739.7251 739.2674 738.9974 738.7101 738.121 737.3245 737.3766 737.702 737.7021 737.5811 737.3835 736.855 736.7247 738.6031 737.3227 735.3029 735.1187 736.2433 737.9023 737.7955 736.063 735.0521 734.486 734.2451 734.1603 734.1044 734.0023 733.8737 733.7788 733.7627 733.8334 733.9694 734.1744 734.5186 735.3169 736.5554 738.1505 739.8962 740.7935 740.6819 739.7111 738.0732 736.1276 734.2674 733.3171 733.1965 733.8965 734.8727 736.2453
737.0508 735.7399 735.1475 736.2155 737.3566 737.7674 737.2449 735.976 735.1107 735.0201 735.366 736.4077 738.3687 739.897 740.142 739.4541 738.5787 737.9513 737.3912 736.7694 736.321 736.104 735.9073 735.4778 735.5773 735.9192 736.1083 736.3425 737.2512 738.4484 736.5806 737.6149 737.0179 734.9006 735.045 736.3136 737.8646 738.3346 736.519 735.2439 734.7412 734.7206 734.8567 734.8664 734.6631 734.3796 734.1366 734.001 734.0007 734.1438 734.416 734.7438 735.8271 737.4762 739.5578 741.2983 741.8027 741.5702 740.6852 739.0109 737.0295 735.1543 733.8757 733.7505 734.8449 736.2883 737.9442
736.5596 735.0697 734.3748 734.8887 735.7256 736.028 735.5215 734.5978 733.9805 733.8698 734.1521 735.0045 736.4719 737.8124 737.874 737.0194 735.9725 735.2151 734.5764 733.9149 733.5985 733.634 733.6965 733.793 734.1858 734.6816 734.9905 735.092 735.9202 736.8534 736.4216 736.7635 736.2196 735.0572 734.7751 735.6433 737.0994 737.7677 736.5027 735.4749 735.4253 735.8219 736.1876 736.2059 735.7632 735.2249 734.7844 734.4959 734.371 734.4492 734.8324 735.0684 736.5394 738.528 740.4673 741.7388 741.5828 741.0958 740.136 738.8565 737.3845 736.0753 735.2936 735.1248 736.0145 737.296 738.837
735.8259 734.313 733.5387 733.6062 733.9304 733.9696 733.6323 733.126 732.814 732.7779 732.9599 733.541 734.5607 735.5311 735.4105 734.5236 733.5477 732.7311 732.1956 731.7993 731.8323 731.9374 732.101 732.5659 733.3488 734.1713 734.8417 735.2506 734.8051 735.0704 734.8755 734.6112 734.2697 734.0437 734.0612 734.928 736.8686 737.9476 737.0778 736.2911 737.1709 738.0356 738.3403 738.1991 737.333 736.4769 735.8301 735.3693 735.0333 734.7905 734.9473 736.1027 737.845 739.5656 740.7938 740.9922 740.3287 739.5425 738.6917 737.8445 737.2009 736.6976 736.4825 736.1688 736.4908 737.1832 738.2501
734.4391 733.2272 732.6153 732.4391 732.3043 732.2255 732.0774 731.8707 731.7853 731.7896 731.8506 732.1085 732.7116 733.4442 733.0447 732.2791 731.6234 731.0718 730.7954 730.6848 731.0212 731.2534 731.4635 732.0124 733.1474 734.1766 734.8098 736.1964 734.5821 734.0955 733.7891 733.5803 733.5441 733.7452 734.0424 735.299 737.0517 738.1611 738.267 738.5262 739.6789 740.7391 740.9899 740.4068 739.3322 738.3051 737.5218 736.8947 736.3417 735.7885 735.8837 737.4123 739.1539 740.3594 740.7205 740.13 739.0614 738.0169 737.3242 737.1239 737.1146 737.0823 737.0984 736.8684 736.6903 736.8364 737.2852
732.8267 732.0447 731.7806 731.7191 731.5906 731.5098 731.4008 731.2012 731.1279 731.1283 731.1283 731.1644 731.3405 731.5831 731.2747 730.8058 730.501 730.2244 730.1333 730.2351 730.6051 731.0924 731.361 732.1322 733.7149 734.9724 735.5496 736.2847 735.0328 733.8834 733.3888 733.3256 733.678 734.5591 735.4818 736.4298 737.7376 738.9456 739.7821 740.7429 742.1595 743.3911 743.8143 743.37 742.3416 741.2603 740.323 739.3769 738.2974 737.4357 737.3955 738.8549 740.4841 741.4073 741.1815 740.087 -9999 -9999 -9999 737.3769 737.7691 737.9847 737.8706 737.2648 736.7986 736.5801 736.613
731.5018 731.1791 731.1372 731.1489 731.1422 731.1428 731.1106 730.8503 730.6017 730.5696 730.5646 730.5564 730.5665 730.585 730.4189 730.1763 730.0149 729.918 729.9587 730.1672 730.5391 730.8936 731.2317 732.1121 733.6859 735.4851 736.4366 736.7939 735.4521 733.846 733.4023 733.5243 734.1638 735.7006 736.9497 737.7876 738.7797 739.9465 741.1001 742.5113 744.1578 745.5165 746.1317 746.1068 745.3339 744.3422 743.3591 742.264 740.9351 739.7267 739.5094 740.5465 741.9897 742.9099 742.5247 -9999 -9999 -9999 -9999 -9999 -9999 -9999 739.2211 738.2955 -9999 -9999 -9999
730.5679 730.5223 730.5641 730.583 730.579 730.563 730.5714 730.5173 730.3345 730.2745 730.242 730.2084 730.19 730.1886 730.124 730.0248 729.9576 729.9512 730.0537 730.2797 730.5703 730.8796 731.1635 731.7606 733.0538 734.8854 736.1659 736.2155 735.241 734.11 733.7357 734.0189 734.936 736.2649 737.7059 738.867 739.7747 740.7588 741.9935 743.6567 745.4638 746.8607 747.3444 747.8978 747.5469 746.8521 746.0864 745.1925 743.9621 742.5866 741.8953 742.3657 743.5137 744.3568 743.9703 -9999 -9999 -9999 -9999 -9999 -9999 -9999 -9999 -9999 -9999 -9999 -9999
729.9102 729.9489 730.1692 730.2745 730.1819 729.9731 729.9508 729.9599 729.9432 729.9766 729.9647 729.9366 729.947 730.0269 730.0725 730.0881 730.0959 730.1382 730.2687 730.5345 730.8678 731.1426 731.2009 731.2698 732.0385 733.2936 734.5483 734.7985 734.3608 733.9048 733.848 734.1724 734.8091 735.7321 737.88 739.3715 740.061 740.8499 742.2344 744.2178 746.2189 747.7303 748.5331 748.8707 748.9568 748.8257 748.5896 748.1618 747.1748 745.677 744.4551 744.1319 744.6879 745.0419 -9999 -9999 -9999 -9999 -9999 -9999 -9999 -9999 -9999 -9999 -9999 -9999 -9999
729.3435 729.4194 729.8731 730.0939 729.8843 729.433 729.334 729.3344 729.346 729.4971 729.5282 729.5182 729.5754 729.816 729.9858 730.124 730.21 730.2971 730.4285 730.6694 731.3102 731.7592 731.6917 731.3617 731.2562 731.7556 732.5104 732.8037 733.062 733.374 733.8517 734.4346 735.1399 736.0872 738.1992 739.4492 739.9163 740.5198 742.0709 744.3137 -9999 -9999 -9999 -9999 -9999 750.7255 751.2078 751.2997 750.5532 748.8901 747.0452 745.7361 745.2787 745.0175 -9999 -9999 -9999 -9999 -9999 -9999 -9999 -9999 -9999 -9999 -9999 -9999 -9999
729.0448 729.1387 729.4363 729.8577 729.4453 729.0361 728.7453 728.6251 728.4745 728.5449 728.7335 728.7541 728.8384 729.3132 729.5871 729.8801 730.0848 730.2841 730.5479 731.0142 731.9135 732.6456 732.478 731.8617 731.2513 731.0853 731.2387 731.4495 731.9796 732.8512 733.9081 734.953 736.1586 737.5891 739.2916 740.0094 739.9939 740.5457 741.9899 744.3448 -9999 -9999 -9999 -9999 -9999 -9999 -9999 754.4205 753.8647 752.0489 749.6044 747.2877 -9999 -9999 -9999 -9999 -9999 -9999 -9999 -9999 -9999 -9999 -9999 -9999 -9999 -9999 -9999
728.8844 728.9431 729.1069 729.3415 729.0786 728.6442 728.1367 727.8316 727.5932 727.5596 727.57 727.5104 727.6976 728.1881 728.5687 729.012 729.4626 729.8089 730.1636 730.8249 732.0822 733.3002 732.9998 732.2058 731.224 730.689 730.5734 730.76 731.2953 732.3366 733.7816 735.3224 737.2369 739.356 740.9487 741.0596 740.2681 740.9612 742.6212 745.0577 747.3752 -9999 -9999 -9999 -9999 -9999 -9999 -9999 -9999 -9999 -9999 -9999 -9999 -9999 -9999 -9999 -9999 -9999 -9999 -9999 -9999 -9999 -9999 -9999 -9999 -9999 -9999
728.7258 728.7253 728.7531 728.9351 728.6639 728.0955 727.5652 727.3001 727.1264 727.0358 726.9146 726.8493 726.9544 727.3235 727.5706 727.8495 728.2781 728.674 729.1644 729.9446 731.1631 732.4811 732.4138 731.8068 730.6233 730.0416 729.9529 730.2197 730.6788 731.4716 732.8987 735.0713 737.7752 740.4618 742.2074 741.9965 741.0711 741.8489 743.8493 746.3257 748.5594 750.2278 -9999 -9999 -9999 -9999 -9999 -9999 -9999 -9999 -9999 -9999 -9999 -9999 -9999 -9999 -9999 -9999 -9999 -9999 -9999 -9999 -9999 -9999 -9999 -9999 -9999
728.4196 728.432 728.5029 728.6782 728.2117 727.6008 727.2438 727.0557 726.9594 726.8987 726.7206 726.6121 726.6653 726.8732 726.8845 726.7978 727.0149 727.2986 727.7087 728.4222 729.3552 730.4268 730.5864 730.1389 729.2645 728.7728 729.0376 729.5605 730.0046 730.6065 731.9256 734.2674 737.381 740.1122 741.674 742.0756 741.58 742.6068 744.697 747.2313 749.5862 751.4434 -9999 -9999 -9999 -9999 -9999 -9999 -9999 -9999 -9999 -9999 -9999 -9999 -9999 -9999 -9999 -9999 -9999 -9999 -9999 -9999 -9999 -9999 -9999 -9999 -9999
728.1204 728.1205 728.1382 728.3129 728.0765 727.5245 727.1843 727.0073 726.9344 726.8961 726.6777 726.5249 726.5024 726.573 726.5704 726.3837 726.3177 726.3253 726.4872 726.9514 727.4802 728.0697 728.2955 728.1926 727.7361 727.3979 727.7936 728.4426 728.9786 729.6327 730.9094 733.1271 736.0301 738.4169 739.7029 740.1268 740.2744 741.8044 744.2719 747.1315 749.8773 752.0928 753.5239 -9999 -9999 -9999 -9999 -9999 -9999 -9999 -9999 -9999 -9999 -9999 -9999 -9999 -9999 -9999 -9999 -9999 -9999 -9999 -9999 -9999 -9999 -9999 -9999
727.9841 727.985 728.0271 728.1152 727.9072 727.5128 727.2117 727.0194 726.9001 726.7897 726.6059 726.4574 726.3879 726.3634 726.2937 726.2128 726.048 725.9138 725.9127 726.0957 726.3169 726.5078 726.5826 726.6607 726.6165 726.6978 727.2086 727.7503 728.2051 728.8491 730.0559 732.0037 734.4822 736.5749 737.4034 737.5244 738.43 740.3024 743.172 746.2999 749.244 751.6017 753.0488 -9999 -9999 -9999 -9999 -9999 -9999 -9999 -9999 -9999 -9999 -9999 -9999 -9999 -9999 -9999 -9999 -9999 -9999 -9999 -9999 -9999 -9999 -9999 -9999
727.9116 727.9072 727.9264 727.9297 727.775 727.5098 727.2576 727.0569 726.8981 726.7285 726.5549 726.421 726.3486 726.3219 726.3063 726.2859 726.0411 725.8208 725.7164 725.7372 725.7654 725.7061 725.7149 725.8716 726.0405 726.3597 727.0626 727.565 728.0761 728.6782 729.7921 731.4695 733.5964 735.2383 735.8783 736.1154 736.9688 738.8948 741.8843 745.0634 747.9515 750.2475 751.7645 -9999 -9999 -9999 -9999 -9999 -9999 -9999 -9999 -9999 -9999 -9999 -9999 -9999 -9999 -9999 -9999 -9999 -9999 -9999 -9999 -9999 -9999 -9999 -9999
727.8618 727.8477 727.8403 727.8058 727.6888 727.5092 727.3118 727.1142 726.9056 726.739 726.5665 726.4385 726.3699 726.347 726.3364 726.2886 726.0725 725.8481 725.7089 725.689 725.6777 725.549 725.5437 725.681 725.8739 726.2554 726.8243 727.4323 728.2135 729.042 729.9821 731.4114 733.3031 734.5894 735.0012 735.2404 735.9077 737.8316 740.5996 743.5464 746.2227 748.378 749.8653 750.7738 751.563 752.5045 -9999 -9999 -9999 -9999 -9999 -9999 -9999 -9999 -9999 -9999 -9999 -9999 -9999 -9999 -9999 -9999 -9999 -9999 -9999 -9999 -9999
727.8228 727.7995 727.775 727.7283 727.6367 727.5106 727.4005 727.273 727.1279 726.9393 726.6962 726.5376 726.459 726.4301 726.396 726.2917 726.1283 725.9089 725.7228 725.6782 725.6015 725.5808 725.6847 725.8542 725.8577 726.0356 726.3507 726.8879 727.7864 728.8953 730.0045 731.3828 733.1381 733.9592 734.3893 734.8552 735.5567 736.8484 739.2435 741.8563 744.298 746.3224 747.7692 748.748 749.5959 750.5869 751.5386 752.2116 -9999 -9999 -9999 -9999 -9999 -9999 -9999 -9999 -9999 -9999 -9999 -9999 -9999 -9999 -9999 -9999 -9999 -9999 -9999
727.7896 727.7594 727.7274 727.6831 727.6207 727.5537 727.5098 727.4613 727.451 727.4308 726.9503 726.7285 726.6388 726.6151 726.5813 726.4544 726.2891 726.0169 725.6815 725.5313 725.5101 725.6758 726.0033 726.2491 725.9723 726.0232 726.2833 726.4611 727.2455 728.5361 729.8216 731.025 732.2328 733.1156 733.8107 734.7186 735.7429 736.8908 738.1696 740.1858 742.3434 744.2556 745.7012 746.6894 747.5425 748.5109 749.407 750.0495 750.2495 -9999 -9999 -9999 -9999 -9999 -9999 -9999 -9999 -9999 -9999 -9999 -9999 -9999 -9999 -9999 -9999 -9999 -9999
727.7572 727.7214 727.686 727.6456 727.6 727.5582 727.5311 727.51 727.51 727.4681 727.1972 726.9802 726.9354 726.9335 726.8907 726.6982 726.5568 726.2568 725.7475 725.486 725.4831 725.7635 726.284 726.4189 726.0763 726.175 726.7634 726.9515 726.969 728.2168 729.6299 730.7753 731.6844 732.4468 733.288 734.299 735.3361 736.3092 737.1411 738.4704 740.3631 742.1357 743.5502 744.5471 745.4163 746.3613 747.2106 747.834 748.1238 747.7888 -9999 -9999 -9999 -9999 -9999 -9999 -9999 -9999 -9999 -9999 -9999 -9999 -9999 -9999 -9999 -9999 -9999
727.7203 727.6791 727.6406 727.6017 727.5623 727.5273 727.5026 727.4862 727.4746 727.4271 727.2921 727.2173 727.4648 727.4769 727.2515 726.9309 726.8801 726.6058 726.1935 725.7337 725.7486 726.275 726.8221 726.8644 726.4493 726.2075 726.9778 727.6016 726.6917 728.0513 729.6276 730.6038 731.2321 731.8604 732.7382 733.7362 734.6351 735.3298 735.9215 736.8008 738.34 739.8645 741.1179 742.0956 743.0651 744.1847 745.1896 745.8486 746.1092 745.9356 -9999 -9999 -9999 -9999 -9999 -9999 -9999 -9999 -9999 -9999 -9999 -9999 -9999 -9999 -9999 -9999 -9999
727.6751 727.6282 727.5868 727.5481 727.5105 727.4766 727.45 727.4316 727.418 727.3931 727.3569 727.3918 727.5734 727.6235 727.5012 727.2123 727.0763 726.8892 726.574 726.2764 726.3412 726.8251 727.1387 727.1241 726.8094 726.2931 726.8606 727.6489 727.1179 728.4313 729.9103 730.6678 731.0795 731.4924 732.2422 733.1275 733.8041 734.3197 734.7593 735.3589 736.3203 737.4801 738.4955 739.4144 740.5718 742.1263 743.6063 744.4642 744.5933 744.4995 743.5891 -9999 -9999 -9999 -9999 -9999 -9999 -9999 -9999 -9999 -9999 -9999 -9999 -9999 -9999 -9999 -9999
727.6196 727.5684 727.526 727.4897 727.4565 727.427 727.4041 727.3895 727.3849 727.3837 727.3912 727.4481 727.5609 727.5963 727.5089 727.2972 727.1733 727.0541 726.8854 726.6992 726.8748 727.1652 727.314 727.2103 726.8767 726.3509 726.3561 726.9598 727.4387 728.8994 730.2523 730.8278 731.0535 731.2135 731.7682 732.4044 732.9615 733.3947 733.7393 734.1469 734.7675 735.5941 736.5057 737.5574 738.9075 740.5196 742.5701 743.8924 744.1169 743.7153 742.7286 741.2776 739.7936 -9999 -9999 -9999 -9999 -9999 -9999 -9999 -9999 -9999 -9999 -9999 -9999 -9999 -9999
