backend/lakes/data/Red Deer Lake/redd_dem_tm.asc
ncols         245
nrows         285
xllcorner     625400
yllcorner     5832800
cellsize      50
NODATA_value  -9999
[rows 96 to 127 of 285, columns 0 to 71 of 245]
-9999 -9999 -9999 -9999 -9999 -9999 -9999 -9999 -9999 -9999 -9999 -9999 -9999 -9999 -9999 772.0216 771.1905 770.6606 770.1334 769.7508 769.0775 768.7882 768.5327 768.3281 768.1773 768.068 767.9865 767.921 767.8638 767.8097 767.7555 767.699 767.6389 767.5771 767.5206 767.4796 767.4048 767.3195 767.2201 767.1069 766.9824 766.8494 766.7114 766.5728 766.4371 766.309 766.193 766.0939 766.0137 765.9502 765.9208 765.8764 765.8227 765.7651 765.7065 765.6489 765.5938 765.541 765.4897 765.4415 765.3962 765.3508 765.3054 765.2622 765.2222 765.1806 765.1379 765.1004 765.0712 765.0461 765.0243 765.0106
-9999 -9999 -9999 -9999 -9999 -9999 -9999 -9999 -9999 -9999 -9999 -9999 -9999 -9999 -9999 771.9768 771.1636 770.6338 770.0446 769.5621 769.0206 768.6558 768.3845 768.1899 768.0551 767.96 767.8898 767.8324 767.7818 767.7342 767.6875 767.6398 767.5895 767.5358 767.4802 767.4379 767.3633 767.2697 767.1624 767.0435 766.9152 766.7799 766.6406 766.5014 766.3668 766.2423 766.1335 766.0471 765.9882 765.9499 765.9065 765.8605 765.8104 765.7574 765.7049 765.6541 765.606 765.5612 765.5186 765.4775 765.4397 765.4039 765.3677 765.3322 765.2988 765.266 765.23 765.1941 765.1633 765.1356 765.1082 765.0848
-9999 -9999 -9999 -9999 -9999 -9999 -9999 -9999 -9999 -9999 -9999 -9999 -9999 -9999 -9999 771.9988 771.3699 770.8082 770.0323 769.3892 768.9293 768.5183 768.2415 768.0702 767.9629 767.8868 767.8279 767.7744 767.7255 767.6802 767.6366 767.5946 767.553 767.5131 767.4797 767.411 767.3231 767.2211 767.1074 766.9836 766.8516 766.7136 766.5725 766.4326 766.2991 766.1776 766.0743 765.9957 765.95 765.9178 765.8807 765.8394 765.7946 765.7486 765.7034 765.6619 765.6234 765.5875 765.5543 765.5222 765.491 765.4618 765.4338 765.4054 765.3774 765.349 765.3176 765.2831 765.2501 765.2186 765.1846 765.1496
-9999 -9999 -9999 -9999 -9999 -9999 -9999 -9999 -9999 -9999 -9999 -9999 -9999 -9999 -9999 772.1378 771.5999 770.9189 769.9972 769.1498 768.6626 768.3147 768.1019 767.9906 767.9255 767.8655 767.8109 767.7509 767.6963 767.6486 767.6027 767.5616 767.5222 767.4801 767.4424 767.3718 767.2795 767.1731 767.0555 766.9285 766.7934 766.6525 766.5093 766.3687 766.2366 766.1193 766.0225 765.9503 765.9152 765.8853 765.8519 765.8151 765.7762 765.7379 765.7025 765.6712 765.6444 765.62 765.5961 765.5731 765.5496 765.5258 765.5029 765.4805 765.4573 765.4316 765.4015 765.3667 765.3307 765.2946 765.2534 765.2053
-9999 -9999 -9999 -9999 -9999 -9999 -9999 -9999 -9999 -9999 -9999 -9999 -9999 -9999 -9999 772.5702 771.9756 771.1427 770.0825 769.0901 768.5109 768.1857 768.042 768.002 767.976 767.9071 767.8386 767.7561 767.6884 767.635 767.5823 767.5405 767.5065 767.4798 767.4174 767.3347 767.2371 767.1278 767.0083 766.8793 766.7418 766.5983 766.4529 766.3117 766.1819 766.0717 765.9908 765.9498 765.9011 765.8617 765.8257 765.7907 765.757 765.7267 765.7015 765.6827 765.6682 765.6566 765.6442 765.6292 765.6132 765.5951 765.5756 765.5564 765.537 765.5139 765.4836 765.4464 765.4055 765.3628 765.3135 765.2522
-9999 -9999 -9999 -9999 -9999 -9999 -9999 -9999 -9999 -9999 -9999 -9999 -9999 -9999 -9999 772.9323 772.3679 771.5515 770.3527 769.1885 768.5198 768.2021 768.1183 768.1372 768.119 767.9904 767.8706 767.7697 767.6902 767.6255 767.5681 767.523 767.48 767.446 767.3827 767.2971 767.1973 767.087 766.967 766.8372 766.6981 766.5524 766.4049 766.2629 766.1349 766.0288 765.9503 765.9167 765.8772 765.838 765.8011 765.7676 765.7384 765.7159 765.7017 765.6956 765.6954 765.6967 765.6964 765.6906 765.6798 765.6666 765.6508 765.6338 765.6165 765.5952 765.5644 765.5237 765.4761 765.4243 765.3645 765.29
-9999 -9999 -9999 -9999 -9999 -9999 -9999 -9999 -9999 -9999 -9999 -9999 -9999 -9999 -9999 773.0012 772.5588 771.7996 770.6246 769.4244 768.6926 768.3838 768.3381 768.3642 768.2432 768.0693 767.9144 767.7958 767.7069 767.6348 767.5737 767.5247 767.4799 767.4269 767.3552 767.2658 767.164 767.0532 766.9336 766.8038 766.664 766.5165 766.3672 766.2245 766.0999 766.0061 765.95 765.9048 765.8607 765.8185 765.7802 765.7473 765.7222 765.7072 765.7036 765.7107 765.7247 765.7404 765.7515 765.7552 765.7491 765.7385 765.7261 765.712 765.6968 765.6768 765.6444 765.5999 765.545 765.4822 765.4088 765.3196
-9999 -9999 -9999 -9999 -9999 -9999 -9999 -9999 -9999 -9999 -9999 -9999 -9999 -9999 -9999 772.9996 772.6824 772.0432 771.0603 769.9226 769.0282 768.713 768.6559 768.5886 768.3673 768.1454 767.9654 767.8315 767.7344 767.6563 767.5889 767.532 767.48 767.4164 767.3378 767.2446 767.1409 767.0294 766.9102 766.7811 766.6412 766.4927 766.3414 766.1964 766.0706 765.9822 765.9499 765.9001 765.8506 765.8046 765.7642 765.7317 765.7098 765.7015 765.708 765.7277 765.7559 765.7855 765.8094 765.8213 765.819 765.8101 765.8 765.7898 765.7785 765.761 765.7246 765.6763 765.6143 765.5403 765.4512 765.3451
-9999 -9999 -9999 -9999 -9999 -9999 -9999 -9999 -9999 -9999 -9999 -9999 -9999 -9999 -9999 772.9943 772.8391 772.3953 771.6089 770.4664 769.3944 769.1211 768.9998 768.7294 768.4424 768.1995 768.0114 767.8704 767.7657 767.6808 767.6057 767.5397 767.48 767.4122 767.3308 767.2352 767.1299 767.0176 766.8986 766.7704 766.6316 766.4835 766.3315 766.1838 766.0515 765.9504 765.9307 765.8916 765.8434 765.7957 765.7539 765.7217 765.7025 765.6998 765.715 765.7461 765.7872 765.8304 765.867 765.8881 765.887 765.8802 765.8734 765.8676 765.8625 765.8511 765.8054 765.7549 765.6863 765.6038 765.4989 765.3738
-9999 -9999 -9999 -9999 -9999 -9999 -9999 -9999 -9999 -9999 -9999 -9999 -9999 -9999 -9999 -9999 772.9966 772.7148 772.0288 771.0066 769.8525 769.5037 769.103 768.751 768.4603 768.2286 768.048 767.9085 767.7985 767.7061 767.6225 767.5465 767.4799 767.4164 767.3364 767.2397 767.1327 767.0195 766.9004 766.7733 766.6365 766.4907 766.3412 766.1971 766.0717 765.983 765.9499 765.8973 765.8436 765.7933 765.7501 765.7177 765.7004 765.7021 765.7243 765.7645 765.816 765.8702 765.9185 765.9499 765.9501 765.95 765.9501 765.9501 765.9503 765.949 765.8828 765.8408 765.7644 765.6807 765.5612 765.415
-9999 -9999 -9999 -9999 -9999 -9999 -9999 -9999 -9999 -9999 -9999 -9999 -9999 -9999 -9999 -9999 773.097 772.953 772.3091 771.3378 770.1029 769.4271 768.9973 768.6901 768.448 768.2474 768.0811 767.9449 767.8329 767.7352 767.6437 767.5577 767.4803 767.4345 767.357 767.2593 767.1508 767.0364 766.9171 766.7911 766.6567 766.5142 766.368 766.2271 766.1028 766.0082 765.95 765.8998 765.8477 765.7969 765.7528 765.72 765.7035 765.708 765.7351 765.7816 765.8395 765.8984 765.9499 765.9843 766.0062 766.0261 766.0436 766.0547 766.053 766.0262 765.9534 765.9473 765.853 765.7852 765.6503 765.4802
-9999 -9999 -9999 -9999 -9999 -9999 -9999 -9999 -9999 -9999 -9999 -9999 -9999 -9999 -9999 -9999 773.1278 772.9423 772.3534 771.5474 770.3988 769.3839 768.9305 768.6648 768.4592 768.2785 768.1188 767.9829 767.8685 767.7693 767.6775 767.5931 767.524 767.4794 767.392 767.2927 767.1843 767.0698 766.9507 766.8256 766.6932 766.5535 766.4102 766.27 766.1417 766.0334 765.9504 765.9116 765.86 765.8074 765.762 765.7281 765.7114 765.717 765.7467 765.7969 765.8584 765.9155 765.9503 766.0085 766.0615 766.1116 766.1569 766.1904 766.2038 766.1869 766.1343 766.077 765.9627 765.9419 765.7789 765.5797
-9999 -9999 -9999 -9999 -9999 -9999 -9999 -9999 -9999 -9999 -9999 -9999 -9999 -9999 -9999 -9999 772.946 772.5696 771.9999 771.3124 770.4778 769.5289 768.997 768.7297 768.5211 768.3317 768.1641 768.0231 767.9064 767.8071 767.7172 767.6326 767.5541 767.4805 767.4188 767.3352 767.2338 767.1215 767.0029 766.8783 766.7473 766.6096 766.4684 766.3286 766.1977 766.084 765.9977 765.9496 765.8826 765.8247 765.7771 765.7416 765.7233 765.7279 765.7581 765.8105 765.8783 765.9498 765.9918 766.0558 766.1315 766.2132 766.2934 766.3611 766.4061 766.42 766.3972 766.3422 766.2457 766.1497 765.9546 765.7274
-9999 -9999 -9999 -9999 -9999 -9999 -9999 -9999 -9999 -9999 -9999 -9999 -9999 -9999 -9999 -9999 -9999 772.0341 771.443 770.7896 770.0869 769.4354 769.0051 768.83 768.6074 768.3898 768.2075 768.0624 767.947 767.8511 767.7656 767.6854 767.6097 767.5402 767.4798 767.4005 767.3033 767.1932 767.0751 766.9506 766.8199 766.6836 766.5434 766.4034 766.2692 766.1462 766.0391 765.9506 765.8974 765.8461 765.7989 765.761 765.7392 765.7405 765.7679 765.8176 765.8812 765.95 766.0188 766.1066 766.2122 766.3297 766.4504 766.5604 766.6464 766.6997 766.7135 766.6829 766.6023 766.4707 766.2485 765.9655
-9999 -9999 -9999 -9999 -9999 -9999 -9999 -9999 -9999 -9999 -9999 -9999 -9999 -9999 -9999 -9999 -9999 771.6967 771.0273 770.2875 769.8088 769.3676 769.0287 768.9767 768.6879 768.4293 768.235 768.094 767.9878 767.9011 767.8232 767.7495 767.6793 767.6137 767.5518 767.4798 767.3887 767.2824 767.1659 767.0417 766.9114 766.7756 766.6362 766.4961 766.3597 766.2316 766.116 766.019 765.95 765.8882 765.8336 765.789 765.7607 765.7562 765.7795 765.8257 765.8843 765.9499 766.0413 766.1598 766.3008 766.4579 766.621 766.7743 766.9012 766.9918 767.04 767.0399 766.9878 766.8701 766.6601 766.3546
-9999 -9999 -9999 -9999 -9999 -9999 -9999 -9999 -9999 -9999 -9999 -9999 -9999 -9999 -9999 -9999 -9999 -9999 771.1898 770.5118 770.0041 769.6033 769.297 769.0041 768.6978 768.4381 768.2484 768.1189 768.0281 767.9556 767.8887 767.822 767.7556 767.691 767.6277 767.5597 767.4797 767.3817 767.2701 767.1489 767.02 766.8851 766.7462 766.6062 766.469 766.3384 766.218 766.1129 766.0263 765.95 765.8834 765.8281 765.7897 765.777 765.7964 765.8429 765.9003 765.9509 766.0697 766.2206 766.3974 766.593 766.7953 766.9853 767.1426 767.2546 767.3201 767.339 767.3234 767.2596 767.1242 766.8662
-9999 -9999 -9999 -9999 -9999 -9999 -9999 -9999 -9999 -9999 -9999 -9999 -9999 -9999 -9999 -9999 -9999 -9999 -9999 771.1022 770.5238 770.0915 769.775 769.2105 768.7998 768.4938 768.2852 768.1546 768.0726 768.0127 767.9572 767.8977 767.8337 767.7679 767.7023 767.6352 767.5627 767.4797 767.3791 767.2653 767.141 767.0088 766.8712 766.7317 766.5943 766.4621 766.3378 766.2244 766.1234 766.032 765.9501 765.8807 765.8282 765.8031 765.8183 765.8718 765.9493 766.0096 766.1309 766.299 766.5031 766.7306 766.9636 767.1762 767.3413 767.4436 767.4875 767.48 767.4799 767.4799 767.472 767.311
-9999 -9999 -9999 -9999 -9999 -9999 -9999 -9999 -9999 -9999 -9999 -9999 -9999 -9999 -9999 -9999 -9999 -9999 -9999 771.8137 771.1951 770.7612 770.3524 769.7717 769.1042 768.6569 768.3766 768.2183 768.1299 768.0738 768.0256 767.9721 767.9093 767.8405 767.7703 767.7014 767.6329 767.5609 767.4797 767.3801 767.2659 767.1403 767.0065 766.8689 766.7321 766.599 766.4713 766.351 766.2385 766.1332 766.0358 765.95 765.8796 765.835 765.8403 765.8893 765.9509 766.0566 766.2017 766.3885 766.614 766.8652 767.1177 767.3358 767.4789 767.5211 767.4759 767.3428 767.2767 767.3103 767.4118 767.4799
-9999 -9999 -9999 -9999 -9999 -9999 -9999 -9999 -9999 -9999 -9999 -9999 -9999 -9999 -9999 -9999 -9999 -9999 -9999 772.3732 771.9037 771.4843 771.0287 770.3656 769.5751 768.9324 768.538 768.3258 768.2109 768.1452 768.097 768.0447 767.9802 767.9059 767.8286 767.7548 767.6864 767.6216 767.5553 767.4797 767.3835 767.2705 767.1448 767.012 766.8776 766.745 766.6155 766.4902 766.3694 766.2526 766.1406 766.0375 765.9496 765.8802 765.8819 765.9495 766.0242 766.139 766.2938 766.4904 766.7278 766.9926 767.2535 767.4639 767.561 767.4825 767.2301 766.9335 766.786 766.8489 767.0562 767.2915
-9999 -9999 -9999 -9999 -9999 -9999 -9999 -9999 -9999 -9999 -9999 -9999 -9999 -9999 -9999 -9999 -9999 -9999 -9999 -9999 772.3923 772.1055 771.7523 771.0641 770.1973 769.3367 768.8113 768.5229 768.3484 768.2499 768.1879 768.1262 768.0513 767.9653 767.8766 767.7937 767.7214 767.6595 767.6039 767.5474 767.4797 767.3881 767.2772 767.1536 767.0247 766.8951 766.7662 766.6392 766.514 766.3898 766.2666 766.1476 766.0386 765.9514 765.9515 766.0331 766.1283 766.2494 766.4056 766.6018 766.8399 767.1062 767.3663 767.5662 767.6298 767.4554 766.9087 766.3592 766.1176 766.2516 766.5879 766.9799
-9999 -9999 -9999 -9999 -9999 -9999 -9999 -9999 -9999 -9999 -9999 -9999 -9999 -9999 -9999 -9999 -9999 -9999 -9999 -9999 772.7663 772.5709 772.2826 771.7675 770.9643 770.0533 769.2971 768.8773 768.577 768.4116 768.3192 768.2316 768.1309 768.0217 767.9145 767.8182 767.7383 767.6756 767.6265 767.584 767.539 767.4797 767.3926 767.2852 767.1666 767.0435 766.9186 766.7933 766.6686 766.5433 766.418 766.2972 766.1923 766.1229 766.1234 766.186 766.2729 766.3851 766.5315 766.7167 766.9427 767.1966 767.4415 767.619 767.6448 767.3806 766.5605 765.7432 765.4359 765.7323 766.2244 766.753
-9999 -9999 -9999 -9999 -9999 -9999 -9999 -9999 -9999 -9999 -9999 -9999 -9999 -9999 -9999 -9999 -9999 -9999 -9999 -9999 -9999 772.9702 772.6931 772.2695 771.6667 770.8492 770.057 769.4288 768.9116 768.6576 768.5236 768.3822 768.2297 768.0803 767.9451 767.8308 767.7406 767.6741 767.6274 767.5944 767.5661 767.532 767.4797 767.3972 767.2952 767.1833 767.0661 766.9465 766.8267 766.7067 766.5872 766.4739 766.3803 766.3256 766.326 766.3723 766.4414 766.5343 766.6616 766.827 767.0297 767.257 767.4703 767.6084 767.5857 767.2686 766.332 765.3489 765.0571 765.5927 766.1884 766.76
-9999 -9999 -9999 -9999 -9999 -9999 -9999 -9999 -9999 -9999 -9999 -9999 -9999 -9999 -9999 -9999 -9999 -9999 -9999 -9999 -9999 773.3562 773.0424 772.6321 772.0882 771.4652 770.786 770.04 769.3394 769.0389 768.8561 768.6046 768.3594 768.1473 767.9734 767.8365 767.7345 767.6624 767.6153 767.5871 767.5697 767.5532 767.5269 767.4797 767.4022 767.3073 767.202 767.0914 766.9799 766.8695 766.761 766.6591 766.5764 766.5294 766.5275 766.5612 766.6126 766.6834 766.7866 766.9266 767.0991 767.291 767.465 767.5574 767.4828 767.1555 766.4943 765.8882 765.8002 766.1443 766.6299 767.04
-9999 -9999 -9999 -9999 -9999 -9999 -9999 -9999 -9999 -9999 -9999 -9999 -9999 -9999 -9999 -9999 -9999 -9999 -9999 -9999 -9999 -9999 773.4756 773.0478 772.5699 772.0732 771.4897 770.8531 770.1524 769.7267 769.3875 768.9133 768.5288 768.2328 768.0096 767.8463 767.7307 767.6522 767.6022 767.5742 767.5614 767.5551 767.5457 767.5234 767.4798 767.4081 767.3195 767.2213 767.1204 767.0215 766.9263 766.8374 766.7643 766.72 766.7128 766.7357 766.7729 766.8229 766.9008 767.0132 767.1541 767.3103 767.4524 767.5288 767.4778 767.2225 766.8478 766.6051 766.7357 767.1466 767.515 767.7195
-9999 -9999 -9999 -9999 -9999 -9999 -9999 -9999 -9999 -9999 -9999 -9999 -9999 -9999 -9999 -9999 -9999 -9999 -9999 -9999 -9999 -9999 -9999 773.5376 773.1046 772.777 772.2404 771.7247 771.0644 770.5148 769.9745 769.2789 768.7537 768.3585 768.0737 767.8788 767.7482 767.6611 767.605 767.5718 767.556 767.551 767.5493 767.5419 767.5209 767.4799 767.4132 767.331 767.2423 767.1551 767.0733 766.9979 766.9337 766.8903 766.8759 766.8883 766.9146 766.9484 767.0027 767.0875 767.1979 767.3208 767.4344 767.5016 767.4798 767.3405 767.191 767.2184 767.5787 768.2052 768.4274 768.7797
-9999 -9999 -9999 -9999 -9999 -9999 -9999 -9999 -9999 -9999 -9999 -9999 -9999 -9999 -9999 -9999 -9999 -9999 -9999 -9999 -9999 -9999 -9999 -9999 773.6547 773.4244 773.0356 772.5108 771.9132 771.3297 770.7377 769.9378 769.1308 768.5701 768.196 767.9623 767.8146 767.7149 767.6458 767.599 767.5705 767.5566 767.5518 767.549 767.5403 767.519 767.4799 767.4176 767.343 767.2671 767.1971 767.1345 767.0796 767.037 767.0154 767.0171 767.0343 767.0575 767.0929 767.1522 767.2338 767.3267 767.4149 767.4749 767.48 767.4265 767.4056 767.5551 768 768.7291 769.2703 770.1531
-9999 -9999 -9999 -9999 -9999 -9999 -9999 -9999 -9999 -9999 -9999 -9999 -9999 -9999 -9999 -9999 -9999 -9999 -9999 -9999 -9999 -9999 -9999 -9999 -9999 -9999 773.8304 773.2078 772.5674 771.9821 771.3766 770.5959 769.6207 768.8739 768.4016 768.1338 767.9688 767.8474 767.7527 767.6782 767.6232 767.5873 767.5677 767.5588 767.5527 767.5411 767.5183 767.4799 767.4219 767.3575 767.2979 767.2459 767.2 767.1595 767.1317 767.123 767.132 767.1487 767.1714 767.2092 767.2643 767.3295 767.3955 767.45 767.48 767.4696 767.5054 767.6851 768.1234 769.0162 770.1664 771.437
-9999 -9999 -9999 -9999 -9999 -9999 -9999 -9999 -9999 -9999 -9999 -9999 -9999 -9999 -9999 -9999 -9999 -9999 -9999 -9999 -9999 -9999 -9999 -9999 -9999 -9999 -9999 -9999 773.0314 772.4465 771.8876 771.1104 770.1429 769.2709 768.7296 768.4518 768.2677 768.1039 767.9612 767.8363 767.7338 767.6588 767.6109 767.5845 767.571 767.5599 767.5437 767.5181 767.4799 767.4283 767.3776 767.3345 767.2969 767.2594 767.2269 767.2092 767.2099 767.222 767.2373 767.2588 767.2908 767.33 767.3727 767.4141 767.4484 767.48 767.5663 767.7919 768.2835 769.3496 770.7578 772.1248
-9999 -9999 -9999 -9999 -9999 -9999 -9999 -9999 -9999 -9999 -9999 -9999 -9999 -9999 -9999 -9999 -9999 -9999 -9999 -9999 -9999 -9999 -9999 -9999 -9999 -9999 -9999 -9999 773.2374 772.7418 772.2838 771.6887 770.8348 769.9676 769.29 769.0121 768.7894 768.5388 768.3127 768.1025 767.9224 767.7856 767.6935 767.638 767.6077 767.5883 767.5693 767.5463 767.5166 767.4799 767.4382 767.403 767.3742 767.3402 767.3043 767.2789 767.272 767.2793 767.29 767.3003 767.3132 767.3301 767.3516 767.3809 767.4197 767.4801 767.6132 767.889 768.4117 769.2493 770.4309 771.6699
-9999 -9999 -9999 -9999 -9999 -9999 -9999 -9999 -9999 -9999 -9999 -9999 -9999 -9999 -9999 -9999 -9999 -9999 -9999 -9999 -9999 -9999 -9999 -9999 -9999 -9999 -9999 -9999 -9999 773.0161 772.6082 772.0814 771.4473 770.7708 770.1651 769.8994 769.6121 769.2138 768.8564 768.5075 768.2079 767.9819 767.8271 767.7307 767.674 767.6379 767.6077 767.5771 767.5454 767.5123 767.48 767.4517 767.4351 767.405 767.3674 767.3361 767.3223 767.3245 767.3306 767.3322 767.3302 767.3292 767.3348 767.3562 767.4012 767.48 767.6191 767.8635 768.2672 768.8492 769.5445 770.5002
-9999 -9999 -9999 -9999 -9999 -9999 -9999 -9999 -9999 -9999 -9999 -9999 -9999 -9999 -9999 -9999 -9999 -9999 -9999 -9999 -9999 -9999 -9999 -9999 -9999 -9999 -9999 -9999 -9999 773.2958 772.9781 772.5573 772.0738 771.5236 771.119 770.9712 770.7683 770.2485 769.6483 769.0742 768.605 768.261 768.0244 767.8738 767.7821 767.7207 767.6697 767.6219 767.5778 767.5383 767.5044 767.48 767.4799 767.4537 767.4176 767.3834 767.3641 767.3608 767.3615 767.3544 767.3395 767.3242 767.3188 767.3362 767.3883 767.4798 767.6036 767.7794 768.0186 768.3131 768.6622 769.303
-9999 -9999 -9999 -9999 -9999 -9999 -9999 -9999 -9999 -9999 -9999 -9999 -9999 -9999 -9999 -9999 -9999 -9999 -9999 -9999 -9999 -9999 -9999 -9999 -9999 -9999 -9999 -9999 -9999 -9999 773.3265 773.0399 772.7601 772.2673 772.0663 772.0517 771.9809 771.4543 770.6389 769.7848 769.1261 768.6414 768.301 768.0808 767.9448 767.8484 767.7656 767.6896 767.623 767.5688 767.5282 767.5031 767.4955 767.48 767.4539 767.4221 767.3995 767.3907 767.385 767.3685 767.3407 767.3121 767.2979 767.3136 767.3733 767.4797 767.6088 767.7517 767.8978 768.0301 768.1505 768.5277
