backend/lakes/data/Red Deer Lake/redd_dem_tm.asc
ncols         245
nrows         285
xllcorner     625400
yllcorner     5832800
cellsize      50
NODATA_value  -9999
[rows 64 to 95 of 285, columns 0 to 71 of 245]
-9999 -9999 -9999 -9999 -9999 -9999 -9999 -9999 -9999 -9999 -9999 -9999 -9999 -9999 -9999 -9999 -9999 -9999 -9999 -9999 -9999 -9999 -9999 -9999 -9999 -9999 -9999 -9999 -9999 -9999 -9999 -9999 -9999 -9999 771.0822 770.991 770.7339 770.4739 770.1523 769.8818 769.4053 768.9484 768.7149 768.436 768.3698 768.4414 768.4851 768.455 768.3516 768.1908 767.9891 767.7536 767.4809 767.1633 766.8219 766.4979 766.2336 766.0632 765.9492 765.8708 765.847 765.838 765.8356 765.8384 765.8623 765.9496 766.0452 766.1439 766.2797 766.4597 766.675 766.9189
-9999 -9999 -9999 -9999 -9999 -9999 -9999 -9999 -9999 -9999 -9999 -9999 -9999 -9999 -9999 -9999 -9999 -9999 -9999 -9999 -9999 -9999 -9999 -9999 -9999 -9999 -9999 -9999 -9999 -9999 -9999 -9999 -9999 -9999 770.9993 770.818 770.455 770.0298 769.6044 769.3505 769.0199 768.7275 768.5071 768.3146 768.2372 768.2432 768.2546 768.2266 768.1512 768.0339 767.8838 767.7043 767.48 767.1478 766.7694 766.4025 766.108 765.948 765.8386 765.769 765.7389 765.7266 765.73 765.7512 765.7903 765.8642 765.9495 766.0328 766.1657 766.345 766.5664 766.8179
-9999 -9999 -9999 -9999 -9999 -9999 -9999 -9999 -9999 -9999 -9999 -9999 -9999 -9999 -9999 -9999 -9999 -9999 -9999 -9999 -9999 -9999 -9999 -9999 -9999 -9999 -9999 -9999 -9999 -9999 -9999 -9999 -9999 771.0138 770.975 770.7217 770.2346 769.7035 769.1579 768.9852 768.7469 768.5166 768.3268 768.185 768.1191 768.0952 768.0787 768.0371 767.9678 767.8738 767.7594 767.6228 767.4622 767.1104 766.7045 766.3041 765.9652 765.8177 765.7252 765.6683 765.639 765.6287 765.6373 765.6732 765.7317 765.8014 765.8779 765.951 766.0811 766.2684 766.5044 766.7792
-9999 -9999 -9999 -9999 -9999 -9999 -9999 -9999 -9999 -9999 -9999 -9999 -9999 -9999 -9999 -9999 -9999 -9999 -9999 -9999 -9999 -9999 -9999 -9999 -9999 -9999 -9999 -9999 -9999 -9999 -9999 -9999 -9999 771.025 770.9986 770.6768 769.9586 769.2018 768.9966 768.8029 768.5707 768.3519 768.1762 768.0558 767.9966 767.9749 767.9485 767.8883 767.8121 767.7236 767.6267 767.4869 767.3268 767.0168 766.6367 766.2601 765.9498 765.7672 765.6556 765.5892 765.5574 765.5474 765.5598 765.6025 765.6768 765.7658 765.856 765.9497 766.0406 766.207 766.4518 766.7494
-9999 -9999 -9999 -9999 -9999 -9999 -9999 -9999 -9999 -9999 -9999 -9999 -9999 -9999 -9999 -9999 -9999 -9999 -9999 -9999 -9999 -9999 -9999 -9999 -9999 -9999 -9999 -9999 -9999 -9999 -9999 -9999 770.9745 771.0002 771.0173 770.6736 769.7039 768.802 768.9341 768.6893 768.4326 768.2155 768.0483 767.9368 767.8801 767.8617 767.8479 767.7733 767.6942 767.6104 767.5542 767.4734 767.2454 766.9275 766.5698 766.2291 765.9507 765.7549 765.6198 765.5339 765.4905 765.4792 765.4932 765.5387 765.619 765.725 765.8384 765.9489 766.0073 766.1467 766.3796 766.6804
-9999 -9999 -9999 -9999 -9999 -9999 -9999 -9999 -9999 -9999 -9999 -9999 -9999 -9999 -9999 -9999 -9999 -9999 -9999 -9999 -9999 -9999 -9999 -9999 -9999 -9999 -9999 -9999 -9999 -9999 -9999 770.923 770.9482 770.9985 770.9454 770.3789 769.329 768.576 768.5497 768.4294 768.2521 768.0789 767.9363 767.8345 767.7758 767.7491 767.7286 767.6792 767.6201 767.5541 767.4812 767.3743 767.1417 766.8278 766.4897 766.1857 765.9514 765.7522 765.5981 765.4918 765.4328 765.4151 765.4294 765.4749 765.5549 765.6628 765.7806 765.8834 765.9513 766.0828 766.2897 766.5522
-9999 -9999 -9999 -9999 -9999 -9999 -9999 -9999 -9999 -9999 -9999 -9999 -9999 -9999 -9999 -9999 -9999 -9999 -9999 -9999 -9999 -9999 -9999 -9999 -9999 -9999 -9999 -9999 -9999 -9999 770.9681 770.8656 770.7723 770.761 770.7878 770.0987 769.155 768.5488 768.3594 768.2382 768.1052 767.9695 767.8502 767.7583 767.6978 767.6638 767.6411 767.611 767.5737 767.5302 767.4776 767.3055 767.0443 766.7228 766.3889 766.1071 765.9409 765.7339 765.569 765.4505 765.3777 765.3502 765.3617 765.4056 765.4818 765.5875 765.71 765.8336 765.9481 766.0381 766.1978 766.3961
-9999 -9999 -9999 -9999 -9999 -9999 -9999 -9999 -9999 -9999 -9999 -9999 -9999 -9999 -9999 -9999 -9999 -9999 -9999 -9999 -9999 -9999 -9999 -9999 -9999 -9999 -9999 -9999 -9999 -9999 770.9977 770.7123 770.3988 770.178 770.2153 769.7545 769.0241 768.5216 768.2767 768.1343 768.0151 767.9019 767.7987 767.7136 767.6516 767.6121 767.5878 767.5659 767.535 767.4805 767.4058 767.2224 766.9507 766.6224 766.2766 765.9651 765.8152 765.6576 765.5151 765.4025 765.3232 765.2846 765.2875 765.327 765.3975 765.496 765.615 765.7407 765.8563 765.9504 766.0788 766.2016
-9999 -9999 -9999 -9999 -9999 -9999 -9999 -9999 -9999 -9999 -9999 -9999 -9999 -9999 -9999 -9999 -9999 -9999 -9999 -9999 -9999 -9999 -9999 -9999 -9999 -9999 -9999 -9999 -9999 771.0697 770.9466 770.4634 769.9862 769.7 769.6855 769.2064 768.7748 768.4338 768.218 768.0778 767.9667 767.8665 767.7745 767.6938 767.6305 767.5869 767.5598 767.541 767.5193 767.4792 767.3577 767.1552 766.8801 766.5603 766.2339 765.9492 765.7581 765.5994 765.4645 765.3551 765.2729 765.2223 765.2114 765.2393 765.3009 765.389 765.4988 765.6206 765.7383 765.842 765.9432 765.9685
-9999 -9999 -9999 -9999 -9999 -9999 -9999 -9999 -9999 -9999 -9999 -9999 -9999 -9999 -9999 -9999 -9999 -9999 -9999 -9999 -9999 -9999 -9999 -9999 -9999 -9999 -9999 -9999 771.0354 770.9839 770.6406 770.0563 769.4673 769.1094 769.0435 768.8282 768.5767 768.35 768.176 768.0447 767.9384 767.8455 767.7608 767.6841 767.6203 767.5726 767.5397 767.5133 767.48 767.4242 767.2964 767.0927 766.826 766.5229 766.2188 765.9497 765.7389 765.5684 765.4286 765.3162 765.2279 765.1664 765.1383 765.1488 765.1949 765.2703 765.3666 765.4788 765.5914 765.686 765.7589 765.801
-9999 -9999 -9999 -9999 -9999 -9999 -9999 -9999 -9999 -9999 -9999 -9999 -9999 -9999 -9999 -9999 -9999 -9999 -9999 -9999 -9999 -9999 -9999 -9999 -9999 -9999 -9999 771.0579 771.002 770.7448 770.2784 769.7001 769.1179 768.994 768.8529 768.6708 768.4762 768.2973 768.1489 768.0242 767.917 767.8247 767.743 767.6693 767.606 767.5557 767.5161 767.48 767.435 767.3616 767.2297 767.0322 766.779 766.4947 766.2092 765.9501 765.7336 765.5551 765.4073 765.2864 765.1897 765.1158 765.071 765.0605 765.0868 765.1442 765.2257 765.3248 765.431 765.5229 765.5898 765.6555
-9999 -9999 -9999 -9999 -9999 -9999 -9999 -9999 -9999 -9999 -9999 -9999 -9999 -9999 -9999 -9999 -9999 -9999 -9999 -9999 -9999 -9999 -9999 -9999 -9999 -9999 -9999 771.0876 770.9805 770.4753 769.8587 769.2098 769.0128 768.9959 768.8154 768.6173 768.4315 768.2666 768.1247 768.001 767.891 767.7955 767.7127 767.64 767.5781 767.526 767.48 767.4332 767.3768 767.2921 767.1584 766.9692 766.7319 766.4669 766.1991 765.9502 765.7349 765.551 765.3961 765.2656 765.1571 765.0704 765.0088 764.9774 764.9806 765.0186 765.0822 765.1677 765.2677 765.3626 765.4377 765.5088
-9999 -9999 -9999 -9999 -9999 -9999 -9999 -9999 -9999 -9999 -9999 -9999 -9999 -9999 -9999 -9999 -9999 -9999 -9999 -9999 -9999 -9999 -9999 -9999 -9999 -9999 771.0027 771.0709 770.882 770.1648 769.4674 769.0248 768.9979 768.9153 768.748 768.5623 768.3873 768.2313 768.0931 767.9674 767.8527 767.7524 767.6669 767.594 767.5344 767.4799 767.4244 767.3682 767.3029 767.2121 767.08 766.9009 766.6808 766.4359 766.1865 765.9502 765.7394 765.5536 765.3914 765.2513 765.1305 765.0295 764.9513 764.8998 764.8798 764.8954 764.9427 765.0126 765.1045 765.2045 765.2917 765.3687
-9999 -9999 -9999 -9999 -9999 -9999 -9999 -9999 -9999 -9999 -9999 -9999 -9999 -9999 -9999 -9999 -9999 -9999 -9999 -9999 -9999 -9999 -9999 -9999 -9999 -9999 771.0859 770.9982 770.6421 769.9471 769.1798 768.9968 768.9072 768.792 768.6384 768.4745 768.3187 768.1763 768.0455 767.9216 767.8042 767.6993 767.6101 767.5355 767.4799 767.4203 767.3567 767.2903 767.2162 767.1212 766.9929 766.8256 766.6238 766.4004 766.1713 765.9502 765.7473 765.5618 765.3936 765.2427 765.1093 764.9941 764.8994 764.8286 764.7865 764.7791 764.8083 764.8649 764.9441 765.0437 765.1439 765.2313
-9999 -9999 -9999 -9999 -9999 -9999 -9999 -9999 -9999 -9999 -9999 -9999 -9999 -9999 -9999 -9999 -9999 -9999 -9999 -9999 -9999 -9999 -9999 -9999 -9999 -9999 770.9624 770.7922 770.3798 769.7719 769.0638 768.9653 768.7868 768.638 768.4961 768.3557 768.2226 768.0985 767.9807 767.8649 767.751 767.6463 767.5568 767.4805 767.4281 767.3632 767.2888 767.2097 767.1246 767.0249 766.8999 766.7446 766.5616 766.3605 766.1533 765.9502 765.759 765.5762 765.403 765.2413 765.0942 764.9647 764.8546 764.7654 764.7021 764.672 764.6819 764.7253 764.7916 764.8816 764.9875 765.0896
-9999 -9999 -9999 -9999 -9999 -9999 -9999 -9999 -9999 -9999 -9999 -9999 -9999 -9999 -9999 -9999 -9999 -9999 -9999 -9999 -9999 -9999 -9999 -9999 -9999 -9999 770.505 770.3839 769.9774 769.3667 768.7457 768.624 768.5297 768.4331 768.3301 768.2211 768.1115 768.0054 767.9025 767.7999 767.6965 767.6005 767.5253 767.4796 767.4039 767.3197 767.2289 767.1344 767.0361 766.9293 766.8059 766.6611 766.4962 766.3174 766.1332 765.9501 765.7727 765.5958 765.4196 765.2479 765.0866 764.9424 764.8174 764.7123 764.6292 764.5766 764.5662 764.5963 764.6508 764.7263 764.826 764.938
-9999 -9999 -9999 -9999 -9999 -9999 -9999 -9999 -9999 -9999 -9999 -9999 -9999 -9999 -9999 -9999 -9999 -9999 -9999 -9999 -9999 -9999 -9999 -9999 -9999 769.9879 770.0291 769.9485 769.5753 769.0464 768.5305 768.389 768.3256 768.2618 768.1855 768.098 768.0053 767.9127 767.8215 767.7311 767.6404 767.5538 767.4803 767.438 767.3671 767.2761 767.1734 767.0653 766.9545 766.8392 766.7151 766.5785 766.4295 766.2722 766.1117 765.9501 765.7876 765.6176 765.441 765.2617 765.0874 764.928 764.7894 764.6699 764.5706 764.4973 764.4643 764.4792 764.5247 764.5852 764.6698 764.781
-9999 -9999 -9999 -9999 -9999 -9999 -9999 -9999 -9999 -9999 -9999 -9999 -9999 -9999 -9999 -9999 -9999 -9999 -9999 -9999 -9999 -9999 -9999 -9999 -9999 769.635 769.618 769.5123 769.2614 768.9446 768.506 768.3381 768.2572 768.1826 768.1001 768.0123 767.9229 767.8354 767.751 767.6693 767.5914 767.5232 767.4797 767.413 767.3304 767.2311 767.1188 766.9998 766.8785 766.7556 766.6295 766.4981 766.3622 766.2246 766.088 765.9501 765.8018 765.6382 765.4626 765.2792 765.095 764.9224 764.77 764.6393 764.5273 764.4374 764.3822 764.3777 764.4138 764.4646 764.5305 764.6301
-9999 -9999 -9999 -9999 -9999 -9999 -9999 -9999 -9999 -9999 -9999 -9999 -9999 -9999 -9999 -9999 -9999 -9999 -9999 -9999 -9999 -9999 -9999 -9999 769.3357 769.3317 769.2843 769.1729 769.0085 768.8428 768.5571 768.4314 768.3113 768.1946 768.0809 767.9719 767.8712 767.7805 767.6981 767.6215 767.5488 767.4802 767.4395 767.3737 767.2864 767.1809 767.0614 766.9343 766.8051 766.6763 766.5483 766.4204 766.2941 766.1724 766.0592 765.9502 765.8135 765.6545 765.4806 765.2965 765.1072 764.9247 764.7609 764.6194 764.4989 764.3979 764.3245 764.2979 764.3208 764.3654 764.4177 764.499
-9999 -9999 -9999 -9999 -9999 -9999 -9999 -9999 -9999 -9999 -9999 -9999 -9999 -9999 -9999 -9999 -9999 -9999 -9999 -9999 -9999 -9999 -9999 769.1156 769.1302 769.124 769.0798 769.0018 768.9788 768.9777 768.9523 768.6835 768.4479 768.2567 768.0998 767.9651 767.8473 767.7463 767.6624 767.5919 767.5323 767.48 767.4178 767.3372 767.2396 767.1266 767.0008 766.8674 766.7324 766.5997 766.4708 766.3456 766.2253 766.1133 766.0179 765.9488 765.8168 765.6619 765.4918 765.3107 765.1217 764.9344 764.7618 764.6116 764.4835 764.3774 764.2934 764.2461 764.2507 764.2888 764.3344 764.399
-9999 -9999 -9999 -9999 -9999 -9999 -9999 -9999 -9999 -9999 -9999 -9999 -9999 -9999 -9999 -9999 -9999 -9999 -9999 -9999 -9999 768.9192 768.9991 769.0207 769.0295 769.0277 769.0137 769 768.9996 769 768.958 768.7498 768.5122 768.2982 768.1163 767.9642 767.8352 767.7256 767.6361 767.5669 767.5159 767.4796 767.3976 767.2999 767.1904 767.0695 766.938 766.7998 766.6605 766.5256 766.3972 766.2758 766.1608 766.0516 765.9509 765.896 765.7935 765.6555 765.4956 765.3215 765.1373 764.9504 764.7734 764.6157 764.4819 764.3717 764.2853 764.2255 764.2097 764.2365 764.2797 764.3348
-9999 -9999 -9999 -9999 -9999 -9999 -9999 -9999 -9999 -9999 -9999 -9999 -9999 -9999 -9999 -9999 -9999 -9999 -9999 -9999 769.0077 768.9321 768.9998 768.9998 768.9998 769 769 769.006 769 768.9645 768.884 768.7121 768.5024 768.2964 768.1124 767.9539 767.8196 767.7063 767.6125 767.5386 767.4802 767.4369 767.3563 767.2533 767.1368 767.0101 766.8741 766.7326 766.5908 766.4548 766.3289 766.2145 766.1119 766.0232 765.95 765.8772 765.7768 765.6472 765.4961 765.3305 765.1539 764.9723 764.7953 764.6336 764.4938 764.3807 764.2935 764.2316 764.2014 764.2125 764.2512 764.3041
-9999 -9999 -9999 -9999 -9999 -9999 -9999 -9999 -9999 -9999 -9999 -9999 -9999 -9999 -9999 -9999 -9999 -9999 -9999 769.2908 769.0302 768.9998 769.0062 769 769.0065 769.0107 769.0104 768.9999 768.9569 768.8875 768.7823 768.6273 768.4442 768.2579 768.084 767.9296 767.7961 767.6826 767.5891 767.5194 767.4796 767.4069 767.3127 767.202 767.0798 766.9486 766.8098 766.6664 766.5238 766.3881 766.265 766.1579 766.0674 765.9958 765.9496 765.8655 765.7622 765.6381 765.4948 765.338 765.1714 764.9984 764.827 764.6653 764.5216 764.4041 764.3163 764.256 764.2215 764.2195 764.2491 764.3014
-9999 -9999 -9999 -9999 -9999 -9999 -9999 -9999 -9999 -9999 -9999 -9999 -9999 -9999 -9999 -9999 -9999 -9999 -9999 769.0264 768.9873 769 769.0055 769.0137 769.0226 769.019 768.9999 768.9513 768.8781 768.7842 768.6669 768.522 768.3596 768.1942 768.0362 767.8918 767.7644 767.6544 767.56 767.4803 767.4363 767.3628 767.2635 767.1471 767.0199 766.8851 766.7444 766.6004 766.4581 766.324 766.2048 766.1045 766.022 765.9504 765.9083 765.8351 765.7391 765.6239 765.4907 765.3439 765.1882 765.0269 764.865 764.7092 764.5656 764.4442 764.3535 764.2936 764.2614 764.2535 764.274 764.322
-9999 -9999 -9999 -9999 -9999 -9999 -9999 -9999 -9999 -9999 -9999 -9999 -9999 -9999 -9999 -9999 -9999 -9999 769.1267 768.901 768.9984 768.9827 768.9896 769.0151 769.0244 768.9999 768.9478 768.8715 768.7769 768.6687 768.5465 768.4099 768.2637 768.1163 767.975 767.8444 767.7277 767.6276 767.5458 767.48 767.412 767.3239 767.2153 767.0917 766.9586 766.8199 766.6774 766.5333 766.3921 766.2605 766.1464 766.0565 765.9946 765.9497 765.8845 765.8055 765.7125 765.6057 765.4841 765.349 765.205 765.0562 764.9066 764.7613 764.6238 764.5024 764.408 764.3453 764.3131 764.3064 764.322 764.3643
-9999 -9999 -9999 -9999 -9999 -9999 -9999 -9999 -9999 -9999 -9999 -9999 -9999 -9999 -9999 -9999 -9999 -9999 769.1929 768.8889 768.9084 768.9346 768.9611 768.9999 768.9997 768.9437 768.8661 768.7717 768.6652 768.5502 768.4282 768.2994 768.1663 768.0339 767.9071 767.7899 767.6846 767.5947 767.5252 767.4795 767.3899 767.2849 767.1663 767.0359 766.8973 766.7545 766.6099 766.4656 766.3259 766.1967 766.0861 766.0014 765.95 765.9061 765.8457 765.7709 765.6833 765.5851 765.4756 765.3541 765.2228 765.0866 764.95 764.817 764.6909 764.5752 764.4805 764.4143 764.3781 764.3702 764.3853 764.424
-9999 -9999 -9999 -9999 -9999 -9999 -9999 -9999 -9999 -9999 -9999 -9999 -9999 -9999 -9999 -9999 -9999 770.4103 769.6866 769.1572 769.1051 769.0856 768.9986 768.957 768.9161 768.847 768.7594 768.6587 768.5492 768.4347 768.3167 768.1959 768.0736 767.9531 767.8387 767.733 767.6376 767.5532 767.4804 767.4312 767.3446 767.2355 767.1121 766.9779 766.8361 766.6903 766.5439 766.4001 766.2625 766.1372 766.0314 765.9504 765.9074 765.8624 765.8047 765.735 765.6541 765.5641 765.4658 765.3584 765.2417 765.1189 764.9952 764.8749 764.7611 764.6569 764.5671 764.4999 764.4592 764.4454 764.4578 764.4938
-9999 -9999 -9999 -9999 -9999 -9999 -9999 -9999 -9999 -9999 -9999 -9999 -9999 -9999 -9999 -9999 -9999 770.8727 770.0482 769.7493 769.8512 769.7388 769.1664 768.9648 768.8441 768.7418 768.642 768.539 768.4324 768.3234 768.2129 768.1011 767.9885 767.8779 767.7737 767.6791 767.5952 767.5254 767.4795 767.3989 767.2977 767.181 767.0533 766.9169 766.7739 766.6274 766.4813 766.3393 766.2058 766.0875 765.9969 765.9496 765.8895 765.8326 765.7713 765.7036 765.6283 765.5458 765.457 765.3622 765.2609 765.1534 765.0431 764.9352 764.8331 764.7407 764.6616 764.5983 764.5548 764.5349 764.5397 764.5702
-9999 -9999 -9999 -9999 -9999 -9999 -9999 -9999 -9999 -9999 -9999 -9999 -9999 -9999 -9999 -9999 -9999 771.0372 770.1427 769.9986 770.0789 769.9396 769.408 769.0065 768.7771 768.6309 768.5178 768.4154 768.3152 768.2152 768.1144 768.0123 767.9095 767.8083 767.7134 767.6285 767.5529 767.4804 767.4321 767.3499 767.2432 767.1216 766.9905 766.8529 766.7103 766.5654 766.4222 766.2847 766.1569 766.043 765.9504 765.911 765.862 765.8065 765.7449 765.6783 765.6076 765.5322 765.452 765.3677 765.2799 765.1883 765.0935 764.9985 764.9076 764.8256 764.7568 764.7021 764.6606 764.6356 764.6326 764.6534
-9999 -9999 -9999 -9999 -9999 -9999 -9999 -9999 -9999 -9999 -9999 -9999 -9999 -9999 -9999 -9999 772.0352 771.0114 770.1269 769.9297 769.913 769.5708 769.0952 768.8181 768.6277 768.4901 768.3816 768.2867 768.1968 768.1083 768.0189 767.9275 767.8345 767.7423 767.6566 767.5835 767.5277 767.4795 767.3985 767.2997 767.1847 767.058 766.9243 766.7861 766.645 766.5037 766.366 766.2368 766.1212 766.0239 765.95 765.8979 765.8455 765.7883 765.7266 765.6609 765.5932 765.5239 765.4522 765.3777 765.3009 765.2233 765.1447 765.0646 764.9854 764.9124 764.8514 764.8048 764.769 764.743 764.7325 764.7435
-9999 -9999 -9999 -9999 -9999 -9999 -9999 -9999 -9999 -9999 -9999 -9999 -9999 -9999 -9999 -9999 771.8169 770.943 770.0932 769.7115 769.4128 769.0922 768.8265 768.6215 768.4626 768.3396 768.2412 768.1569 768.0789 768.0029 767.9258 767.8458 767.7628 767.6791 767.5992 767.5301 767.48 767.4255 767.3425 767.239 767.1201 766.9905 766.8549 766.7165 766.5775 766.4407 766.31 766.1909 766.0889 766.0084 765.95 765.8949 765.8381 765.778 765.7155 765.6512 765.5863 765.5218 765.4578 765.3931 765.327 765.2603 765.1956 765.131 765.0653 765.0015 764.9466 764.9052 764.8741 764.8495 764.835 764.8362
-9999 -9999 -9999 -9999 -9999 -9999 -9999 -9999 -9999 -9999 -9999 -9999 -9999 -9999 -9999 -9999 771.4772 770.8276 770.0877 769.6224 769.096 768.9622 768.691 768.474 768.3149 768.1972 768.1066 768.032 767.9656 767.9016 767.8367 767.7688 767.6968 767.6223 767.5491 767.4803 767.4316 767.3676 767.2798 767.1728 767.0516 766.9203 766.7833 766.6449 766.5078 766.3756 766.2523 766.1432 766.0531 765.9868 765.9499 765.8928 765.833 765.7717 765.7095 765.6477 765.587 765.5275 765.4695 765.4141 765.3588 765.3028 765.2479 765.1964 765.1448 765.0919 765.0426 765.0037 764.9747 764.9508 764.9332 764.9271
