backend/lakes/data/Red Deer Lake/redd_dem_tm.asc
ncols         245
nrows         285
xllcorner     625400
yllcorner     5832800
cellsize      50
NODATA_value  -9999
[rows 128 to 159 of 285, columns 72 to 143 of 245]
768.9033 769.3046 769.5352 769.9116 770.3596 -9999 -9999 -9999 -9999 -9999 -9999 -9999 -9999 772.9453 773.0013 773.0004 772.5436 771.2769 769.9163 769.021 768.4245 768.0248 767.7407 767.4934 767.2639 766.8916 766.4819 766.1378 765.9412 765.7736 765.6381 765.5146 765.3961 765.2849 765.1881 765.1129 765.0638 765.048 765.0711 765.1431 765.2721 765.4672 765.7055 765.9473 766.1347 766.2272 766.3187 766.3453 766.3145 766.2844 766.2881 766.3207 766.3972 766.5931 766.9344 767.3247 767.5997 768.0885 768.6465 769.2056 769.7372 770.2746 770.8802 771.5435 771.7375 771.8053 772.3627 772.7722 772.9377 772.9943 773.2039 773.7603
768.9244 768.9942 769.0635 769.4911 770.1778 -9999 -9999 -9999 -9999 -9999 -9999 -9999 -9999 772.8716 772.9742 772.9797 772.5139 771.5165 770.2655 769.3404 768.6657 768.1884 767.861 767.6326 767.4489 767.0685 766.6514 766.2662 765.9664 765.827 765.6868 765.5439 765.3989 765.2534 765.1147 764.9954 764.9085 764.8656 764.8755 764.9432 765.0726 765.2623 765.4928 765.7331 765.9326 765.963 766.075 766.1231 766.0992 766.0631 766.0565 766.0836 766.1474 766.2955 766.5604 766.8753 767.1534 767.5267 768.0255 768.5628 769.1009 769.6932 770.3331 770.7755 770.9218 770.979 771.0294 771.8094 772.3367 772.9149 773.6235 774.0719
768.568 768.7952 768.9105 769.3381 770.3444 -9999 -9999 -9999 -9999 -9999 -9999 -9999 -9999 -9999 772.8439 772.7788 772.4504 771.8387 770.8733 769.7897 768.9648 768.3726 767.9747 767.704 767.4771 767.174 766.8014 766.4265 766.1196 765.9408 765.7572 765.5844 765.4163 765.2485 765.0829 764.9297 764.8057 764.729 764.7137 764.765 764.8828 765.0591 765.2733 765.4966 765.6899 765.807 765.9485 766.0244 766.0125 765.988 765.9733 765.9844 766.0204 766.1077 766.2853 766.525 766.7836 767.0995 767.4986 767.9809 768.4966 769.0404 769.5579 769.9415 770.143 770.2311 770.2651 770.7173 771.3826 772.1875 773.0954 773.8557
768.6848 768.9645 769.0848 769.6745 -9999 -9999 -9999 -9999 -9999 -9999 -9999 -9999 -9999 -9999 772.6643 772.5242 772.2865 772.0029 771.3942 770.2759 769.2546 768.5411 768.0766 767.7609 767.4954 767.282 766.9482 766.5767 766.2356 765.9641 765.813 765.6288 765.4415 765.2591 765.0801 764.9093 764.7596 764.6508 764.6019 764.624 764.7161 764.8691 765.0624 765.2694 765.4662 765.6376 765.812 765.9462 765.9507 765.9716 765.9608 765.9589 765.9736 766.0089 766.1053 766.2696 766.4853 766.7457 767.0695 767.482 767.954 768.4362 768.8218 769.1624 769.4096 769.5562 769.5502 769.7391 770.1635 771.1063 772.1865 773.2255
768.9265 769.1388 769.3376 770.1681 -9999 -9999 -9999 -9999 -9999 -9999 -9999 -9999 -9999 -9999 -9999 772.2777 772.0285 771.9753 771.5047 770.5997 769.4195 768.6614 768.1869 767.8796 767.6454 767.4537 767.1013 766.7332 766.3922 766.1154 765.9355 765.7004 765.4841 765.2855 765.0979 764.9199 764.7588 764.6292 764.5495 764.5349 764.5911 764.7106 764.8766 765.0646 765.257 765.4441 765.6266 765.7798 765.8681 765.9487 765.95 765.95 765.9664 765.9729 766.0038 766.0845 766.2435 766.4406 766.6887 767.0371 767.4543 767.8517 768.1506 768.4665 768.7156 768.8492 768.8777 768.9937 769.3254 770.0474 771.1865 772.4982
768.9905 769.4604 769.9446 -9999 -9999 -9999 -9999 -9999 -9999 -9999 -9999 -9999 -9999 -9999 -9999 772.1888 772.0008 771.8674 771.4642 770.6999 769.5483 768.7719 768.3149 768.0142 767.7446 767.4782 767.1831 766.8677 766.5477 766.2438 765.9684 765.7638 765.5521 765.3411 765.1414 764.9567 764.7908 764.6514 764.5509 764.5039 764.5204 764.5999 764.7306 764.8928 765.0686 765.2491 765.4259 765.5837 765.7081 765.8082 765.8604 765.9028 765.9495 765.95 765.9496 765.9516 766.0594 766.1674 766.3213 766.6119 766.9706 767.3504 767.5659 767.8958 768.1534 768.2805 768.3373 768.4423 768.7171 769.287 770.2089 771.4755
769.1276 769.8527 -9999 -9999 -9999 -9999 -9999 -9999 -9999 -9999 -9999 -9999 -9999 -9999 -9999 772.1685 771.9985 771.7816 771.3645 770.6259 769.4957 768.8433 768.4821 768.1999 767.8649 767.5113 767.279 767.0261 766.747 766.4636 766.1884 765.9488 765.7026 765.4569 765.2292 765.0287 764.8553 764.7098 764.5966 764.5254 764.5073 764.5462 764.6364 764.7655 764.9152 765.076 765.2385 765.3903 765.5225 765.6337 765.7161 765.7842 765.8401 765.8629 765.8719 765.8852 765.947 765.9487 765.9745 766.207 766.4639 766.8002 767.1008 767.4593 767.7381 767.8577 767.9462 768.0522 768.2649 768.6819 769.3477 770.2671
769.4659 770.2737 -9999 -9999 -9999 -9999 -9999 -9999 -9999 -9999 -9999 -9999 -9999 -9999 -9999 772.1838 771.9948 771.7393 771.3098 770.5273 769.446 768.999 768.7507 768.4727 768.0809 767.7249 767.477 767.2424 766.9957 766.7555 766.4974 766.2385 765.955 765.6573 765.3832 765.1544 764.9667 764.8109 764.6862 764.5956 764.5492 764.5525 764.6027 764.6927 764.8105 764.9439 765.0858 765.2251 765.3531 765.4661 765.5604 765.6398 765.704 765.7457 765.7697 765.7839 765.7992 765.786 765.805 765.9309 766.0073 766.3162 766.6567 767.0216 767.3797 767.5049 767.6704 767.7975 767.9475 768.2303 768.6849 769.327
769.8641 -9999 -9999 -9999 -9999 -9999 -9999 -9999 -9999 -9999 -9999 -9999 -9999 -9999 -9999 772.2513 772.0128 771.8125 771.5138 770.8453 769.8152 769.3937 769.0928 768.6611 768.2415 767.908 767.674 767.4744 767.2597 767.0923 766.8621 766.6238 766.3378 765.9744 765.6354 765.3641 765.1536 764.9781 764.8348 764.7225 764.6497 764.6212 764.6341 764.6842 764.766 764.8683 764.9841 765.1063 765.2251 765.3339 765.4292 765.5106 765.5775 765.6284 765.6621 765.6768 765.6755 765.658 765.6561 765.7059 765.7632 765.9609 766.2471 766.5165 766.8674 767.1571 767.4495 767.6239 767.7221 767.9097 768.2055 768.6555
-9999 -9999 -9999 -9999 -9999 -9999 -9999 -9999 -9999 -9999 -9999 -9999 -9999 -9999 -9999 772.439 772.2213 772.0459 771.9355 771.3904 770.3167 769.8033 769.2334 768.7188 768.3112 768.0309 767.8493 767.6887 767.5076 767.444 767.2295 767.0635 766.8438 766.4583 766.0363 765.7089 765.4633 765.2493 765.0752 764.9293 764.825 764.7644 764.7393 764.7491 764.7927 764.8627 764.9478 765.047 765.1527 765.2539 765.3442 765.4225 765.4868 765.5375 765.5732 765.5883 765.582 765.5629 765.5487 765.5591 765.6118 765.7388 765.9232 766.0284 766.3611 766.7258 767.0845 767.4005 767.4904 767.6609 767.837 768.1516
-9999 -9999 -9999 -9999 -9999 -9999 -9999 -9999 -9999 -9999 -9999 -9999 -9999 -9999 -9999 772.676 772.5206 772.4474 772.3547 771.7649 770.6194 769.8369 769.2086 768.7048 768.3481 768.1491 768.0582 767.9672 767.8339 767.7101 767.5108 767.4648 767.3817 767.0382 766.6707 766.2659 765.9661 765.6758 765.4574 765.2542 765.1077 765.0104 764.9371 764.9012 764.9048 764.9395 764.9899 765.0594 765.1462 765.2357 765.3162 765.3858 765.4451 765.4904 765.5206 765.5319 765.5226 765.4998 765.4783 765.4709 765.4928 765.5645 765.6602 765.7491 765.9698 766.2828 766.5714 766.9084 767.162 767.4206 767.5088 767.7643
-9999 -9999 -9999 -9999 -9999 -9999 -9999 -9999 -9999 -9999 -9999 -9999 -9999 -9999 -9999 772.8484 772.7614 772.8171 772.8975 772.3685 770.9841 769.9716 769.2656 768.7563 768.4392 768.3229 768.3338 768.2932 768.1804 768.0199 767.817 767.684 767.6279 767.4915 767.3795 767.1394 766.7209 766.3138 766.0554 765.7454 765.5444 765.4076 765.2602 765.1632 765.1237 765.1174 765.1211 765.1528 765.2153 765.2871 765.3494 765.4045 765.4528 765.4907 765.5126 765.5143 765.4974 765.469 765.439 765.4191 765.4185 765.4446 765.494 765.5651 765.713 765.9189 766.0453 766.3783 766.71 767.0052 767.2105 767.4713
-9999 -9999 -9999 -9999 -9999 -9999 -9999 -9999 -9999 -9999 -9999 -9999 -9999 -9999 -9999 -9999 772.8946 773.0749 773.396 773.1821 771.9484 770.5119 769.6052 768.9706 768.6216 768.5609 768.6547 768.6373 768.5078 768.3043 768.0766 767.8812 767.8041 767.7751 767.7566 767.6583 767.4614 767.257 766.9771 766.4488 766.2004 766.0262 765.746 765.5691 765.4803 765.4268 765.3508 765.3334 765.368 765.4159 765.4453 765.4761 765.5094 765.5335 765.5446 765.5359 765.5056 765.4664 765.428 765.3954 765.3767 765.3759 765.3914 765.4301 765.5101 765.6229 765.7357 765.9715 766.2904 766.6036 766.8835 767.1763
-9999 -9999 -9999 -9999 -9999 -9999 -9999 -9999 -9999 -9999 -9999 -9999 -9999 -9999 -9999 -9999 773.0612 773.4982 773.9814 773.981 773.0954 771.6157 770.3468 769.3898 768.9009 768.8511 769.0221 768.9818 768.7825 768.5178 768.2597 768.0394 767.95 767.983 768.0303 768.041 768.0043 767.9211 767.7142 767.3923 767.194 766.9341 766.4196 766.1726 766.0195 765.9011 765.6862 765.6021 765.6122 765.631 765.5994 765.5966 765.6112 765.615 765.61 765.587 765.5444 765.4894 765.4378 765.3945 765.3596 765.3389 765.332 765.3405 765.3735 765.434 765.5278 765.706 765.9584 766.2504 766.5429 766.8353
-9999 -9999 -9999 -9999 -9999 -9999 -9999 -9999 -9999 -9999 -9999 -9999 -9999 -9999 -9999 -9999 -9999 773.9702 774.6484 774.9523 774.4139 773.0479 771.4252 770.0329 769.2887 769.1855 769.439 769.3091 768.9996 768.6768 768.4143 768.2296 768.1768 768.2536 768.353 768.429 768.4894 768.4924 768.3131 768.0349 767.794 767.5344 767.3146 767.1237 766.8088 766.5184 766.1272 765.976 765.9516 765.9279 765.7913 765.756 765.7578 765.7267 765.7027 765.6626 765.6047 765.5372 765.4679 765.4082 765.3596 765.3217 765.2979 765.2872 765.2923 765.3208 765.3876 765.5187 765.7144 765.9554 766.227 766.5066
-9999 -9999 -9999 -9999 -9999 -9999 -9999 -9999 -9999 -9999 -9999 -9999 -9999 -9999 -9999 -9999 -9999 774.2813 775.1992 775.8105 775.5496 774.4369 772.8419 771.1951 769.9136 769.5867 769.9133 769.6242 769.2191 768.9012 768.7158 768.635 768.678 768.8099 768.9095 768.9629 769.0398 769.0889 768.8406 768.5328 768.2857 768.1032 767.9547 767.7815 767.517 767.2664 766.837 766.5492 766.3892 766.2171 765.9872 765.95 765.9432 765.852 765.8159 765.7543 765.6824 765.606 765.5221 765.44 765.3705 765.3162 765.2773 765.2537 765.2446 765.2537 765.2932 765.3821 765.5278 765.7222 765.9534 766.2118
-9999 -9999 -9999 -9999 -9999 -9999 -9999 -9999 -9999 -9999 -9999 -9999 -9999 -9999 -9999 -9999 -9999 -9999 775.541 776.1085 776.078 775.3684 774.0876 772.5298 771.0098 770.1523 770.4506 769.9972 769.6182 769.4561 769.4824 769.6003 769.7918 769.9784 769.9822 769.8061 769.7393 769.7322 769.2614 768.9482 768.7744 768.6169 768.485 768.332 768.0894 767.8065 767.4361 767.1016 766.8998 766.6481 766.382 766.222 766.0989 765.958 765.9463 765.8534 765.7664 765.6956 765.6027 765.4972 765.399 765.321 765.2651 765.2288 765.2089 765.2053 765.2234 765.2767 765.3777 765.5291 765.7235 765.9518
-9999 -9999 -9999 -9999 -9999 -9999 -9999 -9999 -9999 -9999 -9999 -9999 -9999 -9999 -9999 -9999 -9999 -9999 -9999 775.8947 776.1635 775.8745 775.0268 773.8115 772.5768 771.522 771.053 770.7299 770.6337 770.8016 771.1739 771.6411 772.0332 772.2174 772.0547 771.4858 770.719 770.0015 769.524 769.3208 769.2714 769.0928 768.965 768.8528 768.6071 768.2675 767.8817 767.5417 767.3991 767.104 766.7943 766.5429 766.3405 766.1718 766.0715 765.9502 765.8507 765.8051 765.71 765.5843 765.4559 765.3469 765.2653 765.2092 765.1733 765.1549 765.1552 765.1818 765.2463 765.3589 765.52 765.7206
-9999 -9999 -9999 -9999 -9999 -9999 -9999 -9999 -9999 -9999 -9999 -9999 -9999 -9999 -9999 -9999 -9999 -9999 -9999 -9999 775.8807 775.9324 775.4047 774.7409 774.1358 773.5268 773.1387 773.0281 773.1961 773.6099 774.186 774.7964 775.234 775.3388 774.9822 774.0812 772.8005 771.4429 770.407 769.9728 769.8295 769.547 769.4185 769.4001 769.123 768.7085 768.2854 767.9387 767.7179 767.462 767.1541 766.8621 766.6162 766.4185 766.255 766.0919 765.9565 765.9457 765.8336 765.6942 765.5455 765.4066 765.2916 765.203 765.1376 765.0938 765.0719 765.0759 765.1146 765.1969 765.3287 765.5056
-9999 -9999 -9999 -9999 -9999 -9999 -9999 -9999 -9999 -9999 -9999 -9999 -9999 -9999 -9999 -9999 -9999 -9999 -9999 -9999 -9999 775.3945 775.2224 775.0155 775.2215 775.4709 775.6934 776.0497 776.5447 777.1638 777.8306 778.4449 778.8288 778.8174 778.2815 777.1615 775.5884 773.8621 772.2993 771.1884 770.4598 770.0677 769.8848 770.0295 769.6689 769.1407 768.657 768.2689 767.9858 767.7324 767.465 767.1646 766.903 766.7003 766.5049 766.3145 766.1592 766.0718 765.9504 765.8129 765.6613 765.5051 765.3567 765.2245 765.1123 765.0256 764.9697 764.9478 764.9653 765.0276 765.1384 765.2968
-9999 -9999 -9999 -9999 -9999 -9999 -9999 -9999 -9999 -9999 -9999 -9999 -9999 -9999 -9999 -9999 -9999 -9999 -9999 -9999 -9999 -9999 775.0029 775.1398 776.0113 776.9596 777.9417 778.8826 779.7538 780.5687 781.2957 781.8856 782.2059 782.105 781.4465 780.2176 778.5451 776.7031 774.9176 773.3942 772.1674 771.1776 770.5347 770.7201 770.2471 769.5931 769.0582 768.6176 768.2843 768.0259 767.7701 767.48 767.2074 767.0283 766.8063 766.5786 766.3844 766.2359 766.0917 765.9494 765.7996 765.6368 765.4626 765.2834 765.1113 764.9637 764.8568 764.7996 764.7939 764.8403 764.9382 765.0851
-9999 -9999 -9999 -9999 -9999 -9999 -9999 -9999 -9999 -9999 -9999 -9999 -9999 -9999 -9999 -9999 -9999 -9999 -9999 -9999 -9999 -9999 -9999 -9999 776.3854 777.905 779.5034 780.9614 782.1846 783.1811 783.9798 784.6006 784.951 784.8503 784.1426 782.8894 781.2562 779.4619 777.6658 775.9376 774.3536 772.9742 771.9387 771.4803 770.9741 770.2192 769.6382 769.1014 768.7074 768.4581 768.2188 767.906 767.5704 767.4188 767.141 766.8617 766.6221 766.4279 766.2494 766.0895 765.9479 765.7903 765.6019 765.3811 765.1447 764.9242 764.7514 764.6449 764.6084 764.6366 764.7233 764.8627
-9999 -9999 -9999 -9999 -9999 -9999 -9999 -9999 -9999 -9999 -9999 -9999 -9999 -9999 -9999 -9999 -9999 -9999 -9999 -9999 -9999 -9999 -9999 -9999 -9999 -9999 -9999 782.1363 -9999 -9999 -9999 -9999 -9999 -9999 -9999 784.9719 783.4748 781.8394 780.1453 778.3414 776.5296 774.8929 773.6327 772.8939 772.2599 771.5429 770.6099 769.8214 769.3318 769.1337 768.9298 768.5751 768.1302 767.79 767.4631 767.1469 766.8737 766.6513 766.4264 766.226 766.0731 765.9456 765.7648 765.5161 765.2202 764.9231 764.6749 764.5071 764.4279 764.4298 764.5001 764.6293
-9999 -9999 -9999 -9999 -9999 -9999 -9999 -9999 -9999 -9999 -9999 -9999 -9999 -9999 -9999 -9999 -9999 -9999 -9999 -9999 -9999 -9999 -9999 -9999 -9999 -9999 -9999 -9999 -9999 -9999 -9999 -9999 -9999 -9999 -9999 -9999 -9999 783.6888 782.1717 780.3831 778.4295 776.5781 775.1151 774.1688 773.4868 772.6939 771.6707 770.7405 770.2218 770.1425 769.9727 769.5023 768.8141 768.2384 767.7943 767.4537 767.1599 766.9407 766.6486 766.3801 766.191 766.0671 765.9391 765.6908 765.3486 764.9791 764.6517 764.4135 764.2794 764.2419 764.2846 764.3943
-9999 -9999 -9999 -9999 -9999 -9999 -9999 -9999 -9999 -9999 -9999 -9999 -9999 -9999 -9999 -9999 -9999 -9999 -9999 -9999 -9999 -9999 -9999 -9999 -9999 -9999 -9999 -9999 -9999 -9999 -9999 -9999 -9999 -9999 -9999 -9999 -9999 -9999 783.5955 781.8834 779.8432 777.8239 776.1953 775.1082 774.379 773.6878 772.8388 772.0739 771.7292 771.5618 771.3459 770.6925 769.6519 768.8275 768.2329 767.8134 767.5166 767.3476 766.9657 766.6151 766.3789 766.2352 766.1119 765.9182 765.5531 765.1185 764.7112 764.3947 764.1926 764.1 764.0997 764.1756
-9999 -9999 -9999 -9999 -9999 -9999 -9999 -9999 -9999 -9999 -9999 -9999 -9999 -9999 -9999 -9999 -9999 -9999 -9999 -9999 -9999 -9999 -9999 -9999 -9999 -9999 -9999 -9999 -9999 -9999 -9999 -9999 -9999 -9999 -9999 -9999 -9999 -9999 -9999 -9999 780.614 778.5543 776.8623 775.7514 775.0296 774.4269 773.7936 773.1982 772.9777 772.8937 772.7314 771.9741 770.796 769.7092 768.9541 768.4347 768.0835 767.8069 767.4418 767.0619 766.8008 766.627 766.4617 766.2354 765.8829 765.3881 764.8936 764.4857 764.199 764.0325 763.9705 763.9958
-9999 -9999 -9999 -9999 -9999 -9999 -9999 -9999 -9999 -9999 -9999 -9999 -9999 -9999 -9999 -9999 -9999 -9999 -9999 -9999 -9999 -9999 -9999 -9999 -9999 -9999 -9999 -9999 -9999 -9999 -9999 -9999 -9999 -9999 -9999 -9999 -9999 -9999 -9999 -9999 -9999 -9999 -9999 776.1387 775.5306 775.0096 774.4861 774.0516 773.9099 773.8434 773.6517 773.2734 772.2864 771.1011 770.157 769.5308 769.1148 768.7539 768.3922 768.0076 767.7447 767.5209 767.255 766.9095 766.4399 765.8709 765.2627 764.7346 764.3353 764.0695 763.9231 763.8789
-9999 -9999 -9999 -9999 -9999 -9999 -9999 -9999 -9999 -9999 -9999 -9999 -9999 -9999 -9999 -9999 -9999 -9999 -9999 -9999 -9999 -9999 -9999 -9999 -9999 -9999 -9999 -9999 -9999 -9999 -9999 -9999 -9999 -9999 -9999 -9999 -9999 -9999 -9999 -9999 -9999 -9999 -9999 -9999 775.9425 775.5138 775.035 774.6561 774.4974 774.4545 774.4838 774.5182 773.8978 772.8629 771.9756 771.3505 770.8663 770.462 770.1732 769.8899 769.6293 769.2809 768.8209 768.2381 767.5015 766.7035 765.9133 765.208 764.6506 764.2483 763.9877 763.851
-9999 -9999 -9999 -9999 -9999 -9999 -9999 -9999 -9999 -9999 -9999 -9999 -9999 -9999 -9999 -9999 -9999 -9999 -9999 -9999 -9999 -9999 -9999 -9999 -9999 -9999 -9999 -9999 -9999 -9999 -9999 -9999 -9999 -9999 -9999 -9999 -9999 -9999 -9999 -9999 -9999 -9999 -9999 -9999 -9999 -9999 -9999 775.1634 774.9935 774.9572 775.2369 775.6495 775.421 774.6932 774.1036 773.7213 773.407 773.1163 772.9003 772.7491 772.5974 772.2799 771.5657 770.5162 769.3052 768.0965 766.9713 765.9929 765.2097 764.6208 764.2062 763.9461
-9999 -9999 -9999 -9999 -9999 -9999 -9999 -9999 -9999 -9999 -9999 -9999 -9999 -9999 -9999 -9999 -9999 -9999 -9999 -9999 -9999 -9999 -9999 -9999 -9999 -9999 -9999 -9999 -9999 -9999 -9999 -9999 -9999 -9999 -9999 -9999 -9999 -9999 -9999 -9999 -9999 -9999 -9999 -9999 -9999 -9999 -9999 -9999 -9999 -9999 776.0334 776.637 776.6949 776.3077 776.1706 776.2268 776.3217 776.4113 776.5048 776.5977 776.6025 776.3158 775.4103 773.8853 772.0558 770.1854 768.5573 767.1907 766.0959 765.2562 764.6366 764.2126
-9999 -9999 -9999 -9999 -9999 -9999 -9999 -9999 -9999 -9999 -9999 -9999 -9999 -9999 -9999 -9999 -9999 -9999 -9999 -9999 -9999 -9999 -9999 -9999 -9999 -9999 -9999 -9999 -9999 -9999 -9999 -9999 -9999 -9999 -9999 -9999 -9999 -9999 -9999 -9999 -9999 -9999 -9999 -9999 -9999 -9999 -9999 -9999 -9999 -9999 -9999 -9999 777.6624 777.5973 777.921 778.4941 779.1379 779.774 780.3616 780.8214 781.0118 780.7198 779.6368 777.7545 775.3884 772.9501 770.7123 768.8813 767.4192 766.2477 765.3555 764.7146
-9999 -9999 -9999 -9999 -9999 -9999 -9999 -9999 -9999 -9999 -9999 -9999 -9999 -9999 -9999 -9999 -9999 -9999 -9999 -9999 -9999 -9999 -9999 -9999 -9999 -9999 -9999 -9999 -9999 -9999 -9999 -9999 -9999 -9999 -9999 -9999 -9999 -9999 -9999 -9999 -9999 -9999 -9999 -9999 -9999 -9999 -9999 -9999 -9999 -9999 -9999 -9999 -9999 -9999 779.4155 780.4348 781.5959 782.7875 783.9138 784.7784 785.1569 784.8488 783.6273 781.5479 778.897 776.063 773.4355 771.1713 769.2609 767.7195 766.4558 765.526
