backend/lakes/data/Red Deer Lake/redd_dem_tm.asc
ncols         245
nrows         285
xllcorner     625400
yllcorner     5832800
cellsize      50
NODATA_value  -9999
[rows 96 to 127 of 285, columns 72 to 143 of 245]
765.0087 765.0239 765.0652 765.1309 765.2108 765.2961 765.3872 765.4944 765.6312 765.7998 765.9857 766.3557 766.7527 767.1235 767.449 767.7306 768.192 768.9963 770.2573 771.9557 773.7269 775.1202 775.8135 775.9905 775.9391 776.1589 776.9157 778.0271 779.5222 781.3698 783.4841 -9999 -9999 -9999 -9999 -9999 -9999 -9999 -9999 -9999 -9999 -9999 -9999 -9999 -9999 -9999 -9999 -9999 -9999 -9999 -9999 -9999 -9999 -9999 -9999 -9999 -9999 -9999 -9999 -9999 -9999 -9999 -9999 -9999 -9999 -9999 -9999 -9999 -9999 -9999 -9999 -9999
765.0699 765.0667 765.0845 765.1295 765.1949 765.2704 765.3521 765.4454 765.5648 765.7245 765.9355 766.1729 766.4831 766.8351 767.1809 767.4967 767.8789 768.4765 769.3831 770.5759 772.0285 773.243 774.1099 774.5532 774.4575 774.618 775.3997 776.6702 778.3459 780.3671 782.5754 784.8146 -9999 -9999 -9999 -9999 -9999 -9999 -9999 -9999 -9999 -9999 -9999 -9999 -9999 -9999 -9999 -9999 -9999 -9999 -9999 -9999 -9999 -9999 -9999 -9999 -9999 -9999 -9999 -9999 -9999 -9999 -9999 -9999 -9999 -9999 -9999 -9999 -9999 -9999 -9999 -9999
765.1193 765.0969 765.0909 765.1118 765.1597 765.2246 765.2977 765.379 765.4781 765.6077 765.7718 765.9559 766.2213 766.5864 766.9889 767.4058 767.7057 768.17 768.8995 769.8599 770.9091 771.7048 772.6436 773.2537 773.1722 773.2115 773.8343 775.0812 776.8173 778.9243 781.2093 783.4676 785.548 -9999 -9999 -9999 -9999 -9999 -9999 -9999 -9999 -9999 -9999 -9999 -9999 -9999 -9999 -9999 -9999 -9999 -9999 -9999 -9999 -9999 -9999 -9999 -9999 -9999 -9999 -9999 -9999 -9999 -9999 -9999 -9999 -9999 -9999 -9999 -9999 -9999 -9999 -9999
765.1572 765.1147 765.0845 765.0793 765.1053 765.1566 765.222 765.2949 765.3784 765.4836 765.6183 765.7792 765.9868 766.3442 766.7247 767.1099 767.4562 767.882 768.5353 769.3775 770.1807 770.5146 771.3088 772.0045 771.9778 771.883 772.2872 773.3491 775.023 777.1392 779.4372 781.7386 783.8649 785.735 787.3915 -9999 -9999 -9999 -9999 -9999 -9999 -9999 -9999 -9999 -9999 -9999 -9999 -9999 -9999 -9999 -9999 -9999 -9999 -9999 -9999 -9999 -9999 -9999 -9999 -9999 -9999 -9999 -9999 -9999 -9999 -9999 -9999 -9999 -9999 -9999 -9999 -9999
765.1848 765.121 765.0676 765.0356 765.036 765.069 765.1248 765.1931 765.271 765.3677 765.5005 765.6849 765.931 766.1676 766.4534 766.7769 767.1108 767.5083 768.0878 768.8032 769.3098 769.5906 770.0684 770.7318 770.8471 770.7267 770.8633 771.6295 773.122 775.1186 777.3926 779.6893 781.9005 783.8952 785.6093 -9999 -9999 -9999 -9999 -9999 -9999 -9999 -9999 -9999 -9999 -9999 -9999 -9999 -9999 -9999 -9999 -9999 -9999 -9999 -9999 -9999 -9999 -9999 -9999 -9999 -9999 -9999 -9999 -9999 -9999 -9999 -9999 -9999 -9999 -9999 -9999 -9999
765.2034 765.1179 765.0432 764.9866 764.9592 764.9679 765.0092 765.0728 765.1499 765.2448 765.3721 765.5452 765.7544 765.9529 766.1819 766.4678 766.777 767.1253 767.5569 768.0956 768.5282 768.8065 769.1216 769.5723 769.8406 769.7501 769.6404 770.306 771.5892 773.2983 775.4078 777.5605 779.758 781.8945 783.7981 785.4396 -9999 -9999 -9999 -9999 -9999 -9999 -9999 -9999 -9999 -9999 -9999 -9999 -9999 -9999 -9999 -9999 -9999 -9999 -9999 -9999 -9999 -9999 -9999 -9999 -9999 -9999 -9999 -9999 -9999 -9999 -9999 -9999 -9999 -9999 -9999 -9999
765.2152 765.109 765.0148 764.9376 764.8842 764.8641 764.8826 764.9354 765.012 765.108 765.2327 765.3949 765.5869 765.7784 765.9683 766.2324 766.5135 766.8297 767.1913 767.5824 767.9825 768.2476 768.4761 768.7635 769.1802 769.1436 768.8362 769.6194 771.0618 772.1776 773.9427 775.6008 777.6266 779.8414 781.9929 783.8857 -9999 -9999 -9999 -9999 -9999 -9999 -9999 -9999 -9999 -9999 -9999 -9999 -9999 -9999 -9999 -9999 -9999 -9999 -9999 -9999 -9999 -9999 -9999 -9999 -9999 -9999 -9999 -9999 -9999 -9999 -9999 -9999 -9999 -9999 -9999 -9999
765.2244 765.1 764.9877 764.8937 764.8188 764.7695 764.7572 764.7892 764.8596 764.9586 765.0868 765.2512 765.4538 765.6853 765.9338 766.1058 766.3221 766.6176 766.9908 767.4156 767.7094 767.9186 768.0916 768.2896 768.5179 768.5892 768.8517 769.5078 770.6746 771.9009 773.3746 773.9954 775.626 777.8843 780.276 782.4778 784.3728 -9999 -9999 -9999 -9999 -9999 -9999 -9999 -9999 -9999 -9999 -9999 -9999 -9999 -9999 -9999 -9999 -9999 -9999 -9999 -9999 -9999 -9999 -9999 -9999 -9999 -9999 -9999 -9999 -9999 -9999 -9999 -9999 -9999 -9999 -9999
765.2368 765.0985 764.9705 764.8613 764.7692 764.6941 764.6475 764.648 764.7015 764.7993 764.9335 765.1039 765.3104 765.5442 765.7751 765.9495 766.1307 766.3932 766.7451 767.1403 767.4682 767.6886 767.85 768.0065 768.164 768.3212 768.6875 769.3361 770.3103 771.3732 772.2742 772.3795 773.7858 776.1066 778.7099 781.2053 783.3907 -9999 -9999 -9999 -9999 -9999 -9999 -9999 -9999 -9999 -9999 -9999 -9999 -9999 -9999 -9999 -9999 -9999 -9999 -9999 -9999 -9999 -9999 -9999 -9999 -9999 -9999 -9999 -9999 -9999 -9999 -9999 -9999 -9999 -9999 -9999
765.2612 765.1129 764.9747 764.8507 764.7418 764.6447 764.5658 764.5282 764.553 764.6403 764.7781 764.9561 765.1642 765.3935 765.6185 765.8054 765.9604 766.161 766.4673 766.8345 767.1896 767.4741 767.6675 767.8259 767.9728 768.1332 768.4728 769.0583 769.8713 770.7302 771.2296 771.5192 772.4423 774.7255 777.4211 780.0872 782.4644 784.389 -9999 -9999 -9999 -9999 -9999 -9999 -9999 -9999 -9999 -9999 -9999 -9999 -9999 -9999 -9999 -9999 -9999 -9999 -9999 -9999 -9999 -9999 -9999 -9999 -9999 -9999 -9999 -9999 -9999 -9999 -9999 -9999 -9999 -9999
765.309 765.1536 765.0117 764.8762 764.7474 764.6271 764.5198 764.4447 764.4332 764.4997 764.6351 764.8201 765.033 765.2586 765.4891 765.7158 765.9317 765.9643 766.1986 766.5286 766.8967 767.2371 767.4963 767.6746 767.837 767.969 768.2191 768.6965 769.3465 770.0107 770.5215 771.1881 771.9254 773.8936 776.4644 779.1467 781.5875 783.5535 -9999 -9999 -9999 -9999 -9999 -9999 -9999 -9999 -9999 -9999 -9999 -9999 -9999 -9999 -9999 -9999 -9999 -9999 -9999 -9999 -9999 -9999 -9999 -9999 -9999 -9999 -9999 -9999 -9999 -9999 -9999 -9999 -9999 -9999
765.392 765.2348 765.0927 764.9515 764.8011 764.6523 764.5162 764.4088 764.361 764.4005 764.5271 764.7165 764.934 765.1473 765.3495 765.5365 765.694 765.7718 765.9529 766.236 766.593 766.9846 767.3806 767.498 767.6748 767.7706 767.9226 768.3113 768.8727 769.4938 770.1551 771.0256 772.0977 773.3638 775.619 778.2171 780.6428 782.5894 -9999 -9999 -9999 -9999 -9999 -9999 -9999 -9999 -9999 -9999 -9999 -9999 -9999 -9999 -9999 -9999 -9999 -9999 -9999 -9999 -9999 -9999 -9999 -9999 -9999 -9999 -9999 -9999 -9999 -9999 -9999 -9999 -9999 -9999
765.5244 765.3737 765.233 765.0862 764.9166 764.7352 764.568 764.4338 764.3569 764.3703 764.4855 764.6796 764.901 765.0986 765.2534 765.3752 765.4779 765.5714 765.7278 765.9545 766.2407 766.5318 766.8959 767.1332 767.3953 767.4588 767.5355 767.9004 768.4197 768.9978 769.6622 770.4726 771.3 772.4275 774.5729 777.1207 779.5245 781.4756 782.9995 784.3933 -9999 -9999 -9999 -9999 -9999 -9999 -9999 -9999 -9999 -9999 -9999 -9999 -9999 -9999 -9999 -9999 -9999 -9999 -9999 -9999 -9999 -9999 -9999 -9999 -9999 -9999 -9999 -9999 -9999 -9999 -9999 -9999
765.7299 765.5936 765.4424 765.2936 765.099 764.8906 764.6974 764.5431 764.4492 764.4442 764.5516 764.7551 764.9897 765.1666 765.2676 765.3121 765.3531 765.4247 765.5521 765.7275 765.924 766.0304 766.334 766.5702 766.822 766.9434 767.0916 767.4529 767.9289 768.4421 769.0023 769.6243 770.297 771.312 773.409 775.8985 778.248 780.1924 781.8016 783.3927 785.321 787.6345 790.0089 -9999 -9999 -9999 -9999 -9999 -9999 -9999 -9999 -9999 -9999 -9999 -9999 -9999 -9999 -9999 -9999 -9999 -9999 -9999 -9999 -9999 -9999 -9999 -9999 -9999 -9999 -9999 -9999 -9999
766.0394 765.9164 765.7141 765.5714 765.3508 765.1281 764.9337 764.7803 764.6854 764.6755 764.7814 765.0029 765.2668 765.4205 765.4572 765.4075 765.377 765.4003 765.4733 765.5669 765.6678 765.7506 765.9272 766.0282 766.2756 766.4098 766.5579 766.9227 767.41 767.8914 768.377 768.9076 769.548 770.5403 772.4771 774.7859 776.9678 778.7791 780.3537 782.0532 784.1866 786.8112 789.6456 792.3375 -9999 -9999 -9999 -9999 -9999 -9999 -9999 -9999 -9999 -9999 -9999 -9999 -9999 -9999 -9999 -9999 -9999 -9999 -9999 -9999 -9999 -9999 -9999 -9999 -9999 -9999 -9999 -9999
766.5638 766.2938 765.9997 765.8916 765.6481 765.4635 765.3206 765.2117 765.1464 765.1501 765.2601 765.4966 765.8065 765.9216 765.8935 765.7277 765.6252 765.5836 765.572 765.5466 765.5461 765.574 765.6581 765.7543 765.9196 765.9517 766.0283 766.3849 766.8499 767.3499 767.8414 768.4004 769.1254 770.1702 771.7746 773.7784 775.6664 777.2216 778.6064 780.2703 782.4666 785.2466 788.3915 791.5173 794.2291 -9999 -9999 -9999 -9999 -9999 -9999 -9999 -9999 -9999 -9999 -9999 -9999 -9999 -9999 -9999 -9999 -9999 -9999 -9999 -9999 -9999 -9999 -9999 -9999 -9999 -9999 -9999
767.0836 766.7552 766.3824 766.0665 765.9564 765.9276 765.9268 765.9361 765.9579 766.0132 766.1403 766.3511 766.618 766.7061 766.6211 766.3894 766.2365 766.0849 765.9177 765.697 765.5633 765.5083 765.5126 765.5498 765.616 765.6335 765.7065 765.9571 766.3263 766.7426 767.3394 767.9954 768.8263 769.8629 771.1361 772.7388 774.2576 775.4891 776.627 778.1385 780.296 783.0895 786.3597 789.7676 792.8845 795.2741 -9999 -9999 -9999 -9999 -9999 -9999 -9999 -9999 -9999 -9999 -9999 -9999 -9999 -9999 -9999 -9999 -9999 -9999 -9999 -9999 -9999 -9999 -9999 -9999 -9999 -9999
767.4601 767.2112 766.9242 766.6608 766.5447 766.6257 766.8354 767.0688 767.2881 767.4988 767.7463 767.9819 768.1223 768.106 767.977 767.7789 767.5225 767.0591 766.4862 765.9926 765.7062 765.5562 765.4822 765.448 765.4393 765.4382 765.4915 765.6565 765.9114 766.1685 766.8107 767.592 768.5217 769.5497 770.5521 771.6794 772.8369 773.7687 774.7285 775.9906 777.9488 780.591 783.8004 787.3039 790.6986 793.553 795.5339 -9999 -9999 -9999 -9999 -9999 -9999 -9999 -9999 -9999 -9999 -9999 -9999 -9999 -9999 -9999 -9999 -9999 -9999 -9999 -9999 -9999 -9999 -9999 -9999 -9999
767.457 767.478 767.4385 767.3505 767.3188 767.6266 768.1783 768.7465 769.2637 769.7107 770.1469 770.4363 770.4813 770.2576 769.9296 769.576 769.0331 768.0118 767.121 766.4323 765.9707 765.715 765.5629 765.4532 765.3815 765.343 765.3621 765.4635 765.6472 765.9234 766.4451 767.2332 768.0588 768.9729 769.9271 770.9409 771.7001 772.637 773.6633 774.4741 775.8416 778.0914 781.0425 784.4643 787.9878 791.1867 793.7448 795.6157 -9999 -9999 -9999 -9999 -9999 -9999 -9999 -9999 -9999 -9999 -9999 -9999 -9999 -9999 -9999 -9999 -9999 -9999 -9999 -9999 -9999 -9999 -9999 -9999
767.3252 767.5641 767.7584 767.9386 768.2346 768.9915 770.0639 771.0742 772.0055 772.8547 773.5112 773.7271 773.409 772.7154 771.9382 771.214 770.1305 768.8544 767.7255 766.9129 766.3322 765.9586 765.7314 765.5447 765.4143 765.336 765.3157 765.3672 765.494 765.7084 766.0753 766.7512 767.48 768.2688 769.1265 770.0034 770.7544 771.5585 772.3649 773.0813 774.1417 775.8608 778.4066 781.5805 785.0575 788.4403 791.3745 793.7236 -9999 -9999 -9999 -9999 -9999 -9999 -9999 -9999 -9999 -9999 -9999 -9999 -9999 -9999 -9999 -9999 -9999 -9999 -9999 -9999 -9999 -9999 -9999 -9999
767.2618 767.6896 768.1801 768.7668 769.6444 770.9695 772.5591 774.0792 775.4363 776.5516 777.1837 777.135 776.4056 775.0794 773.6272 772.3304 770.9182 769.4969 768.2764 767.3705 766.7024 766.2314 765.9262 765.674 765.5041 765.3973 765.3464 765.3642 765.4614 765.6499 765.956 766.411 766.9539 767.571 768.3069 769.0919 769.8264 770.5344 771.2083 771.8674 772.7555 774.1199 776.133 778.8654 782.1177 785.4838 788.5591 791.1213 793.131 794.487 -9999 -9999 -9999 -9999 -9999 -9999 -9999 -9999 -9999 -9999 -9999 -9999 -9999 -9999 -9999 -9999 -9999 -9999 -9999 -9999 -9999 -9999
767.3801 767.9378 768.7562 769.7289 771.1177 772.8622 774.7617 776.6569 778.3853 779.6874 780.174 779.8288 778.9548 777.2145 775.1099 773.2778 771.5239 769.9463 768.6464 767.6653 767.0104 766.4501 765.9999 765.7733 765.6207 765.5041 765.4321 765.4232 765.4976 765.6672 765.9299 766.1765 766.5472 767.0117 767.58 768.2598 768.9381 769.5719 770.1882 770.8218 771.6143 772.7424 774.3551 776.5459 779.3935 782.5316 785.5179 788.0886 790.1469 791.5721 792.2363 792.126 791.5912 791.0344 790.7073 790.558 790.2465 789.4751 788.1935 -9999 -9999 -9999 -9999 -9999 -9999 -9999 -9999 -9999 -9999 -9999 -9999 -9999
767.5989 768.3358 769.498 770.8616 772.4016 774.0629 775.8975 777.9189 779.8978 781.3919 781.7371 781.2155 780.7605 778.9872 776.5015 774.1257 771.9797 770.2388 768.9076 767.9628 767.3387 766.7336 766.2533 765.954 765.7782 765.6377 765.5434 765.5057 765.5422 765.655 765.8167 765.967 766.2468 766.5933 767.028 767.5511 768.124 768.658 769.2521 769.8939 770.6489 771.636 772.9771 774.7644 777.0493 779.7665 782.4746 784.9183 786.9286 788.3614 789.0946 789.1207 788.7445 788.3469 788.1721 788.2244 788.1983 787.8036 786.8927 785.7402 784.7616 -9999 -9999 -9999 -9999 -9999 -9999 -9999 -9999 -9999 -9999 -9999
768.3398 769.4112 770.7192 771.9971 773.0959 774.2991 775.7856 777.629 779.5898 781.294 782.3263 782.6848 782.0233 780.1868 777.546 774.7276 772.2321 770.3663 769.021 768.0924 767.4644 766.9504 766.4997 766.1592 765.9379 765.7571 765.6444 765.5867 765.5894 765.6599 765.7863 765.9437 766.0875 766.305 766.6146 767.0071 767.4332 767.8104 768.3849 769.045 769.7941 770.7017 771.8597 773.3458 775.1959 777.3556 779.6208 781.8165 783.6891 785.0692 785.8453 785.9932 785.7365 785.4153 785.2653 785.3881 785.5591 785.4831 784.9498 784.0868 783.2171 782.5972 782.5618 -9999 -9999 -9999 -9999 -9999 -9999 -9999 -9999 -9999
769.7341 770.963 772.0397 772.7443 773.2917 774.0134 775.0066 776.5018 778.2596 779.9647 781.276 781.9519 781.7546 780.3146 777.8968 775.0678 772.4026 770.4079 769.0526 768.1476 767.5402 767.152 766.7211 766.3113 765.9733 765.8248 765.7157 765.6484 765.6258 765.657 765.7382 765.8464 765.95 766.0931 766.3046 766.5872 766.9009 767.2213 767.6602 768.2793 769.0075 769.8585 770.8844 772.1389 773.6482 775.3805 777.2169 778.9357 780.5202 781.7657 782.5325 782.7643 782.5819 782.2518 782.0228 782.1047 782.3812 782.5862 782.4246 781.8857 781.1802 780.605 780.5497 781.0452 781.8489 -9999 -9999 -9999 -9999 -9999 -9999 -9999
771.3036 772.298 772.8021 772.9602 773.019 773.4633 -9999 -9999 -9999 -9999 -9999 780.5132 780.6252 779.5429 777.5778 775.0861 772.5297 770.4244 769.0903 768.2372 767.7181 767.4085 766.9545 766.5137 766.1494 765.9419 765.7902 765.6963 765.6492 765.647 765.6893 765.7609 765.8433 765.9491 766.0886 766.2825 766.5076 766.7754 767.1244 767.6114 768.2708 769.0566 769.9717 771.0355 772.2585 773.6168 775.0226 776.3334 777.5172 778.5352 779.2036 779.4377 779.287 778.9444 778.6246 778.6152 778.8825 779.2776 779.4274 779.2335 778.8729 778.6063 778.8406 779.5664 780.0028 780.7141 -9999 -9999 -9999 -9999 -9999 -9999
772.4838 772.9372 772.8494 772.3183 772.2593 -9999 -9999 -9999 -9999 -9999 -9999 778.9139 779.1666 778.3715 776.874 774.8624 772.6328 770.6091 769.2018 768.3225 767.8022 767.4703 767.099 766.6876 766.2882 765.9691 765.8371 765.731 765.6613 765.6332 765.6467 765.694 765.7616 765.8461 765.9495 766.0762 766.2035 766.4164 766.6871 767.0703 767.5925 768.2833 769.0891 769.9871 770.9678 772.0204 773.0818 774.0325 774.8654 775.5444 776.0178 776.1865 776.0511 775.7819 775.5468 775.4721 775.5661 776.0316 776.3584 776.4534 776.5334 776.7417 777.3749 778.2326 778.8143 779.3076 -9999 -9999 -9999 -9999 -9999 -9999
772.8468 772.8439 772.1732 -9999 -9999 -9999 -9999 -9999 -9999 -9999 -9999 -9999 777.6639 777.0867 775.9868 774.4688 772.6279 770.7545 769.2775 768.3812 767.8445 767.499 767.2433 766.8802 766.4796 766.1373 765.9427 765.7734 765.6705 765.6188 765.609 765.6365 765.6917 765.765 765.8518 765.9448 765.9606 766.1279 766.3068 766.6051 767.0057 767.5576 768.2426 768.9867 769.752 770.5584 771.3715 772.0138 772.5578 772.9957 773.2831 773.3706 773.2698 773.1023 772.9845 773.0087 773.2023 773.5991 773.9229 774.1022 774.496 775.0406 776.1346 777.3627 778.0708 778.4482 778.6431 -9999 -9999 -9999 -9999 -9999
772.3788 772.098 771.4137 -9999 -9999 -9999 -9999 -9999 -9999 -9999 -9999 -9999 -9999 775.7556 774.9849 773.8553 772.3256 770.5903 769.281 768.4312 767.9236 767.6319 767.4465 767.0905 766.6669 766.2598 765.9518 765.7798 765.6722 765.6072 765.5778 765.5821 765.6167 765.6712 765.7328 765.7886 765.8245 765.936 765.9774 766.2088 766.4768 766.9077 767.4551 768.0575 768.6091 769.1899 769.819 770.2297 770.5551 770.8129 770.9701 770.9996 770.938 770.8849 770.9233 771.0992 771.4305 771.8767 772.3136 772.7454 773.3061 773.4972 774.9545 776.5099 777.4041 777.7372 777.6631 777.3661 777.2018 -9999 -9999 -9999
771.1876 771.1628 770.8612 770.6418 -9999 -9999 -9999 -9999 -9999 -9999 -9999 -9999 774.921 774.5395 774.0686 773.2966 772.0775 770.4527 769.2726 768.4832 767.9965 767.7057 767.4916 767.2473 766.8376 766.3787 765.9788 765.8165 765.7003 765.6157 765.5609 765.5352 765.538 765.562 765.5953 765.6253 765.6507 765.705 765.7609 765.9181 766.0118 766.3331 766.7271 767.2438 767.591 767.9473 768.4092 768.6878 768.8646 768.9948 769.0698 769.0737 769.0531 769.1072 769.3088 769.619 770.0731 770.603 771.13 771.6484 772.1759 772.601 773.6878 775.2867 776.446 776.8019 776.5087 775.99 775.5513 775.0681 -9999 -9999
770.0087 770.3656 770.3936 770.3892 770.4808 -9999 -9999 -9999 -9999 -9999 -9999 -9999 773.916 773.7087 773.4717 773.0016 772.0527 770.4702 769.3591 768.5901 768.1013 767.8093 767.6223 767.4433 767.0262 766.5629 766.1627 765.9393 765.769 765.6522 765.5668 765.5052 765.4667 765.4496 765.4467 765.4493 765.4557 765.4774 765.5192 765.6125 765.7135 765.9241 766.1149 766.5486 766.8687 767.1382 767.4111 767.5272 767.5712 767.6052 767.6329 767.6364 767.6529 767.7842 768.1213 768.498 769.0111 769.5978 770.1801 770.7362 771.2527 771.6642 772.191 773.5638 774.7642 775.2734 775.1557 774.7838 774.2805 773.7987 773.3626 -9999
769.2067 769.7969 769.9926 770.1786 770.4318 -9999 -9999 -9999 -9999 -9999 -9999 -9999 773.1594 773.0889 773.1167 772.9619 772.3358 770.8967 769.641 768.7867 768.2451 767.9092 767.6849 767.4752 767.1417 766.7211 766.3014 765.9705 765.8245 765.7007 765.5933 765.4988 765.4171 765.3516 765.304 765.2712 765.2538 765.2567 765.287 765.3614 765.4811 765.6802 765.923 766.1918 766.4204 766.5919 766.7345 766.7795 766.7664 766.7565 766.7677 766.7877 766.8483 767.0396 767.3897 767.7101 768.188 768.7714 769.3676 769.9495 770.4967 770.8696 771.2756 771.9386 772.8828 773.4852 773.7446 773.7515 773.4608 773.0983 772.9938 773.2354
