backend/lakes/data/Smoke Lake/smke_dem_tm.asc
ncols         133
nrows         122
xllcorner     371000
yllcorner     6020300
cellsize      50
NODATA_value  -9999
[rows 30 to 59 of 122, columns 0 to 67 of 133]
-9999 -9999 -9999 -9999 -9999 -9999 -9999 -9999 -9999 -9999 -9999 -9999 -9999 -9999 -9999 -9999 -9999 -9999 -9999 -9999 860.7001 855.4923 850.7096 846.5992 843.1395 840.1664 837.5035 835.246 833.6519 832.696 832.1675 831.8157 831.5702 831.4074 831.3058 831.2429 831.2003 831.1943 831.0341 830.8963 830.9087 831.3362 832.3089 833.7524 835.4376 837.3863 839.6243 841.7231 843.4642 844.7072 845.3268 845.4905 845.4882 845.4075 845.2006 844.8481 844.3052 843.6954 843.1191 842.7083 842.7017 843.2255 844.2479 845.6521 847.2288 849.1118 851.4359 854.2762
-9999 -9999 -9999 -9999 -9999 -9999 -9999 -9999 -9999 -9999 -9999 -9999 -9999 -9999 -9999 -9999 -9999 -9999 -9999 -9999 858.9099 853.8482 849.2361 845.2056 841.6756 838.5983 836.0357 834.1353 832.9548 832.2585 831.8712 831.608 831.4292 831.3218 831.2575 831.1995 831.105 830.994 830.8066 830.6371 830.5973 830.8397 831.4848 832.6431 834.1511 835.8921 837.8225 839.7321 841.3453 842.5057 843.1602 843.4518 843.5837 843.5697 843.3866 843.0822 842.6097 841.9491 841.2524 840.7031 840.5953 841.0369 842.0172 843.4227 845.0479 846.874 849.0121 851.5512
-9999 -9999 -9999 -9999 -9999 -9999 -9999 -9999 -9999 -9999 -9999 -9999 -9999 -9999 -9999 -9999 -9999 -9999 -9999 -9999 856.6817 851.806 847.3571 843.4143 839.9191 836.9804 834.7719 833.3693 832.5886 832.1741 831.8116 831.5377 831.3589 831.2665 831.1995 831.1063 830.9712 830.8008 830.6039 830.4485 830.3924 830.517 830.9055 831.6382 832.7962 834.2352 835.7768 837.3704 838.7839 839.8586 840.5581 840.9918 841.2733 841.4095 841.3849 841.1705 840.7296 840.0533 839.246 838.5766 838.3574 838.7031 839.6317 841.0645 842.823 844.7452 846.831 849.1634
-9999 -9999 -9999 -9999 -9999 -9999 -9999 -9999 -9999 -9999 -9999 -9999 -9999 -9999 -9999 -9999 -9999 -9999 -9999 859.0013 854.1342 849.5113 845.2921 841.5274 838.1846 835.4705 833.7247 832.8282 832.3961 832.1845 831.8359 831.5184 831.297 831.1987 831.1017 830.9859 830.8335 830.649 830.4655 830.3337 830.2966 830.3588 830.5695 830.9819 831.6415 832.6141 833.6926 834.827 835.8997 836.7758 837.4268 837.9079 838.2821 838.5743 838.7537 838.7663 838.4564 837.8367 837.0082 836.2859 835.9844 836.2393 837.1156 838.5848 840.506 842.6146 844.7884 847.0446
-9999 -9999 -9999 -9999 -9999 -9999 -9999 -9999 -9999 -9999 -9999 -9999 -9999 -9999 -9999 -9999 -9999 -9999 -9999 856.0701 851.4967 847.173 843.2495 839.747 836.6915 834.3345 833.0403 832.4861 832.2875 832.1836 831.8423 831.4896 831.2074 831.0836 830.9722 830.8441 830.6901 830.5254 830.3805 830.2744 830.2592 830.3001 830.4196 830.6042 830.8837 831.2772 831.8088 832.4295 833.0829 833.6603 834.1355 834.5416 834.9463 835.3522 835.6939 835.8925 835.785 835.3279 834.6301 833.9861 833.7252 833.9616 834.7919 836.1943 838.1486 840.4135 842.7509 845.0466
-9999 -9999 -9999 -9999 -9999 -9999 -9999 -9999 -9999 -9999 -9999 -9999 -9999 -9999 -9999 -9999 -9999 -9999 857.3319 853.1113 848.9323 844.9714 841.3607 838.1462 835.4581 833.5932 832.6046 832.2885 832.2001 832.0684 831.7798 831.4589 831.2013 831.0096 830.8483 830.6897 830.5276 830.3865 830.3046 830.201 830.1946 830.1999 830.3201 830.3821 830.387 830.3151 830.3772 830.529 830.8023 831.071 831.3227 831.595 831.9456 832.358 832.716 832.9422 832.9605 832.7173 832.2831 831.8865 831.7761 832.0618 832.8287 834.102 835.9259 838.1868 840.6556 843.0571
-9999 -9999 -9999 -9999 -9999 -9999 -9999 -9999 -9999 -9999 -9999 -9999 -9999 -9999 -9999 -9999 -9999 -9999 854.0461 850.3093 846.5809 843.0151 839.7253 836.8048 834.5305 833.1346 832.4543 832.2274 832.1981 832 831.6942 831.3867 831.187 830.9385 830.7274 830.5362 830.3473 830.2067 830.1869 830.0222 829.9104 829.8768 830.056 830.0967 830.0255 829.7524 829.5505 829.3371 829.3099 829.3595 829.4397 829.567 829.7782 830.0706 830.3224 830.5045 830.567 830.497 830.369 830.2644 830.3627 830.7607 831.4059 832.4564 834.0221 836.0898 838.5328 841.0374
-9999 -9999 -9999 -9999 -9999 -9999 -9999 -9999 -9999 -9999 -9999 -9999 -9999 -9999 -9999 -9999 -9999 854.0725 851.0015 847.786 844.5062 841.2947 838.2999 835.6805 833.798 832.8057 832.3719 832.2568 832.1984 831.9294 831.5745 831.2257 831.0318 830.8119 830.6042 830.4108 830.2073 830.0551 829.9227 829.7054 829.4877 829.2784 829.2899 829.305 829.2844 829.1942 829.0508 828.7067 828.5672 828.5359 828.5431 828.582 828.6667 828.7951 828.9321 829.0869 829.1768 829.1976 829.2052 829.2773 829.5732 830.0376 830.5626 831.3277 832.5394 834.2849 836.508 839.0373
-9999 -9999 -9999 -9999 -9999 -9999 -9999 -9999 -9999 -9999 -9999 -9999 -9999 -9999 -9999 -9999 -9999 850.9075 848.3752 845.668 842.7847 839.8486 837.0706 834.8138 833.351 832.6343 832.3618 832.2803 832.1778 831.8213 831.4587 831.184 830.9261 830.6948 830.4962 830.3384 830.1875 829.9381 829.6948 829.4283 829.1938 828.9734 828.8741 828.8274 828.7865 828.7 828.5183 828.2376 828.188 828.1864 828.1853 828.1818 828.179 828.1874 828.2356 828.4022 828.4996 828.553 828.6334 828.8138 829.1624 829.5605 830.0635 830.6305 831.524 832.8965 834.7811 837.1304
-9999 -9999 -9999 -9999 -9999 -9999 -9999 -9999 -9999 -9999 -9999 -9999 -9999 -9999 -9999 -9999 -9999 848.3298 846.3157 844.036 841.4284 838.6643 836.0745 834.1919 833.0877 832.5376 832.326 832.1869 831.9242 831.5519 831.2146 830.9866 830.7661 830.5513 830.3555 830.1985 830.0134 829.7621 829.499 829.2177 828.9982 828.7897 828.644 828.5431 828.4653 828.3716 828.2018 828.0127 827.9388 827.9156 827.9023 827.889 827.8809 827.9028 827.9979 828.1898 828.2725 828.3151 828.4066 828.5983 828.9011 829.2393 829.6605 830.1728 830.9188 831.9566 833.393 835.3477
-9999 -9999 -9999 -9999 -9999 -9999 -9999 -9999 -9999 -9999 -9999 -9999 -9999 -9999 -9999 -9999 847.9037 846.4359 844.8467 842.8843 840.4272 837.7177 835.2864 833.6385 832.7864 832.3745 832.165 831.9045 831.5729 831.2231 830.9751 830.7876 830.6046 830.4114 830.2084 830.0353 829.8218 829.5842 829.3716 829.1844 828.9196 828.6946 828.5261 828.3967 828.2915 828.1974 828.0394 827.884 827.7889 827.7377 827.7101 827.6997 827.712 827.7643 827.8821 828.0587 828.1976 828.2456 828.344 828.5342 828.818 829.164 829.4227 829.816 830.3614 831.1559 832.2183 833.7545
-9999 -9999 -9999 -9999 -9999 -9999 -9999 -9999 -9999 -9999 -9999 -9999 -9999 -9999 -9999 -9999 846.3091 845.1382 843.8205 842.0349 839.6434 837.0084 834.7607 833.3026 832.5052 832.1141 831.7739 831.524 831.2189 830.9655 830.7756 830.6235 830.4768 830.325 830.187 829.9211 829.6453 829.3895 829.2011 829.0299 828.8115 828.6096 828.4509 828.3209 828.201 828.0949 827.9535 827.8105 827.701 827.6279 827.5874 827.5799 827.61 827.685 827.8101 827.9681 828.1083 828.2004 828.322 828.5037 828.7427 829.001 829.2228 829.6129 830.1033 830.5936 831.2839 832.4008
-9999 -9999 -9999 -9999 -9999 -9999 -9999 -9999 -9999 -9999 -9999 -9999 -9999 -9999 -9999 846.2572 845.3119 844.3097 843.0837 841.2789 838.7877 836.208 834.2866 833.0058 832.1506 831.6298 831.2722 831.1608 830.9425 830.7564 830.6168 830.499 830.3704 830.2049 830.0389 829.7675 829.4741 829.2125 829.0591 828.9023 828.7167 828.5389 828.3979 828.2914 828.1996 828.0681 827.9197 827.7765 827.656 827.5663 827.5139 827.5051 827.5448 827.6324 827.762 827.917 828.0677 828.1995 828.3266 828.4958 828.7128 828.9514 829.1978 829.4974 829.8335 830.1755 830.6095 831.3376
-9999 -9999 -9999 -9999 -9999 -9999 -9999 -9999 -9999 -9999 -9999 -9999 -9999 -9999 -9999 845.5825 844.8708 843.9257 842.6122 840.6157 838.0477 835.567 833.8517 832.6544 831.7327 831.2008 830.91 830.7958 830.6771 830.574 830.4919 830.4199 830.3314 830.1987 829.9518 829.6433 829.3634 829.1918 828.9993 828.8241 828.6503 828.4866 828.3538 828.2603 828.1986 828.0565 827.9039 827.7602 827.6348 827.5358 827.4741 827.4612 827.5031 827.5964 827.7308 827.889 828.0502 828.1998 828.3359 828.5005 828.7094 828.9495 829.1984 829.4396 829.6631 829.8773 830.1615 830.6053
-9999 -9999 -9999 -9999 -9999 -9999 -9999 -9999 -9999 -9999 -9999 -9999 -9999 -9999 -9999 845.1664 844.5092 843.5648 842.1426 839.9177 837.3311 835.052 833.543 832.4391 831.4125 830.9192 830.6696 830.5593 830.4895 830.4388 830.4004 830.3579 830.2933 830.1866 829.8653 829.5123 829.215 829.0692 828.9115 828.7516 828.5935 828.4434 828.3107 828.2008 828.1365 828.0215 827.8843 827.7488 827.6268 827.5265 827.4601 827.442 827.4808 827.5747 827.7117 827.8746 828.0434 828.2 828.3395 828.5024 828.7112 828.9553 829.2003 829.4071 829.5657 829.6863 829.8358 830.123
-9999 -9999 -9999 -9999 -9999 -9999 -9999 -9999 -9999 -9999 -9999 -9999 -9999 -9999 -9999 844.8158 844.1179 843.1416 841.6063 839.2661 836.6921 834.7019 833.43 832.438 831.4246 830.9131 830.6226 830.4785 830.4064 830.3686 830.3414 830.2994 830.2022 830.0406 829.7245 829.3922 829.1898 828.997 828.8331 828.6829 828.5415 828.411 828.2961 828.1999 828.1112 827.9984 827.8699 827.7424 827.6271 827.5316 827.4664 827.4453 827.4792 827.5682 827.7034 827.8685 828.042 828.2003 828.3278 828.4855 828.6969 828.9513 829.202 829.3892 829.5145 829.5726 829.6118 829.7323
-9999 -9999 -9999 -9999 -9999 -9999 -9999 -9999 -9999 -9999 -9999 -9999 -9999 -9999 844.7422 844.244 843.6006 842.5934 840.9189 838.5942 836.2299 834.5759 833.5651 832.66 831.7498 831.1383 830.7434 830.5357 830.4254 830.3647 830.328 830.2875 830.1985 829.951 829.5919 829.2213 829.0464 828.8889 828.744 828.6105 828.4869 828.3763 828.2816 828.2001 828.1017 827.9865 827.8621 827.7401 827.6313 827.5436 827.4847 827.4656 827.4952 827.5764 827.7032 827.8632 828.0364 828.1978 828.2869 828.4344 828.6489 828.9156 829.1904 829.3432 829.4813 829.5226 829.4886 829.4745
-9999 -9999 -9999 -9999 -9999 -9999 -9999 -9999 -9999 -9999 -9999 -9999 -9999 -9999 844.0405 843.6484 842.9896 841.8871 840.1344 837.979 835.9335 834.6785 833.9074 833.0355 832.1006 831.3329 830.9188 830.6795 830.5172 830.407 830.332 830.2709 830.1921 829.9038 829.5427 829.201 828.9835 828.8131 828.6676 828.5404 828.429 828.333 828.2544 828.1993 828.0916 827.974 827.8544 827.739 827.6366 827.5559 827.505 827.4913 827.5207 827.5937 827.7068 827.8494 827.9997 828.1256 828.2018 828.3541 828.5596 828.8074 829.049 829.2138 829.4455 829.5332 829.4751 829.3774
-9999 -9999 -9999 -9999 -9999 -9999 -9999 -9999 -9999 -9999 -9999 -9999 -9999 -9999 843.481 843.0435 842.3625 841.2272 839.4311 837.3854 835.7397 834.8004 834.136 833.3486 832.4463 831.7123 831.2141 830.9082 830.6545 830.4676 830.3295 830.2019 830.0814 829.8277 829.5081 829.2004 828.9635 828.7717 828.6119 828.4799 828.3724 828.2834 828.2006 828.1468 828.0549 827.9484 827.8402 827.7356 827.6415 827.567 827.5222 827.5143 827.5453 827.6133 827.7139 827.84 827.9766 828.1 828.1998 828.3073 828.479 828.7123 828.9683 829.2043 829.4667 829.5972 829.562 829.4356
-9999 -9999 -9999 -9999 -9999 -9999 -9999 -9999 -9999 -9999 -9999 -9999 -9999 -9999 842.8602 842.3957 841.7268 840.5814 838.9002 837.1835 835.8615 835.0668 834.4602 833.8676 832.9995 832.158 831.5541 831.1543 830.7782 830.5211 830.3472 830.1996 830.0183 829.7649 829.4772 829.201 828.9602 828.7493 828.5707 828.4277 828.3228 828.2536 828.1995 828.1155 828.0171 827.9153 827.818 827.7271 827.6447 827.5779 827.5375 827.5322 827.5643 827.6289 827.7203 827.8337 827.9612 828.0873 828.1991 828.264 828.4076 828.6367 828.9186 829.2062 829.4749 829.6549 829.6881 829.5964
-9999 -9999 -9999 -9999 -9999 -9999 -9999 -9999 -9999 -9999 -9999 -9999 -9999 -9999 841.9717 841.6123 841.0801 840.1774 838.8495 837.3394 836.1724 835.3537 834.7676 834.1686 833.3414 832.4557 831.7747 831.2053 830.7941 830.5223 830.3458 830.2003 829.9732 829.7031 829.4364 829.2014 828.9607 828.7324 828.5336 828.3751 828.2632 828.2 828.1422 828.0635 827.9705 827.8748 827.7869 827.7097 827.6421 827.5869 827.5518 827.5474 827.578 827.6389 827.7224 827.8237 827.9382 828.0515 828.1426 828.2009 828.3337 828.5576 828.8566 829.1828 829.4128 829.6555 829.7993 829.8014
-9999 -9999 -9999 -9999 -9999 -9999 -9999 -9999 -9999 -9999 -9999 -9999 -9999 -9999 840.9766 840.9752 840.8311 840.4015 839.5493 838.2357 836.9821 836.087 835.3452 834.6617 833.8812 832.9489 832.0571 831.2629 830.7974 830.4983 830.3093 830.1865 829.9042 829.61 829.3572 829.1914 828.9458 828.7052 828.4918 828.3214 828.201 828.1377 828.0756 828.0016 827.9168 827.8289 827.7485 827.6821 827.6292 827.5881 827.5623 827.5601 827.588 827.644 827.7197 827.8098 827.912 828.0184 828.114 828.1991 828.2756 828.4604 828.726 829.0084 829.2354 829.5964 829.8781 830.0126
-9999 -9999 -9999 -9999 -9999 -9999 -9999 -9999 -9999 -9999 -9999 -9999 -9999 -9999 -9999 840.4359 840.8538 841.0028 840.6105 839.5701 838.3276 837.2615 836.3017 835.3694 834.363 833.2945 832.2854 831.4196 830.8845 830.4919 830.2069 830.0168 829.7571 829.4734 829.2099 829.0748 828.8823 828.6595 828.4457 828.2797 828.1985 828.0983 828.0148 827.9373 827.8588 827.7794 827.7063 827.647 827.6044 827.5767 827.5624 827.5658 827.593 827.6446 827.7134 827.7932 827.8832 827.9795 828.0687 828.1401 828.2015 828.3627 828.6097 828.9026 829.2071 829.5686 829.9294 830.1951
-9999 -9999 -9999 -9999 -9999 -9999 -9999 -9999 -9999 -9999 -9999 -9999 -9999 -9999 -9999 840.3142 841.2093 841.8434 841.7514 840.9165 839.7993 838.6797 837.5545 836.4161 835.1565 833.8903 832.7878 831.9029 831.1427 830.578 830.1949 829.9102 829.653 829.408 829.1979 829.0453 828.8553 828.6292 828.3994 828.2028 828.1163 828.0287 827.9464 827.8704 827.7979 827.7275 827.6624 827.609 827.5722 827.5529 827.5486 827.5593 827.5887 827.6385 827.7031 827.7753 827.8544 827.9412 828.0292 828.1111 828.1988 828.2947 828.5104 828.813 829.1697 829.4735 829.8755 830.1998
-9999 -9999 -9999 -9999 -9999 -9999 -9999 -9999 -9999 -9999 -9999 -9999 -9999 -9999 -9999 -9999 842.0506 842.7677 842.7707 842.0591 841.0549 839.9778 838.847 837.6013 836.1503 834.7094 833.3951 832.2908 831.342 830.666 830.1898 829.8539 829.61 829.3975 829.204 829.0814 828.8793 828.6375 828.3984 828.1998 828.0737 827.973 827.8857 827.809 827.7399 827.6766 827.6198 827.5729 827.5399 827.5239 827.5245 827.5403 827.5724 827.6228 827.6868 827.7557 827.8268 827.9031 827.9843 828.0615 828.1314 828.2026 828.3912 828.6621 828.9679 829.2624 829.7711 830.1938
-9999 -9999 -9999 -9999 -9999 -9999 -9999 -9999 -9999 -9999 -9999 -9999 -9999 -9999 -9999 -9999 -9999 843.4805 843.4706 842.9208 842.0739 841.1032 840.0371 838.8002 837.3335 835.7831 834.2061 832.8824 831.7318 830.8379 830.1988 829.8503 829.6492 829.4799 829.3221 829.1916 828.9343 828.6631 828.4105 828.2003 828.0505 827.9351 827.8396 827.7592 827.6907 827.6315 827.5812 827.5413 827.513 827.4985 827.4992 827.5155 827.548 827.5984 827.6636 827.7334 827.801 827.8688 827.9418 828.0187 828.0988 828.1979 828.3073 828.5476 828.859 829.2168 829.7179 830.171
-9999 -9999 -9999 -9999 -9999 -9999 -9999 -9999 -9999 -9999 -9999 -9999 -9999 -9999 -9999 -9999 -9999 -9999 843.944 843.4908 842.8948 842.1157 841.1518 839.9221 838.4313 836.744 835.0506 833.5602 832.2025 831.0671 830.2324 829.9266 829.7875 829.6183 829.4164 829.2002 828.939 828.6699 828.4171 828.2002 828.0348 827.9079 827.8057 827.722 827.653 827.5958 827.5499 827.5161 827.4938 827.4819 827.4816 827.495 827.5242 827.5719 827.6367 827.709 827.7775 827.8401 827.9033 827.9718 828.0417 828.1152 828.2052 828.4644 828.8066 829.2023 829.6164 829.9979
-9999 -9999 -9999 -9999 -9999 -9999 -9999 -9999 -9999 -9999 -9999 -9999 -9999 -9999 -9999 -9999 -9999 -9999 -9999 -9999 843.5409 843.0908 842.244 840.9211 839.2904 837.4637 835.6972 834.1716 832.697 831.3171 830.3279 830.1469 830.0613 829.8152 829.5123 829.2026 828.9304 828.6685 828.4199 828.2001 828.0231 827.8864 827.7798 827.6947 827.6265 827.5714 827.5284 827.499 827.4825 827.4753 827.4755 827.4858 827.5101 827.5523 827.6135 827.6864 827.7574 827.819 827.8752 827.9354 828.0031 828.0835 828.2007 828.4221 828.7571 829.1622 829.4807 829.8695
-9999 -9999 -9999 -9999 -9999 -9999 -9999 -9999 -9999 -9999 -9999 -9999 -9999 -9999 -9999 -9999 -9999 -9999 -9999 -9999 -9999 844.1672 843.2678 841.8167 840.0372 838.1206 836.3066 834.8127 833.3375 831.812 830.664 830.5959 830.4453 830.0092 829.5883 829.2072 828.9332 828.6776 828.4272 828.2 828.0143 827.8701 827.7604 827.676 827.6102 827.5583 827.5184 827.4921 827.4798 827.4774 827.4804 827.4897 827.5103 827.5468 827.602 827.6716 827.7435 827.806 827.8586 827.9119 827.9772 828.0656 828.1966 828.3413 828.6262 828.9606 829.2565 829.7253
-9999 -9999 -9999 -9999 -9999 -9999 -9999 -9999 -9999 -9999 -9999 -9999 -9999 -9999 -9999 -9999 -9999 -9999 -9999 -9999 -9999 845.4095 844.3895 842.7236 840.7262 838.6368 836.7685 835.3653 834.0491 832.5525 831.3105 831.1174 830.5417 829.9954 829.5527 829.2028 828.9641 828.7123 828.4458 828.2001 828.0071 827.8602 827.7495 827.6669 827.6052 827.5574 827.5211 827.4974 827.4877 827.4892 827.4959 827.5062 827.5249 827.5574 827.6067 827.6704 827.7396 827.802 827.8521 827.897 827.9489 828.0143 828.0989 828.2094 828.5079 828.8531 829.2025 829.5856
