backend/lakes/data/Smoke Lake/smke_dem_tm.asc
ncols         133
nrows         122
xllcorner     371000
yllcorner     6020300
cellsize      50
NODATA_value  -9999
[rows 60 to 89 of 122, columns 0 to 67 of 133]
-9999 -9999 -9999 -9999 -9999 -9999 -9999 -9999 -9999 -9999 -9999 -9999 -9999 -9999 -9999 -9999 -9999 -9999 -9999 -9999 -9999 -9999 845.3611 843.4577 841.296 839.131 837.222 835.9069 834.7171 833.3152 831.86 830.8416 830.2616 829.8104 829.4635 829.2051 829.0441 828.7806 828.4777 828.2009 828.0016 827.8575 827.7498 827.6702 827.6128 827.5704 827.5383 827.517 827.509 827.5129 827.5228 827.5349 827.5527 827.5826 827.6274 827.6851 827.749 827.809 827.8569 827.8959 827.9368 827.9894 828.0663 828.1999 828.4651 828.8018 829.1693 829.4495
-9999 -9999 -9999 -9999 -9999 -9999 -9999 -9999 -9999 -9999 -9999 -9999 -9999 -9999 -9999 -9999 -9999 -9999 -9999 -9999 -9999 -9999 846.0067 844.0126 841.838 839.7677 837.9346 836.4896 835.3387 834.0869 832.575 831.2261 830.2785 829.752 829.4514 829.288 829.1859 828.8645 828.5096 828.2017 828.0035 827.8669 827.765 827.6889 827.6356 827.5987 827.5714 827.5527 827.5455 827.5502 827.5623 827.5765 827.5939 827.621 827.6621 827.7148 827.773 827.8287 827.8749 827.9114 827.9473 827.9944 828.0683 828.1999 828.4259 828.7102 828.9979 829.2422
-9999 -9999 -9999 -9999 -9999 -9999 -9999 -9999 -9999 -9999 -9999 -9999 -9999 -9999 -9999 -9999 -9999 -9999 -9999 -9999 -9999 -9999 -9999 844.582 842.5289 840.6674 838.9681 837.4299 836.0901 834.7932 833.3155 831.8073 830.572 829.8798 829.514 829.3346 829.196 828.8777 828.5145 828.2008 828.0228 827.8973 827.7996 827.7255 827.6749 827.6429 827.621 827.6051 827.598 827.6018 827.6141 827.6298 827.6475 827.6719 827.7086 827.7566 827.8099 827.8616 827.9063 827.9432 827.9785 828.0222 828.0876 828.1996 828.3957 828.6509 828.9235 829.2018
-9999 -9999 -9999 -9999 -9999 -9999 -9999 -9999 -9999 -9999 -9999 -9999 -9999 -9999 -9999 -9999 -9999 -9999 -9999 -9999 -9999 -9999 -9999 845.3679 843.4354 841.7691 840.1801 838.5497 836.9046 835.4498 834.0335 832.5396 831.1597 830.1904 829.6636 829.3935 829.1926 828.8729 828.5209 828.2103 828.0785 827.9558 827.8538 827.7787 827.7302 827.703 827.6865 827.6738 827.6662 827.6676 827.6778 827.6929 827.7106 827.7327 827.7643 827.8071 827.8562 827.9048 827.9489 827.9883 828.027 828.0709 828.1252 828.2015 828.3815 828.6184 828.8873 829.1807
-9999 -9999 -9999 -9999 -9999 -9999 -9999 -9999 -9999 -9999 -9999 -9999 -9999 -9999 -9999 -9999 -9999 -9999 -9999 -9999 -9999 -9999 -9999 846.2737 844.4226 842.8506 841.3201 839.6207 837.8013 836.1793 834.7512 833.2676 831.7487 830.5386 829.8812 829.4977 829.1935 828.8937 828.5858 828.329 828.1951 828.0325 827.9164 827.8422 827.7988 827.7775 827.7667 827.757 827.7482 827.7458 827.7517 827.7635 827.7792 827.799 827.8259 827.8628 827.9075 827.954 827.9987 828.042 828.0873 828.1391 828.1996 828.2621 828.3984 828.5922 828.8113 829.0297
-9999 -9999 -9999 -9999 -9999 -9999 -9999 -9999 -9999 -9999 -9999 -9999 -9999 -9999 -9999 -9999 -9999 -9999 -9999 -9999 -9999 -9999 -9999 -9999 845.3624 843.7809 842.1971 840.4257 838.5458 836.7973 835.3448 833.9214 832.3738 831.0643 830.2314 829.715 829.2507 828.9753 828.6714 828.3973 828.1998 828.0583 827.9633 827.9082 827.879 827.8664 827.8607 827.8521 827.8413 827.8338 827.8334 827.8394 827.8506 827.8667 827.8892 827.9204 827.9603 828.0049 828.0503 828.0967 828.1462 828.2 828.2518 828.3144 828.4263 828.5864 828.774 828.9722
-9999 -9999 -9999 -9999 -9999 -9999 -9999 -9999 -9999 -9999 -9999 -9999 -9999 -9999 -9999 -9999 -9999 -9999 -9999 -9999 -9999 -9999 -9999 -9999 846.0997 844.5298 842.9286 841.1501 839.2643 837.4705 835.9938 834.5911 833.0251 831.5684 830.641 830.0641 829.515 829.1655 828.7894 828.4639 828.2065 828.0928 828.0183 827.9849 827.9727 827.9697 827.9675 827.9548 827.9403 827.9277 827.9191 827.917 827.9214 827.9326 827.9506 827.9771 828.0125 828.0549 828.101 828.149 828.2 828.2521 828.3032 828.3654 828.4641 828.6058 828.7778 828.9698
-9999 -9999 -9999 -9999 -9999 -9999 -9999 -9999 -9999 -9999 -9999 -9999 -9999 -9999 -9999 -9999 -9999 -9999 -9999 -9999 -9999 -9999 -9999 -9999 -9999 845.1582 843.6521 841.9446 840.0696 838.1707 836.6173 835.1575 833.6138 832.0479 830.9463 830.1857 829.6094 829.1984 828.8687 828.5712 828.3329 828.1987 828.1047 828.0826 828.0814 828.0845 828.084 828.0575 828.0379 828.0228 828.0048 827.9918 827.988 827.9933 828.0075 828.0304 828.0627 828.1037 828.1503 828.2 828.2529 828.3079 828.3623 828.4248 828.5159 828.6459 828.807 828.989
-9999 -9999 -9999 -9999 -9999 -9999 -9999 -9999 -9999 -9999 -9999 -9999 -9999 -9999 -9999 -9999 -9999 -9999 -9999 -9999 -9999 -9999 -9999 -9999 -9999 845.6721 844.3763 842.8263 840.9261 838.858 837.1919 835.6797 834.1506 832.4788 831.1769 830.2477 829.6677 829.2316 828.9789 828.7076 828.4738 828.3109 828.202 828.1993 828.1999 828.2001 828.1992 828.145 828.1256 828.1147 828.0858 828.0596 828.0461 828.0461 828.0577 828.0792 828.1107 828.1517 828.2 828.251 828.3068 828.3684 828.4307 828.4973 828.5844 828.7042 828.853 829.0175
-9999 -9999 -9999 -9999 -9999 -9999 -9999 -9999 -9999 -9999 -9999 -9999 -9999 -9999 -9999 -9999 -9999 -9999 -9999 -9999 -9999 -9999 -9999 -9999 -9999 845.8248 844.8029 843.4781 841.5576 839.3569 837.5956 836.0615 834.5453 832.8198 831.3624 830.362 829.8466 829.438 829.1736 828.864 828.6239 828.4601 828.3602 828.3317 828.3194 828.302 828.267 828.2009 828.2 828.1996 828.1545 828.1157 828.0935 828.0892 828.1003 828.123 828.1561 828.2 828.2531 828.3076 828.3657 828.4329 828.5056 828.5809 828.6691 828.781 828.9147 829.0552
-9999 -9999 -9999 -9999 -9999 -9999 -9999 -9999 -9999 -9999 -9999 -9999 -9999 -9999 -9999 -9999 -9999 -9999 -9999 -9999 -9999 -9999 -9999 -9999 -9999 845.7842 844.8654 843.5931 841.7408 839.5336 837.76 836.2385 834.7413 833.0291 831.4975 830.5833 830.0988 829.5858 829.2044 828.9426 828.7499 828.6165 828.529 828.4856 828.4591 828.4273 828.3777 828.3156 828.2828 828.252 828.2001 828.1578 828.1306 828.1233 828.1365 828.1628 828.2 828.2499 828.3105 828.3721 828.4333 828.5034 828.5841 828.6707 828.7651 828.8735 828.9943 829.1102
-9999 -9999 -9999 -9999 -9999 -9999 -9999 -9999 -9999 -9999 -9999 -9999 -9999 -9999 -9999 -9999 -9999 -9999 -9999 -9999 -9999 -9999 -9999 -9999 -9999 845.868 844.7009 843.3823 841.608 839.4745 837.7455 836.2599 834.8014 833.1224 831.5864 830.6986 830.1563 829.6296 829.2203 829.0271 828.8824 828.7858 828.7067 828.6562 828.6217 828.5817 828.5197 828.4451 828.3796 828.3181 828.254 828.2 828.1641 828.1512 828.1689 828.2 828.2422 828.2988 828.3685 828.4406 828.5084 828.5803 828.6647 828.7598 828.8619 828.9709 829.0856 829.1985
-9999 -9999 -9999 -9999 -9999 -9999 -9999 -9999 -9999 -9999 -9999 -9999 -9999 -9999 -9999 -9999 -9999 -9999 -9999 -9999 -9999 -9999 -9999 -9999 -9999 845.8458 844.3882 843.0052 841.3387 839.3322 837.6716 836.2269 834.8293 833.2303 831.7386 830.8227 830.1865 829.7049 829.3681 829.1937 829.0468 828.98 828.8921 828.8367 828.8029 828.7617 828.6826 828.5841 828.4882 828.3999 828.3189 828.2502 828.2 828.1747 828.2 828.2336 828.285 828.351 828.4285 828.5101 828.5863 828.6607 828.7452 828.8429 828.9478 829.0511 829.1414 829.2005
-9999 -9999 -9999 -9999 -9999 -9999 -9999 -9999 -9999 -9999 -9999 -9999 -9999 -9999 -9999 -9999 -9999 -9999 -9999 -9999 -9999 -9999 -9999 -9999 848.8082 846.5132 844.6702 843.0591 841.3315 839.3611 837.697 836.2391 834.8901 833.4449 832.0807 831.0736 830.3091 829.8633 829.5535 829.3524 829.2079 829.1906 829.0677 829.0166 828.9965 828.9659 828.8594 828.7291 828.6052 828.496 828.4003 828.317 828.2474 828.2003 828.2263 828.2706 828.3339 828.4119 828.4969 828.5837 828.6652 828.7414 828.8236 828.9182 829.0201 829.1179 829.1996 829.2277
-9999 -9999 -9999 -9999 -9999 -9999 -9999 -9999 -9999 -9999 -9999 -9999 -9999 -9999 -9999 -9999 -9999 -9999 -9999 -9999 -9999 -9999 -9999 -9999 850.4659 847.8964 845.7362 843.7955 841.8351 839.7922 837.9796 836.3766 834.9738 833.6285 832.3781 831.382 830.6658 830.188 829.8379 829.6 829.4515 829.3427 829.2075 829.1987 829.2015 829.1917 829.0388 828.8738 828.7285 828.6071 828.5051 828.4182 828.3461 828.2994 828.3034 828.339 828.4019 828.486 828.5771 828.6656 828.7469 828.8219 828.8994 828.9861 829.0766 829.1541 829.2 829.2247
-9999 -9999 -9999 -9999 -9999 -9999 -9999 -9999 -9999 -9999 -9999 -9999 -9999 -9999 -9999 -9999 -9999 -9999 -9999 -9999 -9999 -9999 -9999 -9999 -9999 849.8019 847.4741 845.288 843.0371 840.722 838.6517 836.7805 835.2163 833.9446 832.8453 831.9066 831.1456 830.6057 830.1943 829.9081 829.769 829.5986 829.4698 829.4438 829.4385 829.3813 829.2041 829.0183 828.8608 828.7349 828.6336 828.5508 828.4825 828.434 828.4202 828.441 828.4946 828.5753 828.6677 828.7554 828.8329 828.9036 828.9751 829.0536 829.1344 829.1999 829.2261 829.2391
-9999 -9999 -9999 -9999 -9999 -9999 -9999 -9999 -9999 -9999 -9999 -9999 -9999 -9999 -9999 -9999 -9999 -9999 -9999 -9999 -9999 -9999 -9999 -9999 -9999 852.1198 849.7791 847.4838 845.018 842.3721 839.8499 837.6981 835.8867 834.4894 833.322 832.3384 831.5934 831.0682 830.5898 830.2369 830.1439 829.9114 829.7936 829.7845 829.7891 829.6948 829.46 829.2048 829.0177 828.8829 828.7826 828.7073 828.6459 828.5944 828.5659 828.5695 828.6093 828.6796 828.7659 828.8495 828.9216 828.9858 829.0516 829.1245 829.2001 829.2599 829.2854 829.2957
-9999 -9999 -9999 -9999 -9999 -9999 -9999 -9999 -9999 -9999 -9999 -9999 -9999 -9999 -9999 -9999 -9999 -9999 -9999 -9999 -9999 -9999 -9999 -9999 -9999 854.8771 852.6389 850.3651 847.8328 845.009 842.1678 839.6407 837.5414 835.901 834.4708 833.2524 832.2898 831.5911 831.0716 830.6338 830.4 830.212 830.2012 830.295 830.3533 830.1917 829.8126 829.4523 829.2004 829.0457 828.9416 828.8779 828.8271 828.7708 828.7297 828.7151 828.7372 828.7935 828.8685 828.9438 829.0089 829.0666 829.1277 829.2001 829.2825 829.3501 829.3856 829.4016
-9999 -9999 -9999 -9999 -9999 -9999 -9999 -9999 -9999 -9999 -9999 -9999 -9999 -9999 -9999 -9999 -9999 -9999 -9999 -9999 -9999 -9999 -9999 -9999 -9999 858.0973 856.0673 853.8972 851.3994 848.5951 845.6589 842.8901 840.465 838.4082 836.5664 834.9263 833.5712 832.5145 831.7484 831.2099 830.878 830.7048 830.8077 831.1482 831.3096 830.8823 830.2037 829.6904 829.3685 829.1976 829.0891 829.0476 829.0166 828.9495 828.899 828.8667 828.8687 828.9081 828.9697 829.0338 829.0897 829.1411 829.2001 829.2809 829.3772 829.4645 829.5205 829.5488
-9999 -9999 -9999 -9999 -9999 -9999 -9999 -9999 -9999 -9999 -9999 -9999 -9999 -9999 -9999 -9999 -9999 -9999 -9999 -9999 -9999 -9999 -9999 -9999 -9999 -9999 859.9959 858.0109 855.6255 852.9011 849.9967 847.1111 844.4248 841.9355 839.6547 837.5755 835.7368 834.1947 833.0049 832.2465 831.7561 831.4471 831.5106 831.9847 832.1035 831.5164 830.512 829.8698 829.4844 829.2891 829.2009 829.1998 829.1967 829.1055 829.0592 829.0095 828.9912 829.0138 829.0623 829.1136 829.1573 829.2 829.2593 829.351 829.4705 829.5917 829.682 829.7296
-9999 -9999 -9999 -9999 -9999 -9999 -9999 -9999 -9999 -9999 -9999 -9999 -9999 -9999 -9999 -9999 -9999 -9999 -9999 -9999 -9999 -9999 -9999 -9999 -9999 -9999 -9999 862.5308 860.3182 857.6953 854.8296 851.8868 849.033 846.2761 843.6583 841.171 838.8272 836.7204 835.037 833.8979 833.1953 832.6948 832.5145 832.7532 832.8616 832.0602 830.8602 830.0454 829.5853 829.3852 829.3301 829.3284 829.295 829.2029 829.1978 829.1265 829.0897 829.1007 829.1391 829.1761 829.2 829.2245 829.2848 829.3957 829.5507 829.7206 829.8638 829.9482
-9999 -9999 -9999 -9999 -9999 -9999 -9999 -9999 -9999 -9999 -9999 -9999 -9999 -9999 -9999 -9999 -9999 -9999 -9999 -9999 -9999 -9999 -9999 -9999 -9999 -9999 -9999 -9999 865.1933 862.6667 859.8176 856.8177 853.8265 850.8859 848.0029 845.1443 842.3472 839.8134 837.6349 835.9726 834.9084 834.1749 833.6724 833.3965 833.1514 832.3449 831.0614 830.1549 829.6679 829.502 829.5037 829.5139 829.4561 829.3549 829.285 829.2001 829.1537 829.1619 829.1958 829.2164 829.2 829.2054 829.2678 829.4093 829.6151 829.8449 830.0485 830.1866
-9999 -9999 -9999 -9999 -9999 -9999 -9999 -9999 -9999 -9999 -9999 -9999 -9999 -9999 -9999 -9999 -9999 -9999 -9999 -9999 -9999 -9999 -9999 -9999 -9999 -9999 -9999 -9999 -9999 -9999 864.6558 861.5634 858.4333 855.3356 852.2294 849.0757 845.9419 842.9983 840.3814 838.2528 836.7444 835.6677 834.8819 834.2108 833.5437 832.5645 831.2723 830.2495 829.7648 829.6722 829.7688 829.7924 829.6801 829.5264 829.3925 829.2759 829.2002 829.1975 829.2288 829.2445 829.1994 829.1522 829.2117 829.3961 829.673 829.973 830.2076 830.3028
-9999 -9999 -9999 -9999 -9999 -9999 -9999 -9999 -9999 -9999 -9999 -9999 -9999 -9999 -9999 -9999 -9999 -9999 -9999 -9999 -9999 -9999 -9999 -9999 -9999 -9999 -9999 -9999 -9999 -9999 -9999 865.9616 862.6872 859.4233 856.1307 852.7492 849.3367 846.0793 843.1525 840.7017 838.782 837.2828 836.1265 835.0844 834.0573 832.8756 831.5264 830.4023 829.929 829.931 830.1603 830.1732 829.9508 829.7175 829.5247 829.3685 829.2533 829.2 829.1996 829.1939 829.0754 829.0218 829.1164 829.3737 829.7569 830.1844 830.5624 830.6766
-9999 -9999 -9999 -9999 -9999 -9999 -9999 -9999 -9999 -9999 -9999 -9999 -9999 -9999 -9999 -9999 -9999 -9999 -9999 -9999 -9999 -9999 -9999 -9999 -9999 -9999 -9999 -9999 -9999 -9999 -9999 -9999 -9999 863.2051 859.7353 856.1783 852.5707 849.1044 845.9899 843.3281 841.1053 839.2081 837.5779 836.0588 834.6318 833.242 831.8668 830.7793 830.2639 830.324 830.6233 830.5793 830.2467 829.9352 829.6873 829.4829 829.3011 829.1501 829.043 828.9541 828.8528 828.8535 829.0264 829.3809 829.8857 830.4378 831.0451 831.1444
-9999 -9999 -9999 -9999 -9999 -9999 -9999 -9999 -9999 -9999 -9999 -9999 -9999 -9999 -9999 -9999 -9999 -9999 -9999 -9999 -9999 -9999 -9999 -9999 -9999 -9999 -9999 -9999 -9999 -9999 -9999 -9999 -9999 -9999 -9999 859.4728 855.7324 852.1526 848.9377 846.1622 843.7399 841.4611 839.2839 837.2271 835.3981 833.8717 832.4999 831.4036 830.9481 831.1394 831.4283 831.2302 830.7445 830.2526 829.9137 829.647 829.3855 829.1288 828.9172 828.7747 828.7048 828.7771 829.0413 829.4989 830.1525 830.9252 831.4224 831.4705
-9999 -9999 -9999 -9999 -9999 -9999 -9999 -9999 -9999 -9999 -9999 -9999 -9999 -9999 -9999 -9999 -9999 -9999 -9999 -9999 -9999 -9999 -9999 -9999 -9999 -9999 -9999 -9999 -9999 -9999 -9999 -9999 -9999 -9999 -9999 -9999 -9999 855.2344 851.9671 849.1083 846.5079 843.8831 841.1829 838.5933 836.3888 834.7058 833.3615 832.3015 831.7797 832.0307 832.2094 831.9802 831.333 830.7037 830.2187 829.8823 829.5471 829.2013 828.931 828.7924 828.7932 828.9592 829.3055 829.8081 830.4702 831.3068 831.9495 832.0654
-9999 -9999 -9999 -9999 -9999 -9999 -9999 -9999 -9999 -9999 -9999 -9999 -9999 -9999 -9999 -9999 -9999 -9999 -9999 -9999 -9999 -9999 -9999 -9999 -9999 -9999 -9999 -9999 -9999 -9999 -9999 -9999 -9999 -9999 -9999 -9999 -9999 858.2718 854.9467 851.9623 849.1548 846.2486 843.1821 840.1489 837.7138 835.8438 834.4775 833.5163 832.987 833.0627 833.0671 832.6401 831.9443 831.1478 830.5529 830.1687 829.799 829.4059 829.1575 829.1234 829.2809 829.604 830.0692 830.626 831.3463 832.1045 832.6293 832.8954
-9999 -9999 -9999 -9999 -9999 -9999 -9999 -9999 -9999 -9999 -9999 -9999 -9999 -9999 -9999 -9999 -9999 -9999 -9999 -9999 -9999 -9999 -9999 -9999 -9999 -9999 -9999 -9999 -9999 -9999 -9999 -9999 -9999 -9999 -9999 -9999 -9999 -9999 857.7045 854.5478 851.4859 848.3331 845.0494 841.8794 839.2524 837.2885 835.8658 834.9216 834.3278 834.1584 833.9256 833.2672 832.3808 831.4662 830.8218 830.392 830.1152 829.7615 829.6691 829.8898 830.3313 830.9106 831.5773 832.2759 832.9648 833.5708 833.9708 834.3795
-9999 -9999 -9999 -9999 -9999 -9999 -9999 -9999 -9999 -9999 -9999 -9999 -9999 -9999 -9999 -9999 -9999 -9999 -9999 -9999 -9999 -9999 -9999 -9999 -9999 -9999 -9999 -9999 -9999 -9999 -9999 -9999 -9999 -9999 -9999 -9999 -9999 -9999 860.1631 856.7902 853.4264 849.9819 846.5351 843.3646 840.7748 838.8342 837.4678 836.4612 835.7794 835.4006 834.8512 834.0801 833.1116 832.1084 831.2642 830.7032 830.4354 830.3417 830.6091 831.2546 832.116 833.0335 833.9485 834.7903 835.467 835.9121 836.2431 836.748
