backend/lakes/data/Island Lake/isla_dem_tm.asc
ncols         109
nrows         165
xllcorner     591600
yllcorner     6072150
cellsize      50
NODATA_value  -9999
[rows 90 to 119 of 165, columns 0 to 66 of 109]
-9999 -9999 -9999 -9999 -9999 -9999 -9999 -9999 -9999 -9999 -9999 -9999 -9999 -9999 -9999 -9999 -9999 -9999 -9999 -9999 -9999 -9999 -9999 617.4518 616.223 613.9536 610.8079 607.1594 603.4575 600.0756 597.4089 595.9579 595.1772 594.8737 594.8641 594.928 594.8273 594.9337 595.0387 595.1498 595.3495 595.0693 594.6093 594.1537 593.7368 593.4025 593.2948 593.4453 594.3937 595.6449 596.7534 597.7498 598.8995 600.7683 603.2259 606.2811 609.627 612.8251 615.3953 616.8547 617.0894 616.615 615.6286 614.5046 613.5914 612.783 611.8831
-9999 -9999 -9999 -9999 -9999 -9999 -9999 -9999 -9999 -9999 -9999 -9999 -9999 -9999 -9999 -9999 -9999 -9999 -9999 -9999 -9999 -9999 -9999 -9999 616.908 615.0997 612.2947 608.7458 604.8569 601.1112 598.1151 596.3336 595.3843 595.0131 594.9479 594.9287 594.6991 594.5564 594.541 594.6654 594.8757 594.6193 594.292 593.9962 593.7488 593.5516 593.3897 593.0508 593.3145 594.2 595.1884 596.2306 597.3053 598.8248 601.016 603.7912 607.0655 610.2289 612.7819 614.28 614.5001 613.7934 612.3997 610.8341 609.5021 608.4733 607.6498
-9999 -9999 -9999 -9999 -9999 -9999 -9999 -9999 -9999 -9999 -9999 -9999 -9999 -9999 -9999 -9999 -9999 -9999 -9999 -9999 -9999 -9999 -9999 -9999 617.0353 615.4842 612.9566 609.5684 605.6317 601.6765 598.4688 596.5176 595.5365 595.1523 595.0333 594.9183 594.5825 594.358 594.2671 594.3208 594.4116 594.291 594.1038 593.9304 593.7838 593.6252 593.3282 592.4797 592.1795 592.9959 594.0254 595.0803 596.1605 597.5427 599.3987 601.8969 604.953 607.7875 609.9459 611.0576 611.1012 610.2206 608.6774 606.9384 605.4315 604.3133 603.5775
-9999 -9999 -9999 -9999 -9999 -9999 -9999 -9999 -9999 -9999 -9999 -9999 -9999 -9999 -9999 -9999 -9999 -9999 -9999 -9999 -9999 -9999 -9999 -9999 617.0566 615.5781 613.176 609.8273 605.7875 601.666 598.3894 596.4491 595.5112 595.1307 594.9047 594.5919 594.298 594.0977 594.018 594.0322 594.0717 594.0303 593.9448 593.8513 593.7458 593.5685 593.1758 592.0712 591.7229 592.1779 593.3611 594.4609 595.2588 596.4863 598.1501 600.4865 603.4172 605.9077 607.5764 608.148 607.8658 606.8372 605.2116 603.4932 602.092 601.0563 600.4614
-9999 -9999 -9999 -9999 -9999 -9999 -9999 -9999 -9999 -9999 -9999 -9999 -9999 -9999 -9999 -9999 -9999 -9999 -9999 -9999 -9999 -9999 -9999 -9999 617.0922 615.5812 613.1759 609.7061 605.4356 601.1034 597.867 596.0649 595.2501 594.8528 594.3945 594.0302 593.8749 593.7943 593.7637 593.781 593.8146 593.8179 593.7905 593.7377 593.6366 593.4077 592.9498 592.188 591.8859 592.3069 593.2871 594.1622 594.9339 595.8936 597.3293 599.5767 602.4335 604.7855 606.1968 606.3075 605.6318 604.2734 602.5495 600.9721 599.9314 599.1359 598.8431
-9999 -9999 -9999 -9999 -9999 -9999 -9999 -9999 -9999 -9999 -9999 -9999 -9999 -9999 -9999 -9999 -9999 -9999 -9999 -9999 -9999 -9999 -9999 617.7498 616.8896 615.3512 612.8293 609.14 604.6225 600.2131 597.1465 595.5261 594.837 594.2728 593.7502 593.4331 593.4964 593.5293 593.5492 593.582 593.6228 593.6489 593.6484 593.6183 593.5465 593.3878 592.9554 592.4663 592.2965 592.6332 593.3642 594.1058 594.8707 595.5788 596.8004 598.9854 601.9662 604.4805 605.973 605.7441 604.4685 602.654 600.857 599.5251 598.9062 598.3118 598.2954
-9999 -9999 -9999 -9999 -9999 -9999 -9999 -9999 -9999 -9999 -9999 -9999 -9999 -9999 -9999 -9999 -9999 -9999 -9999 615.8231 616.713 617.3391 617.2385 616.9984 616.1916 614.6395 611.9519 607.9689 603.2305 599.0826 596.5601 595.196 594.5732 593.9659 593.4043 593.2889 593.3989 593.3984 593.4082 593.4457 593.496 593.532 593.5317 593.4886 593.4 593.2504 592.9811 592.7216 592.6667 592.9129 593.4022 594.0278 594.7659 595.3691 596.6472 598.9646 602.1534 604.9215 606.6481 605.9742 604.0983 601.9269 600.2192 599.2886 598.7659 598.0981 598.3423
-9999 -9999 -9999 -9999 -9999 -9999 -9999 -9999 -9999 -9999 -9999 -9999 -9999 -9999 -9999 -9999 -9999 612.66 613.7795 614.5854 615.2851 615.8196 616.0563 615.9714 615.2063 613.5568 610.5733 606.2687 601.4903 597.9816 596.598 595.9941 595.3328 594.4452 593.5229 593.3912 593.3455 593.3169 593.3204 593.3719 593.4451 593.4939 593.4805 593.3997 593.2777 593.1484 593.014 592.9266 592.9638 593.1454 593.4052 593.7985 594.3192 595.0562 596.683 599.3998 602.9777 606.1072 607.6265 606.4777 604.1433 601.7464 600.1015 599.4516 599.1065 598.1553 599.0687
-9999 -9999 -9999 -9999 -9999 -9999 -9999 -9999 -9999 -9999 -9999 -9999 -9999 -9999 -9999 -9999 610.2131 611.3672 612.4186 613.1711 613.8097 614.2054 614.4685 614.4124 613.6852 611.8904 608.6708 604.2726 599.9045 597.4447 597.6228 598.0652 597.4983 596.0256 594.3769 593.621 593.394 593.3116 593.2926 593.3691 593.4908 593.5771 593.5558 593.4033 593.2438 593.1169 593.0714 593.0979 593.2173 593.3947 593.5084 593.674 594.0599 594.9555 596.9149 600.1215 604.1129 607.2795 608.223 606.8241 604.1765 601.5613 599.7993 599.0045 598.5055 598.1553 599.1092
-9999 -9999 -9999 -9999 -9999 -9999 -9999 -9999 -9999 -9999 -9999 -9999 -9999 -9999 -9999 609.0535 609.446 610.1585 610.936 611.4555 611.7941 611.8928 611.9451 611.8135 611.127 609.3663 606.2245 602.1503 598.7388 598.1255 599.7365 601.2058 600.6309 598.5264 596.0898 594.3055 593.5136 593.394 593.329 593.4457 593.6515 593.8273 593.8628 593.7001 593.409 593.1991 593.1816 593.2452 593.3982 593.5474 593.6525 593.6825 594.007 595.0455 597.3596 601.0749 605.4651 608.6374 609.0424 607.1631 604.1159 601.2137 599.3687 598.6634 598.1345 598.2755 599.2507
-9999 -9999 -9999 -9999 -9999 -9999 -9999 -9999 -9999 -9999 -9999 -9999 -9999 -9999 -9999 608.6428 608.8629 609.0722 609.2964 609.2155 608.8342 608.2508 607.9417 607.707 607.1857 605.8522 603.2384 599.8143 597.6498 598.7709 601.7273 603.8968 603.2401 600.9882 598.0668 595.7408 594.3157 593.5296 593.4369 593.6093 593.9152 594.2181 594.3655 594.2413 593.845 593.4404 593.3953 593.401 593.5236 593.6853 593.817 593.7964 594.1232 595.3062 598.0164 602.2205 606.925 610.0238 609.9757 607.5369 604.0625 600.9162 599.0516 598.8746 598.3656 598.0966 598.6059
-9999 -9999 -9999 -9999 -9999 -9999 -9999 -9999 -9999 -9999 -9999 -9999 -9999 -9999 -9999 608.1678 608.0244 607.8901 607.4475 606.5715 605.1697 603.6021 602.8446 602.4868 602.2412 601.7135 600.1683 597.7474 597.196 599.8812 603.5859 605.6761 604.7748 602.569 599.5289 597.0681 595.3884 594.2628 593.834 593.8887 594.2267 594.644 594.9164 594.8836 594.454 593.9856 593.7366 593.6439 593.6993 593.8511 594.011 594.0025 594.3689 595.6805 598.676 603.1664 607.7729 610.5211 610.3029 607.4417 603.7382 600.5414 598.791 599.4977 598.7976 598.1717 598.0425
-9999 -9999 -9999 -9999 -9999 -9999 -9999 -9999 -9999 -9999 -9999 -9999 -9999 -9999 -9999 607.9841 607.3956 606.8048 605.7816 604.1751 601.9304 599.8907 598.6912 598.0944 598.0019 598.1559 597.6833 596.4807 597.9222 601.4905 605.0439 606.6866 604.2858 603.262 600.465 597.958 596.1292 594.8268 594.1576 594.0969 594.4352 594.9143 595.1805 595.1933 594.9182 594.4885 594.1306 593.9564 593.9507 594.0671 594.2415 594.2888 594.6796 596.0466 599.0344 603.3282 607.5326 609.9606 609.1191 606.1979 602.7924 600.0353 598.7771 598.9609 598.5911 597.9935 597.571
-9999 -9999 -9999 -9999 -9999 -9999 -9999 -9999 -9999 -9999 -9999 -9999 -9999 -9999 -9999 608.2937 607.2151 606.1572 604.8409 603.057 600.9913 599.0616 597.5789 596.6095 596.52 597.4002 598.4125 597.9855 599.9989 603.4421 605.9454 605.8313 604.9036 603.9292 601.0936 598.4398 596.4056 594.9503 594.2148 594.1133 594.4471 594.933 595.2609 595.353 595.217 594.9207 594.5659 594.372 594.3118 594.3629 594.543 594.6232 594.9137 596.1297 598.8156 602.5199 605.9543 607.697 606.6435 604.0998 601.516 599.4291 598.6221 598.548 598.2446 597.6057 596.7246
-9999 -9999 -9999 -9999 -9999 -9999 -9999 -9999 -9999 -9999 -9999 -9999 -9999 -9999 -9999 609.4593 608.0798 606.6763 605.1194 603.4995 601.9937 600.7025 599.5074 598.531 598.0559 598.1823 598.7961 599.9726 602.5952 605.6462 607.2985 606.8151 605.8038 604.585 601.8212 599.0444 596.726 595.0278 594.1837 594.0234 594.3667 594.9281 595.3074 595.4857 595.4958 595.372 595.1401 595.0309 594.858 594.7545 594.9857 594.9409 595.013 596.0016 598.2029 601.1499 603.691 604.7709 603.8088 601.9456 600.3176 599.056 598.4817 598.2502 597.7987 596.8156 596.0774
-9999 -9999 -9999 -9999 -9999 -9999 -9999 -9999 -9999 -9999 -9999 -9999 -9999 -9999 -9999 610.8937 609.5245 608.1599 606.7138 605.3347 604.3524 603.5416 602.7101 601.8337 601.0666 600.7386 601.1964 602.8491 605.3812 607.5911 608.0253 607.1711 606.2122 605.2133 603.0286 600.2562 597.57 595.433 594.2939 593.9303 594.2149 594.8987 595.3301 595.6289 595.8356 596.0241 596.247 596.1731 595.6733 595.1896 595.4501 595.0197 594.9778 595.8217 597.3723 599.4723 601.2641 601.9316 601.333 600.1879 599.3423 598.681 598.2721 597.9186 597.2256 596.309 595.4692
-9999 -9999 -9999 -9999 -9999 -9999 -9999 -9999 -9999 -9999 -9999 -9999 -9999 -9999 -9999 -9999 610.9953 609.7572 608.5466 607.5045 607.0265 606.6456 606.1219 605.4012 604.5877 604.0318 604.3214 605.8978 607.8972 609.1851 608.7468 607.5266 606.4446 605.8074 604.4857 601.9557 598.9882 596.3896 594.7014 593.886 593.9017 594.6606 595.2112 595.7253 596.137 596.5157 596.9171 596.9431 596.5522 596.0239 595.2736 595.0764 595.3638 595.9045 596.7148 598.0773 599.3675 599.8499 599.6552 599.1736 598.7122 598.3329 597.9543 597.3978 596.5738 595.6619 594.9312
-9999 -9999 -9999 -9999 -9999 -9999 -9999 -9999 -9999 -9999 -9999 -9999 -9999 -9999 -9999 -9999 -9999 611.0024 609.9354 609.1954 609.2527 609.2964 609.0402 608.4698 607.7261 607.0985 607.1678 608.3583 609.6921 610.2445 609.7549 608.5759 607.4313 606.8071 605.9744 603.8041 600.7993 597.8044 595.4465 593.9895 593.4072 593.905 594.8843 595.8258 596.5223 597.1752 597.6357 597.702 597.3856 596.9059 596.3901 596.2632 596.3477 596.4175 596.5616 597.2276 598.24 598.7648 598.7784 598.636 598.3048 597.9624 597.4862 596.8524 596.0495 595.0721 594.5103
-9999 -9999 -9999 -9999 -9999 -9999 -9999 -9999 -9999 -9999 -9999 -9999 -9999 -9999 -9999 -9999 -9999 -9999 610.8902 610.3271 610.834 611.1589 611.0258 610.6329 610.0015 609.3837 609.2067 609.9667 610.8214 610.9968 610.5568 609.786 608.7737 608.0928 607.3298 605.4261 602.5612 599.4774 596.7022 594.6689 593.577 593.5114 594.7439 596.1106 597.1061 597.937 598.4209 598.4573 598.1484 597.7661 597.439 597.2643 597.1338 596.7668 596.45 596.6351 597.6539 598.2162 598.3451 598.2814 598.009 597.5079 596.8716 596.1192 595.2039 594.6127 594.2701
-9999 -9999 -9999 -9999 -9999 -9999 -9999 -9999 -9999 -9999 -9999 -9999 -9999 -9999 -9999 -9999 -9999 -9999 -9999 -9999 -9999 -9999 -9999 611.6041 611.1561 610.7633 610.4756 610.9846 611.4344 611.4811 611.1654 -9999 610.0094 609.1829 608.3075 606.7161 604.1395 601.1285 598.2921 596.0748 594.5629 594.0129 594.976 596.3315 597.6197 598.6605 599.1309 599.064 598.6705 598.4109 598.2584 598.0248 597.705 597.1322 596.5279 596.4529 597.0671 597.8378 598.0004 598.1498 597.8308 596.9984 596.1135 595.2071 594.7073 594.4086 594.2302
-9999 -9999 -9999 -9999 -9999 -9999 -9999 -9999 -9999 -9999 -9999 -9999 -9999 -9999 -9999 -9999 -9999 -9999 -9999 -9999 -9999 -9999 -9999 -9999 -9999 -9999 611.6337 611.9583 -9999 -9999 -9999 -9999 610.9233 610.0121 608.9617 607.5254 605.3165 602.5969 599.9115 597.774 596.3713 595.667 595.9293 596.7834 598.1179 599.2483 599.4601 599.1986 598.7582 598.7544 598.8871 598.5847 598.1589 597.6321 597.1093 596.4579 596.5375 597.3223 597.8049 597.9197 597.203 596.14 595.1561 594.6848 594.5717 594.4712 594.3335
-9999 -9999 -9999 -9999 -9999 -9999 -9999 -9999 -9999 -9999 -9999 -9999 -9999 -9999 -9999 -9999 -9999 -9999 -9999 -9999 -9999 -9999 -9999 -9999 -9999 -9999 -9999 -9999 -9999 -9999 -9999 -9999 -9999 610.431 609.1577 607.7753 605.9202 603.605 601.1913 599.1987 597.9208 597.34 597.1719 597.5706 598.5632 599.4992 598.5956 598.0138 598.47 598.9308 599.4348 598.9615 598.4384 597.8245 597.134 596.4553 596.4553 597.173 597.6814 597.4873 596.5229 595.2669 594.5879 594.4764 594.7379 594.7357 594.5566
-9999 -9999 -9999 -9999 -9999 -9999 -9999 -9999 -9999 -9999 -9999 -9999 -9999 -9999 -9999 -9999 -9999 -9999 -9999 -9999 -9999 -9999 -9999 -9999 -9999 -9999 -9999 -9999 -9999 -9999 -9999 -9999 -9999 -9999 609.2567 607.7982 606.1733 604.3215 602.3199 600.4339 599.2178 598.6312 598.3699 598.3459 598.7466 599.2098 599.3555 599.0358 598.9974 599.0287 599.494 599.2492 598.6879 597.962 597.1556 596.4516 596.4794 597.3563 597.9495 597.5873 596.6378 595.3468 594.6126 594.5303 594.9332 595.0757 594.8049
-9999 -9999 -9999 -9999 -9999 -9999 -9999 -9999 -9999 -9999 -9999 -9999 -9999 -9999 -9999 -9999 -9999 -9999 -9999 -9999 -9999 -9999 -9999 -9999 -9999 -9999 -9999 -9999 -9999 -9999 -9999 -9999 -9999 -9999 609.7982 608.3382 606.7682 605.157 603.5645 601.9578 600.6464 600.2301 600.1475 600.0279 599.6464 599.2754 599.4554 599.3883 599.4739 599.2266 599.2536 599.3464 598.819 598.0669 597.2454 596.4531 596.6489 597.7543 598.3212 598.1867 597.7267 596.5137 595.3203 594.9304 595.3755 595.3816 594.9528
-9999 -9999 -9999 -9999 -9999 -9999 -9999 -9999 -9999 -9999 -9999 -9999 -9999 -9999 -9999 -9999 -9999 -9999 -9999 -9999 -9999 -9999 -9999 -9999 -9999 -9999 -9999 -9999 -9999 -9999 -9999 -9999 -9999 -9999 -9999 609.5061 607.8859 606.2714 604.8384 603.5602 602.6041 602.4142 602.7262 602.9662 602.6128 601.6344 600.5594 599.7342 599.4868 599.2031 599.0234 598.6057 598.188 597.7704 597.3527 596.4556 597.1506 598.1435 598.8641 599.1839 599.0573 598.0554 596.6163 595.5569 595.9363 595.3629 594.8989
-9999 -9999 -9999 -9999 -9999 -9999 -9999 -9999 -9999 -9999 -9999 -9999 -9999 -9999 -9999 -9999 -9999 -9999 -9999 -9999 -9999 -9999 -9999 -9999 -9999 -9999 -9999 -9999 -9999 -9999 -9999 -9999 -9999 -9999 -9999 610.7955 609.2608 607.537 606.0432 604.9823 604.5797 604.9666 605.7139 606.2791 606.0524 604.6934 602.5628 600.4889 599.6567 599.4875 599.4732 599.1315 598.3535 597.5697 596.907 596.496 597.5392 598.3452 599.0361 599.4744 599.1719 599.0578 597.9786 596.6075 595.6499 595.1028 594.911
-9999 -9999 -9999 -9999 -9999 -9999 -9999 -9999 -9999 -9999 -9999 -9999 -9999 -9999 -9999 -9999 -9999 -9999 -9999 -9999 -9999 -9999 -9999 -9999 -9999 -9999 -9999 -9999 -9999 -9999 -9999 -9999 -9999 -9999 -9999 -9999 610.351 608.6227 607.1017 606.1645 606.2302 607.1443 608.1902 608.9454 608.936 607.6777 605.2497 602.514 600.5202 599.7994 599.2876 598.5731 597.6992 596.9647 596.4622 596.4392 597.1532 597.9318 598.5221 598.7109 598.0858 598.2007 598.885 598.0754 597.069 596.2806 595.6081
-9999 -9999 -9999 -9999 -9999 -9999 -9999 -9999 -9999 -9999 -9999 -9999 -9999 -9999 -9999 -9999 -9999 -9999 -9999 -9999 -9999 -9999 -9999 -9999 -9999 -9999 -9999 -9999 -9999 -9999 -9999 -9999 -9999 -9999 -9999 -9999 -9999 609.4606 608.0579 607.1949 607.478 608.5478 609.6675 610.5137 610.8682 610.0969 607.9545 605.2045 602.7068 600.9508 599.5652 598.299 597.1326 596.4051 595.9823 596.0083 596.4929 597.21 597.9288 598.5021 598.9593 599.2081 599.9043 599.5374 598.5891 597.6467 596.6392
-9999 -9999 -9999 -9999 -9999 -9999 -9999 -9999 -9999 -9999 -9999 -9999 -9999 -9999 -9999 -9999 -9999 -9999 -9999 -9999 -9999 -9999 -9999 -9999 -9999 -9999 -9999 -9999 -9999 -9999 -9999 -9999 -9999 -9999 -9999 -9999 -9999 -9999 -9999 608.1054 608.1693 608.9745 610.069 611.1818 612.0396 611.8631 610.2568 607.8167 605.2423 602.8834 600.5398 598.5977 596.8666 595.9828 595.5592 595.5428 595.8849 596.4731 597.2438 598.2015 599.3807 600.1896 600.9213 600.7346 599.6874 598.6425 597.7086
-9999 -9999 -9999 -9999 -9999 -9999 -9999 -9999 -9999 -9999 -9999 -9999 -9999 -9999 -9999 -9999 -9999 -9999 -9999 -9999 -9999 -9999 -9999 -9999 -9999 -9999 -9999 -9999 -9999 -9999 -9999 -9999 -9999 -9999 -9999 -9999 -9999 -9999 -9999 -9999 -9999 -9999 -9999 611.6417 612.8072 612.8933 611.9044 609.894 607.5008 604.9926 602.2924 599.701 597.3672 596.0615 595.429 595.2713 595.4744 595.9519 596.6927 597.9661 599.4693 600.7117 601.2592 600.947 600.0702 599.0291 598.3278
