backend/lakes/data/Island Lake/isla_dem_tm.asc
ncols         109
nrows         165
xllcorner     591600
yllcorner     6072150
cellsize      50
NODATA_value  -9999
[rows 60 to 89 of 165, columns 0 to 66 of 109]
-9999 -9999 -9999 -9999 -9999 -9999 -9999 -9999 -9999 -9999 -9999 -9999 -9999 -9999 -9999 -9999 -9999 620.3416 616.3253 611.4026 606.5611 602.7074 600.2934 599.114 598.7139 598.5389 598.1693 597.8079 597.2048 596.3234 595.8226 595.9429 596.3284 596.4581 596.2755 595.5811 594.9953 595.2784 596.1216 597.3524 598.6313 599.5878 600.9584 603.0259 605.9794 609.1705 612.1364 614.5244 616.0484 616.6612 616.6441 616.6007 616.9969 618.3031 620.2638 622.3738 623.9778 624.6806 624.7805 624.7994 -9999 -9999 -9999 -9999 -9999 -9999 622.3499
-9999 -9999 -9999 -9999 -9999 -9999 -9999 -9999 -9999 -9999 -9999 -9999 -9999 -9999 -9999 -9999 -9999 618.563 614.74 610.275 605.8457 602.2335 599.8474 598.647 598.1902 597.8736 597.2357 596.4552 595.4174 594.2923 593.7316 594.1304 594.7853 595.1765 595.3644 594.9574 594.6133 594.8724 595.5594 596.6053 597.8826 599.1179 600.604 602.3255 604.6484 607.0958 609.4819 611.5667 613.1222 613.9617 614.1962 614.2453 614.4756 615.2905 616.6713 618.2897 619.7064 620.6071 621.1298 621.644 622.236 622.8352 -9999 -9999 623.8647 623.0812 621.6715
-9999 -9999 -9999 -9999 -9999 -9999 -9999 -9999 -9999 -9999 -9999 -9999 -9999 -9999 -9999 -9999 -9999 616.4101 613.0955 609.3274 605.5129 602.2698 599.9122 598.4936 597.8819 597.2399 596.3247 595.119 593.605 592.3443 591.9792 592.5204 593.4027 594.1687 594.658 594.3849 594.0596 594.1962 594.8401 595.7628 596.9645 598.4051 599.986 601.5062 602.9076 604.475 606.2901 608.1757 609.8403 610.8677 611.2418 611.2098 611.1614 611.4488 612.2818 613.4631 614.7205 615.8483 616.8114 617.7786 618.7421 619.6272 620.3887 621.0289 621.2241 620.7446 619.7439
-9999 -9999 -9999 -9999 -9999 -9999 -9999 -9999 -9999 -9999 -9999 -9999 -9999 -9999 -9999 -9999 -9999 614.3489 611.5807 608.4161 605.1981 602.2884 599.8804 598.2419 597.4536 596.6766 595.5016 593.8454 592.0834 590.7173 590.3625 590.9626 592.0016 592.9449 593.5374 593.615 593.4463 593.4494 593.9766 594.826 596.1331 597.6758 599.1907 600.5129 600.8052 601.7458 603.1855 604.9355 606.6445 607.7103 608.054 607.8413 607.5117 607.3646 607.7395 608.5822 609.72 611.0182 612.3339 613.6316 614.8447 615.8427 616.5992 617.1501 617.3181 617.0241 616.4151
-9999 -9999 -9999 -9999 -9999 -9999 -9999 -9999 -9999 -9999 -9999 -9999 -9999 -9999 -9999 -9999 -9999 612.7061 610.4363 607.7732 605.0031 602.3644 600.0306 598.2239 597.2413 596.3358 594.9064 593.0559 591.1005 589.6116 589.0552 589.5368 590.3498 591.3514 592.2582 592.7535 592.7684 592.6232 592.9423 593.571 594.8712 596.4338 597.7968 598.5569 598.8204 599.6565 600.8964 602.3362 603.8511 604.7265 604.8845 604.5995 604.1965 603.7873 603.8296 604.3787 605.3378 606.6265 608.0604 609.5236 610.8711 611.9258 612.5921 612.8737 612.7808 612.4097 612.0276
-9999 -9999 -9999 -9999 -9999 -9999 -9999 -9999 -9999 -9999 -9999 -9999 -9999 -9999 -9999 -9999 -9999 611.6718 609.7717 607.3878 604.8649 602.4017 600.1284 598.2535 597.1047 596.0481 594.4096 592.4277 590.4825 589.0468 588.6068 588.7515 589.1476 590.0925 590.9221 591.83 592.0187 591.7094 591.5292 592.1 593.5219 595.189 596.5925 597.3554 597.7126 598.3506 599.3817 600.4729 601.5284 602.041 602.0541 602.0396 601.9222 601.4412 601.2623 601.5231 602.1906 603.1777 604.3076 605.6539 606.9973 608.1184 608.774 608.8513 608.4218 607.7723 607.4003
-9999 -9999 -9999 -9999 -9999 -9999 -9999 -9999 -9999 -9999 -9999 -9999 -9999 -9999 -9999 -9999 -9999 610.9189 609.2003 606.9508 604.591 602.2889 600.085 598.2095 596.8632 595.52 593.7023 591.8538 590.2475 589.1319 588.8148 588.8244 589.1166 589.7561 590.2036 590.4871 590.569 590.6015 590.5432 590.9339 592.4113 594.2412 595.7725 596.5873 597.0332 597.7988 598.5673 599.2407 599.6554 599.8644 599.8739 599.8921 599.8625 599.5457 599.3623 599.4579 599.8784 600.5994 601.373 602.2053 603.3557 604.4983 605.3127 605.5135 604.9454 604.063 603.5173
-9999 -9999 -9999 -9999 -9999 -9999 -9999 -9999 -9999 -9999 -9999 -9999 -9999 -9999 -9999 -9999 -9999 610.2714 608.4968 606.3477 604.1273 601.9509 599.8171 598.0519 596.584 595.0496 593.1583 591.4599 590.1539 589.2925 589.0144 589.1319 589.5837 590.2133 590.4266 590.451 590.425 590.3976 590.2773 590.4656 591.3785 592.8943 594.411 595.5798 596.2568 596.9725 597.6496 597.9509 598.0276 598.0255 597.9919 597.9931 597.9983 597.8967 597.8198 597.8554 598.1307 598.7668 599.2877 599.757 600.4056 601.1852 602.143 602.8057 602.4993 601.6826 601.0083
-9999 -9999 -9999 -9999 -9999 -9999 -9999 -9999 -9999 -9999 -9999 -9999 -9999 -9999 -9999 -9999 610.9395 609.2621 607.3478 605.3785 603.4263 601.428 599.3984 597.7496 596.2524 594.5529 592.7808 591.5804 590.4968 589.7725 589.5474 589.7687 590.3738 591.0613 591.5911 591.7523 591.6233 591.151 590.6272 590.2971 590.4122 591.1215 592.3038 593.6009 594.6749 595.4707 596.1249 596.4257 596.4644 596.4137 596.3662 596.374 596.4514 596.4536 596.4382 596.4857 596.7605 597.4603 597.7556 597.889 598.1316 598.6324 599.56 600.4377 600.6484 600.3581 599.7625
-9999 -9999 -9999 -9999 -9999 -9999 -9999 -9999 -9999 -9999 -9999 -9999 -9999 -9999 -9999 -9999 610.4622 608.1791 606.0288 604.191 602.4922 600.5645 598.6234 597.1483 595.9122 594.5925 593.251 592.2136 591.5459 590.8751 590.686 590.9225 591.6132 592.242 592.8802 593.2454 593.0482 592.314 591.3927 590.4238 589.5702 589.2745 589.8535 591.0306 592.2566 593.2692 594.1224 594.7567 594.9996 595.0286 595.023 595.0943 595.3509 595.4175 595.4347 595.5048 595.7308 596.1667 596.2996 596.3276 596.4576 596.76 597.4773 598.3643 599.1142 599.4445 599.054
-9999 -9999 -9999 -9999 -9999 -9999 -9999 -9999 -9999 -9999 -9999 -9999 -9999 -9999 -9999 -9999 610.2128 607.4863 605.0856 603.2244 601.5797 599.7597 598.032 596.5306 595.2891 594.5436 593.9521 593.5417 593.2849 592.9478 592.8544 592.9933 593.3887 593.856 594.2509 594.5679 594.2036 593.5435 592.5979 591.0226 589.2443 588.0986 587.8922 588.7477 589.9147 591.0405 592.131 593.2234 593.9109 594.2036 594.3683 594.5974 594.9124 594.9326 594.9313 594.9306 594.9291 594.9778 594.9926 595.063 595.354 595.5896 596.0363 596.7723 597.6158 597.9345 597.8572
-9999 -9999 -9999 -9999 -9999 -9999 -9999 -9999 -9999 -9999 -9999 -9999 -9999 -9999 -9999 -9999 610.3255 607.3723 604.7902 602.7982 600.9987 599.3486 597.8135 596.4023 595.3987 594.9755 595.0287 595.3203 595.5309 595.5906 595.6584 595.6448 595.5242 595.501 595.4705 595.4346 595.0482 594.6239 593.6298 591.9551 589.7277 587.8631 587.1671 587.5023 588.5316 589.5049 590.6693 592.0927 593.2053 593.7183 594.0416 594.4263 594.8146 595.0629 595.1232 594.9995 594.7091 594.4989 594.4191 594.5386 594.8677 594.9031 595.0398 595.6149 596.1715 596.3633 596.4188
-9999 -9999 -9999 -9999 -9999 -9999 -9999 -9999 -9999 -9999 -9999 -9999 -9999 -9999 -9999 -9999 610.7723 607.8979 605.2217 602.9371 600.9301 599.2918 597.8096 596.4728 595.7651 595.7584 596.3134 597.0526 597.7745 598.2339 598.5815 598.5357 597.9919 597.3417 596.7587 596.3975 595.8486 595.3472 594.5442 592.9958 590.7718 588.7083 587.5349 587.5917 588.3983 589.292 590.0919 591.6183 592.679 593.353 593.835 594.5043 595.1506 595.761 595.9871 595.8118 595.2112 594.7487 594.4932 594.4542 594.5326 594.4694 594.5146 594.848 594.9798 595.0591 595.3311
-9999 -9999 -9999 -9999 -9999 -9999 -9999 -9999 -9999 -9999 -9999 -9999 -9999 -9999 -9999 -9999 611.5984 608.9244 606.1954 603.5972 601.2809 599.4731 598.0085 596.6879 596.1335 596.3848 597.3025 598.4666 599.6395 600.4559 601.0649 601.2097 600.4982 599.4483 598.4011 597.633 596.6884 595.9543 595.1751 593.9277 591.8397 589.8419 588.6041 588.1952 588.495 589.0258 589.9501 591.4232 592.2837 592.9289 593.5731 594.7263 596.0235 596.9904 597.5508 597.4269 596.7029 595.9044 595.4464 595.1962 594.9822 594.6406 594.4365 594.4941 594.6144 594.8321 595.1011
-9999 -9999 -9999 -9999 -9999 -9999 -9999 -9999 -9999 -9999 -9999 -9999 -9999 -9999 -9999 -9999 612.748 610.3597 607.6517 604.8 602.1641 600.1167 598.7314 597.3666 596.4766 596.5421 597.8217 599.4031 600.7304 601.846 602.7241 603.3606 603.0084 601.8589 600.5119 599.2776 597.9567 596.7767 595.8219 594.613 592.7657 590.868 589.558 588.8631 588.8073 588.933 590.0662 591.1793 591.9313 592.5681 593.2753 594.4031 596.0458 597.4606 598.1606 598.4731 598.4912 598.0753 597.6786 597.2562 596.6518 595.7891 595.1972 595.0357 595.2283 595.7444 596.2249
-9999 -9999 -9999 -9999 -9999 -9999 -9999 -9999 -9999 -9999 -9999 -9999 -9999 -9999 -9999 -9999 -9999 611.8909 609.3862 606.4902 603.6552 601.3058 599.6025 598.2911 596.8471 596.4927 597.5344 598.8196 599.9782 600.8906 602.6019 604.5416 605.4638 604.9771 603.5306 601.6606 599.8112 598.1843 596.8463 595.4969 593.8533 592.0692 590.5908 589.571 589.0554 588.9952 590.1306 591.1321 591.8496 592.3396 592.8957 593.7666 595.2397 596.6514 597.795 598.7253 599.5922 600.0289 600.3273 600.1887 599.4336 598.2192 597.1394 596.6558 596.8745 597.4291 597.8837
-9999 -9999 -9999 -9999 -9999 -9999 -9999 -9999 -9999 -9999 -9999 -9999 -9999 -9999 -9999 -9999 -9999 613.5102 611.2569 608.4803 605.6185 603.0372 600.8968 599.1312 597.5704 596.5892 596.6634 597.5217 598.3237 599.595 602.1375 605.2261 607.6807 608.2872 607.152 604.8723 602.3129 600.1502 598.4567 596.7221 595.0317 593.3634 591.7842 590.4098 589.6176 589.5354 590.3394 591.2838 591.8821 592.271 592.7122 593.4598 594.6994 595.8005 596.9297 598.3116 599.8442 601.1918 602.2895 602.8096 602.3607 601.0994 599.5908 598.5827 598.4435 598.8618 599.5163
-9999 -9999 -9999 -9999 -9999 -9999 -9999 -9999 -9999 -9999 -9999 -9999 -9999 -9999 -9999 -9999 -9999 -9999 613.1797 610.5801 607.7474 604.9548 602.3459 599.9885 597.9385 596.4614 595.8511 596.1572 596.8214 598.4886 601.5075 605.6289 609.1602 610.7816 610.5201 608.2655 605.2318 602.4155 600.3553 598.0077 596.0984 594.4409 592.7848 591.1276 590.1396 590.0205 590.7117 591.7062 592.1455 592.4153 592.7599 593.4164 594.4679 595.3851 596.5344 597.9288 599.5675 601.3819 602.3047 603.3801 603.6836 603.0684 601.6458 600.2636 599.6163 599.7733 600.6832
-9999 -9999 -9999 -9999 -9999 -9999 -9999 -9999 -9999 -9999 -9999 -9999 -9999 -9999 -9999 -9999 -9999 -9999 614.7124 612.3168 609.4936 606.4745 603.4097 600.5259 598.0488 596.1957 595.067 595.0088 595.6981 597.5231 600.9024 605.4979 609.4011 610.9478 612.5714 611.0027 607.8661 604.3716 601.3682 598.5493 596.4149 594.762 593.1403 591.4332 590.4034 590.3997 591.4512 592.1427 592.5115 592.7673 593.0982 593.807 595.0039 596.02 596.6438 597.4838 598.5798 600.0933 601.3712 602.748 603.5579 603.4328 602.3004 600.955 600.0104 599.8627 601.033
-9999 -9999 -9999 -9999 -9999 -9999 -9999 -9999 -9999 -9999 -9999 -9999 -9999 -9999 -9999 -9999 -9999 -9999 615.1558 612.9868 610.2562 607.0455 603.6433 600.5404 597.9438 595.9398 594.8424 594.675 595.1557 596.9679 600.3896 605.1361 609.5795 612.184 612.5642 612.4993 609.7322 605.7958 602.0032 598.7032 596.2969 594.6802 593.213 591.6387 590.4189 590.4418 591.6532 592.4562 592.9537 593.3703 593.8267 594.8514 595.9493 596.5158 596.8669 597.317 597.9574 598.8449 599.9501 600.9645 601.6859 601.6586 601.1459 600.8182 599.9565 599.5056 600.1075
-9999 -9999 -9999 -9999 -9999 -9999 -9999 -9999 -9999 -9999 -9999 -9999 -9999 -9999 -9999 -9999 -9999 615.9624 614.5208 612.6495 610.0918 606.7986 603.2753 600.2299 597.8269 595.9347 594.9365 594.9133 595.2177 596.7693 599.9532 604.5577 609.2338 612.5516 613.5808 613.6326 610.8563 606.5853 602.2845 598.7595 596.2576 594.6256 593.2001 591.672 590.4065 590.4299 591.6953 592.7607 593.4983 594.2188 595.001 595.9965 596.7164 597.1781 597.5246 597.8461 598.1534 598.5153 599.4445 600.2271 600.6467 600.6332 600.6048 600.6439 600.0959 599.6501 599.2943
-9999 -9999 -9999 -9999 -9999 -9999 -9999 -9999 -9999 -9999 -9999 -9999 -9999 -9999 -9999 -9999 -9999 615.188 613.9059 612.1469 609.5898 606.2585 602.6876 599.8305 597.8381 596.1656 595.0474 594.9446 595.3463 596.7512 599.6351 603.89 608.5422 612.3834 614.501 614.2219 611.2559 606.7725 602.2143 598.8422 596.4592 594.7816 593.2573 591.6823 590.3943 590.4165 591.7197 593.133 594.2004 595.1516 596.1364 596.9813 597.7308 598.4634 599.1698 599.7442 600.1286 600.4662 600.873 601.2263 601.2816 601.1437 601.5153 602.1367 602.1261 601.3976 600.1921
-9999 -9999 -9999 -9999 -9999 -9999 -9999 -9999 -9999 -9999 -9999 -9999 -9999 -9999 -9999 -9999 -9999 615.2426 613.9122 612.1109 609.5589 606.2238 602.5475 599.6952 598.1061 596.5353 595.6047 595.444 595.8264 597.084 599.6214 603.3085 607.5076 611.2263 613.5088 613.3034 610.5825 606.3801 602.0765 598.9803 596.8564 595.2218 593.6044 591.8779 590.4471 590.3781 591.5787 593.2091 594.7204 596.0302 597.0886 598.1556 599.3618 600.9128 602.4245 603.5635 604.189 604.4672 604.4562 604.2361 604.0709 604.2511 604.8937 605.6334 605.6899 604.6688 602.8052
-9999 -9999 -9999 -9999 -9999 -9999 -9999 -9999 -9999 -9999 -9999 -9999 -9999 -9999 -9999 -9999 -9999 615.9803 614.9343 613.2217 610.709 607.4184 603.7112 600.5236 598.5513 597.1343 596.4005 596.3213 596.6926 597.9028 600.0237 602.8195 606.0789 609.0562 610.9626 611.0028 608.8506 605.4359 601.9152 599.2432 597.7347 596.35 594.6791 592.6745 590.8532 590.3827 591.176 592.9641 594.7884 596.4139 597.9531 599.7244 601.8167 604.2853 606.4816 608.1003 608.9775 609.2829 609.0869 608.5858 608.2942 608.5787 609.3188 609.97 609.9277 608.6326 606.2914
-9999 -9999 -9999 -9999 -9999 -9999 -9999 -9999 -9999 -9999 -9999 -9999 -9999 -9999 -9999 -9999 -9999 616.9254 616.3905 615.0234 612.734 609.6369 606.025 602.5329 599.8762 598.1924 597.3152 597.1716 597.6743 598.6224 600.3129 602.1603 604.1255 605.9839 607.2556 607.4424 605.9857 603.6428 601.3513 599.5294 598.7264 597.7506 596.1674 594.0772 591.9044 590.7291 590.9553 592.7476 594.8278 596.7599 598.7965 601.3979 604.4839 607.5539 610.1954 612.1185 613.202 613.6206 613.3959 612.7793 612.4097 612.6759 613.3707 613.7784 613.7696 612.466 609.9541
-9999 -9999 -9999 -9999 -9999 -9999 -9999 -9999 -9999 -9999 -9999 -9999 -9999 -9999 -9999 -9999 -9999 -9999 617.6889 616.7667 614.9448 612.2628 608.9153 605.3768 602.2445 599.9086 598.5068 597.9034 597.9831 598.6492 599.9874 600.6513 601.4747 602.465 603.2999 603.4978 602.624 601.2661 600.2764 599.1798 599.4319 598.9122 597.5386 595.6802 593.4134 591.6211 591.7496 593.1974 595.2539 597.3826 599.7379 602.9479 606.5041 609.8751 612.6992 614.7342 615.9572 616.5131 616.3402 615.6872 615.2982 615.5219 616.0991 615.9863 616.3041 615.4957 613.2494
-9999 -9999 -9999 -9999 -9999 -9999 -9999 -9999 -9999 -9999 -9999 -9999 -9999 -9999 -9999 -9999 -9999 -9999 -9999 617.9341 616.7662 614.7427 611.9234 608.6233 605.2984 602.3843 600.1771 598.8273 598.1697 598.0278 598.5703 598.5663 598.673 599.0769 599.676 600.0905 599.7423 599.1367 600.0006 599.4728 599.2978 599.2794 598.0281 596.6424 594.5987 592.7568 592.605 593.7077 595.675 597.8446 600.3169 603.5312 607.0818 610.4742 613.3665 615.55 616.9722 617.6996 617.6513 616.9893 616.647 616.9687 617.7498 617.9694 -9999 -9999 615.8002
-9999 -9999 -9999 -9999 -9999 -9999 -9999 -9999 -9999 -9999 -9999 -9999 -9999 -9999 -9999 -9999 -9999 -9999 -9999 618.5388 617.9474 616.6764 614.6037 611.8314 608.6379 605.4037 602.519 600.2822 598.8655 598.0507 597.7728 597.186 596.7399 596.7511 597.1791 597.7983 597.9799 598.2283 598.9044 598.8412 598.8246 598.6641 597.6915 596.3359 594.7578 593.4009 593.2266 594.1851 596.0316 597.9832 600.0842 602.7412 605.8307 609.0017 611.949 614.4431 616.3897 617.6438 617.9921 -9999 -9999 -9999 -9999 -9999 -9999 -9999 -9999
-9999 -9999 -9999 -9999 -9999 -9999 -9999 -9999 -9999 -9999 -9999 -9999 -9999 -9999 -9999 -9999 -9999 -9999 -9999 -9999 618.45 617.7996 616.5451 614.5649 611.8547 608.6596 605.38 602.415 600.0607 598.3464 597.1743 596.3395 595.7188 595.5417 595.7852 596.2819 596.5948 597.2953 597.8013 597.8998 597.8937 597.5953 596.5493 595.3533 594.2968 593.4263 593.3826 594.2138 595.972 597.7407 599.3351 601.1876 603.5688 606.3278 609.2489 612.1014 614.6821 616.7446 617.8731 -9999 -9999 -9999 -9999 -9999 -9999 -9999 -9999
-9999 -9999 -9999 -9999 -9999 -9999 -9999 -9999 -9999 -9999 -9999 -9999 -9999 -9999 -9999 -9999 -9999 -9999 -9999 -9999 -9999 -9999 617.5459 616.4582 614.4995 611.6775 608.3315 604.8691 601.6794 599.0074 596.9789 595.8745 595.2186 594.9772 595.0278 595.2262 595.2787 595.8261 596.2951 596.4563 596.5069 596.2007 595.3264 594.5842 593.9163 593.3969 593.306 593.799 595.3674 597.006 598.199 599.4487 601.0413 603.3251 606.0807 609.187 612.3074 615.1255 617.1649 617.9814 -9999 -9999 -9999 -9999 -9999 -9999 615.419
