backend/lakes/data/Bassano Reservoir/bass_dem_tm.asc
ncols         228
nrows         131
xllcorner     664900
yllcorner     5621450
cellsize      50
NODATA_value  -9999
[rows 66 to 98 of 131, columns 146 to 218 of 228]
-9999 -9999 -9999 -9999 -9999 -9999 -9999 -9999 -9999 -9999 -9999 -9999 -9999 -9999 -9999 -9999 -9999 -9999 -9999 -9999 -9999 -9999 -9999 -9999 -9999 -9999 -9999 -9999 -9999 -9999 -9999 -9999 -9999 -9999 -9999 -9999 -9999 -9999 -9999 -9999 -9999 -9999 -9999 -9999 -9999 -9999 -9999 -9999 -9999 -9999 -9999 -9999 -9999 -9999 -9999 -9999 -9999 -9999 -9999 -9999 -9999 -9999 -9999 -9999 -9999 -9999 -9999 -9999 -9999 -9999 -9999 -9999 -9999
-9999 -9999 -9999 -9999 -9999 -9999 -9999 -9999 -9999 -9999 -9999 -9999 -9999 -9999 -9999 -9999 -9999 -9999 -9999 -9999 -9999 -9999 -9999 -9999 -9999 -9999 -9999 -9999 -9999 -9999 -9999 -9999 -9999 -9999 -9999 -9999 -9999 -9999 -9999 -9999 -9999 -9999 -9999 -9999 -9999 -9999 -9999 -9999 -9999 -9999 -9999 -9999 -9999 -9999 -9999 -9999 -9999 -9999 -9999 -9999 -9999 -9999 -9999 -9999 -9999 -9999 -9999 -9999 -9999 -9999 -9999 -9999 -9999
-9999 -9999 -9999 -9999 -9999 -9999 -9999 -9999 -9999 -9999 -9999 -9999 -9999 -9999 -9999 -9999 -9999 -9999 -9999 -9999 -9999 -9999 -9999 -9999 -9999 -9999 -9999 -9999 -9999 -9999 -9999 -9999 -9999 -9999 -9999 -9999 -9999 -9999 -9999 -9999 -9999 -9999 -9999 -9999 -9999 -9999 -9999 -9999 -9999 -9999 -9999 -9999 -9999 -9999 -9999 -9999 -9999 -9999 -9999 -9999 -9999 -9999 -9999 -9999 -9999 -9999 -9999 -9999 -9999 -9999 -9999 -9999 -9999
-9999 -9999 -9999 -9999 -9999 -9999 -9999 -9999 -9999 -9999 -9999 -9999 -9999 -9999 -9999 -9999 -9999 -9999 -9999 -9999 -9999 -9999 -9999 -9999 -9999 -9999 -9999 -9999 -9999 -9999 -9999 -9999 -9999 -9999 -9999 -9999 -9999 -9999 -9999 -9999 -9999 -9999 -9999 -9999 -9999 -9999 -9999 -9999 -9999 -9999 -9999 -9999 -9999 -9999 -9999 -9999 -9999 -9999 -9999 -9999 -9999 -9999 -9999 -9999 -9999 -9999 -9999 -9999 -9999 -9999 -9999 -9999 -9999
-9999 -9999 -9999 -9999 -9999 -9999 -9999 -9999 -9999 -9999 -9999 -9999 -9999 -9999 -9999 -9999 -9999 -9999 -9999 -9999 -9999 -9999 -9999 -9999 -9999 -9999 -9999 -9999 -9999 -9999 -9999 -9999 -9999 -9999 -9999 -9999 -9999 -9999 -9999 -9999 -9999 -9999 -9999 -9999 -9999 -9999 -9999 -9999 -9999 -9999 -9999 -9999 -9999 -9999 -9999 -9999 -9999 -9999 -9999 -9999 -9999 -9999 -9999 -9999 -9999 -9999 -9999 -9999 -9999 -9999 -9999 -9999 -9999
-9999 -9999 -9999 -9999 -9999 -9999 -9999 -9999 -9999 -9999 -9999 -9999 -9999 -9999 -9999 -9999 -9999 -9999 -9999 -9999 -9999 -9999 -9999 -9999 -9999 -9999 -9999 -9999 -9999 -9999 -9999 -9999 -9999 -9999 -9999 -9999 -9999 -9999 -9999 -9999 -9999 -9999 -9999 -9999 -9999 -9999 -9999 -9999 -9999 -9999 -9999 -9999 -9999 -9999 -9999 -9999 -9999 -9999 -9999 -9999 -9999 -9999 -9999 -9999 -9999 -9999 -9999 -9999 -9999 -9999 -9999 -9999 -9999
-9999 -9999 -9999 -9999 -9999 -9999 -9999 -9999 -9999 -9999 -9999 -9999 -9999 -9999 -9999 -9999 -9999 -9999 -9999 -9999 -9999 -9999 -9999 -9999 -9999 -9999 -9999 -9999 -9999 -9999 -9999 -9999 -9999 -9999 -9999 -9999 -9999 -9999 -9999 -9999 -9999 -9999 -9999 -9999 -9999 -9999 -9999 -9999 -9999 -9999 -9999 -9999 -9999 -9999 -9999 -9999 -9999 -9999 -9999 -9999 -9999 -9999 -9999 -9999 -9999 -9999 -9999 -9999 -9999 -9999 -9999 -9999 -9999
-9999 -9999 -9999 -9999 -9999 -9999 -9999 -9999 -9999 -9999 -9999 -9999 -9999 -9999 -9999 -9999 -9999 -9999 -9999 -9999 -9999 -9999 -9999 -9999 -9999 -9999 -9999 -9999 -9999 -9999 -9999 -9999 -9999 -9999 -9999 -9999 -9999 -9999 -9999 -9999 -9999 -9999 -9999 -9999 -9999 -9999 -9999 -9999 -9999 -9999 -9999 -9999 -9999 -9999 -9999 -9999 -9999 -9999 -9999 -9999 -9999 -9999 -9999 -9999 -9999 -9999 -9999 -9999 -9999 -9999 -9999 -9999 -9999
-9999 -9999 -9999 -9999 -9999 -9999 -9999 -9999 -9999 -9999 -9999 -9999 -9999 -9999 -9999 -9999 -9999 -9999 -9999 -9999 -9999 -9999 -9999 -9999 -9999 -9999 -9999 -9999 -9999 -9999 -9999 -9999 -9999 -9999 -9999 -9999 -9999 -9999 -9999 -9999 -9999 -9999 -9999 -9999 -9999 -9999 -9999 -9999 -9999 -9999 -9999 -9999 -9999 -9999 -9999 -9999 -9999 -9999 -9999 -9999 -9999 -9999 -9999 -9999 -9999 -9999 -9999 -9999 -9999 -9999 -9999 -9999 -9999
-9999 -9999 -9999 -9999 -9999 -9999 -9999 -9999 -9999 -9999 -9999 -9999 -9999 -9999 -9999 -9999 -9999 -9999 -9999 -9999 -9999 -9999 -9999 -9999 -9999 -9999 -9999 -9999 -9999 -9999 -9999 -9999 -9999 -9999 -9999 -9999 -9999 818.7435 818.0485 817.6284 817.2941 817.3432 817.5894 817.8236 817.9424 818.0005 818.0134 817.86 817.5168 817.2795 816.7952 -9999 -9999 -9999 -9999 -9999 -9999 -9999 -9999 -9999 -9999 -9999 -9999 -9999 -9999 -9999 -9999 -9999 -9999 -9999 -9999 -9999 -9999
823.2064 824.0054 824.5005 824.8335 -9999 -9999 -9999 -9999 -9999 -9999 -9999 -9999 -9999 -9999 -9999 -9999 -9999 -9999 -9999 -9999 -9999 -9999 -9999 -9999 -9999 -9999 -9999 -9999 -9999 -9999 -9999 -9999 822.6982 822.0082 821.2559 820.5104 819.8681 818.9949 817.9871 816.7875 815.7545 815.7302 815.965 815.9736 815.7275 815.645 815.7597 815.7853 815.804 815.8665 815.7191 815.0599 814.1988 -9999 -9999 -9999 -9999 -9999 -9999 -9999 -9999 -9999 -9999 -9999 -9999 -9999 -9999 -9999 -9999 -9999 -9999 -9999 -9999
821.1931 821.7153 822.2638 822.8845 822.9924 822.6851 822.6999 823.3513 823.6694 -9999 -9999 -9999 -9999 -9999 -9999 -9999 -9999 -9999 -9999 -9999 -9999 -9999 -9999 -9999 -9999 -9999 -9999 825.1951 824.7599 823.9453 823.0639 822.2985 821.7684 821.0117 820.1921 819.4615 818.5468 817.7809 816.804 815.0284 813.1185 812.9602 812.8593 812.168 811.4673 811.1973 811.373 811.7737 812.2997 812.9473 813.5187 813.7748 813.8139 813.7683 813.7831 -9999 -9999 -9999 -9999 -9999 -9999 -9999 -9999 -9999 -9999 -9999 -9999 -9999 -9999 -9999 -9999 -9999 -9999
816.8965 817.4643 818.1603 818.9485 819.358 819.4655 819.7359 820.3786 820.79 820.8277 820.4109 819.4395 817.819 -9999 -9999 -9999 -9999 814.8818 815.2806 815.6815 816.5087 817.5533 818.5758 819.6406 821.0823 822.4337 823.2878 823.3962 822.8435 821.752 820.7312 819.9693 819.3166 818.395 817.3875 816.3918 815.2179 814.2501 813.363 811.9839 810.2838 809.019 807.7442 806.3587 805.2336 804.7843 804.9647 805.6406 806.6758 808.0953 809.6906 811.193 812.2234 812.9475 813.4012 813.3611 -9999 -9999 -9999 -9999 -9999 -9999 -9999 -9999 -9999 -9999 -9999 -9999 -9999 -9999 -9999 -9999 -9999
810.1957 810.997 811.9331 812.897 813.5991 814.1005 814.7565 815.625 816.2947 816.6245 816.5538 815.9384 814.6279 812.8646 811.3849 810.7474 810.8394 811.0146 811.16 811.4022 812.1507 813.3036 814.5207 815.7573 817.2476 818.6796 819.5767 819.6223 818.9117 817.6635 816.5869 815.8583 814.9947 813.7092 812.3239 810.9548 809.4553 808.0991 807.017 805.791 804.1882 802.3746 800.6266 799.0728 797.8705 797.3412 797.4567 798.2169 799.5838 801.6721 804.1827 806.9113 809.3254 811.1531 812.4641 812.8712 812.5127 812.1586 -9999 -9999 -9999 -9999 -9999 -9999 -9999 -9999 -9999 -9999 -9999 -9999 -9999 -9999 -9999
802.0814 803.1212 804.2843 805.4046 806.2672 807.0712 808.0372 809.2129 810.2337 810.9355 811.2645 811.067 810.1603 808.7932 807.6067 807.0349 806.8822 806.7177 806.4623 806.4886 807.1423 808.3669 809.7371 811.0475 812.3805 813.6292 814.3043 814.1682 813.2717 811.9781 810.9445 810.1708 808.9808 807.1829 805.2672 803.5522 801.8144 800.1572 798.8652 797.7181 796.356 794.6904 793.2163 792.0301 791.103 790.5937 790.5984 791.2098 792.5416 794.8218 797.7637 801.3173 804.9151 808.1138 810.681 812.0142 812.1763 811.7809 811.6536 -9999 -9999 -9999 -9999 -9999 -9999 -9999 -9999 -9999 -9999 -9999 -9999 -9999 -9999
794.3032 795.4234 796.6229 797.7512 798.5248 799.4034 800.4665 801.7756 803.039 804.0505 804.7667 804.9769 804.5322 803.7273 803.0647 802.782 802.6307 802.2091 801.5703 801.3359 801.925 803.1843 804.5665 805.7692 806.8002 807.7209 808.1362 807.8738 806.9389 805.7682 804.7792 803.816 802.1932 799.8138 797.4322 795.5753 793.8898 792.5153 791.4669 790.6361 789.7823 788.832 788.024 787.4496 786.8579 786.3894 786.2391 786.5336 787.3993 789.1553 791.7922 795.3784 799.5027 803.6757 807.5104 810.2782 811.3325 811.153 810.9658 811.3443 -9999 -9999 -9999 -9999 -9999 -9999 -9999 -9999 -9999 -9999 -9999 -9999 -9999
788.9819 789.8235 790.8495 791.7558 792.0527 792.537 793.3413 794.4894 795.6764 796.7437 797.6858 798.2161 798.2328 798.0016 797.9171 798.0827 798.1668 797.6004 796.6697 796.2465 796.7855 798.0673 799.3312 800.3257 800.9636 801.574 801.9377 801.8188 801.1901 800.5981 799.689 798.3932 796.3669 793.663 791.2984 789.5435 788.2354 787.3337 786.7586 786.3135 785.9991 785.6964 785.4111 785.144 784.73 784.2719 783.9791 784.016 784.5227 785.7281 787.6737 790.4235 794.2197 798.5447 803.0771 807.1544 809.7477 810.3834 810.4485 811.3003 -9999 -9999 -9999 -9999 -9999 -9999 -9999 -9999 -9999 -9999 -9999 -9999 -9999
785.9432 786.4446 787.404 788.783 788.3842 788.2471 788.5143 789.0772 789.7051 790.4466 791.2472 791.8628 792.1194 792.2579 792.6008 793.2274 793.6569 792.9723 791.8711 791.441 791.9662 793.2234 794.3288 795.2149 795.7219 796.0992 796.8757 797.1705 797.0118 796.6201 795.8228 794.4969 792.5461 790.2159 788.1689 786.6442 785.5868 784.906 784.4525 784.2218 784.2499 784.3789 784.4333 784.367 784.0718 783.6225 783.2433 783.1077 783.32 784.0353 785.2574 787.0958 789.8072 793.5849 798.0104 802.7468 806.8533 809.4547 810.5853 811.5411 812.4226 -9999 -9999 -9999 -9999 -9999 -9999 -9999 -9999 -9999 -9999 -9999 -9999
785.0236 785.238 785.6501 786.123 785.9761 785.8743 785.8589 786.0723 786.5314 786.9161 787.2966 787.5609 787.5726 787.7363 788.2256 789.1554 789.928 789.1793 788.334 788.0726 788.5559 789.4451 790.3126 791.0702 791.736 792.4704 793.3937 793.8293 793.9143 793.7241 793.1264 792.015 790.3771 788.5107 786.8756 785.6756 784.8385 784.2813 783.8632 783.6605 783.8098 784.137 784.3545 784.3744 784.1687 783.7621 783.3589 783.1355 783.179 783.547 784.1678 785.1417 786.8009 789.4221 793.1844 797.7484 802.608 806.7562 809.6759 811.3643 812.4118 813.3702 -9999 -9999 -9999 -9999 -9999 -9999 -9999 -9999 -9999 -9999 -9999
785.3642 785.2892 785.3386 785.5756 785.7317 785.7435 785.4265 785.3884 785.6348 785.6647 785.7003 785.7026 785.6984 785.8113 786.0269 786.2977 786.5555 786.2432 785.9144 785.9159 786.4102 786.9208 787.4279 788.0287 788.8187 789.7993 790.9355 791.3677 791.5522 791.5728 791.2765 790.52 789.3082 787.8834 786.6249 785.7305 785.1147 784.6569 784.2706 784.0236 784.1013 784.3942 784.6155 784.6284 784.4746 784.1473 783.7891 783.5562 783.5112 783.6322 783.8528 784.1689 784.952 786.5536 789.142 793.0111 797.7072 802.7224 807.1823 810.5296 812.6626 814.1075 -9999 -9999 -9999 -9999 -9999 -9999 -9999 -9999 -9999 -9999 -9999
785.9239 785.8276 785.7352 785.9357 786.2681 786.0734 785.7627 785.6954 785.8983 786.175 786.3204 785.8961 785.65 785.6467 785.6499 785.65 785.512 785.3827 785.3126 785.3982 785.6212 785.66 785.7112 785.9913 786.7595 787.639 788.7293 789.2019 789.5562 789.8562 789.9343 789.616 788.8524 787.8245 786.8617 786.1781 785.7471 785.4089 785.0974 784.8451 784.7693 784.858 784.9226 784.8633 784.712 784.4712 784.1972 784.0015 783.9135 783.8723 783.8031 783.7441 783.9984 784.8712 786.4969 789.1649 793.1786 798.145 803.6797 808.6719 812.4297 814.8375 816.4458 -9999 -9999 -9999 -9999 -9999 -9999 -9999 -9999 -9999 -9999
786.5791 786.5065 786.3655 786.4753 786.7159 786.5596 786.3486 786.3147 786.4868 786.7389 786.8428 786.5261 786.259 786.163 786.1433 786.1408 785.6844 785.6375 785.6397 785.6407 785.4773 785.3702 785.21 785.2679 785.6213 785.9755 786.7387 787.2325 787.7833 788.3879 788.863 788.9933 788.6915 788.0376 787.3 786.7351 786.3889 786.1503 785.9447 785.7752 785.604 785.4534 785.2888 785.109 784.9149 784.7057 784.4746 784.272 784.1077 783.9812 783.7618 783.559 783.6945 784.3236 785.4299 786.9663 789.5798 794.0424 799.819 805.9882 811.2123 814.9442 817.2885 818.5856 -9999 -9999 -9999 -9999 -9999 -9999 -9999 -9999 -9999
787.3458 787.2595 787.0878 787.106 787.2714 787.1622 787.0284 787.0282 787.1714 787.3575 787.4173 787.2423 787.0493 786.9048 786.8121 786.6834 786.335 786.1934 786.1377 786.0503 785.6761 785.6316 785.3423 785.2673 785.3462 785.3737 785.6224 785.8043 786.399 787.2288 787.9932 788.4829 788.5811 788.2877 787.776 787.2914 786.9666 786.7682 786.6248 786.5146 786.3853 786.1947 785.9506 785.6792 785.3931 785.0883 784.7422 784.3801 784.0629 783.8543 783.656 783.4817 783.704 784.4372 785.3981 786.2845 787.3083 790.5512 796.0553 802.8847 809.1674 813.921 816.8745 818.4909 -9999 -9999 -9999 -9999 -9999 -9999 -9999 -9999 -9999
788.229 788.0343 787.8734 787.849 787.9514 787.8753 787.807 787.8183 787.9142 788.0374 788.0489 787.9811 787.8699 787.6598 787.4935 787.2791 787.0007 786.8109 786.6766 786.5046 786.1625 785.9397 785.666 785.644 785.6323 785.364 785.3031 785.3434 785.7244 786.6082 787.4552 788.0925 788.4337 788.426 788.1486 787.7803 787.4784 787.2941 787.1987 787.1602 787.1298 787.0243 786.8002 786.4902 786.1263 785.707 785.2076 784.637 784.1041 783.7655 783.5952 783.4214 783.6839 784.3974 784.751 785.1054 785.7685 788.1252 793.0086 799.8804 806.7892 812.3682 815.9828 817.9987 -9999 -9999 -9999 -9999 -9999 -9999 -9999 -9999 -9999
789.2319 788.8417 788.7553 788.7402 788.7582 788.7525 788.7492 788.7563 788.7779 788.7894 788.7359 788.7159 788.6492 788.3138 788.1244 787.8658 787.6161 787.3949 787.2023 786.9911 786.704 786.4495 786.2251 786.1139 785.9705 785.6836 785.6414 785.6699 786.0386 786.722 787.4004 787.9435 788.3141 788.4578 788.3681 788.1541 787.9353 787.7889 787.7397 787.7703 787.8389 787.8552 787.7267 787.4479 787.0631 786.5637 785.9414 785.1799 784.3899 783.7992 783.4736 783.3605 783.416 783.8197 784.1118 784.4459 785.0524 786.7119 790.6253 797.0278 804.3015 810.5777 814.8386 817.0438 818.2384 -9999 -9999 -9999 -9999 -9999 -9999 -9999 -9999
790.2444 789.9733 789.9265 789.9471 789.9595 789.967 789.9597 789.9517 789.9417 789.8837 789.5699 789.429 789.1764 788.7541 788.6705 788.3674 788.1694 787.9227 787.6951 787.4997 787.2732 787.0623 786.8876 786.7734 786.6436 786.4895 786.4797 786.5579 786.8362 787.3109 787.7567 788.0924 788.3342 788.482 788.496 788.4159 788.3246 788.2715 788.2866 788.3728 788.504 788.6169 788.6097 788.4236 788.0786 787.5675 786.8569 785.9533 784.934 784.0466 783.4447 783.1664 783.1779 783.4865 783.8855 784.4409 785.1701 786.3619 789.0661 794.6067 801.9407 808.7274 813.5126 815.8821 817.1831 -9999 -9999 -9999 -9999 -9999 -9999 -9999 -9999
791.2973 791.0072 790.9669 791.0298 791.0503 791.0311 790.8986 790.7286 790.5468 790.3217 790.0142 789.9811 789.702 789.3193 789.0785 788.7516 788.6752 788.3749 788.1364 787.9684 787.8126 787.6868 787.5817 787.5326 787.4653 787.3967 787.4697 787.5785 787.7747 788.0718 788.2927 788.4302 788.5174 788.5868 788.6181 788.6105 788.6317 788.6992 788.803 788.9438 789.1051 789.2523 789.3352 789.2714 789.0149 788.5629 787.8201 786.8112 785.6144 784.4768 783.6145 783.1481 783.0729 783.4166 783.8886 784.662 785.6345 786.8094 788.1665 792.7677 799.9112 807.0623 812.2308 814.6648 816.1711 -9999 -9999 -9999 -9999 -9999 -9999 -9999 -9999
792.3622 792.0638 792.0547 792.1732 792.0947 791.9534 791.5852 791.1915 790.8452 790.5233 790.2343 790.1113 789.9953 789.7291 789.5654 789.3931 789.1373 788.7205 788.4515 788.3196 788.2311 788.2208 788.1779 788.2307 788.2223 788.1145 788.2971 788.389 788.5164 788.6888 788.6997 788.6999 788.7 788.7365 788.7345 788.7466 788.8494 789.0164 789.2092 789.4008 789.5921 789.7399 789.8403 789.8668 789.7345 789.3705 788.6906 787.6204 786.2866 784.9722 783.9257 783.2681 783.0316 783.0659 783.2567 783.7211 784.4375 785.4031 787.0026 791.3489 798.3766 805.7638 811.1685 813.5907 815.5022 816.7601 -9999 -9999 -9999 -9999 -9999 -9999 -9999
793.9209 793.4216 793.3505 793.6182 793.214 792.6222 791.9769 791.3895 790.9346 790.5648 790.2411 790.0014 789.9304 789.8678 789.918 789.9756 789.6459 789.1694 788.7197 788.5463 788.4433 788.5746 788.5017 788.6823 788.691 788.3502 788.6925 788.7 788.6995 788.702 788.6523 788.6123 788.6198 788.6916 788.6937 788.7007 788.9131 789.1787 789.439 789.6688 789.8898 790.0634 790.1414 790.167 790.1143 789.8817 789.2881 788.2609 786.8691 785.4127 784.2919 783.5236 783.1311 782.8878 782.7374 782.8037 783.2633 784.2104 786.1013 790.3292 797.26 804.8851 810.7094 813.7271 815.6661 816.9361 -9999 -9999 -9999 -9999 -9999 -9999 -9999
-9999 -9999 -9999 -9999 -9999 -9999 -9999 -9999 790.9614 790.6102 790.2935 790.0034 789.863 789.8362 789.9993 790.1332 789.9958 789.609 789.0836 788.6887 788.3566 788.6783 788.3647 788.6903 788.4774 788.0128 788.246 788.299 788.2762 788.2543 788.217 788.1603 788.1061 788.0774 788.0966 788.2516 788.6542 789.0874 789.4537 789.7169 789.9617 790.1871 790.2746 790.2267 790.1375 789.9688 789.5238 788.5917 787.2455 785.7623 784.6104 783.8823 783.3875 782.8796 782.4811 782.3542 782.6996 783.7004 785.6315 789.6324 796.3728 804.2698 810.4891 813.9495 815.9833 817.1979 -9999 -9999 -9999 -9999 -9999 -9999 -9999
-9999 -9999 -9999 -9999 -9999 -9999 -9999 -9999 -9999 -9999 790.5825 790.3306 790.0182 789.8322 790.0037 790.2432 790.2411 789.9555 789.2997 788.6191 788.0166 788.1165 788.0067 788.2843 788.2527 787.9998 787.8751 787.7045 787.5756 787.5682 787.5694 787.496 787.3362 787.1412 787.1035 787.2719 787.7555 788.558 789.1678 789.5337 789.813 790.0991 790.2338 790.1157 789.8782 789.6454 789.2855 788.5466 787.3354 785.961 784.8185 784.1714 783.7798 783.183 782.3517 782.155 782.6249 783.8241 785.5634 789.2873 795.9235 804.0189 810.5129 814.17 816.2296 817.3499 -9999 -9999 -9999 -9999 -9999 -9999 -9999
-9999 -9999 -9999 -9999 -9999 -9999 -9999 -9999 -9999 -9999 -9999 791.0448 790.7156 790.1818 790.378 790.5856 790.5196 790.0592 789.4941 788.7848 788.1734 788 787.9996 788.1144 788.165 787.9963 787.547 787.0646 786.7814 786.8322 786.9148 786.8329 786.5407 786.0975 785.9529 786.0021 786.4103 787.438 788.4721 789.0544 789.4237 789.806 790.0061 789.8406 789.4095 788.9907 788.6302 788.0731 787.127 785.976 784.9413 784.327 784.0094 783.6066 782.7113 782.0739 782.6375 784.2114 785.6473 789.1783 795.7882 804.045 810.7603 814.4773 816.4056 817.3176 -9999 -9999 -9999 -9999 -9999 -9999 -9999
-9999 -9999 -9999 -9999 -9999 -9999 -9999 -9999 -9999 -9999 -9999 -9999 -9999 -9999 791.2415 791.285 791.1705 790.6503 789.9285 789.1136 788.3987 788.0001 787.9226 788.0008 788.1411 787.9853 787.2359 786.4543 786.0431 786.2363 786.4205 786.3409 785.9417 785.2903 784.8998 784.8951 785.3596 786.192 787.2353 788.1202 788.6824 789.3016 789.6168 789.3964 788.7322 788.077 787.6853 787.2917 786.6525 785.8243 785.0138 784.4015 784.0715 783.8038 783.0426 782.3062 782.3461 783.4594 785.3484 789.1683 795.9045 804.2731 811.1044 814.8584 816.5493 817.1596 -9999 -9999 -9999 -9999 -9999 -9999 -9999
