backend/lakes/data/Bassano Reservoir/bass_dem_tm.asc
ncols         228
nrows         131
xllcorner     664900
yllcorner     5621450
cellsize      50
NODATA_value  -9999
[rows 66 to 98 of 131, columns 73 to 145 of 228]
787.369 786.8052 786.5307 786.226 785.9771 785.8804 785.8451 785.9691 786.3586 786.8163 787.3763 787.8828 788.0105 787.9071 787.8732 788.2807 789.4336 791.5626 794.9766 800.1298 807.4994 815.6508 822.9089 828.0276 830.6714 -9999 -9999 -9999 -9999 -9999 -9999 -9999 -9999 -9999 -9999 -9999 -9999 -9999 -9999 -9999 -9999 -9999 -9999 -9999 -9999 -9999 -9999 -9999 -9999 -9999 -9999 -9999 -9999 -9999 -9999 -9999 -9999 -9999 -9999 -9999 -9999 -9999 -9999 -9999 -9999 -9999 -9999 -9999 -9999 -9999 -9999 -9999 -9999
786.1953 786.134 786.137 785.9119 785.6561 785.6484 785.6505 785.8265 786.2223 786.678 787.1207 787.2265 787.0529 786.8016 786.8258 787.5941 789.4955 792.7579 797.4308 803.6104 811.1785 818.7704 824.9759 828.9175 830.574 -9999 -9999 -9999 -9999 -9999 -9999 -9999 -9999 -9999 -9999 -9999 -9999 -9999 -9999 -9999 -9999 -9999 -9999 -9999 -9999 -9999 -9999 -9999 -9999 -9999 -9999 -9999 -9999 -9999 -9999 -9999 -9999 -9999 -9999 -9999 -9999 -9999 -9999 -9999 -9999 -9999 -9999 -9999 -9999 -9999 -9999 -9999 -9999
785.6506 785.6479 785.6537 785.6447 785.4932 785.4825 785.5186 785.6508 785.9485 786.3495 786.6283 786.4504 786.1003 785.8717 786.1686 787.4962 790.276 794.5631 800.3293 807.3521 814.8118 821.5487 826.5214 829.2425 -9999 -9999 -9999 -9999 -9999 -9999 -9999 -9999 -9999 -9999 -9999 -9999 -9999 -9999 -9999 -9999 -9999 -9999 -9999 -9999 -9999 -9999 -9999 -9999 -9999 -9999 -9999 -9999 -9999 -9999 -9999 -9999 -9999 -9999 -9999 -9999 -9999 -9999 -9999 -9999 -9999 -9999 -9999 -9999 -9999 -9999 -9999 -9999 -9999
786.1985 785.7783 785.6495 785.477 785.4216 785.4554 785.5054 785.5622 785.6577 785.9745 786.192 785.796 785.405 785.3912 786.1687 788.3 792.5287 797.2183 803.7708 811.0438 817.8984 823.5339 827.2699 828.892 -9999 -9999 -9999 -9999 -9999 -9999 -9999 -9999 -9999 -9999 -9999 -9999 -9999 -9999 -9999 -9999 -9999 -9999 -9999 -9999 -9999 -9999 -9999 -9999 -9999 -9999 -9999 -9999 -9999 -9999 -9999 -9999 -9999 -9999 -9999 -9999 -9999 -9999 -9999 -9999 -9999 -9999 -9999 -9999 -9999 -9999 -9999 -9999 -9999
787.845 787.0699 786.3788 785.7601 785.6526 785.6495 785.6497 785.6498 785.6169 785.6522 785.6559 785.4474 785.2241 785.6235 787.0083 789.7849 794.3476 800.3696 807.4383 814.3266 820.0401 824.5532 827.4718 -9999 -9999 -9999 -9999 -9999 -9999 -9999 -9999 -9999 -9999 -9999 -9999 -9999 -9999 -9999 -9999 -9999 -9999 -9999 -9999 -9999 -9999 -9999 -9999 -9999 -9999 -9999 -9999 -9999 -9999 -9999 -9999 -9999 813.7234 812.0679 -9999 -9999 -9999 -9999 -9999 -9999 -9999 -9999 -9999 -9999 -9999 -9999 -9999 -9999 -9999
788.2993 788.0997 787.4094 786.724 786.3231 786.0531 785.8425 785.6953 785.6496 785.6493 785.636 785.6395 785.7724 786.9738 789.4647 792.4323 797.5081 804.1781 811.1184 817.021 821.0977 824.79 826.963 -9999 -9999 -9999 -9999 -9999 -9999 -9999 -9999 -9999 -9999 -9999 -9999 -9999 -9999 -9999 -9999 -9999 -9999 -9999 -9999 -9999 -9999 -9999 -9999 -9999 -9999 -9999 -9999 -9999 -9999 -9999 817.5383 814.6138 812.1216 810.313 809.1747 807.933 -9999 -9999 -9999 -9999 -9999 -9999 -9999 -9999 -9999 -9999 -9999 -9999 -9999
789.247 788.8336 788.293 787.6498 787.0546 786.5129 786.0286 785.6417 785.4502 785.4584 785.642 785.9043 786.9719 789.3806 793.1741 796.3163 801.6851 808.1841 814.4333 819.2916 822.3447 824.6493 -9999 -9999 -9999 -9999 -9999 -9999 -9999 -9999 -9999 -9999 -9999 -9999 -9999 -9999 -9999 -9999 -9999 -9999 -9999 -9999 -9999 -9999 -9999 -9999 -9999 -9999 -9999 -9999 -9999 -9999 -9999 819.8964 816.4868 813.0842 810.228 808.3283 807.3835 806.4084 806.649 -9999 -9999 -9999 -9999 -9999 -9999 -9999 -9999 -9999 -9999 -9999 -9999
790.0341 789.3837 788.8176 788.3277 787.6423 786.9063 786.187 785.5687 785.2019 785.2006 785.5206 786.2596 788.1621 791.2355 795.3602 800.0536 805.7089 811.5573 816.6498 820.2776 822.17 823.8747 -9999 -9999 -9999 -9999 -9999 -9999 -9999 -9999 -9999 -9999 -9999 -9999 -9999 -9999 -9999 -9999 -9999 -9999 -9999 -9999 -9999 -9999 -9999 -9999 -9999 -9999 -9999 -9999 -9999 -9999 -9999 819.0175 815.2418 811.4398 808.2708 806.3284 805.7693 805.5645 806.2242 808.0745 -9999 -9999 -9999 -9999 -9999 -9999 -9999 -9999 -9999 -9999 -9999
790.7152 789.737 788.9924 788.6738 787.9897 787.1678 786.3163 785.5647 785.1073 785.1886 785.8805 787.4252 789.9725 793.6699 798.5731 803.7394 808.8477 813.4981 817.242 819.8754 821.4769 -9999 -9999 -9999 -9999 -9999 -9999 -9999 -9999 -9999 -9999 -9999 -9999 -9999 -9999 -9999 -9999 -9999 -9999 -9999 -9999 -9999 -9999 -9999 -9999 -9999 -9999 -9999 -9999 -9999 -9999 -9999 822.088 818.3779 814.2586 810.0475 806.4902 804.448 804.4134 804.9718 806.1404 808.1502 810.7256 -9999 -9999 -9999 -9999 -9999 -9999 -9999 -9999 -9999 -9999
791.2421 789.884 788.7983 788.6873 788.0983 787.2961 786.432 785.6495 785.2856 785.6278 786.9007 789.1951 792.5059 797.0749 802.0482 806.6273 810.4144 813.6145 816.2233 818.2208 -9999 -9999 -9999 -9999 -9999 -9999 -9999 -9999 -9999 -9999 -9999 -9999 -9999 -9999 -9999 -9999 -9999 -9999 -9999 -9999 -9999 -9999 -9999 -9999 -9999 -9999 -9999 -9999 -9999 -9999 -9999 -9999 821.9626 817.9603 813.5456 809.0121 805.071 802.7748 803.3994 804.4541 805.8801 807.7343 809.9706 812.4208 814.8967 816.9871 818.491 819.9097 820.9573 -9999 -9999 -9999 -9999
791.7426 789.8667 788.7581 788.6862 788.1006 787.3503 786.5387 785.7565 785.6313 786.4428 788.4537 791.5467 795.7789 800.3879 804.5955 807.9899 810.2806 812.3496 814.2499 815.8609 -9999 -9999 -9999 -9999 -9999 -9999 -9999 -9999 -9999 -9999 -9999 -9999 -9999 -9999 -9999 -9999 -9999 -9999 -9999 -9999 -9999 -9999 -9999 -9999 -9999 -9999 -9999 -9999 829.9437 829.9623 828.3082 825.572 822.0289 817.876 813.2377 808.428 804.1054 801.3274 802.0803 803.476 804.8041 806.2652 808.1396 810.3791 812.8794 815.28 817.2565 818.8235 820.0458 821.0189 821.6768 821.9048 822.3349
791.713 789.4418 788.7039 788.6816 788.0524 787.3608 786.6024 785.7456 785.8562 787.6223 790.6459 794.8146 799.1417 802.7738 805.5592 807.8134 809.4462 810.5907 811.9694 -9999 -9999 -9999 -9999 -9999 -9999 -9999 -9999 -9999 -9999 -9999 -9999 -9999 -9999 -9999 -9999 -9999 -9999 -9999 -9999 -9999 -9999 -9999 -9999 -9999 -9999 825.5807 825.7527 827.6998 829.0769 829.1325 827.4988 824.8716 821.4531 817.3655 812.7878 808.0663 803.7503 800.8737 800.9745 801.7066 802.6659 803.599 805.0371 806.9977 809.3812 811.8997 814.1924 816.0535 817.4935 818.7404 819.5844 820.2224 820.6805
791.4502 789.2123 788.6982 788.6975 788.2495 787.3116 786.2848 785.6508 786.4481 789.1456 793.4537 797.9861 801.6069 804.2054 805.5548 806.764 807.8556 -9999 -9999 -9999 -9999 -9999 -9999 -9999 -9999 -9999 -9999 -9999 -9999 -9999 -9999 -9999 -9999 -9999 -9999 -9999 -9999 -9999 -9999 830.032 830.0906 829.9659 829.7604 829.2676 828.3099 825.9002 824.0895 825.9298 826.7048 826.0392 824.1979 821.6201 818.4179 814.6479 810.4662 806.2347 802.3126 799.4513 798.4542 798.5605 798.9006 799.2683 800.2797 801.9586 804.1919 806.6592 808.9876 810.9872 812.631 813.9863 815.007 815.7507 816.3534
790.7746 788.968 788.6998 788.8107 788.5652 787.3037 786.0334 785.6509 786.9246 790.6298 795.376 799.6669 802.6598 804.1278 805.4594 805.8699 -9999 -9999 -9999 -9999 -9999 -9999 -9999 -9999 -9999 -9999 -9999 -9999 -9999 -9999 -9999 -9999 -9999 -9999 -9999 826.8965 826.9807 828.4567 829.1563 829.2557 828.9929 828.657 828.3499 827.7135 826.6154 824.7355 822.8766 822.307 821.5038 819.9635 817.8069 815.2254 812.1849 808.7388 805.066 801.5521 798.2192 795.6382 794.3741 793.8602 793.7717 793.7382 794.397 795.7997 797.8193 800.1066 802.1526 803.9924 805.5715 806.8892 807.915 808.7311 809.4614
789.6326 788.702 788.6755 788.8627 788.6026 787.189 785.7454 785.5588 787.0868 791.0714 795.6911 799.4993 802.0877 803.5483 804.0964 -9999 -9999 -9999 -9999 -9999 -9999 -9999 -9999 -9999 -9999 -9999 -9999 -9999 -9999 -9999 -9999 -9999 821.2234 822.4565 823.386 824.0056 824.4 825.3196 825.83 825.7755 825.2383 824.4379 823.5448 822.5342 821.2448 819.4052 817.2717 815.3918 813.4168 811.1936 808.8474 806.3947 803.6367 800.6943 797.7159 795.119 792.4857 790.5363 789.7443 789.7067 788.9913 788.6707 789.0416 790.1754 791.8784 793.7971 795.1454 796.4393 797.6346 798.6583 799.5575 800.3546 801.1549
789.7877 788.7447 788.7313 788.9148 788.6036 787.153 785.6838 785.4478 786.9017 790.6543 794.8231 798.1779 800.482 801.8388 -9999 -9999 -9999 -9999 -9999 -9999 -9999 -9999 -9999 -9999 -9999 -9999 -9999 -9999 -9999 -9999 814.4083 815.7034 816.995 818.1588 818.9307 819.3179 819.5365 819.8994 819.9634 819.4137 818.3016 816.917 815.5428 814.2104 812.7383 810.8856 808.6373 806.2532 803.7746 801.3043 799.0857 797.101 795.175 793.2623 791.4276 789.9258 787.8995 786.3287 785.9034 785.9399 785.6873 785.6029 785.9638 786.9868 788.3467 789.8725 790.0947 790.4224 790.8004 791.294 791.8952 792.6176 793.3813
789.3333 788.6953 788.764 788.9468 788.6149 787.1669 785.6859 785.3297 786.54 789.8218 793.4194 796.4158 798.573 799.8181 800.0897 -9999 -9999 -9999 -9999 -9999 -9999 -9999 -9999 -9999 -9999 -9999 -9999 807.8746 808.3626 809.0689 809.9276 810.9512 811.9468 812.7666 813.1326 813.1154 812.915 812.7647 812.3305 811.1138 809.3236 807.3834 805.6622 804.196 802.7646 801.1212 799.1614 797.0795 794.9097 793.0817 791.4382 790.0414 788.7415 787.8988 787.4978 787.3776 785.4795 783.7513 783.6282 783.804 783.8808 784.0527 784.4998 785.2857 785.8549 786.3436 786.3262 786.4635 786.7703 786.8312 787.1206 787.736 788.3267
789.1436 788.5444 788.6981 788.9124 788.6178 787.1792 785.7002 785.2598 786.178 788.8644 791.7714 794.3348 796.4383 797.7022 798.0102 -9999 -9999 -9999 -9999 -9999 -9999 -9999 -9999 -9999 802.4368 803.3311 804.1187 804.4966 804.7016 804.9749 805.3894 805.9503 806.4521 806.7759 806.6438 806.1426 805.492 805.0157 804.2854 802.4481 800.1476 797.96 796.1498 794.7963 793.6863 792.5726 791.3407 789.9925 788.69 787.7427 787.1359 786.4914 785.4786 785.1958 784.9296 784.6203 784.2529 783.4229 783.1968 783.2532 783.3688 783.5923 783.9749 784.434 784.6821 784.7142 784.6558 784.9548 785.6107 785.1488 785.0266 785.3365 785.6197
789.0336 788.3661 788.4659 788.698 788.4838 787.0941 785.7028 785.2327 785.8904 787.9269 790.1343 792.2382 794.1636 795.5472 795.9694 -9999 -9999 -9999 -9999 797.9607 797.9994 798.0882 798.3868 798.9512 799.6037 800.1738 800.6573 800.8506 800.8686 800.8467 800.8713 800.9586 800.9663 800.8156 800.2462 799.3344 798.3231 797.87 797.2748 795.132 793.0747 791.1087 789.5026 788.4951 787.8853 787.4129 786.9615 786.3296 785.7615 785.5449 785.6792 785.8238 785.1897 784.9127 784.9197 785.098 784.6793 784.1472 783.8588 783.7421 783.7437 783.8825 784.1624 784.4399 784.5685 784.4138 784.1907 784.2291 784.4624 784.243 784.152 784.355 784.6818
789.1422 788.2352 788.1228 788.1741 787.8382 786.7792 785.6671 785.2158 785.6348 786.9381 788.7686 790.4344 792.1348 793.5449 794.1278 794.3961 794.9971 795.5022 795.8582 795.9467 795.9373 795.9406 796.0551 796.3417 796.7551 797.0222 797.1699 797.1855 797.0754 796.8375 796.5459 796.2977 795.9628 795.5748 794.9482 793.8476 792.6375 791.766 790.9515 789.7348 788.3359 786.9861 786.1295 785.7488 785.7302 785.7462 785.5411 785.2103 784.9585 785.0908 785.5759 786.0903 785.8051 785.5881 785.6107 785.7511 785.5156 785.2201 784.9697 784.7478 784.6125 784.6283 784.8 785.0058 785.12 785 784.6663 784.4137 784.2745 784.1261 784.111 784.356 784.8364
789.3909 788.1666 787.7744 787.6669 787.3374 786.5265 785.6459 785.2002 785.3616 786.183 788.028 789.2628 790.5845 791.8391 792.7085 793.1918 793.6833 793.8761 793.9575 793.9686 793.9496 793.923 793.9001 793.9336 794.0242 794.0275 793.9164 793.8161 793.6458 793.2397 792.6951 792.3285 792.0623 791.7306 791.1323 789.8879 788.5492 787.5966 787.1965 786.6541 785.9454 785.4211 785.1611 785.327 785.8273 786.1218 785.827 785.507 785.3264 785.4575 785.8884 786.3681 786.4055 786.3958 786.4116 786.453 786.4547 786.3662 786.1737 785.9054 785.6584 785.5518 785.6408 785.8298 785.9349 785.9874 785.7526 785.3861 785.0052 784.7543 784.7047 784.9227 785.4055
789.5331 788.1143 787.4562 787.2335 787.0031 786.4103 785.6901 785.3275 785.3353 785.986 787.7761 788.5369 789.674 790.3704 791.3846 791.835 792.0998 792.1704 792.1814 792.1921 792.1501 792.0599 791.8403 791.5905 791.4421 791.2748 790.9657 790.8608 790.7841 790.4052 789.887 789.462 789.1836 788.952 788.5601 787.3362 786.1965 785.7418 785.7052 785.6497 785.5471 785.5084 785.5834 786.0275 786.8095 786.9153 786.7341 786.5079 786.253 786.1616 786.3413 786.6625 786.9521 787.1378 787.1891 787.1631 787.3885 787.5099 787.2879 787.0033 786.6849 786.4738 786.486 786.6624 786.8381 786.8896 786.9128 786.6738 786.2528 785.8505 785.7153 785.8372 786.188
789.5367 788.0709 787.2344 786.8585 786.6628 786.3997 785.9963 785.6359 785.38 785.7773 787.1406 788.399 788.2665 788.8032 789.7103 790.209 790.7046 790.9366 791.0295 791.1226 790.9762 790.6771 790.0108 789.313 788.9173 788.733 788.6191 788.7046 788.843 788.3815 787.8225 787.3203 787.0386 786.7661 786.2435 785.6916 785.3168 785.3472 785.6401 785.8677 786.109 786.324 786.5159 786.8564 787.3857 787.6304 787.7062 787.71 787.3541 786.9225 786.8245 786.9766 787.4755 787.8774 787.972 787.7874 788.2213 788.5745 788.203 787.9344 787.6207 787.3467 787.3063 787.4557 787.6661 787.8164 787.8458 787.7546 787.4611 787.0702 786.8547 786.92 787.1324
790.047 788.5217 787.3615 786.691 786.3751 786.1719 785.932 785.6459 785.2664 785.4378 786.2791 787.8074 788.6801 788.0415 788.4281 788.9187 789.5515 789.8958 790.0252 790.1535 790.0938 789.8349 788.9195 788.1471 787.3129 786.932 786.8297 786.9312 787.0823 786.7829 786.3557 785.8157 785.6411 785.5228 785.2059 785.0834 785.2489 785.6243 786.0551 786.5422 786.9653 787.3394 787.5775 787.767 788.0399 788.2188 788.3382 788.6618 788.2789 787.5177 787.3596 787.5481 788.0369 788.5397 788.6853 788.3494 788.6862 788.8869 788.7476 788.7197 788.502 788.2476 788.2448 788.3665 788.5534 788.7474 788.8209 788.7281 788.4682 788.1904 787.889 788.0356 788.1864
791.4668 789.8748 788.2127 787.0254 786.3796 786.0632 785.8547 785.6406 785.1546 785.084 785.7494 787.1298 788.4969 788.3322 788.007 788.0192 788.2106 788.7625 789.0819 789.2811 789.3125 789.1882 788.6866 788.0338 786.8923 786.0272 785.7699 785.6763 785.4938 785.6324 785.571 785.1434 784.9536 784.8477 784.8262 785.0911 785.5956 786.077 786.658 787.3639 787.8608 788.3691 788.6957 788.7703 788.7816 788.6424 788.0273 788.347 788.5739 787.7 787.8428 788.0325 788.3491 788.673 788.3806 788.006 788.5457 789.071 789.4225 789.7626 789.4577 789.3828 789.5676 789.6774 789.7944 789.985 789.8577 789.8474 789.5667 789.4195 789.0124 789.2054 789.3178
794.551 792.6704 790.1798 788.223 787.007 786.354 785.9561 785.626 785.0995 784.8953 785.2955 786.2029 787.7667 788.641 788.5374 788.2787 788.0025 788.2037 788.3513 788.4907 788.5703 788.6368 788.5147 788.3365 786.99 785.8698 785.7705 785.6354 785.3436 785.3372 785.2326 785.1111 785.0464 785.0535 785.2015 785.6476 786.1896 786.7158 787.3805 788.1953 788.8329 789.5747 790.0569 790.1553 790.0804 789.6843 788.6855 788.0577 788.0042 788.1393 788.5984 788.6641 788.4032 788.0209 788.0002 788.1271 788.7142 789.4329 790.1398 790.9298 791.3938 791.5348 791.6523 791.7161 791.7675 791.7838 791.596 791.2198 791.0461 791.1277 790.516 790.5283 790.4878
798.9164 796.3762 793.2452 790.504 788.5645 787.3907 786.5571 785.7728 785.1794 784.9822 785.2603 785.772 786.9985 788.0075 788.4741 788.3308 788.0213 787.8139 787.6716 787.7665 787.7994 787.8951 787.8124 787.6618 787.1616 786.9457 787.3215 786.7045 786.1719 786.0441 786.2093 786.4048 786.5751 786.6348 786.7416 787.1684 787.546 787.8539 788.363 789.1782 790.2307 791.4166 791.912 791.9111 791.6495 790.8667 789.8214 788.9819 788.7793 788.9431 789.1971 789.1892 788.8048 788.4037 788.3826 788.6373 789.2591 790.0911 791.0676 791.9449 792.4853 792.7755 792.9651 793.0812 793.1507 793.0803 792.8314 792.3848 792.2993 792.431 792.1927 792.0844 791.8173
803.9852 801.1683 797.3819 793.822 791.3064 789.5843 788.2808 787.0388 785.8223 785.408 785.6328 785.6655 786.2419 786.8114 786.8712 786.4086 786.3077 786.8197 786.7657 787.1041 787.1646 787.1683 787.1796 787.1746 787.2938 787.8527 788.6644 788.273 788.0586 788.266 789.0637 789.9227 790.4131 790.4061 790.1558 790.0387 789.9658 789.8278 790.0323 790.692 792.0439 793.3932 793.7933 793.4622 792.9011 792.0657 791.001 790.2337 790.0657 790.0962 790.0447 789.9192 789.4186 789.0551 789.1028 789.3644 790.067 791.0142 791.9235 792.604 793.0682 793.3798 793.6307 793.8352 793.9864 793.9955 793.9526 793.852 793.8765 794.0023 794.0341 793.8279 793.1113
809.4839 806.5879 802.6747 798.543 795.1445 793.0524 791.3383 789.5813 787.3264 786.0325 785.6391 785.4283 785.5987 785.8796 785.6625 785.3456 785.3817 785.7859 786.0981 786.5408 786.8326 787.0372 787.2828 787.5322 788.133 789.0817 789.9036 790.7496 791.6496 792.8571 794.2293 795.3127 795.7698 795.4381 794.6525 793.9165 793.3741 792.9321 792.769 793.1998 794.4103 795.5703 795.6746 794.9084 794.222 793.4713 792.3815 791.8592 791.768 791.6578 791.0968 790.5451 789.9999 789.683 789.9006 790.1194 790.9834 791.8948 792.5195 792.939 793.2377 793.4924 793.7508 793.999 794.1665 794.2671 794.4164 794.597 794.8821 795.3014 795.7186 795.5301 794.5831
815.0624 812.4476 808.7534 804.4921 800.5652 797.7444 795.5476 793.4605 790.0756 787.4089 786.2197 785.6301 785.4505 785.6461 785.2347 785.0574 785.3021 785.6932 786.3053 787.0389 787.7124 788.3069 789.0654 789.9543 791.2614 792.876 794.5022 796.2037 797.8915 799.6074 801.1313 802.0801 802.1551 801.2936 799.9286 798.6001 797.658 797.0487 796.7004 796.8051 797.5718 798.2524 797.9203 797.004 795.9518 794.8624 793.9254 793.3774 793.2911 793.0709 792.1769 791.3198 790.689 790.2385 790.412 790.8462 791.7772 792.4778 792.8977 793.0815 793.1749 793.3086 793.5204 793.7759 -9999 -9999 -9999 -9999 -9999 -9999 -9999 -9999 -9999
820.3521 818.4727 815.3599 811.2477 807.0139 803.372 800.2619 797.1802 793.5281 790.189 788.1725 786.9078 786.0637 785.8044 785.5951 785.9257 786.689 787.1399 788.0864 789.3015 790.5443 791.7598 793.3754 795.3505 797.5739 799.7182 801.8196 803.9402 806.0095 807.8893 809.277 809.8309 809.3466 807.9182 805.9974 804.1469 802.7986 802.0081 801.5031 801.2256 801.3422 801.2471 -9999 -9999 -9999 -9999 -9999 -9999 -9999 -9999 -9999 792.5686 791.9432 791.538 791.1804 791.3815 -9999 -9999 -9999 -9999 793.0527 -9999 -9999 -9999 -9999 -9999 -9999 -9999 -9999 -9999 -9999 -9999 -9999
825.1098 824.3569 822.0941 818.4114 814.1627 810.0695 806.2657 802.5391 798.6616 794.991 792.1441 790.2074 788.7169 787.8063 787.5085 788.4105 790.3485 790.8903 792.0173 793.8304 795.8608 798.0382 800.431 803.0798 805.8256 808.3805 810.7391 813.0251 815.1734 816.9559 818.0032 818.0388 816.9733 815.0197 812.6018 810.2318 808.4023 807.2553 806.4482 805.7502 -9999 -9999 -9999 -9999 -9999 -9999 -9999 -9999 -9999 -9999 -9999 -9999 -9999 -9999 -9999 -9999 -9999 -9999 -9999 -9999 -9999 -9999 -9999 -9999 -9999 -9999 -9999 -9999 -9999 -9999 -9999 -9999 -9999
-9999 829.7481 828.4506 825.3881 821.4082 817.2414 813.1258 809.149 805.2859 801.6762 798.5601 795.9614 793.7787 792.2861 791.7864 792.5488 794.3829 796.0784 798.1373 800.6851 803.4429 806.2965 809.2437 812.2903 815.2387 817.8853 820.2404 822.47 824.4612 825.9173 826.4533 825.9031 -9999 -9999 -9999 -9999 -9999 -9999 -9999 -9999 -9999 -9999 -9999 -9999 -9999 -9999 -9999 -9999 -9999 -9999 -9999 -9999 -9999 -9999 -9999 -9999 -9999 -9999 -9999 -9999 -9999 -9999 -9999 -9999 -9999 -9999 -9999 -9999 -9999 -9999 -9999 -9999 -9999
