backend/lakes/data/Muriel Lake/muri_dem_tm.asc
ncols         254
nrows         263
xllcorner     774900
yllcorner     6000400
cellsize      50
NODATA_value  -9999
[rows 150 to 179 of 263, columns 134 to 200 of 254]
543.6097 543.6215 543.6364 543.6531 543.6707 543.6888 543.7076 543.7274 543.7484 543.7712 543.7953 543.8202 543.8456 543.8687 543.889 543.9073 543.9216 543.9308 543.9375 543.9452 543.955 543.9671 543.9833 544.0067 544.0402 544.0858 544.144 544.2128 544.289 544.371 544.4601 544.5602 544.6735 544.7996 544.9352 545.0754 545.2159 545.3582 545.4824 545.7123 546.0093 546.3299 546.6325 546.877 546.9679 547.0571 547.1334 547.186 547.2118 547.2115 547.1892 547.1505 547.1017 547.0487 546.9957 546.9472 546.9075 546.88 546.8638 546.8647 546.8828 546.9069 546.9213 546.9141 546.8795 546.765 546.7184
543.6206 543.6312 543.6448 543.6606 543.6776 543.6953 543.7137 543.7331 543.7538 543.7761 543.7999 543.8241 543.8488 543.8725 543.8929 543.9106 543.9255 543.9362 543.9429 543.9489 543.9573 543.9693 543.9852 544.0067 544.0358 544.0754 544.1274 544.1909 544.2625 544.3394 544.4219 544.5134 544.6176 544.7356 544.8652 545.0011 545.136 545.2599 545.3632 545.5857 545.8779 546.2035 546.5154 546.7594 546.8813 547.0121 547.1077 547.1698 547.2009 547.2037 547.1824 547.1434 547.0938 547.0398 546.986 546.9371 546.8997 546.88 546.8564 546.8541 546.8727 546.8985 546.9092 546.8801 546.8015 546.6919 546.6664
543.6322 543.6414 543.6537 543.6686 543.6849 543.702 543.72 543.7389 543.7592 543.7807 543.8039 543.8279 543.8518 543.8754 543.8965 543.9141 543.9288 543.9408 543.9488 543.9543 543.9611 543.972 543.9875 544.0083 544.0352 544.0702 544.116 544.1736 544.2397 544.3111 544.3866 544.4691 544.5631 544.6718 544.7943 544.9268 545.0648 545.2064 545.3575 545.4949 545.7566 546.0798 546.4065 546.6862 546.88 546.9995 547.089 547.1523 547.1865 547.1915 547.1711 547.1321 547.0818 547.0269 546.9719 546.9213 546.88 546.8569 546.8372 546.8379 546.8599 546.8898 546.9066 546.8798 546.7572 546.6536 546.6748
543.6442 543.652 543.6632 543.6769 543.6925 543.709 543.7264 543.7448 543.7644 543.7854 543.8077 543.8314 543.8549 543.8778 543.8994 543.9175 543.9322 543.9445 543.9542 543.9608 543.9668 543.9761 543.9906 544.0105 544.036 544.0679 544.1091 544.1611 544.222 544.2877 544.3561 544.4294 544.5128 544.6108 544.7247 544.8519 544.9871 545.1229 545.25 545.3643 545.6366 545.9626 546.3033 546.6215 546.8767 546.9709 547.0594 547.1283 547.1673 547.1752 547.1559 547.1167 547.0659 547.0107 546.9564 546.9086 546.8799 546.8389 546.8152 546.819 546.8455 546.8774 546.8982 546.8796 546.7534 546.6965 546.821
543.6563 543.6631 543.6731 543.6858 543.7005 543.7164 543.7333 543.7511 543.7701 543.7904 543.812 543.8347 543.858 543.8801 543.9015 543.9204 543.9356 543.948 543.9589 543.9672 543.9736 543.9819 543.9949 544.0134 544.0375 544.0673 544.1047 544.1522 544.2084 544.2692 544.3312 544.396 544.4686 544.5554 544.6597 544.7816 544.9168 545.0597 545.2056 545.3601 545.5726 545.8596 546.187 546.5055 546.7566 546.8814 547.0117 547.0985 547.1447 547.1553 547.1367 547.0968 547.0453 546.9904 546.9359 546.8801 546.8438 546.8046 546.7864 546.7998 546.8351 546.8656 546.88 546.8524 546.7985 546.8608 547.1707
543.6683 543.6742 543.6833 543.6952 543.7091 543.7245 543.7407 543.758 543.7764 543.7958 543.8165 543.8383 543.8607 543.8828 543.9036 543.9229 543.9391 543.9519 543.963 543.9727 543.9807 543.989 544.0007 544.0176 544.0399 544.0674 544.1016 544.145 544.1973 544.2543 544.3116 544.369 544.4315 544.5065 544.6002 544.7156 544.8512 545.0043 545.1735 545.3574 545.4973 545.7463 546.062 546.3911 546.6791 546.8801 546.9998 547.0782 547.1226 547.1334 547.1144 547.0728 547.0193 546.9659 546.9219 546.8798 546.8134 546.7654 546.7543 546.7856 546.844 546.88 546.9035 546.9152 546.9653 547.1942 547.7594
543.6807 543.6855 543.6938 543.7049 543.7181 543.733 543.7488 543.7656 543.7833 543.802 543.8218 543.8424 543.8638 543.8855 543.9058 543.925 543.9422 543.9561 543.9673 543.9775 543.9868 543.9961 544.0074 544.0232 544.0437 544.0687 544.0994 544.1385 544.1871 544.2413 544.2954 544.3475 544.4011 544.4643 544.5458 544.6512 544.7811 544.9312 545.0919 545.245 545.3647 545.6124 545.9259 546.2707 546.6038 546.876 546.9733 547.0481 547.0955 547.1093 547.0905 547.0458 546.9861 546.9255 546.8799 546.8239 546.7591 546.7167 546.7191 546.776 546.8794 546.9451 547.0166 547.1095 547.2915 547.7156 548.5785
543.6931 543.697 543.7045 543.7148 543.7275 543.7419 543.7576 543.774 543.7912 543.8091 543.8278 543.8474 543.8676 543.8885 543.9088 543.9275 543.945 543.9601 543.972 543.9824 543.9923 544.0023 544.014 544.0294 544.049 544.0719 544.0989 544.1332 544.1771 544.2286 544.2809 544.3297 544.3763 544.4285 544.4968 544.5895 544.7094 544.8533 545.0139 545.1824 545.3567 545.5121 545.7863 546.1233 546.4637 546.7416 546.8817 546.9958 547.062 547.0845 547.0684 547.0215 546.9548 546.8801 546.8275 546.7663 546.7076 546.6768 546.6954 546.7681 546.8827 547.0614 547.2307 547.4373 547.7695 548.4004 549.6003
543.7054 543.7086 543.7153 543.725 543.7373 543.7516 543.767 543.7831 543.7998 543.8171 543.8347 543.8533 543.8725 543.8923 543.9124 543.931 543.9481 543.9637 543.9768 543.9878 543.9979 544.0081 544.0195 544.0345 544.054 544.0762 544.1003 544.1296 544.1683 544.2161 544.267 544.314 544.3559 544.3987 544.4537 544.5317 544.6382 544.772 544.9252 545.0858 545.2377 545.3657 545.6323 545.9618 546.3123 546.6335 546.8765 546.9661 547.0343 547.0637 547.0512 547.0059 546.9438 546.88 546.8057 546.7357 546.6871 546.6799 546.7415 546.8812 547.0921 547.3376 547.5664 547.8739 548.3367 549.1313 550.6257
543.7181 543.7206 543.7266 543.7357 543.7477 543.7617 543.777 543.793 543.8093 543.8259 543.8428 543.8601 543.8785 543.8972 543.9165 543.9353 543.9523 543.9678 543.9813 543.993 544.0036 544.0136 544.0242 544.0383 544.0574 544.0798 544.1029 544.1282 544.1611 544.2042 544.2533 544.2997 544.339 544.3747 544.4175 544.4804 544.5718 544.6935 544.8397 545.0022 545.1739 545.3562 545.5205 545.803 546.1417 546.4753 546.7426 546.8817 546.9951 547.0419 547.0347 546.9883 546.9266 546.8798 546.7928 546.729 546.7091 546.7451 546.8817 547.1322 547.4479 547.7627 547.9843 548.349 548.858 549.8564 551.6614
543.7311 543.733 543.7383 543.7468 543.7585 543.7725 543.7877 543.8036 543.8196 543.8358 543.8519 543.8685 543.8856 543.9039 543.9222 543.9406 543.9578 543.973 543.9862 543.9978 544.0089 544.0193 544.029 544.0411 544.0588 544.0815 544.105 544.1279 544.1558 544.1937 544.24 544.2864 544.3251 544.3563 544.3892 544.4377 544.5135 544.6211 544.7572 544.9134 545.0779 545.2347 545.3661 545.6361 545.9639 546.3093 546.6279 546.8762 546.9766 547.0208 547.0157 546.9622 546.8803 546.823 546.7554 546.7302 546.776 546.8826 547.1331 547.4915 547.918 548.3268 548.4449 548.791 549.4683 550.772 552.9955
543.7446 543.7461 543.7507 543.7588 543.77 543.7838 543.7991 543.8151 543.831 543.8468 543.8624 543.8782 543.8947 543.9119 543.9299 543.9472 543.964 543.9794 543.9923 544.0029 544.0132 544.0239 544.0336 544.0438 544.0591 544.0811 544.1053 544.1277 544.1519 544.1843 544.2271 544.2733 544.3131 544.3427 544.3688 544.4054 544.4662 544.5591 544.6833 544.8329 544.999 545.1736 545.3563 545.5188 545.7936 546.1226 546.4502 546.7214 546.8801 546.9651 546.9873 546.9442 546.8795 546.774 546.7027 546.7225 546.8767 547.1101 547.4751 547.9315 548.4522 548.9361 549.1088 549.427 550.3248 552.0996 554.5588
543.7589 543.7601 543.7644 543.772 543.7827 543.7961 543.8114 543.8274 543.8434 543.8589 543.8741 543.8894 543.9052 543.9218 543.9388 543.9559 543.9717 543.9864 543.9995 544.0093 544.0178 544.0276 544.0376 544.0466 544.059 544.0788 544.1033 544.1264 544.1483 544.176 544.2145 544.2598 544.3013 544.3322 544.3554 544.3837 544.4319 544.51 544.6208 544.7602 544.9191 545.0847 545.2395 545.3653 545.6202 545.9282 546.2502 546.5375 546.7475 546.8802 546.9381 546.8802 546.793 546.6818 546.6128 546.6556 546.8814 547.3502 547.9034 548.494 549.1848 549.7635 549.9065 550.1727 551.327 553.408 555.9009
543.7745 543.7756 543.7794 543.7865 543.797 543.8102 543.8253 543.8413 543.8573 543.8727 543.8876 543.9023 543.9174 543.9335 543.9497 543.9663 543.9818 543.9952 544.0074 544.0168 544.0236 544.0311 544.0402 544.0488 544.0587 544.0755 544.0992 544.1233 544.1447 544.1687 544.2024 544.2455 544.2886 544.3226 544.3468 544.371 544.41 544.4753 544.5722 544.6996 544.851 545.0161 545.1852 545.357 545.5048 545.7554 546.0561 546.3517 546.5988 546.7794 546.879 546.806 546.6948 546.5859 546.5332 546.6075 546.9114 547.689 548.47 549.2176 549.9092 550.4269 550.6718 550.9736 552.0491 554.1363 556.5663
543.792 543.7931 543.7967 543.8033 543.8134 543.8263 543.8413 543.8572 543.873 543.8884 543.903 543.9174 543.9321 543.9473 543.9631 543.9786 543.9937 544.0061 544.0168 544.0253 544.0306 544.0353 544.0424 544.05 544.058 544.0715 544.0934 544.1183 544.1404 544.1622 544.1912 544.2305 544.2739 544.3118 544.3397 544.3642 544.3982 544.4537 544.5378 544.652 544.7925 544.9493 545.1082 545.2516 545.3638 545.5925 545.8731 546.1656 546.4244 546.6143 546.7067 546.6706 546.5846 546.5128 546.5176 546.6732 547.0798 548.1694 549.1506 549.8886 550.5131 551.0372 551.3707 551.5915 552.54 554.1731 556.2441
543.812 543.8131 543.8167 543.8231 543.8328 543.8455 543.8602 543.8759 543.8916 543.9066 543.921 543.9349 543.949 543.9635 543.9786 543.9933 544.0073 544.019 544.0278 544.0348 544.0386 544.0405 544.0445 544.0507 544.0571 544.0674 544.0864 544.1113 544.1347 544.1558 544.181 544.2155 544.2574 544.2983 544.3312 544.3593 544.3926 544.4423 544.516 544.6176 544.7462 544.8945 545.0509 545.2053 545.3578 545.4882 545.7161 545.9879 546.2426 546.4316 546.5254 546.5212 546.4756 546.4614 546.5593 546.8636 547.4303 548.462 549.6006 550.1993 550.8212 551.4139 551.7796 552.1454 552.9208 554.1696 555.9127
543.8353 543.8364 543.8399 543.8463 543.856 543.8685 543.8831 543.8986 543.9138 543.9285 543.9421 543.9553 543.9686 543.9824 543.9965 544.0105 544.0232 544.0338 544.041 544.0457 544.0476 544.0469 544.0472 544.0511 544.0562 544.0636 544.0788 544.1023 544.1271 544.1491 544.1718 544.2012 544.2396 544.2814 544.3188 544.352 544.3881 544.4359 544.5027 544.5936 544.7102 544.8479 544.9958 545.1398 545.2655 545.3627 545.5689 545.8207 546.0658 546.2535 546.3553 546.3768 546.3667 546.3957 546.543 546.89 547.5374 548.44 549.3869 550.0265 550.7824 551.4542 551.9827 552.5214 553.2712 554.3124 555.7522
543.8633 543.8641 543.8675 543.874 543.8838 543.8964 543.9108 543.9259 543.9407 543.9546 543.9673 543.9794 543.9916 544.0042 544.0172 544.03 544.0414 544.0505 544.0562 544.0582 544.0577 544.0544 544.0507 544.0512 544.0549 544.0603 544.0714 544.0919 544.1171 544.1409 544.1628 544.188 544.2213 544.2612 544.3016 544.3396 544.3799 544.429 544.4926 544.5758 544.6819 544.8094 544.9503 545.092 545.2268 545.3585 545.4741 545.6776 545.9017 546.0852 546.1968 546.2416 546.2627 546.3262 546.5088 546.8888 547.5566 548.3971 549.2365 549.9521 550.735 551.4534 552.0878 552.7642 553.5897 554.5986 555.8334
543.8971 543.8973 543.9006 543.9072 543.9174 543.9302 543.9446 543.9594 543.9734 543.9861 543.9974 544.008 544.0186 544.0295 544.0409 544.0521 544.0619 544.0692 544.073 544.0723 544.0689 544.063 544.0557 544.0519 544.0533 544.0574 544.0652 544.0814 544.1051 544.1301 544.1527 544.1752 544.2032 544.239 544.2791 544.3201 544.3643 544.4161 544.4797 544.5586 544.6567 544.7755 544.9093 545.046 545.1726 545.2789 545.3616 545.5493 545.7528 545.9275 546.047 546.1145 546.1662 546.263 546.4783 546.8875 547.5675 548.3858 549.186 549.9391 550.7208 551.4489 552.0823 552.821 553.7076 554.689 555.7016
543.9384 543.9376 543.9406 543.9476 543.9583 543.9714 543.9856 543.9998 544.0128 544.024 544.0335 544.042 544.0502 544.0589 544.0681 544.0772 544.0851 544.09 544.0916 544.0881 544.081 544.0723 544.062 544.0538 544.0518 544.0546 544.0604 544.0722 544.0923 544.1167 544.1401 544.1616 544.1851 544.2153 544.2524 544.2936 544.3397 544.3942 544.4592 544.5368 544.6302 544.7428 544.8718 545.0074 545.1376 545.254 545.3599 545.4831 545.6348 545.785 545.9056 545.9939 546.0772 546.2081 546.4543 546.8873 547.5764 548.3882 549.1804 549.9396 550.6938 551.3883 551.8981 552.6074 553.4244 554.1088 554.7734
543.9893 543.987 543.9897 543.9971 544.0082 544.0216 544.0358 544.0491 544.0604 544.0694 544.0763 544.0818 544.087 544.0928 544.099 544.1054 544.1107 544.113 544.1115 544.1053 544.0946 544.0822 544.0692 544.0571 544.0509 544.0515 544.0562 544.0648 544.0802 544.1017 544.1246 544.1456 544.1657 544.1903 544.2222 544.2605 544.3059 544.3611 544.4277 544.5059 544.5975 544.7064 544.8329 544.9703 545.1083 545.2396 545.3595 545.429 545.5345 545.6578 545.7753 545.8816 545.9964 546.1616 546.4368 546.8878 547.585 548.3943 549.188 549.9309 550.5947 551.1333 551.5279 552.1892 552.8462 553.3752 553.8691
544.0521 544.048 544.0503 544.058 544.0696 544.083 544.0966 544.1083 544.1173 544.1232 544.1266 544.1283 544.1298 544.1318 544.1345 544.1373 544.1392 544.1382 544.1332 544.1238 544.1096 544.093 544.077 544.062 544.0513 544.0485 544.0518 544.0585 544.0696 544.0864 544.1066 544.126 544.1436 544.163 544.1888 544.2223 544.2643 544.3176 544.3842 544.4631 544.5546 544.6619 544.7869 544.9252 545.0659 545.1967 545.3015 545.3604 545.4497 545.5522 545.6638 545.7836 545.9269 546.1254 546.4269 546.8902 547.5945 548.4034 549.1982 549.9333 550.5446 551.0403 551.4518 551.9064 552.3802 552.8331 553.3653
544.13 544.1235 544.1251 544.1329 544.1445 544.1576 544.1698 544.1792 544.1848 544.1866 544.1854 544.1823 544.1788 544.1761 544.1744 544.173 544.1707 544.1658 544.1567 544.1432 544.1257 544.1048 544.0851 544.0676 544.0533 544.0464 544.0472 544.0525 544.0604 544.072 544.087 544.1031 544.1176 544.1323 544.1521 544.1797 544.2166 544.2657 544.3297 544.4083 544.5 544.6068 544.731 544.8698 545.0138 545.1505 545.2684 545.3597 545.4069 545.4791 545.5781 545.7048 545.871 546.0999 546.4263 546.8954 547.5929 548.4006 549.1736 549.927 550.4946 550.988 551.4271 551.6958 552.0314 552.4172 552.9213
544.2259 544.2166 544.2174 544.2251 544.2362 544.2479 544.2576 544.2632 544.264 544.2604 544.2534 544.2441 544.2347 544.2263 544.2191 544.2127 544.2053 544.1957 544.1821 544.1639 544.1423 544.1177 544.0935 544.0731 544.0566 544.0456 544.0427 544.046 544.0514 544.0583 544.0673 544.0776 544.0876 544.0974 544.111 544.1323 544.1635 544.2073 544.2672 544.3436 544.4348 544.5411 544.6646 544.8037 544.9505 545.0924 545.2166 545.3098 545.3601 545.426 545.515 545.6429 545.8232 546.0757 546.4252 546.895 547.5221 548.3006 548.998 549.8112 550.3223 550.8121 551.2158 551.4634 551.774 552.1506 552.7028
544.3425 544.3304 544.3309 544.3379 544.3475 544.3563 544.3618 544.362 544.3563 544.3453 544.3307 544.3142 544.2977 544.2827 544.2692 544.2565 544.2434 544.2281 544.2095 544.186 544.1594 544.1312 544.1027 544.0784 544.0596 544.046 544.0393 544.0392 544.0419 544.0447 544.0473 544.0507 544.0543 544.058 544.0651 544.0798 544.1049 544.1433 544.1986 544.272 544.3617 544.4669 544.5891 544.7281 544.8776 545.0259 545.1613 545.2743 545.3597 545.3997 545.4708 545.5894 545.7693 546.027 546.382 546.8423 547.2739 547.9065 548.5447 549.3835 549.9955 550.6029 551.0798 551.4348 551.6348 551.9659 552.4698
544.4824 544.4685 544.4692 544.4745 544.4806 544.4846 544.4837 544.4761 544.4615 544.4413 544.4175 544.3922 544.3676 544.3449 544.3243 544.3049 544.2852 544.2636 544.2386 544.2099 544.1777 544.1448 544.1125 544.084 544.062 544.0464 544.0365 544.0323 544.0315 544.0303 544.0269 544.0225 544.0182 544.0146 544.0144 544.0219 544.0406 544.0738 544.125 544.1954 544.2834 544.3872 544.5077 544.6455 544.7963 544.9501 545.0944 545.218 545.3101 545.3601 545.4296 545.536 545.6993 545.9302 546.2274 546.5743 546.942 547.6392 548.3998 549.2231 549.9243 550.4955 550.9393 551.2599 551.4614 551.8038 552.2952
544.6472 544.6343 544.6367 544.637 544.6361 544.6329 544.6232 544.6056 544.5798 544.548 544.5131 544.4777 544.4438 544.4128 544.3845 544.3578 544.3308 544.302 544.27 544.2348 544.1971 544.1583 544.1221 544.0898 544.064 544.0459 544.0335 544.0253 544.0199 544.0142 544.0051 543.9929 543.9799 543.9679 543.9595 543.9589 543.9708 543.9988 544.0463 544.1149 544.202 544.3049 544.4234 544.559 544.7096 544.8672 545.0203 545.1577 545.272 545.3597 545.4033 545.4886 545.6321 545.8397 546.1105 546.4459 546.8849 547.587 548.3945 549.2001 549.9207 550.4158 550.8192 551.152 551.4379 551.67 552.0953
544.8394 544.8328 544.8385 544.8246 544.8116 544.7996 544.7786 544.7487 544.7096 544.6641 544.6161 544.5692 544.5255 544.4858 544.4495 544.4149 544.3801 544.3434 544.3038 544.2612 544.2169 544.1724 544.131 544.095 544.0655 544.0439 544.0289 544.0173 544.007 543.9958 543.9811 543.9614 543.9394 543.9185 543.9014 543.8922 543.8968 543.9194 543.9636 544.0309 544.1184 544.2218 544.3393 544.4724 544.6213 544.7806 544.9396 545.0868 545.212 545.306 545.3602 545.4432 545.5769 545.7776 546.0505 546.4067 546.8892 547.5975 548.3994 549.1436 549.8586 550.2603 550.647 550.9811 551.248 551.4699 551.9349
545.0663 545.0718 545.0795 545.0284 544.999 544.9802 544.9452 544.9018 544.8478 544.7866 544.7244 544.6653 544.6116 544.5631 544.5186 544.476 544.4329 544.3878 544.3398 544.2892 544.2373 544.1864 544.1393 544.0988 544.0656 544.0402 544.0219 544.0071 543.9919 543.9748 543.9538 543.9274 543.897 543.867 543.8411 543.8234 543.8201 543.8373 543.8783 543.9446 544.0335 544.139 544.2574 544.3893 544.5361 544.6949 544.8574 545.0126 545.1508 545.2665 545.3596 545.4138 545.5347 545.7374 546.0255 546.4043 546.8947 547.5646 548.314 548.8874 549.5197 549.9725 550.4464 550.8312 551.1486 551.4523 551.8701
545.3607 545.3607 545.3531 545.2222 545.1838 545.1689 545.113 545.0587 544.9894 544.9116 544.8348 544.7638 544.7006 544.6438 544.5913 544.5405 544.489 544.4349 544.378 544.3185 544.2583 544.2001 544.1469 544.101 544.0636 544.0343 544.012 543.9935 543.974 543.9509 543.9231 543.8898 543.8519 543.8136 543.7793 543.7539 543.7432 543.7547 543.7928 543.8585 543.9491 544.0579 544.1794 544.3124 544.4582 544.6158 544.7792 544.9382 545.0826 545.2047 545.2982 545.3605 545.4875 545.6982 546.005 546.4052 546.8848 547.4113 547.9938 548.5137 549.2673 549.9138 550.3483 550.724 551.0756 551.4328 551.7545
