backend/lakes/data/Muriel Lake/muri_dem_tm.asc
ncols         254
nrows         263
xllcorner     774900
yllcorner     6000400
cellsize      50
NODATA_value  -9999
[rows 210 to 239 of 263, columns 67 to 133 of 254]
551.5925 551.5728 551.4951 551.3268 550.8302 550.393 549.9778 549.8562 549.584 549.3834 549.0914 548.925 548.7341 548.4432 548.3973 548.3978 548.3982 548.3632 548.126 548.0127 547.9725 547.9683 547.9665 547.9238 547.7839 547.698 547.6741 547.6829 547.7456 547.8883 548.0638 548.1128 548.0991 548.0994 548.1459 548.2495 548.3844 548.5107 548.5903 548.5895 548.5028 548.6522 549.2136 550.23 551.3866 550.2402 549.1472 548.5804 548.39 548.3903 548.4101 548.4168 548.3901 548.3287 548.2522 548.2206 548.3404 548.6266 549.0037 549.3615 549.6123 549.7486 549.819 549.8569 549.8864 549.9041 549.93
552.891 552.754 552.4357 552.0792 551.5201 550.9628 550.4979 550.218 549.9526 549.8915 549.6195 549.4493 549.2124 548.984 548.8788 548.8328 548.7814 548.6569 548.4224 548.3964 548.3971 548.399 548.4011 548.3754 548.1454 548.0403 548.0168 548.0233 548.0616 548.174 548.3865 548.4026 548.4017 548.3986 548.3972 548.3982 548.4009 548.4045 548.4042 548.4002 548.3434 548.4532 548.9254 549.7249 550.31 549.9265 549.4182 549.1125 549.0056 549.0102 549.0302 549.0452 549.0431 548.9812 548.8363 548.65 548.6304 548.8005 549.0756 549.3597 549.5803 549.7184 549.7933 549.8238 549.8473 549.8716 549.9001
553.9285 553.6702 553.2985 552.9131 552.3688 551.6229 551.0083 550.5883 550.3008 550.1495 549.9469 549.9019 549.6542 549.4887 549.3335 549.2429 549.1589 549.0101 548.8389 548.7889 548.7828 548.7751 548.7433 548.6458 548.4265 548.3986 548.3993 548.3997 548.3974 548.4147 548.6021 548.7101 548.7821 548.7959 548.7843 548.7891 548.8505 548.9603 548.9874 548.9705 548.9365 549.0184 549.3433 549.8717 549.9332 549.9368 549.9026 549.8793 549.9194 549.9853 550.0174 550.0546 550.1024 550.038 549.7826 549.3572 549.1866 549.2363 549.3784 549.5461 549.6841 549.775 549.8241 549.8181 549.826 549.8457 549.8608
554.6703 554.4664 554.2953 553.7888 553.3947 552.5657 551.641 551.0265 550.655 550.4436 550.28 550.1616 549.9503 549.9062 549.7013 549.6125 549.543 549.3784 549.2373 549.1782 549.1633 549.1498 549.1139 549.0352 548.9167 548.8821 548.8696 548.8516 548.8297 548.8374 548.9529 549.103 549.2693 549.3121 549.3043 549.34 549.5085 549.8168 549.8957 549.8879 549.8673 549.9086 550.1088 550.4371 550.4953 550.5212 550.5743 550.7321 551.0433 551.3132 551.4224 551.5436 551.7144 551.5767 551.0055 550.3228 550.0568 549.9925 549.9361 549.9247 549.9288 549.9308 549.9288 549.8499 549.8411 549.8524 549.8325
555.3274 554.6766 554.0471 554.1112 554.2992 553.5117 552.4415 551.5475 551.0518 550.7878 550.639 550.4957 550.3171 550.1708 549.9497 549.9303 549.9137 549.706 549.5956 549.5545 549.5448 549.5385 549.5205 549.4854 549.4399 549.4175 549.4008 549.3763 549.3485 549.3416 549.4012 549.5659 549.8766 549.9445 549.9478 549.9918 550.1969 550.5735 550.7068 550.7114 550.7155 550.8467 551.1902 551.3567 551.366 551.3592 551.4294 551.7399 552.3464 552.7144 552.8629 553.1097 553.5377 553.3661 552.5366 551.7905 551.4154 551.1429 550.7161 550.4269 550.2859 550.1993 550.0803 549.9349 549.9301 549.9291 549.8458
555.9674 555.047 554.1098 554.1082 554.4997 554.048 553.0296 552.0809 551.4607 551.1518 551.0371 550.8799 550.7169 550.5411 550.356 550.2584 550.1489 549.9479 549.9283 549.9291 549.9301 549.9303 549.9295 549.9274 549.9246 549.924 549.9244 549.9258 549.9258 549.9303 549.9423 550.0612 550.5051 550.6874 550.7558 550.8934 551.2402 551.4032 551.4285 551.424 551.4525 551.6074 551.9083 552.0402 552.0723 552.1484 552.4424 553.12 553.9738 554.0451 554.0422 554.2547 554.4814 554.3553 553.9308 553.3157 552.758 552.1074 551.4647 550.9922 550.782 550.6553 550.441 550.266 550.1821 550.0806 549.9301
556.5449 555.6444 554.546 554.0197 554.3312 554.1691 553.2161 552.3651 551.7793 551.4637 551.4304 551.2397 551.1118 550.9354 550.7723 550.6328 550.4993 550.3646 550.3309 550.3276 550.3239 550.3147 550.3032 550.2914 550.2866 550.2985 550.3427 550.4229 550.5125 550.6348 550.701 550.8773 551.3181 551.4332 551.4388 551.4597 551.6162 551.7107 551.7903 551.937 552.2263 552.6672 552.9353 553.0756 553.199 553.3892 553.8409 554.7867 555.7726 555.5461 555.3681 555.415 555.6588 555.6993 555.2004 554.4933 553.9122 553.0906 552.3431 551.7167 551.4829 551.3333 550.9801 550.775 550.6395 550.4178 550.1706
556.8831 555.9545 555.0179 554.4202 554.1851 553.3755 552.8972 552.4041 551.999 551.749 551.6272 551.4583 551.4391 551.2654 551.1488 551.0023 550.8811 550.7904 550.7523 550.7367 550.7199 550.6943 550.6631 550.631 550.6098 550.6257 550.7163 550.8984 551.0748 551.3743 551.4509 551.5297 551.8241 551.9352 551.916 551.8604 551.8656 551.9429 552.1672 552.5575 553.175 553.9185 554.4775 554.9252 555.371 555.7804 556.272 557.0196 557.7648 557.9131 557.9479 557.9565 557.9573 557.7164 556.9534 556.1255 555.3046 554.4166 553.6238 552.9457 552.5061 552.0875 551.6536 551.4997 551.3617 550.9918 550.6348
557.1172 556.1736 555.4417 554.8522 554.3826 553.5591 552.9929 552.5804 552.2545 552.0507 551.8832 551.712 551.6056 551.4553 551.4426 551.2964 551.2152 551.1671 551.1412 551.1232 551.1021 551.0726 551.036 550.9967 550.9653 550.9739 551.0928 551.3928 551.567 552.0161 552.1938 552.264 552.3814 552.4231 552.3795 552.2858 552.2407 552.4099 552.9378 553.7131 554.8589 555.9951 556.9298 557.836 558.6846 559.421 560.0621 560.6898 561.1493 561.2626 561.2454 561.0894 560.8424 560.395 559.4858 558.424 557.3325 556.3126 555.2761 554.3039 553.7415 553.1478 552.8 552.6169 552.3484 551.856 551.4381
557.2938 556.6269 555.9827 555.3436 554.6963 553.9871 553.4166 552.967 552.6084 552.4348 552.2103 551.9859 551.8146 551.6616 551.5738 551.452 551.4485 551.4482 551.448 551.4478 551.4473 551.4462 551.4449 551.444 551.4415 551.4515 551.55 551.9419 552.2959 552.8046 552.9351 552.9443 552.9558 552.9557 552.9351 552.9006 552.9504 553.3745 554.4442 555.8816 557.5483 559.1346 560.5126 561.7272 562.8478 563.8064 564.5435 565.0151 565.0957 564.8693 564.5261 564.066 563.7097 563.2676 562.4554 561.365 560.2275 558.9998 557.5773 556.1191 554.8853 554.2656 554.0346 553.92 553.6927 553.296 552.699
557.5677 557.1926 556.6652 556.1019 555.5978 554.7588 554.1202 553.5392 553.0592 552.9189 552.5912 552.2903 552.0756 551.8868 551.74 551.6113 551.5668 551.5676 551.601 551.6545 551.7199 551.7964 551.8969 552.0215 552.1469 552.2894 552.4884 552.8484 553.0828 553.3844 553.4808 553.4791 553.49 553.5059 553.5356 553.6963 554.1859 555.2172 556.8846 558.9626 561.1901 563.1562 564.682 565.9189 567.0252 567.9976 568.6692 568.9358 568.6736 567.9908 567.2719 566.512 566.121 565.8245 565.3052 564.4614 563.5151 562.2692 560.6285 558.7505 556.9991 555.7863 555.0081 554.9482 554.9655 554.6404 554.1548
558.0164 557.9109 557.4904 557.0336 556.4993 555.8314 555.1304 554.4079 553.7607 553.3394 552.963 552.6307 552.4259 552.1818 551.9796 551.7979 551.6974 551.6909 551.7748 551.9237 552.1042 552.3094 552.5799 552.923 553.2541 553.5891 553.8773 554.233 554.4136 554.528 554.5562 554.5589 554.6434 554.754 554.9064 555.3374 556.3505 558.1376 560.4548 562.8872 565.2508 567.2155 568.5526 569.4979 570.2559 571.0112 571.4177 571.4315 571.0729 570.0306 569.0754 -9999 -9999 -9999 567.6613 567.2859 566.7173 565.6865 564.1198 562.127 560.0174 558.2396 557.0171 556.537 556.3717 556.2038 555.9399
558.6686 558.6597 558.403 558.1028 557.5135 556.9359 556.3011 555.5648 554.6901 553.9503 553.4398 553.1173 552.9706 552.5975 552.3447 552.0804 551.9249 551.9264 552.0991 552.4036 552.7651 553.1475 553.658 554.3332 554.9442 555.5255 556.0051 556.4168 556.6408 556.7302 556.7748 556.8772 557.0425 557.3234 557.6903 558.3929 559.7876 561.9815 564.4437 566.6501 568.7291 570.3517 571.287 571.7742 572.0591 -9999 -9999 -9999 -9999 -9999 -9999 -9999 -9999 -9999 -9999 -9999 569.525 568.9309 567.7319 565.9044 563.7225 561.6519 560.0723 559.2025 558.7526 558.5554 558.4178
-9999 559.5454 559.6917 559.446 558.6788 558.2961 557.9604 557.3204 556.1227 554.9193 554.25 554.0953 553.8192 553.1403 552.8853 552.5248 552.3298 552.3568 552.6643 553.2051 553.839 554.4641 555.288 556.4205 557.5051 558.4514 559.2494 559.9275 560.3246 560.4658 560.5078 560.5683 560.7137 561.0325 561.5143 562.3355 563.8155 565.8745 567.8555 569.1262 570.6597 571.7655 572.2611 -9999 -9999 -9999 -9999 -9999 -9999 -9999 -9999 -9999 -9999 -9999 -9999 -9999 -9999 -9999 570.9905 569.5691 567.5862 565.4787 563.7518 562.6631 562.0554 561.782 561.6777
-9999 -9999 560.2448 560.2195 559.956 559.8488 559.7019 559.1512 557.8536 556.3141 555.2334 555.1273 554.4556 553.8549 553.5451 553.2228 553.0397 553.0682 553.526 554.3719 555.3562 556.4569 557.7759 559.3105 560.749 561.9164 562.8942 563.8807 564.549 564.788 564.8387 564.8333 564.873 565.0929 565.5417 566.2407 567.4281 568.9638 570.0748 569.7027 570.8356 571.8551 -9999 -9999 -9999 -9999 -9999 -9999 -9999 -9999 -9999 -9999 -9999 -9999 -9999 -9999 -9999 -9999 -9999 -9999 -9999 -9999 -9999 566.3873 565.8018 565.5644 565.4988
-9999 -9999 -9999 -9999 560.77 560.8817 560.917 560.6077 559.6033 558.0276 556.5754 555.7169 555.1959 554.9197 554.7946 554.6644 554.3423 554.1852 554.7281 555.8884 557.3262 558.9609 560.7233 562.5114 564.0523 565.1267 565.9055 567.1324 568.1693 568.5842 568.7045 568.6552 568.5314 568.5466 568.7768 569.1303 569.7532 570.7158 571.6696 571.6561 -9999 -9999 -9999 -9999 -9999 -9999 -9999 -9999 -9999 -9999 -9999 -9999 -9999 -9999 -9999 -9999 -9999 -9999 -9999 -9999 -9999 -9999 -9999 -9999 -9999 569.4458 569.445
-9999 -9999 -9999 -9999 -9999 561.4679 561.7112 561.818 561.2837 560.0265 558.7224 557.8445 557.3722 557.0776 556.8156 556.4302 556.0005 555.8536 556.378 557.7186 559.5052 561.5227 563.5209 565.389 566.8961 567.8794 568.6222 569.2708 -9999 -9999 -9999 -9999 -9999 -9999 -9999 -9999 -9999 -9999 -9999 -9999 -9999 -9999 -9999 -9999 -9999 -9999 -9999 -9999 -9999 -9999 -9999 -9999 -9999 -9999 -9999 -9999 -9999 -9999 -9999 -9999 -9999 -9999 -9999 -9999 -9999 -9999 573.037
-9999 -9999 -9999 -9999 -9999 -9999 562.0068 562.438 562.5515 562.0656 561.3553 560.7833 560.3309 559.8065 559.1936 558.3832 557.8317 557.6267 558.2284 559.7082 561.7268 563.8292 565.7927 567.5513 568.9133 -9999 -9999 -9999 -9999 -9999 -9999 -9999 -9999 -9999 -9999 -9999 -9999 -9999 -9999 -9999 -9999 -9999 -9999 -9999 -9999 -9999 -9999 -9999 -9999 -9999 -9999 -9999 -9999 -9999 -9999 -9999 -9999 -9999 -9999 -9999 -9999 -9999 -9999 -9999 -9999 -9999 -9999
-9999 -9999 -9999 -9999 -9999 -9999 -9999 562.8409 563.7059 564.0376 563.9879 563.7195 563.259 562.485 561.502 560.3836 559.6741 559.3441 560.0361 561.7083 563.7395 565.727 -9999 -9999 -9999 -9999 -9999 -9999 -9999 -9999 -9999 -9999 -9999 -9999 -9999 -9999 -9999 -9999 -9999 -9999 -9999 -9999 -9999 -9999 -9999 -9999 -9999 -9999 -9999 -9999 -9999 -9999 -9999 -9999 -9999 -9999 -9999 -9999 -9999 -9999 -9999 -9999 -9999 -9999 -9999 -9999 -9999
-9999 -9999 -9999 -9999 -9999 -9999 -9999 -9999 564.4838 565.7021 566.248 566.2444 565.7676 564.7814 563.5652 562.275 561.4348 561.053 561.8818 563.4301 565.2762 -9999 -9999 -9999 -9999 -9999 -9999 -9999 -9999 -9999 -9999 -9999 -9999 -9999 -9999 -9999 -9999 -9999 -9999 -9999 -9999 -9999 -9999 -9999 -9999 -9999 -9999 -9999 -9999 -9999 -9999 -9999 -9999 -9999 -9999 -9999 -9999 -9999 -9999 -9999 -9999 -9999 -9999 -9999 -9999 -9999 -9999
-9999 -9999 -9999 -9999 -9999 -9999 -9999 -9999 -9999 -9999 -9999 -9999 -9999 -9999 -9999 -9999 -9999 -9999 -9999 -9999 -9999 -9999 -9999 -9999 -9999 -9999 -9999 -9999 -9999 -9999 -9999 -9999 -9999 -9999 -9999 -9999 -9999 -9999 -9999 -9999 -9999 -9999 -9999 -9999 -9999 -9999 -9999 -9999 -9999 -9999 -9999 -9999 -9999 -9999 -9999 -9999 -9999 -9999 -9999 -9999 -9999 -9999 -9999 -9999 -9999 -9999 -9999
-9999 -9999 -9999 -9999 -9999 -9999 -9999 -9999 -9999 -9999 -9999 -9999 -9999 -9999 -9999 -9999 -9999 -9999 -9999 -9999 -9999 -9999 -9999 -9999 -9999 -9999 -9999 -9999 -9999 -9999 -9999 -9999 -9999 -9999 -9999 -9999 -9999 -9999 -9999 -9999 -9999 -9999 -9999 -9999 -9999 -9999 -9999 -9999 -9999 -9999 -9999 -9999 -9999 -9999 -9999 -9999 -9999 -9999 -9999 -9999 -9999 -9999 -9999 -9999 -9999 -9999 -9999
-9999 -9999 -9999 -9999 -9999 -9999 -9999 -9999 -9999 -9999 -9999 -9999 -9999 -9999 -9999 -9999 -9999 -9999 -9999 -9999 -9999 -9999 -9999 -9999 -9999 -9999 -9999 -9999 -9999 -9999 -9999 -9999 -9999 -9999 -9999 -9999 -9999 -9999 -9999 -9999 -9999 -9999 -9999 -9999 -9999 -9999 -9999 -9999 -9999 -9999 -9999 -9999 -9999 -9999 -9999 -9999 -9999 -9999 -9999 -9999 -9999 -9999 -9999 -9999 -9999 -9999 -9999
-9999 -9999 -9999 -9999 -9999 -9999 -9999 -9999 -9999 -9999 -9999 -9999 -9999 -9999 -9999 -9999 -9999 -9999 -9999 -9999 -9999 -9999 -9999 -9999 -9999 -9999 -9999 -9999 -9999 -9999 -9999 -9999 -9999 -9999 -9999 -9999 -9999 -9999 -9999 -9999 -9999 -9999 -9999 -9999 -9999 -9999 -9999 -9999 -9999 -9999 -9999 -9999 -9999 -9999 -9999 -9999 -9999 -9999 -9999 -9999 -9999 -9999 -9999 -9999 -9999 -9999 -9999
-9999 -9999 -9999 -9999 -9999 -9999 -9999 -9999 -9999 -9999 -9999 -9999 -9999 -9999 -9999 -9999 -9999 -9999 -9999 -9999 -9999 -9999 -9999 -9999 -9999 -9999 -9999 -9999 -9999 -9999 -9999 -9999 -9999 -9999 -9999 -9999 -9999 -9999 -9999 -9999 -9999 -9999 -9999 -9999 -9999 -9999 -9999 -9999 -9999 -9999 -9999 -9999 -9999 -9999 -9999 -9999 -9999 -9999 -9999 -9999 -9999 -9999 -9999 -9999 -9999 -9999 -9999
-9999 -9999 -9999 -9999 -9999 -9999 -9999 -9999 -9999 -9999 -9999 -9999 -9999 -9999 -9999 -9999 -9999 -9999 -9999 -9999 -9999 -9999 -9999 -9999 -9999 -9999 -9999 -9999 -9999 -9999 -9999 -9999 -9999 -9999 -9999 -9999 -9999 -9999 -9999 -9999 -9999 -9999 -9999 -9999 -9999 -9999 -9999 -9999 -9999 -9999 -9999 -9999 -9999 -9999 -9999 -9999 -9999 -9999 -9999 -9999 -9999 -9999 -9999 -9999 -9999 -9999 -9999
-9999 -9999 -9999 -9999 -9999 -9999 -9999 -9999 -9999 -9999 -9999 -9999 -9999 -9999 -9999 -9999 -9999 -9999 -9999 -9999 -9999 -9999 -9999 -9999 -9999 -9999 -9999 -9999 -9999 -9999 -9999 -9999 -9999 -9999 -9999 -9999 -9999 -9999 -9999 -9999 -9999 -9999 -9999 -9999 -9999 -9999 -9999 -9999 -9999 -9999 -9999 -9999 -9999 -9999 -9999 -9999 -9999 -9999 -9999 -9999 -9999 -9999 -9999 -9999 -9999 -9999 -9999
-9999 -9999 -9999 -9999 -9999 -9999 -9999 -9999 -9999 -9999 -9999 -9999 -9999 -9999 -9999 -9999 -9999 -9999 -9999 -9999 -9999 -9999 -9999 -9999 -9999 -9999 -9999 -9999 -9999 -9999 -9999 -9999 -9999 -9999 -9999 -9999 -9999 -9999 -9999 -9999 -9999 -9999 -9999 -9999 -9999 -9999 -9999 -9999 -9999 -9999 -9999 -9999 -9999 -9999 -9999 -9999 -9999 -9999 -9999 -9999 -9999 -9999 -9999 -9999 -9999 -9999 -9999
-9999 -9999 -9999 -9999 -9999 -9999 -9999 -9999 -9999 -9999 -9999 -9999 -9999 -9999 -9999 -9999 -9999 -9999 -9999 -9999 -9999 -9999 -9999 -9999 -9999 -9999 -9999 -9999 -9999 -9999 -9999 -9999 -9999 -9999 -9999 -9999 -9999 -9999 -9999 -9999 -9999 -9999 -9999 -9999 -9999 -9999 -9999 -9999 -9999 -9999 -9999 -9999 -9999 -9999 -9999 -9999 -9999 -9999 -9999 -9999 -9999 -9999 -9999 -9999 -9999 -9999 -9999
-9999 -9999 -9999 -9999 -9999 -9999 -9999 -9999 -9999 -9999 -9999 -9999 -9999 -9999 -9999 -9999 -9999 -9999 -9999 -9999 -9999 -9999 -9999 -9999 -9999 -9999 -9999 -9999 -9999 -9999 -9999 -9999 -9999 -9999 -9999 -9999 -9999 -9999 -9999 -9999 -9999 -9999 -9999 -9999 -9999 -9999 -9999 -9999 -9999 -9999 -9999 -9999 -9999 -9999 -9999 -9999 -9999 -9999 -9999 -9999 -9999 -9999 -9999 -9999 -9999 -9999 -9999
