backend/lakes/data/Muriel Lake/muri_dem_tm.asc
ncols         254
nrows         263
xllcorner     774900
yllcorner     6000400
cellsize      50
NODATA_value  -9999
[rows 120 to 149 of 263, columns 67 to 133 of 254]
546.788 546.7097 546.6085 546.4952 546.3863 546.3055 546.2273 546.1517 546.0828 546.0198 545.9583 545.8936 545.8208 545.7325 545.6233 545.4941 545.3516 545.2036 545.0602 544.9277 544.8074 544.6981 544.6061 544.5164 544.4211 544.3269 544.2468 544.1885 544.1488 544.1246 544.1165 544.1304 544.1548 544.1979 544.2572 544.3371 544.4442 544.5808 544.7414 544.9143 545.0852 545.2393 545.3597 545.4004 545.4313 545.447 545.4445 545.4246 545.3898 545.3426 545.2855 545.2209 545.1508 545.0778 545.0039 544.9303 544.8584 544.7889 544.7224 544.6591 544.5981 544.5394 544.4834 544.4313 544.383 544.3369 544.2913
546.7268 546.6194 546.4999 546.3823 546.2761 546.1893 546.1085 546.0318 545.9652 545.9098 545.8605 545.8102 545.7524 545.6795 545.5857 545.4717 545.345 545.2142 545.0883 544.9747 544.8737 544.7821 544.6976 544.6221 544.5426 544.4592 544.3779 544.308 544.2529 544.2147 544.1978 544.203 544.2257 544.2682 544.3302 544.4131 544.5189 544.6497 544.8017 544.9638 545.1215 545.2592 545.36 545.4115 545.4381 545.4463 545.4371 545.4114 545.3713 545.319 545.2571 545.1877 545.1129 545.0348 544.9558 544.8768 544.799 544.7235 544.6512 544.5825 544.5168 544.4542 544.3939 544.337 544.2843 544.2355 544.189
546.6564 546.5247 546.3873 546.2603 546.1532 546.0643 545.9841 545.9084 545.8452 545.7976 545.7601 545.7235 545.6792 545.6201 545.5413 545.4437 545.335 545.2246 545.1201 545.0272 544.9479 544.8763 544.8082 544.7422 544.678 544.6093 544.5396 544.4719 544.4133 544.3673 544.3401 544.3374 544.3548 544.3914 544.4481 544.5256 544.6243 544.7432 544.8789 545.0228 545.1603 545.2766 545.36 545.4086 545.4313 545.4335 545.4181 545.3866 545.3412 545.2843 545.218 545.1447 545.0664 544.985 544.9025 544.8203 544.7388 544.6594 544.5834 544.511 544.4423 544.3771 544.3148 544.2554 544.1996 544.1483 544.1007
546.5685 546.4166 546.267 546.1306 546.0183 545.9279 545.8495 545.7796 545.7217 545.6824 545.6563 545.6323 545.6006 545.5551 545.4921 545.413 545.3248 545.2365 545.1555 545.0852 545.0262 544.976 544.9263 544.8746 544.8217 544.7673 544.7103 544.6539 544.5994 544.5533 544.5206 544.5071 544.5158 544.5451 544.5934 544.6612 544.748 544.8522 544.9689 545.0907 545.2052 545.2982 545.36 545.3982 545.4139 545.4097 545.3878 545.3505 545.2997 545.2383 545.1683 545.0919 545.0112 544.9276 544.843 544.7589 544.676 544.595 544.5172 544.4431 544.373 544.3066 544.244 544.1846 544.1283 544.0757 544.0274
546.4686 546.2985 546.1346 545.9913 545.8762 545.7869 545.7139 545.6531 545.6008 545.5698 545.5537 545.5407 545.5208 545.4886 545.4427 545.3845 545.3188 545.2528 545.1945 545.1464 545.1068 545.0737 545.0431 545.0071 544.9661 544.9232 544.8789 544.8333 544.788 544.7451 544.7109 544.6917 544.691 544.71 544.7478 544.8038 544.8771 544.9651 545.063 545.1633 545.2555 545.3261 545.36 545.3846 545.39 545.377 545.3475 545.3038 545.2479 545.182 545.1085 545.0297 544.9473 544.8627 544.7773 544.6925 544.6096 544.5289 544.4512 544.3771 544.307 544.2411 544.1793 544.1211 544.0665 544.0151 543.9674
546.3579 546.1672 545.9914 545.8409 545.7246 545.6399 545.5758 545.5261 545.4885 545.4691 545.462 545.4573 545.4471 545.4281 545.4 545.3639 545.3214 545.276 545.2368 545.2077 545.1853 545.1663 545.1483 545.1273 545.0994 545.0665 545.0328 544.9979 544.9613 544.925 544.8923 544.8695 544.8622 544.8722 544.8995 544.9429 545.0012 545.0724 545.1512 545.2311 545.304 545.3599 545.3722 545.3736 545.3623 545.337 545.2984 545.2477 545.1864 545.1167 545.0403 544.9592 544.8756 544.7906 544.7058 544.6216 544.5397 544.4607 544.3845 544.3117 544.2432 544.1788 544.1188 544.0627 544.0109 543.9625 543.9175
546.2301 546.0197 545.8337 545.6794 545.5645 545.4873 545.4381 545.409 545.3946 545.3922 545.3936 545.3933 545.3898 545.382 545.3704 545.3552 545.3358 545.3052 545.281 545.2655 545.256 545.2479 545.2384 545.2245 545.2078 545.1869 545.1625 545.137 545.1091 545.0791 545.0507 545.0284 545.0174 545.0206 545.0383 545.0696 545.1135 545.1674 545.2268 545.2845 545.332 545.36 545.3651 545.3533 545.3277 545.29 545.2415 545.1835 545.1169 545.0436 544.9648 544.8824 544.798 544.7131 544.6293 544.5469 544.4668 544.39 544.3167 544.2466 544.1805 544.1189 544.0616 544.0085 543.9597 543.9149 543.8737
546.0737 545.8506 545.6604 545.5064 545.3964 545.3309 545.302 545.3023 545.3231 545.3468 545.3575 545.36 545.36 545.36 545.36 545.36 545.36 545.3362 545.3225 545.3168 545.3146 545.3132 545.3097 545.2966 545.2849 545.2737 545.2607 545.2444 545.2234 545.2007 545.1776 545.1585 545.1475 545.1471 545.1581 545.1792 545.2096 545.2475 545.2885 545.3259 545.3521 545.36 545.3511 545.3252 545.2863 545.2369 545.1787 545.1131 545.0414 544.9645 544.8837 544.8005 544.7162 544.632 544.5494 544.4692 544.3918 544.3176 544.2477 544.1815 544.1193 544.061 544.0073 543.9578 543.9126 543.8715 543.8344
545.8833 545.6571 545.4705 545.3248 545.2238 545.1744 545.17 545.2048 545.2757 545.3375 545.36 545.3707 545.3739 545.3757 545.3777 545.3789 545.3759 545.36 545.36 545.36 545.36 545.36 545.36 545.3416 545.3332 545.3286 545.3242 545.3176 545.3021 545.2858 545.2701 545.2566 545.248 545.2466 545.2527 545.2656 545.2852 545.3096 545.3348 545.355 545.3651 545.36 545.3314 545.2897 545.2379 545.1778 545.1108 545.0385 544.9616 544.8815 544.799 544.7153 544.6315 544.5486 544.4679 544.3903 544.3158 544.2451 544.1786 544.1166 544.0588 544.0051 543.9557 543.9103 543.8693 543.8324 543.7993
545.653 545.4368 545.2645 545.1367 545.0547 545.0254 545.0532 545.1387 545.2552 545.3598 545.3938 545.4062 545.4099 545.4111 545.4119 545.4113 545.4072 545.3989 545.3978 545.3971 545.3946 545.3896 545.3799 545.36 545.36 545.36 545.36 545.36 545.3455 545.3362 545.3287 545.3227 545.3187 545.3179 545.3204 545.3254 545.3359 545.3501 545.3629 545.3669 545.36 545.3373 545.2966 545.2434 545.1814 545.1127 545.0388 544.9607 544.8796 544.7966 544.7126 544.6287 544.5456 544.4644 544.3857 544.3108 544.2399 544.173 544.1105 544.0526 543.9995 543.9508 543.9063 543.8657 543.8291 543.7968 543.7681
545.3861 545.1938 545.0464 544.9469 544.8938 544.8929 544.9489 545.0828 545.234 545.3599 545.4176 545.4408 545.4491 545.4518 545.4521 545.4507 545.4465 545.4403 545.4362 545.4316 545.4251 545.4156 545.4028 545.3881 545.3838 545.3818 545.3793 545.3737 545.36 545.36 545.36 545.36 545.36 545.36 545.36 545.3572 545.3607 545.3671 545.3712 545.36 545.3367 545.2996 545.2487 545.1871 545.1176 545.0424 544.9631 544.8807 544.7965 544.7114 544.6265 544.5425 544.4602 544.3807 544.3046 544.2324 544.1649 544.1021 544.0438 543.9903 543.9418 543.8979 543.8585 543.8231 543.7914 543.7636 543.7397
545.0992 544.9403 544.8262 544.7623 544.7485 544.7905 544.8916 545.0496 545.2204 545.3599 545.432 545.4659 545.4817 545.4889 545.4915 545.4907 545.4869 545.4807 545.4735 545.4648 545.4541 545.4413 545.4269 545.413 545.4045 545.3985 545.3925 545.3847 545.3752 545.3732 545.3733 545.3735 545.3732 545.3711 545.3668 545.36 545.36 545.36 545.36 545.3348 545.2977 545.2494 545.1906 545.1227 545.0479 544.9681 544.8851 544.7999 544.7136 544.6273 544.5419 544.4583 544.3772 544.2994 544.2258 544.1565 544.0922 544.0331 543.9792 543.9302 543.8861 543.847 543.8125 543.7821 543.7556 543.7326 543.7131
544.8154 544.6935 544.6172 544.5912 544.6172 544.7033 544.8431 545.0229 545.2095 545.36 545.4347 545.4764 545.5021 545.5176 545.5253 545.5273 545.5245 545.5178 545.5082 545.496 545.4816 545.4657 545.4492 545.4337 545.4215 545.4114 545.4019 545.3922 545.3831 545.3776 545.3744 545.3715 545.368 545.3628 545.3555 545.3467 545.34 545.3318 545.3184 545.2875 545.2435 545.1887 545.1246 545.0526 544.9744 544.8918 544.8065 544.7196 544.6323 544.5457 544.4604 544.3776 544.298 544.2222 544.1509 544.0844 544.0231 543.9674 543.9173 543.8726 543.8331 543.7986 543.7688 543.743 543.7212 543.7029 543.688
544.5559 544.4696 544.431 544.4415 544.4989 544.623 544.7924 544.9902 545.1908 545.3591 545.4176 545.4686 545.5094 545.5367 545.5521 545.5581 545.5569 545.55 545.5388 545.5238 545.5062 545.4873 545.4681 545.4502 545.4343 545.4204 545.4074 545.3953 545.384 545.3746 545.3668 545.3592 545.3512 545.3419 545.3309 545.3182 545.3047 545.2878 545.264 545.2277 545.1794 545.1211 545.0539 544.9796 544.8997 544.8158 544.7294 544.6418 544.5543 544.4678 544.3834 544.3018 544.2237 544.1499 544.0809 544.017 543.9587 543.9062 543.8594 543.8185 543.783 543.7528 543.7273 543.7059 543.6884 543.6745 543.6639
544.3348 544.2797 544.2757 544.3207 544.4061 544.55 544.7353 544.9395 545.1349 545.2866 545.3604 545.4462 545.5093 545.5499 545.5728 545.5826 545.5828 545.5757 545.5631 545.5461 545.5261 545.5046 545.4827 545.4619 545.4426 545.425 545.4086 545.3934 545.3789 545.3655 545.3528 545.3401 545.3269 545.3127 545.2971 545.2794 545.2593 545.2349 545.2037 545.1624 545.1111 545.0505 544.9818 544.9064 544.8258 544.7416 544.6551 544.5677 544.4807 544.3951 544.3118 544.2317 544.1554 544.0837 544.017 543.9556 543.9001 543.8505 543.8067 543.769 543.7369 543.7103 543.6887 543.6714 543.658 543.6479 543.6412
544.156 544.1249 544.1455 544.2076 544.3161 544.4764 544.674 544.8849 545.084 545.2463 545.3599 545.45 545.5177 545.563 545.5894 545.6011 545.6018 545.5944 545.5806 545.5619 545.5398 545.5159 545.4915 545.4678 545.4456 545.4247 545.4051 545.3865 545.3687 545.3513 545.3342 545.3165 545.2981 545.2789 545.2582 545.2351 545.209 545.1783 545.1413 545.0961 545.0422 544.9802 544.9108 544.8352 544.7548 544.671 544.5851 544.4987 544.4127 544.3284 544.2465 544.1681 544.0939 544.0243 543.96 543.901 543.848 543.801 543.76 543.7249 543.6957 543.6722 543.6537 543.64 543.63 543.6237 543.6202
544.016 544.0023 544.0416 544.1113 544.2328 544.4054 544.6136 544.8348 545.0444 545.2229 545.3599 545.4585 545.5281 545.5744 545.6014 545.6135 545.6139 545.6057 545.5906 545.5704 545.5465 545.5203 545.4937 545.4675 545.4424 545.4186 545.396 545.3744 545.3534 545.3326 545.3115 545.2897 545.2667 545.2426 545.2169 545.1887 545.1572 545.1215 545.08 545.0315 544.9755 544.9126 544.843 544.7679 544.6882 544.6053 544.5207 544.4354 544.3511 544.2683 544.1882 544.1118 544.0396 543.9722 543.91 543.8535 543.8029 543.7581 543.7192 543.6865 543.6597 543.6387 543.623 543.6119 543.6051 543.6018 543.6016
543.9054 543.8984 543.9381 544.0209 544.1561 544.3406 544.5598 544.7924 545.0153 545.2087 545.3599 545.4639 545.5342 545.5798 545.6067 545.6188 545.6189 545.6099 545.5936 545.572 545.5465 545.5184 545.4895 545.4609 545.4333 545.4069 545.3816 545.3573 545.3334 545.3096 545.2854 545.2601 545.2335 545.2053 545.1753 545.1426 545.1065 545.0665 545.0214 544.9703 544.9128 544.8494 544.7799 544.7054 544.627 544.5455 544.4623 544.3788 544.2961 544.2153 544.1373 544.0629 543.9929 543.9275 543.8676 543.8132 543.7646 543.7219 543.6851 543.6542 543.6293 543.6102 543.5967 543.588 543.5836 543.583 543.5853
543.8147 543.817 543.8546 543.9438 544.0896 544.2849 544.5151 544.7592 544.9946 545.2006 545.3599 545.4628 545.5304 545.5753 545.6029 545.6159 545.6166 545.6072 545.5902 545.5674 545.5403 545.5105 545.4796 545.4486 545.4186 545.3898 545.3622 545.3353 545.309 545.2827 545.256 545.2281 545.1987 545.1674 545.134 545.0978 545.0582 545.0149 544.967 544.9139 544.8553 544.7915 544.7224 544.6487 544.5715 544.4917 544.4104 544.3289 544.2483 544.1696 544.0936 544.0213 543.9533 543.8902 543.8323 543.78 543.7335 543.6926 543.6575 543.6282 543.6047 543.5871 543.5751 543.5682 543.5659 543.5674 543.572
543.7306 543.7438 543.7854 543.8808 544.0344 544.2394 544.4795 544.7336 544.9797 545.196 545.36 545.4515 545.5133 545.5585 545.5891 545.605 545.6076 545.5991 545.5818 545.5577 545.5292 545.4977 545.4648 545.4316 545.3993 545.3681 545.3383 545.3093 545.2808 545.2524 545.2238 545.1938 545.1626 545.1293 545.0935 545.0548 545.0128 544.9672 544.9172 544.8627 544.8033 544.7394 544.6708 544.5981 544.5225 544.4443 544.365 544.2856 544.2073 544.1307 544.0569 543.9868 543.9209 543.8597 543.8038 543.7535 543.7089 543.6697 543.6362 543.6082 543.5858 543.5692 543.5583 543.5527 543.5519 543.5551 543.5614
543.6657 543.6871 543.7344 543.8346 543.994 544.2051 544.4521 544.7134 544.9656 545.1881 545.3592 545.4225 545.481 545.5313 545.5677 545.5883 545.5939 545.5865 545.5692 545.5444 545.5145 545.4813 545.4466 545.4114 545.3768 545.3434 545.3113 545.2803 545.2499 545.2197 545.1893 545.1581 545.1255 545.0908 545.0537 545.0135 544.9702 544.9231 544.8719 544.8165 544.7568 544.693 544.6251 544.5536 544.4795 544.4033 544.3262 544.249 544.1729 544.0988 544.0273 543.9594 543.8954 543.8362 543.7822 543.7336 543.6906 543.653 543.621 543.5941 543.5725 543.5565 543.5463 543.5414 543.5415 543.5459 543.5538
543.6308 543.6503 543.7048 543.8114 543.9746 544.1885 544.4373 544.6986 544.9473 545.1566 545.3003 545.3603 545.4391 545.5019 545.5454 545.5702 545.578 545.5717 545.5541 545.5284 545.4973 545.4625 545.426 545.3888 545.3521 545.3167 545.2825 545.2496 545.2175 545.1858 545.1542 545.1219 545.0884 545.0528 545.015 544.9741 544.9301 544.8823 544.8308 544.7752 544.7157 544.6522 544.5853 544.5153 544.4429 544.3687 544.2937 544.219 544.1453 544.0735 544.0043 543.9385 543.8765 543.819 543.7666 543.7196 543.678 543.642 543.6112 543.5852 543.5643 543.5489 543.5389 543.5344 543.535 543.5402 543.5491
543.6135 543.6432 543.7057 543.8171 543.9821 544.1953 544.4423 544.7007 544.9442 545.1465 545.2852 545.3599 545.4283 545.4878 545.5306 545.5552 545.5629 545.5561 545.5378 545.511 545.4783 545.442 545.4037 545.3647 545.3263 545.2889 545.253 545.2185 545.1849 545.152 545.1193 545.0862 545.0521 545.0161 544.978 544.937 544.8928 544.8451 544.7937 544.7385 544.6796 544.6171 544.5514 544.4829 544.4122 544.3402 544.2675 544.1951 544.1238 544.0544 543.9874 543.9237 543.8635 543.8077 543.7568 543.7112 543.671 543.6364 543.6064 543.5812 543.561 543.5458 543.5358 543.5313 543.532 543.5376 543.5472
543.6483 543.6785 543.7433 543.8555 544.0188 544.2283 544.4703 544.7242 544.9648 545.1659 545.3031 545.3602 545.4304 545.4863 545.5244 545.545 545.5499 545.5408 545.5208 545.4923 545.4581 545.4202 545.3802 545.34 545.3 545.2612 545.2238 545.1879 545.1533 545.1194 545.0859 545.0522 545.0176 544.9816 544.9434 544.9025 544.8586 544.8113 544.7604 544.7061 544.6482 544.5869 544.5227 544.4561 544.3874 544.3175 544.2472 544.1772 544.1083 544.0412 543.9764 543.9147 543.8563 543.8022 543.7527 543.7082 543.6691 543.6353 543.6062 543.5817 543.5619 543.5469 543.5367 543.5319 543.5324 543.538 543.5477
543.7077 543.7437 543.8109 543.9231 544.0831 544.2865 544.5209 544.7673 545.0032 545.207 545.3594 545.4108 545.4574 545.4976 545.5253 545.5388 545.5383 545.5256 545.5028 545.4723 545.4364 545.3971 545.3561 545.3147 545.2737 545.2338 545.1954 545.1587 545.1233 545.0887 545.0547 545.0208 544.9861 544.9501 544.912 544.8715 544.828 544.7814 544.7313 544.6782 544.6216 544.5618 544.4991 544.4344 544.368 544.3004 544.2325 544.165 544.0984 544.0336 543.9709 543.9111 543.8545 543.8019 543.7535 543.71 543.6716 543.6384 543.61 543.5861 543.5665 543.5515 543.5411 543.5358 543.5358 543.541 543.5505
543.7819 543.8252 543.8979 544.0115 544.1685 544.3646 544.5889 544.8228 545.0438 545.229 545.36 545.4285 545.4739 545.5065 545.5261 545.5325 545.5264 545.5093 545.4833 545.4506 545.4131 545.3727 545.3308 545.2887 545.2473 545.207 545.1683 545.1312 545.0954 545.0605 545.0265 544.9926 544.958 544.9222 544.8845 544.8444 544.8016 544.7559 544.7067 544.6547 544.5994 544.5413 544.4806 544.418 544.3538 544.2886 544.2231 544.1579 544.0938 544.0311 543.9706 543.9126 543.8577 543.8063 543.7588 543.7159 543.6781 543.6453 543.6173 543.5939 543.5745 543.5592 543.5484 543.5425 543.5417 543.5463 543.5554
543.8561 543.9163 543.9969 544.1128 544.2671 544.4562 544.6694 544.889 545.0921 545.2539 545.3599 545.4307 545.4781 545.5079 545.5222 545.5228 545.5117 545.4906 545.4614 545.4265 545.3877 545.3466 545.3044 545.2623 545.2211 545.181 545.1425 545.1055 545.0698 545.0352 545.0013 544.9678 544.9336 544.8982 544.8611 544.8217 544.7797 544.7347 544.6866 544.6357 544.5818 544.5254 544.4668 544.4063 544.3444 544.2816 544.2185 544.1556 544.0939 544.0333 543.9747 543.9186 543.8651 543.8148 543.7682 543.7259 543.6884 543.6558 543.6279 543.6046 543.5852 543.5697 543.5584 543.5518 543.5502 543.5536 543.562
543.976 544.0325 544.1091 544.222 544.3722 544.5541 544.7566 544.9633 545.1517 545.2933 545.3602 545.4305 545.4775 545.5035 545.5128 545.5084 545.4927 545.468 545.4363 545.3997 545.36 545.3186 545.2768 545.2354 545.1948 545.1555 545.1178 545.0814 545.0465 545.0126 544.9792 544.9463 544.9128 544.8782 544.8418 544.8032 544.762 544.7178 544.6708 544.6211 544.5687 544.514 544.4574 544.399 544.3395 544.2792 544.2184 544.1578 544.0981 544.0397 543.983 543.9285 543.8763 543.8271 543.7813 543.7393 543.7017 543.6689 543.6411 543.6175 543.5979 543.5822 543.5704 543.5631 543.5604 543.5629 543.5702
544.1438 544.1718 544.2329 544.3361 544.4788 544.652 544.8433 545.0375 545.2169 545.3594 545.4075 545.4491 545.4799 545.4961 545.4984 545.4884 545.4685 545.4408 545.4072 545.3698 545.3298 545.2889 545.248 545.2079 545.1689 545.131 545.0945 545.0596 545.0258 544.9929 544.9606 544.9285 544.8958 544.8618 544.8262 544.7883 544.7479 544.7048 544.6591 544.6105 544.5597 544.5067 544.4521 544.396 544.3387 544.2806 544.2221 544.1637 544.106 544.0494 543.9946 543.9417 543.8909 543.8427 543.7972 543.7554 543.7177 543.6847 543.6564 543.6324 543.6124 543.5963 543.584 543.576 543.5723 543.5736 543.5797
544.3634 544.3478 544.3712 544.453 544.5828 544.7448 544.9222 545.0969 545.2494 545.36 545.4181 545.4536 545.4745 545.4821 545.4773 545.462 545.4385 545.4084 545.3737 545.3362 545.2971 545.2577 545.2186 545.1805 545.1434 545.1076 545.0731 545.0399 545.0077 544.9762 544.9451 544.914 544.8821 544.8489 544.814 544.7769 544.7373 544.6952 544.6504 544.6031 544.5537 544.5026 544.4501 544.3961 544.3411 544.2852 544.2288 544.1725 544.1166 544.0619 544.0087 543.9572 543.9076 543.8602 543.8154 543.7737 543.736 543.7025 543.6736 543.649 543.6285 543.6119 543.599 543.5901 543.5856 543.5856 543.5903
