backend/lakes/data/Muriel Lake/muri_dem_tm.asc
ncols         254
nrows         263
xllcorner     774900
yllcorner     6000400
cellsize      50
NODATA_value  -9999
[rows 180 to 209 of 263, columns 134 to 200 of 254]
545.8253 545.6992 545.5608 545.3685 545.3596 545.3577 545.262 545.2124 545.1284 545.0338 544.9434 544.8624 544.7913 544.7274 544.6676 544.6087 544.5483 544.4849 544.4182 544.349 544.2798 544.2135 544.1533 544.1014 544.0591 544.0256 543.9989 543.9759 543.952 543.9236 543.8893 543.849 543.8038 543.7578 543.7163 543.6843 543.6677 543.6741 543.7098 543.7756 543.868 543.9806 544.1069 544.244 544.3916 544.549 544.7118 544.8717 545.0195 545.1487 545.259 545.3593 545.4449 545.6425 545.9529 546.364 546.8447 547.2266 547.7869 548.415 549.1374 549.8519 550.2184 550.5811 550.9229 551.2245 551.4881
546.299 546.0836 545.8746 545.6739 545.5721 545.485 545.3626 545.3584 545.2565 545.1472 545.0473 544.9598 544.8832 544.8136 544.747 544.6801 544.6105 544.537 544.4598 544.3802 544.3013 544.2261 544.1582 544.0997 544.0515 544.0134 543.9822 543.9542 543.9252 543.8918 543.8522 543.8053 543.7528 543.6996 543.652 543.615 543.5944 543.5974 543.6315 543.6982 543.7933 543.9103 544.0427 544.1864 544.3391 544.499 544.6617 544.8204 544.9669 545.0948 545.2016 545.2882 545.3615 545.5507 545.8394 546.2055 546.594 546.941 547.5872 548.3047 548.8756 549.5187 549.9652 550.4171 550.7966 551.1278 551.4524
546.6572 546.4355 546.2047 545.9872 545.8211 545.6799 545.5496 545.4737 545.3603 545.2492 545.1469 545.0566 544.9769 544.9026 544.8293 544.7538 544.6744 544.5903 544.502 544.4115 544.3221 544.2372 544.1608 544.0953 544.0409 543.9973 543.9612 543.928 543.8938 543.8551 543.8107 543.7587 543.6998 543.6395 543.5862 543.5459 543.5236 543.5259 543.5599 543.6287 543.7277 543.8502 543.99 544.1426 544.3036 544.4692 544.6337 544.7906 544.9337 545.0576 545.1627 545.257 545.359 545.4724 545.7188 546.0642 546.4614 546.8833 547.3998 547.9811 548.5116 549.2738 549.9163 550.3447 550.7125 551.0666 551.4326
546.8799 546.708 546.4857 546.2611 546.0643 545.8926 545.7416 545.6169 545.4861 545.3601 545.2502 545.1563 545.0741 544.9946 544.9136 544.8287 544.7388 544.6433 544.5432 544.4413 544.3409 544.246 544.1606 544.0874 544.0266 543.9769 543.9353 543.8972 543.858 543.8143 543.7648 543.7081 543.6444 543.5782 543.5197 543.4773 543.4557 543.46 543.4967 543.569 543.6733 543.8029 543.9518 544.1152 544.2875 544.4619 544.6307 544.7869 544.9247 545.0408 545.1357 545.2146 545.2858 545.3625 545.5918 545.9309 546.3569 546.8406 547.2271 547.7824 548.4175 549.1523 549.8593 550.2279 550.5781 550.916 551.225
546.9766 546.8781 546.6775 546.4658 546.2679 546.0875 545.9227 545.7719 545.6242 545.4841 545.3601 545.259 545.1746 545.0881 544.9978 544.9025 544.8014 544.6941 544.5819 544.4681 544.3564 544.2512 544.1569 544.0756 544.0079 543.9521 543.9045 543.8615 543.818 543.7695 543.7148 543.6534 543.586 543.516 543.4539 543.4106 543.3917 543.4006 543.4427 543.5208 543.6322 543.7706 543.9303 544.1063 544.292 544.4778 544.6534 544.8104 544.9428 545.0499 545.1331 545.2008 545.2673 545.359 545.4893 545.7708 546.1522 546.5677 546.9437 547.5696 548.2996 548.8993 549.5304 549.9675 550.3854 550.7534 551.0936
546.949 546.8801 546.7493 546.587 546.417 546.2486 546.0841 545.923 545.7637 545.611 545.4736 545.3602 545.2742 545.178 545.0774 544.9717 544.8595 544.7404 544.616 544.4901 544.3672 544.2517 544.1482 544.0591 543.9841 543.9224 543.8694 543.8209 543.7733 543.7211 543.6617 543.5955 543.5243 543.4526 543.3898 543.3479 543.3339 543.3499 543.3994 543.4854 543.6057 543.7546 543.9265 544.1165 544.3168 544.5157 544.7003 544.8595 544.9875 545.0845 545.1542 545.2046 545.2467 545.2931 545.3628 545.6042 545.9528 546.3713 546.8367 547.3011 547.9231 548.5107 549.2271 549.8615 550.2244 550.5804 550.9159
546.88 546.8434 546.7643 546.6525 546.5204 546.3762 546.2231 546.0625 545.8966 545.7322 545.5797 545.4521 545.3593 545.252 545.1453 545.0322 544.9102 544.7797 544.6433 544.5056 544.3717 544.2463 544.1339 544.0371 543.9557 543.8877 543.8297 543.7766 543.7244 543.6688 543.6056 543.5353 543.4612 543.3893 543.3292 543.292 543.2851 543.3103 543.3689 543.464 543.5946 543.7554 543.9405 544.1449 544.3602 544.5729 544.7672 544.9302 545.0548 545.1423 545.1984 545.2334 545.2589 545.2915 545.3593 545.4848 545.7593 546.1298 546.5424 546.9551 547.603 548.3036 548.902 549.5182 549.9647 550.3891 550.7689
546.8189 546.802 546.7598 546.6905 546.5947 546.4783 546.3427 546.1887 546.0203 545.8444 545.6698 545.5055 545.361 545.2915 545.1975 545.0827 544.9521 544.8104 544.6622 544.5129 544.3685 544.2336 544.113 544.0092 543.9216 543.8483 543.7853 543.7287 543.6729 543.6135 543.5472 543.474 543.3988 543.3292 543.275 543.2462 543.2491 543.2849 543.3538 543.4586 543.5997 543.7726 543.9713 544.1901 544.4196 544.6454 544.8492 545.0159 545.1375 545.2158 545.2577 545.2784 545.2881 545.295 545.3121 545.3619 545.5854 545.9222 546.3425 546.8305 547.3033 547.9155 548.5059 549.2178 549.8597 550.2407 550.6417
546.7847 546.7783 546.7619 546.7257 546.657 546.5663 546.4487 546.3048 546.1382 545.9562 545.7692 545.5912 545.4437 545.3593 545.2515 545.1273 544.9855 544.8315 544.6713 544.511 544.3566 544.2131 544.0848 543.9748 543.8818 543.8042 543.7371 543.6773 543.6191 543.5566 543.4876 543.4133 543.3397 543.2758 543.2313 543.2147 543.2297 543.2768 543.3561 543.4702 543.6206 543.8045 544.0157 544.2477 544.4904 544.728 544.9403 545.109 545.2251 545.2936 545.3185 545.3282 545.3297 545.3269 545.3287 545.3598 545.4677 545.7289 546.0986 546.5271 546.9551 547.6033 548.3052 548.8999 549.5197 549.9755 550.4521
546.7944 546.7941 546.7937 546.7816 546.722 546.6525 546.5494 546.4146 546.2529 546.0698 545.8751 545.6821 545.5061 545.3612 545.2858 545.1619 545.0084 544.8412 544.6691 544.4985 544.3353 544.1841 544.0493 543.9341 543.8368 543.7556 543.6855 543.6234 543.5638 543.4995 543.4294 543.3561 543.2872 543.2328 543.2026 543.202 543.231 543.2889 543.3768 543.4983 543.6556 543.8475 544.0685 544.3113 544.5653 544.8137 545.0336 545.2015 545.3046 545.3599 545.36 545.36 545.36 545.3604 545.3568 545.3447 545.361 545.5584 545.8854 546.3171 546.826 547.3114 547.929 548.5107 549.2234 549.8585 550.2794
546.8804 546.8804 546.8805 546.8792 546.7966 546.7504 546.6525 546.522 546.3663 546.1859 545.9883 545.7881 545.6039 545.4561 545.3589 545.1965 545.0199 544.838 544.655 544.4756 544.3048 544.1473 544.0072 543.8876 543.7871 543.7034 543.6311 543.5681 543.5082 543.4437 543.3748 543.3051 543.2434 543.2025 543.191 543.2105 543.2546 543.3219 543.4153 543.5403 543.7008 543.8964 544.1225 544.3724 544.6351 544.8929 545.1204 545.2864 545.36 545.3851 545.3661 545.3423 545.3362 545.3599 545.3893 545.3834 545.36 545.4412 545.679 546.0568 546.5104 546.9625 547.624 548.3071 548.8889 549.4548 549.9277
547.0997 547.0953 547.0677 547.0031 546.8838 546.8783 546.7636 546.6295 546.4802 546.3033 546.1023 545.8921 545.6912 545.5143 545.3602 545.1904 545.0079 544.8195 544.6298 544.4436 544.2668 544.1042 543.9595 543.8363 543.7334 543.6478 543.5747 543.5118 543.4537 543.3911 543.3257 543.2617 543.2091 543.1838 543.1952 543.2391 543.2977 543.3723 543.4678 543.5921 543.7509 543.9446 544.1702 544.4215 544.6881 544.952 545.1873 545.3594 545.403 545.3839 545.3229 545.2539 545.2179 545.2531 545.3581 545.4215 545.3979 545.3602 545.4943 545.8224 546.2788 546.8171 547.3118 547.8643 548.4085 548.9487 549.4752
547.4073 547.4033 547.3577 547.2614 547.1304 547.0314 546.8813 546.7415 546.6 546.4229 546.2133 545.987 545.7623 545.5529 545.3601 545.1742 544.985 544.7919 544.5974 544.4063 544.2243 544.0569 543.9081 543.7816 543.6769 543.5902 543.5174 543.4559 543.4015 543.3435 543.2841 543.2272 543.183 543.1718 543.2054 543.2775 543.3499 543.4311 543.5269 543.6476 543.8 543.9864 544.2048 544.4508 544.7142 544.976 545.2053 545.3601 545.3989 545.3491 545.234 545.0897 544.9764 544.9647 545.0957 545.3472 545.4362 545.3876 545.3618 545.6003 545.9799 546.4365 546.8838 547.377 547.947 548.4824 549.0472
547.7592 547.7625 547.7119 547.5912 547.4283 547.2567 547.064 546.8817 546.7362 546.5454 546.3188 546.071 545.8201 545.5806 545.3601 545.1586 544.962 544.7639 544.5645 544.3681 544.1808 544.0083 543.8551 543.725 543.6185 543.5317 543.4605 543.4016 543.3529 543.3022 543.2513 543.2029 543.1643 543.16 543.2042 543.2883 543.3884 543.4829 543.5828 543.7007 543.845 544.019 544.2241 544.4576 544.7118 544.9685 545.198 545.3596 545.3833 545.309 545.1339 544.8851 544.6423 544.512 544.5643 544.9398 545.3348 545.4221 545.36 545.4516 545.7089 546.0835 546.5037 546.9695 547.646 548.3166 548.7415
548.1078 548.1187 548.0786 547.9333 547.7365 547.5125 547.2742 547.0522 546.8754 546.6587 546.4131 546.1429 545.8658 545.6005 545.36 545.1481 544.946 544.7427 544.537 544.3337 544.1396 543.9608 543.8024 543.6682 543.5599 543.4736 543.4054 543.3506 543.3093 543.2688 543.2295 543.1922 543.1583 543.1557 543.202 543.2878 543.395 543.5087 543.6285 543.7502 543.887 544.0455 544.2311 544.4454 544.6833 544.9291 545.1526 545.3128 545.36 545.2986 545.0816 544.715 544.3126 544.0422 543.9055 544.3403 544.9067 545.3344 545.4024 545.3604 545.4984 545.8217 546.2666 546.8171 547.3488 547.9161 548.3401
548.3963 548.4019 548.3947 548.2256 548.0139 547.7568 547.4684 547.1709 546.8888 546.7321 546.4908 546.2028 545.9021 545.6141 545.36 545.1473 544.9441 544.7347 544.5199 544.3069 544.1034 543.9163 543.7515 543.6128 543.5025 543.4175 543.3535 543.3046 543.2723 543.2441 543.2197 543.1976 543.1721 543.1709 543.217 543.3018 543.4124 543.5398 543.6743 543.8054 543.9362 544.0762 544.2366 544.4246 544.6396 544.8707 545.0933 545.2737 545.374 545.3598 545.1438 544.666 544.0963 543.8128 543.6191 543.848 544.3661 544.9269 545.3354 545.3832 545.3623 545.6033 545.979 546.4379 546.8967 547.3889 547.7911
548.5171 548.5546 548.5336 548.4014 548.2318 547.9742 547.6648 547.3441 547.0625 546.873 546.575 546.257 545.9351 545.6263 545.3593 545.1644 544.964 544.7444 544.5153 544.2883 544.0726 543.8755 543.7032 543.5598 543.4478 543.3651 543.3069 543.2661 543.244 543.2294 543.2221 543.2196 543.2098 543.2153 543.2632 543.3473 543.4608 543.6003 543.7501 543.8892 544.0115 544.1279 544.2567 544.4108 544.5945 544.804 545.0233 545.2285 545.3895 545.4611 545.342 544.8087 543.9968 543.6315 543.4319 543.5053 543.8433 544.3699 544.9421 545.3554 545.3602 545.4615 545.7136 546.0671 546.4651 546.8906 547.2961
548.59 548.6338 548.6155 548.5253 548.3958 548.1483 547.8315 547.4854 547.1587 546.881 546.5985 546.2958 545.9762 545.6563 545.3661 545.2206 545.0137 544.7714 544.5204 544.2757 544.0461 543.8383 543.6581 543.5105 543.3979 543.3187 543.2681 543.2381 543.2272 543.2268 543.2363 543.256 543.2694 543.2904 543.3458 543.4308 543.5468 543.6991 543.8673 544.016 544.1285 544.2174 544.3088 544.4222 544.5656 544.7408 544.9422 545.1567 545.3613 545.5156 545.533 545.2753 544.5779 543.92 543.538 543.3896 543.4991 543.8542 544.4796 545.2593 545.3917 545.3606 545.4948 545.752 546.0954 546.4868 546.88
548.6542 548.6852 548.6581 548.562 548.4033 548.2533 547.9576 547.5896 547.2136 546.8796 546.6259 546.3522 546.0541 545.7606 545.5138 545.3545 545.0846 544.802 544.5255 544.2632 544.0208 543.8033 543.6165 543.4662 543.355 543.281 543.2395 543.2224 543.2242 543.2391 543.2633 543.3046 543.344 543.3897 543.4612 543.5502 543.6671 543.8314 544.0216 544.186 544.2928 544.3549 544.408 544.4784 544.5747 544.701 544.8622 545.0594 545.274 545.4776 545.6052 545.5588 545.2499 544.629 544.0298 543.603 543.4637 543.5942 544.0118 544.893 545.3531 545.361 545.3607 545.512 545.7936 546.1467 546.5183
548.7224 548.7397 548.7097 548.6307 548.5184 548.394 548.0735 547.6836 547.2735 546.8936 546.7012 546.4408 546.1454 545.8539 545.5926 545.3608 545.0906 544.8025 544.5168 544.2449 543.994 543.7703 543.5797 543.4291 543.3218 543.2553 543.2242 543.2212 543.2373 543.2688 543.306 543.3655 543.4283 543.5026 543.5992 543.6992 543.8147 543.9861 544.1974 544.3834 544.4941 544.5383 544.5602 544.5955 544.6497 544.7162 544.814 544.9672 545.1523 545.3586 545.5416 545.6333 545.5697 545.3335 544.9749 544.2118 543.8854 543.8895 544.2904 544.9222 545.3539 545.375 545.3268 545.3618 545.5692 545.8578 546.1677
548.8038 548.8062 548.7661 548.6827 548.5626 548.4003 548.1281 547.7786 547.4055 547.0792 546.8701 546.5488 546.2255 545.9191 545.6337 545.3603 545.0781 544.7864 544.4974 544.2217 543.967 543.7406 543.5498 543.4022 543.3014 543.2449 543.2255 543.2358 543.267 543.3152 543.3679 543.441 543.5228 543.6219 543.7489 543.8689 543.9844 544.1539 544.3781 544.5852 544.7096 544.7516 544.7577 544.7764 544.8112 544.8279 544.8483 544.9409 545.056 545.2214 545.3957 545.5443 545.6074 545.5746 545.4514 545.1777 544.8007 544.7053 544.8685 545.1507 545.3599 545.3754 545.3406 545.3598 545.4471 545.6533 545.9075
548.9091 548.8925 548.8334 548.7291 548.5828 548.3993 548.1744 547.8655 547.5125 547.1749 546.8818 546.5721 546.2576 545.9506 545.6533 545.36 545.0642 544.7664 544.4748 544.1975 543.9424 543.7174 543.5303 543.3888 543.297 543.2522 543.2457 543.2686 543.3134 543.376 543.4473 543.5338 543.6308 543.7476 543.9047 544.0532 544.1753 544.3351 544.556 544.774 544.9136 544.9695 544.9757 545.0012 545.0623 545.0637 545.0541 545.0651 545.0762 545.1683 545.2692 545.403 545.4781 545.5178 545.5148 545.4508 545.3525 545.3408 545.3518 545.3598 545.3816 545.3631 545.3363 545.332 545.3607 545.5314 545.7522
549.046 549.0073 548.9257 548.7964 548.6195 548.4047 548.2468 547.9536 547.5912 547.2231 546.8812 546.5684 546.2632 545.9615 545.6616 545.3599 545.0528 544.7484 544.4542 544.1772 543.9248 543.7046 543.5247 543.3924 543.3116 543.2789 543.2853 543.3199 543.376 543.4495 543.5381 543.6414 543.7563 543.8829 544.0639 544.2484 544.3898 544.539 544.7387 544.9489 545.0895 545.1711 545.18 545.2172 545.3527 545.3602 545.3588 545.3586 545.3571 545.3553 545.2838 545.3598 545.36 545.3641 545.3916 545.3994 545.3967 545.4073 545.3873 545.3588 545.3424 545.3315 545.3398 545.3599 545.3906 545.517 545.7034
549.2144 549.1534 549.0519 548.9089 548.7348 548.5535 548.3918 548.0444 547.6462 547.248 546.8809 546.5636 546.2642 545.967 545.6661 545.3596 545.0439 544.7341 544.4391 544.1649 543.918 543.7059 543.5363 543.4154 543.3468 543.326 543.3436 543.3887 543.4543 543.5369 543.6375 543.7574 543.8976 544.0339 544.2262 544.448 544.6259 544.7759 544.941 545.1306 545.2362 545.3575 545.3601 545.3679 545.533 545.6208 545.6633 545.6843 545.6853 545.6497 545.5695 545.5369 545.4626 545.3651 545.3618 545.3618 545.3608 545.36 545.3126 545.2996 545.2982 545.3094 545.3599 545.3984 545.4532 545.568 545.7341
549.4029 549.3213 549.1996 549.0372 548.844 548.634 548.4005 548.0596 547.661 547.2532 546.88 546.5686 546.2756 545.9783 545.6725 545.3595 545.0369 544.7245 544.4317 544.1635 543.9254 543.7244 543.5673 543.459 543.4023 543.3925 543.4189 543.4722 543.5457 543.6377 543.7489 543.8817 544.0477 544.2052 544.3969 544.6467 544.8735 545.0468 545.1632 545.3515 545.3688 545.5151 545.6027 545.6831 545.8175 545.9191 545.9865 546.0372 546.0697 546.0455 545.9821 545.9214 545.8452 545.7683 545.7385 545.702 545.6185 545.51 545.3688 545.3608 545.3604 545.3615 545.4268 545.4857 545.5575 545.6707 545.8259
549.5919 549.4961 549.3562 549.1681 548.9387 548.6811 548.399 548.0598 547.6692 547.2569 546.8785 546.5957 546.3099 546.0033 545.6837 545.3595 545.0317 544.7205 544.434 544.1756 543.9496 543.7622 543.6187 543.5231 543.4772 543.4759 543.5097 543.5688 543.6486 543.7498 543.8764 544.0251 544.2068 544.3992 544.5876 544.8472 545.1215 545.347 545.38 545.5807 545.6871 545.8174 545.9373 546.0591 546.1672 546.2485 546.3148 546.3909 546.4813 546.4811 546.4461 546.4069 546.3647 546.3287 546.308 546.2542 546.0847 545.9276 545.7896 545.7067 545.6536 545.6187 545.6277 545.6583 545.7182 545.8215 545.9656
549.7579 549.6638 549.5152 549.3039 549.0336 548.7219 548.3978 548.0853 547.7166 547.3012 546.8967 546.6772 546.381 546.0447 545.6995 545.3597 545.0293 544.7239 544.4482 544.2034 543.9921 543.8196 543.6902 543.6066 543.5697 543.5747 543.6138 543.6787 543.765 543.8757 544.0198 544.2009 544.3962 544.6224 544.8114 545.0679 545.3635 545.6343 545.7893 545.9768 546.0954 546.2006 546.3224 546.4708 546.5384 546.5769 546.6152 546.6926 546.8665 546.8803 546.8783 546.8766 546.875 546.8748 546.8754 546.8376 546.5776 546.4331 546.3289 546.1779 546.0682 545.9731 545.9136 545.8944 545.9243 546.0082 546.1382
549.8771 549.8121 549.673 549.4542 549.1538 548.7928 548.4156 548.1801 547.8496 547.4653 547.1091 546.8641 546.4803 546.0895 545.713 545.3598 545.032 544.7379 544.4774 544.2489 544.0538 543.8966 543.7806 543.7076 543.6781 543.6878 543.7319 543.8038 543.8993 544.0242 544.1875 544.4099 544.6548 544.9082 545.082 545.3629 545.6961 546.0071 546.2303 546.4347 546.5178 546.5755 546.6719 546.8643 546.8795 546.8788 546.8785 546.8941 547.0798 547.1696 547.2092 547.2313 547.2478 547.2563 547.2372 547.1389 546.9064 546.8773 546.8477 546.6216 546.4971 546.3449 546.2206 546.152 546.1479 546.2095 546.3241
549.9301 549.9295 549.8206 549.6232 549.324 548.9666 548.6241 548.3834 548.0329 547.6328 547.235 546.8806 546.4988 546.1031 545.7149 545.3591 545.0444 544.7679 544.5252 544.3139 544.1348 543.9923 543.8889 543.8258 543.8027 543.8171 543.8682 543.9518 544.0635 544.2061 544.3944 544.657 544.9974 545.3207 545.4334 545.7681 546.1071 546.4299 546.6315 546.861 546.8793 546.8782 546.8912 547.0516 547.116 547.148 547.1942 547.276 547.4053 547.486 547.5277 547.5524 547.572 547.5847 547.5707 547.4901 547.3287 547.2416 547.1232 546.8992 546.8641 546.665 546.494 546.3896 546.3599 546.4017 546.5021
549.9648 549.9777 549.9301 549.7886 549.4985 549.1333 548.7599 548.4174 548.1682 547.7711 547.3155 546.8792 546.5144 546.124 545.7222 545.3576 545.0763 544.823 544.5963 544.3999 544.2351 544.1063 544.0154 543.9626 543.9466 543.9681 544.0311 544.1354 544.2775 544.449 544.6514 544.9722 545.3881 545.8138 546.0928 546.329 546.5555 546.8494 546.8932 547.053 547.1188 547.1688 547.2407 547.3431 547.4051 547.4651 547.5782 547.7499 547.8461 547.8879 547.9068 547.9189 547.9317 547.9463 547.9493 547.8995 547.7392 547.6111 547.4447 547.2365 547.0926 546.8817 546.7015 546.5836 546.5396 546.566 546.6526
