backend/lakes/data/Charlotte Lake/chal_dem_tm.asc
ncols         166
nrows         109
xllcorner     780550
yllcorner     6015800
cellsize      50
NODATA_value  -9999
[rows 30 to 59 of 109, columns 67 to 133 of 166]
542.2968 542.098 542.142 542.4786 542.9493 543.5933 544.3169 544.992 545.4401 545.4868 545.3347 545.8136 546.3026 546.7383 547.0164 547.2756 547.4786 547.6321 -9999 -9999 -9999 -9999 -9999 -9999 -9999 -9999 -9999 -9999 -9999 -9999 -9999 -9999 -9999 -9999 -9999 -9999 -9999 -9999 -9999 -9999 -9999 -9999 -9999 -9999 -9999 -9999 -9999 -9999 -9999 -9999 -9999 -9999 -9999 -9999 -9999 -9999 -9999 -9999 -9999 -9999 -9999 -9999 -9999 -9999 -9999 -9999 -9999
542.0333 541.8192 541.794 541.9867 542.2705 542.8453 543.5775 544.3375 544.9578 545.14 545.0666 545.4965 546.033 546.4338 546.7375 546.9744 547.0397 547.011 546.8002 -9999 -9999 -9999 -9999 -9999 -9999 -9999 -9999 -9999 -9999 -9999 -9999 -9999 -9999 -9999 -9999 -9999 -9999 -9999 -9999 -9999 -9999 -9999 -9999 -9999 -9999 -9999 -9999 -9999 -9999 -9999 -9999 -9999 -9999 -9999 -9999 -9999 -9999 -9999 -9999 -9999 -9999 -9999 -9999 -9999 -9999 -9999 -9999
541.814 541.6141 541.5325 541.5999 541.7902 542.2008 542.8633 543.6635 544.5056 544.9187 544.9819 545.2149 545.754 546.0169 546.3172 546.5691 546.6212 546.4775 546.1633 546.0054 -9999 -9999 -9999 -9999 -9999 -9999 -9999 -9999 -9999 -9999 -9999 -9999 -9999 -9999 -9999 -9999 546.0046 546.0933 546.1351 546.2407 546.5887 546.9845 -9999 -9999 -9999 -9999 -9999 -9999 -9999 -9999 -9999 -9999 -9999 -9999 -9999 -9999 -9999 -9999 -9999 -9999 -9999 -9999 -9999 -9999 -9999 -9999 -9999
541.6486 541.4658 541.355 541.3486 541.4608 541.7437 542.2327 542.9556 543.7675 544.3738 544.5762 544.8485 545.2 545.3656 545.7645 546.1501 546.291 546.2042 545.9968 545.8944 546.022 -9999 -9999 -9999 -9999 -9999 -9999 -9999 -9999 -9999 -9999 -9999 -9999 -9999 545.9853 545.9362 546.0229 546.3877 546.7848 546.9111 546.9923 547.0834 547.0831 547.001 546.9535 -9999 -9999 -9999 -9999 -9999 -9999 -9999 -9999 -9999 -9999 -9999 -9999 -9999 -9999 -9999 546.9867 547.7963 548.1909 -9999 -9999 -9999 -9999
541.5386 541.3741 541.2535 541.2067 541.2551 541.4302 541.7579 542.2476 542.8724 543.3944 543.7359 544.0292 544.3303 544.636 545.1205 545.6873 545.954 545.9845 545.8944 545.869 545.9914 546.2062 -9999 -9999 -9999 -9999 -9999 -9999 -9999 -9999 -9999 546.4613 546.0052 545.7828 545.7682 545.8149 546.0225 546.4592 546.9026 547.0063 546.9399 546.9288 546.9864 547.0264 547.0002 547.0073 -9999 -9999 -9999 -9999 -9999 -9999 -9999 -9999 -9999 546.0634 546.0009 545.9562 545.957 546.1263 546.894 547.5162 547.8256 547.9015 548.0186 -9999 -9999
541.4653 541.3245 541.2111 541.1462 541.1479 541.2359 541.4284 541.7271 542.0988 542.4534 542.8489 543.0778 543.3422 543.7394 544.2911 544.9246 545.3764 545.5931 545.6857 545.7641 545.8809 546.0229 546.2947 -9999 -9999 -9999 -9999 -9999 -9999 546.108 546.0854 545.946 545.6652 545.5135 545.4984 545.5701 545.7786 546.1538 546.6325 546.5897 546.2484 546.2462 546.5652 546.9221 547.0386 547.0574 -9999 -9999 -9999 -9999 -9999 -9999 -9999 546.2073 545.9308 545.8888 545.9991 545.9973 545.9823 546.1029 546.7513 547.1331 547.1672 547.1581 547.2973 547.7629 -9999
541.3951 541.2922 541.2036 541.1405 541.1144 541.1389 541.2292 541.39 541.6007 541.8218 542.0459 542.1743 542.3752 542.7958 543.3456 544.0355 544.6856 545.0945 545.3818 545.6042 545.8078 546.0033 546.2296 546.4453 -9999 -9999 -9999 546.8947 546.3282 545.9792 545.758 545.5127 545.2937 545.2222 545.2219 545.259 545.3861 545.624 545.8264 545.6762 545.3925 545.5477 546.0089 546.532 546.9376 547.0981 547.2102 -9999 -9999 -9999 546.6489 546.3571 545.9943 545.7163 545.6483 545.7869 545.9996 546.0394 545.998 545.9968 546.386 546.7582 546.7473 546.7361 546.8954 547.2919 547.9328
541.3174 541.2609 541.21 541.1653 541.1298 541.1138 541.1341 541.2008 541.3035 541.4152 541.5164 541.5867 541.7233 542.0143 542.4296 543.1027 543.8591 544.543 544.9954 545.3757 545.7048 545.9827 546.1559 546.2894 -9999 -9999 547.0898 547.0792 546.7625 546.1943 545.7262 545.2626 545.0161 545.0237 545.0338 545.0029 545.0195 545.1339 545.1328 545.1177 545.0189 545.093 545.5647 546.1176 546.6633 547.093 547.5663 -9999 -9999 546.9578 546.4973 545.9844 545.5187 545.3474 545.4114 545.6794 546.0005 545.9684 545.8107 545.5869 545.7916 546.1214 546.2672 546.3892 546.6885 547.1962 547.887
541.2393 541.2258 541.2167 541.2014 541.1721 541.1352 541.1116 541.119 541.1539 541.1933 541.217 541.2283 541.2863 541.454 541.7587 542.2718 542.9908 543.7682 544.4639 545.0529 545.4949 545.7958 545.9759 546.0076 546.1226 546.5361 546.9361 547.1028 546.9855 546.548 545.8815 545.181 544.9763 544.9994 544.9991 544.942 544.9363 544.9986 544.9912 544.9956 544.9996 545.0392 545.3872 545.912 546.4688 547.1094 547.8124 548.0455 547.8492 547.2604 546.5098 545.7488 545.145 545.072 545.1766 545.4917 545.9489 545.5934 545.5757 545.1273 545.1382 545.5373 545.7695 546.001 546.4901 547.2121 547.836
541.1759 541.1935 541.2206 541.2374 541.2244 541.181 541.1322 541.1055 541.1034 541.1034 541.0825 541.0438 541.0295 541.0967 541.2942 541.6735 542.2545 543.0485 543.9438 544.7581 545.2498 545.5218 545.6813 545.7653 545.8817 546.1176 546.5125 546.8346 546.8741 546.6851 545.9432 545.2548 544.9955 544.9373 544.9274 544.9103 544.9226 544.9692 544.9999 545 544.9755 545.0031 545.2523 545.6776 546.1981 546.9061 547.5624 547.9387 547.9706 547.5148 546.4891 545.4984 545.0429 544.9992 545.002 545.1812 545.6588 545.0371 545.5275 545.6853 545.3369 545.2178 545.1631 545.4703 546.062 546.8597 547.5898
541.139 541.175 541.2263 541.2703 541.2769 541.236 541.1735 541.1271 541.1077 541.0924 541.0522 540.9819 540.9142 540.9055 541.0141 541.2917 541.7712 542.4811 543.4846 544.4106 545.0051 545.2399 545.4102 545.5986 545.7904 545.9482 546.0534 546.1696 546.2436 546.1342 545.5717 545.061 544.8796 544.8449 544.8619 544.8884 544.9246 544.9647 544.9884 544.9863 544.9713 544.9989 545.1405 545.485 545.9595 546.511 547.017 547.3155 547.4827 547.18 546.2154 545.3657 545.0012 544.9995 545.1266 545.4586 545.9485 545.7195 545.9431 545.8448 545.4592 545.1449 544.97 545.0822 545.5691 546.2128 546.8879
541.1316 541.1785 541.2424 541.304 541.3276 541.2928 541.222 541.1611 541.1323 541.1155 541.0743 540.9933 540.8962 540.8389 540.8875 541.1016 541.5305 542.2203 543.2388 544.2338 544.9151 545.0199 545.189 545.5179 545.8409 545.9984 545.9244 545.6866 545.3802 545.2532 545.0636 544.8458 544.761 544.7691 544.8203 544.8827 544.9401 544.9763 544.9884 544.9842 544.9695 544.957 545.0112 545.2878 545.659 546.0604 546.4532 546.6702 546.7056 546.2927 545.5251 545.0482 544.9103 544.9885 545.1986 545.547 545.9279 545.9973 546.0073 545.8192 545.4714 545.1515 544.9691 544.999 545.2283 545.6407 546.0867
541.1425 541.2021 541.2731 541.344 541.3801 541.3519 541.2743 541.1979 541.1576 541.1411 541.1086 541.0341 540.9313 540.852 540.8674 541.0472 541.4528 542.1384 543.144 544.1707 544.9069 544.9832 545.0462 545.5164 545.9598 546.0907 545.9596 545.5094 545.0539 544.8789 544.7766 544.6968 544.6832 544.728 544.8065 544.8948 544.9696 545 545 545 544.9999 544.9756 545.0001 545.16 545.4018 545.6691 545.9096 545.9567 545.8094 545.4026 545.0526 544.9248 544.8986 544.9874 545.1809 545.4693 545.7566 545.8792 545.8579 545.6801 545.4003 545.1421 545.0027 545 545.0142 545.2549 545.5408
541.1521 541.2339 541.3134 541.3905 541.4363 541.416 541.3335 541.239 541.1799 541.1561 541.1311 541.0717 540.9806 540.9014 540.9039 541.0645 541.451 542.1198 543.0996 544.1283 544.8986 544.9948 545.0593 545.6058 546.0096 546.1256 545.925 545.4283 545.0076 544.7865 544.6829 544.6433 544.6599 544.7215 544.8118 544.9122 544.9996 545.0154 545.0149 545.0151 545.0127 545 545 545.0647 545.1836 545.3009 545.3607 545.3145 545.1343 545.0108 544.9601 544.999 544.9603 544.9913 545.1031 545.3076 545.5208 545.6382 545.6267 545.4893 545.2771 545.0828 545 545 544.9998 545.0817 545.2083
541.1402 541.2549 541.3503 541.4353 541.4913 541.4827 541.4017 541.2911 541.2065 541.1639 541.1362 541.0902 541.0192 540.955 540.9597 541.1089 541.4737 542.1111 543.052 544.0573 544.8674 545.0258 545.1922 545.8378 546.1401 546.1611 545.8776 545.2252 544.9762 544.7789 544.6813 544.654 544.6779 544.7391 544.8224 544.91 544.9783 545 545.0112 545.0184 545.0151 545 544.989 545.0001 545.0413 545.0602 545.014 545.002 544.9722 544.9999 544.9999 545.012 544.9885 544.9828 545.0019 545.1285 545.2847 545.3879 545.3955 545.3033 545.1495 545.0021 544.9821 545 544.9865 544.9987 544.9951
541.0959 541.2461 541.3668 541.4648 541.533 541.541 541.4719 541.3553 541.2468 541.1774 541.1347 541.092 541.0392 540.9965 541.0145 541.1624 541.5099 542.1149 543.0154 543.958 544.8181 545.0587 545.4083 545.9564 546.1482 546.0715 545.715 545.1022 544.8816 544.7625 544.7052 544.6942 544.7197 544.7727 544.8412 544.9101 544.9619 544.9862 545 545.0151 545.0144 545 544.9954 545 545 544.9997 544.951 544.9449 544.9651 545 545 545.0145 545.0064 544.9999 544.9708 545.0016 545.1016 545.1857 545.2112 545.1666 545.0784 545 544.9911 545 544.9618 544.9202 544.875
541.0217 541.1983 541.347 541.4642 541.5474 541.5751 541.5278 541.4208 541.3007 541.2063 541.1418 541.0913 541.0477 541.025 541.0632 541.224 541.5768 542.1837 543.0972 543.931 544.8262 545.1423 545.4023 545.8129 545.9036 545.7461 545.2671 544.9551 544.8274 544.7726 544.7494 544.7501 544.7737 544.8166 544.8696 544.9202 544.9557 544.9728 544.9838 544.9999 544.9999 544.9878 544.998 545 544.9902 544.981 544.9612 544.9698 544.9999 545.0045 545 545.0148 545 544.9832 544.9568 544.9594 545.0004 545.0566 545.0894 545.0803 545.0411 545.0055 545 544.99 544.9592 544.9272 544.9115
540.9286 541.1163 541.2859 541.4238 541.5233 541.5705 541.5494 541.4664 541.3545 541.2493 541.1658 541.1017 541.0569 541.0457 541.1028 541.2875 541.679 542.3688 543.4745 544.4274 544.9772 545.0988 545.0504 545.2015 545.3609 545.1711 544.9813 544.8688 544.834 544.824 544.8145 544.8146 544.832 544.8652 544.9056 544.9402 544.9572 544.9545 544.9449 544.9384 544.9337 544.9486 544.9998 544.9999 545.0051 544.998 544.9883 544.9929 545 544.9836 544.9794 544.9993 544.9769 544.9602 544.95 544.957 544.9806 545.0001 545.0281 545.0347 545.022 545.0057 544.999 544.9938 544.9922 545.0118 545.0728
540.8245 541.0125 541.1913 541.3447 541.4595 541.5228 541.5247 541.4716 541.3854 541.2909 541.2024 541.1268 541.0735 541.0605 541.1216 541.3148 541.7274 542.4743 543.6974 544.5571 544.9772 544.9604 544.7137 544.7534 544.8619 544.8397 544.8278 544.8576 544.9037 544.9191 544.8951 544.8795 544.8868 544.9125 544.9456 544.9693 544.9674 544.9387 544.9075 544.8861 544.8829 544.9307 545.0267 545.0632 545.0889 545.0538 545.0218 545 544.9578 544.9082 544.8831 544.8887 544.8939 544.9087 544.9321 544.9645 544.9999 545.0034 545.0128 545.0183 545.0148 545.0067 545.0017 545.0057 545.0345 545.1145 545.2554
540.7097 540.8954 541.0756 541.2378 541.3646 541.4404 541.4578 541.4287 541.3743 541.308 541.2343 541.1584 541.095 541.067 541.1076 541.2678 541.6219 542.259 543.2714 544.2079 544.6396 544.5435 544.3417 544.3815 544.505 544.614 544.7465 544.9039 545.0323 545.0588 544.9795 544.9343 544.9316 544.9522 544.9836 545.0044 544.986 544.9262 544.8875 544.8828 544.9177 545.0898 545.4545 545.5446 545.3286 545.149 545.0603 544.9994 544.8928 544.7886 544.7311 544.7308 544.7676 544.8265 544.8921 544.9529 544.9999 545.0056 545.0082 545.0116 545.0111 545.0068 545.0029 545.0084 545.0452 545.1667 545.4349
540.5862 540.7678 540.9467 541.1139 541.2514 541.3385 541.3661 541.3505 541.3195 541.2852 541.2404 541.1794 541.1121 541.0635 541.0662 541.1628 541.4077 541.8511 542.4998 543.2469 543.7388 543.8806 543.9312 544.0728 544.255 544.4552 544.7008 544.9824 545.2106 545.245 545.0437 544.9705 544.9655 544.9794 545.0114 545.0369 545.0023 544.8921 544.8711 544.9321 545.033 545.4235 545.8877 545.6488 545.4033 545.1754 545.0972 544.9991 544.8201 544.6395 544.5428 544.5436 544.616 544.7262 544.8383 544.9263 544.9812 545 545.0037 545.006 545.0056 545.0038 544.9996 544.9957 544.9922 545.0337 545.2155
540.4614 540.6349 540.8097 540.9791 541.1277 541.2294 541.2687 541.2595 541.2386 541.2262 541.2109 541.1741 541.1139 541.0502 541.0148 541.0465 541.1881 541.4727 541.8966 542.4008 542.9442 543.2994 543.6129 543.8798 544.1106 544.3468 544.6555 545.0472 545.3982 545.4597 545.0621 544.9998 544.9998 544.9918 545.0145 545.0454 544.9824 544.7731 544.8046 544.9837 545.1353 545.5222 545.9247 545.9371 545.5129 545.2 545.2656 545.093 544.7869 544.4807 544.3368 544.3464 544.4612 544.63 544.7949 544.9106 544.9746 545 545.0057 545.0049 545.0004 545 545 545 544.975 544.9733 545.1288
540.3448 540.5079 540.6747 540.8408 540.9972 541.1167 541.1741 541.1741 541.1548 541.1494 541.1529 541.1394 541.0947 541.0287 540.9712 540.9602 541.0386 541.2413 541.5824 542.0472 542.6021 543.1292 543.5764 543.9026 544.1171 544.3004 544.5862 545.0319 545.4629 545.4589 545.2034 545.0872 545.0404 545.0002 544.9888 544.9962 544.7842 544.5134 544.6346 544.8303 545.0304 545.4182 545.7591 545.812 545.5205 545.2523 545.9313 545.361 544.8293 544.3226 544.1373 544.1659 544.3262 544.5632 544.7911 544.9305 545.0002 545.0294 545.029 545.0166 545 544.9958 544.9983 545.0029 545 544.9906 545.1002
540.2454 540.3971 540.5554 540.7133 540.8689 541.0023 541.0823 541.0986 541.0818 541.0736 541.0828 541.0854 541.0592 541.0052 540.9489 540.9296 540.993 541.1814 541.5239 542.0321 542.6841 543.338 543.8724 544.2136 544.3495 544.3826 544.5461 544.9688 545.2942 545.354 545.2544 545.1844 545.1509 545.1042 545.0166 544.9883 544.7604 544.5374 544.6669 544.7981 544.9968 545.3342 545.6506 545.793 545.733 545.5642 545.0957 545.4057 544.913 544.1903 543.9988 544.0389 544.2242 544.5375 544.8499 545.002 545.074 545.0903 545.0746 545.0469 545.0186 545 544.9968 544.9996 545.0007 545 545.0157
540.1709 540.3097 540.4603 540.6105 540.7587 540.8957 540.9938 541.0313 541.0223 541.0092 541.0155 541.0271 541.0201 540.9913 540.9618 540.9719 541.069 541.2993 541.6978 542.2861 543.0963 543.8863 544.5016 544.8572 544.9034 544.7421 544.7749 545.0009 545.2017 545.2821 545.2908 545.3177 545.3784 545.4218 545.3483 545.1628 545.0203 544.944 544.9602 544.8965 545.0131 545.3287 545.6505 545.8733 545.988 545.9308 545.7231 545.7926 545.2549 544.4189 544.0368 543.9987 544.1372 544.5271 544.9617 545.1179 545.1649 545.1575 545.1235 545.0814 545.0425 545.0142 545 544.9971 544.9959 544.9901 545.0008
540.1272 540.2518 540.3939 540.5389 540.679 540.8112 540.9174 540.9739 540.978 540.9622 540.9619 540.9787 540.9939 541.0024 541.0254 541.1021 541.2813 541.6118 542.1373 542.8984 543.8246 544.7244 545.3997 545.7894 545.8117 545.5619 545.2844 545.2513 545.2725 545.3074 545.3744 545.5082 545.7178 545.9547 546.0146 545.8326 545.5344 545.3163 545.1736 545.032 545.1653 545.4485 545.7644 546.0226 546.2698 546.4135 546.491 546.5502 545.9605 545.0411 544.281 543.9739 544.012 544.4598 544.9688 545.1646 545.2111 545.1936 545.1508 545.1021 545.0583 545.0259 545.0073 545 545.0027 545.0028 544.9999
540.1153 540.2271 540.3599 540.4995 540.6348 540.76 540.8665 540.9353 540.9553 540.943 540.9371 540.9581 540.9994 541.0574 541.1545 541.3309 541.6321 542.1058 542.799 543.6985 544.7277 545.7252 546.3973 546.7306 546.7271 546.516 546.067 545.6805 545.4699 545.425 545.5241 545.754 546.1135 546.5681 546.814 546.5411 546.0937 545.739 545.5313 545.3876 545.4438 545.6591 545.9625 546.2649 546.5645 546.7987 546.9783 546.988 546.6022 545.7518 544.8262 544.1755 544.0095 544.4365 544.9594 545.1595 545.204 545.1856 545.1448 545.0988 545.0576 545.0271 545.0093 545 545 544.9997 544.9591
540.1354 540.236 540.3599 540.495 540.6272 540.7479 540.8528 540.9291 540.9663 540.9675 540.9636 540.9918 541.0632 541.18 541.3685 541.668 542.1162 542.7499 543.5666 544.5588 545.6542 546.7286 547.41 547.5453 547.3778 547.071 546.6577 546.0131 545.666 545.5976 545.7556 546.0886 546.621 547.2087 547.5873 547.2338 546.6931 546.1884 545.9446 545.7469 545.7133 545.8387 546.0533 546.4579 546.7953 547.0098 547.1578 547.1425 546.8706 546.2388 545.3683 544.7017 544.2494 544.5492 544.9716 545.1248 545.1541 545.1396 545.1093 545.0735 545.04 545.0154 545 544.9789 544.9549 544.9288 544.8972
540.1864 540.278 540.3956 540.5286 540.6613 540.782 540.8875 540.9717 541.0278 541.0546 541.0674 541.1126 541.2213 541.4008 541.6926 542.1317 542.7406 543.475 544.3472 545.3768 546.5243 547.5194 547.953 547.9742 547.6499 547.2153 546.7781 546.0962 545.8223 -9999 -9999 546.5465 547.1208 547.7696 548.0415 547.8428 547.2736 546.6908 546.2677 545.9907 545.8904 545.9916 546.2023 546.6675 546.9943 547.1458 547.1912 547.1267 546.9763 546.5507 545.9343 545.3087 544.8521 544.8298 544.998 545.0712 545.077 545.0736 545.0602 545.0383 545.0155 545 544.9913 544.9514 544.8979 544.8493 544.8209
540.2667 540.3533 540.4685 540.6063 540.7468 540.8755 540.9871 541.0825 541.1628 541.2279 541.274 541.3533 541.5157 541.7563 542.1599 542.7524 543.4592 544.2152 545.0428 545.9792 546.9995 547.8531 548.082 548.0002 547.6465 547.1505 546.7472 -9999 -9999 -9999 -9999 -9999 -9999 -9999 -9999 -9999 547.7614 547.0386 546.4308 546.0219 545.8721 545.9173 546.1461 546.7714 -9999 -9999 547.1438 547.006 546.948 546.7686 546.3863 545.7832 545.1339 544.9932 544.9868 545.0139 545.0003 545.0162 545.0198 545.0104 545 545.005 544.9999 544.9311 544.8486 544.7849 544.7681
