backend/lakes/data/Charlotte Lake/chal_dem_tm.asc
ncols         166
nrows         109
xllcorner     780550
yllcorner     6015800
cellsize      50
NODATA_value  -9999
[rows 30 to 59 of 109, columns 0 to 66 of 166]
-9999 -9999 -9999 -9999 -9999 -9999 -9999 -9999 -9999 -9999 -9999 -9999 -9999 -9999 -9999 -9999 -9999 -9999 -9999 -9999 -9999 -9999 -9999 -9999 -9999 -9999 -9999 -9999 -9999 -9999 -9999 -9999 -9999 -9999 -9999 -9999 -9999 -9999 -9999 -9999 -9999 -9999 -9999 -9999 -9999 -9999 -9999 -9999 -9999 -9999 -9999 -9999 547.0265 546.5203 546.0562 545.6308 545.264 545.0432 544.7463 544.4186 544.0794 543.7776 543.538 543.3259 543.0842 542.8224 542.5547
-9999 -9999 -9999 -9999 -9999 -9999 -9999 -9999 -9999 -9999 -9999 -9999 -9999 -9999 -9999 -9999 -9999 -9999 -9999 -9999 -9999 -9999 -9999 -9999 -9999 -9999 -9999 -9999 -9999 -9999 -9999 -9999 -9999 -9999 -9999 -9999 -9999 -9999 -9999 -9999 -9999 -9999 -9999 -9999 -9999 -9999 -9999 -9999 -9999 -9999 -9999 -9999 546.6057 546.0485 545.4755 545.0981 545.0128 544.9802 544.6476 544.2846 543.9105 543.5569 543.2606 543.0093 542.7624 542.5155 542.2717
-9999 -9999 -9999 -9999 -9999 -9999 -9999 -9999 -9999 -9999 -9999 -9999 -9999 -9999 -9999 -9999 -9999 -9999 -9999 -9999 -9999 -9999 -9999 -9999 -9999 -9999 -9999 -9999 -9999 -9999 -9999 -9999 -9999 -9999 -9999 -9999 -9999 -9999 -9999 -9999 -9999 -9999 -9999 -9999 -9999 -9999 -9999 -9999 -9999 -9999 -9999 -9999 546.4391 545.8575 545.1579 544.9311 544.9752 544.9861 544.6515 544.2371 543.8101 543.4083 543.0619 542.771 542.4993 542.2627 542.0436
-9999 -9999 -9999 -9999 -9999 -9999 -9999 -9999 -9999 -9999 -9999 -9999 -9999 -9999 -9999 -9999 -9999 -9999 -9999 -9999 -9999 -9999 -9999 -9999 -9999 -9999 -9999 -9999 -9999 -9999 -9999 -9999 -9999 -9999 -9999 -9999 -9999 -9999 -9999 -9999 -9999 -9999 -9999 -9999 -9999 -9999 -9999 -9999 -9999 -9999 -9999 -9999 546.4657 545.8393 545.0979 544.9185 544.9999 544.9398 544.6323 544.203 543.7325 543.2867 542.9028 542.5845 542.2781 542.0508 541.8517
-9999 -9999 -9999 -9999 -9999 -9999 -9999 -9999 -9999 -9999 -9999 -9999 -9999 -9999 -9999 -9999 -9999 -9999 -9999 -9999 -9999 -9999 -9999 -9999 -9999 -9999 -9999 -9999 -9999 -9999 -9999 -9999 -9999 -9999 -9999 -9999 -9999 -9999 -9999 -9999 -9999 -9999 -9999 -9999 -9999 -9999 -9999 -9999 -9999 -9999 -9999 -9999 546.4708 545.8407 545.1 544.9293 545 544.9206 544.6208 544.1722 543.6605 543.1624 542.7384 542.3909 542.0819 541.8889 541.7144
-9999 -9999 -9999 -9999 -9999 -9999 -9999 -9999 -9999 -9999 -9999 -9999 -9999 -9999 -9999 -9999 -9999 -9999 -9999 -9999 -9999 -9999 -9999 -9999 -9999 -9999 -9999 -9999 -9999 -9999 -9999 -9999 -9999 -9999 -9999 -9999 -9999 -9999 -9999 -9999 -9999 -9999 -9999 -9999 -9999 -9999 -9999 -9999 -9999 -9999 -9999 -9999 546.3716 545.7965 545.1182 544.9457 544.9999 544.929 544.6177 544.1332 543.5746 543.0262 542.5734 542.2509 542.0234 541.7963 541.6195
-9999 -9999 -9999 -9999 -9999 -9999 -9999 -9999 -9999 -9999 -9999 -9999 -9999 -9999 -9999 -9999 -9999 -9999 -9999 -9999 -9999 -9999 -9999 -9999 -9999 -9999 -9999 -9999 -9999 -9999 -9999 -9999 -9999 -9999 -9999 -9999 -9999 -9999 -9999 -9999 -9999 547.9839 547.8182 547.4641 546.988 546.5238 546.2712 -9999 -9999 -9999 -9999 -9999 546.1522 545.6951 545.2248 545.0066 545.035 544.9853 544.6138 544.0673 543.4513 542.8525 542.3627 542.0485 541.8325 541.6487 541.509
-9999 -9999 -9999 -9999 -9999 -9999 -9999 -9999 -9999 -9999 -9999 -9999 -9999 -9999 -9999 -9999 -9999 -9999 -9999 -9999 -9999 -9999 -9999 -9999 -9999 -9999 -9999 -9999 -9999 -9999 -9999 -9999 -9999 -9999 -9999 -9999 -9999 -9999 -9999 547.034 547.368 547.5947 547.5563 547.2751 546.8469 546.3112 546.0198 546.1602 546.5444 546.9015 -9999 546.7413 546.1655 545.7668 545.3838 545.154 545.0933 544.9932 544.5765 543.9624 543.2827 542.6464 542.1295 541.8362 541.6341 541.485 541.3856
-9999 -9999 -9999 -9999 -9999 -9999 -9999 -9999 -9999 -9999 -9999 -9999 -9999 -9999 -9999 -9999 -9999 -9999 -9999 -9999 -9999 -9999 -9999 -9999 -9999 -9999 -9999 -9999 -9999 -9999 -9999 -9999 -9999 -9999 -9999 -9999 -9999 -9999 546.4619 546.3364 546.7808 547.1599 547.2181 546.9562 546.4982 546.0453 545.8802 546.0448 546.5323 546.9822 547.1291 546.9457 546.4142 545.9572 545.5211 545.2313 545.1011 544.9888 544.5125 543.8229 543.0894 542.4476 542.0087 541.6915 541.4808 541.3452 541.2717
-9999 -9999 -9999 -9999 -9999 -9999 -9999 -9999 -9999 -9999 -9999 -9999 -9999 -9999 -9999 -9999 -9999 -9999 -9999 -9999 -9999 -9999 -9999 -9999 -9999 -9999 -9999 -9999 -9999 -9999 -9999 -9999 -9999 -9999 547.9701 547.4707 546.9283 546.4098 546.0479 545.994 546.2484 546.72 546.7859 546.4904 546.0779 545.8041 545.7756 546.0331 546.5448 547.0093 547.1799 546.9923 546.4598 545.9586 545.5002 545.1728 545.0118 544.9484 544.385 543.6165 542.8406 542.1882 541.8065 541.5383 541.3547 541.2396 541.1848
-9999 -9999 -9999 -9999 -9999 -9999 -9999 -9999 -9999 -9999 -9999 -9999 -9999 -9999 -9999 -9999 -9999 -9999 -9999 -9999 -9999 -9999 -9999 -9999 -9999 -9999 -9999 -9999 -9999 -9999 -9999 -9999 -9999 547.9667 547.5073 546.9821 546.4624 546.071 545.9429 545.8983 545.9817 546.118 546.0497 545.8617 545.5994 545.4684 545.5579 545.9333 546.433 546.9076 547.0461 546.8243 546.2188 545.697 545.3106 545.0364 544.9757 544.7863 544.103 543.2938 542.5531 542.0016 541.6299 541.395 541.2495 541.1661 541.1324
-9999 -9999 -9999 -9999 -9999 -9999 -9999 -9999 -9999 -9999 -9999 -9999 -9999 -9999 -9999 -9999 -9999 -9999 -9999 -9999 -9999 -9999 -9999 -9999 -9999 -9999 -9999 -9999 -9999 -9999 -9999 547.9783 547.809 547.4644 546.9946 546.4906 546.0856 545.9975 545.9936 545.8669 545.7861 545.7102 545.3348 545.1155 544.9819 544.948 545.0663 545.4687 545.9327 546.3324 546.4908 546.2307 545.7804 545.2468 545.0023 544.8996 544.7422 544.278 543.5621 542.795 542.1432 541.7036 541.4102 541.2347 541.1437 541.1077 541.1071
-9999 -9999 -9999 -9999 -9999 -9999 -9999 -9999 -9999 -9999 -9999 -9999 -9999 -9999 -9999 -9999 -9999 -9999 -9999 -9999 -9999 -9999 -9999 -9999 -9999 -9999 -9999 -9999 -9999 -9999 -9999 547.4113 547.1693 546.9067 546.4644 546.0073 545.736 545.8177 545.7802 545.641 545.4183 545.1127 544.7417 544.4695 544.3105 544.2656 544.3708 544.7379 545.0672 545.3427 545.3849 545.2345 545.0026 544.6371 544.4093 544.2446 543.9802 543.5023 542.8601 542.2148 541.7357 541.3994 541.1809 541.0638 541.0265 541.0442 541.0892
-9999 -9999 -9999 -9999 -9999 -9999 -9999 -9999 -9999 -9999 -9999 -9999 -9999 -9999 -9999 -9999 -9999 -9999 -9999 -9999 -9999 -9999 -9999 -9999 -9999 -9999 -9999 -9999 -9999 -9999 547.1168 546.9677 546.7275 546.4061 545.9522 545.4717 545.1498 545.1831 545.3232 545.2606 544.9772 544.5752 544.1665 543.842 543.631 543.5403 543.6019 543.811 544.0236 544.1926 544.2182 544.1304 543.9895 543.7873 543.6051 543.4038 543.0968 542.6929 542.1818 541.7294 541.379 541.1287 540.9705 540.8996 540.9032 540.9656 541.0588
-9999 -9999 -9999 -9999 -9999 -9999 -9999 -9999 -9999 -9999 -9999 -9999 -9999 -9999 -9999 -9999 -9999 -9999 -9999 -9999 -9999 -9999 -9999 -9999 -9999 -9999 -9999 -9999 -9999 547.0219 546.8119 546.6599 546.4205 546.0449 545.5203 545.0438 544.7706 544.7556 544.884 544.8049 544.4385 543.9943 543.5696 543.2183 542.9677 542.8112 542.8089 542.8843 542.9847 543.0718 543.0938 543.0502 542.9814 542.8949 542.7747 542.5936 542.2881 542.0176 541.6665 541.3402 541.0814 540.8987 540.7886 540.7524 540.7842 540.8745 541.0048
-9999 -9999 -9999 -9999 -9999 -9999 -9999 -9999 -9999 -9999 -9999 -9999 -9999 -9999 -9999 -9999 -9999 -9999 -9999 -9999 -9999 -9999 -9999 -9999 547.1653 546.9904 547.0545 547.0377 546.856 546.7211 546.6047 546.4634 546.2354 545.8748 545.2105 544.7264 544.4153 544.2833 544.2434 544.0879 543.7545 543.3496 542.9651 542.6288 542.3861 542.1564 542.0912 542.0916 542.1114 542.1326 542.147 542.1379 542.1183 542.0995 542.065 541.9762 541.7504 541.5241 541.2704 541.0308 540.8363 540.7032 540.6315 540.6219 540.674 540.7795 540.929
-9999 -9999 -9999 -9999 -9999 -9999 -9999 -9999 -9999 -9999 -9999 -9999 -9999 -9999 -9999 -9999 -9999 -9999 -9999 -9999 -9999 -9999 547.7097 546.8885 546.2512 546.1456 546.321 546.4157 546.4187 546.4392 546.4095 546.2627 546.004 545.6603 544.9924 544.437 544.0367 543.7695 543.5831 543.3561 543.0557 542.7119 542.4172 542.1309 541.989 541.7773 541.6573 541.6008 541.571 541.5543 541.5467 541.5496 541.5488 541.5498 541.5361 541.474 541.328 541.1553 540.9668 540.7861 540.6371 540.536 540.4925 540.5026 540.569 540.6844 540.8406
-9999 -9999 -9999 -9999 -9999 -9999 -9999 -9999 -9999 -9999 -9999 -9999 -9999 -9999 -9999 -9999 -9999 -9999 -9999 -9999 -9999 547.8854 546.9329 546.0056 545.4113 545.4543 545.7053 545.8234 545.9221 546.1136 546.1771 545.9814 545.5951 545.1361 544.588 544.0614 543.6211 543.2686 542.9751 542.6968 542.4435 542.1558 541.9984 541.7915 541.6506 541.4977 541.3839 541.3119 541.2613 541.2216 541.1942 541.1801 541.1768 541.1758 541.1618 541.1119 541.0098 540.8789 540.7355 540.5952 540.4766 540.3958 540.3662 540.391 540.4647 540.5869 540.7455
-9999 -9999 -9999 -9999 -9999 -9999 -9999 -9999 -9999 -9999 -9999 -9999 -9999 -9999 -9999 -9999 -9999 -9999 -9999 -9999 548.1604 547.3558 546.2673 545.3661 544.9879 544.9971 545.0661 545.1204 545.2749 545.7021 545.886 545.6315 545.168 544.6956 544.1758 543.6599 543.1987 542.8011 542.4521 542.1497 541.9934 541.7811 541.6375 541.4978 541.3885 541.2872 541.2037 541.1403 541.0902 541.043 541.0001 540.9675 540.9445 540.926 540.9023 540.8566 540.7788 540.6763 540.5621 540.4493 540.3501 540.2815 540.2556 540.2839 540.3615 540.4833 540.6431
-9999 -9999 -9999 -9999 -9999 -9999 -9999 -9999 -9999 -9999 -9999 -9999 -9999 -9999 -9999 -9999 -9999 -9999 -9999 548.167 547.8683 547.03 545.9464 545.1725 544.9014 544.9191 544.9473 544.9562 544.9948 545.1449 545.3923 545.2734 544.9105 544.3665 543.8158 543.2781 542.8022 542.3973 542.0533 541.7847 541.6185 541.4629 541.3451 541.2487 541.1766 541.1183 541.0704 541.0272 540.9867 540.9434 540.8955 540.848 540.8074 540.7701 540.7305 540.6805 540.6135 540.5293 540.4343 540.3389 540.2534 540.1896 540.1646 540.1857 540.2593 540.3765 540.5313
-9999 -9999 -9999 -9999 -9999 -9999 -9999 -9999 -9999 -9999 -9999 -9999 -9999 -9999 -9999 -9999 -9999 -9999 -9999 547.8694 547.6206 546.9276 545.95 545.1617 544.9628 544.9961 544.9864 544.9973 545.0003 545.1036 545.2034 545.0314 544.6426 544.0726 543.4807 542.9092 542.4291 542.0435 541.7286 541.4899 541.3281 541.2028 541.1091 541.0406 540.9968 540.9707 540.9524 540.9338 540.9064 540.8707 540.8257 540.7745 540.7211 540.6708 540.6198 540.563 540.4983 540.4242 540.3415 540.2567 540.1791 540.1189 540.0895 540.1033 540.1629 540.2701 540.415
-9999 -9999 -9999 -9999 -9999 -9999 -9999 -9999 -9999 -9999 -9999 -9999 -9999 -9999 -9999 -9999 -9999 -9999 -9999 547.386 547.3499 546.8949 546.0226 545.2628 544.9617 544.7659 544.6495 544.8135 545.0037 545.1646 545.1971 544.9691 544.4231 543.7497 543.0898 542.5126 542.0576 541.7117 541.442 541.2385 541.0956 540.994 540.921 540.8706 540.8431 540.8354 540.8378 540.8376 540.8271 540.8011 540.7617 540.7122 540.6571 540.5987 540.5408 540.4814 540.4175 540.3486 540.2737 540.1954 540.1219 540.0626 540.0301 540.0347 540.0809 540.1704 540.3015
-9999 -9999 -9999 -9999 -9999 -9999 -9999 -9999 -9999 -9999 -9999 -9999 -9999 -9999 -9999 -9999 -9999 -9999 -9999 547.0114 547.1324 546.8744 546.0305 545.179 544.7471 544.4784 544.3723 544.5919 544.9355 545.1259 545.0961 544.7694 544.0801 543.327 542.6411 542.0922 541.7007 541.4091 541.1879 541.0234 540.9061 540.8271 540.7739 540.7378 540.7185 540.717 540.7283 540.7401 540.7411 540.7269 540.6963 540.652 540.5982 540.5401 540.4796 540.4191 540.3577 540.2936 540.2247 540.1514 540.0797 540.0199 539.9832 539.9802 540.0146 540.0864 540.199
-9999 -9999 -9999 -9999 -9999 -9999 -9999 -9999 -9999 -9999 -9999 -9999 -9999 -9999 -9999 -9999 -9999 -9999 546.4534 546.8401 547.0012 546.867 546.0343 545.1307 544.5853 544.2335 544.0669 544.1983 544.5025 544.7496 544.6487 544.16 543.4796 542.7676 542.147 541.7009 541.3795 541.1439 540.9683 540.8418 540.753 540.6956 540.6614 540.6396 540.6273 540.6266 540.6373 540.6523 540.6604 540.6546 540.6329 540.5963 540.5477 540.4913 540.4324 540.3727 540.3138 540.2534 540.1891 540.1205 540.0514 539.991 539.9506 539.9404 539.9647 540.0233 540.1162
-9999 -9999 -9999 -9999 -9999 -9999 -9999 -9999 -9999 -9999 -9999 -9999 -9999 -9999 -9999 -9999 -9999 -9999 546.5489 546.8712 547.0001 546.8676 546.0406 545.1336 544.5377 544.0853 543.7435 543.6755 543.7939 543.8754 543.7018 543.259 542.7256 542.1609 541.7029 541.3572 541.1036 540.9194 540.7853 540.6914 540.6311 540.594 540.5766 540.5701 540.5682 540.5707 540.5792 540.5913 540.6007 540.6 540.585 540.5547 540.5112 540.4585 540.4012 540.3438 540.2871 540.2296 540.1678 540.1015 540.0353 539.9761 539.9338 539.918 539.9341 539.9813 540.0599
-9999 -9999 -9999 -9999 -9999 -9999 -9999 -9999 -9999 -9999 -9999 -9999 -9999 -9999 -9999 -9999 -9999 -9999 -9999 546.999 547.0439 546.8324 546.0447 545.2185 544.6622 544.1538 543.6423 543.2485 543.1167 543.0068 542.7582 542.3665 542.0305 541.6581 541.3309 541.0709 540.8759 540.7345 540.6364 540.5699 540.5334 540.517 540.5137 540.5214 540.5331 540.5457 540.5577 540.569 540.5769 540.5776 540.5662 540.5396 540.4988 540.4478 540.3917 540.3348 540.2793 540.2225 540.1619 540.0966 540.0319 539.9753 539.9341 539.9158 539.9257 539.9644 540.0309
-9999 -9999 -9999 -9999 -9999 -9999 -9999 -9999 -9999 -9999 -9999 -9999 -9999 -9999 -9999 -9999 -9999 -9999 -9999 547.0916 547.0059 546.6825 546.0427 545.4365 544.9581 544.434 543.7778 543.1577 542.7042 542.4005 542.102 541.8073 541.5451 541.2817 541.0439 540.8475 540.6965 540.5873 540.5153 540.4733 540.454 540.4557 540.467 540.4866 540.5129 540.5406 540.5649 540.5829 540.5933 540.5946 540.5841 540.5584 540.5177 540.4656 540.4079 540.3492 540.2916 540.233 540.1708 540.1055 540.0424 539.989 539.9515 539.9348 539.9417 539.974 540.0314
-9999 -9999 -9999 -9999 -9999 -9999 -9999 -9999 -9999 -9999 -9999 -9999 -9999 -9999 -9999 -9999 -9999 -9999 -9999 547.1051 546.984 546.5986 546.0468 545.6148 545.2346 544.7698 543.9874 543.2111 542.5793 542.105 541.7729 541.4911 541.2498 541.0316 540.8417 540.6848 540.5626 540.4747 540.4188 540.3936 540.39 540.4028 540.4287 540.4611 540.5016 540.5465 540.5884 540.6208 540.6404 540.6462 540.6371 540.6107 540.5676 540.5123 540.4504 540.3873 540.3246 540.2611 540.1949 540.1282 540.067 540.0179 539.986 539.9736 539.9816 540.0106 540.0614
-9999 -9999 -9999 -9999 -9999 -9999 -9999 -9999 -9999 -9999 -9999 -9999 -9999 -9999 -9999 -9999 -9999 -9999 -9999 547.0024 546.9033 546.5551 546.0545 545.7064 545.3416 544.8559 544.0318 543.2106 542.5424 542.0453 541.6471 541.3317 541.0809 540.8755 540.7061 540.57 540.4651 540.3899 540.3444 540.3267 540.3354 540.3579 540.3939 540.4412 540.497 540.5599 540.6208 540.6707 540.704 540.7186 540.7134 540.6873 540.6414 540.5815 540.5146 540.4454 540.376 540.3055 540.2339 540.1649 540.1058 540.0627 540.038 540.032 540.0437 540.0724 540.1194
-9999 -9999 -9999 -9999 -9999 -9999 -9999 -9999 -9999 -9999 -9999 -9999 -9999 -9999 -9999 -9999 -9999 -9999 546.7958 546.9613 546.9165 546.6129 546.103 545.7101 545.2159 544.6318 543.795 543.0146 542.4049 541.9724 541.5526 541.2222 540.9684 540.7692 540.611 540.4856 540.3906 540.3237 540.2844 540.2726 540.2851 540.3191 540.3646 540.4255 540.5001 540.5818 540.6613 540.7277 540.7742 540.7981 540.7981 540.7734 540.7262 540.6631 540.5918 540.5172 540.4411 540.364 540.2873 540.2167 540.1605 540.1246 540.1086 540.1108 540.1281 540.1584 540.2036
