backend/lakes/data/Sturgeon Lake/stur_dem_tm.asc
ncols         309
nrows         216
xllcorner     328250
yllcorner     6101400
cellsize      50
NODATA_value  -9999
[rows 90 to 119 of 216, columns 201 to 267 of 309]
667.2297 667.4702 668.1078 669.3085 670.9608 672.5872 673.6182 674.1249 674.0537 673.647 672.9504 672.1959 671.5978 670.9023 670.3339 670.0037 669.8372 669.7174 669.6199 669.5266 669.427 669.3286 669.2494 669.2007 669.1783 669.1713 669.1737 669.1868 669.2089 669.2303 669.2375 669.2347 669.2432 669.2792 669.3403 669.4124 669.4792 669.5308 669.5677 669.592 669.5988 669.5804 669.538 669.4789 669.4085 669.3264 669.2377 669.1512 669.0761 669.0215 668.9945 668.9944 669.0117 669.0245 669.0002 668.9948 668.8858 668.8246 668.8701 668.9976 669.0904 669.2142 669.3865 669.6302 669.9634 670.2565 670.6721
667.2396 667.4243 667.9418 668.868 670.2538 671.8221 673.1183 673.8427 673.9286 673.316 672.5197 671.7451 671.1646 670.703 670.3383 670.1136 669.9964 669.8796 669.7785 669.6648 669.5214 669.3729 669.2543 669.1854 669.1564 669.1502 669.1543 669.1665 669.1883 669.2144 669.2327 669.2365 669.2392 669.2615 669.3115 669.3813 669.4552 669.5209 669.5737 669.6132 669.6343 669.6276 669.5887 669.5261 669.4506 669.3678 669.2822 669.2003 669.1301 669.0782 669.0496 669.0443 669.0557 669.0701 669.0718 669.0641 668.9988 668.9222 668.9292 668.9991 669.0889 669.2293 669.4105 669.6208 669.8558 670.0526 670.4413
667.2682 667.3689 667.6978 668.3298 669.4401 670.7998 672.1894 673.2848 673.5738 673.1565 672.181 671.455 670.8359 670.4048 670.1926 670.0797 670.0004 669.9598 669.9016 669.7898 669.5934 669.3831 669.2244 669.1453 669.1173 669.119 669.1299 669.1443 669.1654 669.1931 669.2195 669.235 669.2405 669.2532 669.2891 669.3499 669.4242 669.4971 669.5615 669.6147 669.652 669.6644 669.6438 669.5911 669.5178 669.4348 669.3503 669.2709 669.2032 669.1532 669.123 669.1125 669.1176 669.1284 669.1324 669.1186 669.067 669.001 668.9988 669.0053 669.1614 669.3649 669.5928 669.8177 670.0946 670.3448 670.5344
667.3564 667.4112 667.6102 668.0613 668.8969 669.8821 671.069 672.3265 673.2162 673.0767 672.1066 671.2597 670.5143 670.0618 669.9946 669.9984 669.9934 670.0089 670.0009 669.9015 669.623 669.3356 669.1429 669.0796 669.0627 669.0789 669.1012 669.1213 669.142 669.1683 669.1981 669.2236 669.2393 669.2514 669.2764 669.3246 669.3929 669.4684 669.5391 669.6011 669.6516 669.6829 669.6859 669.655 669.5947 669.5175 669.4359 669.3592 669.2939 669.2449 669.214 669.1997 669.1997 669.2075 669.2125 669.2039 669.1747 669.1434 669.1541 669.2128 669.3915 669.6543 669.9758 670.2789 670.7748 670.976 670.8584
667.5127 667.5789 667.7423 668.09 668.7748 669.5178 670.2106 671.0885 672.0569 672.1966 671.4586 670.714 670.0916 669.7966 669.7678 669.8335 669.9148 670.0009 670.0732 669.9666 669.5627 669.2065 669.0049 668.999 669.0001 669.0362 669.0695 669.0978 669.1202 669.1434 669.1716 669.2016 669.2273 669.2473 669.2698 669.3079 669.3672 669.4405 669.5153 669.5825 669.6403 669.6846 669.7089 669.7042 669.6669 669.6047 669.5321 669.4616 669.4005 669.3538 669.323 669.3076 669.306 669.3146 669.3247 669.3286 669.3247 669.3289 669.3737 669.4839 669.6998 670.0304 670.4901 670.9698 671.4835 671.6986 671.2807
667.6937 667.8199 668.0005 668.3994 668.9636 669.6467 670.2607 670.1183 670.7173 670.7917 670.4008 670.0215 669.6948 669.5388 669.5464 669.6425 669.7701 669.9001 669.9764 669.7338 669.3212 669.011 668.8932 668.9039 668.9434 668.9998 669.0359 669.0721 669.0997 669.121 669.1444 669.1725 669.203 669.2324 669.2606 669.2962 669.3478 669.4166 669.4935 669.5664 669.6289 669.6801 669.7172 669.7343 669.7231 669.6837 669.6284 669.5703 669.5182 669.4766 669.4487 669.4352 669.4361 669.4493 669.4678 669.4854 669.5015 669.5338 669.6119 669.7605 670.0069 670.3955 670.917 671.4393 671.945 672.0906 671.9023
667.8148 667.991 668.1208 668.4929 669.0142 669.5047 669.7623 669.627 669.7409 669.7451 669.6293 669.4893 669.359 669.3007 669.3306 669.4283 669.546 669.6371 669.6282 669.3948 669.0424 668.8767 668.8219 668.8453 668.8984 668.9575 669.0001 669.0453 669.0786 669.1006 669.1193 669.1417 669.1705 669.2043 669.2414 669.2816 669.3317 669.3964 669.4736 669.5525 669.6219 669.6781 669.7221 669.7521 669.7621 669.7469 669.7131 669.6737 669.6366 669.6056 669.5846 669.5764 669.5829 669.6036 669.6317 669.661 669.6849 669.729 669.8301 669.9976 670.2404 670.5887 671.028 671.5371 671.9887 672.1522 672.0918
667.8101 667.9213 668.0199 668.3707 668.7886 669.1305 669.2676 669.1915 669.1462 669.0802 669.1442 669.1545 669.1285 669.1161 669.1396 669.2228 669.3091 669.3588 669.325 669.1719 668.995 668.8594 668.8118 668.8297 668.8807 668.9426 668.9998 669.0289 669.0566 669.0793 669.0959 669.1132 669.136 669.1681 669.2094 669.2576 669.3121 669.3768 669.4537 669.5375 669.6161 669.6802 669.73 669.7676 669.7905 669.7941 669.7811 669.7616 669.7432 669.7276 669.7181 669.7185 669.7324 669.7615 669.7979 669.8401 669.8563 669.8886 669.9988 670.1611 670.3834 670.674 671.0198 671.4293 671.8005 671.9969 672.0023
667.7877 667.8887 668.0005 668.2434 668.5301 668.7688 668.8862 668.8846 668.8756 668.8973 668.9997 669.0336 669.0233 669.0134 669.0012 669.0675 669.1172 669.1367 669.1069 669.0026 668.9215 668.8518 668.824 668.8377 668.8782 668.9287 668.9736 669 669.0271 669.0523 669.0717 669.0869 669.1049 669.131 669.1703 669.2225 669.2843 669.3537 669.4323 669.5193 669.606 669.681 669.7395 669.7839 669.8152 669.8314 669.8336 669.8303 669.8287 669.8297 669.834 669.8449 669.8649 669.9005 669.9345 669.998 669.9994 670.0025 670.1141 670.2701 670.466 670.7064 670.9855 671.245 671.5532 671.7776 671.8835
667.7825 667.888 667.9999 668.1387 668.3151 668.483 668.6023 668.6721 668.7413 668.8489 668.9979 669.0258 669.0001 668.9999 668.9778 668.9998 669.0002 669.0005 668.9997 668.9468 668.9008 668.8647 668.8503 668.8594 668.8868 668.9225 668.9554 668.9786 669 669.0238 669.0455 669.0619 669.0767 669.0981 669.1323 669.183 669.2485 669.3244 669.4075 669.4974 669.59 669.6751 669.7448 669.798 669.8378 669.8629 669.8751 669.882 669.8914 669.9048 669.921 669.9403 669.959 669.9994 670.0007 670.0606 670.0935 670.1291 670.2229 670.3534 670.5087 670.6823 670.8602 671.0248 671.3306 671.5867 671.7572
667.7908 667.8936 667.999 668.0656 668.163 668.2808 668.3973 668.5083 668.629 668.7718 668.9208 668.9991 668.9796 668.9636 668.947 668.9497 668.9495 668.9529 668.9562 668.9362 668.913 668.8934 668.8849 668.8888 668.9036 668.9254 668.9478 668.9662 668.9827 669 669.0197 669.0371 669.0503 669.0688 669.0999 669.1475 669.2122 669.2913 669.3794 669.4729 669.5693 669.6617 669.7417 669.8054 669.8541 669.8884 669.9083 669.9208 669.9348 669.953 669.9752 669.9999 670.0001 670.0376 670.0652 670.1189 670.1708 670.2292 670.3156 670.424 670.5472 670.6815 670.8274 670.9985 671.2389 671.4771 671.6693
667.7958 667.8846 667.9581 668.0003 668.0686 668.1545 668.2598 668.3813 668.5173 668.6622 668.7956 668.8782 668.8955 668.897 668.8983 668.9095 668.9242 668.941 668.9536 668.951 668.9412 668.929 668.9208 668.9193 668.9242 668.9343 668.9475 668.9608 668.9731 668.9858 669 669.015 669.0243 669.0419 669.0732 669.1197 669.1828 669.2615 669.3519 669.4484 669.5474 669.6443 669.7316 669.8043 669.8617 669.9047 669.9326 669.9497 669.9642 669.9807 670 670.0242 670.0393 670.0726 670.1132 670.17 670.2339 670.3057 670.3904 670.4857 670.5889 670.7019 670.8334 670.9993 671.2056 671.4268 671.6276
667.8087 667.8842 667.9493 667.9999 668.0428 668.101 668.1838 668.2924 668.4185 668.5481 668.6625 668.7419 668.7827 668.8085 668.8345 668.8674 668.905 668.942 668.9689 668.9761 668.973 668.9631 668.9525 668.9458 668.9438 668.946 668.9516 668.9597 668.9688 668.9786 668.9893 669 669 669.0168 669.0516 669.101 669.1638 669.241 669.3307 669.4283 669.5289 669.6278 669.7195 669.7981 669.8621 669.9119 669.9468 669.9692 669.9856 670 670.0204 670.0446 670.0681 670.1025 670.1494 670.2108 670.2828 670.3624 670.4485 670.5379 670.63 670.7294 670.8477 670.9999 671.1921 671.4089 671.621
667.8336 667.8965 667.9523 668 668.0447 668.0946 668.1598 668.2466 668.3498 668.4554 668.5483 668.619 668.6694 668.7133 668.7617 668.8187 668.8813 668.9424 668.9883 669 669 668.9883 668.9752 668.9644 668.9581 668.9561 668.9573 668.9612 668.9673 668.9742 668.9808 668.9856 668.9868 669 669.0381 669.0912 669.1559 669.2321 669.3196 669.4163 669.517 669.6168 669.7104 669.7927 669.8604 669.9138 669.9532 669.9801 670 670.0153 670.0363 670.0621 670.0909 670.1279 670.178 670.2429 670.3197 670.4045 670.4926 670.5806 670.6677 670.7581 670.8629 670.9999 671.1865 671.4073 671.6321
667.8705 667.9237 667.9661 668.0002 668.0555 668.107 668.1617 668.2299 668.3105 668.3929 668.4655 668.5239 668.5737 668.6255 668.6879 668.7627 668.8458 668.9297 668.9999 669.016 669.0153 669 668.9857 668.9731 668.965 668.9618 668.9619 668.9643 668.9683 668.9734 668.9783 668.9824 668.9869 669 669.0382 669.0919 669.1576 669.2334 669.3192 669.4136 669.5134 669.613 669.7078 669.7921 669.8619 669.9164 669.9562 669.9827 670 670.0207 670.0459 670.0757 670.1094 670.1498 670.2019 670.269 670.3489 670.4368 670.5275 670.6166 670.7031 670.7894 670.8821 670.9995 671.1877 671.4161 671.6462
667.9133 667.9645 667.9999 668.0281 668.0731 668.1213 668.1708 668.2278 668.2935 668.3596 668.4169 668.4634 668.5065 668.5567 668.6219 668.703 668.7946 668.8862 668.9619 669 669.0142 669 668.9849 668.9723 668.9646 668.9624 668.9644 668.968 668.972 668.9768 668.9823 668.9893 669 669.0172 669.0529 669.1039 669.1678 669.243 669.3275 669.4202 669.5182 669.6173 669.7122 669.7979 669.8691 669.9237 669.9625 669.9874 670 670.0241 670.0526 670.0854 670.1235 670.1683 670.223 670.2917 670.3737 670.464 670.5573 670.6498 670.7403 670.83 670.9185 671.0045 671.2092 671.447 671.6772
667.947 667.9999 668.0256 668.0493 668.0845 668.1267 668.1733 668.2268 668.2871 668.3469 668.3975 668.4368 668.4719 668.5144 668.5731 668.6495 668.7386 668.8297 668.9097 668.9663 668.9999 668.9893 668.9738 668.9627 668.958 668.9592 668.9645 668.9714 668.9778 668.9835 668.9904 669 669.0149 669.0377 669.074 669.1238 669.1855 669.259 669.3424 669.4336 669.5303 669.6285 669.7235 669.8098 669.882 669.9363 669.9736 670 670.0126 670.033 670.06 670.0932 670.1337 670.1824 670.2413 670.3123 670.396 670.4887 670.5848 670.6809 670.7778 670.8806 670.9978 671.0978 671.285 671.5139 671.7375
667.9574 668 668.0358 668.067 668.1005 668.1373 668.1791 668.2293 668.2878 668.3479 668.3993 668.4377 668.4682 668.5016 668.5482 668.6123 668.6904 668.7734 668.8503 668.9105 668.9476 668.9537 668.9492 668.9454 668.947 668.954 668.9641 668.9751 668.9846 668.9917 669 669.012 669.0304 669.0579 669.0967 669.1472 669.2085 669.2803 669.3622 669.4523 669.5475 669.6453 669.7404 669.8271 669.8998 669.9524 669.9827 670 670.0202 670.0419 670.0675 670.0993 670.1399 670.1912 670.2543 670.3296 670.416 670.5111 670.6099 670.7083 670.8046 670.8988 671.0002 671.1525 671.36 671.5927 671.8159
667.962 668 668.0452 668.0901 668.1318 668.1696 668.2068 668.2505 668.3043 668.3634 668.4178 668.4596 668.4894 668.5161 668.5502 668.5983 668.6602 668.7295 668.7973 668.8542 668.8934 668.912 668.9198 668.9259 668.9352 668.9485 668.9641 668.9795 668.9923 669 669.0093 669.0232 669.0446 669.0757 669.1176 669.1702 669.2327 669.3046 669.3851 669.474 669.5684 669.6652 669.7601 669.8478 669.9221 669.9753 670 670.0155 670.0327 670.0525 670.0754 670.1045 670.1433 670.1952 670.2615 670.3412 670.432 670.5305 670.6331 670.7361 670.8361 670.9266 671.0042 671.1969 671.4272 671.6605 671.8612
667.9714 668.0001 668.0542 668.1128 668.169 668.2174 668.2578 668.2974 668.3436 668.3976 668.4518 668.4968 668.5288 668.5525 668.5769 668.6099 668.6542 668.7069 668.762 668.8123 668.8514 668.8776 668.8951 668.9105 668.9268 668.9455 668.9652 668.984 669 669.0073 669.0168 669.0325 669.0564 669.0904 669.1354 669.1905 669.255 669.328 669.4089 669.4969 669.5903 669.6858 669.7795 669.8671 669.9429 669.9999 670.0195 670.0308 670.0441 670.0614 670.0825 670.1088 670.1449 670.1954 670.263 670.3461 670.4412 670.544 670.6513 670.762 670.8773 670.9982 671.093 671.2723 671.5001 671.7301 671.9125
668 668.0304 668.0772 668.1351 668.198 668.2579 668.309 668.3527 668.3966 668.4456 668.4971 668.5434 668.5786 668.6029 668.6223 668.6444 668.6736 668.7102 668.7513 668.7924 668.8284 668.8575 668.8815 668.9031 668.9249 668.9468 668.9678 668.986 669 669.0096 669.0214 669.0391 669.0656 669.1024 669.1499 669.2079 669.2746 669.3493 669.431 669.5189 669.6111 669.7047 669.7955 669.8795 669.9503 670 670.0239 670.0366 670.0489 670.0652 670.0859 670.1115 670.1453 670.1937 670.2601 670.3444 670.4421 670.548 670.658 670.7703 670.8846 671.0007 671.134 671.323 671.556 671.7967 671.9965
668.0327 668.0682 668.1115 668.1631 668.2229 668.2859 668.3445 668.3955 668.4427 668.4911 668.5417 668.5897 668.6292 668.6575 668.6774 668.6946 668.7141 668.7381 668.7664 668.7969 668.8271 668.8551 668.881 668.9061 668.9305 668.9539 668.9743 668.9899 669 669.0116 669.0251 669.0444 669.073 669.1121 669.1624 669.2225 669.2917 669.3683 669.4509 669.5388 669.6295 669.7206 669.8081 669.8876 669.9539 670 670.022 670.0352 670.0477 670.0637 670.0847 670.1108 670.1443 670.1904 670.2548 670.3376 670.4355 670.5422 670.6531 670.7664 670.8822 671.0008 671.1373 671.3317 671.5698 671.8109 672.0003
668.0673 668.1082 668.1533 668.2021 668.2562 668.3154 668.3744 668.4283 668.4781 668.5275 668.5784 668.6284 668.6725 668.7073 668.7323 668.7505 668.7666 668.7834 668.8022 668.8232 668.8459 668.8693 668.8936 668.9185 668.9436 668.9666 668.986 669 669.0081 669.0177 669.0311 669.051 669.0804 669.1211 669.1732 669.2357 669.307 669.3854 669.4692 669.5566 669.6459 669.7341 669.8177 669.8926 669.9551 669.9999 670.0151 670.0285 670.0427 670.0594 670.0803 670.1071 670.1406 670.1856 670.2471 670.327 670.4224 670.5273 670.6368 670.7495 670.8688 670.9975 671.1002 671.2987 671.5479 671.7977 671.9965
668.1 668.1454 668.1951 668.2462 668.2989 668.3545 668.4109 668.4645 668.5144 668.5631 668.6127 668.6624 668.7094 668.75 668.7818 668.805 668.8223 668.8368 668.8503 668.8646 668.8802 668.8968 668.9161 668.9382 668.9615 668.9829 669 669.011 669.0184 669.027 669.0399 669.0601 669.0902 669.1317 669.185 669.2489 669.3221 669.402 669.4866 669.5737 669.6611 669.7461 669.8252 669.8947 669.95 669.9861 670 670.019 670.0368 670.0549 670.0759 670.1016 670.1345 670.1781 670.2369 670.313 670.404 670.5044 670.6082 670.7125 670.8154 670.9132 671.0062 671.2375 671.5039 671.7568 671.9409
668.1313 668.1794 668.2324 668.2869 668.3414 668.3972 668.4536 668.5074 668.5574 668.6051 668.6522 668.6993 668.7455 668.7886 668.8256 668.8542 668.8748 668.8899 668.9015 668.9122 668.9227 668.9318 668.9441 668.9615 668.9817 669 669.0133 669.0226 669.03 669.0388 669.052 669.0727 669.1035 669.1456 669.1996 669.2646 669.3387 669.4197 669.5044 669.5908 669.6765 669.7581 669.8331 669.8983 669.9492 669.9827 670 670.0167 670.0343 670.0527 670.0729 670.0968 670.127 670.1678 670.2229 670.2947 670.3807 670.4757 670.574 670.6729 670.7725 670.8756 671.0003 671.2155 671.4774 671.7512 671.9936
668.1632 668.2115 668.2659 668.3225 668.3785 668.4354 668.4935 668.5504 668.6033 668.652 668.6976 668.7415 668.7843 668.826 668.8647 668.8966 668.9202 668.9365 668.947 668.9565 668.9657 668.9662 668.9708 668.9835 669 669.0143 669.0258 669.0348 669.0431 669.0531 669.0677 669.0896 669.1212 669.1642 669.219 669.2847 669.3594 669.4403 669.5247 669.6096 669.6928 669.7716 669.843 669.9051 669.9545 669.9869 670 670.0172 670.0342 670.0522 670.0713 670.0927 670.1191 670.1549 670.2049 670.2711 670.3516 670.441 670.535 670.6329 670.7384 670.8579 671.0016 671.1938 671.4388 671.7243 672.0008
668.197 668.2441 668.2975 668.355 668.4121 668.4692 668.528 668.5875 668.645 668.6979 668.7451 668.7871 668.8258 668.8632 668.8993 668.9315 668.9564 668.9733 668.9806 668.9883 669 668.9913 668.9897 669 669.0137 669.0267 669.038 669.0479 669.0579 669.0702 669.087 669.111 669.1443 669.1885 669.2443 669.3105 669.3852 669.4657 669.5487 669.6313 669.7115 669.787 669.8551 669.9144 669.9637 670 670.012 670.0239 670.0377 670.0532 670.0702 670.0885 670.11 670.1396 670.1827 670.2418 670.3152 670.3979 670.4868 670.5829 670.6933 670.8283 670.9946 671.1398 671.363 671.676 672.0026
668.2312 668.2789 668.3304 668.3866 668.4441 668.5013 668.5598 668.6201 668.6809 668.7389 668.7902 668.8328 668.8683 668.9 668.9302 668.9591 668.983 669 669 669 669.0059 669 669 669.0118 669.0259 669.0392 669.0514 669.0628 669.0752 669.0902 669.1101 669.137 669.1728 669.219 669.2762 669.3431 669.4177 669.4969 669.5779 669.6573 669.7336 669.8047 669.8683 669.9229 669.9676 670 670.0172 670.0293 670.0418 670.0553 670.069 670.0829 670.0988 670.1215 670.1564 670.2065 670.2706 670.3442 670.4243 670.5121 670.6129 670.731 670.8643 671.0008 671.2214 671.5972 671.9975
668.2629 668.313 668.3644 668.4189 668.4761 668.5339 668.5922 668.652 668.7136 668.7749 668.8305 668.8757 668.9099 668.9362 668.9581 668.9808 669 669.014 669.0167 669.0168 669.0183 669.0168 669.0193 669.0289 669.0416 669.0546 669.0674 669.0805 669.0956 669.1139 669.1373 669.1677 669.2067 669.2557 669.3149 669.3829 669.4573 669.535 669.6129 669.6885 669.76 669.8259 669.8837 669.9321 669.9711 670 670.0193 670.0322 670.0449 670.0573 670.0674 670.0756 670.0849 670.0999 670.126 670.166 670.2187 670.2804 670.3483 670.424 670.5117 670.6132 670.726 670.8516 671.0429 671.4831 671.9451
668.293 668.3444 668.3972 668.451 668.5074 668.5662 668.6259 668.6858 668.7466 668.8082 668.8661 668.9137 668.9476 668.9702 668.9822 669 669.0159 669.0276 669.0325 669.0343 669.0359 669.0372 669.0414 669.0498 669.0609 669.0734 669.0869 669.1018 669.1196 669.1415 669.1688 669.2032 669.246 669.2985 669.3605 669.4298 669.5039 669.5797 669.6541 669.725 669.7911 669.8511 669.9023 669.9435 669.9756 670 670.0183 670.0316 670.0446 670.0565 670.0638 670.0662 670.0685 670.0758 670.0928 670.122 670.162 670.2095 670.263 670.3259 670.4056 670.5049 670.6279 670.785 671.0067 671.3522 671.7168
