backend/lakes/data/Sturgeon Lake/stur_dem_tm.asc
ncols         309
nrows         216
xllcorner     328250
yllcorner     6101400
cellsize      50
NODATA_value  -9999
[rows 30 to 59 of 216, columns 201 to 267 of 309]
673.8907 674.0151 674.3013 674.556 674.7025 674.7534 674.7421 674.6748 674.6722 674.9462 675.2021 675.3547 675.4921 675.6569 675.7335 675.7486 675.751 675.8327 676.0184 676.1732 676.2633 676.3403 676.501 676.6262 676.7053 676.6597 676.3892 675.9954 675.5525 675.1606 674.9397 674.8518 674.8489 675.0018 675.4437 675.8755 676.0007 676.0081 676.1331 676.6802 677.5842 678.781 680.1974 681.6683 683.1584 684.629 686.0103 687.1384 687.7305 -9999 -9999 -9999 -9999 -9999 -9999 -9999 -9999 -9999 -9999 -9999 -9999 -9999 -9999 -9999 -9999 -9999 -9999
673.1809 673.5297 674.0259 674.3849 674.5142 674.4761 674.3896 674.2384 674.1169 674.4709 674.873 674.9911 675.0413 675.1927 675.2423 675.2393 675.2434 675.3206 675.4285 675.5198 675.6061 675.7318 675.9238 676.0096 676.051 676.0254 675.8323 675.4144 674.9251 674.462 674.1149 673.961 673.9664 674.1888 674.7861 675.2957 675.5223 675.6194 675.7335 676.046 676.6151 677.3968 678.4787 679.7279 681.1237 682.5391 683.8982 685.0806 685.8786 686.1657 685.832 -9999 -9999 -9999 -9999 -9999 -9999 -9999 -9999 -9999 -9999 -9999 -9999 -9999 -9999 -9999 -9999
672.7985 673.1812 673.8567 674.2145 674.2292 674.0169 673.8734 673.6679 673.3811 673.811 674.3024 674.5729 674.762 674.957 674.9939 674.9962 675.0045 675.0996 675.1597 675.2 675.2429 675.3132 675.4093 675.4637 675.4839 675.4116 675.1224 674.7476 674.2472 673.8221 673.4415 673.142 673.0908 673.3157 673.9641 674.6552 675.0365 675.3119 675.4902 675.6824 675.9636 676.3381 677.0544 677.9988 679.1807 680.4456 681.754 682.9928 683.9675 684.5276 684.4734 683.9301 683.6724 -9999 -9999 -9999 -9999 -9999 -9999 -9999 -9999 -9999 -9999 -9999 -9999 -9999 -9999
672.4888 672.9469 673.5331 673.8878 673.7357 673.2462 672.9843 672.743 672.4536 672.9399 673.6167 674.0376 674.3597 674.5483 674.6763 674.7719 674.864 674.9868 674.9951 674.9936 674.9943 674.9979 675.0067 675.0144 675.0116 674.9078 674.4839 673.9499 673.4975 673.1334 672.9193 672.6145 672.4662 672.5659 673.0363 673.7811 674.4352 674.9819 675.292 675.4639 675.5881 675.7458 676.1037 676.7057 677.5396 678.5425 679.6843 680.8768 681.9467 682.6944 682.9187 682.6443 682.5308 683.407 685.1152 -9999 -9999 -9999 -9999 -9999 -9999 -9999 -9999 -9999 -9999 -9999 -9999
672.0825 672.5197 673.0032 673.1957 672.8449 672.2645 671.9721 671.7509 671.4895 671.9543 672.7109 673.377 673.8839 674.0848 674.3223 674.5103 674.6357 674.7019 674.6879 674.6898 674.7086 674.7246 674.7311 674.7225 674.6675 674.4666 673.981 673.2756 672.9541 672.7452 672.5455 672.2098 671.9034 671.7345 671.9269 672.6687 673.5844 674.4634 674.9995 675.2711 675.3772 675.4296 675.5919 675.9225 676.3684 677.0399 677.9006 678.8779 679.8502 680.6476 681.0824 681.1373 681.324 682.2536 683.8876 685.9589 -9999 -9999 -9999 -9999 -9999 -9999 -9999 -9999 -9999 -9999 -9999
671.7132 672.043 672.4208 672.4813 671.9028 671.3293 671.0665 670.9105 670.7521 671.0181 671.7283 672.6319 673.3403 673.7253 674.002 674.2467 674.3842 674.3916 674.3314 674.3635 674.4388 674.5011 674.5339 674.5326 674.4711 674.2799 673.8741 673.1609 672.8464 672.715 672.4933 671.9804 671.33 670.7629 670.6736 671.3297 672.3171 673.4545 674.4324 674.9593 675.1865 675.2207 675.299 675.4688 675.7448 676.1846 676.6371 677.2519 677.9399 678.6502 679.1654 679.4962 680.0317 681.0791 682.6552 684.6146 686.7539 -9999 -9999 -9999 -9999 -9999 -9999 -9999 -9999 -9999 -9999
671.3332 671.5486 671.7791 671.6387 671.2266 670.7894 670.5134 670.3306 670.1896 670.2497 670.8912 671.8701 672.8524 673.3619 673.6414 673.9663 674.1559 674.1344 674.015 674.0948 674.2346 674.3408 674.3979 674.4144 674.3751 674.2433 673.9738 673.4998 673.1405 673.0805 672.8416 672.1161 671.2058 670.3514 670.1805 670.3004 670.994 672.1921 673.5103 674.4214 674.9243 675.0114 675.1132 675.2125 675.3552 675.5625 675.7832 676.0885 676.4977 677.0522 677.5024 677.9745 678.7573 679.925 681.4677 683.2985 685.3315 687.499 -9999 -9999 -9999 -9999 -9999 -9999 -9999 -9999 -9999
671.0018 671.0294 671.0792 671.0092 670.7585 670.4558 670.2202 670.0664 669.9952 670.0096 670.3771 671.3561 672.4473 672.9888 673.1644 673.5579 673.9288 674.0001 673.9884 674.0023 674.1444 674.2461 674.3002 674.3302 674.3183 674.2465 674.115 673.951 673.7592 673.7853 673.4086 672.6699 671.7723 671.1532 670.9172 670.6996 670.5215 671.3937 672.7883 673.9257 674.5521 674.8219 674.9962 675.0784 675.1523 675.2252 675.3058 675.4509 675.6898 676.0233 676.3591 676.8746 677.6731 678.9007 680.4306 682.184 684.0958 686.2056 -9999 -9999 -9999 -9999 -9999 -9999 -9999 -9999 -9999
670.7706 670.739 670.7198 670.6534 670.4912 670.2798 670.0887 669.9572 669.9135 669.9893 670.2032 670.8711 671.8749 672.5956 672.7648 673.073 673.4946 673.7822 673.9863 674.0728 674.1354 674.1696 674.1926 674.2421 674.2538 674.2028 674.1108 674.0305 674.0045 674.0782 673.8499 673.1486 672.3937 672.314 672.3246 672.1028 671.752 672.0396 672.8632 673.7296 674.249 674.5892 674.8471 675.0018 675.0868 675.1005 675.0991 675.161 675.3107 675.5573 675.8979 676.3229 677.0323 678.1278 679.6249 681.3819 683.2325 685.2308 687.4138 -9999 -9999 -9999 -9999 -9999 -9999 -9999 -9999
670.6173 670.5675 670.5305 670.4738 670.3655 670.2133 670.0518 669.9174 669.8417 669.8541 670.0026 670.4676 671.2011 671.8711 672.1519 672.5481 673.0073 673.4027 673.6891 673.9448 673.991 673.9908 674.0088 674.1273 674.179 674.1328 674.0397 674.0023 674.1243 674.2341 674.124 673.7234 673.1485 673.4388 673.5986 673.433 673.0134 672.8715 672.9998 673.4072 673.8399 674.2638 674.6761 674.9987 675.1172 675.0979 675.0372 675.0612 675.1501 675.3064 675.5411 675.8849 676.4016 677.4714 678.9875 680.7991 682.6336 684.5046 686.5911 -9999 -9999 -9999 -9999 -9999 -9999 -9999 -9999
670.5123 670.4592 670.4235 670.3851 670.3179 670.2097 670.0712 669.9279 669.8108 669.7518 669.7982 670.0464 670.5699 671.2317 671.6572 672.0551 672.5101 672.9181 673.1387 673.4261 673.5376 673.5962 673.7556 673.9911 674.1054 674.0751 673.9998 674.0713 674.2139 674.3367 674.3254 674.1647 673.9877 674.1868 674.3279 674.2163 673.8704 673.4371 673.0565 673.0591 673.2316 673.7949 674.3926 674.92 675.1087 675.0982 675.0007 675.0337 675.0789 675.1445 675.2441 675.4459 675.9379 676.9073 678.3813 680.2288 682.1389 684.0356 686.1179 -9999 -9999 -9999 -9999 -9999 -9999 -9999 -9999
670.4329 670.3776 670.3473 670.3287 670.2962 670.2286 670.1182 669.9793 669.8404 669.7366 669.7136 669.8376 670.1726 670.8439 671.2892 671.6606 672.0215 672.3739 672.6052 672.8542 672.9819 673.0878 673.3968 673.7548 673.9872 673.9999 673.9979 674.0916 674.2074 674.3422 674.4222 674.4486 674.4952 674.6622 674.7654 674.676 674.3846 673.9521 673.4336 673.0103 672.9418 673.2553 673.9288 674.5149 674.8705 674.9741 674.9491 674.9957 674.9979 674.994 674.9872 675.0399 675.4622 676.3395 677.7485 679.5518 681.584 683.6845 685.9341 688.4059 -9999 -9999 -9999 -9999 -9999 -9999 -9999
670.3682 670.3069 670.2755 670.2705 670.267 670.2377 670.1647 670.0502 669.9182 669.8065 669.7608 669.842 670.108 670.5807 670.9886 671.3018 671.5456 671.818 671.9832 672.1507 672.4234 672.707 673.0732 673.4822 673.7089 673.7333 673.7185 673.8538 673.943 674.1525 674.3311 674.5138 674.7083 674.895 674.9791 674.898 674.6522 674.277 673.7944 673.0822 672.7997 672.9669 673.4493 673.9364 674.2109 674.4844 674.6391 674.7375 674.7521 674.7253 674.7069 674.7762 675.1118 675.9026 677.1147 678.784 680.9344 683.3281 685.8481 688.41 -9999 -9999 -9999 -9999 -9999 -9999 -9999
670.3145 670.246 670.2045 670.2004 670.2153 670.219 670.1874 670.1126 670.0106 669.9155 669.871 669.9233 670.1118 670.4229 670.7297 670.9657 671.0292 671.1381 671.386 671.6509 671.9972 672.412 672.908 673.2573 673.3854 673.3099 673.1148 673.0958 673.1998 673.6746 674.0064 674.3589 674.6947 674.9268 674.9969 674.8923 674.6412 674.2755 673.796 673.0355 672.5461 672.5575 672.9506 673.3936 673.7288 674.0299 674.2853 674.4428 674.4767 674.4585 674.4919 674.6434 674.9909 675.5727 676.5273 678.1147 680.3388 682.9985 685.8079 688.4674 690.695 -9999 -9999 -9999 -9999 -9999 -9999
670.2716 670.1996 670.1439 670.1278 670.1458 670.1705 670.1748 670.1437 670.0832 670.0179 669.9828 670.012 670.1266 670.313 670.5042 670.6443 670.7 670.7943 671.0013 671.2734 671.6158 672.0367 672.5308 672.9218 672.986 672.853 672.5786 672.4164 672.3747 672.8988 673.4899 674.0724 674.5544 674.8193 674.8502 674.6746 674.3453 673.9044 673.3713 672.7133 672.1136 672.0565 672.4295 672.9173 673.3288 673.7079 674.0247 674.2237 674.2488 674.2192 674.3181 674.5658 674.9666 675.3979 676.1818 677.6333 679.8347 682.6833 685.7505 688.5372 690.7225 -9999 -9999 -9999 -9999 -9999 -9999
670.238 670.1711 670.1051 670.0703 670.0763 670.1056 670.1321 670.1368 670.1163 670.0847 670.0641 670.0771 670.1371 670.2364 670.3428 670.4266 670.4856 670.5828 670.7588 670.9971 671.2861 671.6646 672.0515 672.3705 672.3883 672.1646 672.0008 671.9088 671.8634 672.2538 673.0395 673.8907 674.4154 674.6462 674.5878 674.2886 673.8257 673.2358 672.7407 672.1531 671.7831 671.7441 672.0095 672.4443 672.944 673.4479 673.933 674.1202 674.0958 674.0071 674.1461 674.4462 674.8989 675.2535 675.9329 677.2164 679.341 682.2899 685.5508 688.4789 690.7081 692.4785 -9999 -9999 -9999 -9999 -9999
670.2097 670.1573 670.092 670.0413 670.0272 670.0459 670.0767 670.1017 670.111 670.1075 670.1034 670.1108 670.1376 670.1833 670.2369 670.2896 670.3497 670.4494 670.6079 670.8101 671.0327 671.3555 671.6332 671.8347 671.8162 671.6002 671.4603 671.3883 671.424 671.8719 672.7168 673.7033 674.2419 674.4283 674.2573 673.8001 673.1946 672.6553 672.1426 671.8118 671.5944 671.5587 671.7183 672.0305 672.5028 673.0884 673.6509 673.9777 673.9985 673.9332 674.0004 674.2245 674.6275 675.0323 675.6371 676.7457 678.7707 681.685 685.0227 688.0636 690.356 692.4301 -9999 -9999 -9999 -9999 -9999
670.1787 670.1487 670.0978 670.0431 670.011 670.0107 670.0313 670.058 670.0814 670.0963 670.1052 670.1138 670.1256 670.1432 670.1678 670.2026 670.2611 670.3654 670.5281 670.743 670.9871 671.1544 671.2171 671.1334 671.0852 671.0204 670.9924 670.9843 671.0488 671.5632 672.482 673.4078 673.9963 674.186 673.9113 673.2646 672.8311 672.4232 672.0184 671.7861 671.5968 671.5217 671.584 671.7845 672.1508 672.8114 673.3418 673.6944 673.8198 673.8395 673.8843 674.0284 674.4635 674.9508 675.4376 676.373 678.1822 680.8936 684.1495 687.2892 689.8884 692.0578 693.7424 -9999 -9999 -9999 -9999
670.1378 670.1326 670.1072 670.0646 670.0258 670.0082 670.0116 670.0271 670.0477 670.0685 670.0847 670.0956 670.1027 670.1082 670.1178 670.1414 670.194 670.2935 670.4487 670.6479 670.8559 670.9948 670.9907 670.8462 670.7449 670.6915 670.6908 670.7421 670.9078 671.3752 672.3253 673.1511 673.7198 673.9427 673.6249 673.0851 672.8062 672.5183 672.1965 671.97 671.7286 671.6013 671.5856 671.699 671.9846 672.4653 673.0274 673.4285 673.6536 673.7856 673.8862 674.0222 674.4346 674.9115 675.2634 676.0163 677.4941 679.8146 682.7857 685.8674 688.6472 690.976 692.7762 694.0791 694.8271 -9999 -9999
670.089 670.1016 670.1047 670.0864 670.0562 670.0315 670.0201 670.0196 670.0278 670.0424 670.0581 670.0694 670.075 670.0764 670.0787 670.0927 670.134 670.2188 670.3519 670.5192 670.6816 670.7805 670.7684 670.6656 670.5764 670.5381 670.5698 670.6967 670.9904 671.5558 672.2463 672.8492 673.3132 673.4981 673.3761 673.1579 672.9984 672.7644 672.3898 672.0338 671.843 671.7252 671.6549 671.6733 671.8293 672.1563 672.8159 673.2203 673.5174 673.7842 673.99 674.1596 674.458 674.7755 675.0397 675.601 676.6796 678.5319 681.0711 683.9346 686.7559 689.2476 691.2612 692.7783 693.7126 693.9753 -9999
670.0436 670.0613 670.0841 670.0928 670.082 670.0627 670.0453 670.033 670.0269 670.0297 670.0387 670.0471 670.0509 670.0504 670.0488 670.0539 670.0801 670.1432 670.2484 670.3815 670.5099 670.5909 670.5966 670.5444 670.4941 670.4867 670.5513 670.7271 671.0808 671.7579 672.1022 672.2955 672.7542 672.9454 673.0292 673.1237 673.1142 672.958 672.5524 672.2084 672.0042 671.8847 671.7543 671.7009 671.781 672.0291 672.5376 672.9781 673.354 673.782 674.0197 674.2767 674.5464 674.7892 674.9926 675.3091 676.0175 677.3431 679.3194 681.843 684.5603 687.0999 689.309 691.0933 692.3375 692.9513 693.2377
670.0132 670.0245 670.0525 670.0791 670.0888 670.0818 670.0681 670.0535 670.0394 670.0314 670.0317 670.0353 670.0365 670.0341 670.0294 670.0272 670.0381 670.0776 670.1536 670.2566 670.3617 670.4386 670.4684 670.4617 670.4544 670.4819 670.5714 670.7489 671.0421 671.5189 671.7904 671.7836 672.0165 672.2098 672.5305 672.8362 672.8773 672.6785 672.4146 672.2197 672.105 671.9921 671.7966 671.7107 671.7795 672.0029 672.3486 672.7399 673.1749 673.8687 674.1656 674.4275 674.6836 674.8899 674.9985 675.1062 675.4885 676.3466 677.8544 679.9484 682.4402 684.7825 687.0266 689.0212 690.5851 691.6238 692.353
670 670 670.0222 670.0533 670.0729 670.0771 670.0714 670.0641 670.0521 670.0399 670.0336 670.0326 670.0322 670.0286 670.0221 670.0149 670.0137 670.0317 670.08 670.1559 670.2429 670.3188 670.3695 670.3988 670.4286 670.4853 670.5931 670.765 670.9932 671.1693 671.1225 671.1193 671.3641 671.5727 671.8547 672.0655 672.1155 672.0679 672.0164 671.9978 671.9729 671.8033 671.6412 671.6035 671.7219 671.9749 672.212 672.5955 673.103 673.837 674.1843 674.4993 674.7861 674.9963 675.0032 674.9817 675.1379 675.6538 676.6994 678.4219 680.6265 682.4395 684.4946 686.5746 688.4018 689.858 690.9976
669.9902 669.9869 670 670.0267 670.0411 670.0466 670.0472 670.0552 670.0527 670.0436 670.0354 670.0319 670.0327 670.0299 670.0232 670.0148 670.0075 670.0103 670.0345 670.085 670.1536 670.2248 670.2871 670.3397 670.3953 670.4698 670.5788 670.7257 670.8872 670.9883 670.884 670.8497 670.9703 671.0224 671.1422 671.379 671.485 671.562 671.6019 671.6151 671.5679 671.4156 671.329 671.3727 671.5406 671.7823 672.0356 672.4866 673.0276 673.6429 674.0509 674.463 674.7848 674.9786 675 674.9369 674.9556 675.2084 675.8259 676.8829 678.3627 679.9523 681.7917 683.8387 685.8007 687.5673 689.0295
669.9558 669.9595 669.9751 669.9999 670 670 670.0001 670.0293 670.036 670.0323 670.0267 670.0237 670.0305 670.0311 670.0258 670.0189 670.0132 670.01 670.0173 670.0442 670.092 670.1519 670.2148 670.2775 670.3444 670.4242 670.5215 670.6324 670.7313 670.7679 670.6992 670.6552 670.6824 670.7124 670.8058 670.9764 671.0372 671.1859 671.2458 671.2513 671.1893 671.0242 671.0061 671.1343 671.3789 671.6747 672.0015 672.4672 673.005 673.5466 674.0102 674.4214 674.7421 674.9396 675 674.9628 674.9244 675 675.288 675.8484 676.7055 677.8075 679.3192 681.0906 682.941 684.7939 686.4358
669.8958 669.9041 669.9204 669.9396 669.9471 669.9542 669.9685 669.9998 670.0001 670 670 670.0001 670.0203 670.0239 670.0209 670.0167 670.0193 670.0205 670.0211 670.0298 670.0554 670.0978 670.1508 670.2113 670.2786 670.3533 670.4351 670.5154 670.5748 670.5867 670.5433 670.5035 670.5001 670.5248 670.6022 670.7281 670.8389 670.9887 671.0029 671.0033 670.9944 670.8811 670.8686 671.0053 671.3174 671.667 672.0052 672.4556 672.9551 673.4117 673.9009 674.291 674.619 674.8432 674.9554 674.9998 674.9824 674.9775 675.0493 675.2555 675.6456 676.3308 677.3336 678.6859 680.2202 681.8332 683.424
669.817 669.8253 669.8418 669.861 669.8758 669.8893 669.906 669.9269 669.934 669.9406 669.951 669.9694 669.9999 670 670 670 670.0157 670.0286 670.0327 670.0321 670.0389 670.0605 670.0969 670.1458 670.2051 670.2703 670.3365 670.3962 670.436 670.442 670.4162 670.3875 670.3804 670.4042 670.4694 670.5699 670.6802 670.7933 670.838 670.8601 670.8643 670.8231 670.8396 671.0009 671.3773 671.7682 672.03 672.3788 672.7167 673.0294 673.4302 673.9189 674.3378 674.6255 674.7776 674.8813 674.9962 675.027 675.0104 675.0159 675.058 675.432 676.0383 676.851 677.9183 679.1354 680.4513
669.7269 669.7332 669.748 669.7677 669.7867 669.8036 669.8196 669.8347 669.845 669.8572 669.8752 669.9006 669.9302 669.9451 669.9578 669.9739 670 670.0244 670.0381 670.037 670.0334 670.0374 670.0551 670.0883 670.1337 670.1868 670.2399 670.286 670.3176 670.3264 670.3141 670.2972 670.2945 670.3181 670.3741 670.4574 670.5544 670.6519 670.7234 670.7805 670.8226 670.8411 670.8809 671.0454 671.5084 671.9679 672.1437 672.2663 672.3815 672.5073 672.7396 673.2888 673.8826 674.2764 674.4418 674.5546 674.7726 674.9796 674.9991 674.9911 674.879 675.0004 675.3246 675.756 676.3305 677.1543 678.2519
669.6315 669.6359 669.6483 669.6663 669.6853 669.7024 669.7168 669.7293 669.7408 669.7565 669.7797 669.8101 669.8432 669.8713 669.8983 669.9283 669.9644 670.0001 670.0291 670.0299 670.025 670.0209 670.0244 670.0436 670.0729 670.1119 670.154 670.1915 670.2192 670.2328 670.2319 670.2255 670.2279 670.2509 670.2986 670.368 670.4528 670.5459 670.6393 670.7366 670.8359 670.9246 671.0027 671.2132 671.5891 671.9695 672.0399 671.9383 671.8759 671.8795 672.0344 672.5604 673.2612 673.8373 674.0093 674.0839 674.3627 674.6309 674.7498 674.7589 674.6924 674.755 674.9757 675.2227 675.5172 676.1084 677.0988
669.5333 669.538 669.549 669.5641 669.5797 669.5933 669.6045 669.6147 669.627 669.6459 669.6745 669.7112 669.7515 669.7904 669.8284 669.8678 669.9117 669.9581 669.9998 670 670 670 670 670.0144 670.0278 670.0532 670.0848 670.1155 670.141 670.1578 670.1649 670.1661 670.1718 670.1924 670.2322 670.2888 670.3612 670.4495 670.5547 670.6829 670.8358 670.9967 671.0863 671.2439 671.4212 671.5818 671.5591 671.1676 670.999 671.0195 671.2211 671.8273 672.6321 673.3188 673.6504 673.8124 674.0201 674.2784 674.4519 674.4995 674.469 674.5143 674.6879 674.907 674.9385 675.104 675.5919
