backend/lakes/data/Sturgeon Lake/stur_dem_tm.asc
ncols         309
nrows         216
xllcorner     328250
yllcorner     6101400
cellsize      50
NODATA_value  -9999
[rows 60 to 89 of 216, columns 134 to 200 of 309]
-9999 -9999 -9999 -9999 -9999 -9999 -9999 -9999 -9999 -9999 -9999 -9999 -9999 -9999 -9999 -9999 -9999 -9999 -9999 -9999 -9999 -9999 -9999 -9999 -9999 689.6345 690.1509 689.5299 687.9488 685.5571 682.7556 679.9545 677.5032 675.5424 674.1101 673.1144 672.4961 672.152 671.9985 671.92 671.7698 671.5714 671.3601 671.1632 671.0002 670.8826 670.7841 670.6942 670.6126 670.5397 670.4715 670.4008 670.3229 670.233 670.1234 670.002 669.9274 669.8511 669.7665 669.6859 669.6178 669.5638 669.5234 669.493 669.4684 669.4495 669.4381
-9999 -9999 -9999 -9999 -9999 -9999 -9999 -9999 -9999 -9999 -9999 -9999 -9999 -9999 -9999 -9999 -9999 -9999 -9999 -9999 -9999 -9999 -9999 -9999 -9999 -9999 690.8876 690.908 690.029 688.0316 685.2805 682.2643 679.4532 677.1406 675.3477 673.9885 673.02 672.3939 672.0229 671.889 671.7205 671.5282 671.3353 671.1565 671 670.8662 670.7445 670.6302 670.5264 670.4352 670.3555 670.2836 670.2178 670.1566 670.0786 669.9981 669.8817 669.7751 669.6777 669.5925 669.5238 669.4709 669.4308 669.4005 669.3767 669.3579 669.3459
-9999 -9999 -9999 -9999 -9999 -9999 -9999 -9999 -9999 -9999 -9999 -9999 -9999 -9999 -9999 -9999 -9999 -9999 -9999 -9999 -9999 -9999 -9999 -9999 -9999 -9999 -9999 691.8854 691.6784 690.142 687.5651 684.4667 681.4043 678.7796 676.6431 674.9522 673.6569 672.7673 672.2383 671.9803 671.7189 671.5012 671.3148 671.1499 670.9999 670.8558 670.715 670.5792 670.4551 670.3478 670.2563 670.1771 670.1135 670.0781 670.0004 669.9095 669.7921 669.676 669.5721 669.4856 669.4187 669.3706 669.3354 669.3086 669.2875 669.2712 669.2606
-9999 -9999 -9999 -9999 -9999 -9999 -9999 -9999 -9999 -9999 -9999 -9999 -9999 -9999 -9999 -9999 -9999 -9999 -9999 -9999 -9999 -9999 -9999 -9999 -9999 -9999 -9999 -9999 -9999 691.6673 689.3152 686.2932 683.1544 680.272 677.8531 675.9058 674.3474 673.171 672.441 671.9966 671.6962 671.4771 671.3002 671.1459 670.9999 670.8467 670.6883 670.5328 670.3917 670.272 670.1705 670.0798 670.0018 669.9975 669.905 669.7946 669.6729 669.5547 669.4498 669.3663 669.3069 669.2668 669.2404 669.2205 669.204 669.1912 669.183
-9999 -9999 -9999 -9999 -9999 -9999 -9999 -9999 -9999 -9999 -9999 -9999 -9999 -9999 -9999 -9999 -9999 -9999 -9999 -9999 -9999 -9999 -9999 -9999 -9999 -9999 -9999 -9999 -9999 -9999 690.3711 687.5197 684.4701 681.5242 678.916 676.7611 674.9684 673.5862 672.6517 672.0236 671.7012 671.4814 671.3041 671.1496 670.9999 670.834 670.6559 670.4801 670.324 670.1977 670.0929 669.9994 669.9116 669.858 669.7664 669.655 669.5356 669.4196 669.3176 669.2396 669.1937 669.1665 669.1495 669.1379 669.1283 669.1199 669.1137
-9999 -9999 -9999 -9999 -9999 -9999 -9999 -9999 -9999 -9999 -9999 -9999 -9999 -9999 -9999 -9999 -9999 -9999 -9999 -9999 -9999 -9999 -9999 -9999 -9999 -9999 -9999 -9999 -9999 -9999 690.7191 688.1003 685.2756 682.4095 679.7264 677.4665 675.4225 673.9064 672.8585 672.1123 671.7877 671.5386 671.3331 671.1617 671.0002 670.8138 670.6096 670.41 670.238 670.1088 669.9993 669.8914 669.7928 669.7098 669.6147 669.5078 669.395 669.2847 669.1862 669.1138 669.0871 669.0757 669.0688 669.064 669.0603 669.0568 669.0535
-9999 -9999 -9999 -9999 -9999 -9999 -9999 -9999 -9999 -9999 -9999 -9999 -9999 -9999 -9999 -9999 -9999 -9999 -9999 -9999 -9999 -9999 -9999 -9999 -9999 -9999 -9999 -9999 -9999 -9999 690.4423 688.0858 685.5152 682.7761 680.0417 677.5564 675.4755 673.9843 672.9653 672.2973 671.9594 671.6282 671.3665 671.1679 671.001 670.7809 670.5435 670.3179 670.1272 669.999 669.8778 669.7616 669.6553 669.5604 669.4657 669.3675 669.2656 669.1651 669.0729 669.0009 668.9998 668.9999 669 669 669 669 669
-9999 -9999 -9999 -9999 -9999 -9999 -9999 -9999 -9999 -9999 -9999 -9999 -9999 -9999 -9999 -9999 -9999 -9999 -9999 -9999 -9999 -9999 -9999 -9999 -9999 -9999 -9999 -9999 -9999 -9999 689.7767 687.715 685.4361 682.8832 680.1605 677.5627 675.4496 673.9763 672.9963 672.3817 671.9902 671.6555 671.3599 671.1313 670.9825 670.7144 670.4517 670.2145 670.008 669.8788 669.7487 669.6238 669.5126 669.416 669.3278 669.2434 669.1569 669.0729 668.9999 668.946 668.9358 668.9374 668.9409 668.9435 668.9452 668.9465 668.949
-9999 -9999 -9999 -9999 -9999 -9999 -9999 -9999 -9999 -9999 -9999 -9999 -9999 -9999 -9999 -9999 -9999 -9999 -9999 -9999 -9999 -9999 -9999 -9999 -9999 -9999 -9999 -9999 -9999 -9999 688.9241 687.2141 685.2863 682.9807 680.3351 677.6956 675.5385 674.0424 673.0849 672.5049 672.0417 671.7078 671.3414 671.0125 670.8049 670.5638 670.33 670.1327 669.9913 669.8008 669.6308 669.4877 669.3724 669.2812 669.2045 669.1398 669.069 669.0001 668.9432 668.9028 668.8881 668.8867 668.8898 668.8923 668.8936 668.895 668.8997
-9999 -9999 -9999 -9999 -9999 -9999 -9999 -9999 -9999 -9999 -9999 -9999 -9999 -9999 -9999 -9999 -9999 -9999 -9999 -9999 -9999 -9999 -9999 -9999 -9999 -9999 -9999 -9999 -9999 -9999 688.0154 686.704 685.1656 683.1667 680.6649 678.0535 675.8647 674.3256 673.3999 672.8295 672.3076 671.9095 671.4222 670.994 670.693 670.4296 670.2009 670.0085 669.8594 669.6724 669.4946 669.3469 669.2365 669.1594 669.0959 669.059 669.0001 668.9437 668.8961 668.8621 668.8452 668.8409 668.8417 668.8425 668.8418 668.8422 668.8488
-9999 -9999 -9999 -9999 -9999 -9999 -9999 -9999 -9999 -9999 -9999 -9999 -9999 -9999 -9999 -9999 -9999 -9999 -9999 -9999 -9999 -9999 -9999 -9999 -9999 -9999 -9999 -9999 -9999 -9999 687.0863 686.168 685.085 683.4944 681.1933 678.6256 676.4277 674.8632 673.8704 673.1721 672.6266 672.1252 671.5995 671.0721 670.7021 670.3728 670.1226 669.9789 669.7443 669.53 669.3494 669.2063 669.1096 669.0596 669.0009 668.9993 668.9448 668.8909 668.8477 668.8171 668.7994 668.7925 668.791 668.7889 668.7854 668.784 668.7916
-9999 -9999 -9999 -9999 -9999 -9999 -9999 -9999 -9999 -9999 -9999 -9999 -9999 -9999 -9999 -9999 -9999 -9999 -9999 -9999 -9999 -9999 -9999 -9999 -9999 -9999 -9999 -9999 -9999 -9999 -9999 685.8365 685.1563 683.9142 681.8657 679.4081 677.1987 675.5639 674.5469 673.8785 673.2756 672.7589 672.1152 671.4869 670.9308 670.4153 670.0097 669.7758 669.5558 669.3656 669.2074 669.0797 669.001 668.9991 668.9462 668.9159 668.8691 668.8234 668.787 668.7615 668.7451 668.7367 668.7329 668.7283 668.7211 668.7169 668.7245
-9999 -9999 -9999 -9999 -9999 -9999 -9999 -9999 -9999 -9999 -9999 -9999 -9999 -9999 -9999 -9999 -9999 -9999 -9999 -9999 -9999 -9999 -9999 -9999 -9999 -9999 -9999 -9999 -9999 -9999 -9999 685.792 685.3936 684.3473 682.6049 680.366 678.2367 676.5794 675.495 674.8574 674.2484 673.6014 672.922 672.1464 671.3251 670.6157 670.0107 669.6481 669.4043 669.2341 669.1072 669.0007 668.9421 668.9143 668.8666 668.8231 668.7786 668.74 668.7117 668.6925 668.6794 668.6709 668.6654 668.6586 668.6481 668.64 668.6453
-9999 -9999 -9999 -9999 -9999 -9999 -9999 -9999 -9999 -9999 -9999 -9999 -9999 -9999 -9999 -9999 -9999 -9999 -9999 -9999 -9999 -9999 -9999 -9999 -9999 -9999 -9999 -9999 -9999 -9999 -9999 -9999 685.8117 684.8761 683.3621 681.4166 679.4898 677.8701 676.698 675.9494 675.242 674.5253 673.8994 673.1168 672.1252 671.1121 670.2058 669.6711 669.3499 669.171 669.0748 668.9999 668.9135 668.8429 668.778 668.723 668.6777 668.6447 668.6244 668.6123 668.6033 668.5955 668.5888 668.5807 668.568 668.5556 668.5561
-9999 -9999 -9999 -9999 -9999 -9999 -9999 -9999 -9999 -9999 683.4732 684.2186 685.3937 686.8619 688.4817 -9999 -9999 -9999 -9999 -9999 -9999 -9999 -9999 -9999 -9999 -9999 -9999 -9999 -9999 -9999 -9999 -9999 -9999 685.3462 684.0306 682.4647 680.8133 679.2435 677.8885 676.8334 676.1378 675.4105 674.8841 674.1088 673.0994 671.8793 670.6874 669.8675 669.3886 669.1534 669.0632 668.9973 668.866 668.7581 668.676 668.6143 668.5699 668.5431 668.5308 668.5256 668.5205 668.5137 668.5061 668.4972 668.4843 668.4691 668.463
-9999 -9999 -9999 -9999 -9999 -9999 -9999 -9999 681.8379 681.9648 682.4303 682.8644 683.8667 685.2421 686.8404 688.5796 690.2455 691.6177 -9999 -9999 -9999 -9999 -9999 -9999 -9999 -9999 -9999 -9999 -9999 -9999 -9999 -9999 686.5869 685.7002 684.5647 683.3658 682.0258 680.5418 679.0656 677.7441 676.7772 676.4548 675.7884 674.9771 673.9716 672.659 671.2414 670.1065 669.4438 669.1161 668.9947 668.8711 668.7385 668.6304 668.5516 668.4952 668.4579 668.4398 668.4365 668.4384 668.4366 668.4301 668.4216 668.4127 668.4014 668.3865 668.3745
-9999 -9999 -9999 -9999 -9999 -9999 -9999 681.2579 681.0065 681.0358 681.274 681.6885 682.493 683.6789 685.1099 686.7724 688.5243 690.1357 691.3954 692.2045 692.6792 692.8433 -9999 -9999 -9999 -9999 -9999 -9999 -9999 -9999 686.9766 687.1309 686.8611 685.9349 684.96 683.9233 682.7538 681.3934 679.878 678.398 677.1743 676.3633 675.9489 675.43 674.6401 673.3647 671.76 670.3171 669.4627 669.0187 668.8191 668.6782 668.5613 668.4722 668.4114 668.371 668.3467 668.34 668.3469 668.356 668.3574 668.3502 668.3402 668.3319 668.3242 668.3129 668.2982
-9999 -9999 -9999 -9999 -9999 -9999 681.2061 680.6099 680.3323 680.2454 680.2891 680.5404 681.0612 681.9794 683.1772 684.6538 686.2869 687.9255 689.3174 690.4031 691.2664 691.9355 692.5404 692.8812 692.787 -9999 -9999 -9999 -9999 687.8773 687.3571 687.0979 686.6696 685.7791 684.7752 683.7349 682.601 681.2841 679.7657 678.2335 676.976 676.1539 675.8562 675.5428 674.9053 673.702 672.0062 670.4018 669.4176 668.9462 668.6497 668.4803 668.3766 668.311 668.2725 668.252 668.2436 668.2487 668.2651 668.2815 668.2865 668.2787 668.2665 668.2588 668.256 668.2516 668.2387
-9999 -9999 -9999 -9999 -9999 681.3391 680.4996 679.8845 679.5477 679.3508 679.2056 679.2144 679.5279 680.1359 681.066 682.3162 683.7493 685.259 686.6496 687.879 688.9999 690.0454 690.9763 691.6414 691.8146 691.463 -9999 -9999 688.8197 687.788 686.9227 686.2983 685.5861 684.6534 683.588 682.5182 681.4022 680.1476 678.7543 677.4418 676.3702 675.7652 675.5669 675.3954 674.8604 673.7378 671.9935 670.317 669.2151 668.7064 668.4305 668.2838 668.2079 668.1696 668.1526 668.1495 668.1558 668.1708 668.1938 668.2156 668.2247 668.2181 668.2043 668.1967 668.1991 668.2036 668.1969
-9999 -9999 -9999 -9999 681.7149 680.578 679.5966 678.7532 678.2363 677.9954 677.9434 678.0004 678.1382 678.4205 679.0728 680.0309 681.1883 682.4736 683.7492 684.9762 686.1935 687.4113 688.5259 689.4165 689.9214 689.9802 689.618 688.8592 687.8264 686.6365 685.481 684.5079 683.6237 682.6713 681.5472 680.4931 679.4636 678.3757 677.3365 676.3486 675.6018 675.1138 675.014 674.9836 674.516 673.3893 671.6793 670.0804 669.0358 668.5088 668.2496 668.1304 668.082 668.067 668.0654 668.0721 668.0879 668.1094 668.135 668.1586 668.171 668.1677 668.1548 668.1471 668.1536 668.1671 668.1697
-9999 -9999 -9999 681.9172 680.5438 679.3341 678.2611 677.2326 676.7238 676.7219 677.047 677.1191 677.1567 677.2904 677.6525 678.2264 678.9641 679.8925 680.9186 682.0092 683.1929 684.4125 685.5722 686.5864 687.316 687.6725 687.5741 686.9905 685.9879 684.6572 683.2951 682.1182 681.1518 680.236 679.2186 678.267 677.3887 676.5401 675.8377 675.177 674.6865 674.2346 674.14 674.2272 673.7989 672.6391 671.069 669.6502 668.8033 668.3469 668.127 668.0381 668.0121 668.0114 668.0165 668.0235 668.0413 668.064 668.0892 668.1104 668.1233 668.1241 668.1147 668.1091 668.1182 668.1381 668.1505
-9999 -9999 681.5849 680.1414 678.8165 677.7171 676.6585 675.6323 675.562 676.0654 676.4154 676.5126 676.4861 676.5145 676.6552 676.9094 677.2826 677.8081 678.4843 679.3232 680.3264 681.4083 682.4977 683.5425 684.3865 684.9183 684.9927 684.536 683.5968 682.2781 680.8637 679.6591 678.7123 677.8196 676.9052 676.0962 675.4128 674.8018 674.3509 673.9202 673.5643 673.1197 672.8536 672.7737 672.3468 671.3909 670.2435 669.2435 668.5903 668.229 668.0601 668.003 667.993 667.9968 668.0006 668 668.0138 668.0297 668.0544 668.0709 668.0804 668.0843 668.0787 668.0773 668.0881 668.1102 668.1284
681.6382 680.7619 679.4952 678.0948 676.9041 676.0543 675.376 674.5212 675.4471 675.9201 676.1442 676.1621 676.0178 675.9663 675.966 676.0008 676.0927 676.2802 676.6092 677.1431 677.9043 678.7288 679.6572 680.64 681.4867 682.0685 682.2349 681.8677 681.0255 679.8413 678.5746 677.4829 676.5588 675.7401 674.9708 674.2828 673.7123 673.2588 672.9365 672.5737 672.2827 671.8882 671.4556 671.1799 670.7463 670.1362 669.442 668.8127 668.3748 668.1355 668.027 668.0024 668 668 668 667.9949 668 668.0001 668.0266 668.0372 668.0406 668.0474 668.0408 668.0432 668.0533 668.0707 668.087
680.0338 678.8681 677.5877 676.3366 675.5123 675.0828 675.2706 675.5114 675.8352 675.998 675.9925 675.9076 675.6084 675.4705 675.4252 675.4073 675.4065 675.436 675.5278 675.7648 676.1833 676.759 677.5022 678.2505 678.959 679.4635 679.6397 679.3546 678.6464 677.6578 676.6076 675.6387 674.8275 674.0993 673.4389 672.885 672.3735 672.0124 671.7257 671.3074 671.0482 670.752 670.2847 669.9144 669.4841 669.1533 668.785 668.4298 668.1732 668.0591 668.0001 667.9999 667.9834 667.972 667.9678 667.9672 667.9719 667.978 667.9998 668 668.0001 668.0177 668.0001 668 667.9999 667.9998 667.9994
678.6644 677.3268 676.223 675.3555 675.4647 675.687 675.7941 675.9166 675.9979 675.8196 675.5896 675.3943 675.0892 675.0026 674.9883 674.9778 674.9558 674.9158 674.8347 674.8436 675.0193 675.4305 675.9805 676.5195 677.0742 677.4366 677.5186 677.2615 676.6514 675.7973 674.9224 674.0681 673.4009 672.8081 672.2147 671.8175 671.4221 671.0296 670.731 670.2851 670.0522 669.8289 669.4697 669.0861 668.7718 668.5496 668.352 668.1536 668.0041 667.9983 667.9586 667.9453 667.9274 667.9125 667.9084 667.913 667.9191 667.921 667.9266 667.9339 667.9589 667.9996 667.9775 667.9493 667.9098 667.8669 667.8252
677.5781 676.3611 675.7269 675.5818 676.3108 676.7444 676.3129 675.9982 675.7435 675.4099 675.0917 674.97 674.7625 674.6542 674.594 674.5266 674.4369 674.3339 674.1156 674.0349 674.1156 674.4427 674.8676 675.2705 675.6473 675.8412 675.8242 675.5246 674.982 674.226 673.4789 672.8216 672.2531 671.7775 671.2385 670.9277 670.6735 670.2217 669.93 669.575 669.3607 669.1175 668.9299 668.6256 668.3735 668.209 668.1167 667.9995 667.9037 667.8837 667.8666 667.8583 667.8439 667.8292 667.8267 667.836 667.8427 667.8358 667.8243 667.826 667.855 667.8983 667.9028 667.8701 667.7999 667.7122 667.6329
676.8483 675.9706 676.066 676.6002 677.179 676.8511 676.1619 675.7189 675.3595 675.0287 674.7958 674.6614 674.5145 674.4026 674.3027 674.1766 674.0294 673.9636 673.7341 673.5642 673.5286 673.6539 673.9109 674.1785 674.3503 674.408 674.3303 674.0037 673.4899 672.8891 672.2598 671.8337 671.4214 670.9874 670.5145 670.1584 669.9661 669.6445 669.3514 669.0592 668.9479 668.7332 668.5479 668.3284 668.1367 668.0051 667.9944 667.8942 667.8093 667.7706 667.756 667.7535 667.7451 667.7319 667.7303 667.7434 667.7511 667.7349 667.704 667.6891 667.7106 667.759 667.7901 667.7698 667.6874 667.5692 667.4667
676.8342 677.1672 677.3405 677.3247 676.986 676.3217 675.7058 675.3278 675.0398 674.8231 674.635 674.4911 674.3604 674.2513 674.1466 674.0047 673.8427 673.6952 673.4837 673.298 673.1468 673.0425 673.0699 673.1337 673.1525 673.0945 672.9655 672.6716 672.2034 671.7805 671.2764 671.0004 670.7676 670.412 670.015 669.7084 669.4977 669.2505 668.996 668.76 668.6171 668.453 668.2976 668.1381 667.9984 667.8867 667.8407 667.7695 667.7012 667.6575 667.6412 667.6429 667.6409 667.63 667.6283 667.6434 667.6537 667.6312 667.582 667.5451 667.5526 667.6016 667.6551 667.6582 667.5845 667.4554 667.343
676.0392 676.2527 676.3622 676.3034 676.0355 675.5869 675.1381 675.0072 674.9835 674.7721 674.5737 674.4117 674.2764 674.171 674.0913 673.99 673.7577 673.5361 673.3212 673.1434 672.9844 672.7637 672.6268 672.5253 672.3755 672.1209 671.8771 671.5697 671.2072 670.951 670.6198 670.3573 670.1149 669.9508 669.6592 669.4056 669.2045 668.9929 668.7554 668.5448 668.3911 668.2538 668.1259 667.9993 667.8784 667.7773 667.7098 667.6473 667.5911 667.5485 667.5306 667.535 667.5393 667.5317 667.5286 667.5437 667.5577 667.5354 667.4738 667.415 667.4038 667.4488 667.5148 667.5454 667.4954 667.3765 667.2648
675.1622 675.1912 675.234 675.2164 675.1262 674.9936 674.8217 674.7882 674.7963 674.6849 674.5294 674.3696 674.2188 674.0905 673.9983 673.8586 673.6359 673.3947 673.1686 672.9954 672.7971 672.5729 672.3807 672.1987 671.9552 671.564 671.161 670.9225 670.6749 670.4711 670.2437 670.0193 669.8087 669.6165 669.382 669.178 668.9956 668.7883 668.5723 668.3779 668.2268 668.1096 667.9994 667.8835 667.7739 667.6779 667.6008 667.5385 667.4884 667.4489 667.4297 667.4352 667.4456 667.4426 667.4381 667.451 667.4686 667.4528 667.3885 667.3138 667.2823 667.3169 667.3898 667.4418 667.4232 667.3281 667.2279
