backend/lakes/data/Sturgeon Lake/stur_dem_tm.asc
ncols         309
nrows         216
xllcorner     328250
yllcorner     6101400
cellsize      50
NODATA_value  -9999
[rows 120 to 149 of 216, columns 201 to 267 of 309]
668.3235 668.3741 668.4277 668.4821 668.5374 668.5961 668.6576 668.7197 668.7807 668.8413 668.8989 668.9466 668.9789 669 669 669.0153 669.0302 669.0415 669.0481 669.0519 669.0551 669.0588 669.0646 669.0729 669.0833 669.0956 669.11 669.127 669.1475 669.173 669.2045 669.2432 669.2903 669.3468 669.4118 669.4828 669.5566 669.6302 669.7009 669.767 669.8271 669.8804 669.9243 669.9574 669.9818 670 670.0161 670.0273 670.0403 670.0513 670.0553 670.0521 670.0496 670.0507 670.0592 670.0774 670.1041 670.136 670.1729 670.2213 670.2969 670.3994 670.5406 670.7322 670.9827 671.2083 671.4783
668.3529 668.4034 668.4568 668.5116 668.5668 668.6242 668.6857 668.7495 668.8123 668.8727 668.9292 668.9751 669 669.017 669.0223 669.033 669.0452 669.0555 669.063 669.0687 669.074 669.08 669.0874 669.0964 669.1075 669.1206 669.1366 669.1558 669.1792 669.2083 669.244 669.2875 669.3392 669.3998 669.468 669.5406 669.6141 669.6857 669.7526 669.8135 669.8672 669.913 669.9486 669.9727 669.9883 670 670.0114 670.0181 670.0323 670.0417 670.0413 670.0305 670.0271 670.0258 670.0281 670.036 670.049 670.0648 670.0828 670.111 670.1844 670.2799 670.4207 670.603 670.8094 671.0023 671.2502
668.38 668.431 668.4845 668.5398 668.5952 668.6517 668.7112 668.7743 668.8375 668.8978 668.9536 668.9999 669.0192 669.0313 669.0387 669.048 669.0583 669.0682 669.0763 669.0836 669.0909 669.0992 669.1086 669.1194 669.1321 669.1473 669.1658 669.1877 669.2144 669.2472 669.2872 669.3354 669.392 669.4568 669.5281 669.6021 669.6751 669.7444 669.8077 669.863 669.9097 669.947 669.9727 669.986 669.9908 669.9943 670 670 670.0198 670.0275 670.0232 670.0001 670 670 670 670 670 670 669.9998 670.0013 670.0787 670.1476 670.2814 670.4539 670.6382 670.8205 671.0447
668.4045 668.4564 668.5098 668.565 668.6213 668.6776 668.7351 668.7952 668.8559 668.9128 668.9625 669 669.0226 669.0367 669.047 669.0572 669.0678 669.078 669.087 669.0958 669.1052 669.1158 669.1277 669.141 669.1565 669.1748 669.1965 669.2219 669.2523 669.2891 669.3336 669.3867 669.4481 669.5168 669.5907 669.6654 669.7373 669.8043 669.8638 669.9131 669.9518 669.9791 669.993 669.9929 669.984 669.9756 669.9743 669.9802 669.9999 670 669.9998 669.9727 669.9659 669.9697 669.9733 669.9691 669.9554 669.9367 669.9229 669.9326 669.9962 670.0044 670.1395 670.3171 670.513 670.7318 671.0026
668.4275 668.4792 668.5328 668.5875 668.6437 668.7007 668.7571 668.8136 668.8699 668.9225 668.9672 669 669.0201 669.0353 669.0486 669.0613 669.0735 669.0848 669.0952 669.1057 669.1171 669.1299 669.1443 669.1608 669.1801 669.2025 669.2283 669.2579 669.2922 669.3335 669.3827 669.4406 669.5063 669.5784 669.654 669.7287 669.7989 669.863 669.9181 669.9609 669.9902 670.0057 670.0058 669.99 669.9647 669.9412 669.9287 669.928 669.9343 669.9299 669.9213 669.9054 669.9058 669.9196 669.9315 669.9268 669.9008 669.8604 669.8218 669.8058 669.8281 669.8652 669.9977 670.1791 670.389 670.642 670.9625
668.4493 668.5001 668.5539 668.6085 668.6637 668.7202 668.7762 668.8303 668.8818 668.9294 668.9698 669 669.0131 669.0289 669.0457 669.0618 669.0765 669.0896 669.1014 669.1136 669.127 669.142 669.159 669.1791 669.2026 669.23 669.2605 669.2947 669.3336 669.3796 669.4338 669.4962 669.5656 669.6398 669.7161 669.7897 669.8574 669.9178 669.968 670.0032 670.0214 670.0232 670.0076 669.9749 669.9321 669.8925 669.8662 669.8545 669.8489 669.8372 669.8216 669.8102 669.8177 669.8416 669.863 669.8608 669.8254 669.7638 669.6951 669.6434 669.6298 669.6666 669.7917 669.9908 670.2066 670.4485 670.7478
668.4701 668.5198 668.5728 668.6279 668.683 668.7382 668.793 668.8451 668.8928 668.9348 668.9685 668.9906 669 669.0205 669.0417 669.0613 669.0786 669.0936 669.1071 669.121 669.1361 669.1531 669.1729 669.1965 669.2246 669.2571 669.2928 669.3318 669.3756 669.4268 669.486 669.5523 669.6244 669.6996 669.7748 669.8462 669.9104 669.9662 670.0103 670.0366 670.0421 670.0283 669.9962 669.9472 669.8883 669.8335 669.7942 669.7717 669.7568 669.7383 669.7156 669.7008 669.7081 669.7356 669.7633 669.7651 669.7262 669.65 669.556 669.4692 669.4161 669.423 669.5204 669.7131 669.9745 670.2426 670.6277
668.4894 668.5389 668.5909 668.6458 668.7015 668.7563 668.8095 668.8596 668.9044 668.9421 668.9714 668.991 669 669.02 669.0419 669.0629 669.0818 669.0985 669.1136 669.129 669.1458 669.1647 669.1871 669.2144 669.2471 669.2843 669.3249 669.3685 669.4175 669.4739 669.538 669.6075 669.6807 669.7552 669.8279 669.8957 669.9553 670.005 670.0417 670.0579 670.0496 670.0193 669.9708 669.9075 669.8363 669.77 669.72 669.6886 669.6666 669.642 669.6116 669.5876 669.5862 669.6085 669.637 669.6443 669.6108 669.5344 669.4299 669.3179 669.224 669.1812 669.2313 669.4009 669.6851 670.0651 670.6692
668.5081 668.5574 668.6096 668.6638 668.7197 668.775 668.8275 668.8757 668.9177 668.9521 668.979 669 669.0103 669.0273 669.0476 669.0683 669.0878 669.1056 669.1223 669.1393 669.1576 669.1782 669.2031 669.2338 669.2705 669.312 669.3568 669.4048 669.4586 669.5201 669.5883 669.6597 669.7322 669.8041 669.8726 669.9352 669.9893 670.0319 670.0594 670.0643 670.0418 669.9957 669.9325 669.8579 669.7792 669.7063 669.6493 669.6101 669.5813 669.5507 669.5126 669.4767 669.4611 669.4722 669.4976 669.5143 669.5004 669.4464 669.3574 669.2418 669.1154 669.0121 669.0005 669.1516 669.4991 670.0571 670.8981
668.527 668.5757 668.6287 668.6836 668.7391 668.7946 668.8474 668.8947 668.9341 668.964 668.9854 669 669.0177 669.0368 669.0571 669.0775 669.0974 669.1161 669.1342 669.1527 669.1725 669.1949 669.2219 669.2555 669.2955 669.3403 669.3884 669.4404 669.4987 669.5645 669.6355 669.7073 669.777 669.844 669.9064 669.9624 670.0097 670.0443 670.0615 670.0541 670.0179 669.9577 669.8829 669.8012 669.7194 669.6455 669.5852 669.5392 669.5021 669.464 669.4183 669.3718 669.3422 669.3419 669.3672 669.4025 669.4283 669.4291 669.3944 669.3108 669.174 669.0026 668.9005 669.002 669.3817 670.0343 670.9539
668.5451 668.5957 668.6486 668.7045 668.7607 668.8159 668.8689 668.9162 668.9545 668.9808 669 669.0148 669.032 669.0508 669.0707 669.0909 669.111 669.1307 669.1502 669.1704 669.1918 669.2158 669.2448 669.2806 669.323 669.37 669.4205 669.4755 669.5374 669.6063 669.6782 669.7478 669.8125 669.8726 669.9276 669.9757 670.0151 670.0408 670.0466 670.0265 669.9778 669.9066 669.8245 669.7401 669.6595 669.5884 669.5284 669.4773 669.4304 669.3824 669.3293 669.2765 669.2405 669.2379 669.2742 669.3448 669.4382 669.5359 669.6096 669.6074 669.5022 669.2757 668.998 669.0027 669.3456 669.9911 670.8778
668.5646 668.6165 668.6716 668.7275 668.7839 668.8391 668.8915 668.9392 668.9778 669 669.0177 669.0334 669.0504 669.0689 669.0885 669.1088 669.1294 669.15 669.171 669.1927 669.2156 669.2412 669.2719 669.3094 669.3533 669.4014 669.453 669.51 669.5743 669.6445 669.715 669.7798 669.837 669.8884 669.9349 669.9746 670.0049 670.0206 670.0146 669.9819 669.9224 669.8439 669.7594 669.6775 669.6021 669.5362 669.4788 669.4243 669.3683 669.3098 669.251 669.1996 669.1715 669.1851 669.2531 669.3824 669.5775 669.8246 670.0803 670.2101 670.1724 669.8987 669.3447 669.23 669.4608 670.046 670.9378
668.5857 668.6406 668.6972 668.7543 668.8094 668.8623 668.9125 668.9591 668.9999 669.0188 669.0354 669.0526 669.071 669.0905 669.1107 669.1316 669.153 669.1747 669.197 669.2202 669.2445 669.2716 669.3036 669.3421 669.3865 669.4347 669.4865 669.5441 669.6092 669.6785 669.7449 669.802 669.8497 669.8912 669.9285 669.9592 669.9796 669.9846 669.967 669.9225 669.8542 669.7722 669.6901 669.616 669.5499 669.491 669.4368 669.3811 669.3191 669.2537 669.1951 669.1573 669.1578 669.2148 669.3427 669.5568 669.8909 670.3512 670.9123 671.2217 671.2204 670.8934 670.1973 669.7682 669.7719 670.2283 670.9818
668.61 668.6685 668.7279 668.7852 668.8382 668.886 668.9293 668.9677 669 669.0258 669.0491 669.0715 669.0939 669.1161 669.1381 669.1603 669.1829 669.2057 669.2291 669.2534 669.2789 669.307 669.3397 669.3785 669.4224 669.4696 669.5205 669.5776 669.6415 669.7076 669.7671 669.8142 669.8506 669.8815 669.9092 669.9312 669.9415 669.9349 669.9056 669.8508 669.7764 669.6946 669.6196 669.5586 669.507 669.458 669.4073 669.3518 669.2892 669.2258 669.1796 669.1731 669.2292 669.364 669.585 669.9042 670.4123 671.152 671.7441 671.9619 671.9178 671.6097 671.0676 670.4413 670.2827 670.7406 671.1897
668.6383 668.7015 668.7644 668.8222 668.8715 668.9124 668.9477 668.9769 669.0001 669.0336 669.0649 669.0938 669.121 669.147 669.1716 669.1957 669.2195 669.2433 669.2675 669.2926 669.3189 669.3475 669.3802 669.4183 669.4609 669.5063 669.5554 669.6105 669.6713 669.7317 669.7818 669.8169 669.8409 669.8611 669.8798 669.8933 669.8938 669.875 669.8335 669.7699 669.6924 669.6151 669.5524 669.5101 669.4799 669.4464 669.4012 669.3473 669.2899 669.2408 669.2255 669.2733 669.4183 669.674 670.0295 670.4551 671.1478 671.7565 672.209 672.3878 672.3416 672.1022 671.7261 671.3262 671.0491 671.1899 671.4211
668.6707 668.7396 668.807 668.8658 668.9108 668.9429 668.9728 669 669.0243 669.0565 669.0908 669.124 669.1554 669.1849 669.2123 669.2383 669.2632 669.2877 669.3124 669.3376 669.3641 669.3928 669.425 669.4617 669.5019 669.5446 669.5908 669.6425 669.6984 669.7507 669.7896 669.8116 669.8232 669.8331 669.8436 669.8491 669.8396 669.8085 669.7546 669.683 669.6052 669.5374 669.4934 669.4777 669.4783 669.47 669.4356 669.3854 669.3383 669.3174 669.3552 669.4812 669.7543 670.1858 670.7273 671.2673 671.7656 672.1898 672.4841 672.5931 672.537 672.361 672.1246 671.9076 671.6298 671.5792 671.6426
668.706 668.7809 668.8538 668.915 668.9548 668.9738 669 669.0265 669.0549 669.089 669.126 669.1632 669.1985 669.2311 669.2607 669.2878 669.3132 669.338 669.3626 669.3878 669.4142 669.4425 669.4739 669.5084 669.5457 669.5848 669.6271 669.6739 669.723 669.7656 669.7922 669.8011 669.8008 669.8015 669.8047 669.8026 669.783 669.7391 669.673 669.5939 669.5181 669.4646 669.4481 669.4708 669.5169 669.5488 669.5317 669.4891 669.4567 669.4757 669.5931 669.8138 670.2623 670.9639 671.5886 671.9335 672.2189 672.4556 672.6042 672.6311 672.5465 672.3837 672.1905 672.0068 671.8781 671.8135 671.7944
668.7421 668.8214 668.8993 668.9645 668.9999 669.0001 669.0254 669.0555 669.0895 669.1279 669.1693 669.2108 669.2498 669.2849 669.3157 669.343 669.368 669.3921 669.4164 669.4417 669.4681 669.4961 669.5262 669.5585 669.5922 669.6272 669.6645 669.7051 669.746 669.7778 669.7919 669.7881 669.7773 669.7703 669.7671 669.7574 669.7277 669.6708 669.5927 669.5073 669.4352 669.4 669.4203 669.4976 669.6119 669.7097 669.7148 669.6845 669.6676 669.7295 669.9629 670.2786 670.9342 671.6642 672.0861 672.3074 672.452 672.5488 672.5854 672.5446 672.4335 672.2765 672.1254 672.0424 671.9999 671.9427 671.8655
668.7758 668.855 668.9332 668.9999 669.0266 669.0355 669.0578 669.0896 669.1285 669.1726 669.2194 669.2654 669.3075 669.3441 669.375 669.4012 669.4248 669.4479 669.4717 669.4974 669.5244 669.5524 669.5817 669.6116 669.6416 669.672 669.7036 669.7369 669.7684 669.7892 669.7914 669.7765 669.7568 669.7432 669.7342 669.7169 669.6769 669.6072 669.5177 669.428 669.3625 669.3499 669.4146 669.5618 669.7725 669.9805 670.0123 670.0015 669.9958 670.0779 670.4449 670.926 671.4998 672.0139 672.3151 672.4481 672.4989 672.5016 672.4612 672.3792 672.2645 672.119 672.0021 672.0204 672.0542 672.0003 671.8564
668.8063 668.8789 668.9468 669 669.0345 669.0579 669.0868 669.1245 669.1702 669.2211 669.2737 669.324 669.3683 669.405 669.4344 669.4585 669.4801 669.502 669.5259 669.5527 669.5813 669.6105 669.6393 669.667 669.6934 669.7191 669.7448 669.7703 669.7921 669.8021 669.7938 669.7699 669.743 669.7236 669.7091 669.6842 669.6335 669.5523 669.4533 669.3624 669.3093 669.3268 669.4436 669.6699 669.9921 670.3441 670.4703 670.4779 670.4821 670.6212 671.0076 671.4955 671.9566 672.2665 672.4232 672.4589 672.4323 672.372 672.2834 672.1837 672.1068 672.0014 671.961 672.0005 672.0713 671.9883 671.738
668.8364 668.9009 668.9578 669 669.0375 669.0719 669.1108 669.1577 669.2123 669.2711 669.3296 669.3831 669.4279 669.4629 669.4891 669.5098 669.5291 669.5507 669.5761 669.6057 669.6378 669.6694 669.6985 669.7245 669.7474 669.7684 669.7882 669.806 669.8185 669.8188 669.802 669.7715 669.739 669.7145 669.694 669.6613 669.6006 669.5103 669.4061 669.3194 669.2878 669.3508 669.5406 669.8697 670.329 670.9168 671.1014 671.0932 671.0505 671.1883 671.5479 671.9485 672.2261 672.394 672.4444 672.4014 672.3161 672.2181 672.1093 672.0042 671.9985 671.938 671.9125 671.9389 671.9684 671.7364 671.4282
668.8677 668.9255 668.9736 669.0001 669.0399 669.0825 669.1313 669.1888 669.2533 669.3202 669.3837 669.4384 669.4816 669.5127 669.5342 669.5509 669.5686 669.5914 669.6207 669.6556 669.6934 669.7291 669.759 669.7832 669.8028 669.8196 669.8341 669.845 669.8489 669.8411 669.8179 669.7832 669.747 669.7176 669.6907 669.65 669.5813 669.4854 669.3823 669.3079 669.3092 669.4385 669.7452 670.2644 671.0286 671.7025 671.9042 671.8484 671.6531 671.851 671.9962 672.1816 672.3251 672.4028 672.3947 672.3091 672.1931 672.0901 672.0004 671.932 671.9011 671.8412 671.7742 671.7 671.5729 671.2913 670.9744
668.8969 668.9509 668.9999 669.0176 669.0484 669.0928 669.1497 669.2177 669.2921 669.3661 669.4325 669.4863 669.5254 669.5504 669.5658 669.5789 669.5969 669.6239 669.66 669.7029 669.7488 669.7904 669.8203 669.8414 669.8575 669.8707 669.8812 669.8864 669.8831 669.8688 669.8419 669.8057 669.7676 669.7338 669.7004 669.6528 669.5787 669.483 669.3882 669.335 669.376 669.5761 670.0174 670.7968 671.6647 672.1635 672.3131 672.2349 672.0784 672.1033 672.1476 672.2208 672.2877 672.3206 672.2941 672.2011 672.0808 672.0004 671.9449 671.8882 671.8251 671.7278 671.5925 671.4109 671.1597 670.8247 670.5002
668.9158 668.9594 669 669.0165 669.0488 669.099 669.1653 669.244 669.3275 669.4071 669.4744 669.5245 669.5568 669.5738 669.5828 669.5941 669.616 669.6517 669.6985 669.7504 669.8058 669.8551 669.8815 669.8964 669.9084 669.919 669.9272 669.9284 669.9196 669.9008 669.8727 669.838 669.8006 669.7637 669.7244 669.6718 669.5969 669.5081 669.4325 669.4107 669.4943 669.7387 670.207 671.0344 671.8934 672.3315 672.4415 672.3425 672.1823 672.1024 672.0817 672.109 672.1555 672.1877 672.1772 672.1074 672.001 671.9708 671.9246 671.8553 671.7593 671.6213 671.4296 671.1736 670.847 670.4699 670.1329
668.9252 668.9545 668.9814 669.0001 669.0427 669.1025 669.1791 669.2681 669.3596 669.4429 669.5086 669.5527 669.5762 669.5845 669.5889 669.6024 669.6342 669.6854 669.7472 669.8044 669.8666 669.9256 669.939 669.9427 669.951 669.96 669.9688 669.9683 669.955 669.9338 669.9077 669.8777 669.844 669.8064 669.7635 669.7089 669.6385 669.5656 669.5226 669.5536 669.7093 670.0415 670.5939 671.2919 671.9983 672.3484 672.3857 672.2339 672.0292 671.8876 671.8464 671.886 671.9622 672.0385 672.0815 672.0731 672.03 671.9999 671.9175 671.8168 671.6965 671.5402 671.3304 671.0559 670.718 670.3428 670.0078
668.9335 668.952 668.9733 669 669.0438 669.1091 669.1941 669.2916 669.3894 669.4742 669.5365 669.5731 669.5872 669.5883 669.5928 669.6163 669.6685 669.7463 669.8309 669.8783 669.931 669.9995 669.9838 669.9729 669.9813 669.9883 670 670 669.9838 669.963 669.9426 669.921 669.8951 669.8597 669.817 669.7646 669.7034 669.6545 669.6571 669.76 670.0211 670.5013 671.1442 671.8107 672.2176 672.3499 672.234 671.9738 671.6896 671.4908 671.4698 671.58 671.7297 671.8846 672.0029 672.053 672.0428 671.9985 671.8744 671.7526 671.6348 671.4994 671.3221 671.093 670.8214 670.5392 670.308
668.9456 668.9561 668.9711 669 669.048 669.1197 669.212 669.3165 669.4186 669.5035 669.5611 669.59 669.5959 669.5947 669.6085 669.657 669.7485 669.8721 669.9955 670.0042 670.0027 670.0288 670.0001 669.9825 670 670 670.0098 670.0109 670 669.9843 669.9738 669.9638 669.9499 669.9183 669.8812 669.8371 669.7866 669.7662 669.8222 670.0043 670.3786 670.9717 671.713 672.1917 672.3961 672.3177 672.0171 671.6168 671.2217 670.9344 670.9778 671.2229 671.477 671.7355 671.9403 672.0256 671.9993 671.9 671.7739 671.6693 671.592 671.5214 671.4216 671.2835 671.1265 670.9872 670.9749
668.9635 668.9706 668.9756 669.0001 669.0582 669.1378 669.2358 669.3447 669.4493 669.5332 669.5862 669.608 669.6093 669.6132 669.6511 669.7517 669.9244 670.1319 670.2917 670.2782 670.2079 670.1422 670.0638 670.0005 670.0087 670.0146 670.0208 670.0204 670.0117 670 670 670 669.9999 669.9705 669.9472 669.9202 669.8771 669.8867 669.9995 670.2533 670.687 671.2929 672.0242 672.4535 672.5364 672.2683 671.7665 671.2211 670.6943 670.2267 670.4004 670.8621 671.2264 671.6142 671.9163 671.9999 671.913 671.7964 671.6914 671.6279 671.6182 671.6496 671.6524 671.6138 671.5734 671.5638 671.7453
668.9846 668.9999 669.0001 669.0323 669.0909 669.1708 669.2694 669.379 669.4838 669.566 669.6149 669.6315 669.6311 669.646 669.7236 669.9186 670.2781 670.7574 670.755 670.6085 670.4399 670.2949 670.1748 670.0905 670.0604 670.049 670.0443 670.0393 670.0315 670.0241 670.0238 670.0244 670.0198 670.0001 670 669.9996 669.9559 670.0003 670.1759 670.5106 671.0409 671.8034 672.4532 672.7465 672.7166 672.2579 671.5309 670.8732 670.1934 669.8932 670.0182 670.507 671.022 671.5758 671.9769 671.9704 671.8773 671.796 671.7349 671.7219 671.7867 671.9543 672.0684 672.0813 672.0638 672.1508 672.491
669.0002 669.0259 669.0505 669.0896 669.1455 669.2203 669.3141 669.4203 669.5235 669.604 669.6498 669.6619 669.6596 669.6818 669.7946 670.0965 670.7731 671.0585 670.9985 670.7954 670.5842 670.4073 670.2705 670.1755 670.1223 670.0935 670.0776 670.0674 670.0587 670.0521 670.0508 670.0508 670.0463 670.0339 670.0258 670.0142 670.0006 670.1067 670.3494 670.7633 671.3714 672.2208 672.8749 673.0162 672.9479 672.3427 671.3897 670.78 670.3401 670.1068 670.1584 670.5962 671.1478 671.7703 672.1667 672.1406 672.0921 672.0615 672.0381 672.0646 672.1856 672.5182 672.8018 672.7947 672.4763 672.8165 673.1975
