backend/lakes/data/Cow Lake/cow_dem_tm.asc
ncols         91
nrows         135
xllcorner     496750
yllcorner     5785550
cellsize      50
NODATA_value  -9999
[rows 60 to 89 of 135, columns 0 to 67 of 91]
-9999 -9999 -9999 -9999 -9999 -9999 -9999 -9999 -9999 -9999 -9999 -9999 -9999 -9999 -9999 1035.419 1035.285 1035.126 1034.418 1032.711 1031.33 1030.801 1030.532 1030.414 1030.22 1030.131 1030.137 1030.22 1030.365 1030.53 1030.647 1030.714 1030.735 1030.72 1030.68 1030.618 1030.53 1030.416 1030.302 1030.219 1030.059 1029.92 1029.829 1029.759 1029.706 1029.666 1029.636 1029.617 1029.609 1029.61 1029.623 1029.624 1029.61 1029.61 1029.611 1029.623 1029.634 1029.646 1029.674 1029.739 1029.827 1029.928 1030.217 1030.196 1030.109 1030.229 1030.672 1031.908
-9999 -9999 -9999 -9999 -9999 -9999 -9999 -9999 -9999 -9999 -9999 -9999 -9999 -9999 -9999 1035.08 1035.002 1034.982 1034.449 1033.029 1031.475 1030.813 1030.531 1030.42 1030.22 1030.127 1030.136 1030.22 1030.363 1030.53 1030.636 1030.7 1030.727 1030.721 1030.684 1030.62 1030.53 1030.432 1030.328 1030.22 1030.067 1029.92 1029.826 1029.757 1029.703 1029.661 1029.628 1029.605 1029.595 1029.597 1029.61 1029.61 1029.588 1029.58 1029.582 1029.594 1029.609 1029.624 1029.65 1029.7 1029.783 1029.924 1030.219 1030.21 1030.045 1029.998 1030.273 1031.166
-9999 -9999 -9999 -9999 -9999 -9999 -9999 -9999 -9999 -9999 -9999 -9999 -9999 -9999 -9999 1035.011 1034.94 1034.999 1034.695 1033.415 1031.708 1030.851 1030.584 1030.522 1030.224 1030.127 1030.136 1030.219 1030.335 1030.527 1030.609 1030.674 1030.711 1030.713 1030.682 1030.619 1030.53 1030.432 1030.33 1030.22 1030.063 1029.92 1029.824 1029.751 1029.693 1029.646 1029.607 1029.577 1029.558 1029.55 1029.547 1029.537 1029.52 1029.514 1029.522 1029.542 1029.563 1029.584 1029.61 1029.659 1029.751 1029.921 1030.208 1030.245 1030.079 1029.931 1030.064 1030.703
-9999 -9999 -9999 -9999 -9999 -9999 -9999 -9999 -9999 -9999 -9999 -9999 -9999 -9999 -9999 1035.009 1034.856 1034.759 1034.38 1033.342 1031.753 1030.861 1030.592 1030.525 1030.227 1030.145 1030.126 1030.157 1030.222 1030.41 1030.531 1030.634 1030.69 1030.703 1030.678 1030.619 1030.53 1030.418 1030.305 1030.217 1030.035 1029.919 1029.815 1029.736 1029.674 1029.62 1029.572 1029.531 1029.5 1029.476 1029.456 1029.435 1029.417 1029.417 1029.436 1029.467 1029.498 1029.526 1029.555 1029.6 1029.674 1029.788 1029.942 1030.219 1030.175 1029.99 1029.999 1030.43
-9999 -9999 -9999 -9999 -9999 -9999 -9999 -9999 -9999 -9999 -9999 -9999 -9999 -9999 -9999 1035.064 1034.807 1034.434 1033.908 1032.884 1031.593 1030.835 1030.58 1030.529 1030.329 1030.219 1030.148 1030.149 1030.22 1030.379 1030.53 1030.625 1030.679 1030.694 1030.673 1030.62 1030.53 1030.387 1030.222 1030.097 1029.922 1029.846 1029.773 1029.705 1029.643 1029.583 1029.525 1029.471 1029.425 1029.386 1029.35 1029.316 1029.295 1029.298 1029.327 1029.37 1029.415 1029.453 1029.488 1029.534 1029.606 1029.724 1029.919 1030.209 1030.252 1030.125 1029.997 1030.165
-9999 -9999 -9999 -9999 -9999 -9999 -9999 -9999 -9999 -9999 -9999 -9999 -9999 -9999 -9999 1035.249 1034.899 1034.14 1033.484 1032.556 1031.47 1030.83 1030.575 1030.529 1030.372 1030.22 1030.148 1030.148 1030.22 1030.372 1030.53 1030.618 1030.666 1030.68 1030.661 1030.613 1030.53 1030.386 1030.22 1030.066 1029.92 1029.823 1029.744 1029.674 1029.608 1029.541 1029.47 1029.401 1029.34 1029.285 1029.235 1029.19 1029.163 1029.166 1029.202 1029.258 1029.315 1029.365 1029.409 1029.458 1029.525 1029.624 1029.763 1029.942 1030.207 1030.203 1030.084 1030.095
-9999 -9999 -9999 -9999 -9999 -9999 -9999 -9999 -9999 -9999 -9999 -9999 -9999 -9999 -9999 1035.243 1034.852 1034.057 1033.389 1032.63 1031.752 1031.044 1030.654 1030.53 1030.41 1030.22 1030.148 1030.153 1030.22 1030.361 1030.529 1030.595 1030.642 1030.657 1030.636 1030.59 1030.529 1030.381 1030.221 1030.057 1029.92 1029.815 1029.727 1029.648 1029.574 1029.496 1029.413 1029.328 1029.251 1029.182 1029.119 1029.064 1029.029 1029.03 1029.07 1029.134 1029.202 1029.263 1029.318 1029.375 1029.442 1029.526 1029.632 1029.764 1029.943 1030.218 1030.178 1030.151
-9999 -9999 -9999 -9999 -9999 -9999 -9999 -9999 -9999 -9999 -9999 -9999 -9999 -9999 -9999 -9999 1034.584 1033.999 1033.497 1033.039 1032.561 1031.67 1030.932 1030.653 1030.518 1030.225 1030.164 1030.166 1030.22 1030.301 1030.439 1030.531 1030.608 1030.629 1030.599 1030.531 1030.454 1030.328 1030.217 1030.031 1029.919 1029.809 1029.715 1029.629 1029.545 1029.456 1029.359 1029.258 1029.165 1029.082 1029.007 1028.943 1028.901 1028.899 1028.938 1029.006 1029.08 1029.151 1029.219 1029.289 1029.364 1029.448 1029.553 1029.698 1029.918 1030.208 1030.243 1030.183
-9999 -9999 -9999 -9999 -9999 -9999 -9999 -9999 -9999 -9999 -9999 -9999 -9999 -9999 -9999 -9999 1034.573 1033.995 1033.581 1033.284 1032.993 1032.484 1031.465 1030.842 1030.529 1030.292 1030.22 1030.178 1030.181 1030.221 1030.375 1030.53 1030.605 1030.618 1030.582 1030.529 1030.386 1030.223 1030.097 1029.922 1029.853 1029.78 1029.7 1029.614 1029.523 1029.424 1029.314 1029.197 1029.087 1028.989 1028.903 1028.832 1028.786 1028.779 1028.815 1028.88 1028.956 1029.034 1029.115 1029.201 1029.29 1029.38 1029.479 1029.604 1029.763 1029.944 1030.214 1030.185
-9999 -9999 -9999 -9999 -9999 -9999 -9999 -9999 -9999 -9999 -9999 -9999 -9999 -9999 -9999 -9999 1034.848 1034.033 1033.594 1033.302 1033.015 1032.576 1031.869 1030.955 1030.53 1030.305 1030.22 1030.175 1030.171 1030.22 1030.334 1030.528 1030.594 1030.599 1030.531 1030.45 1030.319 1030.218 1030.066 1029.92 1029.839 1029.773 1029.699 1029.611 1029.513 1029.404 1029.281 1029.151 1029.024 1028.91 1028.813 1028.734 1028.685 1028.675 1028.705 1028.763 1028.835 1028.916 1029.009 1029.113 1029.217 1029.314 1029.41 1029.516 1029.652 1029.831 1030.067 1030.139
-9999 -9999 -9999 -9999 -9999 -9999 -9999 -9999 -9999 -9999 -9999 -9999 -9999 -9999 -9999 -9999 -9999 1034.141 1033.641 1033.23 1032.835 1032.326 1031.625 1030.992 1030.531 1030.302 1030.22 1030.167 1030.146 1030.164 1030.223 1030.41 1030.53 1030.583 1030.529 1030.385 1030.222 1030.141 1030.029 1029.92 1029.85 1029.788 1029.714 1029.623 1029.516 1029.396 1029.263 1029.121 1028.979 1028.851 1028.74 1028.654 1028.601 1028.589 1028.613 1028.661 1028.724 1028.803 1028.905 1029.024 1029.144 1029.249 1029.338 1029.425 1029.532 1029.683 1029.883 1030.066
-9999 -9999 -9999 -9999 -9999 -9999 -9999 -9999 -9999 -9999 -9999 -9999 -9999 -9999 -9999 -9999 -9999 -9999 1033.886 1033.231 1032.703 1032.189 1031.625 1031.103 1030.542 1030.293 1030.22 1030.159 1030.13 1030.146 1030.219 1030.331 1030.453 1030.529 1030.455 1030.326 1030.219 1030.114 1030.011 1029.92 1029.876 1029.819 1029.744 1029.647 1029.532 1029.401 1029.259 1029.107 1028.955 1028.813 1028.688 1028.593 1028.537 1028.523 1028.542 1028.579 1028.629 1028.702 1028.808 1028.94 1029.073 1029.183 1029.264 1029.327 1029.396 1029.501 1029.67 1029.909
-9999 -9999 -9999 -9999 -9999 -9999 -9999 -9999 -9999 -9999 -9999 -9999 -9999 -9999 -9999 -9999 -9999 -9999 1034.081 1033.272 1032.681 1032.182 1031.681 1031.134 1030.536 1030.278 1030.22 1030.144 1030.099 1030.102 1030.149 1030.221 1030.323 1030.363 1030.32 1030.221 1030.159 1030.086 1030.012 1029.952 1029.92 1029.859 1029.779 1029.679 1029.557 1029.418 1029.267 1029.109 1028.949 1028.797 1028.661 1028.555 1028.493 1028.477 1028.492 1028.52 1028.557 1028.62 1028.725 1028.864 1029.006 1029.119 1029.19 1029.228 1029.257 1029.312 1029.437 1029.678
-9999 -9999 -9999 -9999 -9999 -9999 -9999 -9999 -9999 -9999 -9999 -9999 -9999 -9999 -9999 -9999 -9999 -9999 1034.493 1033.501 1032.842 1032.368 1031.926 1031.301 1030.582 1030.288 1030.219 1030.113 1030.049 1030.041 1030.08 1030.146 1030.22 1030.221 1030.22 1030.17 1030.124 1030.071 1030.015 1029.964 1029.92 1029.884 1029.811 1029.711 1029.587 1029.444 1029.288 1029.124 1028.96 1028.801 1028.656 1028.541 1028.47 1028.45 1028.463 1028.484 1028.51 1028.561 1028.659 1028.801 1028.948 1029.063 1029.126 1029.145 1029.146 1029.17 1029.281 1029.566
-9999 -9999 -9999 -9999 -9999 -9999 -9999 -9999 -9999 -9999 -9999 -9999 -9999 -9999 -9999 -9999 -9999 -9999 1035.18 1033.931 1033.193 1032.787 1032.55 1032.071 1030.981 1030.42 1030.218 1030.062 1029.981 1029.97 1030.011 1030.076 1030.139 1030.16 1030.167 1030.145 1030.112 1030.072 1030.028 1029.985 1029.95 1029.92 1029.843 1029.742 1029.62 1029.477 1029.318 1029.152 1028.985 1028.823 1028.673 1028.549 1028.47 1028.443 1028.452 1028.471 1028.49 1028.529 1028.617 1028.754 1028.903 1029.019 1029.078 1029.09 1029.081 1029.103 1029.231 1029.569
-9999 -9999 -9999 -9999 -9999 -9999 -9999 -9999 -9999 -9999 -9999 -9999 -9999 -9999 -9999 -9999 -9999 -9999 1035.715 1034.307 1033.61 1033.344 1033.282 1033.029 1031.597 1030.613 1030.217 1030.002 1029.908 1029.901 1029.952 1030.027 1030.097 1030.136 1030.151 1030.143 1030.119 1030.085 1030.045 1030.003 1029.962 1029.92 1029.86 1029.77 1029.653 1029.513 1029.357 1029.19 1029.022 1028.859 1028.708 1028.579 1028.491 1028.455 1028.46 1028.479 1028.496 1028.526 1028.6 1028.727 1028.874 1028.991 1029.053 1029.066 1029.066 1029.11 1029.282 1029.687
-9999 -9999 -9999 -9999 -9999 -9999 -9999 -9999 -9999 -9999 -9999 -9999 -9999 -9999 -9999 -9999 -9999 -9999 -9999 1034.82 1034.048 1033.73 1033.553 1033.056 1031.878 1030.76 1030.224 1029.954 1029.845 1029.846 1029.913 1030.006 1030.09 1030.142 1030.161 1030.159 1030.139 1030.107 1030.067 1030.023 1029.974 1029.92 1029.881 1029.802 1029.69 1029.554 1029.401 1029.237 1029.069 1028.907 1028.758 1028.629 1028.535 1028.489 1028.486 1028.504 1028.523 1028.55 1028.612 1028.725 1028.863 1028.981 1029.048 1029.072 1029.091 1029.169 1029.397 1029.879
-9999 -9999 -9999 -9999 -9999 -9999 -9999 -9999 -9999 -9999 -9999 -9999 -9999 -9999 -9999 -9999 -9999 -9999 -9999 1035.369 1034.538 1034.04 1033.692 1032.927 1031.647 1030.694 1030.201 1029.904 1029.792 1029.808 1029.897 1030.013 1030.115 1030.173 1030.188 1030.187 1030.167 1030.135 1030.096 1030.051 1030.003 1029.956 1029.92 1029.842 1029.732 1029.598 1029.449 1029.29 1029.124 1028.964 1028.819 1028.694 1028.598 1028.544 1028.533 1028.549 1028.571 1028.599 1028.652 1028.749 1028.875 1028.992 1029.067 1029.105 1029.144 1029.251 1029.521 1030.065
-9999 -9999 -9999 -9999 -9999 -9999 -9999 -9999 -9999 -9999 -9999 -9999 -9999 -9999 -9999 -9999 -9999 -9999 -9999 1035.957 1035.011 1034.392 1033.894 1032.895 1031.505 1030.546 1030.057 1029.814 1029.742 1029.787 1029.903 1030.043 1030.165 1030.22 1030.22 1030.22 1030.196 1030.164 1030.127 1030.083 1030.032 1029.978 1029.92 1029.872 1029.773 1029.643 1029.499 1029.345 1029.187 1029.031 1028.89 1028.772 1028.679 1028.62 1028.601 1028.612 1028.637 1028.67 1028.719 1028.8 1028.911 1029.025 1029.11 1029.165 1029.225 1029.347 1029.618 1030.151
-9999 -9999 -9999 -9999 -9999 -9999 -9999 -9999 -9999 -9999 -9999 -9999 -9999 -9999 -9999 -9999 -9999 -9999 -9999 1036.269 1035.176 1034.448 1033.885 1032.848 1031.397 1030.417 1029.953 1029.759 1029.724 1029.793 1029.925 1030.081 1030.219 1030.262 1030.26 1030.247 1030.22 1030.192 1030.16 1030.117 1030.066 1030.013 1029.963 1029.92 1029.814 1029.685 1029.545 1029.401 1029.252 1029.105 1028.971 1028.861 1028.775 1028.716 1028.69 1028.695 1028.722 1028.759 1028.808 1028.878 1028.975 1029.083 1029.18 1029.258 1029.345 1029.489 1029.762 1030.307
-9999 -9999 -9999 -9999 -9999 -9999 -9999 -9999 -9999 -9999 -9999 -9999 -9999 -9999 -9999 -9999 -9999 -9999 -9999 1035.788 1034.904 1034.14 1033.622 1032.743 1031.326 1030.37 1029.946 1029.782 1029.761 1029.83 1029.955 1030.099 1030.22 1030.272 1030.281 1030.27 1030.247 1030.22 1030.192 1030.149 1030.094 1030.036 1029.98 1029.92 1029.829 1029.713 1029.585 1029.453 1029.319 1029.185 1029.061 1028.958 1028.882 1028.829 1028.8 1028.8 1028.824 1028.865 1028.916 1028.981 1029.066 1029.168 1029.274 1029.38 1029.505 1029.686 1029.967 1030.619
-9999 -9999 -9999 -9999 -9999 -9999 -9999 -9999 -9999 -9999 -9999 -9999 -9999 -9999 -9999 -9999 -9999 -9999 -9999 1034.572 1034.134 1033.762 1033.331 1032.543 1031.187 1030.298 1030.018 1029.883 1029.849 1029.895 1029.995 1030.116 1030.22 1030.272 1030.288 1030.284 1030.268 1030.246 1030.22 1030.174 1030.112 1030.044 1029.98 1029.92 1029.836 1029.733 1029.619 1029.502 1029.384 1029.268 1029.158 1029.065 1028.999 1028.954 1028.929 1028.926 1028.947 1028.988 1029.041 1029.103 1029.179 1029.274 1029.384 1029.511 1029.671 1029.906 1030.194 1030.775
-9999 -9999 -9999 -9999 -9999 -9999 -9999 -9999 -9999 -9999 -9999 -9999 -9999 -9999 -9999 -9999 -9999 -9999 -9999 1033.515 1033.525 1033.396 1032.985 1032.094 1030.984 1030.377 1030.211 1030.037 1029.962 1029.972 1030.04 1030.134 1030.22 1030.265 1030.286 1030.29 1030.28 1030.257 1030.22 1030.189 1030.119 1030.036 1029.964 1029.92 1029.838 1029.746 1029.648 1029.547 1029.448 1029.351 1029.259 1029.18 1029.123 1029.089 1029.072 1029.071 1029.09 1029.128 1029.179 1029.239 1029.308 1029.395 1029.503 1029.628 1029.765 1029.925 1030.249 1030.897
-9999 -9999 -9999 -9999 -9999 -9999 -9999 -9999 -9999 -9999 -9999 -9999 -9999 -9999 -9999 -9999 -9999 -9999 1032.929 1033.016 1033.176 1033.149 1032.72 1031.612 1030.754 1030.373 1030.221 1030.113 1030.047 1030.037 1030.076 1030.146 1030.22 1030.251 1030.275 1030.29 1030.293 1030.281 1030.256 1030.22 1030.124 1030.016 1029.92 1029.881 1029.822 1029.748 1029.671 1029.59 1029.51 1029.433 1029.361 1029.298 1029.252 1029.228 1029.223 1029.231 1029.251 1029.285 1029.33 1029.383 1029.446 1029.528 1029.637 1029.771 1029.917 1030.067 1030.426 1031.182
-9999 -9999 -9999 -9999 -9999 -9999 -9999 -9999 -9999 -9999 -9999 -9999 -9999 -9999 -9999 -9999 -9999 -9999 1032.999 1033.01 1033.069 1032.971 1032.378 1031.432 1030.837 1030.529 1030.336 1030.219 1030.13 1030.094 1030.098 1030.136 1030.188 1030.22 1030.257 1030.286 1030.302 1030.3 1030.276 1030.22 1030.115 1030.004 1029.92 1029.865 1029.81 1029.749 1029.689 1029.63 1029.57 1029.512 1029.46 1029.415 1029.383 1029.37 1029.377 1029.397 1029.424 1029.456 1029.491 1029.532 1029.584 1029.663 1029.777 1029.92 1030.064 1030.264 1030.737 1031.614
-9999 -9999 -9999 -9999 -9999 -9999 -9999 -9999 -9999 -9999 -9999 -9999 -9999 -9999 -9999 -9999 -9999 -9999 1033.034 1033.037 1033 1032.786 1032.248 1031.546 1031.131 1030.821 1030.537 1030.346 1030.22 1030.151 1030.112 1030.122 1030.166 1030.22 1030.247 1030.281 1030.307 1030.313 1030.289 1030.22 1030.095 1029.979 1029.92 1029.854 1029.798 1029.749 1029.705 1029.666 1029.627 1029.588 1029.554 1029.526 1029.508 1029.507 1029.526 1029.559 1029.597 1029.631 1029.656 1029.68 1029.717 1029.794 1029.922 1030.081 1030.215 1030.44 1031.011 1031.864
-9999 -9999 -9999 -9999 -9999 -9999 -9999 -9999 -9999 -9999 -9999 -9999 -9999 -9999 -9999 -9999 -9999 -9999 1033.047 1033.058 1032.999 1032.752 1032.318 1031.816 1031.461 1031.127 1030.826 1030.538 1030.351 1030.218 1030.116 1030.098 1030.13 1030.181 1030.22 1030.271 1030.308 1030.322 1030.299 1030.22 1030.06 1029.921 1029.868 1029.82 1029.778 1029.745 1029.718 1029.697 1029.679 1029.659 1029.64 1029.626 1029.622 1029.632 1029.66 1029.704 1029.754 1029.795 1029.81 1029.818 1029.835 1029.922 1030.097 1030.218 1030.252 1030.594 1031.381 1031.926
-9999 -9999 -9999 -9999 -9999 -9999 -9999 -9999 -9999 -9999 -9999 -9999 -9999 -9999 -9999 -9999 -9999 -9999 -9999 1033.055 1033 1032.798 1032.469 1032.048 1031.581 1031.301 1031.123 1030.824 1030.527 1030.233 1030.111 1030.083 1030.104 1030.158 1030.22 1030.268 1030.304 1030.321 1030.302 1030.22 1030.024 1029.919 1029.836 1029.785 1029.755 1029.737 1029.729 1029.725 1029.725 1029.722 1029.716 1029.712 1029.718 1029.737 1029.77 1029.818 1029.871 1029.92 1029.92 1029.92 1029.92 1030.045 1030.219 1030.195 1030.314 1030.997 1031.641 1032.013
-9999 -9999 -9999 -9999 -9999 -9999 -9999 -9999 -9999 -9999 -9999 -9999 -9999 -9999 -9999 -9999 -9999 -9999 -9999 1033.034 1033 1032.889 1032.718 1032.49 1032.132 1031.665 1031.479 1031.165 1030.824 1030.503 1030.224 1030.128 1030.103 1030.144 1030.22 1030.256 1030.289 1030.302 1030.284 1030.214 1029.927 1029.833 1029.777 1029.745 1029.732 1029.73 1029.738 1029.751 1029.765 1029.775 1029.78 1029.783 1029.794 1029.816 1029.848 1029.886 1029.92 1029.942 1029.934 1029.927 1029.947 1030.06 1030.218 1030.231 1030.718 1031.522 1031.949 1032.165
-9999 -9999 -9999 -9999 -9999 -9999 -9999 -9999 -9999 -9999 -9999 -9999 -9999 -9999 -9999 -9999 -9999 -9999 -9999 -9999 1032.997 1032.97 1032.953 1032.989 1032.885 1032.439 1032.041 1031.69 1031.185 1030.718 1030.4 1030.216 1030.108 1030.111 1030.171 1030.22 1030.261 1030.265 1030.22 1030.137 1029.92 1029.799 1029.739 1029.717 1029.716 1029.728 1029.748 1029.772 1029.798 1029.817 1029.829 1029.837 1029.849 1029.87 1029.896 1029.92 1029.929 1029.919 1029.893 1029.873 1029.889 1029.972 1030.102 1030.271 1030.947 1031.406 1031.948 1032.184
