backend/lakes/data/Cow Lake/cow_dem_tm.asc
ncols         91
nrows         135
xllcorner     496750
yllcorner     5785550
cellsize      50
NODATA_value  -9999
[rows 30 to 59 of 135, columns 0 to 67 of 91]
-9999 -9999 -9999 -9999 -9999 -9999 -9999 -9999 -9999 -9999 -9999 -9999 -9999 -9999 -9999 -9999 -9999 -9999 -9999 -9999 -9999 -9999 -9999 1042.607 1038.736 1035.792 1033.595 1031.866 1031.111 1030.803 1030.526 1030.344 1030.221 1030.19 1030.192 1030.22 1030.22 1030.126 1029.979 1029.759 1029.506 1029.27 1029.08 1028.945 1028.865 1028.824 1028.806 1028.799 1028.801 1028.825 1028.895 1029.026 1029.22 1029.449 1029.68 1029.901 1030.082 1030.214 1030.297 1030.735 1031.97 1034.126 1036.917 1040.146 1043.805 1047.955 1052.477 -9999
-9999 -9999 -9999 -9999 -9999 -9999 -9999 -9999 -9999 -9999 -9999 -9999 -9999 -9999 -9999 -9999 -9999 -9999 -9999 -9999 -9999 -9999 -9999 1043.714 1039.61 1036.288 1033.721 1031.732 1030.852 1030.539 1030.378 1030.27 1030.22 1030.196 1030.22 1030.276 1030.29 1030.221 1030.089 1029.831 1029.522 1029.229 1028.994 1028.827 1028.723 1028.663 1028.625 1028.592 1028.564 1028.554 1028.591 1028.701 1028.895 1029.147 1029.421 1029.685 1029.905 1030.076 1030.212 1030.316 1030.835 1032.281 1034.774 1038.064 1041.973 1046.412 1051.087 -9999
-9999 -9999 -9999 -9999 -9999 -9999 -9999 -9999 -9999 -9999 -9999 -9999 -9999 -9999 -9999 -9999 -9999 -9999 -9999 -9999 -9999 -9999 1049.453 1045.029 1040.704 1036.981 1034.019 1031.809 1030.825 1030.521 1030.318 1030.22 1030.196 1030.22 1030.295 1030.36 1030.379 1030.334 1030.214 1029.901 1029.537 1029.195 1028.918 1028.722 1028.598 1028.524 1028.472 1028.423 1028.372 1028.332 1028.335 1028.417 1028.601 1028.866 1029.168 1029.461 1029.704 1029.888 1030.046 1030.202 1030.388 1031.256 1033.314 1036.519 1040.519 1045.032 1049.63 1053.787
-9999 -9999 -9999 -9999 -9999 -9999 -9999 -9999 -9999 -9999 -9999 -9999 -9999 -9999 -9999 -9999 -9999 -9999 -9999 -9999 -9999 -9999 1050.76 1046.372 1041.875 1037.779 1034.42 1031.997 1030.851 1030.522 1030.284 1030.22 1030.22 1030.31 1030.408 1030.452 1030.449 1030.383 1030.22 1029.909 1029.525 1029.149 1028.841 1028.62 1028.48 1028.396 1028.339 1028.285 1028.226 1028.167 1028.14 1028.193 1028.361 1028.628 1028.947 1029.256 1029.506 1029.683 1029.834 1029.989 1030.215 1030.836 1032.483 1035.491 1039.459 1043.903 1048.284 1052.044
-9999 -9999 -9999 -9999 -9999 -9999 -9999 -9999 -9999 -9999 -9999 -9999 -9999 -9999 -9999 -9999 -9999 -9999 -9999 -9999 -9999 -9999 1051.932 1047.611 1042.998 1038.589 1034.828 1032.099 1030.836 1030.497 1030.223 1030.22 1030.307 1030.432 1030.529 1030.522 1030.49 1030.403 1030.22 1029.901 1029.501 1029.098 1028.761 1028.52 1028.365 1028.273 1028.217 1028.171 1028.117 1028.054 1028.011 1028.04 1028.187 1028.448 1028.774 1029.09 1029.338 1029.506 1029.655 1029.848 1030.165 1030.605 1031.957 1034.641 1038.504 1042.845 1047.019 1050.397
-9999 -9999 -9999 -9999 -9999 -9999 -9999 -9999 -9999 -9999 -9999 -9999 -9999 -9999 -9999 -9999 -9999 -9999 -9999 -9999 -9999 -9999 1052.796 1048.585 1043.928 1039.306 1035.251 1032.224 1030.741 1030.312 1030.22 1030.22 1030.399 1030.53 1030.569 1030.53 1030.494 1030.405 1030.219 1029.892 1029.476 1029.049 1028.686 1028.424 1028.255 1028.155 1028.103 1028.072 1028.035 1027.984 1027.939 1027.955 1028.08 1028.331 1028.656 1028.969 1029.208 1029.37 1029.494 1029.66 1029.922 1030.403 1031.741 1033.844 1037.432 1041.608 1045.677 1048.874
-9999 -9999 -9999 -9999 -9999 -9999 -9999 -9999 -9999 -9999 -9999 -9999 -9999 -9999 -9999 -9999 -9999 -9999 -9999 -9999 -9999 -9999 1053.284 1049.236 1044.622 1039.916 1035.688 1032.422 1030.734 1030.226 1030.22 1030.236 1030.523 1030.61 1030.595 1030.53 1030.489 1030.403 1030.219 1029.883 1029.454 1029.007 1028.622 1028.342 1028.16 1028.052 1028.004 1027.991 1027.977 1027.946 1027.913 1027.927 1028.033 1028.265 1028.583 1028.887 1029.118 1029.279 1029.396 1029.552 1029.824 1030.378 1031.671 1033.102 1036.227 1040.192 1044.274 1047.563
-9999 -9999 -9999 -9999 -9999 -9999 -9999 -9999 -9999 -9999 -9999 -9999 -9999 -9999 -9999 -9999 -9999 -9999 -9999 -9999 -9999 -9999 1053.549 1049.698 1045.19 1040.481 1036.145 1032.688 1030.796 1030.214 1030.222 1030.51 1030.649 1030.671 1030.615 1030.53 1030.483 1030.401 1030.219 1029.875 1029.433 1028.97 1028.57 1028.278 1028.089 1027.977 1027.932 1027.938 1027.947 1027.937 1027.923 1027.942 1028.027 1028.234 1028.538 1028.827 1029.051 1029.224 1029.36 1029.518 1029.78 1030.231 1030.982 1032.142 1034.885 1038.715 1042.92 1046.554
-9999 -9999 -9999 -9999 -9999 -9999 -9999 -9999 -9999 -9999 -9999 -9999 -9999 -9999 -9999 -9999 -9999 -9999 -9999 -9999 -9999 -9999 1053.713 1050.084 1045.692 1040.994 1036.579 1032.992 1030.888 1030.214 1030.22 1030.528 1030.673 1030.689 1030.623 1030.53 1030.478 1030.397 1030.219 1029.866 1029.412 1028.938 1028.529 1028.235 1028.047 1027.938 1027.901 1027.925 1027.957 1027.962 1027.959 1027.986 1028.042 1028.218 1028.498 1028.77 1028.984 1029.174 1029.354 1029.521 1029.774 1030.163 1030.503 1031.406 1033.78 1037.426 1041.722 1045.763
-9999 -9999 -9999 -9999 -9999 -9999 -9999 -9999 -9999 -9999 -9999 -9999 -9999 -9999 -9999 -9999 -9999 -9999 -9999 -9999 -9999 -9999 1053.783 1050.394 1046.131 1041.44 1036.926 1033.19 1030.945 1030.213 1030.22 1030.526 1030.672 1030.69 1030.626 1030.53 1030.467 1030.384 1030.219 1029.854 1029.388 1028.909 1028.499 1028.211 1028.036 1027.94 1027.915 1027.96 1028.014 1028.025 1028.01 1028.012 1028.056 1028.201 1028.445 1028.698 1028.9 1029.105 1029.304 1029.498 1029.677 1029.91 1030.212 1031.002 1033.106 1036.567 1040.903 1045.332
-9999 -9999 -9999 -9999 -9999 -9999 -9999 -9999 -9999 -9999 -9999 -9999 -9999 -9999 -9999 -9999 -9999 -9999 -9999 -9999 -9999 -9999 1053.644 1050.516 1046.453 1041.832 1037.244 1033.34 1030.991 1030.208 1030.224 1030.526 1030.669 1030.691 1030.631 1030.53 1030.439 1030.339 1030.209 1029.828 1029.359 1028.886 1028.484 1028.208 1028.054 1027.982 1027.978 1028.043 1028.123 1028.142 1028.106 1028.077 1028.103 1028.194 1028.385 1028.607 1028.801 1029.015 1029.244 1029.44 1029.62 1029.812 1030.157 1030.856 1032.851 1036.252 1040.584 1045.19
-9999 -9999 -9999 -9999 -9999 -9999 -9999 -9999 -9999 -9999 -9999 -9999 -9999 -9999 -9999 -9999 -9999 -9999 -9999 -9999 -9999 -9999 1053.193 1050.43 1046.664 1042.23 1037.669 1033.649 1031.121 1030.231 1030.364 1030.56 1030.677 1030.696 1030.637 1030.53 1030.393 1030.223 1030.07 1029.745 1029.32 1028.878 1028.497 1028.237 1028.106 1028.063 1028.085 1028.17 1028.276 1028.308 1028.253 1028.177 1028.148 1028.189 1028.334 1028.509 1028.698 1028.925 1029.189 1029.426 1029.621 1029.823 1030.176 1031.011 1033.191 1036.64 1040.891 1045.441
-9999 -9999 -9999 -9999 -9999 -9999 -9999 -9999 -9999 -9999 -9999 -9999 -9999 -9999 -9999 -9999 -9999 -9999 -9999 -9999 -9999 -9999 1052.377 1050.115 1046.778 1042.651 1038.216 1034.132 1031.343 1030.228 1030.223 1030.526 1030.671 1030.699 1030.641 1030.53 1030.389 1030.219 1030.006 1029.694 1029.307 1028.904 1028.552 1028.31 1028.199 1028.186 1028.235 1028.34 1028.462 1028.512 1028.446 1028.33 1028.251 1028.251 1028.327 1028.443 1028.611 1028.858 1029.161 1029.456 1029.728 1029.981 1030.355 1031.518 1034.111 1037.751 1041.912 1046.277
-9999 -9999 -9999 -9999 -9999 -9999 -9999 -9999 -9999 -9999 -9999 -9999 -9999 -9999 -9999 -9999 -9999 -9999 -9999 -9999 -9999 -9999 1051.258 1049.658 1046.832 1043.038 1038.719 1034.521 1031.549 1030.255 1030.218 1030.525 1030.674 1030.703 1030.645 1030.53 1030.391 1030.219 1029.987 1029.686 1029.332 1028.969 1028.653 1028.432 1028.337 1028.349 1028.426 1028.547 1028.681 1028.739 1028.668 1028.522 1028.397 1028.342 1028.36 1028.438 1028.572 1028.826 1029.151 1029.49 1029.858 1030.249 1030.68 1032.339 1035.477 1039.35 1043.408 1047.47
-9999 -9999 -9999 -9999 -9999 -9999 -9999 -9999 -9999 -9999 -9999 -9999 -9999 -9999 -9999 -9999 -9999 -9999 -9999 -9999 -9999 -9999 -9999 1048.982 1046.692 1043.258 1039.141 1034.972 1031.782 1030.301 1030.219 1030.525 1030.677 1030.708 1030.648 1030.53 1030.391 1030.22 1029.993 1029.713 1029.392 1029.071 1028.794 1028.599 1028.517 1028.547 1028.649 1028.784 1028.921 1028.988 1028.915 1028.746 1028.583 1028.488 1028.455 1028.49 1028.617 1028.823 1029.107 1029.389 1029.697 1030.2 1031.115 1033.404 1037.066 1041.115 1045.023 1048.697
-9999 -9999 -9999 -9999 -9999 -9999 -9999 -9999 -9999 -9999 -9999 -9999 -9999 -9999 -9999 -9999 -9999 -9999 -9999 -9999 -9999 -9999 -9999 1048.029 1046.195 1043.102 1039.236 1035.171 1031.906 1030.335 1030.219 1030.525 1030.68 1030.713 1030.653 1030.53 1030.385 1030.22 1030.015 1029.765 1029.482 1029.202 1028.966 1028.802 1028.733 1028.771 1028.89 1029.037 1029.172 1029.24 1029.185 1029.007 1028.818 1028.693 1028.623 1028.605 1028.665 1028.813 1028.903 1029.091 1029.456 1030.19 1031.627 1034.51 1038.521 1042.675 1046.391 1049.609
-9999 -9999 -9999 -9999 -9999 -9999 -9999 -9999 -9999 -9999 -9999 -9999 -9999 -9999 -9999 -9999 -9999 -9999 -9999 -9999 -9999 -9999 -9999 1046.735 1045.05 1042.235 1038.696 1034.913 1031.805 1030.331 1030.219 1030.525 1030.684 1030.721 1030.661 1030.53 1030.371 1030.22 1030.041 1029.828 1029.589 1029.352 1029.157 1029.026 1028.972 1029.01 1029.134 1029.287 1029.416 1029.48 1029.439 1029.293 1029.103 1028.958 1028.867 1028.794 1028.747 1028.731 1028.726 1028.858 1029.28 1030.221 1032.061 1035.371 1039.584 1043.797 1047.383 1050.217
-9999 -9999 -9999 -9999 -9999 -9999 -9999 -9999 -9999 -9999 -9999 -9999 -9999 -9999 -9999 -9999 -9999 -9999 -9999 -9999 -9999 -9999 -9999 1044.662 1043.006 1040.495 1037.384 1034.063 1031.422 1030.291 1030.22 1030.526 1030.687 1030.729 1030.671 1030.53 1030.331 1030.218 1030.056 1029.882 1029.695 1029.508 1029.354 1029.257 1029.22 1029.255 1029.367 1029.515 1029.634 1029.689 1029.664 1029.554 1029.396 1029.257 1029.165 1029.071 1028.96 1028.836 1028.743 1028.817 1029.235 1030.264 1032.296 1035.773 1040.077 1044.376 1048.016 1050.763
-9999 -9999 -9999 -9999 -9999 -9999 -9999 -9999 -9999 -9999 -9999 -9999 -9999 -9999 -9999 -9999 -9999 -9999 -9999 -9999 -9999 -9999 1042.688 1042.029 1040.421 1038.274 1035.666 1032.903 1030.878 1030.163 1030.218 1030.525 1030.687 1030.733 1030.68 1030.526 1030.227 1030.128 1030.028 1029.912 1029.783 1029.652 1029.542 1029.477 1029.458 1029.49 1029.579 1029.706 1029.81 1029.853 1029.839 1029.767 1029.651 1029.535 1029.46 1029.379 1029.25 1029.098 1028.96 1028.961 1029.316 1030.312 1032.339 1035.745 1039.989 1044.377 1048.199 1051.05
-9999 -9999 -9999 -9999 -9999 -9999 -9999 -9999 -9999 -9999 -9999 -9999 -9999 -9999 -9999 -9999 -9999 -9999 -9999 -9999 -9999 1040.24 1040.101 1039.271 1037.839 1036.121 1033.995 1031.825 1030.461 1030.102 1030.232 1030.529 1030.688 1030.729 1030.675 1030.528 1030.223 1030.094 1030.015 1029.938 1029.855 1029.774 1029.707 1029.672 1029.667 1029.693 1029.757 1029.846 1029.924 1029.958 1029.949 1029.909 1029.838 1029.76 1029.701 1029.657 1029.556 1029.401 1029.253 1029.216 1029.472 1030.321 1032.116 1035.243 1039.319 1043.745 1047.739 1050.703
-9999 -9999 -9999 -9999 -9999 -9999 -9999 -9999 -9999 -9999 -9999 -9999 -9999 -9999 -9999 -9999 -9999 -9999 -9999 1037.824 1037.874 1037.957 1037.626 1036.851 1035.705 1034.402 1032.694 1031.059 1030.236 1030.217 1030.508 1030.653 1030.725 1030.717 1030.639 1030.521 1030.225 1030.091 1030.017 1029.961 1029.91 1029.865 1029.835 1029.826 1029.829 1029.845 1029.878 1029.925 1029.964 1029.983 1029.981 1029.965 1029.935 1029.897 1029.871 1029.842 1029.807 1029.705 1029.566 1029.49 1029.63 1030.244 1031.708 1034.469 1038.269 1042.615 1046.7 1049.79
-9999 -9999 -9999 -9999 -9999 -9999 -9999 -9999 -9999 -9999 -9999 -9999 -9999 -9999 -9999 -9999 -9999 1037.022 1036.901 1036.674 1036.37 1036.172 1035.772 1035.021 1034.067 1033.005 1031.607 1030.518 1030.127 1030.232 1030.531 1030.695 1030.74 1030.682 1030.533 1030.373 1030.218 1030.091 1030.018 1029.973 1029.941 1029.918 1029.91 1029.92 1029.92 1029.92 1029.92 1029.92 1029.92 1029.92 1029.92 1029.92 1029.92 1029.92 1029.92 1029.92 1029.92 1029.91 1029.836 1029.766 1029.809 1030.204 1031.336 1033.684 1037.099 1041.236 1045.356 1048.586
-9999 -9999 -9999 -9999 -9999 -9999 -9999 -9999 -9999 -9999 -9999 -9999 -9999 -9999 -9999 -9999 1036.657 1036.388 1036.101 1035.911 1035.467 1034.96 1034.398 1033.577 1032.702 1031.784 1030.953 1030.364 1030.22 1030.508 1030.67 1030.763 1030.773 1030.694 1030.525 1030.228 1030.122 1030.051 1030.002 1029.969 1029.946 1029.931 1029.92 1029.92 1029.909 1029.886 1029.853 1029.812 1029.773 1029.767 1029.769 1029.771 1029.777 1029.786 1029.796 1029.812 1029.849 1029.917 1029.918 1029.92 1029.919 1030.113 1030.951 1032.864 1035.869 1039.732 1043.801 1047.141
-9999 -9999 -9999 -9999 -9999 -9999 -9999 -9999 -9999 -9999 -9999 -9999 -9999 -9999 -9999 -9999 1036.255 1036.002 1035.678 1035.32 1034.706 1033.862 1033.065 1032.356 1031.671 1031.032 1030.536 1030.221 1030.221 1030.528 1030.711 1030.796 1030.793 1030.705 1030.527 1030.221 1030.098 1030.035 1029.994 1029.961 1029.936 1029.92 1029.9 1029.881 1029.851 1029.806 1029.748 1029.682 1029.611 1029.61 1029.61 1029.61 1029.61 1029.61 1029.61 1029.611 1029.611 1029.614 1029.618 1029.722 1029.761 1029.919 1030.511 1031.966 1034.57 1038.08 1041.945 1045.301
-9999 -9999 -9999 -9999 -9999 -9999 -9999 -9999 -9999 -9999 -9999 -9999 -9999 -9999 -9999 1036.238 1036.01 1035.836 1035.399 1034.81 1033.819 1032.862 1032.12 1031.517 1031.021 1030.67 1030.367 1030.17 1030.222 1030.527 1030.716 1030.8 1030.792 1030.701 1030.526 1030.226 1030.128 1030.059 1030.005 1029.96 1029.92 1029.892 1029.863 1029.829 1029.784 1029.727 1029.662 1029.61 1029.559 1029.542 1029.535 1029.529 1029.522 1029.516 1029.507 1029.497 1029.485 1029.482 1029.511 1029.609 1029.647 1029.803 1030.164 1031.213 1033.278 1036.364 1039.949 1043.28
-9999 -9999 -9999 -9999 -9999 -9999 -9999 -9999 -9999 -9999 -9999 -9999 -9999 -9999 -9999 1036.216 1036.13 1035.96 1035.265 1034.317 1032.995 1032.08 1031.477 1031.014 1030.71 1030.501 1030.223 1030.124 1030.222 1030.527 1030.71 1030.787 1030.774 1030.685 1030.53 1030.322 1030.219 1030.113 1030.037 1029.974 1029.92 1029.872 1029.828 1029.784 1029.732 1029.672 1029.61 1029.587 1029.555 1029.534 1029.521 1029.508 1029.497 1029.486 1029.475 1029.462 1029.446 1029.438 1029.456 1029.519 1029.612 1029.902 1030.194 1030.811 1032.162 1034.715 1037.928 1041.192
-9999 -9999 -9999 -9999 -9999 -9999 -9999 -9999 -9999 -9999 -9999 -9999 -9999 -9999 -9999 1036.258 1036.272 1036.168 1035.592 1034.19 1032.445 1031.544 1031.115 1030.817 1030.533 1030.233 1030.104 1030.094 1030.221 1030.527 1030.699 1030.767 1030.75 1030.665 1030.529 1030.362 1030.221 1030.143 1030.073 1029.995 1029.92 1029.858 1029.805 1029.756 1029.706 1029.657 1029.62 1029.61 1029.578 1029.556 1029.54 1029.526 1029.513 1029.502 1029.495 1029.486 1029.472 1029.459 1029.465 1029.513 1029.615 1029.913 1030.223 1030.68 1031.34 1033.264 1035.924 1039.011
-9999 -9999 -9999 -9999 -9999 -9999 -9999 -9999 -9999 -9999 -9999 -9999 -9999 -9999 -9999 1036.214 1036.247 1036.161 1035.492 1033.857 1032.225 1031.23 1030.842 1030.654 1030.516 1030.223 1030.114 1030.126 1030.226 1030.526 1030.685 1030.747 1030.732 1030.653 1030.531 1030.426 1030.316 1030.22 1030.138 1030.027 1029.92 1029.852 1029.796 1029.745 1029.697 1029.656 1029.626 1029.61 1029.593 1029.58 1029.57 1029.56 1029.55 1029.543 1029.543 1029.546 1029.538 1029.529 1029.534 1029.61 1029.744 1029.927 1030.213 1030.39 1030.762 1032.01 1034.037 1036.783
-9999 -9999 -9999 -9999 -9999 -9999 -9999 -9999 -9999 -9999 -9999 -9999 -9999 -9999 -9999 1036.007 1036.005 1035.911 1035.064 1033.534 1031.98 1031.121 1030.808 1030.538 1030.36 1030.219 1030.161 1030.219 1030.321 1030.53 1030.669 1030.733 1030.731 1030.679 1030.601 1030.53 1030.438 1030.323 1030.218 1030.069 1029.921 1029.865 1029.804 1029.748 1029.699 1029.659 1029.629 1029.61 1029.602 1029.599 1029.598 1029.593 1029.586 1029.584 1029.591 1029.61 1029.61 1029.61 1029.61 1029.732 1029.916 1030.037 1030.219 1030.236 1030.386 1031.056 1032.444 1034.666
-9999 -9999 -9999 -9999 -9999 -9999 -9999 -9999 -9999 -9999 -9999 -9999 -9999 -9999 -9999 1035.72 1035.635 1035.435 1034.598 1033.036 1031.52 1030.853 1030.64 1030.518 1030.228 1030.147 1030.146 1030.22 1030.355 1030.53 1030.656 1030.723 1030.735 1030.707 1030.657 1030.602 1030.529 1030.378 1030.222 1030.127 1030.001 1029.92 1029.828 1029.758 1029.704 1029.664 1029.635 1029.616 1029.61 1029.611 1029.617 1029.616 1029.608 1029.607 1029.61 1029.627 1029.636 1029.645 1029.671 1029.772 1029.919 1030.031 1030.22 1030.205 1030.245 1030.644 1031.292 1032.996
