backend/lakes/data/Wabamun Lake/waba_dem_tm.asc
ncols         435
nrows         229
xllcorner     516600
yllcorner     5924000
cellsize      50
NODATA_value  -9999
[rows 90 to 119 of 229, columns 201 to 267 of 435]
715.8474 715.8962 715.9404 715.9767 716 716.0388 716.0775 716.1161 716.1539 716.1909 716.2265 716.2598 716.2909 716.3196 716.3455 716.369 716.391 716.4117 716.432 716.4532 716.4763 716.502 716.531 716.5641 716.6019 716.6439 716.6893 716.7371 716.7858 716.8339 716.8801 716.9219 716.9565 716.9824 717 717.0123 717.0204 717.0247 717.0264 717.0262 717.0259 717.0266 717.0294 717.036 717.0503 717.076 717.1121 717.156 717.2065 717.2629 717.3242 717.3896 717.4575 717.526 717.5936 717.6605 717.7273 717.7944 717.8604 717.9217 717.9714 718 718.0386 718.0691 718.0902 718.1007 718.1008
715.8049 715.858 715.9089 715.9565 715.9999 716.0295 716.0629 716.099 716.1363 716.1732 716.2092 716.2432 716.2744 716.303 716.3287 716.3516 716.3723 716.3918 716.4114 716.4319 716.4542 716.4795 716.5084 716.5419 716.5804 716.6238 716.671 716.7211 716.7728 716.8248 716.8751 716.9208 716.9581 716.9844 717 717.0123 717.0206 717.0243 717.024 717.0219 717.0191 717.0164 717.0156 717.0161 717.0237 717.0459 717.0797 717.1218 717.1701 717.224 717.2825 717.3447 717.4097 717.4758 717.542 717.6075 717.6736 717.7411 717.8102 717.8787 717.9434 717.9999 718.0341 718.0638 718.0858 718.0963 718.098
715.7549 715.8106 715.8652 715.9172 715.9639 716 716.0366 716.0745 716.1127 716.151 716.1879 716.2227 716.2546 716.283 716.3082 716.3303 716.35 716.3682 716.3865 716.4059 716.4276 716.4525 716.4813 716.515 716.5543 716.5985 716.6473 716.6997 716.7549 716.8113 716.8668 716.9181 716.9608 716.9891 717 717.0138 717.0219 717.0243 717.0225 717.0177 717.0126 717.0079 717.0055 717 717 717.0191 717.0492 717.088 717.1332 717.1841 717.2395 717.2985 717.36 717.4227 717.4858 717.5486 717.6123 717.6784 717.7475 717.8188 717.8893 717.9528 718 718.0406 718.0693 718.0797 718.0838
715.6979 715.7545 715.8108 715.8649 715.9146 715.9582 716 716.0415 716.0825 716.1227 716.1616 716.1975 716.2301 716.2589 716.2834 716.3046 716.3232 716.3403 716.3572 716.3754 716.3962 716.4205 716.4492 716.4832 716.5227 716.5676 716.6174 716.6719 716.7302 716.7911 716.8525 716.9114 716.9629 717 717.0115 717.0204 717.0248 717.0243 717.0206 717.014 717.0063 717 717 716.9913 716.9884 717 717.0233 717.0564 717.097 717.1437 717.1954 717.251 717.3088 717.3674 717.4259 717.4845 717.5441 717.6064 717.6731 717.7438 717.8162 717.8856 717.9468 718 718.0405 718.0484 718.0594
715.6351 715.6917 715.7485 715.8041 715.8569 715.9062 715.9536 716 716.0449 716.0885 716.1295 716.1675 716.2009 716.23 716.2542 716.2742 716.2916 716.3076 716.3232 716.3403 716.3599 716.3834 716.412 716.4459 716.4856 716.5308 716.5812 716.6368 716.6974 716.7621 716.8288 716.8945 716.9543 717 717.013 717.0232 717.0259 717.0222 717.0171 717.0088 717 716.9923 716.9875 716.9801 716.9768 716.9833 717 717.027 717.0624 717.104 717.1511 717.2026 717.2565 717.3106 717.364 717.417 717.4709 717.5275 717.5892 717.6565 717.7284 717.8021 717.8744 717.9435 717.9999 718.0001 718.0302
715.5681 715.6238 715.6805 715.7373 715.7928 715.8466 715.8989 715.9502 716 716.0474 716.0917 716.1318 716.167 716.1963 716.22 716.2391 716.2553 716.2702 716.2849 716.3008 716.3191 716.3416 716.3695 716.4033 716.4429 716.4879 716.5384 716.5945 716.6563 716.723 716.7932 716.8635 716.9279 716.9771 717 717.0206 717.0232 717.015 717.0107 717 716.9899 716.9806 716.9731 716.9663 716.9632 716.967 716.9791 717 717.0298 717.0663 717.1083 717.1547 717.2037 717.2531 717.301 717.3479 717.395 717.4445 717.499 717.5604 717.6285 717.7016 717.7769 717.8505 717.9137 717.9528 717.9999
715.4982 715.5525 715.6089 715.6664 715.724 715.7811 715.8376 715.8934 715.948 716 716.0482 716.0914 716.1283 716.1583 716.1812 716.1995 716.2147 716.2286 716.2424 716.2572 716.2744 716.2955 716.3225 716.3556 716.3947 716.4394 716.4895 716.5452 716.6068 716.6741 716.7462 716.8201 716.8911 716.9531 717 717.0211 717.0174 717 717 716.9868 716.9739 716.9633 716.9551 716.9492 716.9468 716.9498 716.9592 716.9758 717 717.0314 717.0682 717.109 717.1523 717.1956 717.2375 717.2783 717.3187 717.3605 717.4067 717.4597 717.5204 717.588 717.6599 717.7319 717.7976 717.8509 717.8956
715.4263 715.4788 715.5345 715.5925 715.6516 715.7114 715.7715 715.8314 715.8905 715.9471 716 716.047 716.0865 716.1169 716.1387 716.1559 716.1703 716.1836 716.1968 716.2107 716.2265 716.2463 716.2717 716.3036 716.3419 716.3859 716.4352 716.4897 716.55 716.6166 716.6884 716.7634 716.8378 716.9067 716.9639 716.9999 717 716.9827 716.9727 716.9596 716.9471 716.9374 716.9307 716.927 716.9265 716.9302 716.9388 716.9531 716.9735 717 717.0319 717.0675 717.1044 717.14 717.1743 717.2089 717.243 717.2777 717.3156 717.359 717.4096 717.4678 717.532 717.5981 717.6613 717.7165 717.7613
715.3528 715.4037 715.4589 715.5171 715.5774 715.6394 715.7023 715.766 715.8293 715.8907 715.9484 716 716.0429 716.0746 716.0933 716.1096 716.1235 716.1367 716.1496 716.1627 716.1769 716.1948 716.2183 716.2483 716.2853 716.3284 716.3767 716.4299 716.4882 716.5521 716.6216 716.6946 716.768 716.8369 716.8947 716.9327 716.9434 716.937 716.9282 716.9179 716.9085 716.9018 716.8983 716.8982 716.9011 716.9071 716.9165 716.9303 716.949 716.9725 717 717.0309 717.062 717.0876 717.1123 717.1412 717.1698 717.1979 717.2287 717.2631 717.3027 717.3492 717.4028 717.4603 717.5172 717.5699 717.6157
715.2781 715.3279 715.3828 715.4414 715.5028 715.5665 715.632 715.6989 715.7662 715.8323 715.8951 715.9523 716 716.0345 716.0464 716.0635 716.0773 716.0911 716.1034 716.1149 716.1275 716.1433 716.1641 716.1914 716.2264 716.2681 716.3152 716.3669 716.4231 716.484 716.5493 716.6182 716.6873 716.7524 716.8078 716.8469 716.8661 716.8705 716.8683 716.8635 716.8589 716.8567 716.8579 716.8623 716.8696 716.8792 716.891 716.9058 716.9244 716.947 716.9726 717 717.0271 717.0404 717.0529 717.0784 717.1016 717.1232 717.149 717.1758 717.2049 717.2394 717.2815 717.3285 717.3772 717.4251 717.4709
715.2024 715.2522 715.3077 715.3674 715.4301 715.4952 715.5627 715.6323 715.7029 715.773 715.8408 715.9037 715.9589 715.9999 716.0001 716.0234 716.0348 716.0501 716.0614 716.0703 716.0798 716.0941 716.1119 716.1356 716.1674 716.2068 716.2526 716.303 716.3573 716.4149 716.4757 716.5389 716.6023 716.6624 716.7145 716.7543 716.7795 716.7927 716.7982 716.7999 716.8009 716.8038 716.8099 716.8193 716.8313 716.8453 716.8605 716.8776 716.8973 716.9203 716.9464 716.9744 717 717 717.0001 717.0278 717.0432 717.0558 717.0801 717.1011 717.1202 717.143 717.1752 717.2117 717.2501 717.2908 717.3352
715.127 715.1787 715.236 715.2972 715.3616 715.4281 715.4971 715.5684 715.6412 715.714 715.7847 715.8507 715.9083 715.9519 715.9739 716 716 716.0188 716.027 716.0314 716.0364 716.0504 716.0651 716.0834 716.111 716.1469 716.1905 716.2398 716.2924 716.3474 716.4041 716.4617 716.5189 716.5735 716.6221 716.6617 716.6909 716.7106 716.7231 716.7312 716.7379 716.7456 716.7563 716.7704 716.7872 716.8057 716.8248 716.8445 716.8657 716.889 716.9144 716.9396 716.96 716.9675 716.9771 717 717 717.0001 717.0281 717.0425 717.0515 717.0625 717.0892 717.1161 717.1425 717.1728 717.2146
715.0558 715.111 715.1707 715.2344 715.3005 715.3682 715.4378 715.5098 715.5834 715.6575 715.7295 715.7966 715.8557 715.903 715.9366 715.9646 715.9799 716 716 716 716 716.0173 716.027 716.0372 716.0606 716.0906 716.1311 716.179 716.2303 716.2833 716.3365 716.3894 716.4413 716.4906 716.5353 716.5739 716.6052 716.6294 716.6476 716.6614 716.6731 716.6851 716.6996 716.7175 716.7385 716.761 716.7838 716.8062 716.8289 716.8527 716.877 716.9001 716.9194 716.9325 716.9453 716.9607 716.9666 716.9758 717 717 717 717.0001 717.0293 717.0459 717.0583 717.0745 717.1136
714.9999 715.0526 715.1158 715.1832 715.2512 715.3196 715.3889 715.46 715.5331 715.6068 715.6787 715.7458 715.8055 715.8553 715.8947 715.9259 715.9482 715.9664 715.9725 715.9766 715.9838 716 716 716 716.0215 716.0409 716.077 716.1228 716.1727 716.2238 716.274 716.3232 716.3707 716.4155 716.4566 716.4933 716.5251 716.552 716.5745 716.5929 716.609 716.6248 716.6423 716.6631 716.687 716.7128 716.7386 716.7637 716.7881 716.8125 716.8365 716.859 716.8784 716.8943 716.9086 716.9219 716.9312 716.9418 716.9559 716.959 716.9628 716.9733 717 717 717 717.0001 717.0383
714.934 715.0001 715.0767 715.1497 715.2191 715.2867 715.3542 715.4229 715.4937 715.5654 715.6359 715.7019 715.7613 715.812 715.8538 715.8871 715.9125 715.9315 715.9431 715.9517 715.9613 715.9728 715.9769 715.983 716 716 716.0316 716.0739 716.1207 716.1691 716.2167 716.2628 716.307 716.3483 716.3863 716.4209 716.4523 716.4804 716.5056 716.5277 716.5476 716.5665 716.5865 716.6093 716.635 716.6631 716.6915 716.7189 716.7449 716.7703 716.7946 716.8173 716.8374 716.855 716.8705 716.8839 716.8943 716.9037 716.9131 716.9191 716.9266 716.9396 716.9572 716.9617 716.9639 716.9705 717
714.906 714.9998 715.0724 715.1431 715.2104 715.2747 715.338 715.4025 715.469 715.5369 715.6042 715.668 715.7258 715.7758 715.8176 715.8517 715.8784 715.8989 715.9138 715.9254 715.936 715.9457 715.9525 715.96 715.9703 715.9765 716 716.0342 716.0751 716.1193 716.1638 716.2072 716.2487 716.2876 716.3235 716.3564 716.3868 716.415 716.4417 716.4666 716.4897 716.5116 716.5337 716.5578 716.5847 716.6141 716.6443 716.6735 716.7013 716.7279 716.7529 716.7761 716.7972 716.8164 716.8334 716.8476 716.8586 716.8674 716.875 716.8821 716.8917 716.9055 716.9218 716.934 716.9465 716.9657 717
714.9146 715.0003 715.0894 715.1644 715.229 715.2876 715.3445 715.4024 715.4625 715.5248 715.5872 715.647 715.7015 715.7493 715.7896 715.8228 715.8494 715.8705 715.8869 715.9 715.9111 715.9205 715.9283 715.936 715.9447 715.9541 715.9728 716 716.0348 716.0742 716.1151 716.1556 716.1947 716.2318 716.2664 716.2985 716.328 716.356 716.3831 716.4097 716.4354 716.4601 716.4845 716.5098 716.5375 716.5676 716.5987 716.6293 716.6588 716.6868 716.713 716.7373 716.7596 716.78 716.7985 716.8142 716.8264 716.8353 716.8429 716.8508 716.8618 716.8771 716.8959 716.9155 716.9376 716.965 717
714.9998 715.0868 715.1627 715.2268 715.2806 715.3291 715.3765 715.4255 715.4773 715.5317 715.5872 715.6411 715.6908 715.7346 715.7716 715.8026 715.8278 715.8481 715.8644 715.8777 715.8888 715.8981 715.9061 715.9139 715.9224 715.9329 715.9488 715.9712 716 716.0342 716.0709 716.108 716.1444 716.1797 716.2135 716.2454 716.2749 716.3029 716.3301 716.3574 716.3849 716.4121 716.4388 716.4657 716.4941 716.5247 716.5565 716.5883 716.619 716.6482 716.6758 716.7015 716.7251 716.747 716.7672 716.7849 716.7986 716.809 716.8176 716.8267 716.8391 716.8563 716.8784 716.904 716.9326 716.9649 717
715.1301 715.213 715.277 715.3268 715.3651 715.3994 715.4347 715.4731 715.5148 715.5594 715.606 715.652 715.6948 715.7328 715.7654 715.7925 715.8148 715.8329 715.8478 715.8601 715.8706 715.8796 715.8873 715.8949 715.9034 715.9137 715.9279 715.947 715.9712 716 716.0322 716.0654 716.0985 716.1318 716.1647 716.1966 716.2267 716.2551 716.2826 716.3103 716.3389 716.3678 716.3967 716.4254 716.455 716.4861 716.5184 716.551 716.5828 716.6132 716.6422 716.6694 716.6945 716.7183 716.7404 716.76 716.7762 716.7888 716.7992 716.8101 716.8242 716.8434 716.8683 716.8979 716.9306 716.9653 717
715.2917 715.3682 715.4234 715.4594 715.4785 715.4952 715.5172 715.5445 715.5748 715.6082 715.6438 715.6799 715.7141 715.7446 715.7708 715.7927 715.8108 715.8256 715.8379 715.8483 715.8575 715.8656 715.8727 715.8796 715.8876 715.8972 715.91 715.9268 715.9476 715.9725 716 716.0289 716.058 716.0892 716.121 716.1525 716.1831 716.2125 716.2408 716.2688 716.2979 716.3279 716.3585 716.3891 716.4199 716.4518 716.4847 716.5179 716.5505 716.582 716.6123 716.641 716.6679 716.6935 716.7178 716.74 716.7589 716.7742 716.7872 716.8003 716.8165 716.8378 716.8645 716.8962 716.9309 716.9663 717
715.4948 715.5544 715.5995 715.621 715.6136 715.61 715.6196 715.6371 715.6553 715.6761 715.6994 715.7238 715.7475 715.769 715.7875 715.8029 715.8156 715.826 715.8348 715.8424 715.8495 715.8563 715.8624 715.8685 715.8754 715.8839 715.8951 715.9099 715.9286 715.9507 715.9749 716 716.0242 716.0538 716.084 716.1143 716.1446 716.1747 716.2041 716.233 716.2626 716.2932 716.3247 716.3568 716.3889 716.4215 716.455 716.4889 716.5223 716.5551 716.5865 716.6166 716.645 716.6723 716.6987 716.7236 716.7457 716.7643 716.7805 716.7964 716.8148 716.8378 716.8658 716.8983 716.9332 716.9681 717
715.7378 715.7692 715.7991 715.8062 715.7583 715.7342 715.7363 715.7471 715.7511 715.7582 715.7692 715.7806 715.7927 715.8043 715.8141 715.8219 715.8282 715.8333 715.8378 715.8419 715.8463 715.8512 715.8562 715.8613 715.8668 715.8737 715.8833 715.8964 715.9135 715.934 715.9567 715.9795 716 716.0285 716.0556 716.0833 716.1123 716.1423 716.1727 716.2029 716.233 716.264 716.2961 716.329 716.3622 716.3956 716.4296 716.4638 716.498 716.5317 716.5647 716.5962 716.6259 716.6544 716.6826 716.7101 716.7356 716.7581 716.7778 716.7969 716.8177 716.8422 716.8706 716.903 716.937 716.9703 717
715.996 715.998 715.9995 715.9977 715.8916 715.8593 715.8628 715.8711 715.8533 715.8468 715.8474 715.8455 715.8456 715.8475 715.8483 715.8481 715.8473 715.8463 715.8458 715.8459 715.8473 715.85 715.8536 715.8577 715.8618 715.8671 715.8747 715.8859 715.9015 715.9214 715.9453 715.9719 716 716.0167 716.0355 716.0593 716.0865 716.1161 716.1469 716.1781 716.2092 716.2406 716.2729 716.3063 716.34 716.374 716.4083 716.4427 716.4772 716.5117 716.546 716.5791 716.6102 716.6399 716.6694 716.6989 716.7275 716.7539 716.778 716.8004 716.8237 716.8492 716.8779 716.9094 716.9418 716.9728 717
716.3579 716.2157 716.1531 716.1098 716.0054 715.9994 715.9998 715.9993 715.9436 715.9301 715.9272 715.9108 715.901 715.8959 715.8876 715.8798 715.8715 715.8638 715.8578 715.8538 715.8519 715.8522 715.8542 715.8569 715.8599 715.8635 715.8692 715.8783 715.892 715.9105 715.9333 715.9586 715.9831 716 716.0162 716.0398 716.0669 716.0962 716.127 716.1589 716.1909 716.2229 716.2555 716.2889 716.3228 716.3568 716.3914 716.4259 716.4603 716.4951 716.5302 716.5648 716.5977 716.6285 716.6589 716.6897 716.7207 716.7507 716.7789 716.8052 716.8311 716.8578 716.8865 716.9167 716.9471 716.9755 717
716.933 716.5721 716.4521 716.4211 716.3561 716.2372 716.1493 716.072 716.0003 715.9999 715.9999 715.9658 715.9528 715.9469 715.9288 715.9151 715.8993 715.8842 715.8721 715.8641 715.8595 715.8575 715.8577 715.8589 715.8605 715.8626 715.8663 715.8731 715.8845 715.9011 715.9219 715.9449 715.9669 715.9843 716 716.0259 716.054 716.0833 716.1136 716.1453 716.1779 716.2104 716.2433 716.2764 716.3102 716.3442 716.3787 716.4134 716.4478 716.4824 716.5176 716.5531 716.5873 716.6198 716.6511 716.6829 716.7155 716.7482 716.7799 716.8097 716.8383 716.8666 716.8951 716.9241 716.9524 716.9783 717
717.7014 717.1299 717.0124 716.9993 716.928 716.6277 716.431 716.2491 716.1322 716.069 716.0309 716.0001 716 715.9999 715.9677 715.9541 715.9301 715.9064 715.8883 715.877 715.8699 715.8658 715.864 715.8634 715.8634 715.864 715.8659 715.8706 715.8799 715.8944 715.9135 715.9352 715.9574 715.9785 716 716.0223 716.048 716.0764 716.1063 716.1376 716.1699 716.2027 716.2357 716.2689 716.3024 716.3361 716.37 716.4043 716.4388 716.4733 716.5081 716.5438 716.5791 716.613 716.6456 716.6781 716.7117 716.7462 716.7805 716.8134 716.8445 716.8742 716.903 716.9309 716.9573 716.9808 717
718.7608 718.1956 718.0358 717.907 717.6498 717.2285 716.9711 716.6207 716.4144 716.2378 716.1282 716.0819 716.0641 716.041 716.0001 715.9999 715.9639 715.9299 715.9059 715.8927 715.8837 715.8776 715.8731 715.8704 715.8687 715.8678 715.8682 715.8713 715.8789 715.8918 715.9099 715.9308 715.953 715.9762 716 716.0216 716.0463 716.0743 716.1042 716.1353 716.1672 716.2 716.2328 716.2657 716.2986 716.3318 716.3651 716.3987 716.4331 716.4672 716.5016 716.537 716.5727 716.6075 716.6412 716.6749 716.7094 716.7449 716.7809 716.8159 716.8492 716.8802 716.9093 716.9365 716.9614 716.983 717
720.0554 719.6855 719.544 719.3074 718.9433 718.5327 717.9879 717.3008 716.9448 716.561 716.3309 716.2512 716.2002 716.1458 716.0883 716.0498 716 715.9569 715.9269 715.9144 715.9033 715.8944 715.8861 715.8803 715.8766 715.8746 715.8741 715.8762 715.8827 715.8948 715.9122 715.9326 715.9535 715.9762 716 716.0228 716.0486 716.0771 716.1075 716.1387 716.17 716.2021 716.2344 716.2666 716.2989 716.3312 716.3636 716.3965 716.4301 716.4637 716.4977 716.5323 716.5678 716.6032 716.6379 716.6725 716.7077 716.744 716.7809 716.8174 716.8521 716.8842 716.9137 716.9406 716.9646 716.9846 717
721.1545 721.2185 721.2407 721.111 720.7629 720.2706 719.4763 718.5403 717.7347 717.0455 716.6493 716.541 716.4276 716.3167 716.2177 716.1365 716.0624 716 715.9563 715.9481 715.931 715.9186 715.9042 715.8942 715.8888 715.8864 715.8856 715.8872 715.8931 715.9045 715.922 715.9427 715.9604 715.981 716 716.028 716.0571 716.0867 716.1171 716.1477 716.1783 716.2092 716.2403 716.2714 716.3027 716.334 716.3653 716.397 716.4296 716.4626 716.496 716.5298 716.5645 716.5999 716.6351 716.6703 716.7061 716.7429 716.7804 716.8174 716.8529 716.8859 716.916 716.9429 716.9666 716.9857 717
721.9838 722.1175 722.2397 722.2417 722.0714 721.7225 720.9183 719.8722 718.739 717.7817 717.1112 716.9647 716.7265 716.5345 716.3827 716.2599 716.157 716.068 716.0002 715.9999 715.9658 715.9526 715.9283 715.9142 715.9083 715.9065 715.9062 715.9078 715.9127 715.923 715.9407 715.9646 715.9767 716 716.021 716.0479 716.0768 716.1058 716.1348 716.1637 716.1927 716.2218 716.2509 716.2803 716.3101 716.3399 716.3699 716.4002 716.4313 716.4633 716.496 716.5291 716.5629 716.5977 716.6328 716.6682 716.7042 716.7412 716.7789 716.8162 716.852 716.8855 716.9163 716.9436 716.9672 716.9862 717
