backend/lakes/data/Wabamun Lake/waba_dem_tm.asc
ncols         435
nrows         229
xllcorner     516600
yllcorner     5924000
cellsize      50
NODATA_value  -9999
[rows 90 to 119 of 229, columns 268 to 334 of 435]
718.0907 718.0736 718.0553 718.0375 718.0201 718.0051 717.9915 717.9783 717.9677 717.9624 717.9625 717.9686 717.9801 717.991 718 718 718 717.9946 717.9873 717.9729 717.9597 717.9503 717.9453 717.9452 717.9503 717.9486 717.9573 717.9998 718.0001 718 718 717.9999 718.0001 718.0284 718.0377 718.0396 718.0358 718.0366 718.0645 718.1107 718.1709 718.2273 718.2548 718.2594 718.2561 718.2572 718.2734 718.3165 718.3969 718.4856 718.5425 718.5939 718.6656 718.7545 718.7854 718.8143 718.8748 718.9971 719.0024 719.1187 719.1729 719.2031 719.2223 719.244 719.3192 719.3903 719.4468
718.0907 718.0757 718.0593 718.044 718.0293 718.0165 718.0063 717.998 717.9906 717.9866 717.9869 717.9917 718 718 718.0001 717.9962 717.9918 717.9842 717.9728 717.9564 717.9392 717.9247 717.9139 717.9066 717.901 717.895 717.8971 717.9115 717.9094 717.9083 717.9136 717.9277 717.9545 717.9998 718 718 718 718 718.0328 718.0579 718.0837 718.1062 718.1173 718.118 718.1147 718.1133 718.1194 718.1431 718.2114 718.2767 718.3245 718.3717 718.439 718.5093 718.557 718.6088 718.6902 718.799 718.8748 718.9966 719.0003 718.9999 718.9997 719.0031 719.114 719.1703 719.2106
718.0778 718.0639 718.0515 718.0405 718.0297 718.0186 718.0088 718.0052 718.0024 718.0007 718 718 718.0007 717.9967 717.9912 717.9836 717.9752 717.9655 717.952 717.9344 717.9148 717.8962 717.8802 717.8665 717.8529 717.8391 717.8291 717.8243 717.8167 717.8134 717.8195 717.8371 717.8668 717.9026 717.9164 717.9268 717.9401 717.9612 717.9998 718 718 718 718 718 717.9999 717.9999 717.9999 718.0005 718.072 718.1127 718.1377 718.165 718.2285 718.287 718.3331 718.3864 718.4695 718.5666 718.6526 718.7388 718.7684 718.7877 718.8165 718.8765 718.9974 719.0002 718.9996
718.0549 718.0378 718.0311 718.026 718.0205 718.0126 718 718 718 718 717.996 717.9918 717.9875 717.9808 717.9718 717.9608 717.9492 717.9367 717.9219 717.9039 717.8832 717.8622 717.8424 717.8239 717.8047 717.7839 717.7632 717.7448 717.7288 717.7197 717.7211 717.7343 717.7576 717.7849 717.8055 717.8249 717.847 717.873 717.899 717.901 717.8953 717.8888 717.8853 717.8861 717.8908 717.8987 717.9116 717.938 717.9996 718.0001 717.9999 718.0007 718.0712 718.1115 718.1385 718.1724 718.2507 718.3305 718.3992 718.4615 718.5133 718.5629 718.6188 718.6949 718.7877 718.8237 718.8481
718.0278 718 718 718 718 718 717.9893 717.9853 717.9835 717.9817 717.9766 717.9702 717.9632 717.9546 717.9435 717.93 717.9152 717.8998 717.8831 717.8642 717.843 717.8206 717.7986 717.7774 717.7555 717.7307 717.7032 717.6754 717.6509 717.6339 717.6274 717.632 717.6459 717.6652 717.6854 717.7076 717.7326 717.7582 717.7783 717.7833 717.7797 717.7746 717.7729 717.7777 717.7891 717.8068 717.8309 717.8642 717.9048 717.9152 717.9232 717.944 717.9998 718.0001 717.9999 718.0007 718.0793 718.1313 718.1682 718.2041 718.2729 718.3456 718.4166 718.4938 718.575 718.6368 718.6923
717.9999 717.9716 717.9604 717.9583 717.96 717.962 717.9587 717.9562 717.9544 717.952 717.9469 717.9396 717.9309 717.9211 717.9089 717.8938 717.8766 717.8582 717.8391 717.8186 717.7963 717.7725 717.7488 717.7257 717.7028 717.6774 717.6478 717.6154 717.5845 717.5601 717.545 717.5402 717.5441 717.5548 717.57 717.5897 717.6132 717.6368 717.6553 717.6639 717.6653 717.665 717.6682 717.6783 717.6969 717.7233 717.7556 717.792 717.8274 717.8497 717.87 717.8971 717.9308 717.9354 717.9359 717.9482 717.9998 718.0001 717.9999 718.0012 718.0876 718.1682 718.2357 718.3072 718.3816 718.4529 718.5238
717.9088 717.9004 717.8952 717.8963 717.9015 717.9075 717.9111 717.913 717.9137 717.913 717.9095 717.9028 717.8937 717.8829 717.8704 717.8549 717.8365 717.8159 717.7941 717.7713 717.7473 717.7217 717.6957 717.6707 717.6467 717.6221 717.5936 717.5611 717.5277 717.498 717.476 717.4626 717.4578 717.4598 717.4679 717.4818 717.5007 717.5217 717.5399 717.5524 717.5599 717.5662 717.5756 717.5918 717.6169 717.6506 717.6901 717.7311 717.7698 717.8021 717.8326 717.8639 717.8915 717.9026 717.9067 717.915 717.9326 717.9268 717.9218 717.9349 717.9999 718.0583 718.0961 718.1541 718.222 718.292 718.3637
717.7865 717.7971 717.8049 717.8151 717.8273 717.8397 717.8502 717.8581 717.8633 717.866 717.8657 717.8616 717.8533 717.8422 717.8295 717.8141 717.7957 717.7742 717.7507 717.7258 717.6996 717.672 717.6436 717.6157 717.5897 717.5648 717.5385 717.5084 717.4758 717.4445 717.4178 717.3984 717.3863 717.3811 717.382 717.3889 717.4019 717.4192 717.4373 717.4534 717.4674 717.4813 717.498 717.5207 717.5518 717.5917 717.6377 717.6853 717.7308 717.7723 717.8115 717.8481 717.8776 717.8937 717.8998 717.9022 717.9035 717.8967 717.8945 717.9109 717.9557 717.9999 718.0001 718.0466 718.1066 718.1702 718.2344
717.6505 717.6763 717.6985 717.7202 717.7419 717.7623 717.7803 717.7948 717.8057 717.8129 717.8167 717.8164 717.8105 717.8 717.787 717.7717 717.7538 717.7329 717.7091 717.6829 717.6552 717.6259 717.5953 717.5646 717.5354 717.5085 717.4828 717.4554 717.4254 717.3948 717.3666 717.3433 717.3262 717.3154 717.3106 717.3113 717.3184 717.3313 717.3484 717.3674 717.3877 717.4098 717.4348 717.4647 717.502 717.5475 717.6 717.655 717.7089 717.7596 717.807 717.8496 717.8832 717.9033 717.9104 717.9093 717.9043 717.8971 717.8953 717.9066 717.9326 717.9584 717.969 718 718.0453 718.0964 718.1492
717.5127 717.5503 717.5854 717.619 717.6508 717.6798 717.7052 717.7267 717.7439 717.7565 717.7646 717.7682 717.7659 717.7574 717.7446 717.7292 717.7117 717.6913 717.6682 717.642 717.6136 717.5835 717.5518 717.519 717.4867 717.4567 717.4293 717.4028 717.375 717.3462 717.3181 717.293 717.2725 717.2579 717.2491 717.2455 717.2477 717.2566 717.2721 717.2932 717.3191 717.3491 717.3829 717.4214 717.4659 717.5177 717.5767 717.6395 717.7021 717.762 717.8174 717.8661 717.9041 717.9272 717.9341 717.9318 717.9254 717.9186 717.9158 717.9208 717.9343 717.9519 717.9729 718 718.0326 718.0712 718.1119
717.382 717.4287 717.4744 717.5182 717.5592 717.5962 717.6287 717.6567 717.6804 717.699 717.7118 717.7188 717.7198 717.7142 717.703 717.6882 717.6708 717.6509 717.6282 717.6025 717.5745 717.5442 717.5121 717.4785 717.4443 717.4113 717.3807 717.3528 717.3256 717.2981 717.2708 717.2451 717.2224 717.205 717.1935 717.1874 717.1868 717.1926 717.2064 717.2288 717.2592 717.2964 717.3392 717.387 717.4398 717.499 717.5649 717.6356 717.7072 717.7763 717.8398 717.8942 717.9353 717.9611 717.9657 717.9634 717.9591 717.9547 717.952 717.9528 717.9578 717.969 718 718.026 718.0547 718.087 718.1199
717.265 717.319 717.3728 717.4243 717.4723 717.5156 717.5542 717.588 717.6174 717.6417 717.6594 717.6697 717.6733 717.6706 717.662 717.649 717.6329 717.6136 717.5913 717.566 717.538 717.5077 717.4755 717.4419 717.4071 717.372 717.3384 717.3076 717.2791 717.2515 717.2247 717.1989 717.175 717.1553 717.1416 717.1341 717.1322 717.1368 717.1499 717.173 717.2069 717.2504 717.3015 717.3583 717.4202 717.4875 717.5612 717.6396 717.72 717.7982 717.8696 717.9287 717.9706 718 718 718 718 718 718 718 718 718.0001 718.0371 718.0729 718.1058 718.1375 718.1667
717.1676 717.2269 717.2861 717.3425 717.3945 717.4419 717.4846 717.5229 717.5569 717.5858 717.6079 717.6217 717.6277 717.6275 717.6221 717.6123 717.5989 717.5815 717.5601 717.5351 717.5068 717.4757 717.4429 717.4088 717.3739 717.3383 717.3026 717.2689 717.2378 717.2085 717.181 717.155 717.1307 717.1093 717.0936 717.085 717.0829 717.0875 717.1008 717.125 717.1615 717.2102 717.2686 717.3339 717.4045 717.4803 717.5615 717.6473 717.7355 717.8219 717.9011 717.9648 718 718.0275 718.0364 718.0411 718.0452 718.0493 718.0533 718.0573 718.0624 718.0737 718.1072 718.1462 718.1835 718.2174 718.2463
717.0953 717.1569 717.2178 717.2754 717.3286 717.3772 717.4219 717.463 717.5001 717.5321 717.5574 717.5745 717.5834 717.5861 717.5842 717.5786 717.5688 717.5549 717.5355 717.5112 717.4825 717.4506 717.4165 717.3813 717.3457 717.3096 717.2731 717.2373 717.2036 717.1717 717.1421 717.115 717.0901 717.0678 717.0504 717.0406 717.0386 717.0439 717.0582 717.084 717.123 717.1758 717.2402 717.3129 717.3915 717.4749 717.5629 717.6548 717.7487 717.8409 717.9271 717.9999 718.0327 718.056 718.0704 718.0813 718.0912 718.1011 718.1115 718.123 718.1375 718.159 718.194 718.2363 718.2794 718.3186 718.3506
717.0537 717.1118 717.1692 717.2238 717.2748 717.3221 717.3668 717.4088 717.4476 717.4815 717.5085 717.5281 717.5404 717.5471 717.55 717.5494 717.5442 717.5339 717.5174 717.4944 717.4659 717.4333 717.3981 717.3616 717.3246 717.2877 717.2507 717.2139 717.1782 717.144 717.1116 717.082 717.0555 717.0322 717.0134 717.0021 716.9998 717.006 717.0219 717.0495 717.0909 717.147 717.2162 717.2949 717.3801 717.47 717.5634 717.6594 717.7559 717.8489 717.9327 718 718.0452 718.0759 718.0983 718.1172 718.1347 718.1522 718.171 718.192 718.2166 718.247 718.2863 718.3329 718.3827 718.4302 718.4696
717.041 717.0883 717.1375 717.1858 717.2321 717.2763 717.3192 717.3606 717.3997 717.4341 717.4623 717.4839 717.4996 717.5114 717.5203 717.5258 717.526 717.5194 717.5056 717.4843 717.4564 717.424 717.3883 717.3512 717.3134 717.2755 717.2382 717.201 717.1646 717.1284 717.093 717.0599 717.0302 717.0046 716.984 716.971 716.9676 716.9742 716.9915 717.021 717.0645 717.1229 717.1954 717.2788 717.3694 717.4642 717.5618 717.6606 717.7584 717.8511 717.9332 718 718.0509 718.0889 718.1194 718.147 718.1734 718.1996 718.2277 718.259 718.2939 718.3335 718.3785 718.4298 718.4859 718.5423 718.592
717.036 717.0754 717.1165 717.1576 717.1982 717.2383 717.2782 717.3179 717.356 717.39 717.4189 717.4425 717.4623 717.4798 717.4955 717.508 717.5143 717.5119 717.5003 717.4805 717.454 717.4229 717.3884 717.3522 717.3148 717.2772 717.2399 717.2031 717.1663 717.1287 717.0902 717.0527 717.0182 716.9885 716.9648 716.9491 716.9436 716.9495 716.9673 716.998 717.0429 717.1028 717.177 717.2632 717.3576 717.4565 717.5575 717.6589 717.7579 717.8508 717.9327 718 718.0533 718.0963 718.1339 718.1699 718.2052 718.2407 718.2781 718.3195 718.365 718.4141 718.4667 718.5239 718.5855 718.6492 718.7085
717.0333 717.067 717.1013 717.1357 717.1707 717.2063 717.2429 717.2799 717.3162 717.3495 717.3787 717.4048 717.4294 717.4537 717.4766 717.4962 717.5084 717.5104 717.501 717.4828 717.4585 717.4304 717.3998 717.3674 717.3329 717.2974 717.2617 717.2264 717.1898 717.1501 717.1078 717.0646 717.0234 716.9873 716.9585 716.9386 716.9297 716.9334 716.9503 716.9809 717.0261 717.0862 717.1606 717.2477 717.344 717.4457 717.5497 717.6534 717.7542 717.8487 717.9321 718 718.0526 718.098 718.1415 718.1852 718.2295 718.2739 718.3205 718.3712 718.4264 718.485 718.5464 718.6107 718.678 718.7466 718.8124
717.0309 717.0603 717.0891 717.1179 717.1477 717.1792 717.2125 717.2466 717.2804 717.3126 717.3425 717.3715 717.4015 717.4331 717.4641 717.4904 717.5074 717.5128 717.5063 717.4908 717.4705 717.4483 717.4254 717.4011 717.3738 717.3428 717.3107 717.2787 717.2433 717.2003 717.1516 717.1001 717.0497 717.0043 716.9675 716.9415 716.9277 716.9276 716.9418 716.9706 717.0145 717.0735 717.1467 717.2328 717.329 717.4319 717.5377 717.6437 717.747 717.844 717.9305 718 718.0476 718.0933 718.1421 718.1936 718.2467 718.3 718.3548 718.4137 718.4773 718.5447 718.6144 718.6857 718.7582 718.8301 718.8971
717.0286 717.0544 717.0787 717.1029 717.1284 717.1561 717.186 717.2173 717.2488 717.2798 717.3108 717.3435 717.3795 717.4182 717.4567 717.4891 717.5103 717.5181 717.5142 717.5031 717.4902 717.4789 717.4696 717.4595 717.4459 717.4222 717.3956 717.3698 717.3374 717.2882 717.2289 717.1644 717.1003 717.0424 716.9946 716.9597 716.939 716.9333 716.943 716.9681 717.009 717.0654 717.1362 717.2198 717.3143 717.4164 717.5226 717.6298 717.7345 717.8336 717.9241 717.9999 718.0337 718.0811 718.1373 718.1971 718.2585 718.3202 718.3826 718.448 718.5184 718.5925 718.6688 718.7457 718.8219 718.8947 718.9576
717.0263 717.0491 717.0696 717.0897 717.1116 717.1363 717.1633 717.1918 717.2212 717.2515 717.2841 717.321 717.3633 717.4089 717.4535 717.4908 717.5153 717.525 717.5239 717.5195 717.519 717.5258 717.5378 717.5497 717.5612 717.5467 717.5271 717.5109 717.4844 717.4211 717.3466 717.2631 717.1794 717.1041 717.0417 716.9949 716.9647 716.9512 716.9547 716.9745 717.0105 717.0627 717.1301 717.2104 717.3019 717.4018 717.5068 717.6133 717.7171 717.814 717.8986 717.9631 718.0001 718.0638 718.1316 718.1995 718.2678 718.3365 718.4059 718.4771 718.5519 718.6303 718.7106 718.7905 718.8677 718.939 718.9999
717.0238 717.0437 717.061 717.078 717.0969 717.119 717.1436 717.1699 717.1976 717.2278 717.2625 717.3038 717.3522 717.4043 717.4542 717.495 717.5217 717.5333 717.5361 717.5414 717.5594 717.5939 717.6376 717.6777 717.7374 717.7322 717.7197 717.7162 717.6992 717.6008 717.5091 717.4 717.2894 717.1918 717.1113 717.0491 717.006 716.9819 716.9767 716.9895 717.0195 717.0663 717.129 717.2056 717.2936 717.3907 717.4935 717.5981 717.7002 717.7949 717.8776 717.9447 718 718.0632 718.1331 718.2053 718.278 718.3514 718.426 718.5023 718.5805 718.6608 718.7424 718.8224 718.8962 718.9572 719
717.0212 717.0386 717.0531 717.0674 717.084 717.104 717.1267 717.1514 717.1779 717.2085 717.2457 717.2916 717.3455 717.4031 717.4578 717.5018 717.5306 717.545 717.5536 717.5718 717.6157 717.6908 717.7807 717.8394 717.993 718.0073 718.0069 718.0076 717.9906 717.8123 717.7194 717.5752 717.4294 717.3053 717.204 717.1237 717.0642 717.0261 717.009 717.0127 717.0357 717.0765 717.134 717.2062 717.2906 717.3849 717.4852 717.588 717.6886 717.7824 717.8655 717.9363 718 718.0659 718.1382 718.214 718.2903 718.367 718.4449 718.5245 718.6057 718.687 718.7683 718.8474 718.9189 718.9731 719
717.0187 717.0334 717.0455 717.0577 717.0723 717.0906 717.112 717.1355 717.1616 717.193 717.233 717.2833 717.3424 717.405 717.4641 717.5122 717.5453 717.5653 717.5831 717.6178 717.6944 717.8265 717.9932 718.0251 718.2736 718.4521 718.4895 718.455 718.2803 718.0278 717.9895 717.7838 717.5945 717.444 717.3202 717.2186 717.1393 717.0836 717.0518 717.0436 717.0579 717.0925 717.1449 717.2129 717.2939 717.3854 717.4836 717.585 717.6849 717.7789 717.8625 717.9346 718 718.0686 718.1443 718.2241 718.3044 718.3842 718.4642 718.5455 718.6279 718.7098 718.7903 718.8682 718.9404 718.9999 719.024
717.0161 717.0284 717.0384 717.0485 717.0613 717.0783 717.0989 717.1218 717.1479 717.1804 717.223 717.2775 717.3412 717.4089 717.4731 717.5277 717.5698 717.6023 717.6362 717.6932 717.8092 718.0075 718.2869 718.4913 718.6979 718.9714 719.0045 718.972 718.7008 718.4996 718.306 718.0083 717.7792 717.6084 717.459 717.3311 717.2281 717.1517 717.1028 717.0809 717.0848 717.1124 717.1603 717.2249 717.3032 717.3924 717.489 717.5896 717.6899 717.7851 717.8698 717.9402 718 718.0717 718.1523 718.2366 718.3207 718.4032 718.4852 718.567 718.6489 718.7298 718.8082 718.8818 718.9476 719 719.0347
717.0138 717.0239 717.0317 717.0397 717.0509 717.0668 717.0868 717.1096 717.1362 717.1699 717.215 717.2728 717.3408 717.4136 717.4845 717.5489 717.6068 717.6628 717.7269 717.8208 718.0072 718.3307 718.6761 718.9685 719.0268 719.276 719.3656 719.2943 719.035 718.9719 718.692 718.3242 718.0054 717.8026 717.6149 717.4535 717.3234 717.2252 717.1584 717.1221 717.1151 717.1349 717.1781 717.2402 717.3169 717.4046 717.5002 717.6006 717.7018 717.7994 717.8878 717.9578 718.0001 718.0802 718.1666 718.2542 718.3405 718.4246 718.5076 718.5897 718.6707 718.7494 718.8248 718.8942 718.9537 719 719.0417
717.0116 717.0197 717.0257 717.0319 717.0413 717.0559 717.0753 717.0982 717.1254 717.1605 717.2075 717.2683 717.34 717.4176 717.4957 717.5726 717.6517 717.7432 717.8577 718.0048 718.3042 718.6843 719.0019 719.2645 719.4115 719.6079 719.7144 719.6736 719.4749 719.2802 718.9815 718.5947 718.2441 717.9927 717.7599 717.5693 717.4147 717.2963 717.213 717.1636 717.146 717.1583 717.1967 717.2562 717.332 717.4194 717.5148 717.6148 717.7166 717.817 717.9135 717.9999 718.0441 718.1119 718.1933 718.2792 718.3654 718.4497 718.5325 718.6141 718.6942 718.7715 718.8444 718.9109 718.9666 719.0001 719.0544
717.0097 717.016 717.0204 717.0249 717.0327 717.0459 717.0645 717.0876 717.1154 717.1514 717.1998 717.2627 717.3374 717.4191 717.5034 717.5907 717.6891 717.8162 717.9974 718.2161 718.5668 718.9825 719.243 719.479 719.6785 719.8739 719.9995 719.9966 719.8028 719.4656 719.0305 718.7458 718.3746 718.0129 717.8452 717.6617 717.4929 717.3584 717.2618 717.2015 717.1754 717.1808 717.2145 717.2716 717.3465 717.4338 717.5292 717.6287 717.7291 717.827 717.9188 718 718.0665 718.1409 718.2239 718.3097 718.3951 718.4788 718.5607 718.6414 718.7207 718.7974 718.8687 718.9346 718.9999 719.04 719.0942
717.0084 717.0132 717.0161 717.019 717.025 717.0366 717.0544 717.0774 717.1057 717.1423 717.1917 717.2559 717.3328 717.4176 717.5059 717.5977 717.6998 717.8264 718.002 718.2871 718.6455 719.0053 719.2854 719.55 719.7946 720 720.1105 720.0991 719.994 719.6516 719.2708 718.9824 718.5675 718.2067 717.9951 717.7538 717.5565 717.4071 717.3011 717.2335 717.2009 717.2009 717.2305 717.285 717.3588 717.446 717.5417 717.6412 717.7404 717.8346 717.921 718 718.0799 718.166 718.2556 718.3441 718.4297 718.5123 718.5928 718.6722 718.7512 718.8281 718.8969 718.9507 719.0002 719.0769 719.1498
717.0075 717.0113 717.0129 717.0143 717.0186 717.0284 717.0452 717.0679 717.0964 717.1332 717.1828 717.2477 717.3265 717.4139 717.5051 717.5999 717.7035 717.8286 718.0013 718.2906 718.6398 718.9913 719.2104 719.4956 719.7776 719.9995 720.0833 720.0015 719.9161 719.6652 719.339 719.0041 718.6383 718.2854 718.0017 717.7727 717.5834 717.4357 717.3282 717.2579 717.2217 717.2177 717.2437 717.2958 717.3683 717.4554 717.5519 717.6526 717.7524 717.8456 717.9272 717.9999 718.0915 718.1919 718.2908 718.3836 718.4696 718.5505 718.6289 718.7069 718.7863 718.8674 718.9442 719.0001 719.0661 719.1499 719.2311
