backend/lakes/data/Wabamun Lake/waba_dem_tm.asc
ncols         435
nrows         229
xllcorner     516600
yllcorner     5924000
cellsize      50
NODATA_value  -9999
[rows 90 to 119 of 229, columns 67 to 133 of 435]
714.6082 714.5237 714.3899 714.2626 714.1583 714.0642 713.97 713.8644 713.7598 713.6893 713.6417 713.5605 713.4371 713.3257 713.2687 713.3369 713.5443 713.8125 714.0449 714.1895 714.24 714.2107 714.1213 713.9965 713.9058 713.7081 713.6118 713.9755 714.6796 714.7728 714.5768 714.4877 714.5704 714.8004 714.9991 715.0352 715.0364 715.0399 715.0353 714.9915 714.7928 714.6938 714.5482 714.4379 714.3386 714.2241 714.1044 713.9976 713.9202 713.8823 713.8831 713.9125 713.957 714.0052 714.0505 714.0886 714.116 714.1289 714.1235 714.0975 714.0529 714.0001 713.9786 713.895 713.778 713.6528 713.5315
714.7686 714.619 714.4137 714.2613 714.1732 714.0977 714.0024 713.8775 713.7582 713.6852 713.6385 713.5497 713.4036 713.2823 713.2371 713.3407 713.5852 713.8596 714.0598 714.1533 714.1575 714.0966 713.9926 713.8746 713.8215 713.7122 713.6406 713.9955 714.7322 715.1746 714.9254 714.9312 715.1558 715.5731 715.9067 716.0247 716.0442 716.0299 715.9322 715.5785 715.1279 714.9819 714.6953 714.5233 714.3644 714.1772 713.9911 713.8376 713.7325 713.6835 713.6887 713.7341 713.8002 713.8722 713.9407 714.0001 714.0463 714.0758 714.0862 714.0771 714.0525 714.0234 713.9999 713.8973 713.7704 713.6387 713.5117
715.2408 715.0089 714.6708 714.4742 714.4036 714.3423 714.2217 714.0402 713.8929 713.8175 713.7723 713.6753 713.5024 713.3599 713.3108 713.4247 713.6738 713.924 714.0771 714.1299 714.1233 714.0762 713.994 713.9185 713.9238 714.0024 714.035 714.3161 715.0018 715.6545 715.4009 715.7631 716.3634 716.8831 717.1696 717.4117 717.4821 717.4664 717.2958 716.7524 716.194 715.8515 715.2715 715.002 714.7216 714.3808 714.0651 713.8254 713.6638 713.5807 713.5739 713.6239 713.7024 713.7923 713.8822 713.9636 714.0298 714.0764 714.1012 714.1034 714.0845 714.0493 713.9998 713.8949 713.7693 713.6365 713.5063
716.2384 715.9473 715.4014 715.1425 715.0721 714.9872 714.7982 714.4817 714.2865 714.2101 714.1628 714.0537 713.8466 713.6575 713.5675 713.6431 713.8481 714.0439 714.1523 714.2042 714.2626 714.3105 714.3008 714.2908 714.3776 714.6873 714.9847 715.2291 715.737 716.3041 716.6914 717.2784 717.8545 718.3835 718.636 718.8606 718.9266 718.9237 718.8016 718.3661 717.7574 717.2702 716.5764 716.0484 715.5302 714.9218 714.4048 714.0413 713.786 713.6323 713.5878 713.624 713.6951 713.7881 713.8922 713.9922 714.0759 714.1372 714.1729 714.1803 714.1556 714.095 714.0005 713.9094 713.7924 713.66 713.5259
717.9441 717.6196 717.0508 716.6501 716.466 716.2132 715.9141 715.3686 715.1179 715.0386 714.9643 714.832 714.5803 714.325 714.1422 714.1263 714.2362 714.3511 714.4325 714.5408 714.7729 715.0341 715.1606 715.2255 715.4014 715.8723 716.4899 716.9704 717.4955 718.0756 718.4352 718.8209 719.1572 719.7179 719.9681 720.046 720.0547 720.0598 720.0359 719.8452 719.3537 718.8544 718.1106 717.4708 716.7895 715.8596 715.1056 714.5958 714.1932 713.9086 713.7904 713.7881 713.8143 713.8843 713.9889 714.0995 714.1937 714.2632 714.3054 714.3174 714.2913 714.2198 714.115 714.0001 713.8689 713.7264 713.5825
719.6046 719.3562 718.895 718.4801 718.2568 717.9532 717.6138 717.0154 716.6671 716.5098 716.3242 716.1556 715.8524 715.5499 715.236 715.1147 715.1027 715.1208 715.2078 715.4106 715.9054 716.5098 716.8923 717.0655 717.2918 717.7957 718.3181 718.7917 719.2596 719.6854 719.8802 720.024 720.1398 720.5327 720.9179 720.9966 720.9956 720.9966 720.9938 720.8741 720.3666 719.8488 719.4626 718.9146 718.2868 717.3514 716.375 715.6497 715.002 714.4896 714.2524 714.1837 714.0949 714.1037 714.1912 714.2986 714.39 714.4553 714.4964 714.5121 714.4891 714.4073 714.2921 714.1538 714.0002 713.8409 713.682
720.939 720.7961 720.4221 720.0399 719.851 719.6049 719.3593 718.9193 718.6169 718.4574 718.274 718.1033 717.8133 717.4751 717.1159 716.9298 716.8348 716.7886 716.9793 717.2964 717.9022 718.576 719.0059 719.1866 719.3522 719.6616 719.8951 720.0672 720.3147 720.5232 720.6843 720.9224 720.9745 721.0913 721.4805 721.604 721.6168 721.6069 721.5822 721.4672 721.1481 720.9773 720.7192 720.1577 719.7409 718.9955 718.1058 717.2877 716.3126 715.476 715.0582 714.8751 714.5524 714.4659 714.5181 714.5994 714.6637 714.7062 714.7339 714.749 714.734 714.6315 714.5096 714.3519 714.18 713.9998 713.8234
721.7036 721.5859 721.39 721.1346 721.0123 720.9277 720.8104 720.5442 720.4558 720.3377 720.0778 719.932 719.7888 719.6188 719.3582 719.2126 719.1376 719.1223 719.353 719.6389 720.0734 720.5245 720.7644 720.8455 720.9056 720.9902 721.0221 720.9762 720.9859 721.0148 721.1261 721.4287 721.5532 721.6821 721.9761 721.9997 721.9981 722.0004 722.0107 722.0018 721.9642 721.897 721.5298 721.1393 720.9668 720.5515 719.8654 719.1737 718.1718 717.1724 716.3497 715.775 715.1854 715.0137 714.9852 714.9952 714.9979 714.9999 715.0011 715.0012 714.9952 714.8496 714.7476 714.5737 714.3931 714.188 713.998
722.0228 721.9951 721.9886 721.944 721.7527 721.658 721.6019 721.5908 721.7877 721.7535 721.5054 721.4639 721.4873 721.5988 721.5932 721.6528 721.7271 721.7803 721.8868 721.9498 722.0172 722.0968 722.0811 722.0262 722.0241 722.0062 721.9182 721.5863 721.4706 721.5624 721.8784 721.9821 721.9911 722.0002 722.11 722.1426 722.1908 722.3001 722.4397 722.4067 722.4038 722.4014 722.1349 722.0518 722.03 721.7859 721.1924 720.7809 720.0528 719.1287 718.1172 717.2245 716.389 715.9229 715.5514 715.4222 715.335 715.3167 715.3054 715.2507 715.1609 715.0064 714.9924 714.8001 714.6464 714.4055 714.1898
722.417 722.1716 722.0919 722.0649 721.9994 721.9964 722.0032 722.087 722.3289 722.4055 722.4505 722.7431 723.0359 723.5333 724.012 724.4786 724.8125 724.9207 724.8209 724.5504 724.1987 723.9387 723.6284 723.3421 723.2427 723.0246 722.7423 722.1492 721.997 722.0416 722.2332 722.2927 722.2791 722.2712 722.3081 722.34 722.424 722.6273 722.9213 722.7508 722.7493 722.9554 722.9476 722.9531 722.9137 722.5563 722.1021 721.8631 721.3152 720.6698 719.835 718.9752 717.9991 717.0736 716.2446 715.9473 715.6948 715.6577 715.6447 715.5304 715.4041 715.2755 715.1896 715.0173 714.9772 714.7013 714.5255
723.0632 722.5534 722.3168 722.2234 722.1798 722.2791 722.4543 722.8192 723.0107 723.1658 723.4555 724.0835 724.8039 725.8723 726.965 727.902 728.5468 728.7051 728.4006 727.7468 726.9976 726.3639 725.7966 725.299 725.0542 724.379 723.7858 723.2666 723.1541 723.184 723.1877 723.111 723.0081 722.9546 722.9471 722.9599 723.019 723.1753 723.3853 723.1896 723.1385 723.2987 723.3581 723.402 723.3679 723.0864 722.7849 722.484 722.0351 721.5294 720.9933 720.2759 719.4867 718.4146 717.2554 716.5007 716.0311 715.9932 715.9888 715.8059 715.6904 715.6097 715.5457 715.45 715.3527 715.098 715.051
724.6085 723.7382 723.2643 722.976 722.7627 722.8779 723.0718 723.5732 724.1735 724.7784 725.465 726.3423 727.4119 728.8367 730.4075 731.623 732.3555 732.513 732.1282 731.2502 730.1866 729.2898 728.5864 727.8417 727.0563 726.2505 725.674 725.4147 725.4863 725.5808 725.4261 725.1109 724.7303 724.49 724.3978 724.4258 724.5759 724.8518 725.0341 724.8179 724.5738 724.3206 724.0731 723.9668 723.9498 723.8557 723.5229 723.1356 722.7081 722.1914 721.8993 721.1955 720.4704 719.59 718.3689 717.2124 716.5195 716.2401 716.1344 716.007 715.9978 715.997 715.9957 715.9902 715.9813 715.9398 715.9386
727.6207 726.4583 725.6083 724.8368 724.16 724.1121 724.4037 725.09 726.1898 727.3532 728.6494 729.8344 730.9966 732.3259 733.7281 734.8049 735.3749 735.4417 735.0217 734.0945 732.9893 732.0885 731.4644 730.7855 730.025 729.3535 728.9454 728.8774 729.0887 729.2871 729.1194 728.6089 727.9343 727.473 727.2727 727.306 727.538 727.9354 728.1608 727.8921 727.3813 726.5196 725.5705 724.8983 724.616 724.5619 724.4525 724.1681 723.6288 723.1136 722.8296 722.0835 721.2078 720.3502 719.2772 718.0635 717.1228 716.6084 716.4526 716.403 716.4155 716.433 716.4462 716.457 716.4664 716.4692 716.4713
731.9005 730.5731 729.3376 728.1082 727.0423 726.6267 726.8956 727.8569 729.2181 730.7469 732.1797 733.3016 734.1951 735.0981 735.8689 736.4921 736.7875 736.6976 736.278 735.6759 734.7942 734.1631 733.8713 733.5887 733.1865 732.9155 732.8558 732.9688 733.2476 733.5637 733.5326 733.031 732.2575 731.6382 731.3387 731.3279 731.5065 731.8374 732.04 731.7499 730.9732 729.5753 728.0314 726.861 726.2095 726.0151 725.7662 725.1808 724.4788 723.9562 723.5389 722.8413 721.8881 720.9208 719.9065 718.8874 717.9453 717.1733 717.0284 717.0302 717.0414 717.0453 717.0448 717.0434 717.0469 717.0457 717.0468
736.4747 735.2731 733.8856 732.4747 731.2053 730.5135 730.6407 731.5169 732.6857 733.905 734.9096 735.4401 735.8311 736.2167 736.5521 736.8054 736.8301 736.5247 735.9762 735.5422 735.2809 735.2471 735.4409 735.6859 735.8467 736.1054 736.4948 736.7992 737.1171 737.4818 737.649 737.3099 736.6309 736.0311 735.6896 735.5519 735.5872 735.7475 735.8086 735.3578 734.3867 732.6448 730.6144 728.9678 727.9886 727.5565 726.95 726.084 725.2454 724.4417 723.9143 723.0295 722.0291 721.1077 720.2209 719.4736 718.7582 718.0377 717.9194 717.9322 717.9421 717.9424 717.9405 717.9496 717.9949 718.0039 717.9966
740.7801 739.7358 738.2407 736.6385 735.1805 734.2785 734.1561 734.6714 735.2935 735.7325 735.9962 735.9714 735.9054 735.8929 735.9077 735.914 -9999 -9999 -9999 -9999 -9999 735.2896 735.9534 736.5973 737.415 738.3182 739.1826 739.7182 740.1071 740.4683 740.7895 740.6097 740.2183 739.8532 739.5981 739.3414 739.1674 739.085 738.8948 738.2431 737.2043 735.3348 732.9557 730.751 729.3109 728.4893 727.7643 726.6987 725.715 724.6481 723.9193 723.0239 722.1255 721.5105 720.8163 719.9838 719.1801 718.6096 718.4716 718.4789 718.4935 718.4996 718.5204 718.6221 718.9034 719.023 719.0302
744.4965 743.39 741.6506 739.7501 738.0145 736.7794 736.2371 736.225 736.3165 736.1775 735.7116 734.8215 734.4579 734.3033 -9999 -9999 -9999 -9999 -9999 -9999 -9999 -9999 -9999 -9999 737.7319 739.2545 740.3719 741.335 742.0448 742.5021 742.7905 742.6311 742.6732 742.756 742.7565 742.4847 742.0961 741.7328 741.158 740.4231 739.4189 737.5237 734.9094 732.2324 730.1992 728.9609 727.9266 726.686 725.4192 724.2324 723.6049 722.9963 722.3801 721.8802 721.0405 720.3795 719.8274 719.1724 719.0509 719.0542 719.0586 719.055 719.055 719.1255 719.5131 719.8979 719.9731
747.3965 746.0278 743.9178 741.6761 739.6356 738.0139 737.0551 736.584 736.2619 735.6469 -9999 -9999 -9999 -9999 -9999 -9999 -9999 -9999 -9999 -9999 -9999 -9999 -9999 -9999 -9999 -9999 -9999 -9999 -9999 -9999 -9999 -9999 -9999 -9999 -9999 -9999 -9999 -9999 -9999 -9999 -9999 -9999 -9999 -9999 730.8854 729.3173 727.9705 726.5873 725.2078 724.0493 723.4456 722.9805 722.4671 721.9334 721.1079 720.6318 720.2584 719.9628 719.9323 719.946 719.9523 719.9523 719.9487 719.9502 720.0455 720.3406 720.4982
-9999 -9999 -9999 742.5618 740.1924 738.2456 736.9115 736.0374 -9999 -9999 -9999 -9999 -9999 -9999 -9999 -9999 -9999 -9999 -9999 -9999 -9999 -9999 -9999 -9999 -9999 -9999 -9999 -9999 -9999 -9999 -9999 -9999 -9999 -9999 -9999 -9999 -9999 -9999 -9999 -9999 -9999 -9999 -9999 -9999 731.7665 729.9411 728.2886 726.7568 725.1782 724.0875 723.5046 723.0218 722.5813 722.0464 721.4493 720.9908 720.6226 720.3894 720.3651 720.4144 720.4636 720.5107 720.5641 720.5588 720.5842 720.705 720.8212
-9999 -9999 -9999 -9999 -9999 -9999 -9999 -9999 -9999 -9999 -9999 -9999 -9999 -9999 -9999 -9999 -9999 -9999 -9999 -9999 -9999 -9999 -9999 -9999 -9999 -9999 -9999 -9999 -9999 -9999 -9999 -9999 -9999 -9999 -9999 -9999 -9999 -9999 -9999 -9999 -9999 -9999 -9999 -9999 733.026 730.8685 729.1451 727.5314 725.8671 724.6194 723.9424 723.4534 723.0678 722.6234 722.0471 721.4812 721.0487 720.7172 720.6544 720.7079 720.7676 720.8409 720.9898 720.9991 720.9972 721.0001 721.0129
-9999 -9999 -9999 -9999 -9999 -9999 -9999 -9999 -9999 -9999 -9999 -9999 -9999 -9999 -9999 -9999 -9999 -9999 -9999 -9999 -9999 -9999 -9999 -9999 -9999 -9999 -9999 -9999 -9999 -9999 -9999 -9999 -9999 -9999 -9999 -9999 -9999 -9999 -9999 -9999 -9999 -9999 -9999 -9999 734.5186 732.2632 730.3257 728.4681 726.6598 725.0786 724.3292 723.9992 723.8961 723.5135 722.9537 722.2344 721.8308 721.1811 721.003 720.9965 720.9991 721.0079 721.177 721.2645 721.3068 721.3354 721.3709
-9999 -9999 -9999 -9999 -9999 -9999 -9999 -9999 -9999 -9999 -9999 -9999 -9999 -9999 -9999 -9999 -9999 -9999 -9999 -9999 -9999 -9999 -9999 -9999 -9999 -9999 -9999 -9999 -9999 -9999 -9999 -9999 -9999 -9999 -9999 -9999 -9999 -9999 -9999 -9999 -9999 -9999 -9999 -9999 735.6069 733.4568 731.4756 729.5125 727.527 725.676 724.6789 724.3425 724.4282 724.2987 723.8558 723.2231 722.8251 722.0655 721.5571 721.3498 721.2997 721.3157 721.4186 721.5071 721.5844 721.6714 721.7093
-9999 -9999 -9999 -9999 -9999 -9999 -9999 -9999 -9999 -9999 -9999 -9999 -9999 -9999 -9999 -9999 -9999 -9999 -9999 -9999 -9999 -9999 -9999 -9999 -9999 -9999 -9999 -9999 -9999 -9999 -9999 -9999 -9999 -9999 -9999 -9999 -9999 -9999 -9999 -9999 -9999 -9999 -9999 -9999 -9999 733.4302 731.5444 729.7076 727.8233 725.991 724.7499 724.3514 724.6998 724.6656 724.0756 723.9584 723.6268 722.8411 722.051 721.7089 721.6447 721.6547 721.7003 721.7516 721.8283 721.9912 722.0003
-9999 -9999 -9999 -9999 -9999 -9999 -9999 -9999 -9999 -9999 -9999 -9999 -9999 -9999 -9999 -9999 -9999 -9999 -9999 -9999 -9999 -9999 -9999 -9999 -9999 -9999 -9999 -9999 -9999 -9999 -9999 -9999 -9999 -9999 -9999 -9999 -9999 -9999 -9999 -9999 -9999 -9999 -9999 -9999 -9999 731.9774 730.322 728.8807 727.3719 725.7538 724.5032 724.0335 724.6537 724.2622 723.4495 723.6772 723.9497 723.0803 722.3801 722.01 721.9924 721.9969 721.9991 721.9991 722.0107 722.2036 722.3107
-9999 -9999 -9999 -9999 -9999 -9999 -9999 -9999 -9999 -9999 -9999 -9999 -9999 -9999 -9999 -9999 -9999 -9999 -9999 -9999 -9999 -9999 -9999 -9999 -9999 -9999 -9999 -9999 -9999 -9999 -9999 -9999 -9999 -9999 -9999 -9999 -9999 -9999 -9999 -9999 -9999 -9999 -9999 -9999 -9999 -9999 728.4801 727.434 726.1633 724.9312 724.0523 723.8682 724.2046 724.0618 723.6707 723.5681 723.9744 723.1626 722.6397 722.3202 722.2573 722.275 722.2975 722.3171 722.3656 722.5197 722.6664
-9999 -9999 -9999 -9999 -9999 -9999 -9999 -9999 -9999 -9999 -9999 -9999 -9999 -9999 -9999 -9999 -9999 -9999 -9999 -9999 -9999 -9999 -9999 -9999 -9999 -9999 -9999 -9999 -9999 -9999 -9999 -9999 -9999 -9999 -9999 -9999 -9999 -9999 -9999 -9999 -9999 -9999 -9999 -9999 -9999 -9999 -9999 725.8089 724.9079 724.0875 723.6775 723.7112 724.0042 724.1243 724.286 724.583 724.0952 723.5543 723.0842 722.6958 722.5815 722.5988 722.6329 722.6625 722.7117 722.8237 722.9933
-9999 -9999 -9999 -9999 -9999 -9999 -9999 -9999 -9999 -9999 -9999 -9999 -9999 -9999 -9999 -9999 -9999 -9999 -9999 -9999 -9999 -9999 -9999 -9999 -9999 -9999 -9999 -9999 -9999 -9999 -9999 -9999 -9999 -9999 -9999 -9999 -9999 -9999 -9999 -9999 -9999 -9999 -9999 -9999 -9999 -9999 -9999 -9999 724.008 723.5895 723.4546 723.6277 723.9041 723.9158 724.0458 724.2769 724.1711 724.0037 723.8308 723.2014 723.0146 722.9959 722.9975 722.998 722.9979 723.0025 723.0977
-9999 -9999 -9999 -9999 -9999 -9999 -9999 -9999 -9999 -9999 -9999 -9999 -9999 -9999 -9999 -9999 -9999 -9999 -9999 -9999 -9999 -9999 -9999 -9999 -9999 -9999 -9999 -9999 -9999 -9999 -9999 -9999 -9999 -9999 -9999 -9999 -9999 -9999 -9999 -9999 -9999 -9999 -9999 -9999 -9999 -9999 -9999 -9999 -9999 723.5005 723.4607 723.7112 723.9692 723.3828 722.4526 723.2392 723.7802 724.0996 724.2086 723.944 723.6188 723.4194 723.3296 723.2841 723.2491 723.2227 723.2371
-9999 -9999 -9999 -9999 -9999 -9999 -9999 -9999 -9999 -9999 -9999 -9999 -9999 -9999 -9999 -9999 -9999 -9999 -9999 -9999 -9999 -9999 -9999 -9999 -9999 -9999 -9999 -9999 -9999 -9999 -9999 -9999 -9999 -9999 -9999 -9999 -9999 -9999 -9999 -9999 -9999 -9999 -9999 -9999 -9999 -9999 -9999 -9999 -9999 -9999 723.786 724.0759 724.4565 724.04 723.019 722.0432 723.0831 723.8337 724.2572 724.1996 724.004 723.7542 723.6527 723.6014 723.5596 723.5206 723.4989
-9999 -9999 -9999 -9999 -9999 -9999 -9999 -9999 -9999 -9999 -9999 -9999 -9999 -9999 -9999 -9999 -9999 -9999 -9999 -9999 -9999 -9999 -9999 -9999 -9999 -9999 -9999 -9999 -9999 -9999 -9999 -9999 -9999 -9999 -9999 -9999 -9999 -9999 -9999 -9999 -9999 -9999 -9999 -9999 -9999 -9999 -9999 -9999 -9999 -9999 -9999 725.0519 725.7076 725.5565 724.3649 722.9239 722.026 723.1755 723.9139 724.0826 724.2667 724.0339 724.0435 724.0294 724.0037 723.9744 723.9726
