backend/lakes/data/Wabamun Lake/waba_dem_tm.asc
ncols         435
nrows         229
xllcorner     516600
yllcorner     5924000
cellsize      50
NODATA_value  -9999
[rows 30 to 59 of 229, columns 0 to 66 of 435]
-9999 -9999 -9999 -9999 -9999 -9999 -9999 -9999 -9999 -9999 -9999 -9999 -9999 -9999 -9999 -9999 -9999 -9999 -9999 -9999 -9999 -9999 -9999 -9999 -9999 -9999 -9999 -9999 -9999 -9999 -9999 -9999 -9999 -9999 -9999 -9999 -9999 -9999 -9999 -9999 -9999 -9999 -9999 -9999 -9999 -9999 -9999 754.4617 751.6129 748.632 745.5129 742.1726 738.7081 735.3122 732.0889 729.2195 726.6808 724.1938 721.827 719.9595 719.3201 719.9078 718.6324 717.4318 716.5977 716.0996 715.825
-9999 -9999 -9999 -9999 -9999 -9999 -9999 -9999 -9999 -9999 -9999 -9999 -9999 -9999 -9999 -9999 -9999 -9999 -9999 -9999 -9999 -9999 -9999 -9999 -9999 -9999 -9999 -9999 -9999 -9999 -9999 -9999 -9999 -9999 -9999 -9999 -9999 -9999 -9999 -9999 -9999 -9999 -9999 -9999 -9999 -9999 -9999 751.4318 748.0923 744.4999 740.8176 737.1276 733.5524 730.2782 727.3909 724.9758 722.8528 720.9805 719.3403 718.2069 718.7164 719.0358 718.7247 717.816 716.9234 716.2836 715.9106
-9999 -9999 -9999 -9999 -9999 -9999 -9999 -9999 -9999 -9999 -9999 -9999 -9999 -9999 -9999 -9999 -9999 -9999 -9999 -9999 -9999 -9999 -9999 -9999 -9999 -9999 -9999 -9999 -9999 -9999 -9999 -9999 -9999 -9999 -9999 -9999 -9999 -9999 -9999 -9999 -9999 -9999 -9999 -9999 -9999 752.9605 750.9174 747.8208 744.0611 740.0258 736.0447 732.3369 728.9992 726.2169 723.9006 721.9156 720.2925 719.3094 718.7845 718.6093 718.1605 717.9402 717.9182 717.6791 716.9839 716.395 716.0483
-9999 -9999 -9999 -9999 -9999 -9999 -9999 -9999 -9999 -9999 -9999 -9999 -9999 -9999 -9999 -9999 -9999 -9999 -9999 -9999 -9999 -9999 -9999 -9999 -9999 -9999 -9999 -9999 -9999 -9999 -9999 -9999 -9999 -9999 -9999 -9999 -9999 -9999 -9999 -9999 -9999 -9999 -9999 -9999 750.5798 749.5643 747.2634 743.8378 739.7684 735.5499 731.6072 728.2241 725.5103 723.2892 721.5029 719.8806 718.8173 719.2093 718.7026 718.2748 717.7559 717.4688 717.1176 717.0385 716.6647 716.2689 716.0784
-9999 -9999 -9999 -9999 -9999 -9999 -9999 -9999 -9999 -9999 -9999 -9999 -9999 -9999 -9999 -9999 -9999 -9999 -9999 -9999 -9999 -9999 -9999 -9999 -9999 -9999 -9999 -9999 -9999 -9999 -9999 -9999 -9999 -9999 -9999 -9999 -9999 -9999 -9999 -9999 -9999 -9999 -9999 747.9601 747.566 746.166 743.4169 739.6772 735.499 731.4159 727.8408 725.036 722.8581 721.1086 719.7534 718.6545 718.2878 718.5107 718.2834 717.8494 717.2965 716.9056 716.6362 716.5764 716.2919 716.0085 715.9995
-9999 -9999 -9999 -9999 -9999 -9999 -9999 -9999 -9999 -9999 -9999 -9999 -9999 -9999 -9999 -9999 -9999 -9999 -9999 -9999 -9999 -9999 -9999 -9999 -9999 -9999 -9999 -9999 -9999 -9999 -9999 -9999 -9999 -9999 -9999 -9999 -9999 -9999 -9999 -9999 -9999 -9999 747.2196 745.6457 744.866 742.7476 739.4577 735.5269 731.4843 727.7587 724.7214 722.4623 720.7328 719.2386 718.5085 718.8 718.2269 717.8859 717.7524 717.4604 716.9579 716.5128 716.2532 716.1905 716.0038 715.873 715.864
-9999 -9999 -9999 -9999 -9999 -9999 -9999 -9999 -9999 -9999 -9999 -9999 -9999 -9999 -9999 -9999 -9999 -9999 -9999 -9999 -9999 -9999 -9999 -9999 -9999 -9999 -9999 -9999 -9999 -9999 -9999 -9999 -9999 -9999 -9999 -9999 -9999 -9999 -9999 -9999 -9999 748.4838 747.0105 744.7432 742.336 739.1868 735.4464 731.5175 727.8155 724.6358 722.1442 720.3541 719.011 717.7794 717.5018 717.8427 717.9391 717.6143 717.3602 717.0909 716.6589 716.2479 716.0045 715.9946 715.8645 715.7679 715.7327
-9999 -9999 -9999 -9999 -9999 -9999 -9999 -9999 -9999 -9999 -9999 -9999 -9999 -9999 -9999 -9999 -9999 -9999 -9999 -9999 -9999 -9999 -9999 -9999 -9999 -9999 -9999 -9999 -9999 -9999 -9999 -9999 -9999 -9999 -9999 -9999 -9999 -9999 -9999 -9999 746.9833 746.5953 744.8781 742.1388 738.9215 735.2902 731.4761 727.8057 724.6581 722.0908 720.1501 719.0783 718.4305 718.041 717.3462 717.074 717.381 717.1926 716.9541 716.714 716.3496 716.002 715.8075 715.7588 715.6873 715.6246 715.5851
-9999 -9999 -9999 -9999 -9999 -9999 -9999 -9999 -9999 -9999 -9999 -9999 -9999 -9999 -9999 -9999 -9999 -9999 -9999 -9999 -9999 -9999 -9999 -9999 -9999 -9999 -9999 -9999 -9999 -9999 -9999 -9999 -9999 -9999 -9999 -9999 -9999 -9999 -9999 747.183 745.4802 743.7939 741.3948 738.2689 734.8416 731.2713 727.7952 724.6997 722.1334 720.1673 718.9448 718.3555 717.9363 717.6079 717.1638 716.7358 716.7789 716.6746 716.4948 716.3691 716.0148 715.7691 715.6135 715.5441 715.4958 715.4553 715.423
-9999 -9999 -9999 -9999 -9999 -9999 -9999 -9999 -9999 -9999 -9999 -9999 -9999 -9999 -9999 -9999 -9999 -9999 -9999 -9999 -9999 -9999 -9999 -9999 -9999 -9999 -9999 -9999 -9999 -9999 -9999 -9999 -9999 -9999 -9999 -9999 -9999 -9999 747.9124 745.5266 742.9477 740.241 737.2269 733.939 730.6397 727.4288 724.5826 722.1163 720.1471 718.78 718.0512 717.6989 717.4009 717.0717 716.6981 716.3746 716.325 716.2308 716.0227 715.9926 715.7755 715.5816 715.4504 715.3757 715.3285 715.295 715.2684
-9999 -9999 -9999 -9999 -9999 -9999 -9999 -9999 -9999 -9999 -9999 -9999 -9999 -9999 -9999 -9999 -9999 -9999 -9999 -9999 -9999 -9999 -9999 -9999 -9999 -9999 -9999 -9999 -9999 -9999 -9999 -9999 -9999 -9999 -9999 -9999 -9999 749.7456 746.4352 743.1079 739.7292 736.3204 732.995 729.8071 726.8672 724.2739 722.0115 720.1573 718.9232 718.1997 717.5568 717.1655 716.8862 716.5498 716.2741 716.0107 715.9999 715.9917 715.8204 715.7239 715.5756 715.4312 715.322 715.2508 715.2042 715.1724 715.1479
-9999 -9999 -9999 -9999 -9999 -9999 -9999 -9999 -9999 -9999 -9999 -9999 -9999 -9999 -9999 -9999 -9999 -9999 -9999 -9999 -9999 -9999 -9999 -9999 -9999 -9999 -9999 -9999 -9999 -9999 -9999 -9999 -9999 -9999 -9999 -9999 752.1736 748.191 744.0615 740.0116 736.1361 732.5286 729.2284 726.3553 723.9441 721.8532 720.1062 718.9881 718.6832 717.8701 717.1714 716.7355 716.3591 716.0411 715.9849 715.8004 715.7446 715.7145 715.6127 715.5181 715.4088 715.3026 715.218 715.1586 715.1163 715.0867 715.0624
-9999 -9999 -9999 -9999 -9999 -9999 -9999 -9999 -9999 -9999 -9999 -9999 -9999 -9999 -9999 -9999 -9999 -9999 -9999 -9999 -9999 -9999 -9999 -9999 -9999 -9999 -9999 -9999 -9999 -9999 -9999 -9999 -9999 -9999 -9999 753.8224 749.9271 745.3991 740.7808 736.4356 732.5757 729.1833 726.2036 723.7748 721.7501 720.0206 718.8597 718.6762 718.1553 717.3485 716.6727 716.329 716.0029 715.7629 715.6769 715.5791 715.5256 715.4858 715.4219 715.3506 715.2708 715.1918 715.1279 715.0836 715.049 715.0281 715.0001
-9999 -9999 -9999 -9999 -9999 -9999 -9999 -9999 -9999 -9999 -9999 -9999 -9999 -9999 -9999 -9999 -9999 -9999 -9999 -9999 -9999 -9999 -9999 -9999 -9999 -9999 -9999 -9999 -9999 -9999 -9999 -9999 -9999 756.6405 754.3096 750.8108 746.3802 741.5294 736.8171 732.6895 729.2975 726.5228 723.9728 721.8089 720.0038 718.6349 717.9106 717.7346 717.3856 716.6741 716.0814 715.971 715.733 715.5488 715.4536 715.3834 715.3433 715.3107 715.2668 715.2162 715.1597 715.1014 715.054 715.0281 715 715 714.9752
-9999 -9999 -9999 -9999 -9999 -9999 -9999 -9999 -9999 -9999 -9999 -9999 -9999 -9999 -9999 -9999 -9999 -9999 -9999 -9999 -9999 -9999 -9999 -9999 -9999 -9999 -9999 -9999 -9999 -9999 -9999 -9999 755.4617 753.8105 750.7501 746.6396 741.8984 737.0471 732.6248 729.038 726.4227 724.5381 722.157 720.1277 718.6464 717.685 717.1398 716.8778 716.5541 716.0403 715.6882 715.5748 715.4495 715.3385 715.2721 715.2303 715.2047 715.1837 715.1552 715.1192 715.0791 715.0365 715.0001 715 714.9794 714.9696 714.9517
-9999 -9999 -9999 -9999 -9999 -9999 -9999 -9999 -9999 -9999 -9999 -9999 -9999 -9999 -9999 -9999 -9999 -9999 -9999 -9999 -9999 -9999 -9999 -9999 -9999 -9999 -9999 -9999 -9999 -9999 754.3278 753.8168 752.4267 749.8209 746.1081 741.6897 737.0007 732.5185 728.6726 725.7883 723.7587 722.1099 720.2345 718.6683 717.6835 717.045 716.6079 716.3154 715.9979 715.647 715.4004 715.2883 715.2152 715.163 715.1271 715.1096 715.1036 715.097 715.0822 715.0588 715.0302 715 714.9744 714.9669 714.9537 714.9421 714.928
-9999 -9999 -9999 -9999 -9999 -9999 -9999 -9999 -9999 -9999 -9999 -9999 -9999 -9999 -9999 -9999 -9999 -9999 -9999 -9999 -9999 -9999 -9999 -9999 -9999 -9999 -9999 -9999 -9999 752.2819 751.9194 750.5622 748.1326 744.7809 740.7488 736.4406 732.2129 728.4226 725.384 723.1658 721.4896 720.064 718.6702 717.6194 716.979 716.5985 716.2666 715.9901 715.6683 715.3808 715.1915 715.0991 715.0552 715.0334 715.0268 715.0286 715.0363 715.0416 715.0373 715.0221 715 714.9741 714.9515 714.9375 714.9242 714.9121 714.9
-9999 -9999 -9999 -9999 -9999 -9999 -9999 -9999 -9999 -9999 -9999 -9999 -9999 -9999 -9999 -9999 -9999 -9999 -9999 -9999 -9999 -9999 -9999 -9999 -9999 -9999 -9999 -9999 750.9031 750.0345 748.5558 746.1545 742.9835 739.234 735.263 731.4432 727.9777 725.0854 722.8005 721.0228 719.4944 718.5497 717.6456 716.9443 716.4984 716.2388 715.9978 715.7167 715.4377 715.204 715.0525 714.9824 714.9611 714.9619 714.9713 714.9868 715.0026 715.0129 715.0129 715 714.9772 714.9509 714.9261 714.906 714.8892 714.8747 714.8624
-9999 -9999 -9999 -9999 -9999 -9999 -9999 -9999 -9999 -9999 -9999 -9999 -9999 -9999 -9999 -9999 -9999 -9999 -9999 -9999 -9999 -9999 -9999 -9999 -9999 -9999 751.6921 748.6387 748.0303 746.408 743.9794 740.8926 737.4323 733.7991 730.271 727.2269 724.6632 722.541 720.8339 719.181 718.0057 717.5573 717.0114 716.5358 716.2075 715.9942 715.7498 715.4993 715.2654 715.0834 714.9707 714.9219 714.9188 714.9351 714.9561 714.9772 714.995 715.0034 715 714.9821 714.9556 714.9256 714.896 714.8694 714.8469 714.828 714.813
-9999 -9999 -9999 -9999 -9999 -9999 -9999 -9999 -9999 -9999 -9999 -9999 -9999 -9999 -9999 -9999 -9999 -9999 -9999 -9999 -9999 -9999 -9999 -9999 756.1163 753.7617 750.765 747.5648 744.9949 742.0656 738.8231 735.4753 732.2219 729.1104 726.4097 724.1735 722.2079 720.4694 718.9901 717.8715 718.0165 717.4032 716.7551 716.282 715.9953 715.7554 715.5321 715.3206 715.1338 714.9956 714.9196 714.897 714.9086 714.9363 714.9646 714.9869 715 715 714.9868 714.9622 714.9302 714.8947 714.8589 714.8255 714.7964 714.7719 714.7522
-9999 -9999 -9999 -9999 -9999 -9999 -9999 -9999 -9999 -9999 -9999 -9999 -9999 -9999 -9999 -9999 -9999 -9999 -9999 -9999 -9999 -9999 -9999 757.8403 755.5986 752.5859 748.9008 744.8816 740.9948 737.2241 733.675 730.5361 727.9946 725.6948 723.7647 722.0172 720.326 718.7455 717.5119 717.0294 717.188 716.9702 716.4197 716.0049 715.7469 715.5392 715.3459 715.1753 715.0359 714.9377 714.8927 714.8931 714.9197 714.9534 714.9823 715 715.0015 714.9904 714.968 714.9362 714.8976 714.8556 714.8132 714.7728 714.7368 714.7062 714.6812
-9999 -9999 -9999 -9999 -9999 -9999 -9999 -9999 -9999 -9999 -9999 -9999 -9999 -9999 -9999 -9999 -9999 -9999 -9999 -9999 -9999 -9999 758.5248 756.813 753.8548 749.9474 745.4301 740.7002 736.223 732.3246 729.0886 726.6611 724.893 723.3767 721.905 720.3353 718.7617 717.4507 716.698 716.4304 716.4977 716.3977 716.0277 715.775 715.5597 715.3704 715.2106 715.0747 714.9703 714.907 714.8882 714.9065 714.9429 714.9775 715 715.0049 714.9949 714.973 714.9413 714.9014 714.8557 714.8067 714.7574 714.7101 714.6672 714.6304 714.6003
-9999 -9999 -9999 -9999 -9999 -9999 -9999 -9999 -9999 -9999 -9999 -9999 -9999 -9999 -9999 -9999 -9999 -9999 -9999 -9999 -9999 758.8191 756.9882 754.2642 750.4221 745.7531 740.679 735.6845 731.3042 727.9036 725.5012 723.9453 722.7839 721.6773 720.316 718.8201 717.5468 716.8214 716.3631 716.1464 716.1514 716.1362 715.9925 715.7155 715.4726 715.2758 715.1235 715.0145 714.9397 714.9016 714.9034 714.9338 714.973 715 715.0085 715.0005 714.979 714.9465 714.9054 714.8572 714.8038 714.7476 714.691 714.6367 714.5872 714.5443 714.5098
-9999 -9999 -9999 -9999 -9999 -9999 -9999 -9999 -9999 -9999 -9999 -9999 -9999 -9999 -9999 -9999 -9999 -9999 -9999 -9999 757.6459 756.2505 753.8246 750.2827 745.7384 740.594 735.3692 730.627 726.8915 724.3054 722.7604 721.8449 720.9588 719.9704 718.7177 717.5554 716.9844 716.6371 716.3145 716.0896 716.0371 715.999 715.861 715.6382 715.4164 715.2279 715.0857 714.9902 714.9364 714.9167 714.9286 714.9635 715 715.0106 715.005 714.9849 714.9526 714.9104 714.8605 714.8042 714.7433 714.6795 714.6155 714.5541 714.4982 714.4497 714.4113
-9999 -9999 -9999 -9999 -9999 -9999 -9999 -9999 -9999 -9999 -9999 -9999 -9999 -9999 -9999 -9999 -9999 -9999 -9999 756.1307 754.8129 752.7763 749.6542 745.4423 740.4513 735.1902 730.249 726.1938 723.2836 721.4752 720.543 719.9088 719.0735 718.2789 717.3229 716.8318 716.7023 716.5919 716.3263 716.0829 715.9982 715.8824 715.7413 715.5636 715.3793 715.2126 715.0823 714.9975 714.9539 714.9436 714.958 714.9832 715 715.002 714.9863 714.9563 714.9148 714.8644 714.8068 714.7433 714.675 714.6041 714.5328 714.4644 714.4026 714.3497 714.3085
-9999 -9999 -9999 -9999 -9999 -9999 -9999 -9999 -9999 -9999 -9999 -9999 -9999 -9999 -9999 -9999 -9999 -9999 755.1995 753.8335 751.7982 748.9152 745.0475 740.306 735.1433 730.13 725.8655 722.6227 720.4823 719.2908 718.6464 718.1781 717.4532 716.9766 716.4349 716.285 716.39 716.4465 716.2642 716.0038 715.8827 715.7715 715.653 715.5155 715.3657 715.2218 715.1027 715.0223 714.9821 714.9735 714.9851 715 714.9976 714.9833 714.9557 714.916 714.8664 714.809 714.7452 714.6756 714.6013 714.5238 714.4459 714.371 714.304 714.2487 714.2075
-9999 -9999 -9999 -9999 -9999 -9999 -9999 -9999 -9999 -9999 -9999 -9999 -9999 -9999 -9999 -9999 -9999 -9999 753.4744 751.5439 748.6885 744.9191 740.3516 735.2927 730.2616 725.8743 722.4181 719.9669 718.4553 717.8052 717.2605 717.0135 716.6073 716.2671 716.0024 715.8892 716.0424 716.1942 716.1512 715.9989 715.8531 715.7379 715.6299 715.5117 715.3818 715.2505 715.136 715.0539 715.0094 714.9962 715 714.9974 714.9811 714.9531 714.9142 714.8656 714.8091 714.7461 714.6774 714.6033 714.5244 714.442 714.3588 714.2784 714.2072 714.1516 714.1157
-9999 -9999 -9999 -9999 -9999 -9999 -9999 -9999 -9999 -9999 -9999 -9999 -9999 -9999 -9999 -9999 -9999 753.1595 751.6514 749.0323 745.3617 740.835 735.8137 730.7596 726.2076 722.5662 719.9218 718.1999 717.3334 717.7728 717.2468 716.784 716.3597 716.0331 715.8298 715.8124 715.8981 715.9921 716.0002 715.9575 715.8671 715.7675 715.6628 715.5469 715.4197 715.29 715.1724 715.0828 715.0283 715.0054 715 714.9821 714.9532 714.9138 714.8651 714.8087 714.7463 714.6787 714.6063 714.5293 714.4478 714.3628 714.2769 714.1938 714.1199 714.0651 714.0433
-9999 -9999 -9999 -9999 -9999 -9999 -9999 -9999 -9999 -9999 -9999 -9999 -9999 -9999 -9999 -9999 -9999 751.5038 749.4345 746.1646 741.8242 736.801 731.645 726.9178 723.0389 720.1732 718.2662 717.2643 717.0194 717.2859 717.1494 716.7496 716.3466 716.0313 715.8534 715.8121 715.9095 715.9999 716.0008 715.9747 715.9113 715.822 715.7139 715.5909 715.4579 715.3231 715.1991 715.0997 715.0343 715 714.9819 714.9546 714.9164 714.8682 714.8116 714.7488 714.6815 714.6105 714.5357 714.4572 714.3751 714.2906 714.2061 714.1256 714.054 714.0001 714
-9999 -9999 -9999 -9999 -9999 -9999 -9999 -9999 -9999 -9999 -9999 -9999 -9999 -9999 -9999 -9999 -9999 749.5877 746.8729 743.0044 738.2483 733.0712 728.1143 723.9476 720.7798 718.6178 717.3762 717.5073 717.1168 716.9742 716.8151 716.5967 716.3025 716.0591 715.9152 715.8896 715.9304 716 716.0188 716.0039 715.9514 715.8658 715.7528 715.62 715.4779 715.3375 715.2083 715.1012 715.0289 714.9999 714.9623 714.9216 714.8741 714.8187 714.7561 714.6884 714.6173 714.5439 714.468 714.3896 714.3093 714.2284 714.1501 714.0798 714.0258 714 713.9823
