backend/lakes/data/Birch Lake North Bay/binb_dem_tm.asc
ncols         91
nrows         100
xllcorner     728150
yllcorner     5912100
cellsize      50
NODATA_value  -9999
[rows 31 to 61 of 100, columns 0 to 68 of 91]
-9999 -9999 -9999 -9999 -9999 -9999 -9999 -9999 -9999 -9999 -9999 -9999 -9999 -9999 -9999 640.1449 639.7281 639.2328 638.6479 638.4704 638.6677 638.8496 638.952 638.5062 638.028 637.6636 637.4025 637.3021 637.5311 637.5638 637.5031 637.4885 637.2939 637.079 636.8972 636.7697 636.6773 636.5994 636.5419 636.5063 636.4886 636.4851 636.4978 636.5274 636.5693 636.6224 636.6871 636.7676 636.854 636.9391 637.0043 637.0569 637.1112 637.1411 637.0949 636.9999 636.9343 636.9666 637 636.9294 636.7985 636.6959 636.6875 636.8243 637.1257 637.5848 638.2581 638.4581 637.8574
-9999 -9999 -9999 -9999 -9999 -9999 -9999 -9999 -9999 -9999 -9999 -9999 -9999 -9999 642.4756 641.5527 641.1776 640.699 639.9287 639.4811 639.159 638.9716 638.5721 638.0722 637.754 637.5536 637.4258 637.4199 637.4994 637.5004 637.373 637.2557 637.0844 636.9169 636.7825 636.6909 636.6344 636.5979 636.5696 636.5388 636.5063 636.4833 636.4828 636.5105 636.5579 636.6151 636.6799 636.7515 636.8264 636.8984 636.9584 637.0076 637.0449 637.0617 636.9993 636.8964 636.8491 636.8956 636.9746 637 636.9397 636.8729 636.833 636.8973 637.1191 637.5291 638.1624 638.3275 637.7286
-9999 -9999 -9999 -9999 -9999 -9999 -9999 -9999 -9999 -9999 -9999 -9999 -9999 -9999 645.3845 644.1263 643.476 642.738 641.5819 640.4417 639.6331 638.9915 638.4459 637.9609 637.6329 637.5255 637.4907 637.4999 637.4791 637.3752 637.2124 637.0429 636.8712 636.726 636.6213 636.5608 636.54 636.5408 636.5398 636.52 636.4845 636.4562 636.457 636.4945 636.5571 636.6285 636.7017 636.7784 636.8552 636.9241 636.9749 637.0037 637.0001 636.9985 636.889 636.7805 636.7443 636.8003 636.9016 636.9799 637 636.9995 636.9514 636.9733 637.1288 637.4441 637.9048 638.4952 638.1191
-9999 -9999 -9999 -9999 -9999 -9999 -9999 -9999 -9999 -9999 -9999 -9999 -9999 -9999 648.6384 647.1468 646.2534 645.2737 643.7093 641.929 640.4098 639.12 638.2582 637.7391 637.4985 637.4899 637.5 637.4797 637.3956 637.2397 637.0323 636.8259 636.648 636.5101 636.4178 636.3751 636.3793 636.4091 636.4313 636.4253 636.3976 636.3774 636.3936 636.4521 636.5385 636.6306 636.7197 636.8086 636.8959 636.9672 637.0021 636.9998 636.9318 636.8617 636.7545 636.6674 636.6541 636.722 636.8318 636.9341 636.9917 637.0119 637 637.024 637.1581 637.4439 637.8802 638.4957 637.7398
-9999 -9999 -9999 -9999 -9999 -9999 -9999 -9999 -9999 -9999 -9999 -9999 -9999 -9999 651.5751 650.0801 649.1784 648.1447 646.2964 643.9417 641.6544 639.607 638.2813 637.6184 637.4261 637.4998 637.4975 637.4254 637.2854 637.0847 636.8541 636.6322 636.4436 636.2979 636.2012 636.1615 636.1763 636.2219 636.2583 636.2632 636.2487 636.2477 636.2894 636.3768 636.489 636.6023 636.7077 636.8121 636.9154 636.9948 637 636.9315 636.8267 636.7347 636.6513 636.6034 636.6251 636.7076 636.8082 636.9099 636.9718 636.9973 637 637.0466 637.1964 637.5054 638.0084 638.46 637.5973
-9999 -9999 -9999 -9999 -9999 -9999 -9999 -9999 -9999 -9999 -9999 -9999 -9999 -9999 -9999 652.5336 651.938 651.0828 649.1551 646.4006 643.4113 640.5889 638.6381 637.6841 637.4124 637.4998 637.4791 637.3571 637.1642 636.9323 636.6901 636.4644 636.2728 636.1219 636.0177 635.9713 635.9824 636.0254 636.0604 636.0672 636.0638 636.088 636.162 636.28 636.4141 636.5391 636.6515 636.7661 636.8901 636.9998 636.9938 636.8691 636.7452 636.675 636.6357 636.6379 636.7003 636.7919 636.8495 636.9345 636.9763 637 637.0082 637.0579 637.2075 637.5119 638.0223 638.4966 638.1643
-9999 -9999 -9999 -9999 -9999 -9999 -9999 -9999 -9999 -9999 -9999 -9999 -9999 -9999 -9999 654.1602 654.1778 653.7154 651.91 649.0161 645.5668 642.1121 639.4565 638.0039 637.4956 637.5 637.4698 637.2998 637.0601 636.8033 636.559 636.3431 636.1617 636.015 635.9075 635.8511 635.8474 635.8706 635.8853 635.8796 635.8812 635.9292 636.0381 636.1846 636.3308 636.451 636.5511 636.6578 636.7891 636.9301 636.9998 636.8547 636.7719 636.7915 636.8068 636.8383 636.9202 636.9902 636.9357 636.9995 637 637.0168 637.0247 637.0681 637.2089 637.5059 638.0027 638.5203 638.812
-9999 -9999 -9999 -9999 -9999 -9999 -9999 -9999 -9999 -9999 -9999 -9999 -9999 -9999 -9999 654.7891 655.6298 655.5682 654.0032 651.293 647.8983 644.1111 640.7607 638.6119 637.7157 637.5078 637.4962 637.2795 636.9998 636.72 636.476 636.2792 636.1222 635.9938 635.8916 635.8267 635.8 635.7917 635.77 635.7369 635.7334 635.8014 635.9427 636.114 636.2614 636.3586 636.4243 636.5019 636.628 636.8109 636.9984 636.9417 637.0654 637.3058 637.3603 637.3318 637.3351 637.2379 637.0305 637.0273 637.0297 637.0645 637.0609 637.0857 637.2117 637.5042 638.0182 638.675 639.1474
-9999 -9999 -9999 -9999 -9999 -9999 -9999 -9999 -9999 -9999 -9999 -9999 -9999 -9999 -9999 -9999 656.4406 656.2338 654.903 652.6816 649.9375 646.2886 642.4676 639.6409 638.2104 637.6647 637.4994 637.2939 636.9924 636.6912 636.4485 636.2784 636.1609 636.0631 635.9712 635.8965 635.839 635.7905 635.7256 635.6552 635.6368 635.719 635.8898 636.0819 636.2229 636.285 636.301 636.3353 636.4469 636.6626 636.9618 637.2853 637.9993 638.6228 638.6561 638.3821 638.1355 637.8585 637.5273 637.2607 637.1316 637.1681 637.1218 637.1138 637.2188 637.5014 638.0278 638.7985 639.611
-9999 -9999 -9999 -9999 -9999 -9999 -9999 -9999 -9999 -9999 -9999 -9999 -9999 -9999 -9999 -9999 -9999 656.5151 655.2924 653.2315 651.6339 648.4978 644.5079 641.0895 639.03 638.0956 637.7419 637.4584 637.0663 636.7211 636.4803 636.3513 636.2905 636.2262 636.132 636.0348 635.9295 635.8362 635.7317 635.6281 635.5901 635.6777 635.8736 636.0858 636.2202 636.2457 636.2128 636.2152 636.3503 636.6979 637.3288 638.3359 639.8093 640.8582 640.6512 639.7949 639.0607 638.7671 638.2219 637.5901 637.2352 637.2536 637.1853 637.1526 637.2389 637.4967 638.0151 638.7804 639.5683
-9999 -9999 -9999 -9999 -9999 -9999 -9999 -9999 -9999 -9999 -9999 -9999 -9999 -9999 -9999 -9999 -9999 656.8171 656.1917 655.0234 653.6107 650.7794 646.836 642.8977 640.1293 638.8044 638.236 637.6348 637.1821 636.8037 636.5808 636.5194 636.5314 636.4862 636.3409 636.1848 635.9988 635.8622 635.7419 635.6268 635.5745 635.6612 635.8736 636.1055 636.24 636.2394 636.1704 636.1628 636.3607 636.9084 637.9584 639.7556 641.9296 643.2861 642.7293 641.1459 639.7288 639.4433 638.6642 637.9197 637.3901 637.4759 637.3171 637.2365 637.311 637.525 638.0583 638.8544 639.7237
-9999 -9999 -9999 -9999 -9999 -9999 -9999 -9999 -9999 -9999 -9999 -9999 -9999 -9999 -9999 -9999 -9999 -9999 656.9374 656.3696 655.0553 652.7066 649.1004 644.9937 641.6319 639.7818 639.0733 638.1985 637.4687 636.9702 636.7719 636.8083 636.8917 636.8184 636.5224 636.1932 635.9089 635.7332 635.6907 635.614 635.5617 635.6454 635.8654 636.1125 636.2556 636.2458 636.1591 636.1578 636.4329 637.1914 638.6595 641.1381 643.8776 645.4133 644.5526 642.3158 639.9932 638.4993 637.8688 637.5172 638.1107 637.9593 637.5365 637.3765 637.4919 637.7388 638.2669 638.9657 639.6661
-9999 -9999 -9999 -9999 -9999 -9999 -9999 -9999 -9999 -9999 -9999 -9999 -9999 -9999 -9999 -9999 -9999 -9999 657.089 656.7682 655.8214 654.1376 651.1827 647.2783 643.3899 640.6646 639.4104 638.6793 637.7365 637.1789 637.0652 637.2247 637.3248 637.0729 636.6401 636.1929 635.8065 635.5463 635.5358 635.5641 635.5272 635.6096 635.8269 636.0819 636.2383 636.2357 636.1474 636.1529 636.4746 637.355 639.0547 641.8669 644.8915 646.5085 645.6658 643.1451 640.4111 638.4402 637.6693 637.8946 638.7752 638.311 637.8211 637.5081 637.5994 637.9114 638.4695 638.9373 639.2484
-9999 -9999 -9999 -9999 -9999 -9999 -9999 -9999 -9999 -9999 -9999 -9999 -9999 -9999 -9999 -9999 -9999 -9999 -9999 656.7479 656.0345 655.0378 652.9615 649.5278 645.5099 642.1116 640.1431 639.5643 638.3754 637.5902 637.5266 637.785 637.7538 637.3254 636.7917 636.2999 635.8546 635.4788 635.4851 635.4406 635.4672 635.5549 635.7515 635.9989 636.1686 636.1855 636.1083 636.112 636.4238 637.288 638.9571 641.7286 644.7887 646.6885 645.7341 643.2666 640.6672 638.9805 639.0496 638.8685 638.7594 638.3268 637.9785 637.6976 637.7347 638.0437 638.7 639.1815 639.1349
-9999 -9999 -9999 -9999 -9999 -9999 -9999 -9999 -9999 -9999 -9999 -9999 -9999 -9999 -9999 -9999 -9999 -9999 -9999 -9999 656.0792 655.8759 654.6246 651.7838 647.9788 644.239 641.5759 640.1625 639.1656 638.3442 638.2359 638.48 638.0402 637.505 636.9746 636.5436 636.1912 635.9019 635.827 635.493 635.5079 635.5316 635.656 635.8675 636.0422 636.0873 636.0327 636.0306 636.2894 637.0276 638.4543 640.7938 643.3667 644.9016 644.1704 642.2094 640.1216 638.9308 639.1031 638.789 638.3947 638.0205 637.8427 637.7664 637.8918 638.2336 638.8339 639.5713 638.9783
-9999 -9999 -9999 -9999 -9999 -9999 -9999 -9999 -9999 -9999 -9999 -9999 -9999 -9999 -9999 -9999 -9999 -9999 -9999 -9999 656.9625 657.0448 656.2388 653.921 650.5344 646.9633 644.0615 642.2518 641.0962 640.0964 639.3284 638.9153 638.2573 637.7231 637.2404 636.8481 636.5501 636.219 635.9883 635.7115 635.6 635.5417 635.5634 635.7117 635.8774 635.9519 635.9306 635.9287 636.123 636.6904 637.775 639.4891 641.4346 642.4873 641.946 640.5691 638.9916 638.4219 639.7465 638.9209 638.123 637.8215 637.7697 637.8829 638.1738 638.7206 638.4438 638.4429 639.3145
-9999 -9999 -9999 -9999 -9999 -9999 -9999 -9999 -9999 -9999 -9999 -9999 -9999 -9999 -9999 -9999 -9999 -9999 -9999 -9999 657.4329 657.9015 657.3749 655.6185 652.7947 649.6983 647.0602 645.2708 644.0994 642.9279 641.5833 640.2124 638.9628 638.2396 637.6271 637.1258 636.6807 636.3541 636.1243 635.9128 635.7576 635.6357 635.5712 635.5986 635.7198 635.8094 635.8242 635.8344 635.9803 636.4037 637.2057 638.4007 639.7837 640.3633 640.0666 639.4079 638.3644 639.1236 639.4316 638.757 638.0488 637.8163 637.8514 638.1075 638.4905 638.3989 637.8485 638.1815 639.9574
-9999 -9999 -9999 -9999 -9999 -9999 -9999 -9999 -9999 -9999 -9999 -9999 -9999 -9999 -9999 -9999 -9999 -9999 -9999 -9999 -9999 657.9366 657.8292 656.5541 654.3431 651.847 649.715 648.2578 647.3203 646.2175 644.6053 642.616 640.657 639.0999 637.9431 637.272 636.805 636.5175 636.3242 636.1544 635.9902 635.8252 635.6895 635.6221 635.6346 635.7019 635.7391 635.7649 635.8794 636.1915 636.7657 637.58 638.5004 639.1578 639.5546 639.9749 639.6418 639.3831 639.0563 638.5416 638.1323 638.0016 638.0983 638.4884 638.1483 637.1147 636.8673 638.4054 640.812
-9999 -9999 -9999 -9999 -9999 -9999 -9999 -9999 -9999 -9999 -9999 -9999 -9999 -9999 -9999 -9999 -9999 -9999 -9999 -9999 -9999 -9999 657.5189 656.6717 655.0595 653.1275 651.4991 650.5336 649.9966 649.1761 647.6974 645.5483 643.1025 640.8273 639.0269 637.8818 637.2438 636.9019 636.6746 636.4926 636.3108 636.1104 635.9129 635.7618 635.683 635.6706 635.6972 635.7285 635.8238 636.0641 636.4974 637.1113 637.8149 638.4636 638.9268 639.174 639.096 639.003 638.7511 638.4935 638.298 638.3319 638.5361 638.408 637.0893 635.6428 636.7244 638.9952 641.6962
-9999 -9999 -9999 -9999 -9999 -9999 -9999 -9999 -9999 -9999 -9999 -9999 -9999 -9999 -9999 -9999 -9999 -9999 -9999 -9999 -9999 -9999 -9999 656.1929 655.0634 653.6444 652.3593 651.7726 651.5803 651.0541 650.0951 648.2711 645.7014 642.9365 640.5368 638.863 637.9046 637.4678 637.1385 636.8991 636.692 636.4651 636.2183 635.9921 635.8258 635.7322 635.7059 635.7211 635.7999 635.9921 636.338 636.8375 637.4404 637.9886 638.467 638.7643 638.821 638.7304 638.5088 638.4097 638.3955 638.5591 638.8821 637.9069 636.6918 636.1689 637.5677 639.8972 642.489
-9999 -9999 -9999 -9999 -9999 -9999 -9999 -9999 -9999 -9999 -9999 -9999 -9999 -9999 -9999 -9999 -9999 -9999 -9999 -9999 -9999 -9999 -9999 -9999 -9999 653.8527 652.7332 652.1567 652.0036 651.803 651.3364 650.2029 647.8209 644.8209 641.9506 639.8032 638.5781 637.9299 637.4862 637.2274 637.043 636.8306 636.566 636.2839 636.0353 635.8488 635.7358 635.7302 635.7897 635.9397 636.2083 636.5948 637.0593 637.5237 638.0095 638.4556 638.6577 638.6243 638.5002 638.4343 638.5168 638.7948 638.7069 637.1647 636.0716 636.9992 638.7797 640.912 643.108
-9999 -9999 -9999 -9999 -9999 -9999 -9999 -9999 -9999 -9999 -9999 -9999 -9999 -9999 -9999 -9999 -9999 -9999 -9999 -9999 -9999 -9999 -9999 -9999 -9999 -9999 -9999 -9999 -9999 651.7621 651.6085 651.0741 648.9361 645.8965 642.788 640.285 638.7556 637.9712 637.5154 637.3741 637.2839 637.1344 636.8952 636.5957 636.2903 636.0295 635.8461 635.7751 635.7914 635.8959 636.0944 636.384 636.7388 637.1232 637.5404 638.0228 638.4415 638.4922 638.5278 638.5024 638.7335 638.9997 638.7346 636.9333 637.0231 638.324 639.9908 641.7173 643.4815
-9999 -9999 -9999 -9999 -9999 -9999 -9999 -9999 -9999 -9999 -9999 -9999 -9999 -9999 -9999 -9999 -9999 -9999 -9999 -9999 -9999 -9999 -9999 -9999 -9999 -9999 -9999 -9999 -9999 -9999 651.1088 650.9612 649.0029 646.0391 642.9099 640.2661 638.5579 637.7987 637.4998 637.4641 637.4492 637.3657 637.1769 636.895 636.5667 636.246 635.9797 635.8073 635.7961 635.8606 636.0016 636.2156 636.4889 636.8036 637.1566 637.5453 637.9544 638.0883 638.4446 638.4937 638.7276 638.8911 638.7486 637.6735 638.113 639.3511 640.7314 642.1572 643.7355
-9999 -9999 -9999 -9999 -9999 -9999 -9999 -9999 -9999 -9999 -9999 -9999 -9999 -9999 -9999 -9999 -9999 -9999 -9999 -9999 -9999 -9999 -9999 -9999 -9999 -9999 -9999 -9999 -9999 651.3038 650.5489 650.2077 648.2537 645.394 642.3387 639.7455 638.1949 637.5709 637.4224 637.4995 637.5302 637.5043 637.3839 637.1541 636.842 636.4974 636.1774 635.9415 635.849 635.8488 635.937 636.0939 636.307 636.5663 636.8662 637.1932 637.5142 637.7545 638.0015 638.0751 638.4363 638.5266 638.6607 638.5551 638.8656 639.87 641.0306 642.3574 643.9153
-9999 -9999 -9999 -9999 -9999 -9999 -9999 -9999 -9999 -9999 -9999 -9999 -9999 -9999 -9999 -9999 -9999 -9999 -9999 -9999 -9999 -9999 -9999 -9999 -9999 -9999 -9999 -9999 -9999 651.8024 651.0323 649.6833 647.351 644.4189 641.4662 639.1347 637.8791 637.3837 637.3084 637.4102 637.5 637.5359 637.5011 637.3541 637.0957 636.7617 636.4073 636.0953 635.8837 635.85 635.9025 636.0167 636.1841 636.4008 636.6605 636.9504 637.2422 637.4984 637.6957 637.7772 637.991 638.0768 638.4753 638.917 639.3743 640.0615 641.0599 642.4269 644.0291
-9999 -9999 -9999 -9999 -9999 -9999 -9999 -9999 -9999 -9999 -9999 -9999 -9999 -9999 -9999 -9999 -9999 -9999 -9999 -9999 -9999 -9999 -9999 -9999 -9999 -9999 -9999 -9999 -9999 652.0239 650.8029 648.9715 646.3775 643.3422 640.5131 638.5968 637.6696 637.2882 637.2349 637.3301 637.4365 637.5004 637.5436 637.4904 637.3138 637.0246 636.67 636.321 636.053 635.9293 635.9182 635.9848 636.1107 636.2908 636.5186 636.7792 637.0502 637.3002 637.4908 637.5101 637.673 637.7679 638.0256 638.5105 639.0603 639.7918 640.6785 642.0236 643.6011
-9999 -9999 -9999 -9999 -9999 -9999 -9999 -9999 -9999 -9999 -9999 -9999 -9999 -9999 -9999 -9999 -9999 -9999 -9999 -9999 -9999 -9999 -9999 -9999 -9999 -9999 -9999 -9999 653.4814 651.9996 650.3059 648.1277 645.3684 642.3211 639.7512 638.3509 637.69 637.3181 637.2155 637.2804 637.3954 637.4995 637.5511 637.5698 637.4845 637.2641 636.936 636.572 636.2574 636.0559 635.9721 635.9876 636.0735 636.222 636.421 636.6534 636.895 637.1157 637.2816 637.365 637.4906 637.4935 637.5541 637.9796 638.5298 639.1427 639.9558 641.1371 642.7515
-9999 -9999 -9999 -9999 -9999 -9999 -9999 -9999 -9999 -9999 -9999 -9999 -9999 -9999 -9999 -9999 -9999 -9999 -9999 -9999 -9999 -9999 -9999 -9999 -9999 -9999 -9999 -9999 653.718 651.8531 649.7754 647.3478 644.4902 641.4825 639.2401 638.4702 637.8412 637.3518 637.1622 637.1991 637.319 637.431 637.5007 637.5966 637.6006 637.4581 637.172 636.8074 636.4563 636.1934 636.0475 636.0125 636.0594 636.1834 636.3594 636.5653 636.7764 636.9649 637.1044 637.1848 637.2388 637.2277 637.2736 637.5621 638.1428 638.6727 639.2734 640.3438 641.905
-9999 -9999 -9999 -9999 -9999 -9999 -9999 -9999 -9999 -9999 -9999 -9999 -9999 -9999 -9999 -9999 -9999 -9999 -9999 -9999 -9999 -9999 -9999 -9999 -9999 -9999 -9999 -9999 654.017 651.8748 649.4996 646.8506 643.8942 640.8707 638.6586 637.7427 637.2814 637.0519 636.9473 637.0387 637.2123 637.3746 637.5 637.6169 637.6708 637.5911 637.3506 636.9963 636.6219 636.3145 636.12 636.0419 636.0594 636.1709 636.3316 636.516 636.7009 636.8611 636.9756 637.0368 637.0573 637.05 637.1038 637.3352 637.7866 638.3692 638.886 639.7323 641.0197
-9999 -9999 -9999 -9999 -9999 -9999 -9999 -9999 -9999 -9999 -9999 -9999 -9999 -9999 -9999 -9999 -9999 -9999 -9999 -9999 -9999 -9999 -9999 -9999 -9999 -9999 -9999 -9999 654.4091 652.1174 649.5569 646.7157 643.5894 640.4761 638.2518 637.1455 636.6918 636.5837 636.6453 636.8401 637.0938 637.3243 637.4996 637.6155 637.6873 637.65 637.4518 637.1172 636.7352 636.4036 636.1825 636.0851 636.0912 636.1919 636.3393 636.5064 636.671 636.8108 636.9072 636.954 636.9618 636.9578 637.0016 637.17 637.4983 637.9624 638.4938 639.1619 640.0782
-9999 -9999 -9999 -9999 -9999 -9999 -9999 -9999 -9999 -9999 -9999 -9999 -9999 -9999 -9999 -9999 -9999 -9999 -9999 -9999 -9999 -9999 -9999 -9999 -9999 -9999 -9999 -9999 654.8083 652.4572 649.7878 646.771 643.4597 640.318 638.1406 636.9243 636.4088 636.3134 636.4462 636.7047 637.0104 637.2903 637.4989 637.5931 637.6534 637.6342 637.4691 637.1608 636.787 636.4502 636.2247 636.1343 636.1479 636.2421 636.3787 636.5323 636.6832 636.8108 636.8981 636.9395 636.9453 636.9409 636.9674 637.067 637.2661 637.5803 638.1835 638.7548 639.408
