backend/lakes/data/Marie Lake/mari_dem_tm.asc
ncols         208
nrows         187
xllcorner     798000
yllcorner     6056250
cellsize      50
NODATA_value  -9999
[rows 29 to 57 of 187, columns 130 to 194 of 208]
588.177 586.3918 586.0832 586.6426 -9999 -9999 -9999 -9999 591.162 590.8771 590.2817 589.3431 587.6793 585.4337 582.7401 580.1661 578.321 577.8909 578.8271 580.5643 582.6981 584.728 -9999 -9999 -9999 -9999 -9999 -9999 -9999 -9999 -9999 -9999 -9999 -9999 -9999 -9999 -9999 -9999 -9999 -9999 -9999 -9999 -9999 -9999 -9999 -9999 -9999 -9999 -9999 -9999 -9999 -9999 -9999 -9999 -9999 -9999 -9999 -9999 -9999 -9999 -9999 -9999 -9999 -9999 -9999
587.5381 586.0326 585.5865 585.7236 585.8339 586.0067 586.713 588.1842 589.3838 589.2366 588.397 587.1722 585.2977 582.886 580.2502 577.877 576.3387 576.243 577.3455 578.9115 580.7828 582.8412 584.7545 586.0945 -9999 -9999 -9999 -9999 -9999 -9999 -9999 -9999 -9999 -9999 -9999 -9999 -9999 -9999 -9999 -9999 -9999 -9999 -9999 -9999 -9999 -9999 -9999 -9999 -9999 -9999 -9999 -9999 -9999 -9999 -9999 -9999 -9999 -9999 -9999 -9999 -9999 -9999 -9999 -9999 -9999
586.1129 585.0374 584.6342 584.5344 584.5588 584.9692 585.7119 586.7117 587.635 587.4228 586.1829 584.434 582.2502 579.8832 577.5497 575.6113 574.4779 574.7261 575.8644 577.4574 579.286 581.3779 583.6595 585.7693 587.5133 -9999 -9999 -9999 -9999 -9999 -9999 -9999 -9999 -9999 -9999 -9999 -9999 -9999 -9999 -9999 -9999 -9999 -9999 -9999 -9999 -9999 -9999 -9999 -9999 -9999 -9999 -9999 -9999 -9999 -9999 -9999 -9999 -9999 -9999 -9999 -9999 -9999 -9999 -9999 -9999
583.8359 583.2588 583.1561 583.0543 583.0418 583.7823 584.5923 585.3124 585.7263 585.2053 583.6101 581.4474 579.1378 577.3723 575.6898 574.2925 573.5148 573.6727 574.5831 576.038 577.8662 579.9407 582.2993 584.8332 587.1645 588.666 -9999 -9999 -9999 -9999 -9999 -9999 -9999 -9999 -9999 -9999 -9999 -9999 -9999 -9999 -9999 -9999 -9999 -9999 -9999 -9999 -9999 -9999 -9999 -9999 -9999 -9999 -9999 -9999 -9999 -9999 -9999 -9999 -9999 -9999 -9999 -9999 -9999 -9999 -9999
580.6689 580.4424 580.7599 581.1359 581.5063 582.2228 582.898 583.2874 583.2631 582.4856 580.7777 578.6933 577.0035 575.6907 574.5399 573.5862 573.0221 573.0317 573.6102 574.7948 576.4605 578.3981 580.6998 583.3977 586.1416 588.3534 -9999 -9999 -9999 -9999 -9999 -9999 -9999 -9999 -9999 -9999 -9999 -9999 -9999 -9999 -9999 -9999 -9999 -9999 -9999 -9999 -9999 -9999 -9999 -9999 -9999 -9999 -9999 -9999 -9999 -9999 -9999 -9999 -9999 -9999 -9999 -9999 -9999 -9999 -9999
577.1775 577.0875 577.6191 578.1297 578.6041 579.2355 579.884 580.1124 579.9093 579.1378 577.7039 576.3425 575.2851 574.4817 573.8188 573.2564 572.8711 572.7897 573.0873 573.8118 574.9283 576.8547 579.1135 581.8719 584.9998 587.8313 589.8211 -9999 -9999 -9999 -9999 -9999 -9999 -9999 -9999 -9999 -9999 -9999 -9999 -9999 -9999 -9999 -9999 -9999 -9999 -9999 -9999 -9999 -9999 -9999 -9999 -9999 -9999 -9999 -9999 -9999 -9999 -9999 -9999 -9999 -9999 -9999 -9999 -9999 -9999
574.4678 574.6321 575.1003 575.5579 575.9202 576.197 576.2677 576.188 575.8879 575.3441 574.6072 573.9655 573.5862 573.3573 573.2018 573.0529 572.9047 572.8491 573.0135 573.5011 574.3491 575.7036 577.7159 580.3916 583.7244 586.9801 589.2704 590.1534 -9999 -9999 -9999 -9999 -9999 -9999 -9999 -9999 -9999 -9999 -9999 -9999 -9999 -9999 -9999 -9999 -9999 -9999 -9999 -9999 -9999 -9999 -9999 -9999 -9999 -9999 -9999 -9999 -9999 -9999 -9999 -9999 -9999 -9999 -9999 -9999 -9999
572.0435 572.4007 572.8416 573.1993 573.4037 573.4287 573.2281 572.8638 572.3879 571.9103 571.5012 571.3776 571.6162 571.9705 572.3621 572.707 572.9072 573.0255 573.2413 573.7147 574.5114 575.6088 576.8813 578.9597 582.1532 585.5914 588.1361 589.0984 -9999 -9999 -9999 -9999 -9999 -9999 -9999 -9999 -9999 -9999 -9999 -9999 -9999 -9999 -9999 -9999 -9999 -9999 -9999 -9999 -9999 -9999 -9999 -9999 -9999 -9999 -9999 -9999 -9999 -9999 -9999 -9999 -9999 -9999 -9999 -9999 -9999
569.4626 569.97 570.4165 570.7068 570.8116 570.6837 570.2938 569.7108 569.0778 568.5465 568.2531 568.3925 569.0367 569.9438 570.969 571.9308 572.6265 573.0705 573.4813 574.1047 575.0306 576.2321 577.4144 577.6169 580.2316 583.6992 586.6521 588.3707 590.669 -9999 -9999 -9999 -9999 -9999 -9999 -9999 -9999 -9999 -9999 -9999 -9999 -9999 -9999 -9999 -9999 -9999 -9999 -9999 -9999 -9999 -9999 -9999 -9999 -9999 -9999 -9999 -9999 -9999 -9999 -9999 -9999 -9999 -9999 -9999 -9999
566.2123 566.7586 567.2865 567.6264 567.7525 567.5673 567.0231 566.3116 565.613 565.0745 564.8272 565.0503 565.8434 567.1227 568.7529 570.4159 571.812 572.7345 573.4273 574.1977 575.1227 576.0162 576.1355 575.9153 578.1202 581.4619 584.8076 587.5341 589.9412 591.8208 -9999 -9999 -9999 -9999 -9999 -9999 -9999 -9999 -9999 -9999 -9999 -9999 -9999 -9999 -9999 -9999 -9999 -9999 -9999 -9999 -9999 -9999 -9999 -9999 -9999 -9999 -9999 -9999 -9999 -9999 -9999 -9999 -9999 -9999 -9999
562.77 563.2184 563.7792 564.2022 564.4545 564.3126 563.6841 562.9203 562.2529 561.7913 561.5374 561.7578 562.5453 563.9409 566.0151 568.2871 570.3243 571.8673 572.9157 573.8212 574.6348 575.1105 574.9697 574.8516 576.1969 578.9644 582.2568 585.4416 588.2048 590.2274 591.6468 -9999 -9999 -9999 -9999 -9999 -9999 -9999 -9999 -9999 -9999 -9999 -9999 -9999 -9999 -9999 -9999 -9999 -9999 -9999 -9999 -9999 -9999 -9999 -9999 -9999 -9999 -9999 -9999 -9999 -9999 -9999 -9999 -9999 -9999
559.9741 560.2299 560.7063 561.1669 561.5602 561.5739 560.9563 560.1865 559.6185 559.3036 559.1417 559.3951 559.9648 561.1069 563.1776 565.7751 568.3402 570.4592 571.9648 573.0681 573.9086 574.2762 574.0856 573.8682 574.5012 576.5135 579.3637 582.5307 585.5291 587.9099 589.651 590.6135 -9999 -9999 -9999 -9999 -9999 -9999 -9999 -9999 -9999 -9999 -9999 -9999 -9999 -9999 -9999 -9999 -9999 -9999 -9999 -9999 -9999 -9999 -9999 -9999 -9999 -9999 -9999 -9999 -9999 -9999 -9999 -9999 -9999
558.6289 558.6891 559.0444 559.5587 560.1127 560.4345 559.7732 558.9475 558.3828 558.2811 558.5638 559.0463 558.8611 559.2075 560.7617 563.2436 566.0972 568.737 570.7004 572.0753 573.0574 573.5391 573.4594 573.1923 573.3834 574.5029 576.6389 579.4253 582.431 585.1891 587.4446 589.0717 590.3659 591.551 -9999 -9999 -9999 -9999 -9999 -9999 -9999 -9999 -9999 -9999 -9999 -9999 -9999 -9999 -9999 -9999 -9999 -9999 -9999 -9999 -9999 -9999 -9999 -9999 -9999 -9999 -9999 -9999 -9999 -9999 -9999
557.9447 557.9027 558.1481 558.6014 559.1064 559.405 558.9879 558.324 557.8065 557.8082 558.2062 558.3607 558.1085 558.1388 559.0533 561.094 563.8911 566.8311 569.3359 571.0659 572.1575 572.8188 572.9534 572.7561 572.6963 573.2026 574.4812 576.6199 579.3275 582.2224 584.9273 587.1864 588.9821 590.4497 591.5736 592.0872 -9999 -9999 -9999 -9999 -9999 -9999 -9999 -9999 -9999 -9999 -9999 -9999 -9999 -9999 -9999 -9999 -9999 -9999 -9999 -9999 -9999 -9999 -9999 -9999 -9999 -9999 -9999 -9999 -9999
557.5143 557.4484 557.5965 557.9136 558.2685 558.4736 558.2657 557.8771 557.4482 557.4035 557.6735 557.7739 557.5868 557.5013 558.0129 559.488 562.0385 565.0756 567.944 570.1226 571.4192 572.1458 572.4849 572.4551 572.3276 572.4617 573.1187 574.4468 576.554 579.1931 582.0297 584.7108 586.9712 588.7267 590.1342 591.1185 591.7554 591.9445 -9999 -9999 -9999 -9999 -9999 -9999 -9999 -9999 -9999 -9999 -9999 -9999 -9999 -9999 -9999 -9999 -9999 -9999 -9999 -9999 -9999 -9999 -9999 -9999 -9999 -9999 -9999
557.1638 557.1183 557.1818 557.3357 557.5181 557.6298 557.5356 557.3795 557.173 557.0828 557.2211 557.2926 557.2026 557.1134 557.3622 558.462 560.5959 563.5102 566.5096 569.0479 570.6795 571.6293 572.0992 572.2471 572.1736 572.1309 572.3771 573.0903 574.3987 576.4244 578.9476 581.7056 584.2458 586.2908 588.0273 589.4093 590.2198 590.7018 591.1869 -9999 -9999 -9999 -9999 -9999 -9999 -9999 -9999 -9999 -9999 -9999 -9999 -9999 -9999 -9999 -9999 -9999 -9999 -9999 -9999 -9999 -9999 -9999 -9999 -9999 -9999
556.8396 556.8381 556.8382 556.8417 556.8542 556.8641 556.8431 556.8432 556.8372 556.8321 556.8339 556.8417 556.8328 556.8109 556.8578 557.6566 559.4605 562.0939 564.9867 567.6673 569.7445 571.0291 571.7541 572.0821 572.1376 572.0619 572.0859 572.3756 573.0699 574.2838 576.1356 578.563 581.0609 583.2445 585.3037 587.0801 588.3372 589.3301 589.8233 590.08 -9999 -9999 -9999 -9999 -9999 -9999 -9999 -9999 -9999 -9999 -9999 -9999 -9999 -9999 -9999 -9999 -9999 -9999 -9999 -9999 -9999 -9999 -9999 -9999 -9999
556.5482 556.5698 556.5516 556.4998 556.4398 556.3962 556.3674 556.3804 556.4182 556.444 556.4413 556.4114 556.3849 556.3715 556.4691 557.0667 558.618 560.8262 563.3605 565.8998 568.2246 570.0532 571.191 571.8164 572.0784 572.08 572.056 572.1185 572.4227 573.1099 574.3398 576.0554 577.9615 579.9503 582.1585 584.277 586.0419 587.4421 588.1313 588.488 589.0953 -9999 -9999 -9999 -9999 -9999 -9999 -9999 -9999 -9999 -9999 -9999 -9999 -9999 -9999 -9999 -9999 -9999 -9999 -9999 -9999 -9999 -9999 -9999 -9999
556.3094 556.3668 556.3544 556.2844 556.1819 556.0974 556.0541 556.0571 556.092 556.1333 556.1525 556.1606 556.1858 556.264 556.5234 557.131 558.3269 559.8741 561.7247 563.9313 566.3315 568.5307 570.1882 571.219 571.7793 572.0034 572.0797 572.08 572.1679 572.4521 573.1543 574.2357 575.6221 577.2504 579.1382 581.3746 583.5706 585.465 586.7303 587.5461 588.2385 589.252 -9999 -9999 -9999 -9999 -9999 -9999 -9999 -9999 -9999 -9999 -9999 -9999 -9999 -9999 -9999 -9999 -9999 -9999 -9999 -9999 -9999 -9999 -9999
556.1423 556.2443 556.2489 556.1747 556.0554 555.933 555.884 555.9028 555.9641 556.0399 556.0962 556.1796 556.3412 556.5735 557.1008 557.9413 558.51 559.2931 560.3718 562.0251 564.2134 566.5496 568.592 570.1093 571.0728 571.6049 571.8921 572.0194 572.0792 572.0902 572.4236 572.9785 573.9217 575.1927 576.7852 578.7485 581.1482 583.5594 585.6331 587.1802 588.2587 589.2958 -9999 -9999 -9999 -9999 -9999 -9999 -9999 -9999 -9999 -9999 -9999 -9999 -9999 -9999 -9999 -9999 -9999 -9999 -9999 -9999 -9999 -9999 -9999
556.0757 556.2164 556.2339 556.1644 556.0404 555.9258 555.8826 555.9603 556.0946 556.2605 556.3605 556.5355 556.9097 557.2367 558.02 558.4537 558.6976 559.0177 559.5648 560.5514 562.2653 564.3831 566.488 568.2929 569.773 570.7161 571.3629 571.7651 571.9635 571.9951 572.0704 572.1628 572.7693 573.726 575.0342 576.7562 578.9607 581.7312 584.6103 587.1533 588.942 590.0979 590.342 -9999 -9999 -9999 -9999 -9999 -9999 -9999 -9999 -9999 -9999 -9999 -9999 -9999 -9999 -9999 -9999 -9999 -9999 -9999 -9999 -9999 -9999
556.1466 556.3036 556.3174 556.2535 556.1504 556.0657 556.1003 556.2787 556.5276 556.8886 557.0159 557.2422 557.9706 558.2793 558.6049 558.7565 558.8083 558.8926 559.1086 559.614 560.6043 562.2209 564.0969 565.9125 567.6702 569.1553 570.3394 571.1896 571.7009 571.8762 571.8459 571.7836 572.0731 572.743 573.7764 575.2631 577.3104 580.0088 583.3645 586.7566 589.5178 591.3594 591.8626 590.9892 -9999 -9999 -9999 -9999 -9999 -9999 -9999 -9999 -9999 -9999 -9999 -9999 -9999 -9999 -9999 -9999 -9999 -9999 -9999 -9999 -9999
556.3301 556.5144 556.5171 556.4662 556.401 556.3828 556.5385 556.9245 557.2633 557.995 558.2175 558.3171 558.5989 558.7598 558.8385 558.7886 558.7241 558.7097 558.7504 558.9137 559.3425 560.218 561.5832 563.1937 565.0219 566.8436 568.6413 570.1511 571.1447 571.6127 571.6342 571.4672 571.5492 572.0373 572.8322 574.0668 575.8918 578.4113 581.6353 585.5137 589.0244 591.5122 593.3129 592.6973 -9999 -9999 -9999 -9999 -9999 -9999 -9999 -9999 -9999 -9999 -9999 -9999 -9999 -9999 -9999 -9999 -9999 -9999 -9999 -9999 -9999
556.5925 556.8351 556.851 556.8492 556.8539 556.9147 557.2322 557.9899 558.3027 558.6462 558.7771 558.769 558.7533 558.7593 558.6857 558.4321 558.251 558.2025 558.1817 558.1502 558.1735 558.478 559.3463 560.5974 562.2968 564.2184 566.4195 568.518 570.1571 571.0825 571.2932 571.0436 570.9973 571.4086 572.0325 573.0164 574.5686 576.8248 579.8188 583.4317 587.1085 589.5272 592.6558 593.9217 594.1518 -9999 -9999 -9999 -9999 -9999 -9999 -9999 -9999 -9999 -9999 -9999 -9999 -9999 -9999 -9999 -9999 -9999 -9999 -9999 -9999
556.855 557.1817 557.3356 557.4543 557.5945 557.816 558.2277 558.5654 558.6779 558.7679 558.781 558.6348 558.3245 558.2311 558.102 557.6064 557.1172 556.9846 556.9564 556.9265 556.9069 557.0559 557.6818 558.5641 560.0018 561.8486 564.0293 566.4373 568.6192 570.1869 570.7739 570.5016 570.3597 570.8532 571.2927 572.0428 573.3059 575.246 577.9146 581.2271 585.3491 589.072 592.5579 594.9415 595.9142 -9999 -9999 -9999 -9999 -9999 -9999 -9999 -9999 -9999 -9999 -9999 -9999 -9999 -9999 -9999 -9999 -9999 -9999 -9999 -9999
557.0269 557.4175 557.6995 557.9402 558.1726 558.3655 558.5489 558.6054 558.4269 558.2854 558.2234 557.9919 557.2595 557.025 556.9399 556.7137 556.4215 556.2939 556.2657 556.2648 556.2839 556.4023 556.7465 557.1619 558.2458 559.8221 561.8167 564.1956 566.6669 568.789 570.0207 569.7501 569.7894 570.2371 570.6302 571.2053 572.1964 573.8522 576.2961 579.4875 583.4144 587.7311 591.7921 594.8652 596.7979 597.7652 -9999 -9999 -9999 -9999 -9999 -9999 -9999 -9999 -9999 -9999 -9999 -9999 -9999 -9999 -9999 -9999 -9999 -9999 -9999
556.7024 557.2924 557.7268 558.0657 558.3561 558.4745 558.3142 558.1335 557.6206 557.1433 557.0086 556.8823 556.5111 556.3141 556.2346 556.1318 556.0106 555.9659 555.9944 556.061 556.1382 556.2154 556.2961 556.4451 557.0231 558.2086 559.8989 562.0807 564.5901 567.0472 568.8108 568.8533 569.5985 570.0585 570.3066 570.698 571.4682 572.7604 574.9429 577.8799 581.4785 585.6077 589.8619 593.6351 596.4613 598.0306 598.5702 -9999 -9999 -9999 -9999 -9999 -9999 -9999 -9999 -9999 -9999 -9999 -9999 -9999 -9999 -9999 -9999 -9999 -9999
556.1041 556.8108 557.3405 557.6622 557.8953 557.9692 557.3024 556.9833 556.6708 556.3807 556.2609 556.1708 555.9994 555.888 555.8488 555.833 555.8345 555.8893 556.0051 556.1652 556.3297 556.4188 556.3164 556.2189 556.3909 557.0296 558.325 560.2648 562.7061 565.3542 567.7788 569.3964 570.1522 570.329 570.2896 570.5116 571.1732 572.2279 573.9213 576.465 579.6671 582.9948 586.9503 591.0205 594.568 597.0468 598.2078 598.4152 -9999 -9999 -9999 -9999 -9999 -9999 -9999 -9999 -9999 -9999 -9999 -9999 -9999 -9999 -9999 -9999 -9999
555.4373 556.0747 556.5865 556.7406 556.7909 556.7292 556.3147 556.0614 555.8974 555.8184 555.7925 555.7659 555.7043 555.6658 555.6746 555.7223 555.8092 555.9489 556.147 556.3953 556.6575 556.8241 556.5992 556.3226 556.1943 556.3917 557.1127 558.6064 560.825 563.4699 566.164 568.5078 570.1057 570.3766 570.1694 570.3654 571.0815 572.0072 573.0486 575.1089 578.0187 580.5328 583.6454 587.5565 591.5331 594.8101 596.7755 597.5072 597.1289 -9999 -9999 -9999 -9999 -9999 -9999 -9999 -9999 -9999 -9999 -9999 -9999 -9999 -9999 -9999 -9999
