backend/lakes/data/Marie Lake/mari_dem_tm.asc
ncols         208
nrows         187
xllcorner     798000
yllcorner     6056250
cellsize      50
NODATA_value  -9999
[rows 87 to 115 of 187, columns 65 to 129 of 208]
553.3485 553.8149 554.5968 555.2787 555.3682 555.3104 555.3096 555.3074 555.3607 555.7589 556.5527 556.8417 556.8836 556.2066 554.5978 553.7872 554.3423 555.0801 555.3663 555.5303 556.0349 556.5319 556.6254 556.012 555.31 556.0003 556.6765 556.8372 557.0745 558.2274 558.6652 558.5973 558.0627 557.1634 556.5498 556.2041 556.1497 556.3746 556.814 557.2279 557.7572 558.3649 558.7413 559.0043 559.4842 559.7625 559.8014 559.5091 558.5914 558.0392 557.6084 557.1973 556.8008 556.124 555.3087 554.4022 553.7029 553.1461 552.8608 552.8243 553.0317 553.4891 554.1519 554.9477 555.4655
553.3242 553.8158 554.6402 555.2969 555.3102 555.2358 555.1356 555.0196 554.9631 555.1386 555.5878 556.2686 556.8412 556.5149 554.7701 553.7911 554.8689 555.9402 556.571 556.7472 556.9692 557.1776 557.053 556.4372 555.3101 556.4589 556.8363 556.8516 557.311 558.2012 558.3279 558.0059 557.1639 556.6034 556.2399 556.0574 556.0662 556.2555 556.5597 556.8211 556.8824 556.9989 557.1305 557.3461 557.8696 558.3122 558.568 558.3436 557.9345 557.6191 557.3054 556.8846 556.5036 555.8632 555.0571 553.9547 553.1445 552.7678 552.6116 552.6165 552.7691 553.0786 553.5306 554.1318 555.0114
553.3065 553.8175 554.6829 555.2989 555.3101 555.1963 555.0309 554.8536 554.7312 554.7831 555.0727 555.631 556.5948 556.5604 554.8079 553.7968 555.022 556.4983 557.2026 557.4501 557.5302 557.4534 557.0613 556.3112 555.3247 556.5784 556.841 556.8417 557.1121 557.4691 557.4243 557.0068 556.6531 556.4634 556.3229 556.2466 556.2546 556.3455 556.48 556.5769 556.5643 556.5601 556.6072 556.723 556.9259 556.9767 557.0528 557.0497 557.1852 557.1828 557.0897 556.8043 556.2168 555.3904 554.403 553.3688 552.4606 552.3814 552.3781 552.4335 552.5536 552.7515 553.0577 553.4963 554.13
553.3027 553.8433 554.806 555.3089 555.3101 555.1783 554.9879 554.7874 554.6395 554.6192 554.7932 555.1815 555.7283 556.2397 554.7415 553.8751 554.9396 556.5746 557.3704 557.6774 557.6864 557.4047 556.7428 555.6088 555.3726 556.6346 556.8406 556.809 556.8383 556.856 556.835 556.6857 556.6672 556.8719 556.9337 556.9443 556.9413 556.9456 556.9581 556.9608 556.9232 556.8442 556.8288 556.8363 556.8361 556.6637 556.6228 556.6456 556.8264 556.8445 556.829 556.4921 555.8174 554.8537 553.5784 552.5278 552.1274 552.2515 552.2603 552.3293 552.416 552.5439 552.7374 553.0433 553.4984
553.3386 553.9373 555.1011 555.4095 555.3108 555.1719 554.984 554.7842 554.6281 554.5778 554.671 554.922 555.2328 555.3364 554.5167 553.9454 555.103 556.5379 557.2408 557.5646 557.5579 557.2 556.4995 555.3944 555.4103 556.6645 556.8401 556.7501 556.6635 556.6509 556.7087 556.9053 557.1976 557.9205 558.1964 558.3189 558.3408 558.3341 558.3276 558.2973 558.1412 557.7132 557.5029 557.4194 557.2963 556.9801 556.8246 556.6315 556.5958 556.5697 556.4879 556.114 555.3172 554.0183 552.6779 552.0426 551.8806 552.0125 552.1307 552.2592 552.3348 552.418 552.5456 552.7456 553.0502
553.4781 554.0856 555.1909 555.438 555.3109 555.1767 555.0017 554.8113 554.657 554.5891 554.6402 554.7944 554.9882 555.0352 554.7523 554.6625 555.3433 556.282 556.871 557.2261 557.218 556.7731 555.9685 555.3069 555.4431 556.677 556.84 556.7214 556.6708 556.8394 557.1413 557.917 558.4018 558.933 559.2966 559.6583 559.7667 559.7822 559.7772 559.7211 559.4576 558.769 558.5145 558.4511 558.3698 558.0654 557.5334 556.9909 556.6556 556.4612 556.2729 555.8668 555.0827 553.6485 552.4229 551.9441 551.8225 551.8995 552.0231 552.1561 552.2598 552.3345 552.423 552.5643 552.7574
553.8662 554.6103 555.3021 555.4476 555.3106 555.1838 555.0234 554.8432 554.6937 554.6191 554.6456 554.7671 554.9313 555.0638 555.1199 555.2756 555.6102 556.1324 556.5661 556.8373 556.7896 556.2093 555.4194 555.1293 555.4224 556.5878 556.7627 556.7334 556.8933 557.4615 558.1744 558.9745 559.6196 559.9286 560.1817 560.5638 560.7169 560.7542 560.7512 560.6931 560.488 560.0764 559.9138 559.798 559.6324 559.1208 558.5413 557.9675 557.1292 556.6251 556.2184 555.651 554.7769 553.2598 552.5256 552.1031 551.9102 551.8861 551.9528 552.0596 552.1672 552.2598 552.335 552.4512 552.5935
554.4652 555.1899 555.4817 555.4786 555.3109 555.1823 555.0321 554.863 554.7176 554.6425 554.6584 554.7648 554.933 555.1227 555.3074 555.42 555.627 555.9194 556.2059 556.3616 556.2554 555.8162 555.3108 555.1348 555.3737 556.2186 556.6308 556.9034 557.4911 558.282 559.0968 559.9051 560.5486 560.8778 561.2422 561.3966 561.4194 561.4182 561.42 561.4241 561.4048 561.3143 561.1937 560.8593 560.5752 560.0588 559.6691 558.9862 558.1036 557.1349 556.3672 555.4265 554.2227 552.7357 552.5982 552.2195 551.9634 551.8594 551.871 551.9525 552.062 552.171 552.2608 552.3834 552.5112
554.908 555.32 555.5066 555.4708 555.3105 555.1732 555.0208 554.8595 554.7226 554.6489 554.6597 554.7526 554.9053 555.0779 555.2258 555.3116 555.4747 555.6274 555.8317 555.9284 555.8352 555.5532 555.3085 555.3057 555.6519 556.3313 556.8935 557.519 558.2924 559.1118 559.9358 560.7298 561.3162 561.476 561.7677 561.8961 561.9073 561.9061 561.9261 561.9672 562.0072 561.9718 561.8031 561.4728 561.3336 560.9214 560.5786 559.9223 559.0488 558.0176 556.8235 555.4349 553.8586 552.4167 552.1028 551.9922 551.8079 551.714 551.7198 551.8013 551.9327 552.093 552.2583 552.3498 552.4728
555.2889 555.4783 555.5192 555.4554 555.3106 555.1559 554.9942 554.8367 554.7137 554.6473 554.6552 554.7363 554.8699 555.0159 555.1289 555.2043 555.3065 555.3195 555.5105 555.5813 555.5201 555.3088 555.1686 555.3246 556.0111 556.8178 557.5553 558.3206 559.116 559.9254 560.7184 561.3826 561.7985 561.9756 562.1472 562.2217 562.2156 562.2126 562.2498 562.3083 562.3677 562.353 562.1938 561.9259 561.7218 561.4471 561.3254 560.7582 559.8847 558.7214 557.4192 555.8276 553.9324 552.3259 551.7043 551.614 551.5175 551.4611 551.4846 551.5811 551.7333 551.9304 552.1286 552.2625 552.4279
555.4426 555.4935 555.4578 555.412 555.3088 555.1323 554.963 554.8176 554.715 554.6637 554.6715 554.7434 554.8653 554.9953 555.0638 555.0778 555.1053 555.1467 555.3013 555.3104 555.299 555.1279 555.1211 555.4863 556.5427 557.4896 558.3379 559.1388 559.9319 560.7109 561.3738 561.833 562.1174 562.2697 562.3801 562.4189 562.3959 562.3814 562.4282 562.4971 562.5651 562.568 562.4264 562.1796 561.9673 561.816 561.7381 561.3937 560.6885 559.6023 558.1488 556.3658 554.2593 552.3644 551.4206 551.187 551.2076 551.1915 551.2169 551.3091 551.4662 551.7092 551.9917 552.2543 552.392
555.3112 555.3691 555.3109 555.309 555.2081 555.0808 554.9509 554.8345 554.7723 554.7403 554.7484 554.8095 554.9288 555.0745 555.0973 555.0137 554.9608 554.9584 555.0087 555.0076 555.0174 555.0682 555.3536 556.0648 557.1282 558.2426 559.1411 559.9474 560.7211 561.3673 561.8021 562.1005 562.2915 562.4084 562.4894 562.5179 562.4936 562.4709 562.5149 562.5912 562.659 562.6735 562.543 562.2858 562.0557 561.9581 561.9579 561.8184 561.3323 560.2683 558.7711 556.8277 554.5591 552.4985 551.3389 550.9529 550.989 550.9666 550.9681 551.0234 551.1379 551.4116 551.7491 552.0629 552.2662
555.2419 555.3099 555.2368 555.202 555.1456 555.0901 555.0288 554.9381 554.9442 554.9365 554.9383 554.9756 555.0836 555.3008 555.3054 555.1078 554.9955 554.9484 554.9437 554.9474 555.0227 555.3383 556.0067 556.9733 558.1096 559.1018 559.963 560.7415 561.3691 561.7651 562.0203 562.2075 562.3459 562.4454 562.5215 562.5595 562.5515 562.5338 562.5672 562.644 562.6987 562.713 562.5903 562.3134 562.0452 561.9517 562.0287 562.0829 561.8735 561.1675 559.7464 557.6097 555.0879 552.8635 551.5406 550.9519 550.851 550.8051 550.7394 550.7293 550.7571 551.0738 551.4685 551.8759 552.2455
555.3148 555.3179 555.3157 555.3181 555.3196 555.3184 555.2977 555.1715 555.2933 555.3153 555.312 555.3089 555.3459 555.6105 555.7335 555.4989 555.4019 555.317 555.3126 555.3755 555.5046 556.0451 556.9545 558.0634 559.053 559.937 560.763 561.3766 561.7371 561.9415 562.0685 562.1855 562.3098 562.4254 562.5248 562.5889 562.6058 562.6027 562.6272 562.6927 562.7277 562.7252 562.6133 562.3342 562.0255 561.9008 562.0121 562.2045 562.2225 561.8074 560.7155 558.6431 556.0608 553.6387 552.0386 551.21 550.8889 550.7379 550.476 550.3242 550.3925 550.7266 551.1328 551.5695 551.9926
555.8708 555.8811 555.8963 555.9242 555.9448 555.9282 555.8148 555.571 555.8215 555.9385 555.9566 555.9608 556.0186 556.2771 556.6487 556.6389 556.5096 556.1873 556.2231 556.5662 556.7617 557.1537 558.0693 559.0055 559.8441 560.61 561.334 561.6877 561.8578 561.9366 561.9929 562.0752 562.2095 562.3715 562.5303 562.6439 562.6857 562.6932 562.7122 562.7521 562.774 562.7404 562.6412 562.3978 562.0804 561.9081 561.9968 562.2407 562.3977 562.1898 561.3466 559.6122 557.2538 554.7493 552.736 551.6224 551.0624 550.713 550.1481 549.8209 549.9235 550.2775 550.7305 551.2032 551.746
556.8666 556.8442 556.7892 556.7767 556.7878 556.7936 556.7614 556.6793 556.7504 556.7953 556.8241 556.8856 556.9161 557.0397 557.3567 557.4334 557.325 557.1236 557.3533 557.9658 558.2351 558.4743 559.0527 559.7684 560.3387 560.9022 561.4155 561.679 561.7742 561.8013 561.8391 561.9156 562.0648 562.2847 562.5378 562.7369 562.8003 562.807 562.817 562.8233 562.8329 562.7759 562.6859 562.5111 562.2407 562.0397 562.0636 562.2772 562.4836 562.4408 561.9176 560.7281 558.6976 556.1483 553.7624 552.1989 551.2893 550.6331 549.7346 549.2605 549.4604 549.8445 550.3221 550.8058 551.3995
558.3322 558.1392 557.7753 557.5742 557.5099 557.5037 557.458 557.3259 557.3484 557.5175 557.7582 558.1431 558.2799 558.3809 558.5721 558.6661 558.6739 558.7262 559.1012 559.5876 559.7755 559.8386 559.9794 560.3164 560.6298 561.0019 561.4002 561.5558 561.5955 561.6057 561.6577 561.7374 561.8818 562.1353 562.5082 562.8481 562.9314 562.9313 562.9301 562.892 562.8856 562.842 562.7493 562.6482 562.4695 562.2856 562.2366 562.3555 562.5201 562.5439 562.2443 561.4471 559.9594 557.5963 555.0211 552.9147 551.5721 550.5297 549.3681 548.9825 549.1978 549.5364 550.0708 550.6748 551.1223
560.2278 559.7662 559.0756 558.687 558.4954 558.4119 558.2807 557.9446 557.9566 558.3391 558.775 559.5151 559.8721 560.15 560.5126 560.7414 560.8416 560.9463 561.1929 561.359 561.3802 561.2905 561.1147 561.0476 560.9969 561.0905 561.2955 561.4098 561.4089 561.4103 561.4995 561.5624 561.6553 561.8629 562.3394 562.8804 563.0606 563.0739 563.0328 562.9303 562.9303 562.9302 562.8393 562.7898 562.691 562.5624 562.4688 562.4634 562.5109 562.4944 562.2991 561.8052 560.8528 558.9113 556.4021 553.9316 552.045 550.556 549.2689 548.8054 548.9131 549.2448 549.799 550.3574 550.788
562.6215 562.0272 561.2238 560.656 560.1746 559.8414 559.4718 558.8204 558.8717 559.5711 560.2464 561.1078 561.6816 562.231 562.8027 563.2319 563.4034 563.4545 563.4559 563.3063 563.1675 562.9537 562.5549 562.2164 561.7908 561.5686 561.535 561.4733 561.3083 561.297 561.4077 561.4083 561.4059 561.4385 561.8627 562.3157 562.7067 562.8096 562.8949 562.9235 563.0142 563.0264 562.9305 562.9291 562.8495 562.7834 562.6745 562.5544 562.4496 562.3104 562.0675 561.673 561.1034 559.9186 557.7504 555.1149 552.6758 550.7308 549.2896 548.7613 548.8331 549.2109 549.6798 550.1978 550.7006
565.1577 564.6204 563.8173 563.1336 562.3989 561.7349 561.1547 560.4779 560.5947 561.2478 562.0656 562.8987 563.663 564.3497 565.0398 565.5818 565.7883 565.8066 565.7173 565.4948 565.3227 565.0741 564.6062 564.1429 563.5845 563.028 562.5449 562.1815 561.6361 561.4262 561.2936 561.2377 561.2158 561.2323 561.3951 561.4506 561.5454 561.6675 562.063 562.3473 562.7285 562.8903 562.9244 562.9972 562.9316 562.9298 562.811 562.6037 562.37 562.0934 561.722 561.1993 560.6269 560.6392 558.7709 556.1178 553.4279 551.1476 549.5055 548.869 548.8695 549.2156 549.579 550.0107 550.4374
567.3574 566.9927 566.2787 565.5877 564.8331 563.9911 563.2727 562.554 562.5659 563.0479 563.927 564.6932 565.5766 566.2523 566.9828 567.5856 567.81 567.8357 567.7842 567.6835 567.5809 567.3578 566.8737 566.3487 565.8294 565.1556 564.4388 563.821 562.9686 562.3177 561.7693 561.5479 561.4397 561.3431 561.192 561.0904 561.069 561.1373 561.3795 561.4568 561.6451 562.0634 562.376 562.8577 563.0378 563.0714 562.9317 562.6708 562.3777 562.0485 561.6798 561.2673 561.1672 561.0973 559.3729 556.8773 554.2203 551.8588 550.0557 549.1199 548.9406 549.2067 549.4516 549.8555 550.3085
569.1183 568.9283 568.3893 567.6972 567.0698 566.2433 565.4379 564.6085 564.3942 564.7318 565.613 566.3604 567.3121 568.0076 568.7393 569.3856 569.6111 569.6459 569.634 569.6132 569.5834 569.4235 569.0079 568.5677 568.1373 567.4234 566.5306 565.7472 564.8315 564.0981 563.3729 562.7106 562.3947 562.131 561.6219 561.3722 561.2235 561.0901 561.0847 561.0583 561.1204 561.374 561.5569 562.1784 562.8265 563.1074 563.1018 562.928 562.6415 562.3121 562.0055 561.7661 561.6643 561.2988 559.7177 557.3457 554.7022 552.3253 550.4869 549.2599 548.8829 548.992 549.2374 549.7078 550.2188
570.5331 570.45 570.0964 569.409 568.9495 568.2859 567.4001 566.4888 566.1025 566.3585 567.2273 567.9543 568.9399 569.647 570.2383 570.509 570.6127 570.6385 570.6622 570.7083 570.7645 570.7086 570.5067 570.3115 570.0436 569.431 568.6002 567.7819 566.9471 566.1892 565.4544 564.6957 564.2283 563.778 563.0109 562.4796 562.1656 561.7323 561.4644 561.2376 561.0438 561.0454 561.1309 561.4806 562.1694 562.8934 563.1353 563.1138 562.931 562.6518 562.3875 562.1686 561.9379 561.3492 559.8335 557.562 554.984 552.606 550.6737 549.2894 548.8107 548.8861 549.2146 549.6368 550.0865
571.3994 571.3251 571.0715 570.6571 570.4335 570.0157 569.1744 568.3661 567.8243 568.031 568.8265 569.411 570.2119 570.566 570.813 570.8986 570.9353 570.9638 571.0238 571.1307 571.2596 571.2862 571.1178 570.942 570.8025 570.5654 570.2242 569.6379 568.9874 568.3062 567.5317 566.8317 566.2363 565.6406 564.851 564.3225 563.9456 563.3785 562.6795 562.1674 561.6014 561.3528 561.2341 561.2189 561.5709 562.4777 562.9546 563.149 563.1204 562.9335 562.6989 562.4044 562.0269 561.3322 559.9289 557.7632 555.3177 552.9648 550.8696 549.3243 548.7716 548.8445 549.215 549.6008 550.0054
571.8418 571.7848 571.6322 571.423 571.2715 570.9996 570.5126 570.0088 569.4319 569.6496 570.2291 570.5018 570.7459 570.8271 570.8547 570.8154 570.8055 570.8422 570.9326 571.0875 571.2729 571.3904 571.2264 570.987 570.8878 570.8931 570.88 570.7136 570.458 570.0545 569.3427 568.8441 568.275 567.5671 566.8743 566.309 565.8801 565.3849 564.6142 563.8876 563.0271 562.4612 562.099 561.5942 561.4666 561.6431 562.4696 562.9843 563.1648 563.1184 562.9168 562.5024 561.9779 561.2462 560.1436 558.0562 555.6747 553.355 551.1523 549.4011 548.7623 548.8256 549.217 549.5634 549.9481
571.998 571.9604 571.8705 571.7571 571.6533 571.4768 571.1818 570.8422 570.5203 570.5527 570.7865 570.8696 570.8483 570.7535 570.6624 570.5542 570.4921 570.5278 570.6299 570.8063 571.0309 571.232 571.1829 570.9005 570.7421 570.8159 570.9915 571.1132 571.1295 570.9725 570.6248 570.4041 570.0279 569.3306 568.8386 568.3077 567.7426 567.3167 566.6693 565.8265 564.908 564.3082 563.8005 562.9565 562.2403 561.6894 561.6618 562.6259 563.0247 563.1135 562.9277 562.5072 561.9 561.1618 560.3845 558.4641 556.0593 553.6187 551.3022 549.4407 548.7319 548.7724 549.1895 549.4691 549.8694
572.0173 572.0001 571.9246 571.8357 571.7486 571.622 571.4279 571.1948 570.9819 570.92 570.9601 570.9275 570.8008 570.6293 570.4858 570.3563 570.2369 570.2449 570.3345 570.5015 570.7391 570.9557 571.1061 570.9296 570.7289 570.7386 570.9327 571.1755 571.3683 571.4347 571.3705 571.2731 571.0352 570.6357 570.3925 570.0218 569.3855 569.064 568.6305 567.8117 566.9908 566.3687 565.789 564.7883 563.702 562.4581 561.727 562.0848 562.7483 563.0176 562.9326 562.6298 562.0847 561.6309 560.8773 558.8956 556.3331 553.7623 551.3659 549.4455 548.651 548.5937 548.9053 549.2449 549.7599
572.0883 572.0797 571.9519 571.8311 571.7277 571.6086 571.4539 571.2791 571.1196 571.0123 570.9637 570.8948 570.7631 570.5956 570.4548 570.3379 570.1901 570.1311 570.1924 570.326 570.5367 570.764 570.9332 571.0222 570.9174 570.8728 570.9875 571.2073 571.4498 571.6368 571.7306 571.7301 571.624 571.4407 571.2787 571.0011 570.6207 570.4758 570.2432 569.6526 569.0289 568.524 567.9609 566.8242 565.3102 563.5323 561.9368 561.4915 562.5309 562.9421 563.0477 562.9184 562.54 562.0638 561.1356 559.0798 556.4371 553.8084 551.3875 549.4435 548.5762 548.4489 548.7473 549.2128 549.7468
572.5184 572.3767 572.0912 571.8829 571.726 571.5726 571.418 571.2642 571.1351 571.0276 570.9437 570.8715 570.7766 570.6611 570.5597 570.4785 570.3561 570.2211 570.244 570.3372 570.5048 570.7086 570.8807 571.0231 571.1012 571.1361 571.2115 571.3565 571.5619 571.7585 571.9156 571.9506 571.9233 571.8608 571.7806 571.5866 571.3905 571.3094 571.1776 570.8899 570.5807 570.3436 569.897 568.7828 567.103 565.0802 563.0361 561.6105 562.006 562.7166 563.0013 562.932 562.7112 562.2019 561.1337 559.0173 556.3538 553.7394 551.3604 549.4344 548.5125 548.3445 548.6621 549.2112 549.7743
