backend/lakes/data/Marie Lake/mari_dem_tm.asc
ncols         208
nrows         187
xllcorner     798000
yllcorner     6056250
cellsize      50
NODATA_value  -9999
[rows 58 to 86 of 187, columns 65 to 129 of 208]
554.7303 554.76 554.7919 554.8722 554.9918 555.3514 555.6992 556.5291 557.0064 557.0363 556.541 555.4335 554.392 553.2503 551.8563 550.7999 550.6321 550.741 550.9447 551.1819 551.4302 551.6683 551.8876 552.0892 552.261 552.4688 552.6931 552.9023 553.074 553.2001 553.2701 553.2775 553.218 553.1061 552.9635 552.8082 552.6523 552.5067 552.3842 552.2983 552.26 552.2563 552.26 552.2377 552.1794 552.1025 552.0341 551.9907 551.9615 551.9279 551.8903 551.8712 551.8945 551.9686 552.0829 552.2094 552.3092 552.3403 552.2589 552.0215 551.9606 552.388 553.6257 554.3262 554.7426
555.4714 555.3417 555.2761 555.4075 555.6702 556.4054 556.7625 557.1475 557.2006 556.8023 555.7917 554.8986 553.8361 552.474 551.1154 550.6479 550.7379 550.8386 551.0315 551.2767 551.5411 551.7977 552.0334 552.2552 552.4355 552.6625 552.9063 553.1248 553.2919 553.4083 553.4636 553.4648 553.4014 553.2849 553.1337 552.9656 552.7927 552.6253 552.4734 552.3477 552.2601 552.2449 552.2558 552.26 552.2223 552.1608 552.0968 552.0507 552.0192 551.9856 551.9452 551.9144 551.9199 551.9763 552.0759 552.1929 552.2905 552.3274 552.2591 552.0364 551.9799 552.3993 553.6369 554.229 554.5446
556.9894 556.585 556.2769 556.5601 556.7355 557.0252 557.2545 557.3657 557.1282 556.5118 555.443 554.5931 553.6028 552.1645 550.8707 550.6224 550.7396 550.8931 551.1047 551.3613 551.6364 551.8979 552.1148 552.2668 552.5403 552.8306 553.1094 553.3402 553.4969 553.6099 553.6437 553.6385 553.5645 553.4448 553.2938 553.1227 552.9417 552.76 552.587 552.4344 552.3182 552.26 552.2537 552.26 552.2468 552.2064 552.1522 552.1063 552.0722 552.0382 551.9988 551.9648 551.9591 551.9999 552.0841 552.1884 552.2787 552.3157 552.2593 552.06 552.0104 552.4161 553.6452 554.0414 554.2419
558.2686 557.5547 557.1564 557.1541 557.2188 557.2372 557.2621 557.1221 556.5931 555.7033 555.004 554.2905 553.3531 551.9023 550.8165 550.7394 550.7988 550.9495 551.1701 551.4391 551.7285 552.0074 552.2539 552.4355 552.7136 553.0262 553.3247 553.5562 553.671 553.7885 553.7905 553.7893 553.6983 553.5786 553.4359 553.2723 553.0931 552.906 552.72 552.547 552.4027 552.3046 552.26 552.2535 552.26 552.2408 552.1998 552.157 552.1207 552.084 552.0444 552.0108 552.0012 552.0322 552.1033 552.1942 552.2737 552.3062 552.2596 552.0984 552.0535 552.4302 553.6241 553.7207 553.8914
558.5276 557.9227 557.5696 557.4279 557.3708 557.2549 556.9955 556.5319 555.695 555.1519 554.6293 553.9047 552.7508 551.2428 550.7245 550.7398 550.825 550.9896 551.2225 551.5055 551.8095 552.0864 552.2707 552.5757 552.9094 553.2464 553.5565 553.7839 553.7939 553.8859 553.9021 553.8762 553.7902 553.6871 553.5618 553.4132 553.2438 553.0592 552.8671 552.6779 552.5049 552.3615 552.2602 552.2403 552.2515 552.26 552.2354 552.2017 552.1664 552.1271 552.0847 552.0505 552.04 552.0667 552.13 552.2106 552.2802 552.3058 552.2602 552.1589 552.0854 552.3707 553.3898 553.2969 553.7389
558.2291 557.8482 557.5834 557.4412 557.285 557.0315 556.5093 555.6582 555.1603 554.8177 554.3865 553.645 552.2791 550.9335 550.7385 550.7367 550.834 551.0132 551.2592 551.5586 551.8967 552.2491 552.4862 552.8102 553.1573 553.4946 553.7908 553.9861 554.0262 554.0494 554.0275 553.9707 553.8844 553.7899 553.6803 553.5485 553.3931 553.2167 553.0248 552.8265 552.6339 552.4623 552.3296 552.2601 552.2477 552.26 552.254 552.2355 552.2081 552.1697 552.1254 552.0894 552.0776 552.102 552.161 552.2369 552.3046 552.3397 552.326 552.258 552.069 552.1305 552.6393 553.5659 554.0087
557.7286 557.5065 557.2911 557.2218 557.0291 556.4943 555.6435 555.1438 554.8573 554.6023 554.1671 553.3742 551.9359 550.8293 550.7394 550.7366 550.8387 551.0269 551.2796 551.5777 551.9067 552.2611 552.6472 553.0695 553.4503 553.7958 554.0918 554.2628 554.2943 554.2554 554.1764 554.0787 553.9763 553.8817 553.7898 553.6771 553.5388 553.3751 553.1895 552.9888 552.7848 552.5931 552.4322 552.3197 552.26 552.2553 552.26 552.2561 552.2408 552.2101 552.1683 552.1322 552.1188 552.1396 552.1941 552.2654 552.3293 552.3638 552.3499 552.2596 552.0229 551.9921 552.4226 553.6194 554.2118
557.1984 557.0672 556.8633 556.8405 556.6225 555.6685 555.1677 554.8975 554.7098 554.4382 553.857 552.7649 551.2586 550.7349 550.6628 550.7099 550.84 551.0432 551.3051 551.6032 551.9176 552.2639 552.8 553.37 553.8014 554.1921 554.4832 554.6199 554.6067 554.494 554.3494 554.2019 554.0696 553.9623 553.8755 553.7897 553.6743 553.5287 553.3547 553.1578 552.9486 552.7422 552.556 552.4066 552.3052 552.26 552.2515 552.26 552.2588 552.2413 552.2095 552.1779 552.1641 552.1802 552.2272 552.2904 552.3445 552.3656 552.3388 552.2556 551.9899 551.9381 552.3897 553.6328 554.3231
556.842 556.8389 556.7037 556.5292 556.1277 555.3767 555.094 554.8785 554.6837 554.3668 553.6786 552.3183 550.9448 550.7368 550.6652 550.7156 550.8587 551.077 551.3573 551.6786 552.0068 552.3121 552.9767 553.7064 554.2031 554.6445 554.949 555.0496 554.9755 554.7696 554.5586 554.3555 554.1802 554.0457 553.949 553.8727 553.7897 553.6693 553.5135 553.3265 553.118 552.9019 552.6942 552.5104 552.362 552.2602 552.2385 552.2467 552.26 552.2581 552.2418 552.2197 552.2087 552.22 552.2572 552.3087 552.3481 552.3417 552.2608 552.1171 551.9027 551.9001 552.3857 553.6364 554.3728
556.7404 556.7829 556.686 556.4294 556.02 555.547 555.2968 554.963 554.6761 554.3098 553.5748 552.1017 550.8595 550.7374 550.6715 550.7295 550.8861 551.1202 551.4253 551.7999 552.2341 552.5846 553.1549 553.8001 554.4899 555.0933 555.4723 555.5491 555.4304 555.1079 554.8474 554.5792 554.3416 554.1592 554.0331 553.947 553.8755 553.7897 553.6599 553.4897 553.288 553.0681 552.8461 552.6379 552.4591 552.3267 552.26 552.2429 552.25 552.26 552.26 552.2495 552.2434 552.2511 552.2775 552.3167 552.3466 552.3328 552.2574 552.0347 551.8386 551.8765 552.3829 553.6334 554.3828
556.7817 556.8401 556.7739 556.4156 555.9899 555.6312 555.315 554.8718 554.4924 554.0912 553.2839 551.7046 550.7732 550.6152 550.6266 550.7321 550.9126 551.156 551.4595 551.8267 552.2624 552.7576 553.3565 553.9406 554.7974 555.5744 556.0546 556.1091 556.0233 555.5955 555.3207 554.9463 554.6049 554.3416 554.1583 554.0385 553.9572 553.8845 553.7896 553.6442 553.4556 553.2382 553.0083 552.7836 552.5818 552.4216 552.3159 552.26 552.246 552.2499 552.2562 552.26 552.26 552.2651 552.2788 552.3009 552.3138 552.2599 552.1327 551.9374 551.8024 551.89 552.3907 553.6295 554.3684
556.8411 556.925 556.7919 556.2742 555.8085 555.5666 555.257 554.5984 554.0825 553.6693 552.6729 551.1819 550.7325 550.601 550.6331 550.7616 550.9572 551.2025 551.4911 551.8322 552.2686 552.9139 553.6998 554.4127 555.1998 556.0361 556.5793 556.6895 556.6868 556.6261 556.1531 555.554 555.0322 554.636 554.3561 554.1722 554.0577 553.9794 553.9009 553.7895 553.6212 553.4113 553.1784 552.9418 552.7203 552.5342 552.3958 552.3062 552.26 552.2468 552.2468 552.251 552.2552 552.26 552.26 552.2601 552.2596 552.1594 552.0143 551.8702 551.8271 551.9983 552.4784 553.65 554.3494
556.9276 556.7654 556.2601 555.7894 555.361 555.2888 554.9384 554.2949 553.5834 553.241 552.0199 550.887 550.7362 550.6383 550.6785 550.8214 551.0312 551.2831 551.5623 551.8719 552.2684 552.9714 553.8375 554.7704 555.3991 556.1807 556.7875 556.8385 556.841 556.9539 556.8369 556.52 555.6865 555.082 554.6482 554.3619 554.1917 554.094 554.0205 553.9292 553.7895 553.5911 553.358 553.1117 552.8723 552.6614 552.4937 552.3733 552.2979 552.26 552.2456 552.2415 552.2425 552.2441 552.2358 552.2119 552.1619 552.051 551.9205 551.8381 551.905 552.234 552.8093 553.7341 554.3438
556.7874 556.1125 555.4763 555.2917 555.0468 554.9106 554.6165 554.1286 553.4993 552.4616 551.1835 550.7341 550.6409 550.631 550.7179 550.8923 551.1295 551.405 551.6997 551.9989 552.3055 553.0219 553.9521 555.115 555.4709 555.8956 556.2053 556.295 556.5098 556.8328 557.0466 557.0257 556.5865 555.7013 555.0271 554.5961 554.3578 554.2396 554.1707 554.0956 553.9745 553.7899 553.556 553.2994 553.0416 552.8058 552.6093 552.4591 552.355 552.2922 552.26 552.2422 552.2334 552.231 552.2155 552.1747 552.0939 551.9758 551.8617 551.8146 551.9181 552.2698 552.9716 553.7632 554.3389
556.4923 555.5555 555.1992 554.9629 554.7376 554.5334 554.2297 553.7601 553.0176 551.991 550.8876 550.7372 550.6356 550.6411 550.7582 550.9662 551.2367 551.5459 551.8816 552.2414 552.5168 553.0843 553.9031 554.968 555.0887 555.2358 555.2927 555.295 555.7371 556.256 556.8071 557.1302 557.0697 556.5172 555.4134 554.8187 554.5333 554.4175 554.3658 554.3127 554.2109 554.0329 553.7911 553.5192 553.2394 552.9755 552.7478 552.5668 552.4341 552.3455 552.2917 552.26 552.2362 552.2322 552.2094 552.1664 552.0776 551.9615 551.8678 551.8583 551.9941 552.3617 553.1737 553.8291 554.3992
556.6174 555.6483 555.1985 554.7339 554.4298 554.1526 553.7919 553.2731 552.4883 551.4825 550.8552 550.738 550.6316 550.6492 550.7938 551.0353 551.3351 551.6567 551.9701 552.2595 552.5677 553.0121 553.5752 554.1954 554.9174 554.6074 554.4048 554.136 554.8333 555.4326 556.1405 556.7979 557.0417 556.6257 555.4811 554.9233 554.6891 554.6298 554.6158 554.5938 554.5171 554.3406 554.092 553.7922 553.4829 553.1841 552.9193 552.7049 552.5448 552.4308 552.3536 552.2999 552.2601 552.2599 552.2249 552.1937 552.1123 552.0181 551.9601 552.0247 552.2722 552.8213 553.6425 554.1361 554.6062
555.9756 555.0588 554.5243 554.2351 554.0591 553.7889 553.4119 552.8905 552.1263 550.9708 550.7329 550.6283 550.5868 550.6506 550.8315 551.1073 551.4367 551.7726 552.0649 552.2687 552.5994 552.969 553.3392 553.6409 553.8895 553.9027 553.8127 553.661 554.0702 554.9025 555.4435 556.0876 556.5253 556.0869 555.3337 554.96 554.8531 554.9037 554.9297 554.9361 554.8906 554.7015 554.4569 554.1395 553.7927 553.4491 553.1373 552.8857 552.7032 552.567 552.4699 552.3997 552.3469 552.3101 552.2603 552.2597 552.1812 552.1241 552.1074 552.2604 552.6046 553.1438 553.7756 554.301 554.8
554.8782 554.0372 553.8029 553.7925 553.7825 553.5083 553.1387 552.6833 552.0651 550.9348 550.6843 550.6126 550.6092 550.6997 550.9006 551.1986 551.5539 551.9184 552.2471 552.4559 552.7645 553.1084 553.3956 553.5521 553.7998 554.1138 554.7493 554.2753 554.9244 555.2869 555.3188 555.3515 555.438 555.3321 555.0923 555.016 555.0867 555.2922 555.3168 555.3137 555.2932 555.062 554.8636 554.5439 554.1893 553.7927 553.4211 553.1248 552.9313 552.7734 552.6573 552.5688 552.5 552.4384 552.3743 552.3279 552.2604 552.259 552.2632 552.5006 552.9045 553.405 553.8413 554.416 554.9421
555.0593 554.4985 554.1912 553.9212 553.6627 553.3584 553.0061 552.6084 552.1711 551.3761 551.0225 550.8538 550.7893 550.844 551.0262 551.3188 551.6763 552.028 552.2739 552.6174 553.0089 553.412 553.7556 553.8489 554.3562 555.0466 555.3054 555.2275 555.3233 555.3893 555.3086 555.1481 555.1058 555.1091 555.0996 555.3119 555.5355 555.8383 555.8154 555.6939 555.5494 555.3294 555.2806 554.9707 554.6709 554.2416 553.8053 553.4456 553.2629 553.067 552.929 552.8122 552.7217 552.6343 552.5428 552.4609 552.3934 552.3898 552.4619 552.728 553.1757 553.7398 554.1494 554.6808 555.2601
554.8474 554.6017 554.2817 553.9927 553.7411 553.4657 553.1529 552.7776 552.2963 551.8024 551.533 551.2775 551.106 551.0789 551.2107 551.4768 551.834 552.2355 552.5084 552.8919 553.3439 553.793 554.1459 554.3651 554.7458 555.1816 555.3104 555.3101 555.3101 555.3099 555.2175 555.0913 555.1172 555.2947 555.4577 556.1047 556.7144 556.7864 556.4218 556.0933 555.8679 555.7053 555.6187 555.3818 555.243 554.8035 554.3826 553.8976 553.7462 553.4494 553.2932 553.125 553.0084 552.8844 552.7542 552.6349 552.5459 552.5244 552.6052 552.8516 553.2655 553.7928 554.3277 554.91 555.4708
554.3555 554.3026 554.1136 553.9196 553.7899 553.6395 553.46 553.2065 552.769 552.3472 552.1779 551.7955 551.4943 551.3677 551.4374 551.66 551.9614 552.2892 552.7485 553.2643 553.815 554.3322 554.6714 554.8574 555.0311 555.2378 555.3101 555.3147 555.269 555.2373 555.1929 555.1396 555.317 555.7378 556.302 557.158 557.9515 557.6727 556.8727 556.3888 556.157 556.0886 556.1111 556.0624 555.8152 555.4052 555.1617 554.6672 554.349 553.8917 553.7487 553.4841 553.3535 553.1746 552.989 552.8258 552.702 552.6465 552.6957 552.8969 553.2689 553.7985 554.4777 555.2417 555.9871
553.8989 553.9631 553.8782 553.7902 553.8019 553.7917 553.793 553.7479 553.3773 553.0709 552.7405 552.2725 551.8792 551.6708 551.7032 551.9291 552.2546 552.6573 553.2034 553.8425 554.5321 555.0822 555.3413 555.3905 555.278 555.3099 555.3328 555.3097 555.2311 555.2324 555.3066 555.3328 555.7383 556.3795 557.1859 558.1387 558.54 558.1709 557.022 556.512 556.3505 556.4014 556.5836 556.7607 556.4468 556.1151 555.7787 555.3865 555.1634 554.6223 554.2153 553.8491 553.7598 553.4867 553.2309 553.0197 552.8567 552.7574 552.7566 552.9055 553.2448 553.7943 554.5635 555.3757 556.2968
553.6071 553.7827 553.7902 553.8629 553.9551 554.0227 554.0693 554.0363 553.8189 553.7219 553.3095 552.7709 552.2679 551.97 551.9834 552.2484 552.6229 553.1587 553.8543 554.6734 555.4648 556.0027 556.1176 556.03 555.5609 555.3265 555.3092 555.2332 555.2169 555.3142 555.5219 555.8057 556.3749 557.1713 558.112 558.6252 558.6188 558.0277 556.9476 556.5229 556.4657 556.6036 556.8491 557.0574 556.9005 556.7695 556.3984 556.1298 555.8931 555.3442 554.8424 554.4777 554.1773 553.8004 553.4794 553.2239 553.0215 552.8715 552.812 552.9075 553.2247 553.816 554.7393 555.598 556.6726
553.4586 553.7861 553.9276 554.0681 554.2054 554.3097 554.3651 554.3439 554.23 554.1064 553.7762 553.2571 552.6985 552.2828 552.2614 552.5288 553.012 553.7386 554.6858 555.6478 556.5524 556.8568 556.8623 556.7432 556.4247 555.4281 555.2112 555.2559 555.4574 555.7076 555.9781 556.4301 557.1613 558.0953 558.6323 558.7292 558.3061 557.269 556.6638 556.4795 556.5952 556.853 557.2489 557.5707 557.5895 557.4196 556.9813 556.8358 556.6971 556.1367 555.5846 555.2398 554.7454 554.2437 553.8037 553.4756 553.2233 553.0074 552.8799 552.9225 553.2279 553.8922 555.0784 555.9932 556.8242
553.4056 553.7878 554.0618 554.2914 554.4795 554.6143 554.683 554.6637 554.5806 554.4581 554.2025 553.7676 553.2188 552.7682 552.6354 552.8513 553.4032 554.2859 555.564 556.6359 557.1874 557.2427 557.0258 556.6556 556.0387 555.3266 555.2627 555.6561 556.4265 556.4318 556.6101 557.1803 558.0881 558.6531 558.8326 558.611 557.9776 556.9373 556.5009 556.4968 556.8138 557.261 557.818 558.3304 558.5126 558.3845 557.8549 557.5012 557.2433 556.8796 556.613 556.0825 555.4021 554.7891 554.2624 553.8074 553.4817 553.1696 552.9614 552.9495 553.2329 553.9201 555.1909 556.1306 556.8239
553.3962 553.7899 554.1633 554.4868 554.7358 554.9077 555.0031 554.9871 554.9281 554.8602 554.7005 554.3021 553.78 553.2631 553.0092 553.1738 553.8256 555.0764 556.457 557.1747 557.3696 557.0916 556.519 555.7034 555.3423 555.198 555.5309 556.4731 556.7902 556.8314 557.1966 558.0781 558.6654 558.8958 558.7388 558.192 557.21 556.6095 556.4064 556.547 556.9599 557.7198 558.4708 559.2057 559.6848 559.5518 558.7266 558.1193 557.731 557.4431 557.2064 556.7949 556.1451 555.3911 554.7865 554.2135 553.7627 553.3173 553.0343 552.9827 553.2463 553.9275 555.1992 556.0294 556.5765
553.3835 553.7908 554.2529 554.6659 554.9636 555.1617 555.3057 555.312 555.3302 555.4098 555.4122 554.9711 554.4208 553.7475 553.3169 553.3612 553.906 555.1541 556.4476 557.0529 557.0605 556.489 555.6371 555.303 555.1949 555.3239 556.0939 556.7969 556.8403 556.9725 557.9662 558.624 558.9384 558.8802 558.4324 557.6192 556.8572 556.4775 556.473 556.8226 557.5623 558.4468 559.2532 559.9002 560.3275 560.2595 559.66 558.7467 558.1634 557.835 557.5792 557.2363 556.7379 555.9551 555.234 554.4623 553.8079 553.3447 553.0595 553.0084 553.2727 553.9444 555.1854 555.7811 556.1549
553.3823 553.7944 554.3496 554.8465 555.1501 555.3109 555.4622 555.6063 555.8772 556.3182 556.5217 555.8232 555.2569 554.2413 553.6 553.512 553.8224 554.634 555.5082 556.2867 556.35 555.5823 555.3412 555.2627 555.3068 555.4547 556.5708 556.8412 556.8512 557.2258 558.2817 558.8298 558.9285 558.6369 558.0055 557.0328 556.5483 556.4229 556.6044 557.0569 558.1711 559.2083 559.8615 560.2987 560.6204 560.6284 560.256 559.5828 558.5997 558.1181 557.7638 557.3766 556.8524 556.135 555.3319 554.527 553.8098 553.3325 553.0536 553.0167 553.2943 553.9629 555.1523 555.4264 555.7245
553.3719 553.8029 554.4713 555.0586 555.309 555.3766 555.4688 555.6239 555.9769 556.6689 556.9723 556.7985 556.4222 555.3004 554.065 553.783 553.936 554.3398 554.7054 555.0357 555.3342 555.4098 555.6443 555.498 555.3099 555.5673 556.6729 556.8403 556.9523 557.9693 558.625 558.8526 558.6462 558.0637 557.1525 556.5526 556.3254 556.4335 556.8254 557.3815 558.3677 559.4691 559.8113 560.0663 560.3827 560.5079 560.3354 559.8462 558.9905 558.2891 557.7974 557.3585 556.8532 556.168 555.3438 554.5225 553.8062 553.2922 553.003 552.9702 553.2438 553.8823 554.9263 554.9779 555.4971
