backend/lakes/data/Marie Lake/mari_dem_tm.asc
ncols         208
nrows         187
xllcorner     798000
yllcorner     6056250
cellsize      50
NODATA_value  -9999
[rows 58 to 86 of 187, columns 130 to 194 of 208]
555.054 555.3179 555.4387 555.4565 555.4549 555.4325 555.3411 555.3118 555.325 555.4573 555.533 555.5615 555.562 555.5732 555.6224 555.7149 555.854 556.0452 556.2872 556.566 556.8375 556.9583 556.837 556.569 556.2988 556.1959 556.4819 557.3851 559.1735 561.5259 564.2316 566.9578 569.1366 569.9314 569.6633 569.9755 570.7139 571.6013 572.459 573.5406 575.6579 577.8847 580.5758 583.9109 587.8441 591.5463 594.236 595.4387 595.6141 595.2875 595.1923 -9999 -9999 -9999 -9999 -9999 -9999 -9999 -9999 -9999 -9999 -9999 -9999 -9999 -9999
554.779 554.8451 554.8286 554.783 554.7573 554.7659 554.8014 554.9005 555.0662 555.3051 555.415 555.4689 555.5005 555.5413 555.6183 555.7408 555.9088 556.1213 556.3687 556.625 556.8414 556.9736 556.9636 556.8344 556.5687 556.3018 556.3014 556.7979 557.9421 559.777 562.246 565.0464 567.6661 569.3005 568.9783 569.6274 570.3911 571.3298 572.1547 572.5049 573.7973 575.5865 577.8816 580.709 583.9673 587.4841 590.4962 592.2361 593.0174 593.3608 593.6786 594.1957 595.1971 -9999 -9999 -9999 -9999 -9999 -9999 -9999 -9999 -9999 -9999 -9999 -9999
554.4293 554.51 554.5058 554.4681 554.4473 554.472 554.5524 554.6974 554.9031 555.1411 555.3093 555.3961 555.4531 555.5154 555.6129 555.757 555.9422 556.1609 556.4008 556.639 556.8391 556.9364 556.9866 556.9576 556.8281 556.5092 556.3312 556.4778 557.0831 558.4082 560.3453 562.8553 565.5878 567.9496 569.3481 569.7516 570.1302 570.9138 571.4697 571.754 572.4432 573.7955 575.6998 578.0586 580.6774 583.2972 586.0609 587.9118 589.1907 590.2401 591.223 592.2313 593.5726 595.0211 596.3447 -9999 -9999 -9999 -9999 -9999 -9999 -9999 -9999 -9999 -9999
554.1628 554.3295 554.3864 554.3839 554.377 554.4045 554.4861 554.6259 554.8132 555.0197 555.1917 555.3099 555.389 555.4669 555.5829 555.7435 555.9407 556.1604 556.3876 556.5994 556.7618 556.8408 556.9307 556.9392 556.8411 556.6624 556.4807 556.4706 556.795 557.4929 558.7747 560.7572 563.2079 565.698 567.7466 568.9863 569.7608 570.2021 570.6425 571.0178 571.5254 572.4618 574.0172 576.0123 578.162 580.0348 581.8152 583.2414 584.6733 586.2558 587.8917 589.5089 591.2677 593.2209 594.8566 595.824 597.4615 -9999 -9999 -9999 -9999 -9999 -9999 -9999 -9999
554.1125 554.3335 554.4287 554.4507 554.4503 554.4686 554.5298 554.6393 554.7867 554.95 555.0994 555.2181 555.3098 555.3917 555.5278 555.7041 555.9088 556.1287 556.3485 556.5511 556.7184 556.8396 556.9001 556.9267 556.9054 556.838 556.6702 556.5439 556.5747 556.8574 557.6104 558.939 560.8708 563.0834 565.1404 566.6761 567.7392 568.4456 569.1716 569.9009 570.547 571.4269 572.6552 574.3605 576.1926 577.3248 578.2571 579.0372 580.274 582.0375 584.0914 586.2126 588.252 590.8191 593.0869 594.9188 596.6508 597.8079 -9999 -9999 -9999 -9999 -9999 -9999 -9999
554.3127 554.4976 554.5824 554.6034 554.5981 554.5997 554.6318 554.7031 554.8069 554.9269 555.0449 555.1476 555.2316 555.3107 555.4684 555.6559 555.8616 556.0774 556.2911 556.4874 556.6517 556.7725 556.8401 556.8878 556.9247 556.9189 556.8385 556.6794 556.5486 556.5531 556.8668 557.6515 558.9175 560.5887 562.2859 563.6826 564.7514 565.5863 566.6049 567.8009 569.0152 570.2191 571.4354 572.734 574.0901 574.9769 575.575 576.0504 576.7983 578.3651 580.4295 582.7576 585.2226 587.9418 590.569 592.9932 595.1614 596.6771 597.5823 -9999 -9999 -9999 -9999 -9999 -9999
554.5325 554.6998 554.7692 554.7808 554.7668 554.7526 554.7577 554.7931 554.8572 554.9402 555.0305 555.1205 555.2094 555.3098 555.4458 555.6179 555.8123 556.0182 556.2239 556.4152 556.5778 556.7021 556.7844 556.8402 556.9109 556.9487 556.9271 556.8384 556.6655 556.525 556.5487 556.8707 557.5823 558.5619 559.7718 560.7355 561.5239 562.3183 563.4599 564.9717 566.6667 568.4312 570.0228 571.3196 572.3697 573.1548 573.7349 574.2032 574.8844 576.1006 577.7199 579.5741 581.8566 584.4778 587.2111 590.0551 592.6947 594.7448 595.9593 596.6841 -9999 -9999 -9999 -9999 -9999
554.6873 554.8632 554.9296 554.9366 554.9176 554.8943 554.8818 554.8901 554.9227 554.976 555.0438 555.1219 555.2092 555.3099 555.4305 555.5832 555.7622 555.9561 556.1533 556.3403 556.5045 556.6398 556.7483 556.8398 556.8969 556.9437 556.9622 556.9313 556.838 556.6608 556.534 556.5634 556.814 557.1734 557.9392 558.4 558.8139 559.4363 560.4539 561.9716 563.9022 566.0768 568.1184 569.7621 570.8879 571.66 572.4517 573.0367 573.7234 574.703 575.9437 577.3846 579.1129 581.1086 583.6124 586.5435 589.5553 592.0881 593.8987 595.201 596.3871 -9999 -9999 -9999 -9999
554.7695 554.9619 555.0371 555.0492 555.0322 555.0072 554.9872 554.98 554.9912 555.0221 555.0712 555.137 555.2175 555.31 555.4154 555.5482 555.7097 555.8916 556.0809 556.2634 556.4276 556.5682 556.6852 556.7781 556.8401 556.9023 556.9491 556.9636 556.9316 556.8381 556.672 556.5439 556.5214 556.5953 556.8279 556.929 557.1185 557.6298 558.3203 559.4478 561.1846 563.3948 565.672 567.7027 569.2255 570.0181 571.3922 572.161 572.9058 573.7806 574.7817 575.8855 577.1631 578.7054 580.71 583.2123 586.2225 589.2087 591.6489 593.5499 595.1328 -9999 -9999 -9999 -9999
554.7952 555.0018 555.0911 555.1173 555.1111 555.0907 555.0698 555.0546 555.0534 555.0689 555.1028 555.1565 555.228 555.3101 555.396 555.5098 555.6548 555.8245 556.0063 556.184 556.3459 556.4879 556.6082 556.7042 556.7755 556.8401 556.9039 556.949 556.9606 556.9286 556.8386 556.6841 556.5483 556.4852 556.4553 556.4137 556.4767 556.743 557.0021 557.7405 558.9287 560.8055 563.0393 565.3023 567.3319 568.8907 570.3275 571.3203 572.1282 572.9933 573.9044 574.8127 575.7672 576.9036 578.4247 580.4818 583.1616 586.4063 589.3481 591.76 593.8901 -9999 -9999 -9999 -9999
554.7839 555.0021 555.1089 555.1558 555.1683 555.1571 555.1394 555.1166 555.1063 555.1102 555.1312 555.1726 555.2346 555.3099 555.3644 555.463 555.5958 555.7549 555.9288 556.1012 556.2599 556.4011 556.5232 556.6229 556.7017 556.7722 556.8401 556.9031 556.9436 556.9501 556.9144 556.8384 556.7111 556.649 556.5535 556.3951 556.2887 556.2581 556.3438 556.7335 557.3171 558.6561 560.5842 562.7975 565.022 567.071 568.8435 570.1846 571.1362 572.0663 573.0284 573.8978 574.6774 575.502 576.5973 578.229 580.6186 583.913 587.1052 589.8477 592.3932 595.1525 -9999 -9999 -9999
554.7548 554.9822 555.11 555.1855 555.226 555.2239 555.2131 555.1754 555.1567 555.147 555.153 555.1785 555.2209 555.2696 555.3102 555.4103 555.5357 555.6843 555.8488 556.014 556.1685 556.3081 556.4305 556.5321 556.6154 556.6926 556.7689 556.8401 556.8976 556.9249 556.8992 556.8401 556.8388 556.8934 556.8911 556.6656 556.4058 556.1573 556.0919 556.2347 556.4952 557.1799 558.5435 560.4241 562.5493 564.7985 566.8734 568.5045 569.6874 570.7837 571.9604 572.9532 573.7125 574.3478 575.1037 576.3229 578.3767 581.6449 584.94 587.8468 590.6122 593.6036 -9999 -9999 -9999
554.7299 554.9658 555.1169 555.2278 555.3096 555.3104 555.3094 555.2382 555.2175 555.1875 555.1736 555.1841 555.2147 555.2583 555.31 555.3827 555.4855 555.6175 555.7686 555.9237 556.0712 556.2072 556.3278 556.4276 556.5112 556.594 556.6813 556.7676 556.8401 556.8915 556.8756 556.8401 556.9355 557.1033 557.2202 557.1061 556.7155 556.3264 556.1593 556.2161 556.2864 556.4933 557.1367 558.4442 560.2336 562.362 564.5358 566.3787 567.8354 569.2142 570.6107 571.8689 572.7743 573.3811 573.9104 574.7642 576.4309 579.6154 582.9015 585.8347 588.6526 591.6178 -9999 -9999 -9999
554.7314 554.9849 555.1635 555.3113 555.433 555.46 555.4185 555.3123 555.3093 555.2408 555.1995 555.1945 555.2155 555.2557 555.3099 555.3541 555.4377 555.554 555.6907 555.8323 555.9696 556.0978 556.212 556.3059 556.3851 556.4687 556.5646 556.6661 556.7607 556.8389 556.8397 556.8578 556.9757 557.1847 557.4108 557.4136 557.1097 556.6628 556.3846 556.4481 556.4672 556.3725 556.4711 557.0845 558.3671 560.1329 562.1595 564.1349 565.8876 567.5132 569.0862 570.5655 571.8127 572.5988 573.0721 573.6975 575.0787 577.9866 581.109 583.9227 586.5721 589.35 -9999 -9999 -9999
554.812 555.0893 555.3149 555.5363 555.6798 555.7159 555.6569 555.5363 555.436 555.3105 555.2374 555.2141 555.219 555.2433 555.278 555.3101 555.3883 555.4943 555.6171 555.7432 555.8658 555.9818 556.0837 556.1659 556.2352 556.3121 556.4056 556.5043 556.5842 556.6249 556.6385 556.7104 556.8615 557.0767 557.3599 557.5011 557.3163 556.9386 556.6229 556.6684 556.7292 556.5273 556.2823 556.3748 557.0406 558.3365 560.047 561.9752 563.9174 565.7601 567.5148 569.2068 570.7902 572.0283 572.5946 573.1096 574.2731 576.8216 579.7423 582.4349 584.882 587.3372 -9999 -9999 -9999
555.0165 555.3202 555.6381 555.9017 556.0416 556.0673 555.9808 555.8181 555.6348 555.4489 555.3104 555.2548 555.2319 555.2383 555.2667 555.3099 555.3547 555.4421 555.5496 555.6581 555.7629 555.8618 555.947 556.0113 556.0651 556.1279 556.2083 556.2923 556.3494 556.3547 556.3419 556.4025 556.5721 556.7799 557.0641 557.3159 557.2933 557.0071 556.7087 556.6436 556.7736 556.6389 556.2747 556.05 556.2644 557.0282 558.3434 560.032 561.9805 564.0335 566.0618 568.0738 570.0973 571.7819 572.4301 572.8883 573.9035 576.1656 578.9727 581.6688 583.9464 585.9393 -9999 -9999 -9999
555.2784 555.6697 556.0576 556.3557 556.4604 556.4642 556.3348 556.1112 555.8536 555.6074 555.4169 555.3098 555.2456 555.2306 555.2467 555.2773 555.3101 555.3915 555.4861 555.5782 555.6633 555.7422 555.8069 555.8504 555.8827 555.9244 555.9845 556.049 556.0859 556.0768 556.0286 556.0496 556.169 556.3555 556.6012 556.901 557.0295 556.8829 556.6428 556.4424 556.5073 556.4694 556.1794 555.868 555.839 556.257 557.1516 558.5226 560.3177 562.4956 564.8738 567.2781 569.6628 571.6282 572.3737 572.8327 573.7653 575.8414 578.6002 581.3235 583.5257 585.1434 -9999 -9999 -9999
555.3859 555.9769 556.4725 556.819 556.8505 556.8365 556.6508 556.3544 556.0269 555.7238 555.4788 555.3103 555.236 555.2162 555.2301 555.2637 555.3099 555.3578 555.4287 555.5034 555.5693 555.6271 555.6711 555.6929 555.7 555.7123 555.7489 555.7927 555.813 555.8073 555.7559 555.7312 555.7982 555.9033 556.0754 556.3444 556.5683 556.5936 556.4232 556.2842 556.1348 556.0948 555.9233 555.6719 555.5816 555.8609 556.6002 557.6084 559.2213 561.4149 563.9315 566.5511 569.1785 571.373 572.2633 572.777 573.649 575.4965 578.2289 580.9904 583.3043 584.9751 -9999 -9999 -9999
555.8225 556.4034 556.8448 557.1239 557.1665 557.0814 556.8412 556.4709 556.094 555.765 555.5006 555.3103 555.2286 555.205 555.2147 555.2422 555.2765 555.3101 555.3668 555.4315 555.4807 555.5192 555.5446 555.5492 555.5308 555.5024 555.5173 555.5415 555.5493 555.5493 555.5248 555.4954 555.5109 555.5565 555.616 555.76 555.964 556.1495 556.1339 556.0228 555.9377 555.8044 555.6345 555.4426 555.3588 555.5411 556.0812 556.9857 558.5815 560.8271 563.4661 566.1744 568.8212 571.0544 572.1088 572.7016 573.5445 575.1653 577.7652 580.505 583.1101 585.2993 -9999 -9999 -9999
556.2545 556.827 557.1536 557.3027 557.2772 557.0997 556.8078 556.3684 555.9971 555.7055 555.4792 555.3103 555.2315 555.2037 555.2068 555.2255 555.2493 555.2741 555.3101 555.3665 555.3969 555.4164 555.4277 555.4247 555.3951 555.3115 555.3098 555.3101 555.3104 555.31 555.3101 555.3093 555.3089 555.3093 555.3087 555.3069 555.3508 555.6442 555.7383 555.764 555.7133 555.6367 555.501 555.336 555.2586 555.4147 555.9182 556.8683 558.5248 560.8148 563.4983 566.2563 568.9054 571.0876 572.1049 572.6724 573.4802 575.029 577.5706 580.3651 583.2324 585.8513 -9999 -9999 -9999
556.7483 557.1185 557.2685 557.236 557.067 556.689 556.2492 555.9257 555.7024 555.5394 555.4148 555.3099 555.2415 555.2117 555.2081 555.2173 555.2307 555.2476 555.2737 555.3099 555.3101 555.31 555.3101 555.3102 555.3085 555.2045 555.1456 555.1157 555.1022 555.0979 555.0942 555.0922 555.0884 555.0848 555.084 555.0782 555.1191 555.3017 555.3334 555.4863 555.5082 555.4958 555.4229 555.3304 555.3232 555.5444 556.135 557.1898 559.0037 561.3554 564.0382 566.8418 569.4842 571.4941 572.2659 572.7095 573.498 575.1335 577.7306 580.6807 583.7847 586.7065 -9999 -9999 -9999
556.863 557.1351 557.1167 556.8358 556.4677 555.6887 555.3741 555.3119 555.3088 555.3099 555.3096 555.2716 555.2388 555.2216 555.2158 555.2133 555.2103 555.209 555.2119 555.2153 555.2017 555.1866 555.1741 555.16 555.1305 555.0468 554.9747 554.9304 554.9087 554.8961 554.8847 554.8731 554.8671 554.8744 554.8968 554.9319 554.9712 555.0635 555.1476 555.305 555.3133 555.3842 555.3821 555.3849 555.4965 555.8624 556.6698 557.9835 559.9048 562.3622 565.0839 567.8025 570.2095 571.8506 572.4235 572.7776 573.5903 575.4462 578.3094 581.5324 584.7996 587.7294 -9999 -9999 -9999
557.0419 557.0519 556.7775 556.1073 555.4866 555.0189 554.838 554.8671 554.9725 555.0831 555.1704 555.2131 555.2307 555.2365 555.23 555.2103 555.1812 555.1505 555.1234 555.0975 555.0658 555.0344 555.0061 554.9755 554.9293 554.8566 554.789 554.7449 554.7219 554.7058 554.6841 554.6621 554.6528 554.6661 554.7125 554.7753 554.8406 554.8949 554.9572 555.0714 555.1661 555.3079 555.3627 555.4862 555.7557 556.2654 557.2128 558.8392 561.0936 563.8077 566.6487 569.2711 571.2703 572.2877 572.6609 572.9976 573.9401 576.224 579.4272 582.8425 586.0687 588.8108 -9999 -9999 -9999
557.0616 556.8523 556.2986 555.4545 554.9534 554.6479 554.5501 554.6169 554.7661 554.9326 555.077 555.1777 555.2374 555.2652 555.2537 555.2055 555.1367 555.0657 555.0035 554.9506 554.9003 554.8518 554.807 554.7628 554.7112 554.6481 554.5924 554.5577 554.5405 554.5253 554.5001 554.4689 554.4533 554.47 554.522 554.6033 554.6792 554.7316 554.7725 554.8458 554.9604 555.1317 555.3127 555.6299 556.1547 556.9166 558.2302 560.1797 562.6972 565.5513 568.3453 570.6611 572.0994 572.7809 573.0732 573.5066 574.6782 577.3774 580.8673 584.4047 587.5244 590.0461 -9999 -9999 -9999
557.0303 556.8329 556.1513 555.3199 554.8355 554.5714 554.4872 554.5481 554.6981 554.881 555.0528 555.1852 555.2666 555.31 555.2846 555.1914 555.0673 554.9458 554.8448 554.7682 554.7042 554.6423 554.582 554.5266 554.4771 554.4291 554.392 554.3726 554.365 554.3549 554.3323 554.3024 554.2821 554.2964 554.3479 554.4235 554.5001 554.5487 554.5768 554.6321 554.7557 554.9807 555.3101 555.7826 556.6321 557.7134 559.4005 561.7816 564.5537 567.433 570.0098 571.8611 572.8889 573.3793 573.7104 574.3696 575.895 578.9083 582.5217 585.9695 588.8415 591.194 -9999 -9999 -9999
556.8376 556.8027 556.143 555.3713 554.9688 554.7159 554.6039 554.626 554.7466 554.917 555.0912 555.2338 555.3102 555.3536 555.3101 555.1486 554.9548 554.7789 554.6409 554.5486 554.4809 554.4144 554.3419 554.2739 554.2327 554.2054 554.1987 554.1985 554.2001 554.1949 554.1795 554.16 554.1479 554.1573 554.2025 554.2656 554.3213 554.3541 554.3705 554.4132 554.5457 554.8214 555.2671 555.7764 556.8611 558.448 560.6242 563.3865 566.3667 569.1504 571.3835 572.8044 573.5905 574.0247 574.4952 575.454 577.3443 580.6064 584.1711 587.2335 589.5142 591.7285 -9999 -9999 -9999
556.3996 556.4807 556.1374 555.6472 555.2996 555.006 554.8317 554.7952 554.869 555.007 555.1639 555.3092 555.3822 555.3835 555.3058 555.0359 554.7717 554.5532 554.3888 554.2982 554.2423 554.1847 554.1074 554.0195 553.9921 553.9867 554.0237 554.0464 554.0535 554.049 554.0396 554.0385 554.0413 554.0573 554.0914 554.1373 554.1686 554.1709 554.1656 554.1965 554.3286 554.618 555.0892 555.7545 557.2286 559.3387 562.0176 565.0359 567.9966 570.4905 572.2991 573.4882 574.1656 574.6362 575.3102 576.6209 578.9103 582.3732 585.7913 588.3236 589.6915 591.7715 -9999 -9999 -9999
556.0931 556.2838 556.175 555.8958 555.6012 555.3096 555.0839 554.9934 555.0162 555.11 555.2217 555.3116 555.4037 555.3127 555.0968 554.7642 554.4898 554.2722 554.0955 554.0347 554.0074 553.9752 553.9122 553.7926 553.7894 553.7917 553.8835 553.9177 553.9249 553.9186 553.9119 553.9355 553.9534 553.9747 554.0111 554.0406 554.0456 554.0209 553.9919 554.0195 554.1786 554.5565 555.2575 556.4007 558.1065 560.4851 563.455 566.6021 569.446 571.6135 573.0541 574.0076 574.6109 575.1496 576.0457 577.7382 580.506 584.1881 587.4501 589.6017 590.6953 -9999 -9999 -9999 -9999
555.9594 556.2284 556.2582 556.1117 555.8762 555.5919 555.3157 555.175 555.1423 555.2014 555.311 555.4454 555.4526 555.2673 554.8079 554.3676 554.1448 553.9878 553.7972 553.789 553.7898 553.7903 553.7873 553.6863 553.6621 553.6932 553.788 553.7901 553.7898 553.7897 553.7906 553.855 553.8748 553.8907 553.9366 553.9679 553.9554 553.9075 553.8669 553.9059 554.1113 554.5736 555.4074 556.8959 558.9724 561.7352 564.9226 568.0306 570.621 572.3317 573.5001 574.3197 574.9117 575.5343 576.6274 578.6945 582.1116 586.1037 589.3069 591.1832 591.9801 -9999 -9999 -9999 -9999
