backend/lakes/data/Beaver Lake/beav_dem_tm.asc
ncols         312
nrows         275
xllcorner     696800
yllcorner     6057350
cellsize      50
NODATA_value  -9999
[rows 96 to 127 of 275, columns 72 to 143 of 312]
565.888 562.6184 559.1075 555.9884 553.8285 552.7326 552.8289 553.1788 553.406 553.5526 552.7692 551.4747 550.3331 549.6044 549.0823 548.8291 548.8593 549.2092 549.91 550.889 551.3342 551.496 551.7133 552.1323 552.324 552.118 551.0854 549.8188 548.973 548.4432 548.1331 547.9519 547.8823 548.1244 548.8057 549.8275 550.8525 551.2996 551.7496 552.0598 552.4576 552.6709 552.9807 553.809 555.2867 556.6149 557.2553 557.082 556.0212 554.3498 552.7469 551.6277 550.9706 550.332 549.8074 549.6596 549.6541 549.6594 549.6498 549.4014 549.0037 548.6648 548.4768 548.5673 549.024 549.7714 550.5803 551.2359 551.9246 552.4631 552.5854 552.5684
563.751 560.5468 557.2076 554.4146 552.9725 552.9877 553.7578 554.8057 555.6204 555.889 554.742 552.8351 551.0334 549.7159 549.0626 548.8942 549.1351 549.8112 551.0709 552.506 553.4452 553.8406 554.2135 554.7678 554.7151 553.7295 552.1136 550.3338 549.1727 548.5301 548.2282 548.1279 547.9995 548.0025 548.1938 548.9103 549.5938 549.7874 549.911 550.0948 550.5405 550.9206 551.1517 551.7967 553.2571 554.6488 555.3033 555.0503 553.676 552.064 550.7195 549.9044 549.6779 549.5746 549.2332 549.1404 549.1984 549.2623 549.2331 549.0175 548.6998 548.4091 548.2284 548.232 548.4741 548.9151 549.445 549.9849 550.821 551.1452 551.1855 551.1569
559.8046 557.0875 554.699 553.1317 553.4271 554.0141 555.1721 556.6602 557.4983 557.4294 556.1608 553.7749 551.3632 549.754 549.1312 549.1538 549.6654 550.6879 552.2668 554.0883 555.5121 556.1003 556.5143 556.9773 556.4786 554.6322 552.2354 550.1651 549.0383 548.4478 548.1972 548.142 548.1299 548.1298 548.1357 548.4783 548.8946 549.0832 549.1505 549.2321 549.4395 549.6292 549.7081 550.1132 551.2794 552.4985 552.9816 552.6503 551.3785 550.4697 549.7269 549.4508 549.2858 549.188 549.0239 548.9728 548.9815 548.9901 548.9042 548.7163 548.4969 548.3071 548.1705 548.1146 548.1985 548.428 548.7621 549.1627 549.6389 549.7653 549.7596 549.7548
555.9303 554.1334 553.2334 553.342 554.8754 555.4938 556.92 558.1368 558.7247 558.1986 556.6393 553.8073 551.1909 549.6938 549.3108 549.6354 550.4316 551.6891 553.4107 555.0827 556.5129 557.2512 557.5913 557.7809 556.6028 554.373 551.7622 549.8254 548.7848 548.2734 548.0778 548.0575 548.0848 548.0939 548.1007 548.2729 548.5821 548.8397 548.9609 548.9836 548.9926 548.9927 548.9994 549.2432 549.8869 550.7329 550.8905 550.619 549.7083 550.2637 550.5375 550.4785 550.0435 549.7238 549.5256 549.4215 549.2365 549.0479 548.8285 548.6324 548.4955 548.4023 548.3038 548.1739 548.1211 548.1896 548.3583 548.5891 548.8185 548.8882 548.8989 548.9659
553.3534 552.6168 552.641 553.4584 555.226 556.8016 558.1825 558.7823 558.7299 557.7598 555.7053 552.8314 550.4902 549.545 549.6427 550.3762 551.585 553.1493 554.5643 555.0297 556.9555 558.3779 557.7967 557.2411 555.6273 553.1771 550.8639 549.3221 548.4705 548.0732 547.9385 547.9538 548.0149 548.0551 548.0748 548.1688 548.4077 548.7404 548.9864 549.0529 548.9885 548.8983 548.8674 549.0135 549.3532 549.6503 549.696 550.1763 551.1607 552.4208 553.0228 552.9156 552.1368 551.33 550.9354 550.7543 550.1886 549.5988 549.1008 548.842 548.7462 548.6989 548.5877 548.3417 548.1626 548.1044 548.1495 548.2461 548.3347 548.359 548.371 548.4429
552.4435 552.5479 553.2693 554.7297 556.2887 557.5507 558.7028 558.2485 557.8522 556.4863 554.2028 551.8103 550.1738 549.6733 550.2673 551.5566 553.3765 555.3604 556.8385 557.0486 556.4954 557.7615 558.2028 556.3245 553.8886 551.6024 549.8298 548.7355 548.1473 547.8979 547.8361 547.8806 547.9694 548.0428 548.0845 548.1553 548.3129 548.6511 549.0131 549.2024 549.1816 549.0955 549.0962 549.2668 549.619 549.9124 550.8369 552.056 553.6466 555.0726 555.7109 555.5378 554.5991 553.4339 553.2266 553.1596 552.1327 550.6536 549.663 549.3145 549.2 549.0781 548.7983 548.4858 548.2411 548.11 548.0776 548.09 548.0927 548.0715 548.0569 548.0908
553.0528 553.7895 555.0043 556.3367 556.8363 557.4775 558.0406 557.8595 556.8097 554.8912 552.7931 551.0983 550.1432 550.2466 551.3096 553.2001 555.4617 557.4485 558.3304 557.0887 557.8051 558.6113 556.9182 554.3272 551.9238 550.0912 548.9199 548.2355 547.9028 547.7982 547.8116 547.8727 547.969 548.0693 548.1445 548.2094 548.3818 548.668 549.0533 549.3591 549.4064 549.3481 549.4163 549.6541 550.1288 550.962 552.4017 554.1093 555.7161 556.812 557.2758 557.0732 556.3575 555.1603 555.438 555.2616 553.7745 551.6063 550.202 549.8974 549.6778 549.3007 548.926 548.5906 548.3287 548.1744 548.1091 548.0751 548.0164 547.9496 547.8982 547.8795
554.955 555.8832 557.0359 558.0732 558.3734 558.0968 558.1619 557.5845 555.6749 553.4965 551.7839 550.6902 550.2684 550.8799 552.5023 554.9243 557.2507 558.5796 557.9786 558.3754 557.9296 556.5958 554.3841 552.0538 550.1904 548.9885 548.278 547.9179 547.7921 547.8049 547.8708 547.947 548.0293 548.1282 548.2401 548.3547 548.5359 548.8828 549.2983 549.6518 549.658 549.5345 549.6557 549.892 550.4114 551.3954 553.192 555.2633 556.7242 557.6266 557.9319 557.5656 556.6178 555.6021 556.7209 555.905 555.1245 552.7708 550.6476 550.4161 549.8466 549.3691 548.9905 548.6779 548.4305 548.2832 548.2131 548.1559 548.046 547.9395 547.8535 547.7861
556.9769 557.5421 558.3514 558.7672 558.9944 558.5236 557.8062 556.1816 554.0112 552.0982 551.2303 550.6265 550.581 551.5687 553.7012 556.2891 558.2045 558.1999 557.24 556.4813 555.4036 553.7662 551.8624 550.1664 549.0021 548.2872 547.9179 547.7967 547.824 547.9194 548.0189 548.0847 548.1401 548.2151 548.339 548.5146 548.783 549.2125 549.7264 550.1758 550.0323 549.6859 549.7642 549.9971 550.4742 551.3401 552.8948 554.8203 556.6147 557.6671 558.0911 557.8307 556.9565 555.9985 558.0997 555.8295 555.996 553.8473 551.3073 550.1821 549.7112 549.3668 549.0642 548.7892 548.5618 548.4237 548.3431 548.2397 548.1183 547.9908 547.8706 547.7684
558.2973 558.5651 559.04 559.9605 559.1057 557.8852 556.1464 554.3384 552.6681 551.3324 550.9955 550.8385 551.1453 552.4842 554.7854 557.1236 558.2751 557.6909 555.8658 554.17 552.7488 551.3531 549.9896 548.9658 548.2971 547.9267 547.7919 547.8311 547.9675 548.1172 548.2316 548.285 548.2924 548.3181 548.404 548.6228 549.0005 549.6346 550.4713 551.0525 550.6812 550.204 550.0441 550.14 550.5076 551.1984 552.2619 553.6862 555.6063 557.251 558.1171 558.338 558.1252 557.2618 556.4722 557.1582 556.844 554.755 552.0148 550.1053 549.8099 549.5349 549.2372 548.9536 548.7172 548.5703 548.4471 548.3422 548.2358 548.1133 547.9763 547.8418
558.8773 559.4642 559.947 559.1508 557.6326 555.8671 554.1121 552.8103 551.8069 551.1243 550.8357 551.1339 551.9196 553.6517 555.6774 557.636 557.9 556.4173 554.0809 552.1545 550.8593 549.7851 548.9297 548.3283 547.9728 547.8191 547.8278 547.9612 548.1636 548.3561 548.4775 548.5154 548.4858 548.4459 548.4713 548.6342 549.0482 549.7976 551.0591 551.7805 551.1945 550.632 550.3168 550.2723 550.5239 551.0954 551.7975 553.1093 555.1357 557.063 558.1832 558.859 559.5502 559.66 558.9612 558.605 557.5788 555.5444 552.7417 550.5243 550.2982 549.8159 549.4189 549.1001 548.8503 548.6851 548.5698 548.4874 548.4092 548.3071 548.1724 548.0181
559.0593 559.2025 558.6511 557.2161 555.4594 553.8839 552.7804 551.8812 551.2079 550.9878 550.9717 551.6859 553.3527 555.1949 556.1683 557.8215 556.9037 554.6396 552.3842 550.8575 549.812 549.0503 548.477 548.1063 547.9197 547.8794 547.9581 548.1356 548.3652 548.5829 548.7213 548.7498 548.6937 548.6058 548.5624 548.6613 549.0397 549.8734 551.4305 552.5752 551.5392 550.9243 550.5067 550.3188 550.3937 550.7454 551.3838 552.8708 554.9721 556.9666 558.1555 559.0963 560.4735 561.2664 561.0786 559.7181 558.1905 556.1454 553.4595 551.0958 549.9006 549.5292 549.2892 549.0891 548.9379 548.837 548.7605 548.703 548.6476 548.565 548.4431 548.2861
558.6359 557.8672 556.6599 555.1378 553.857 553.0947 552.3084 551.606 551.1724 551.0773 551.6478 553.0061 555.2108 557.1356 557.6123 556.8944 555.3124 553.0026 551.2631 550.1769 549.5505 548.8802 548.4141 548.1475 548.0373 548.0414 548.1403 548.3219 548.5546 548.7753 548.9264 548.9699 548.9065 548.7892 548.6946 548.7277 549.054 549.906 551.5853 552.5849 551.928 551.2025 550.6474 550.3253 550.2782 550.5538 551.2639 552.7427 554.7416 556.6683 557.8557 558.8022 559.9823 561.6575 561.85 560.1339 558.5723 556.6807 554.1665 551.7266 550.2784 549.6518 549.3589 549.191 549.1143 549.0728 549.0275 548.9843 548.9408 548.8722 548.7607 548.6128
557.4442 556.1402 554.8779 553.7322 554.131 553.3695 552.4197 551.6365 551.1736 551.2619 552.3068 554.5381 556.9122 558.4562 557.317 555.9108 553.678 551.6838 550.4306 549.7001 549.2599 548.8182 548.4918 548.3084 548.2408 548.2587 548.3511 548.5159 548.7286 548.9416 549.096 549.1567 549.1166 549.0014 548.8779 548.847 549.0781 549.83 551.4084 552.6655 552.0195 551.3018 550.684 550.2794 550.1577 550.3921 551.1057 552.3714 554.0698 555.861 557.2901 558.267 559.2893 561.0593 561.9098 560.1785 558.7197 557.0891 554.9467 552.5662 550.9001 550.0262 549.6453 549.4281 549.3881 549.3754 549.3244 549.2799 549.2434 549.1917 549.0994 548.958
555.6813 554.3363 553.2256 552.8691 553.3289 553.2177 552.4252 551.6263 551.18 551.4124 553.2424 555.7472 557.5494 558.2786 557.0443 554.8395 552.4564 550.8905 549.9817 549.6262 549.2144 548.8799 548.6455 548.5195 548.4797 548.501 548.5787 548.7177 548.9026 549.0931 549.2462 549.3253 549.3171 549.2341 549.121 549.0495 549.1671 549.7945 551.3148 552.6516 552.1097 551.3307 550.6381 550.1743 549.9826 550.105 550.6168 551.5653 553.1653 555.0871 556.8481 557.8595 558.9213 560.3083 561.559 560.0175 558.7352 557.4524 555.8725 553.6163 551.6103 550.4759 549.9088 549.6608 549.658 549.6577 549.5693 549.5231 549.4973 549.4704 549.4147 549.2864
554.0408 552.9376 552.2318 552.11 552.498 552.6337 552.1608 551.5326 551.18 551.6014 553.6119 556.042 557.3146 557.3565 555.7628 553.4966 551.7114 550.4796 549.702 549.4594 549.2102 549.0107 548.8463 548.7509 548.7245 548.7474 548.8119 548.926 549.0813 549.2455 549.3837 549.4775 549.5089 549.4709 549.4054 549.3375 549.3306 549.8002 551.2811 552.683 552.5104 551.337 550.5102 550.0283 549.8115 549.8537 550.2845 551.2306 552.7446 554.5551 556.3513 557.3414 558.3903 559.5882 560.488 559.6681 558.6454 557.7053 556.6639 554.6752 552.4807 551.0051 550.2118 549.845 549.7404 549.7063 549.66 549.6599 549.6599 549.6602 549.6584 549.5396
552.9161 552.2209 551.7104 551.5784 551.8698 552.1283 551.8669 551.4165 551.18 551.551 552.9222 554.8589 555.7309 555.3497 553.8018 552.4136 551.2933 550.4982 549.9681 549.658 549.3853 549.2625 549.1031 548.9932 548.9589 548.9798 549.037 549.1314 549.2611 549.3964 549.5068 549.5974 549.6597 549.66 549.6596 549.6548 549.5333 549.8361 551.1978 552.5919 552.0555 551.0044 550.1967 549.8419 549.6874 549.6602 550.036 551.0887 552.6215 554.416 556.1732 556.8641 557.489 558.4822 559.9153 559.8607 558.6196 557.9034 557.1155 555.5067 553.3721 551.5343 550.5322 550.0082 549.7801 549.6958 549.6696 549.6885 549.7154 549.7344 549.7293 549.6606
552.6785 552.1011 551.5728 551.3175 551.437 551.7018 551.5691 551.2784 551.0884 551.1888 551.7156 552.8967 553.3201 552.9697 552.333 551.678 551.1477 550.787 550.4929 550.1048 549.7062 549.6399 549.4003 549.2324 549.1707 549.186 549.239 549.3201 549.4297 549.537 549.5991 549.66 549.7083 549.7163 549.7092 549.6879 549.6598 549.923 550.7825 551.9811 551.2064 550.329 549.6986 549.6571 549.6593 549.5219 549.7089 550.7947 552.4776 554.4894 556.4412 557.5871 558.4193 558.2731 559.7911 559.9108 558.6146 558.0229 557.3705 556.104 554.085 552.1456 550.9 550.1799 549.8194 549.6722 549.6397 549.6684 549.7159 549.7566 549.7755 549.7698
552.6854 552.1772 551.6564 551.2471 551.1329 551.2202 551.2205 551.1396 551.0931 551.1794 551.2092 551.3855 551.513 551.594 551.4718 551.2915 551.1801 551.1772 551.1333 550.7314 550.2947 549.9999 549.6655 549.4437 549.3511 549.3616 549.4083 549.4753 549.5715 549.6596 549.6601 549.6927 549.7133 549.704 549.679 549.6525 549.6599 549.812 550.1913 550.5687 549.9468 549.6533 549.431 549.5236 549.6904 549.5872 549.498 550.2337 552.1764 554.6475 556.8506 558.1147 558.7775 558.324 559.7802 559.9602 558.7181 558.2391 557.6295 556.4675 554.5289 552.6178 551.1773 550.301 549.8396 549.6417 549.5967 549.6318 549.6959 549.7574 549.8011 549.8283
552.6931 552.2662 551.8057 551.3501 551.0668 550.9602 550.9432 550.9823 551.0542 551.1389 551.1799 551.1787 551.1431 551.1746 551.1717 551.18 551.2555 551.3611 551.3827 551.171 550.7975 550.4008 549.9883 549.6625 549.5113 549.5164 549.5459 549.5841 549.6599 549.7125 549.7159 549.7189 549.7095 549.6792 549.6417 549.6119 549.6106 549.6597 549.6931 549.7262 549.5752 549.6885 549.7869 550.0552 550.4687 550.3616 549.8721 550.428 552.1845 554.7341 556.9976 558.2502 558.8076 558.9712 560.0623 560.5459 559.3261 558.7039 557.9784 556.8771 554.8987 552.8311 551.2559 550.3202 549.819 549.6001 549.5511 549.5934 549.6715 549.7491 549.8088 549.8483
552.7006 552.394 551.9846 551.571 551.2261 551.0081 550.8945 550.9227 551.0342 551.1216 551.1559 551.1583 551.1799 551.18 551.18 551.2389 551.3492 551.4599 551.4993 551.4021 551.1716 550.7881 550.3302 549.9174 549.6625 549.6593 549.6598 549.6603 549.7178 549.7538 549.7543 549.7395 549.713 549.6782 549.6533 549.6508 549.6704 549.6903 549.6665 549.7597 550.1318 550.9229 551.3946 551.8969 552.2717 551.9906 551.1445 551.016 552.3922 554.8124 557.0309 558.2273 558.7943 559.0691 560.4192 561.6407 560.0599 558.9119 558.0872 556.965 554.9717 552.8599 551.2479 550.2885 549.7758 549.5547 549.5098 549.5596 549.6476 549.7358 549.8033 549.8448
552.8861 552.6899 552.2681 551.8644 551.541 551.2675 551.0882 551.0519 551.1237 551.174 551.1732 551.1692 551.1915 551.2169 551.2629 551.3427 551.4392 551.5215 551.5641 551.5437 551.4319 551.1686 550.7067 550.2195 549.8623 549.7334 549.7292 549.7784 549.8148 549.8185 549.7953 549.7627 549.733 549.7209 549.7532 549.8481 550.0067 550.213 550.4548 551.0663 551.9551 552.9991 553.5826 553.9971 554.0255 553.3325 552.3232 551.5791 552.7712 554.9135 556.9919 558.0124 558.5576 558.714 560.563 561.4594 560.608 559.1031 558.0518 556.7984 554.814 552.7778 551.2076 550.2535 549.7443 549.5261 549.4837 549.5355 549.6256 549.7167 549.7864 549.8264
553.1908 553.0419 552.6972 552.2648 551.9882 551.6771 551.4339 551.3203 551.3218 551.304 551.236 551.2084 551.2439 551.2878 551.369 551.4562 551.5246 551.5754 551.6295 551.698 551.7356 551.6212 551.199 550.6216 550.1166 549.8485 549.8296 549.946 549.9659 549.9194 549.8495 549.7917 549.7693 549.8086 549.9455 550.2087 550.6086 551.1282 551.5895 552.6696 553.9586 555.1052 555.6402 555.7776 555.4897 554.4877 553.375 552.6836 553.3212 554.9317 556.7794 557.432 557.6245 558.439 560.4023 560.9683 560.3887 559.3474 557.8881 556.3701 554.4769 552.6635 551.1899 550.2814 549.7799 549.5506 549.4929 549.5305 549.609 549.6919 549.7574 549.795
553.654 553.5378 553.2966 552.9086 552.7014 552.2499 551.9282 551.6869 551.5743 551.4629 551.3181 551.2479 551.3034 551.3881 551.5053 551.5929 551.6287 551.655 551.7455 551.9535 552.2311 552.3933 552.0304 551.2525 550.5146 550.0492 549.9706 550.1328 550.1759 550.0636 549.9202 549.8245 549.8155 549.9294 550.2115 550.6974 551.4071 552.3342 553.0326 554.254 555.5843 556.6271 557.1312 557.0553 556.4618 555.4457 554.1578 553.356 553.5524 554.6248 556.3315 557.0758 557.4108 558.2692 559.9485 560.1383 559.4788 558.5859 557.4096 556.1238 554.5397 552.8641 551.4218 550.5314 549.9823 549.6853 549.5668 549.5588 549.6044 549.6651 549.7181 549.7521
554.2245 554.2173 554.1873 554.0996 553.8559 553.0522 552.6179 552.1571 551.8663 551.6226 551.3976 551.2972 551.3732 551.507 551.6731 551.7688 551.7825 551.799 551.9597 552.3905 553.0367 553.6293 553.2729 552.2126 551.0934 550.3514 550.1671 550.3483 550.4694 550.2531 550.0043 549.8566 549.8639 550.068 550.5261 551.2913 552.4324 553.4647 554.4 555.5952 556.7661 557.7128 558.1737 557.8674 556.9036 555.6793 554.3179 553.5616 553.6029 554.4835 556.1942 557.1112 557.5797 558.281 559.8499 559.1145 558.6324 558.0986 557.5073 556.8533 555.5429 553.8737 552.377 551.2385 550.4669 549.9917 549.7404 549.6392 549.6227 549.6433 549.6741 549.7014
554.7657 554.8708 554.9938 555.1315 554.9609 554.2381 553.4457 552.7181 552.2053 551.7833 551.4655 551.3565 551.4699 551.6461 551.8714 551.9919 552.0103 552.0447 552.3181 553.1301 554.459 555.3904 554.6639 553.2744 551.6824 550.7401 550.4728 550.688 550.7699 550.4385 550.081 549.8849 549.9137 550.2078 550.8362 551.8762 553.2427 554.4473 555.4597 556.4514 557.4746 558.3337 558.7906 558.3253 556.9507 555.6088 554.2872 553.6069 553.6125 554.4492 556.2295 557.5198 558.452 558.4689 559.8619 559.8429 559.3765 558.7341 558.2585 557.7618 556.8636 555.4064 553.7736 552.3654 551.2552 550.5045 550.0461 549.7979 549.6818 549.6396 549.6353 549.6511
555.5045 555.7437 555.9967 556.4298 556.4437 555.712 554.5327 553.469 552.632 551.9618 551.5343 551.432 551.6033 551.805 552.0928 552.2594 552.3278 552.4144 552.8018 554.1957 555.8376 556.359 555.9188 554.4598 552.7678 551.4437 550.9595 551.2292 551.1514 550.6075 550.1414 549.924 549.9941 550.3632 551.0806 552.2647 553.9232 555.2981 555.8856 556.8249 557.757 558.4343 558.5252 558.5014 556.7523 555.4703 554.329 553.7435 553.6946 554.4869 556.266 557.6494 558.6905 559.1701 560.5787 561.3372 561.0278 560.1528 559.5768 558.9901 558.1838 556.9228 555.3893 553.7746 552.3728 551.2654 550.5292 550.0758 549.8149 549.6766 549.6169 549.6116
556.6763 557.1599 557.6337 558.2053 558.384 557.5992 556.0787 554.4639 553.0734 552.1776 551.6274 551.539 551.7849 551.9915 552.284 552.5365 552.7234 552.9254 553.2967 555.0656 556.7932 557.2342 556.7674 555.8033 554.2315 552.6295 551.5717 551.8046 551.2236 550.6163 550.1691 550.0151 550.1934 550.6801 551.4734 552.7444 554.2375 555.5904 556.3448 557.1761 558.0036 558.773 558.005 558.6542 556.579 555.866 554.8661 554.1919 553.9492 554.7541 556.4283 557.6744 558.7228 559.8297 561.7669 563.1469 563.485 562.7424 561.6593 560.6035 559.601 558.2155 556.8719 555.3753 553.7592 552.353 551.2584 550.533 550.0719 549.7914 549.6408 549.5941
558.5197 559.295 560.0441 560.5646 560.5278 559.696 558.0471 555.9642 554.0512 552.6186 551.8035 551.6965 552.0308 552.26 552.55 552.8026 553.0825 553.5783 554.1302 555.9733 557.4496 558.1044 557.8936 557.6076 556.0636 554.1637 552.5647 551.5413 551.0026 550.6204 550.281 550.242 550.6107 551.3554 552.4209 553.4955 554.6153 555.7664 556.6084 557.3744 558.1442 558.7849 558.4757 557.292 557.7338 556.6194 555.6518 554.7467 554.2444 555.4528 556.8606 557.7843 558.8552 560.8303 563.3583 565.4006 566.4506 566.0565 564.5673 562.559 560.8645 559.3204 558.1637 556.9753 555.3999 553.7283 552.3202 551.2441 550.517 550.0342 549.7357 549.6075
561.1285 562.337 563.4989 564.0728 563.7883 562.5107 560.2788 557.5814 554.9301 552.8903 551.9521 551.884 552.3585 552.6425 552.9368 552.9685 552.8282 553.3245 554.8865 556.7866 558.1604 559.0652 559.7296 559.9354 558.1548 555.8655 553.9254 552.4888 551.4865 551.1332 550.6858 550.6641 551.21 552.2974 553.415 554.4813 555.5585 556.325 556.921 557.3812 557.9319 558.4036 558.4127 558.6327 558.0724 557.2615 556.4489 555.4967 554.3221 555.559 556.6582 557.7883 559.1836 561.8181 565.05 567.726 569.3422 569.3193 567.8026 565.3159 562.7759 560.8347 559.8031 558.8304 557.1859 555.3774 553.6739 552.285 551.2208 550.4651 549.9374 549.6527
564.8545 566.361 567.5963 567.8838 567.1023 565.1996 562.3085 558.8986 555.6028 553.1373 552.1747 552.0941 552.4486 552.9546 553.5193 553.5077 553.0307 554.1439 555.9529 557.6875 559.0453 560.1295 561.6544 562.178 560.3195 557.5357 555.2983 553.7944 552.7648 552.2771 551.4645 551.3036 551.7906 552.8853 554.3143 555.5142 556.3677 556.9401 557.2629 557.2854 557.6587 558.3005 558.7831 558.7961 558.2944 557.6957 557.2369 556.758 555.5932 554.4193 556.0322 557.8151 559.6767 562.7779 566.301 569.3439 571.1825 571.7335 570.7978 568.5414 565.8964 563.6879 562.3358 561.3089 559.1883 557.1244 555.293 553.6266 552.2446 551.1534 550.3033 549.7299
569.0596 570.3098 571.2497 570.746 569.2936 566.82 563.4238 559.5674 556.0012 553.5325 552.7492 552.709 552.76 552.9053 553.4797 554.3898 554.1923 555.4651 557.1734 558.9277 560.4734 561.843 563.6484 564.1901 562.3924 559.3881 556.7311 555.0785 554.1902 553.7061 552.8429 552.4987 552.4951 553.4943 555.0702 556.0749 556.7933 557.2729 557.3599 557.2533 557.3439 558.1251 558.7975 558.6982 558.1902 557.651 557.2855 557.1965 556.1908 554.4822 555.8486 557.8525 560.4131 563.6392 567.069 570.0834 572.2985 573.5879 573.3976 571.8276 569.6777 567.6334 565.8663 563.8225 561.3063 559.0035 557.0725 555.3009 553.605 552.1553 550.9669 549.9416
