backend/lakes/data/Beaver Lake/beav_dem_tm.asc
ncols         312
nrows         275
xllcorner     696800
yllcorner     6057350
cellsize      50
NODATA_value  -9999
[rows 192 to 223 of 275, columns 216 to 287 of 312]
547.4653 547.2903 547.1247 546.9773 546.8488 546.7433 546.662 546.594 546.556 546.5569 546.5961 546.6694 546.7675 546.8174 546.8073 546.804 546.8264 546.8741 546.9282 547.0569 547.2304 547.3386 547.3411 547.2541 547.1404 547.0958 547.2267 547.6348 548.3984 549.5216 550.549 551.4326 552.5543 553.4122 554.154 554.8193 555.49 556.0245 556.7296 557.2156 557.4219 558.2836 559.6819 561.5327 564.3522 567.1105 568.4955 567.7258 564.9026 561.2747 558.2857 557.0292 557.5556 559.5955 562.3063 564.8633 567.189 569.1169 570.5391 571.5142 572.0776 572.6629 573.5787 574.0295 574.0995 574.0368 574.0467 -9999 -9999 -9999 -9999 -9999
547.5039 547.3143 547.1298 546.9657 546.8251 546.7101 546.627 546.5652 546.5264 546.5291 546.5615 546.6143 546.6895 546.7775 546.8003 546.7645 546.7171 546.6973 546.7474 546.8777 547.079 547.2824 547.3903 547.3676 547.2423 547.0988 547.0427 547.1964 547.6879 548.6273 550.2464 551.6748 552.8762 554.0316 554.7595 555.4027 556.147 556.9966 557.271 557.4951 558.0824 559.0472 560.4192 562.759 565.9931 568.8488 570.3304 569.3837 566.1658 561.9219 558.2551 556.3148 556.007 557.2408 559.2709 561.3918 563.5718 565.5101 567.1725 568.3653 569.1457 569.9228 570.9485 571.6578 572.0794 572.4682 572.9965 573.0256 -9999 -9999 -9999 -9999
547.535 547.3345 547.1332 546.9518 546.797 546.6702 546.5776 546.5184 546.4822 546.4872 546.5271 546.5719 546.6163 546.6929 546.7711 546.7699 546.6903 546.5985 546.5867 546.7124 546.9514 547.222 547.4257 547.4866 547.3977 547.2206 547.0693 547.0862 547.4579 548.3964 550.2323 552.0077 553.1616 554.2586 555.1107 555.8976 557.027 557.3453 557.1863 557.1565 558.0394 559.0396 560.8448 563.908 567.4539 570.3753 571.5132 570.5291 567.0281 562.4362 558.3907 555.9295 554.9683 555.2244 556.2983 557.6893 559.2798 560.8571 562.5175 563.9288 564.9532 566.0092 567.3398 568.5817 569.6868 570.8918 571.9941 572.4186 571.7292 -9999 -9999 -9999
547.5568 547.3468 547.1326 546.9357 546.7682 546.6304 546.5286 546.4651 546.4319 546.4344 546.4824 546.5315 546.5588 546.5871 546.6717 546.7401 546.7057 546.5911 546.5133 546.5864 546.8281 547.1519 547.4372 547.5869 547.5637 547.4068 547.2224 547.1652 547.4348 548.2713 549.9313 551.5903 552.9306 554.2247 555.1818 555.9972 557.145 557.2133 556.7488 556.406 557.9391 559.0327 561.2196 564.2856 567.6312 570.362 571.152 570.0264 566.5941 562.1349 558.1564 555.5676 554.1988 553.7938 554.1061 554.7185 555.5287 556.6241 557.8042 558.9328 559.9072 561.1098 562.7414 564.6047 566.5438 568.8073 570.7188 571.6955 571.0748 569.7757 -9999 -9999
547.5728 547.3541 547.1287 546.9182 546.7402 546.5947 546.4867 546.4198 546.3877 546.3864 546.4298 546.4891 546.5059 546.5026 546.5304 546.6208 546.6731 546.6173 546.5247 546.5392 546.7363 547.0676 547.4099 547.6451 547.7073 547.6046 547.421 547.2988 547.4219 547.9949 549.1694 550.8299 552.4192 553.8839 554.9175 555.749 556.545 556.7745 556.4664 556.1834 557.5275 558.8353 560.6722 562.9988 565.6043 567.8312 568.5817 567.3456 564.2404 560.3958 557.0383 554.7181 553.3969 552.7455 552.6572 552.7913 553.1497 553.9011 554.5822 555.219 555.9023 556.912 558.3544 560.3397 562.9182 566.1053 568.9425 570.3772 570.0634 568.9562 -9999 -9999
547.59 547.3647 547.1296 546.9059 546.7167 546.566 546.4548 546.3892 546.3578 546.3549 546.3843 546.4404 546.4636 546.4319 546.4147 546.4579 546.5469 546.5875 546.5539 546.5494 546.6898 546.9856 547.3447 547.6467 547.7991 547.7731 547.6148 547.436 547.3867 547.6344 548.3212 549.6333 551.1829 552.7245 553.9758 554.8113 555.4639 555.9186 555.9581 555.9435 556.4015 557.2224 558.3604 559.9001 561.7702 563.498 564.069 562.9177 560.3682 557.4566 555.0328 553.3441 552.5823 552.0693 551.8669 551.8733 552.0812 552.5472 552.8618 553.3214 553.8311 554.6221 555.6901 557.3304 559.8707 563.467 566.9475 569.025 568.9647 567.9632 567.3481 -9999
547.6174 547.3901 547.1483 546.9124 546.7098 546.5519 546.437 546.3726 546.3463 546.3408 546.3568 546.3934 546.418 546.3857 546.3276 546.3233 546.3911 546.4819 546.5283 546.5535 546.6594 546.905 547.2497 547.592 547.8278 547.89 547.7811 547.5743 547.3924 547.3784 547.6803 548.4321 549.704 551.1403 552.3478 553.1252 553.5205 553.7231 553.7725 553.8891 554.2969 554.877 555.4301 556.2126 557.3197 558.5006 558.9612 557.9053 556.0771 554.2534 552.899 552.1128 551.7966 551.5775 551.4645 551.4958 551.6423 551.9166 552.2218 552.6387 553.032 553.8058 554.8526 555.5846 557.8568 561.2139 564.9681 567.3011 567.5029 566.4431 565.9573 -9999
547.6685 547.443 547.1979 546.9537 546.7367 546.5675 546.4446 546.3727 546.3495 546.3431 546.3457 546.3589 546.3694 546.3445 546.2774 546.2304 546.2658 546.3663 546.4602 546.5186 546.6064 546.806 547.1239 547.4878 547.7926 547.9455 547.9059 547.7081 547.4498 547.2606 547.2842 547.6432 548.3887 549.4729 550.3368 550.9813 551.2791 551.3552 551.4459 551.8255 552.517 552.7494 552.8791 553.1401 553.6836 554.4932 555.1436 553.9641 552.6666 551.6765 551.1107 550.9899 551.0995 551.1437 551.1793 551.3434 551.5138 551.7001 551.9806 552.3202 552.7159 553.403 554.1152 554.6161 556.3841 559.1752 562.7847 565.48 565.6374 564.567 564.2216 564.9231
547.761 547.5365 547.2902 547.0415 546.814 546.6311 546.4951 546.4047 546.3669 546.3604 546.3494 546.3392 546.3298 546.3041 546.2451 546.1821 546.1873 546.2816 546.4005 546.4783 546.5458 546.6949 546.9738 547.3417 547.6987 547.9336 547.9725 547.8137 547.53 547.2404 547.0792 547.1633 547.5295 548.0941 548.5196 549.0383 549.3787 549.4326 549.6213 550.3293 550.9066 551.0237 551.0074 551.0191 551.1585 551.4622 551.7028 551.2264 550.631 550.1658 549.7759 549.7953 550.1741 550.4054 550.7228 551.1506 551.4248 551.6418 551.8911 552.2388 552.6821 553.2327 553.6135 554.1362 555.3514 557.542 560.6419 563.2134 563.4166 562.5541 562.4704 563.4396
547.9121 547.6818 547.4332 547.1825 546.952 546.7581 546.6061 546.4876 546.4166 546.3915 546.3754 546.3418 546.3085 546.2783 546.229 546.1674 546.1571 546.2402 546.3702 546.4653 546.5183 546.6171 546.8411 547.1844 547.5613 547.8535 547.963 547.8588 547.5879 547.2556 546.9927 546.9076 547.0417 547.3353 547.6368 547.965 548.1432 548.1694 548.4689 549.5118 549.7333 549.745 549.728 549.717 549.729 549.7863 549.845 549.7552 549.6812 549.643 549.3683 549.3562 549.6211 549.7157 550.1287 550.6506 551.1536 551.4941 551.7621 552.0781 552.4159 552.7385 553.134 553.6497 554.5871 556.3901 558.6519 560.8032 561.123 560.678 560.974 561.8919
548.129 547.8828 547.6301 547.3778 547.1547 546.9615 546.7936 546.6396 546.5217 546.4609 546.4316 546.3893 546.33 546.2838 546.2453 546.1957 546.1798 546.2502 546.3777 546.4844 546.5397 546.6061 546.7728 547.0625 547.4145 547.7195 547.8716 547.8177 547.5823 547.2543 546.958 546.8091 546.8663 547.1094 547.4623 547.8733 548.2846 548.8104 549.3801 549.6587 549.66 549.6599 549.6599 549.6599 549.6599 549.6595 549.6592 549.6597 549.6598 549.5671 549.2715 549.1329 549.2134 549.3444 549.6632 550.09 550.6546 551.1625 551.5338 551.8654 552.2477 552.67 552.9517 553.4628 554.3679 555.9058 557.3366 559.1152 559.4844 559.4666 559.7416 560.3232
548.3933 548.1269 547.8699 547.6189 547.4216 547.2533 547.08 546.8765 546.7067 546.6062 546.5582 546.5095 546.4312 546.358 546.3177 546.2892 546.2811 546.337 546.444 546.541 546.5999 546.6569 546.7805 547.0034 547.29 547.5574 547.7107 547.6879 547.4943 547.2015 546.9264 546.7911 546.8801 547.2168 547.7694 548.471 549.3257 549.5621 549.7616 549.799 549.732 549.6836 549.6598 549.6588 549.6652 549.6656 549.6613 549.6589 549.7077 549.6505 549.262 549.0204 549.0197 549.1836 549.4494 549.6837 550.2097 550.7363 551.1743 551.5428 551.9314 552.3536 552.726 553.2838 554.1102 555.0823 556.2026 557.6855 558.269 558.5223 558.5657 558.9518
548.7218 548.3749 548.1234 547.8799 547.7473 547.6445 547.4978 547.2184 547.0002 546.879 546.8228 546.7672 546.6604 546.5447 546.4896 546.481 546.4944 546.541 546.6112 546.6612 546.694 546.7421 546.8392 546.999 547.2007 547.3933 547.5106 547.4961 547.3401 547.0975 546.8738 546.7905 546.947 547.4012 548.186 549.2975 549.7986 549.8494 549.8422 549.8031 549.744 549.6958 549.6598 549.6711 549.7031 549.7213 549.7262 549.7047 549.6584 549.4614 549.1572 548.9709 549.0171 549.2886 549.6396 549.8058 550.1232 550.5006 550.8527 551.1799 551.5592 552.0417 552.6292 553.0616 553.6806 554.3994 555.4894 556.8532 558.2421 558.2062 557.8972 558.1123
549.1913 548.6754 548.3327 548.1331 548.1254 548.135 548.0717 547.688 547.4578 547.3628 547.3262 547.267 547.0997 546.899 546.8099 546.8181 546.8589 546.9033 546.926 546.8809 546.8318 546.8409 546.9148 547.0277 547.1515 547.2596 547.3226 547.3033 547.1833 546.9963 546.8329 546.8036 546.9921 547.4235 548.0925 548.8949 549.5963 549.6624 549.6599 549.6589 549.659 549.6594 549.6597 549.6599 549.7184 549.7432 549.7447 549.6584 549.4852 549.2979 549.1581 549.1166 549.2611 549.6503 550.0042 550.2266 550.4469 550.6433 550.7959 550.9274 551.1766 551.5825 552.1815 552.7409 553.4446 554.2004 555.0471 556.0634 557.305 557.5674 558.0419 558.6896
549.8986 549.1472 548.6704 548.4906 548.5644 548.7192 548.6676 548.3291 548.2203 548.2073 548.2113 548.1481 547.8586 547.4934 547.3509 547.364 547.4181 547.4483 547.4221 547.2227 547.0259 546.9535 546.9956 547.0874 547.1709 547.218 547.2349 547.2165 547.1422 547.0204 546.9215 546.9484 547.1582 547.481 547.8307 548.2701 549.0649 549.3834 549.4498 549.4603 549.4737 549.4992 549.5276 549.5514 549.6584 549.6595 549.6553 549.4803 549.3483 549.3646 549.5551 549.7526 550.0175 550.5583 550.9468 551.2044 551.3975 551.422 551.2449 550.9662 550.9333 551.21 551.8917 552.6703 553.4184 554.189 554.9247 555.863 557.1378 557.6571 558.1826 558.6583
550.9116 549.8671 549.1912 548.994 549.1528 549.5623 549.7173 549.666 549.6548 549.664 549.6639 549.5431 549.0503 548.4216 548.2326 548.2248 548.2341 548.1639 548.0693 547.6647 547.2862 547.1149 547.1265 547.2318 547.3424 547.3819 547.3863 547.3955 547.3966 547.3625 547.3353 547.438 547.755 548.1039 548.3259 548.8356 549.4059 549.7062 549.7493 549.7472 549.7529 549.7593 549.7146 549.5319 549.4846 549.4146 549.3751 549.3118 549.4385 549.9073 550.7118 551.3779 551.858 552.3881 552.6968 552.9705 553.3273 553.2314 552.5118 551.4541 551.0027 551.1744 551.8029 552.6612 553.455 554.2048 554.9493 555.8591 557.1382 557.7479 558.2251 558.5522
551.8311 550.8849 549.9595 549.7415 549.8793 550.4462 550.9738 551.1393 551.2462 551.2766 551.2798 551.1743 550.7081 549.9279 549.6665 549.5586 549.4322 549.0051 548.5869 548.1096 547.6419 547.4372 547.4482 547.6125 547.8374 547.9266 547.9598 548.0438 548.179 548.2794 548.3265 548.4976 549.0084 549.5298 549.8387 550.3054 550.6657 551.0023 551.0897 551.1061 551.1234 551.1 550.8334 550.0056 549.6552 549.3816 549.3214 549.3989 549.976 551.2961 552.8073 553.8372 554.4705 554.9735 555.2296 555.4406 555.5856 555.1933 553.9519 552.3677 551.2231 551.1797 551.7643 552.6699 553.59 554.3292 555.1514 555.9921 557.1614 557.7434 558.1671 558.4551
552.6806 551.8453 551.1644 551.0262 551.1218 551.4561 551.9526 552.2425 552.5579 552.6269 552.6407 552.5309 551.9857 551.3076 550.9787 550.5438 550.128 549.6332 549.1033 548.6636 548.2628 548.1725 548.2437 548.5162 548.9343 549.0862 549.166 549.3713 549.7417 550.0854 550.2266 550.4453 550.9966 551.558 551.89 552.2595 552.4726 552.6264 552.6808 552.6976 552.7249 552.6767 552.2686 551.2346 550.3625 549.725 549.6387 549.7923 550.9355 552.8068 554.7385 555.9854 556.658 556.8481 556.9961 557.1625 557.1262 556.3212 554.6564 552.6333 551.2679 551.1777 551.785 552.7639 553.995 554.916 555.7601 556.545 557.2883 557.7287 558.0314 558.2832
553.4283 552.6888 552.1212 552.0298 552.1968 552.5641 552.6844 552.7043 552.8605 552.9371 553.0361 552.9941 552.6889 552.2173 551.7313 551.1932 550.6774 550.2446 549.8257 549.6639 549.5856 549.6995 549.9495 550.4708 550.9391 551.1155 551.2445 551.5454 551.8458 552.1596 552.3204 552.6016 553.2006 553.7378 553.9838 554.114 554.1617 554.2003 554.2086 554.157 554.1511 554.0388 553.4308 552.4658 551.3423 550.4788 550.143 550.3247 551.3947 553.3981 555.5112 556.9894 557.481 557.661 557.785 557.8614 557.5776 556.5558 554.4987 552.2977 551.1944 551.1801 551.9619 553.0234 554.3475 555.5572 556.4993 557.2142 557.6262 557.8415 557.9236 557.994
554.1223 553.3964 552.7897 552.6832 552.6953 552.77 552.7004 552.6997 552.7004 552.7082 552.9154 552.9601 552.8684 552.6745 552.2308 551.8282 551.3922 551.2264 551.1168 551.1075 551.2421 551.7052 552.1882 552.9142 553.3092 553.4114 553.4936 553.726 553.8762 554.0335 554.2827 554.8127 555.6304 556.1676 556.2808 556.1256 555.8974 555.7368 555.5736 555.2111 555.0715 554.889 554.2819 553.412 552.3561 551.2586 550.6749 550.6535 551.4363 553.2599 555.256 556.6385 557.3332 557.6709 557.8728 557.7602 557.0878 555.6325 553.5451 551.6349 551.033 551.2978 552.4708 553.8127 555.017 556.1165 557.1649 557.7526 558.0156 558.0942 558.0142 557.8318
554.8701 554.1285 553.4874 553.0753 552.7706 552.6986 552.5866 552.506 552.4639 552.5055 552.6917 552.7017 552.6991 552.641 552.5654 552.7043 552.68 552.6524 552.626 552.6578 552.9193 553.6934 554.351 555.2183 555.5612 555.566 555.5701 555.6549 555.7365 556.0026 556.6778 557.7728 559.0045 559.7147 559.6548 559.0079 558.17 557.483 556.8861 556.0948 555.8694 555.681 555.0598 554.1802 553.0187 551.9274 551.1303 550.8136 551.2358 552.5671 554.3057 555.7574 556.7291 557.2996 557.6345 557.2331 556.0979 554.4166 552.5448 551.2395 551.1651 551.8201 553.0243 554.4583 555.7787 556.9612 557.7838 558.3118 558.541 558.5546 558.429 558.0994
555.9315 554.8131 554.1157 553.4553 552.7699 552.5461 552.4734 552.3389 552.2537 552.2657 552.3859 552.4879 552.5653 552.759 553.0317 553.8303 554.1286 554.1724 554.1453 554.1663 554.4594 555.3283 556.0497 557.0239 557.3875 557.4147 557.5576 557.8035 558.0546 558.7247 560.153 562.0513 563.8398 564.7632 564.4409 563.1225 561.3356 559.7582 558.4403 557.4025 557.0024 556.4902 555.7904 554.9441 553.8629 552.5401 551.3602 550.8771 550.9391 551.689 553.3233 554.8024 555.8725 556.7213 557.0837 556.5671 555.2828 553.4164 551.6404 551.0021 551.3271 552.5437 553.9781 555.3718 556.4878 557.407 558.2834 558.9301 559.2777 559.3189 559.2198 558.8959
557.424 555.6465 554.6605 554.0627 553.3318 552.7736 552.6805 552.4165 552.2842 552.2731 552.4119 552.7311 552.9845 553.7538 554.261 555.0346 555.5562 555.681 555.6588 555.6747 555.9765 556.7824 557.4855 558.1788 558.7557 559.3824 560.0362 560.7681 561.3264 562.4661 564.6282 567.152 569.343 570.3676 569.7506 567.8264 565.1925 562.5566 560.3793 558.7858 557.8917 557.2275 556.4919 555.5819 554.3749 553.0431 551.8973 551.145 550.9019 551.2985 552.5792 553.9315 554.9728 555.6689 555.9271 555.4962 554.2378 552.6011 551.2617 551.1639 551.968 553.3633 554.7532 555.938 557.0668 557.912 558.8073 559.6655 560.1792 560.3949 560.4716 560.1926
559.4773 556.8807 555.3535 554.5385 554.0583 553.5019 553.2347 552.8755 552.7838 552.7846 552.9908 553.7589 554.1854 554.8533 555.6505 556.5273 557.1881 557.4406 557.4778 557.5256 557.8878 558.6041 559.6535 560.7455 561.6321 562.3287 563.1049 564.0474 565.0845 566.7774 569.2349 572.0667 574.5009 575.6203 574.8256 572.4685 569.2733 565.866 562.7529 560.4014 558.9186 557.9553 557.1515 556.1093 555.0471 553.8453 552.4809 551.3206 550.9878 551.1687 551.868 552.8709 553.9221 554.481 554.8043 554.3301 553.2175 551.8967 551.139 551.4553 552.7771 554.3035 555.6133 556.5612 557.3981 558.3011 559.2598 560.28 561.1873 561.5415 561.9002 561.9976
562.3308 559.0125 556.5876 555.1881 554.4934 554.1875 554.1381 554.0609 554.0344 554.0444 554.2355 554.808 555.4734 556.2094 557.3416 558.5677 559.5276 560.0704 560.2701 560.3666 560.7731 561.6388 562.8593 564.1203 565.1964 565.9329 566.934 568.0887 569.3129 571.0126 573.4391 576.2718 578.7349 579.9718 579.2525 576.7745 573.3258 569.5208 565.8362 562.7108 560.3722 558.8829 557.8689 556.912 555.6263 554.1954 552.7396 551.6509 551.1686 550.9974 551.2318 551.9382 552.8066 553.535 553.9371 553.3834 552.3492 551.2803 551.2035 552.3162 553.9152 555.3969 556.4691 557.2734 558.0388 558.9655 560.0286 561.231 562.4 562.9753 563.4836 564.5535
566.209 562.1472 558.8264 556.5145 555.2592 554.7504 554.6896 554.734 554.8026 554.9756 555.4616 556.0394 556.9483 558.1395 559.6985 561.451 562.9445 563.8893 564.3619 564.6389 565.0614 565.7095 566.5402 567.5115 568.5803 569.4421 570.6467 571.9034 573.0871 574.5997 576.8677 579.527 581.9044 583.2801 582.8843 580.6506 577.2608 573.3418 569.3314 565.6017 562.451 560.0797 558.5308 557.1868 555.7432 554.2453 552.7907 551.7701 551.1813 550.8577 550.8663 551.2292 551.8992 552.4931 552.7171 552.3315 551.3934 550.9807 551.4083 552.9485 554.738 556.0825 557.1282 557.9536 558.8356 560.0848 561.6887 563.6639 565.2266 566.2761 567.3212 568.8183
571.1149 566.3745 562.2232 559.073 556.9799 555.9745 555.6931 555.6534 555.6892 555.9183 556.6822 557.7169 558.9462 560.6819 562.8235 565.0883 567.0373 568.2935 569.0007 569.3665 569.6481 569.8481 569.9814 570.3404 571.2309 572.2206 573.5641 574.8456 575.9162 577.2888 579.3759 581.8875 584.2704 -9999 585.8549 584.0609 580.9702 577.1374 572.97 568.7843 564.8943 561.6079 559.2829 557.2678 555.6529 554.2018 552.7877 551.7842 551.1824 550.7844 550.6503 550.803 551.1572 551.3556 551.5911 551.2639 550.8936 551.0378 552.0235 553.7698 555.4081 556.485 557.3801 558.5226 559.666 561.5188 563.9649 566.2465 567.9924 569.5505 571.0953 572.7231
576.6656 571.7088 567.0952 563.2444 560.2999 558.5211 557.6769 557.2569 557.1324 557.4372 558.4133 559.8883 561.6196 563.8172 566.3984 568.9413 571.0977 572.4465 573.2437 573.6051 573.668 573.4307 572.921 572.5598 573.0714 574.1595 575.5346 576.7159 577.8207 579.136 581.0605 -9999 -9999 -9999 -9999 -9999 584.3584 580.7011 576.4762 571.9292 567.3824 563.2205 560.0315 557.1454 555.3399 554.0671 552.7288 551.6814 551.1494 550.7085 550.502 550.5302 550.755 550.9692 551.147 550.8355 550.7352 551.2466 552.6649 554.3948 555.8221 556.7843 557.6279 559.1427 560.4594 563.0682 565.9009 568.1381 570.0687 571.9828 573.801 575.4076
582.377 577.5499 572.8971 568.6837 565.176 562.6428 561.0729 560.0733 559.5786 559.7731 560.8558 562.5714 564.6584 567.1121 569.8181 572.3698 574.4248 575.736 576.5922 577.0097 576.947 576.3851 -9999 -9999 -9999 -9999 -9999 -9999 -9999 -9999 -9999 -9999 -9999 -9999 -9999 -9999 587.4106 583.9029 579.6976 574.9116 569.7527 564.5538 560.1871 556.8227 554.8487 553.6989 552.4722 551.337 550.8678 550.5405 550.3514 550.3439 550.4857 550.7029 550.7744 550.6372 550.8236 551.693 553.4935 555.2939 556.4958 557.2399 557.96 559.3125 561.4774 564.4886 567.1631 569.3484 571.3446 573.4691 575.4144 576.9645
587.9571 583.4289 578.9986 574.8186 571.116 568.1456 565.9841 564.3772 563.2932 562.978 563.6973 565.3428 567.5318 570.0521 572.6575 574.915 576.618 577.9351 578.9511 -9999 -9999 -9999 -9999 -9999 -9999 -9999 -9999 -9999 -9999 -9999 -9999 -9999 -9999 -9999 -9999 -9999 -9999 586.7245 582.6702 577.8799 572.4448 566.641 561.2321 557.0493 554.4186 552.899 551.9281 551.1801 550.7183 550.4218 550.2362 550.1973 550.2678 550.4736 550.6051 550.6741 551.1945 552.5856 554.5054 556.0679 557.1158 557.6094 558.2941 559.7395 562.4639 565.613 567.9803 570.1215 572.0137 574.0031 575.9968 577.8107
593.2889 589.0329 584.8671 580.8599 577.1907 574.0433 571.5036 569.3866 567.5897 566.4575 566.5016 567.8412 569.9374 572.3694 574.6846 576.4338 -9999 -9999 -9999 -9999 -9999 -9999 -9999 -9999 -9999 -9999 -9999 -9999 -9999 -9999 -9999 -9999 -9999 -9999 -9999 -9999 -9999 589.1302 585.4082 580.8648 575.4208 569.3068 563.191 558.082 554.6219 552.6583 551.6711 551.158 550.6711 550.3388 550.1519 550.0732 550.0886 550.2081 550.4657 550.7789 551.5359 553.3278 555.2785 556.6089 557.3123 557.8235 558.688 560.4767 563.6275 566.8663 569.2631 571.0153 572.4661 -9999 -9999 -9999
598.2863 594.2144 590.217 586.3531 582.7758 579.5887 576.8469 574.3539 571.9458 570.028 569.322 570.167 571.9396 573.9816 -9999 -9999 -9999 -9999 -9999 -9999 -9999 -9999 -9999 -9999 -9999 -9999 -9999 -9999 -9999 -9999 -9999 -9999 -9999 -9999 -9999 -9999 -9999 591.2743 587.9684 583.7729 578.4857 572.2868 565.7614 559.835 555.4536 552.8434 551.647 551.1539 550.6185 550.2336 550.0435 549.9534 549.9632 550.0308 550.3473 550.9531 552.0543 554.0105 555.8282 557.0872 557.5773 558.0732 559.1662 561.3749 564.8229 567.9721 570.3212 571.9328 573.1412 -9999 -9999 -9999
