backend/lakes/data/Beaver Lake/beav_dem_tm.asc
ncols         312
nrows         275
xllcorner     696800
yllcorner     6057350
cellsize      50
NODATA_value  -9999
[rows 64 to 95 of 275, columns 0 to 71 of 312]
-9999 -9999 -9999 -9999 -9999 -9999 -9999 -9999 -9999 -9999 -9999 -9999 -9999 -9999 -9999 -9999 -9999 -9999 -9999 -9999 -9999 -9999 -9999 -9999 -9999 -9999 -9999 -9999 -9999 -9999 575.6629 574.5381 573.2529 571.9781 570.8616 570.0145 569.6003 569.7609 569.9489 570.3517 570.552 570.6648 570.4841 569.9341 569.0198 567.5778 565.9075 564.0782 562.2095 560.8552 559.448 557.7974 556.0711 554.5757 553.5361 553.4532 552.442 551.6473 551.1471 550.7144 550.3301 550.0297 549.8308 549.7179 549.6525 549.609 549.5851 549.5815 549.6588 549.6582 549.6368 549.713
-9999 -9999 -9999 -9999 -9999 -9999 -9999 -9999 -9999 -9999 -9999 -9999 -9999 -9999 -9999 -9999 -9999 -9999 -9999 -9999 -9999 -9999 -9999 -9999 -9999 -9999 575.35 575.8434 576.0467 576.0306 575.957 575.2353 573.6169 572.0561 571.0624 570.4133 569.9953 569.7556 570.0276 570.1964 569.9406 569.4836 568.6977 567.4583 565.8185 563.8974 561.9758 560.0322 558.3433 556.8991 555.6492 554.5518 553.4573 552.741 552.3615 552.3265 551.774 551.178 550.6956 550.2836 549.9548 549.7361 549.6317 549.6134 549.6353 549.6511 549.6599 549.656 549.7412 549.8739 550.0585 550.4654
-9999 -9999 -9999 -9999 -9999 -9999 -9999 -9999 -9999 -9999 -9999 -9999 -9999 -9999 -9999 -9999 -9999 -9999 -9999 -9999 -9999 -9999 -9999 -9999 573.7167 574.6096 575.1256 575.2971 575.1983 574.95 574.648 573.6141 572.0552 570.7291 570.1963 569.9126 569.4866 568.774 569.0785 568.9175 567.8986 566.6452 565.1169 563.2352 561.2641 559.3869 557.7104 556.1401 554.8935 553.8693 553.0809 552.565 552.0426 551.725 551.5897 551.5543 551.1904 550.7348 550.2953 549.9198 549.6456 549.4957 549.4694 549.5321 549.6251 549.66 549.6442 549.9651 550.8706 551.4985 551.8908 552.3152
-9999 -9999 -9999 -9999 -9999 -9999 -9999 -9999 -9999 -9999 -9999 -9999 -9999 -9999 -9999 -9999 -9999 -9999 -9999 -9999 -9999 -9999 -9999 571.9742 573.4208 574.0544 574.1996 573.8196 573.1082 572.213 571.3539 570.1813 568.8965 568.0515 568.0137 568.3042 568.3508 567.9843 567.4252 566.1688 564.3961 562.4865 560.5245 558.5817 556.8576 555.5229 554.4285 553.3843 552.6813 552.1115 551.7217 551.5283 551.3749 551.2737 551.184 551.1664 550.8431 550.4301 550.0201 549.6759 549.4456 549.3491 549.3801 549.5054 549.6582 549.6445 549.9853 551.101 552.4377 553.4473 553.9932 554.4311
-9999 -9999 -9999 -9999 -9999 -9999 -9999 -9999 -9999 -9999 -9999 -9999 -9999 -9999 -9999 -9999 -9999 -9999 -9999 -9999 -9999 -9999 -9999 571.9144 572.9897 573.1599 572.6093 571.2817 569.631 567.9507 566.6027 565.4155 564.4137 563.9003 563.9717 564.4269 564.7676 564.5366 563.6804 561.9984 559.996 558.1389 556.4025 554.9185 553.7379 553.0339 552.5903 552.0609 551.6597 551.3525 551.1758 551.1571 551.1924 551.1785 551.0288 550.8875 550.6052 550.2468 549.8822 549.5778 549.3876 549.3384 549.4178 549.5912 549.796 550.0324 551.0915 552.5135 553.8812 554.9249 555.8214 556.6357
-9999 -9999 -9999 -9999 -9999 -9999 -9999 -9999 -9999 -9999 -9999 -9999 -9999 -9999 -9999 -9999 -9999 -9999 -9999 -9999 -9999 -9999 570.2054 571.8956 572.4559 571.8709 570.3 567.9617 565.4378 563.1151 561.4122 560.243 559.4608 559.1163 559.0894 559.4215 559.8066 559.7554 559.0598 557.7022 556.2134 554.9265 553.8381 552.9484 552.4159 552.1317 551.9695 551.7442 551.4924 551.2847 551.1422 551.1284 551.1794 551.0703 550.8962 550.7102 550.465 550.1729 549.8761 549.6289 549.4929 549.5034 549.6633 549.9797 550.4639 551.2155 552.4313 553.782 554.9784 556.1387 557.5265 558.8516
-9999 -9999 -9999 -9999 -9999 -9999 -9999 -9999 -9999 -9999 -9999 -9999 -9999 -9999 -9999 -9999 -9999 -9999 -9999 -9999 -9999 -9999 570.6485 571.9442 571.8762 570.4435 568.0074 564.8397 561.8986 559.2358 557.3857 556.2255 555.6607 555.4089 555.2606 555.3579 555.6285 555.7164 555.4432 554.848 554.0414 553.2926 552.7371 552.4756 552.3082 552.2292 552.1893 552.0927 551.8491 551.6113 551.3622 551.178 551.0579 550.9419 550.778 550.5977 550.4023 550.1921 549.9863 549.8184 549.7559 549.8459 550.0806 550.5378 551.2358 552.2936 553.3939 554.5688 555.8414 557.2896 559.1456 560.8621
-9999 -9999 -9999 -9999 -9999 -9999 -9999 -9999 -9999 -9999 -9999 -9999 -9999 -9999 -9999 -9999 -9999 -9999 -9999 -9999 -9999 -9999 571.0579 571.9401 571.0985 569.0939 566.0513 562.5751 559.9984 557.6696 555.8665 554.532 554.0826 553.7777 553.4625 553.4126 553.6279 553.8822 553.8212 553.484 553.0637 552.6768 552.5367 552.6976 552.696 552.6934 552.6951 552.6707 552.3797 552.1144 551.6891 551.2068 550.9987 550.9216 550.7488 550.5636 550.4163 550.3004 550.2101 550.1351 550.1677 550.3679 550.6265 551.1497 551.8846 552.8344 554.058 555.3723 556.5911 558.0117 559.9802 562.4699
-9999 -9999 -9999 -9999 -9999 -9999 -9999 -9999 -9999 -9999 -9999 -9999 -9999 -9999 -9999 -9999 -9999 -9999 -9999 -9999 -9999 -9999 571.0327 571.203 570.1825 568.1624 565.4177 562.4519 560.4434 558.6057 556.9813 555.5963 554.7764 554.0944 553.4263 553.1462 553.3003 553.6281 553.5007 553.0905 552.7861 552.4781 552.4325 552.6057 552.7325 552.8223 552.8736 552.86 552.7083 552.6598 552.2067 551.6432 551.2348 551.1642 550.8877 550.6414 550.5255 550.5109 550.5756 550.5936 550.7332 551.1344 551.3351 551.8259 552.5659 553.3644 554.3659 555.6696 557.1084 558.756 560.5786 563.2076
-9999 -9999 -9999 -9999 -9999 -9999 -9999 -9999 -9999 -9999 -9999 -9999 -9999 -9999 -9999 -9999 -9999 -9999 -9999 -9999 -9999 -9999 570.7528 570.536 569.7107 568.1805 566.4749 564.7748 563.1285 561.5349 559.8953 558.2286 556.8768 555.7069 554.7173 554.1456 554.0212 554.259 553.6052 553.0094 552.6492 552.4042 552.3783 552.5273 552.7008 552.845 552.9387 552.9684 552.9318 552.9017 552.6759 552.2422 551.9188 551.6046 551.1942 550.8501 550.7568 550.8313 551.1291 551.2578 551.4785 552.2303 552.5284 552.8125 553.42 554.1836 554.9667 555.9305 557.2343 558.8149 560.5568 562.4739
-9999 -9999 -9999 -9999 -9999 -9999 -9999 -9999 -9999 -9999 -9999 -9999 -9999 -9999 -9999 -9999 -9999 -9999 -9999 -9999 -9999 -9999 570.2469 569.7322 569.1652 568.6561 568.2592 567.9688 567.1959 565.8156 564.1605 562.1552 560.1902 558.5439 557.306 556.1147 555.1902 554.518 553.871 553.2967 552.9321 552.6233 552.5397 552.6464 552.8151 552.9678 553.0703 553.1109 553.0923 553.0482 552.9148 552.7079 552.6219 552.2026 551.7657 551.246 551.1585 551.226 551.7642 552.3406 552.6889 553.3482 553.9552 554.422 555.0652 555.8758 556.4153 556.9174 557.5685 558.5991 559.5636 560.1971
-9999 -9999 -9999 -9999 -9999 -9999 -9999 -9999 -9999 -9999 -9999 -9999 -9999 -9999 -9999 -9999 -9999 -9999 -9999 -9999 -9999 -9999 -9999 568.4884 568.528 569.1997 570.1681 571.1603 571.3987 570.6232 569.0829 566.8895 564.5309 562.4797 561.041 559.1935 557.5557 556.1673 555.1517 554.3514 553.8849 553.3228 553.098 553.135 553.2579 553.3734 553.4455 553.4556 553.3859 553.3016 553.1844 553.0394 552.9484 552.7231 552.5436 551.9994 551.7898 551.9109 552.5607 553.3182 554.1407 555.1046 556.2198 557.2287 558.2488 559.1694 559.4691 559.1613 558.9371 558.7934 558.4917 557.5248
-9999 -9999 -9999 -9999 -9999 -9999 -9999 -9999 -9999 -9999 -9999 -9999 -9999 -9999 -9999 -9999 -9999 -9999 -9999 -9999 -9999 -9999 -9999 567.917 568.1861 569.7167 571.7364 573.6736 574.7646 574.6055 573.4695 571.5122 569.1556 566.7787 564.8223 562.9464 560.9093 559.0452 557.6688 556.3528 555.425 554.571 554.1959 554.1368 554.1731 554.2156 554.2379 554.2009 554.0289 553.8876 553.7365 553.535 553.4341 553.3265 553.1643 552.7999 552.6719 552.8447 553.6958 554.9183 556.4823 558.2313 560.037 561.7075 563.1827 564.2279 564.1531 562.9017 561.3046 559.6314 557.8011 555.6219
-9999 -9999 -9999 -9999 -9999 -9999 -9999 -9999 -9999 -9999 -9999 -9999 -9999 -9999 -9999 -9999 -9999 -9999 -9999 -9999 -9999 -9999 -9999 -9999 -9999 570.0078 572.6121 575.2039 576.8651 577.4188 576.8129 575.242 573.2192 571.0286 568.899 566.793 564.6971 562.8444 561.3146 559.4221 557.9423 556.7881 556.0515 555.7256 555.6086 555.6022 555.6143 555.5355 555.2596 555.077 554.8786 554.5281 554.4029 554.3434 554.2111 554.0424 554.0264 554.4362 555.7345 557.7499 560.1876 562.819 565.2864 567.3803 568.9291 569.7607 569.2921 567.3586 564.5869 561.4238 558.2192 555.3687
-9999 -9999 -9999 -9999 -9999 -9999 -9999 -9999 -9999 -9999 -9999 -9999 -9999 -9999 -9999 -9999 -9999 -9999 -9999 -9999 -9999 -9999 -9999 -9999 -9999 -9999 -9999 575.7453 577.8263 578.773 578.6464 577.6765 576.1558 574.4094 572.6437 570.8514 568.8751 566.9502 565.2546 563.4418 561.6633 560.181 559.0101 558.264 557.8407 557.7378 557.7701 557.7229 557.4967 557.214 556.8737 556.4475 556.2275 556.0474 555.6768 555.4149 555.7146 556.7099 558.7956 561.7012 564.9133 568.02 570.6714 572.6669 573.959 574.3911 573.6544 571.5203 568.2546 564.3525 560.3974 557.0443
-9999 -9999 -9999 -9999 -9999 -9999 -9999 -9999 -9999 -9999 -9999 -9999 -9999 -9999 -9999 -9999 -9999 -9999 -9999 -9999 -9999 -9999 -9999 -9999 -9999 -9999 -9999 -9999 -9999 -9999 579.3706 578.7421 577.6471 576.178 575.1922 574.1041 572.747 571.3492 569.9102 568.2997 566.5209 564.8023 563.2195 562.0773 561.4201 561.2499 561.3122 561.2708 560.9458 560.3769 559.6593 558.9396 558.4161 558.0226 557.5891 557.5087 558.1223 559.7745 562.5668 565.9838 569.476 572.6187 574.9801 576.4976 577.288 577.2058 576.3431 574.4951 571.4205 567.4146 563.2873 559.6713
-9999 -9999 -9999 -9999 -9999 -9999 -9999 -9999 -9999 -9999 -9999 -9999 -9999 -9999 -9999 -9999 -9999 -9999 -9999 -9999 -9999 -9999 -9999 -9999 -9999 -9999 -9999 -9999 -9999 -9999 -9999 -9999 577.6827 576.3138 575.9562 575.5875 575.3352 575.0161 574.2644 573.0658 571.5125 569.8877 568.2402 567.0173 566.3619 566.1453 566.0856 566.0508 565.6934 564.8751 563.6143 562.2505 561.1391 560.3748 559.9188 560.1447 561.3137 563.4929 566.4933 569.8591 573.169 575.8394 577.529 578.2857 578.438 577.9808 577.1207 575.6171 573.098 569.4843 565.6489 562.0934
-9999 -9999 -9999 -9999 -9999 -9999 -9999 -9999 -9999 -9999 -9999 -9999 -9999 -9999 -9999 -9999 -9999 -9999 -9999 -9999 -9999 -9999 -9999 -9999 -9999 -9999 -9999 -9999 -9999 -9999 -9999 -9999 -9999 576.079 575.8817 576.071 576.878 577.5506 577.5552 576.7802 575.4001 574.1605 572.8331 571.8291 571.2539 570.8116 570.3519 570.4865 570.419 569.6743 568.1793 566.559 565.142 564.1448 563.6961 564.0302 565.2821 567.3009 569.566 572.5416 575.2977 577.3334 578.0043 578.0322 577.6149 576.7221 575.8921 574.6838 572.5289 569.482 566.2097 563.1616
-9999 -9999 -9999 -9999 -9999 -9999 -9999 -9999 -9999 -9999 -9999 -9999 -9999 -9999 -9999 -9999 -9999 -9999 -9999 -9999 -9999 -9999 -9999 -9999 -9999 -9999 -9999 -9999 -9999 -9999 -9999 -9999 -9999 -9999 -9999 576.5443 577.9234 579.0728 579.5779 578.9781 577.4201 576.9133 576.0551 575.3427 574.6954 573.6732 572.2252 572.9408 573.7476 573.4741 572.2369 570.8398 569.5274 568.5516 568.1619 568.4216 569.3434 570.4057 570.8329 573.4296 575.6388 576.6804 576.5381 575.9411 574.9814 573.8248 572.7795 571.4871 569.5508 566.9515 564.2542 561.9221
-9999 -9999 -9999 -9999 -9999 -9999 -9999 -9999 -9999 -9999 -9999 -9999 -9999 -9999 -9999 -9999 -9999 -9999 -9999 -9999 -9999 -9999 -9999 -9999 -9999 -9999 -9999 -9999 -9999 -9999 -9999 -9999 -9999 -9999 -9999 -9999 -9999 -9999 -9999 580.3458 579.5316 578.8503 578.032 577.2299 576.2889 574.9714 573.8912 574.556 575.3623 575.4493 574.8751 573.9699 573.0729 572.3449 572.0211 572.096 572.6556 572.9506 573.0466 574.0168 574.8259 574.8019 573.8472 572.5059 570.9816 569.4818 568.1754 566.7833 565.0944 562.9879 560.8847 559.4449
-9999 -9999 -9999 -9999 -9999 -9999 -9999 -9999 -9999 -9999 -9999 -9999 -9999 -9999 -9999 -9999 -9999 -9999 -9999 -9999 -9999 -9999 -9999 -9999 -9999 -9999 -9999 -9999 -9999 -9999 -9999 -9999 -9999 -9999 -9999 -9999 -9999 -9999 -9999 -9999 -9999 -9999 -9999 -9999 -9999 -9999 -9999 -9999 -9999 576.3984 575.8293 575.5988 575.0399 574.552 574.2193 574.0392 574.0566 573.9236 573.5734 573.2328 572.7631 571.7112 570.0845 568.1664 566.2131 564.4427 563.0544 561.7746 560.4454 558.9688 557.7249 557.0809
-9999 -9999 -9999 -9999 -9999 -9999 -9999 -9999 -9999 -9999 -9999 -9999 -9999 -9999 -9999 -9999 -9999 -9999 -9999 -9999 -9999 -9999 -9999 -9999 -9999 -9999 -9999 -9999 -9999 -9999 -9999 -9999 -9999 -9999 -9999 -9999 -9999 -9999 -9999 -9999 -9999 -9999 -9999 -9999 -9999 -9999 -9999 -9999 -9999 -9999 -9999 -9999 575.7653 575.415 574.9148 574.2488 573.4047 572.221 571.0493 570.0189 569.005 567.6162 565.8 563.7146 561.7197 560.0865 559.0759 558.3803 557.3577 556.4568 555.9595 555.7178
-9999 -9999 -9999 -9999 -9999 -9999 -9999 -9999 -9999 -9999 -9999 -9999 -9999 -9999 -9999 -9999 -9999 -9999 -9999 -9999 -9999 -9999 -9999 -9999 -9999 -9999 -9999 -9999 -9999 -9999 -9999 -9999 -9999 -9999 -9999 -9999 -9999 -9999 -9999 -9999 -9999 -9999 -9999 -9999 -9999 -9999 -9999 -9999 -9999 -9999 -9999 576.3026 575.9589 575.3843 574.3942 572.9241 570.9139 568.7682 566.9222 565.5507 564.4175 563.1831 561.6345 559.9097 558.4514 557.6389 557.4742 557.821 556.9711 556.1006 555.5773 555.2914
-9999 -9999 -9999 -9999 -9999 -9999 -9999 -9999 -9999 -9999 -9999 -9999 -9999 -9999 -9999 -9999 -9999 -9999 -9999 -9999 -9999 -9999 -9999 -9999 -9999 -9999 -9999 -9999 -9999 -9999 -9999 -9999 -9999 -9999 -9999 -9999 -9999 -9999 -9999 -9999 -9999 -9999 -9999 -9999 -9999 -9999 -9999 -9999 -9999 -9999 577.9516 576.9469 576.03 574.77 572.9476 570.3962 567.4578 564.5963 562.4343 561.0557 560.1069 559.2783 558.2285 557.1454 556.5167 556.1884 556.254 556.6738 556.6904 556.0884 555.6336 555.285
-9999 -9999 -9999 -9999 -9999 -9999 -9999 -9999 -9999 -9999 -9999 -9999 -9999 -9999 -9999 -9999 -9999 -9999 -9999 -9999 -9999 -9999 -9999 -9999 -9999 -9999 -9999 -9999 -9999 -9999 -9999 -9999 -9999 -9999 -9999 -9999 -9999 -9999 -9999 -9999 -9999 -9999 -9999 -9999 -9999 -9999 -9999 -9999 -9999 -9999 577.8665 576.869 575.5335 573.5026 570.7402 567.3839 563.8245 560.8562 558.7252 557.5541 556.9545 556.5052 555.8373 555.3251 555.3289 555.3424 555.3508 555.5122 555.5662 555.3084 555.1177 555.173
-9999 -9999 -9999 -9999 -9999 -9999 -9999 -9999 -9999 -9999 -9999 -9999 -9999 -9999 -9999 -9999 -9999 -9999 -9999 -9999 -9999 -9999 -9999 -9999 -9999 -9999 -9999 -9999 -9999 -9999 -9999 -9999 -9999 -9999 -9999 -9999 -9999 -9999 -9999 -9999 -9999 -9999 -9999 -9999 -9999 -9999 -9999 -9999 -9999 577.0189 576.5055 575.6534 574.0241 571.5221 568.2074 564.4076 560.8438 558.0622 556.3638 555.5794 555.2029 554.9233 554.5035 554.1634 554.5413 554.9254 554.9464 554.8895 554.842 554.7308 554.7227 555.0425
-9999 -9999 -9999 -9999 -9999 -9999 -9999 -9999 -9999 -9999 -9999 -9999 -9999 -9999 -9999 -9999 -9999 -9999 -9999 -9999 -9999 -9999 -9999 -9999 -9999 -9999 -9999 -9999 -9999 -9999 -9999 -9999 -9999 -9999 -9999 -9999 -9999 -9999 -9999 -9999 -9999 -9999 -9999 -9999 -9999 -9999 -9999 -9999 -9999 574.1141 574.0316 573.4624 571.8855 569.222 565.5775 561.9813 558.867 556.6389 555.4889 554.8848 554.5354 554.3083 554.0607 553.9038 554.174 554.9005 555.0945 555.0223 554.9431 554.8724 554.8923 555.188
-9999 -9999 -9999 -9999 -9999 -9999 -9999 -9999 -9999 -9999 -9999 -9999 -9999 -9999 -9999 -9999 -9999 -9999 -9999 -9999 -9999 -9999 -9999 -9999 -9999 -9999 -9999 -9999 -9999 -9999 -9999 -9999 -9999 -9999 -9999 -9999 -9999 -9999 -9999 -9999 -9999 -9999 -9999 -9999 -9999 -9999 -9999 -9999 -9999 570.1569 570.684 570.6451 569.4734 566.9713 563.5811 560.6287 558.6127 557.067 555.9007 555.131 554.5912 554.2997 554.2152 554.2816 554.7332 555.4898 555.8748 556.0605 556.1541 556.1055 556.0239 556.056
-9999 -9999 -9999 -9999 -9999 -9999 -9999 -9999 -9999 -9999 -9999 -9999 -9999 -9999 -9999 -9999 -9999 -9999 -9999 -9999 -9999 -9999 -9999 -9999 -9999 -9999 -9999 -9999 -9999 -9999 -9999 -9999 -9999 -9999 -9999 -9999 -9999 -9999 -9999 -9999 -9999 -9999 -9999 -9999 -9999 -9999 -9999 -9999 -9999 565.8736 567.0602 567.747 567.2266 565.1983 562.5121 560.4402 559.7928 558.7073 557.2994 556.0184 555.1292 554.6686 554.7328 555.1666 555.9017 556.9557 557.7856 558.541 559.0049 558.9342 558.6076 558.1596
-9999 -9999 -9999 -9999 -9999 -9999 -9999 -9999 -9999 -9999 -9999 -9999 -9999 -9999 -9999 -9999 -9999 -9999 -9999 -9999 -9999 -9999 -9999 -9999 -9999 -9999 -9999 -9999 -9999 -9999 -9999 -9999 -9999 -9999 -9999 -9999 -9999 -9999 -9999 -9999 -9999 -9999 -9999 -9999 -9999 -9999 -9999 -9999 -9999 562.2209 563.9783 565.3594 565.5215 564.2167 562.7747 562.4092 562.6086 561.6319 559.6512 557.6191 556.2056 555.4884 555.7087 556.5124 557.7361 559.309 560.9185 562.4868 563.3797 563.2776 562.5685 561.4393
-9999 -9999 -9999 -9999 -9999 -9999 -9999 -9999 -9999 -9999 -9999 -9999 -9999 -9999 -9999 -9999 -9999 -9999 -9999 -9999 -9999 -9999 -9999 -9999 -9999 -9999 -9999 -9999 -9999 -9999 -9999 -9999 -9999 -9999 -9999 -9999 -9999 -9999 -9999 -9999 -9999 -9999 -9999 -9999 -9999 -9999 -9999 -9999 -9999 560.2581 562.2402 563.9781 564.7826 564.5787 564.7465 565.5844 566.2554 565.3428 563.0805 560.394 558.1319 557.0428 557.3894 558.5394 560.2675 562.3801 564.7945 566.8827 567.9655 567.8301 566.782 565.1398
-9999 -9999 -9999 -9999 -9999 -9999 -9999 -9999 -9999 -9999 -9999 -9999 -9999 -9999 -9999 -9999 -9999 -9999 -9999 -9999 -9999 -9999 -9999 -9999 -9999 -9999 -9999 -9999 -9999 -9999 -9999 -9999 -9999 -9999 -9999 -9999 -9999 -9999 -9999 -9999 -9999 -9999 -9999 -9999 -9999 -9999 -9999 -9999 -9999 561.0414 562.8696 564.7029 566.1007 566.8953 567.9391 569.2961 569.964 568.9501 566.6813 563.9657 561.3874 559.9887 560.1691 561.3308 563.32 565.7694 568.3669 570.3724 571.2113 571.002 569.6602 567.8229
