backend/lakes/data/Beaver Lake/beav_dem_tm.asc
ncols         312
nrows         275
xllcorner     696800
yllcorner     6057350
cellsize      50
NODATA_value  -9999
[rows 96 to 127 of 275, columns 144 to 215 of 312]
552.538 552.5604 552.6992 553.6021 555.4841 558.8197 563.2814 567.8054 571.4043 573.5245 574.2518 574.0581 573.4744 572.809 -9999 -9999 -9999 -9999 -9999 -9999 -9999 -9999 -9999 -9999 -9999 -9999 -9999 -9999 -9999 -9999 -9999 -9999 -9999 -9999 -9999 -9999 -9999 -9999 -9999 590.9938 590.5786 589.4379 587.7134 585.7805 583.7742 581.6074 579.322 577.3409 575.8735 -9999 -9999 -9999 -9999 -9999 -9999 -9999 -9999 -9999 -9999 -9999 -9999 -9999 -9999 -9999 -9999 -9999 -9999 -9999 -9999 -9999 -9999 -9999
551.1406 551.205 551.3679 552.122 553.215 555.6143 559.2801 563.5954 567.5521 570.5657 572.5621 573.5388 573.9335 574.2966 575.8392 -9999 -9999 -9999 580.8633 580.5932 581.4568 582.6199 584.2895 -9999 -9999 -9999 -9999 -9999 -9999 -9999 -9999 -9999 -9999 -9999 -9999 -9999 590.9396 588.0457 586.7887 586.2161 585.5954 584.6495 583.4543 582.2914 581.0654 579.5668 577.8307 576.1965 575.03 574.4784 575.2284 576.4409 577.8303 576.7626 576.6089 577.3969 576.0793 -9999 -9999 -9999 -9999 -9999 -9999 -9999 -9999 -9999 -9999 -9999 -9999 -9999 -9999 -9999
549.8385 550.1677 550.4034 550.8679 551.478 553.0955 555.8041 559.3678 563.1908 566.5989 569.4868 571.7869 573.3245 574.7504 576.6371 578.4908 579.923 580.3302 579.7385 578.8195 579.6205 580.8519 582.3893 584.2678 586.2739 588.1696 -9999 -9999 -9999 -9999 -9999 -9999 -9999 -9999 595.0631 590.6731 586.585 583.7474 582.1124 581.065 580.1735 579.256 578.3452 577.6971 577.162 576.4426 575.4485 574.457 573.8333 573.7164 574.2859 575.6248 576.949 576.7874 575.9714 575.8718 576.2964 574.0897 -9999 -9999 -9999 -9999 -9999 -9999 -9999 -9999 -9999 -9999 -9999 -9999 -9999 -9999
549.1794 549.5629 549.6397 549.7687 550.2758 551.318 553.1147 555.6603 558.7282 561.9665 565.2475 568.474 571.194 573.5138 575.7592 577.6933 578.9383 579.1657 578.131 576.8569 577.4702 578.6383 580.0076 581.8402 583.9436 585.9962 587.7206 588.9147 -9999 -9999 -9999 -9999 -9999 592.7863 589.7332 585.6853 581.8405 578.924 576.8838 575.4095 574.2311 573.1879 572.3311 571.9725 571.9476 571.9346 571.7477 571.5212 571.4818 571.7967 572.5512 573.9772 575.4769 576.1626 575.1768 575.3262 574.8347 574.0237 570.6871 -9999 -9999 -9999 -9999 -9999 -9999 -9999 -9999 -9999 -9999 -9999 -9999 -9999
548.6227 548.8687 548.9835 549.1517 549.5951 550.2506 551.3141 552.921 555.0617 557.6845 560.7338 564.1744 567.5601 570.5794 573.1074 575.1198 576.3315 576.493 575.694 574.6839 574.6535 575.3046 576.4916 578.3268 580.6091 582.8562 584.6843 585.9389 586.6607 587.1218 -9999 -9999 589.0406 587.6353 584.5673 580.6888 576.8674 573.6583 571.1565 569.2997 567.9317 566.7806 565.8871 565.6493 565.8862 566.3148 566.7278 567.2045 567.8575 568.7659 569.8705 571.2328 572.5932 573.7079 574.4256 575.2982 575.4185 573.5093 570.1003 566.521 -9999 -9999 -9999 -9999 -9999 -9999 -9999 -9999 -9999 -9999 -9999 -9999
548.1953 548.3433 548.4742 548.6751 549.0529 549.593 550.2347 551.1326 552.562 554.428 556.8177 559.7302 562.9866 566.1839 568.811 570.6867 571.7108 571.7972 571.1031 570.164 569.8499 570.2822 571.4742 573.3886 575.9174 578.5035 580.6716 582.2431 583.2654 583.9777 584.7247 585.2932 584.9413 583.0845 579.8414 575.8589 571.8041 568.1999 565.2948 563.212 561.9337 560.9673 560.2242 560.1474 560.4256 560.8358 561.4101 562.3696 563.5621 564.9297 566.3353 567.4942 568.4189 569.4212 570.6479 571.9194 572.5455 571.3799 568.8698 565.883 -9999 -9999 -9999 -9999 -9999 -9999 -9999 -9999 -9999 -9999 -9999 -9999
547.91 547.9854 548.0939 548.2778 548.584 549.0071 549.504 549.8973 550.9106 552.2121 553.7908 555.8657 558.3474 561.0417 563.2457 564.767 565.5299 565.5306 564.8839 563.9941 563.6557 564.0738 565.3201 567.2746 570.0076 573.0023 575.6857 577.8423 579.566 580.9122 582.0095 582.3683 581.5689 579.2286 575.6195 571.2889 566.9158 563.0569 560.1275 558.2045 557.2673 556.8966 556.8147 557.4 557.8098 557.8104 557.7961 558.7505 560.129 561.5179 562.7342 563.5942 564.241 564.8837 565.899 567.4108 568.8638 569.2131 568.105 565.91 563.4921 -9999 -9999 -9999 -9999 -9999 -9999 -9999 -9999 -9999 -9999 -9999
547.7538 547.7664 547.8263 547.9521 548.1639 548.4441 548.7566 549.0807 549.7544 550.7369 551.6334 552.9156 554.4731 556.2411 557.6913 558.7067 559.2003 559.2025 558.8033 558.3055 558.1849 558.5482 559.4928 561.1521 563.6918 566.8327 569.918 572.7463 575.4097 577.7041 579.3816 579.8152 578.6843 575.9201 571.8647 567.1528 562.6561 558.9939 556.3619 554.8193 554.5573 555.2038 556.1839 557.4806 558.1088 557.7545 557.3453 557.6978 558.4238 559.3519 560.1942 560.7892 561.0356 561.2975 562.2252 563.9481 566.273 568.046 568.1383 566.4144 564.1756 -9999 -9999 -9999 -9999 -9999 -9999 -9999 -9999 -9999 -9999 -9999
547.7017 547.6644 547.6688 547.723 547.8414 548.0146 548.2255 548.5062 548.9958 549.6653 550.3113 550.9985 551.8212 552.8533 553.6066 554.1286 554.3618 554.3541 554.2087 554.1481 554.3781 554.6693 555.2256 556.3457 558.2853 560.8616 563.8774 567.1138 570.6255 573.9092 576.299 577.0795 575.8729 572.8965 568.563 563.7227 559.4307 556.1857 554.0233 552.9964 553.6028 555.394 557.7331 559.7278 560.794 560.2998 559.0932 558.3403 558.2411 558.6162 559.0477 559.5316 559.5311 559.6506 560.9265 563.5048 566.3627 568.4228 568.7169 566.4074 564.8599 -9999 -9999 -9999 -9999 -9999 -9999 -9999 -9999 -9999 -9999 -9999
547.7318 547.6544 547.6177 547.6033 547.6461 547.7415 547.8893 548.121 548.5007 549.0118 549.538 549.8094 550.3625 550.8953 551.1377 551.2617 551.2989 551.2829 551.3134 551.598 552.1957 552.4658 552.7451 553.3404 554.554 556.2303 558.5874 561.6128 565.3763 569.2737 572.3346 573.6561 572.6883 569.7427 565.4367 560.8397 557.0297 554.3528 552.753 552.3503 553.4819 556.0632 559.0785 561.2982 563.2985 563.1161 561.6343 560.0043 559.2362 559.0907 559.2124 559.6259 560.2775 561.238 562.9061 565.3849 567.9248 569.4797 568.3199 567.7139 565.5139 -9999 -9999 -9999 -9999 -9999 -9999 -9999 -9999 -9999 -9999 -9999
547.8713 547.7488 547.6586 547.597 547.5813 547.6157 547.7062 547.8762 548.1566 548.5248 548.9023 549.1835 549.5644 549.6761 549.6719 549.6475 549.6282 549.6381 549.7718 550.2772 550.9368 551.2254 551.5568 551.9199 552.518 553.3318 554.8359 557.1211 560.3704 564.1362 567.4651 569.2821 568.7186 566.0507 562.1191 558.0864 554.9462 553.0187 552.2227 552.2172 553.4916 556.3297 559.9833 563.2224 565.4929 565.9464 564.4469 562.4844 561.2453 560.9936 561.4856 562.182 563.1469 564.3062 565.6451 567.575 569.3518 570.0101 569.1491 567.4631 -9999 -9999 -9999 -9999 -9999 -9999 -9999 -9999 -9999 -9999 -9999 -9999
548.1183 547.9617 547.827 547.7188 547.6488 547.6243 547.6533 547.753 547.9383 548.1957 548.4654 548.6953 548.8977 548.9262 548.8712 548.8213 548.8255 548.9236 549.1765 549.6453 550.1229 550.6044 551.1277 551.3879 551.575 551.856 552.5637 553.9526 556.314 559.3521 562.1956 564.1461 563.9562 561.7996 558.5955 555.4794 553.2899 552.4696 552.5072 552.6736 554.1406 557.0596 560.9839 564.7635 567.4711 568.3851 566.9929 565.0101 563.7327 563.5422 564.1925 564.8923 565.8997 566.8885 567.163 568.6198 569.8396 570.0273 568.8481 -9999 -9999 -9999 -9999 -9999 -9999 -9999 -9999 -9999 -9999 -9999 -9999 -9999
548.444 548.275 548.1127 547.964 547.8413 547.7563 547.7189 547.7438 547.8438 548.0089 548.2029 548.3772 548.5043 548.5322 548.5086 548.5035 548.5735 548.7574 549.0687 549.4463 549.6923 550.2087 550.7491 551.1374 551.157 551.1302 551.2725 552.0446 553.3954 555.4398 557.4925 558.971 559.005 557.6266 555.4564 553.4258 552.3397 552.4493 553.3976 553.4753 555.3199 558.5685 562.5549 566.2116 568.7632 569.5696 568.6531 566.7952 565.5013 565.2793 565.9532 566.8345 567.8672 568.6714 569.188 569.7084 570.5502 570.7666 -9999 -9999 -9999 -9999 -9999 -9999 -9999 -9999 -9999 -9999 -9999 -9999 -9999 -9999
548.804 548.6462 548.4824 548.3063 548.1378 547.9943 547.8903 547.8414 547.8625 547.953 548.0867 548.2253 548.3347 548.3918 548.424 548.4827 548.6198 548.8719 549.2396 549.6462 549.7573 550.019 550.3419 550.5694 550.5737 550.5227 550.5806 550.9933 551.5456 552.719 553.9746 555.0341 555.191 554.4786 553.2372 552.2928 551.9208 552.4009 553.5558 554.8037 557.3954 560.9645 564.7167 567.7267 569.6966 570.2643 569.7248 568.2228 566.817 566.6187 567.4137 568.2195 569.0093 569.5372 569.8396 570.2308 -9999 -9999 -9999 -9999 -9999 -9999 -9999 -9999 -9999 -9999 -9999 -9999 -9999 -9999 -9999 -9999
549.1549 549.0315 548.8916 548.7052 548.5013 548.3088 548.1459 548.0303 547.9807 548.0049 548.089 548.2026 548.3145 548.4067 548.4917 548.6034 548.7789 549.0398 549.3643 549.6596 549.7488 549.8372 549.9651 550.0515 550.0532 550.0659 550.0994 550.2533 550.5137 551.0811 551.7062 552.4727 552.6702 552.4775 552.1326 552.145 552.4323 553.2821 554.8526 557.2009 560.3831 563.8949 566.9398 568.9323 570.0346 570.3854 570.2155 569.5255 568.4987 568.4575 569.2147 569.6715 569.7386 569.8517 570.013 -9999 -9999 -9999 -9999 -9999 -9999 -9999 -9999 -9999 -9999 -9999 -9999 -9999 -9999 -9999 -9999 -9999
549.4545 549.387 549.3015 549.1117 548.8849 548.658 548.4519 548.2844 548.1758 548.1411 548.178 548.2668 548.3809 548.5003 548.6239 548.769 548.9572 549.1947 549.4536 549.6597 549.699 549.6606 549.6604 549.6611 549.6664 549.7853 549.8221 549.8606 549.9664 550.1973 550.5496 551.0388 551.217 551.4359 551.9174 552.8785 554.0952 555.7214 557.8754 560.7512 563.9121 566.7701 568.7885 569.7555 570.0605 570.043 570.2012 -9999 570.0608 -9999 -9999 -9999 -9999 -9999 -9999 -9999 -9999 -9999 -9999 -9999 -9999 -9999 -9999 -9999 -9999 -9999 -9999 -9999 -9999 -9999 -9999 -9999
549.6598 549.6606 549.6543 549.4601 549.2325 548.9935 548.7664 548.5686 548.4193 548.3369 548.3285 548.3864 548.4916 548.6232 548.7684 548.9296 549.1143 549.3177 549.5116 549.6431 549.6598 549.5578 549.4708 549.4338 549.4854 549.6517 549.6583 549.6605 549.7391 549.8076 550.0122 550.3799 550.788 551.4915 552.8487 554.6185 556.7805 559.1237 561.5979 564.358 566.9557 568.8737 569.6291 569.9988 569.7042 569.4191 -9999 -9999 -9999 -9999 -9999 -9999 -9999 -9999 -9999 -9999 -9999 -9999 -9999 -9999 -9999 -9999 -9999 -9999 -9999 -9999 -9999 -9999 -9999 -9999 -9999 -9999
549.7916 549.8104 549.7936 549.6606 549.4904 549.2687 549.0454 548.8431 548.6775 548.5651 548.5186 548.541 548.6245 548.7515 548.9022 549.0663 549.2397 549.4097 549.5485 549.6141 549.576 549.4383 549.2874 549.1902 549.1933 549.286 549.3475 549.4508 549.6498 549.7079 549.9933 550.5406 551.4119 552.8685 554.9464 557.4222 560.1284 562.6942 565.0414 567.2238 569.1017 570.2124 570.3915 569.977 568.9203 -9999 -9999 -9999 -9999 -9999 -9999 -9999 -9999 -9999 -9999 -9999 -9999 -9999 -9999 -9999 -9999 -9999 -9999 -9999 -9999 -9999 -9999 -9999 -9999 -9999 -9999 -9999
549.8571 549.8738 549.8551 549.7738 549.6583 549.4554 549.2552 549.0729 548.916 548.7969 548.7273 548.7174 548.7709 548.8788 549.021 549.1783 549.3378 549.4805 549.5795 549.5989 549.5115 549.319 549.0892 548.905 548.8299 548.8611 548.9418 549.0834 549.3267 549.6627 550.3597 551.371 552.8983 555.0204 557.6451 560.5938 563.5865 566.069 567.8164 569.14 570.3273 571.1594 571.0831 569.961 568.0432 566.349 566.3049 568.3486 571.1063 573.2375 -9999 -9999 -9999 -9999 -9999 -9999 -9999 -9999 -9999 -9999 -9999 -9999 -9999 -9999 -9999 -9999 -9999 -9999 -9999 -9999 -9999 -9999
549.8741 549.8807 549.8533 549.778 549.6603 549.526 549.3807 549.2399 549.1116 549.0059 548.9325 548.9025 548.9266 549.007 549.1297 549.2733 549.4178 549.5409 549.6138 549.6119 549.4929 549.2285 548.8969 548.6078 548.457 548.4558 548.5564 548.7282 549.0652 549.7189 551.0189 552.6718 554.8208 557.4938 560.5743 563.8048 566.8973 569.1174 570.1047 570.5541 571.3552 571.9895 571.8043 570.2119 567.5757 565.1147 564.8561 567.103 570.5308 573.3345 574.2178 573.2662 -9999 -9999 -9999 -9999 -9999 -9999 -9999 -9999 -9999 -9999 -9999 -9999 -9999 -9999 -9999 -9999 -9999 -9999 -9999 -9999
549.8635 549.8594 549.826 549.7574 549.66 549.5612 549.4558 549.3527 549.2573 549.1755 549.1135 549.0789 549.0834 549.136 549.2333 549.3578 549.488 549.6003 549.66 549.6602 549.5404 549.1909 548.7407 548.3372 548.1318 548.1316 548.2788 548.478 548.9136 549.846 551.6622 553.9326 556.655 559.8872 563.3856 566.9174 569.924 571.7708 572.0571 571.7823 572.0224 572.3871 572.0923 570.5997 567.6572 564.7133 563.6675 565.9244 569.5953 572.7118 573.8065 572.9397 571.0203 -9999 -9999 -9999 -9999 -9999 -9999 -9999 -9999 -9999 -9999 -9999 -9999 -9999 -9999 -9999 -9999 -9999 -9999 -9999
549.8387 549.8277 549.7932 549.7352 549.66 549.585 549.5059 549.4283 549.3588 549.3008 549.2572 549.2305 549.2275 549.2595 549.3307 549.4319 549.5468 549.6598 549.7362 549.7616 549.6534 549.2056 548.648 548.1416 547.9363 547.9405 548.1213 548.3217 548.8466 550.022 552.144 554.8595 558.0645 561.7863 565.6678 569.238 572.0839 573.6094 573.2205 572.1581 572.0977 572.1196 571.5845 569.9238 566.84 563.7546 562.3569 564.4177 567.9365 571.0989 572.4287 572.1814 571.4015 570.1294 -9999 -9999 -9999 -9999 -9999 -9999 -9999 -9999 -9999 -9999 -9999 -9999 -9999 -9999 -9999 -9999 -9999 -9999
549.8049 549.7929 549.7625 549.7161 549.66 549.6038 549.5437 549.483 549.4288 549.3872 549.3601 549.3463 549.3465 549.3677 549.4167 549.4904 549.5752 549.6601 549.7617 549.7952 549.6586 549.2104 548.6407 548.1295 547.8384 547.7482 547.8411 548.1121 548.7542 550.2584 552.5248 555.3746 558.8058 562.6524 566.4792 569.7916 572.3875 573.2907 572.9558 571.83 571.2938 570.8345 569.9185 567.7901 564.6591 561.8968 560.9115 562.6754 565.756 568.7582 570.7164 571.5365 571.9584 572.0018 571.5388 -9999 -9999 -9999 -9999 -9999 -9999 -9999 -9999 -9999 -9999 -9999 -9999 -9999 -9999 -9999 -9999 -9999
549.7639 549.757 549.7349 549.7007 549.66 549.6191 549.5747 549.5271 549.4819 549.4474 549.4291 549.4257 549.4333 549.4529 549.4895 549.5437 549.6055 549.6603 549.772 549.8053 549.6579 549.2158 548.6495 548.1295 547.7777 547.5858 547.5573 547.7637 548.4233 550.154 552.4996 555.3058 558.5033 562.026 565.4237 568.0458 570.1045 570.6617 570.1957 569.4716 568.9608 568.1738 566.8082 564.598 561.8123 560.1736 560.3463 561.6225 563.6208 565.9835 568.4118 570.5052 572.2892 573.6467 574.0212 -9999 -9999 -9999 -9999 -9999 -9999 -9999 -9999 -9999 -9999 -9999 -9999 -9999 -9999 -9999 -9999 -9999
549.7181 549.7213 549.711 549.6891 549.66 549.6301 549.5989 549.564 549.5272 549.4958 549.4784 549.4779 549.4907 549.5129 549.5465 549.5952 549.6599 549.7213 549.8049 549.8165 549.6578 549.2196 548.6582 548.1281 547.772 547.513 547.3979 547.5586 548.2344 549.8301 552.0989 554.7492 557.4962 560.356 563.2524 565.4521 566.6133 566.4905 565.9803 565.5891 565.1936 564.4542 563.2248 561.4797 559.7487 559.2651 560.8017 561.4364 562.4538 564.0031 566.1595 569.4128 572.4731 574.6691 575.6433 575.6376 -9999 -9999 -9999 -9999 -9999 -9999 -9999 -9999 -9999 -9999 -9999 -9999 -9999 -9999 -9999 -9999
549.6741 549.6904 549.6927 549.6809 549.66 549.6367 549.614 549.5908 549.5648 549.5386 549.52 549.5165 549.5284 549.5515 549.5828 549.6208 549.6602 549.7528 549.8292 549.823 549.6579 549.2389 548.6954 548.1542 547.865 547.5468 547.3433 547.4417 548.0751 549.4342 551.5211 553.9408 556.2883 558.5447 560.6807 562.3088 562.8066 562.1669 561.7565 561.9768 561.8455 561.5268 560.7227 559.5531 559.0954 560.8869 562.8669 561.7438 561.8397 562.7585 564.6712 568.6063 572.4005 575.0154 575.8035 576.2954 -9999 -9999 -9999 -9999 -9999 -9999 -9999 -9999 -9999 -9999 -9999 -9999 -9999 -9999 -9999 -9999
549.6395 549.6702 549.682 549.6749 549.66 549.6392 549.6205 549.6048 549.5895 549.573 549.5579 549.5511 549.5582 549.5793 549.6123 549.6599 549.7111 549.7933 549.8508 549.8252 549.6591 549.295 548.8383 548.4073 548.1078 547.6429 547.3033 547.2509 547.6509 548.6543 550.5802 552.9542 555.2184 557.1155 558.4354 559.613 560.1005 559.0987 558.657 558.7122 559.3344 559.8951 559.7462 558.9521 559.0783 561.1473 561.7357 560.9998 561.1948 562.1449 564.4014 568.3568 572.1755 574.7822 576.0224 576.7924 -9999 578.0842 578.7095 -9999 -9999 -9999 -9999 -9999 -9999 -9999 -9999 -9999 -9999 -9999 -9999 -9999
549.6224 549.6646 549.6758 549.66 549.6422 549.6288 549.6183 549.6083 549.6004 549.5944 549.588 549.5831 549.586 549.6014 549.6262 549.6601 549.7405 549.823 549.8661 549.825 549.6597 549.3428 548.9429 548.53 548.1304 547.6431 547.2333 547.063 547.2921 548.0892 549.6182 551.7501 553.8904 555.581 556.7031 557.4333 557.6599 557.2948 557.1467 557.439 558.624 560.1156 560.7032 560.2817 558.9437 559.3264 559.629 559.3441 560.0233 561.4021 564.0932 567.9785 571.4906 573.7028 575.6765 576.9602 578.1094 579.2898 580.2545 581.3007 580.3829 -9999 -9999 -9999 -9999 -9999 -9999 -9999 -9999 -9999 -9999 -9999
549.6263 549.6703 549.6599 549.6212 549.6035 549.6052 549.6095 549.6075 549.6037 549.604 549.6073 549.6102 549.6139 549.6307 549.66 549.7025 549.7755 549.8461 549.8749 549.8241 549.6599 549.3686 548.9944 548.5786 548.1292 547.6219 547.1667 546.9066 546.9816 547.5261 548.6488 550.5529 552.5861 554.2249 555.4426 556.1837 556.5948 556.8447 557.3757 558.4405 560.2039 561.9924 562.6502 561.4758 559.5609 559.0462 558.81 558.774 559.3079 560.5866 563.4019 566.8771 570.1009 572.6606 574.7446 576.3443 577.8832 579.3244 580.1746 581.0435 581.8296 581.4663 -9999 -9999 -9999 -9999 -9999 -9999 -9999 -9999 -9999 -9999
549.6445 549.6594 549.5837 549.5386 549.5427 549.5755 549.6025 549.6098 549.6089 549.6112 549.6206 549.6332 549.6381 549.66 549.6918 549.7372 549.7983 549.8531 549.87 549.8178 549.6606 549.3718 549.0032 548.589 548.1292 547.6147 547.1348 546.8229 546.8173 547.2441 548.2104 549.8292 551.6948 553.2793 554.5748 555.7201 556.5997 557.5522 558.9601 560.7318 562.8214 564.2849 563.6864 562.3734 560.5568 559.6992 559.1886 558.9435 559.134 560.0259 562.2316 564.7578 567.507 570.3483 572.7916 574.6438 576.1422 577.4167 578.3108 579.3173 580.6994 581.6114 580.4797 -9999 -9999 -9999 -9999 -9999 -9999 -9999 -9999 -9999
549.6583 549.5207 549.4418 549.4266 549.4794 549.5615 549.6138 549.6243 549.6248 549.6266 549.6364 549.66 549.66 549.6873 549.7203 549.7594 549.8028 549.8348 549.8344 549.7848 549.6557 549.3345 548.9635 548.5676 548.1306 547.6282 547.1403 546.8076 546.7783 547.1822 548.1189 549.5908 551.2974 553.0292 554.731 556.1192 557.4819 559.2023 561.3163 563.4449 564.8872 564.5449 563.1958 561.5961 560.8647 560.3329 559.7204 559.1694 559.2415 559.7719 560.8804 562.0425 564.1263 567.058 569.7267 571.8206 573.1534 574.108 574.9031 576.167 578.1393 579.9766 580.8259 -9999 -9999 -9999 -9999 -9999 -9999 -9999 -9999 -9999
549.6837 549.4524 549.3831 549.364 549.4523 549.5903 549.6599 549.66 549.66 549.66 549.66 549.6874 549.7045 549.7292 549.7545 549.7776 549.7943 549.7911 549.7491 549.6601 549.4862 549.1886 548.8488 548.5021 548.132 547.6469 547.1581 546.8203 546.7881 547.1956 548.1348 549.6128 551.4062 553.3798 555.2734 556.9671 558.9078 561.368 564.1922 566.3017 566.5829 564.5639 563.1289 562.0262 561.2747 560.4822 559.801 559.3669 559.4424 559.6449 559.8716 560.082 561.8425 563.9114 566.1327 568.1949 569.3416 570.1001 570.8853 572.4819 574.9581 577.4088 579.0082 580.1132 -9999 -9999 -9999 -9999 -9999 -9999 -9999 -9999
