backend/lakes/data/Bonnie Lake/bonn_dem_tm.asc
ncols         144
nrows         89
xllcorner     701100
yllcorner     6000250
cellsize      50
NODATA_value  -9999
[rows 31 to 61 of 89, columns 0 to 69 of 144]
-9999 -9999 -9999 -9999 -9999 -9999 -9999 -9999 -9999 -9999 -9999 -9999 -9999 -9999 -9999 -9999 -9999 -9999 -9999 -9999 -9999 -9999 -9999 -9999 -9999 -9999 -9999 -9999 -9999 -9999 -9999 -9999 -9999 -9999 -9999 -9999 -9999 -9999 -9999 -9999 -9999 -9999 -9999 -9999 -9999 -9999 -9999 -9999 -9999 651.4279 651.3547 650.9864 650.1984 648.8618 646.913 644.2947 641.1971 638.2218 636.0583 634.8467 634.5513 634.6951 635.1094 635.6871 636.3457 637.2205 638.3918 639.7897 641.3144 641.7977
-9999 -9999 -9999 -9999 -9999 -9999 -9999 -9999 -9999 -9999 -9999 -9999 -9999 -9999 -9999 -9999 -9999 -9999 -9999 -9999 -9999 -9999 -9999 -9999 -9999 -9999 -9999 -9999 -9999 -9999 -9999 -9999 -9999 -9999 -9999 -9999 -9999 -9999 -9999 -9999 -9999 -9999 -9999 -9999 -9999 -9999 -9999 -9999 651.0083 651.2568 650.9776 650.1417 648.8052 646.9124 644.3839 641.3587 638.3251 635.7844 634.2257 633.3183 633.1629 633.3226 633.751 634.3651 634.8706 635.4406 636.2322 637.2473 638.5553 639.1481
-9999 -9999 -9999 -9999 -9999 -9999 -9999 -9999 -9999 -9999 -9999 -9999 -9999 -9999 -9999 -9999 -9999 -9999 -9999 -9999 -9999 -9999 -9999 -9999 -9999 -9999 -9999 -9999 -9999 -9999 -9999 -9999 -9999 -9999 -9999 -9999 -9999 -9999 -9999 -9999 -9999 -9999 -9999 -9999 -9999 -9999 -9999 650.0373 650.2501 650.5612 649.9553 648.6221 646.6677 644.2245 641.2914 638.2909 635.6332 633.7391 632.5569 632.0191 631.9545 632.1415 632.6428 633.1295 633.3693 633.6323 634.1001 634.6816 635.35 635.7181
-9999 -9999 -9999 -9999 -9999 -9999 -9999 -9999 -9999 -9999 -9999 -9999 -9999 -9999 -9999 -9999 -9999 -9999 -9999 -9999 -9999 -9999 -9999 -9999 -9999 -9999 -9999 -9999 -9999 -9999 -9999 -9999 -9999 -9999 -9999 -9999 -9999 -9999 -9999 -9999 -9999 -9999 -9999 -9999 -9999 -9999 -9999 649.1182 649.1796 649.1473 648.2258 646.4199 643.9359 641.0754 638.1968 635.6452 633.7239 632.4694 631.7024 631.256 631.1823 631.3655 631.733 631.8798 631.8509 631.9144 632.1603 632.4081 632.6844 632.8792
-9999 -9999 -9999 -9999 -9999 -9999 -9999 -9999 -9999 -9999 -9999 -9999 -9999 -9999 -9999 -9999 -9999 -9999 -9999 -9999 -9999 -9999 -9999 -9999 -9999 -9999 -9999 -9999 -9999 -9999 -9999 -9999 -9999 -9999 -9999 -9999 -9999 -9999 -9999 -9999 -9999 -9999 -9999 -9999 -9999 -9999 -9999 648.3384 647.9187 647.155 645.9165 643.7869 640.8211 638.0095 635.6302 634.081 633.1509 632.3182 631.4891 630.87 630.7098 630.7621 630.8804 630.8439 630.6189 630.5661 630.6389 630.7752 631.0447 631.2058
-9999 -9999 -9999 -9999 -9999 -9999 -9999 -9999 -9999 -9999 -9999 -9999 -9999 -9999 -9999 -9999 -9999 -9999 -9999 -9999 -9999 -9999 -9999 -9999 -9999 -9999 -9999 -9999 -9999 -9999 -9999 -9999 -9999 -9999 -9999 -9999 -9999 -9999 -9999 -9999 -9999 -9999 -9999 -9999 -9999 -9999 648.0071 647.7463 646.667 644.8713 643.5278 641.0981 638.0912 635.5072 633.9798 633.8058 632.9046 631.9974 631.2734 630.5294 630.4274 630.4304 630.4372 630.4294 630.3225 630.2725 630.2839 630.3362 630.4302 630.4557
-9999 -9999 -9999 -9999 -9999 -9999 -9999 -9999 -9999 -9999 -9999 -9999 -9999 -9999 -9999 -9999 -9999 -9999 -9999 -9999 -9999 -9999 -9999 -9999 -9999 -9999 -9999 -9999 -9999 -9999 -9999 -9999 -9999 -9999 -9999 -9999 -9999 -9999 -9999 -9999 -9999 -9999 -9999 -9999 -9999 647.1677 647.9393 647.4575 646.0743 643.9857 641.4949 638.7277 635.7346 633.6 632.7101 632.5916 632.1496 631.2722 630.6091 630.3361 630.3452 630.3838 630.4299 630.43 630.4296 630.429 630.429 630.4296 630.4251 630.4158
-9999 -9999 -9999 -9999 -9999 -9999 -9999 -9999 -9999 -9999 -9999 -9999 -9999 -9999 -9999 -9999 -9999 -9999 -9999 -9999 -9999 -9999 -9999 -9999 -9999 -9999 -9999 -9999 -9999 -9999 -9999 -9999 -9999 -9999 -9999 -9999 -9999 -9999 -9999 -9999 -9999 -9999 -9999 644.7889 645.7337 646.7368 647.353 646.6918 645.0031 642.3489 639.2176 636.2219 633.7527 632.2477 631.6188 631.4268 631.0726 630.5524 630.3793 630.3561 630.4296 630.43 630.4386 630.4435 630.4412 630.43 630.43 630.4307 630.4269 630.2314
-9999 -9999 -9999 -9999 -9999 -9999 -9999 -9999 -9999 -9999 -9999 -9999 -9999 -9999 -9999 -9999 -9999 -9999 -9999 -9999 -9999 -9999 -9999 -9999 -9999 -9999 -9999 -9999 -9999 -9999 -9999 -9999 -9999 -9999 -9999 -9999 -9999 -9999 -9999 -9999 -9999 643.8957 643.3185 644.0069 645.0849 646.004 645.8393 644.9863 642.8016 639.767 636.6365 634.0887 632.343 631.3187 630.8601 630.6917 630.4621 630.3795 630.4297 630.43 630.4174 630.4135 630.426 630.4294 630.4299 630.4375 630.5929 630.6674 630.5856 630.3052
-9999 -9999 -9999 -9999 -9999 -9999 -9999 -9999 -9999 -9999 -9999 -9999 -9999 -9999 -9999 -9999 -9999 -9999 -9999 -9999 -9999 -9999 -9999 -9999 -9999 -9999 -9999 -9999 -9999 -9999 -9999 -9999 -9999 -9999 -9999 -9999 -9999 -9999 -9999 644.7986 643.9465 643.0909 642.8649 643.3326 644.1738 644.7112 644.1663 642.5101 639.8627 636.9075 634.3613 632.5717 631.4154 630.7765 630.5181 630.4286 630.3829 630.4294 630.4298 630.3755 630.3555 630.4028 630.4283 630.3169 630.4078 630.7628 631.3694 631.6418 631.5191 631.0908
-9999 -9999 -9999 -9999 -9999 -9999 -9999 -9999 -9999 -9999 -9999 -9999 -9999 -9999 -9999 -9999 -9999 -9999 -9999 -9999 -9999 -9999 -9999 -9999 -9999 -9999 -9999 -9999 -9999 -9999 -9999 -9999 -9999 -9999 -9999 -9999 -9999 -9999 644.7919 643.9998 643.0366 642.3007 642.3751 642.6899 642.8009 642.4844 641.3568 639.302 636.799 634.4752 632.7498 631.5744 630.8702 630.5314 630.4293 630.3993 630.4301 630.5259 630.4927 630.377 630.3871 630.6212 630.7015 630.5092 630.9701 632.1572 633.4003 633.9809 633.811 633.1885
-9999 -9999 -9999 -9999 -9999 -9999 -9999 -9999 -9999 -9999 -9999 -9999 -9999 -9999 -9999 -9999 -9999 -9999 -9999 -9999 -9999 -9999 -9999 -9999 -9999 -9999 -9999 -9999 -9999 -9999 -9999 -9999 -9999 -9999 -9999 -9999 -9999 645.1111 644.2363 643.2319 642.2788 641.7078 641.543 641.1761 640.2633 639.1791 637.7828 636.0408 634.3458 632.8225 631.7001 630.9784 630.5864 630.4288 630.3899 630.4301 630.5228 630.6273 630.6001 630.455 630.5836 631.5505 631.5926 631.191 632.3899 634.4709 636.4554 637.392 637.0959 636.1528
-9999 -9999 -9999 -9999 -9999 -9999 -9999 -9999 -9999 -9999 -9999 -9999 -9999 -9999 -9999 -9999 -9999 -9999 -9999 -9999 -9999 -9999 -9999 -9999 -9999 -9999 -9999 -9999 -9999 -9999 -9999 -9999 -9999 -9999 -9999 -9999 -9999 645.4688 644.1786 642.8965 641.7286 640.7345 639.8867 638.7314 637.1744 635.7699 634.5594 633.519 632.5374 631.6748 631.0334 630.6366 630.4265 630.3257 630.3337 630.4299 630.5598 630.6395 630.6118 630.3986 630.5031 631.5364 632.4772 632.3891 634.3393 637.2851 639.8516 641.0795 640.7825 639.5135
-9999 -9999 -9999 -9999 -9999 -9999 -9999 -9999 -9999 -9999 -9999 -9999 -9999 -9999 -9999 -9999 -9999 -9999 -9999 -9999 -9999 -9999 -9999 -9999 -9999 -9999 -9999 -9999 -9999 -9999 -9999 -9999 -9999 -9999 -9999 -9999 646.8793 645.8156 644.2209 642.4581 640.7861 639.1921 637.7019 636.1385 634.5088 633.2465 632.4478 631.865 631.3771 630.962 630.6392 630.4244 630.2504 630.1614 630.171 630.2683 630.4105 630.4101 630.3406 629.8363 629.7225 630.6848 632.0895 633.5168 636.3901 639.8824 642.7042 644.0289 643.7527 642.3677
-9999 -9999 -9999 -9999 -9999 -9999 -9999 -9999 -9999 -9999 -9999 -9999 -9999 -9999 -9999 -9999 -9999 -9999 -9999 -9999 -9999 -9999 -9999 -9999 -9999 -9999 -9999 -9999 -9999 -9999 -9999 -9999 -9999 -9999 -9999 -9999 646.9224 645.843 644.1693 641.9854 639.6729 637.5522 635.7057 634.0732 632.6929 631.7952 631.2672 630.9609 630.7705 630.6125 630.4342 630.2383 630.0419 629.9111 629.8623 629.8627 629.8636 629.7214 629.6163 629.2313 628.9896 630.0248 632.0155 634.814 638.4514 642.0143 644.5533 645.6295 645.4764 644.2481
-9999 -9999 -9999 -9999 -9999 -9999 -9999 -9999 -9999 -9999 -9999 -9999 -9999 -9999 -9999 -9999 -9999 -9999 -9999 -9999 -9999 -9999 -9999 -9999 -9999 -9999 -9999 -9999 -9999 -9999 -9999 -9999 -9999 -9999 -9999 647.12 646.7216 645.3427 643.8121 641.351 638.5091 636.0657 634.1605 632.79 631.783 631.0919 630.7345 630.5886 630.5522 630.5231 630.4144 630.092 629.7977 629.5935 629.4794 629.3689 629.2629 628.9872 628.8672 628.8598 628.965 630.2328 632.8726 636.4384 640.3053 643.4085 645.2783 645.9912 645.7365 644.9025
-9999 -9999 -9999 -9999 -9999 -9999 -9999 -9999 -9999 -9999 -9999 -9999 -9999 -9999 -9999 -9999 -9999 -9999 -9999 -9999 -9999 -9999 -9999 -9999 -9999 -9999 -9999 -9999 -9999 -9999 -9999 -9999 -9999 -9999 -9999 646.965 646.4238 645.202 643.3516 640.6215 637.4713 634.8953 633.1809 632.0499 631.2667 630.7647 630.543 630.4904 630.4933 630.4232 630.1736 629.8116 629.4767 629.2379 629.1188 628.9253 628.8197 628.4675 628.3044 628.4255 629.1962 631.149 634.3524 638.2695 641.8666 644.2025 645.3383 645.5211 645.1789 644.668
-9999 -9999 -9999 -9999 -9999 -9999 -9999 -9999 -9999 -9999 -9999 -9999 -9999 -9999 -9999 -9999 -9999 -9999 -9999 -9999 -9999 -9999 -9999 -9999 -9999 -9999 -9999 -9999 -9999 -9999 -9999 -9999 -9999 -9999 -9999 646.4989 645.7847 644.4504 642.5069 639.7805 636.741 634.2195 632.6361 631.7453 631.0586 630.6554 630.5008 630.4717 630.4241 630.1782 629.8311 629.4614 629.1365 628.9121 628.8854 628.6156 628.3511 628.0491 627.9915 628.4285 629.6797 632.3072 636.0047 640.0255 643.1577 644.7847 645.2839 645.0458 644.9101 644.4093
-9999 -9999 -9999 -9999 -9999 -9999 -9999 -9999 -9999 -9999 -9999 -9999 -9999 -9999 -9999 -9999 -9999 -9999 -9999 -9999 -9999 -9999 -9999 -9999 -9999 -9999 -9999 -9999 -9999 -9999 -9999 -9999 -9999 646.403 646.3297 645.9396 644.8809 643.4116 641.4973 638.9444 636.0481 633.7371 632.215 631.3993 630.8838 630.6062 630.498 630.4299 630.2249 629.8607 629.4605 629.1359 628.8999 628.7864 628.7305 628.4495 628.1383 627.921 628.0309 628.8116 630.6143 633.7127 637.6821 641.5081 644.1437 645.283 645.4376 645.1201 -9999 -9999
-9999 -9999 -9999 -9999 -9999 -9999 -9999 -9999 -9999 -9999 -9999 -9999 -9999 -9999 -9999 -9999 -9999 -9999 -9999 -9999 -9999 -9999 -9999 -9999 -9999 -9999 -9999 -9999 -9999 -9999 -9999 -9999 -9999 646.0759 646.0704 645.5597 644.1977 642.4482 640.371 637.8919 635.2878 633.3192 631.9946 631.2001 630.751 630.5631 630.5104 630.4257 630.0651 629.5786 629.1292 628.8932 628.8108 628.9236 628.9894 628.6516 628.3232 628.2137 628.4921 629.5925 631.858 635.2551 639.2484 642.7216 644.8608 645.6646 645.5804 645.0766 -9999 -9999
-9999 -9999 -9999 -9999 -9999 -9999 -9999 -9999 -9999 -9999 -9999 -9999 -9999 -9999 -9999 -9999 -9999 -9999 -9999 -9999 -9999 -9999 -9999 -9999 -9999 -9999 -9999 -9999 648.8679 648.0383 647.0281 646.1541 645.9271 646.001 646.0646 645.5771 643.8696 641.5812 639.0587 636.4725 634.2549 632.7132 631.7204 630.991 630.6026 630.4842 630.4907 630.4155 629.9865 629.428 628.9059 628.7373 628.9219 629.5349 629.9241 629.3032 628.9772 629.0392 629.4745 630.967 633.5771 637.0894 640.8472 643.8214 645.4489 645.9871 645.8248 -9999 -9999 -9999
-9999 -9999 -9999 -9999 -9999 -9999 -9999 -9999 -9999 -9999 -9999 -9999 -9999 -9999 -9999 -9999 -9999 -9999 -9999 -9999 -9999 -9999 -9999 -9999 -9999 -9999 -9999 648.864 648.1931 647.3307 646.5604 645.9981 645.9393 646.1107 646.0392 645.3762 643.2927 640.4473 637.5427 635.1306 633.2674 631.9895 631.182 630.6349 630.382 630.3611 630.4299 630.3518 630.095 629.6436 629.0912 628.9323 629.2577 630.1246 630.4324 630.236 630.0129 630.4108 631.0177 632.8301 635.7104 639.201 642.4465 644.7257 645.8456 646.1482 645.9737 -9999 -9999 -9999
-9999 -9999 -9999 -9999 -9999 -9999 -9999 -9999 -9999 -9999 -9999 -9999 -9999 -9999 -9999 -9999 -9999 -9999 -9999 -9999 -9999 -9999 -9999 -9999 -9999 649.4822 649.0047 648.3134 647.5526 646.6826 645.8397 645.3711 645.5 645.8929 645.8383 644.7957 642.3116 639.067 636.1757 633.9164 632.3355 631.3528 630.7211 630.3195 630.1797 630.2767 630.4266 630.5267 630.6796 630.5834 630.212 629.8151 630.1681 630.6171 630.8388 630.8307 630.7133 631.2059 632.5262 634.8487 637.9417 641.1795 643.8002 645.3123 645.932 646.047 -9999 -9999 -9999 -9999
-9999 -9999 -9999 -9999 -9999 -9999 -9999 -9999 -9999 -9999 -9999 -9999 -9999 -9999 -9999 -9999 -9999 -9999 -9999 -9999 -9999 -9999 649.7855 650.2811 650.0391 649.5968 648.8336 647.7395 646.5348 645.2849 644.1765 643.6881 644.0101 644.6669 644.9078 643.6648 640.9836 637.7803 634.9521 633.0059 631.8048 631.0307 630.5394 630.1993 630.1477 630.3878 630.6497 631.1137 631.8853 632.2791 632.03 631.5016 631.3925 631.3398 631.4465 631.7031 631.8845 632.561 634.2529 636.8895 639.966 642.7521 644.6906 645.4926 645.6867 645.7139 -9999 -9999 -9999 -9999
-9999 -9999 -9999 -9999 -9999 -9999 -9999 -9999 -9999 -9999 -9999 -9999 -9999 -9999 -9999 -9999 -9999 -9999 -9999 647.2975 647.4763 648.3222 649.4904 650.063 649.8584 649.1599 647.9059 646.3028 644.568 642.8462 641.3588 640.6766 641.1796 642.2729 642.8234 641.7338 639.1976 636.3192 633.8852 632.2848 631.4626 631.0288 630.7654 630.4387 630.4485 630.7808 631.4921 632.6451 633.7463 634.3248 634.0381 633.3618 632.7477 632.2591 632.2075 632.5939 633.1703 634.105 635.9353 638.5077 641.3289 643.6016 644.9614 645.2462 645.3345 -9999 -9999 -9999 -9999 -9999
-9999 -9999 -9999 -9999 -9999 -9999 -9999 -9999 -9999 -9999 -9999 -9999 -9999 -9999 -9999 -9999 -9999 646.7072 646.9979 647.0558 647.2429 647.8853 648.7483 649.2271 648.829 647.7378 646.0737 643.9871 641.737 639.6427 637.8953 637.2436 637.8398 639.18 639.9888 639.2085 637.0796 634.7118 632.9308 631.8911 631.4411 631.4016 631.5325 631.2814 631.5941 632.3159 633.4637 634.9147 636.0743 636.5908 636.1662 635.3052 634.411 633.7017 633.5054 633.8016 634.5011 635.6155 637.3694 639.7366 641.9947 643.7492 644.785 644.8107 645.3252 -9999 -9999 -9999 -9999 -9999
-9999 -9999 -9999 -9999 -9999 -9999 -9999 -9999 -9999 -9999 -9999 -9999 -9999 -9999 -9999 -9999 645.878 646.3771 646.4882 646.2975 646.1463 646.4178 646.9002 647.1169 646.5642 645.3301 643.4625 641.0988 638.543 636.4685 635.0992 634.8292 635.4033 636.4758 637.2535 636.4797 634.8157 633.209 632.0818 631.6023 631.5993 631.9758 632.5384 633.0222 633.7029 634.6936 636.0782 637.5496 638.5033 638.7427 638.214 637.2791 636.2429 635.403 635.0546 635.2851 635.8364 636.9304 638.5264 640.2244 641.7593 643.0792 644.1227 644.821 645.4128 645.866 -9999 -9999 -9999 -9999
-9999 -9999 -9999 -9999 -9999 -9999 -9999 -9999 -9999 -9999 -9999 -9999 -9999 -9999 -9999 645.0265 645.6268 645.9564 645.6718 644.7968 643.9977 643.8549 644.0333 644.0457 643.4756 642.2899 640.5125 638.279 636.0785 634.5096 633.7686 633.6724 633.9191 634.3858 634.7439 634.2031 633.0685 632.0958 631.6194 631.611 632.0096 632.8423 633.9344 635.1457 636.2145 637.4193 638.8017 639.9406 640.4463 640.2756 639.7494 638.9532 638.0819 637.1281 636.4774 636.574 636.7814 637.8987 638.4221 639.4089 640.4808 641.6957 642.937 644.0355 644.9384 645.5308 645.8053 646.0078 -9999 -9999
-9999 -9999 -9999 -9999 -9999 -9999 -9999 -9999 -9999 -9999 -9999 -9999 -9999 -9999 -9999 645.0161 645.3837 645.3383 644.5216 642.9089 641.3738 640.8986 640.8395 640.7008 640.1682 639.2067 637.7923 636.1481 634.7811 634.3317 634.155 634.2208 633.9737 633.6984 633.6423 633.0948 632.1754 631.6754 631.6042 631.9252 632.6777 633.8849 635.4894 637.1558 638.4956 639.7912 640.8988 641.5745 641.5443 641.1181 640.6433 640.1392 639.5215 638.4435 637.5266 637.0069 636.7356 636.9017 637.2081 637.6498 638.438 639.7198 641.3256 642.7818 643.9734 644.8249 645.2247 645.7147 -9999 -9999
-9999 -9999 -9999 -9999 -9999 -9999 -9999 -9999 -9999 -9999 -9999 -9999 -9999 -9999 -9999 644.8106 645.1713 644.8939 643.6013 641.3737 639.2882 638.856 638.5081 638.1783 637.6768 637.0036 636.0934 635.338 635.2604 635.765 636.4808 636.9314 636.2935 635.4233 634.4885 633.5796 632.5948 631.9758 631.9233 632.2893 633.3046 634.87 636.8251 638.6066 639.9465 641.1716 641.8894 642.2158 642.0276 641.6395 641.2439 641.0798 640.6541 639.5581 638.247 637.1575 636.3713 635.9971 635.9763 636.2098 636.7405 637.8484 639.6595 641.2723 642.6772 643.8209 644.5769 645.1386 645.5001 -9999
-9999 -9999 -9999 -9999 -9999 -9999 -9999 -9999 -9999 -9999 -9999 -9999 -9999 -9999 -9999 644.0447 644.832 644.7585 643.3981 641.1812 639.5084 638.3578 637.3434 636.8267 636.4322 636.142 635.8297 636.0975 636.9248 638.2384 639.4279 639.9338 639.501 638.3336 636.792 635.2642 633.7624 632.6581 632.176 632.437 633.528 635.2943 637.3783 639.2177 640.1673 641.176 642.0049 642.3568 642.2588 642.0066 641.9711 641.9322 641.4885 640.4279 638.7393 637.249 636.0256 635.3481 635.2692 635.5985 636.2059 637.4768 638.9666 639.7293 640.9835 642.3604 643.4719 644.022 644.1226 643.4027
