backend/lakes/data/Cold Lake/cold_dem_tm.asc
ncols         377
nrows         538
xllcorner     806100
yllcorner     6037600
cellsize      50
NODATA_value  -9999
[rows 116 to 144 of 538, columns 130 to 194 of 377]
499.2547 499.3362 499.4232 499.5206 499.6229 499.7294 499.8423 499.9651 500.101 500.2489 500.4031 500.5582 500.7175 500.8889 501.071 501.2605 501.4557 501.6591 501.8728 502.0968 502.3279 502.5713 502.8179 503.0545 503.2902 503.5431 503.7958 504.095 504.5757 505.8024 507.6345 509.7218 511.6519 512.8113 513.5242 513.8948 514.066 514.2666 514.506 514.6875 514.8152 515.1403 515.4192 515.4 515.0779 514.589 514.1222 513.7065 513.161 512.5653 512.0834 510.8641 508.905 506.708 504.9218 503.4272 502.2368 501.2309 500.4045 499.7779 499.3187 498.8845 498.4219 498.0755 497.6899
499.1573 499.2587 499.3619 499.4711 499.5871 499.7053 499.8273 499.9581 500.1005 500.2531 500.4097 500.5669 500.7258 500.8936 501.0703 501.2536 501.4403 501.6323 501.835 502.0511 502.2734 502.5099 502.7545 502.9943 503.1984 503.3909 503.6096 503.9221 504.466 505.4126 507.0306 508.9549 510.7642 512.0801 512.9072 513.3184 513.4283 513.6582 513.8186 513.853 513.8053 514.0562 514.1892 514.0247 513.6033 512.9407 512.1521 511.4868 510.6175 509.4218 508.3206 506.9048 505.3491 503.7626 502.3994 501.2764 500.3763 499.6543 498.9675 498.3688 497.9938 497.6275 497.1147 496.9138 496.7309
499.0793 499.1964 499.3177 499.4394 499.5656 499.6957 499.8288 499.9665 500.1129 500.2663 500.4217 500.5757 500.7307 500.8919 501.0608 501.2338 501.409 501.5858 501.7706 501.9696 502.1803 502.4063 502.6551 502.9001 503.1038 503.2465 503.4091 503.6631 504.0831 504.7961 506.2374 507.9796 509.6619 511.0567 512.0832 512.647 512.7639 512.9797 513.048 512.9342 512.6797 512.7876 512.6222 512.1308 511.5189 510.6546 509.4497 508.4214 507.3683 506.0389 504.8723 503.6405 502.3864 501.1937 500.1954 499.3732 498.6833 498.2237 497.711 497.1167 496.8955 496.7078 496.2245 495.925 495.6822
499.0197 499.151 499.2841 499.4188 499.5557 499.6951 499.8363 499.9803 500.1287 500.2799 500.4302 500.5769 500.7233 500.8742 501.0319 501.1933 501.3531 501.512 501.6742 501.8485 502.0447 502.2589 502.5007 502.7541 502.9671 503.1277 503.2474 503.4393 503.7954 504.4466 505.4869 506.9208 508.4322 509.7804 510.9182 511.7399 511.9551 511.9816 511.9096 511.7225 511.4225 511.137 510.5385 509.5057 508.5912 507.5408 506.247 505.2041 504.2215 503.0973 502.0159 500.9499 499.9421 499.0251 498.36 497.7979 497.185 496.9272 496.6936 496.1923 495.8791 495.617 495.2448 494.9398 494.6823
498.975 499.1174 499.2606 499.4036 499.5485 499.6957 499.8431 499.99 500.1373 500.2837 500.4249 500.5615 500.6946 500.8316 500.9746 501.1227 501.2703 501.4113 501.5505 501.6983 501.8699 502.078 502.3055 502.5533 502.7798 502.9452 503.0715 503.2134 503.4605 503.9093 504.6316 505.7744 507.0871 508.2254 509.2492 509.9531 510.1471 510.0316 509.7667 509.368 508.8167 508.2565 507.4749 506.3677 505.4978 504.5793 503.4753 502.4488 501.4894 500.5673 499.6907 498.8044 498.0324 497.2765 496.9171 496.6505 496.1346 495.8125 495.5439 495.1697 494.8496 494.5585 494.2452 493.9689 493.7335
498.9414 499.0899 499.2399 499.3894 499.5383 499.6891 499.8397 499.9868 500.1296 500.2683 500.3985 500.5207 500.6393 500.7583 500.8829 501.0166 501.1553 501.2871 501.4077 501.5298 501.6699 501.8583 502.0836 502.3197 502.5433 502.7167 502.8349 502.9423 503.1077 503.4013 503.896 504.6564 505.6639 506.5391 507.3874 507.9151 507.9586 507.6299 507.2325 506.692 505.8999 505.2741 504.6319 503.8374 503.1027 502.148 501.1222 500.1208 499.2193 498.526 497.9048 497.1796 496.7024 496.1339 495.7617 495.4682 495.077 494.749 494.459 494.1418 493.843 493.5642 493.2958 493.063 492.8676
498.9115 499.0621 499.215 499.3683 499.5184 499.6694 499.8192 499.9638 500.0997 500.2289 500.3456 500.4531 500.5555 500.657 500.7609 500.8776 501.007 501.1375 501.2524 501.353 501.4658 501.6111 501.8226 502.0561 502.2731 502.4442 502.5573 502.6396 502.7466 502.9383 503.2736 503.7874 504.4312 504.9588 505.6767 506.0219 505.8824 505.3108 504.8814 504.4302 503.7041 503.0063 502.3441 501.6558 500.9474 500.096 499.1954 498.2553 497.3988 496.9692 496.6447 496.0494 495.5667 495.1014 494.7335 494.4167 494.0743 493.7534 493.4604 493.1769 492.9137 492.6728 492.454 492.2717 492.1284
498.8773 499.0276 499.1791 499.332 499.4817 499.6324 499.7796 499.9192 500.0477 500.1638 500.2647 500.3565 500.4452 500.5309 500.6179 500.7151 500.8325 500.9616 501.0821 501.1777 501.2626 501.376 501.5328 501.7476 501.9619 502.1304 502.2383 502.302 502.369 502.4905 502.7061 503.0364 503.4479 503.8568 504.3472 504.4722 504.2573 503.6664 503.1519 502.6583 501.933 501.1915 500.503 499.8382 499.1956 498.4521 497.754 496.9582 496.3202 495.8497 495.478 495.0115 494.5717 494.1591 493.8009 493.478 493.1606 492.8569 492.5767 492.3222 492.102 491.9176 491.7622 491.6411 491.5574
498.8324 498.9828 499.1339 499.2828 499.4283 499.5764 499.7199 499.8511 499.9675 500.069 500.1543 500.2313 500.3083 500.3845 500.4583 500.5404 500.6423 500.7657 500.8925 500.9962 501.0735 501.1499 501.264 501.42 501.6021 501.7642 501.8697 501.9212 501.9558 502.0215 502.1486 502.3412 502.5762 502.8051 502.995 502.9508 502.6688 502.1473 501.6084 501.0568 500.3846 499.6669 498.9937 498.3483 497.7911 497.1299 496.6661 495.9529 495.3456 494.873 494.474 494.0629 493.6679 493.2962 492.9569 492.6463 492.3523 492.0775 491.8275 491.6115 491.443 491.3257 491.2476 491.1983 491.1837
498.7716 498.9229 499.0728 499.2178 499.3592 499.5034 499.6423 499.7619 499.86 499.9402 500.0152 500.0805 500.1463 500.2178 500.2869 500.3572 500.4458 500.5583 500.6845 500.7994 500.8824 500.9454 501.0135 501.1127 501.2375 501.3586 501.4485 501.4891 501.4983 501.5139 501.5679 501.6555 501.7491 501.8046 501.7654 501.5569 501.2293 500.7396 500.1963 499.6253 499.0079 498.3338 497.7416 497.0953 496.6941 496.081 495.5487 494.9441 494.4004 493.9529 493.5616 493.1877 492.8331 492.5018 492.196 491.9155 491.6605 491.4308 491.2299 491.0667 490.9595 490.9159 490.9221 490.9561 491.0154
498.6936 498.8463 498.9959 499.1387 499.2775 499.4175 499.5511 499.659 499.7389 499.8026 499.8603 499.911 499.9643 500.0295 500.1013 500.1693 500.2457 500.3468 500.4668 500.5837 500.6779 500.7413 500.7869 500.8334 500.8935 500.9581 501.004 501.0185 500.9991 500.9702 500.9566 500.9604 500.9488 500.8785 500.7017 500.3876 499.9673 499.4543 498.907 498.3196 497.767 497.1094 496.6774 496.0462 495.5282 494.973 494.4474 493.9249 493.453 493.0518 492.6985 492.3719 492.0631 491.7787 491.5214 491.2912 491.0908 490.9241 490.7924 490.6999 490.6644 490.6992 490.7892 490.9111 491.0522
498.6031 498.7567 498.9055 499.0486 499.1876 499.324 499.449 499.5433 499.6044 499.6472 499.688 499.7261 499.7671 499.824 499.8975 499.9727 500.0461 500.1346 500.2443 500.3586 500.4538 500.5236 500.5629 500.5785 500.5812 500.5817 500.5688 500.5359 500.4774 500.3997 500.3256 500.2539 500.163 500.0103 499.7534 499.3604 498.8359 498.2595 497.7242 497.0869 496.6404 495.9852 495.444 494.8632 494.3278 493.8054 493.3342 492.8955 492.506 492.1719 491.8812 491.6155 491.3683 491.1422 490.9459 490.7823 490.6549 490.5661 490.5189 490.5139 490.5625 490.6781 490.8499 491.0522 491.2763
498.5061 498.6611 498.8088 498.9522 499.0931 499.2269 499.3395 499.4144 499.4545 499.476 499.4987 499.5275 499.5608 499.6092 499.6811 499.7645 499.8433 499.9261 500.0243 500.1288 500.2219 500.2899 500.3274 500.3276 500.292 500.2333 500.1577 500.0608 499.9466 499.8141 499.6772 499.5384 499.3815 499.1677 498.8719 498.4363 497.8114 497.0999 496.6213 495.9081 495.2968 494.6685 494.1198 493.5897 493.0859 492.6129 492.2058 491.8662 491.5759 491.3265 491.1127 490.9299 490.7628 490.6127 490.4903 490.4051 490.3626 490.3647 490.4114 490.5041 490.6465 490.8467 491.0952 491.3708 491.665
498.4086 498.5651 498.7131 498.8553 498.9961 499.127 499.2256 499.2736 499.2881 499.2893 499.2947 499.3152 499.348 499.3938 499.4627 499.5518 499.6396 499.7216 499.8105 499.9047 499.9866 500.049 500.0792 500.067 500.0046 499.8977 499.7611 499.5971 499.4111 499.2099 499.0056 498.7963 498.5922 498.3176 497.9916 497.5511 496.8273 495.9825 495.2661 494.5287 493.8592 493.2509 492.7458 492.2925 491.8488 491.4271 491.1098 490.8758 490.6908 490.5355 490.4109 490.3304 490.2653 490.2075 490.1713 490.173 490.2223 490.321 490.4666 490.6589 490.899 491.1856 491.5068 491.8456 492.198
498.3152 498.4734 498.6235 498.7634 498.8983 499.023 499.102 499.1248 499.1118 499.0899 499.0802 499.0932 499.1297 499.1824 499.2543 499.3461 499.4432 499.528 499.6072 499.6873 499.7552 499.8016 499.8166 499.7864 499.6959 499.5482 499.3506 499.1199 498.8603 498.5721 498.2893 497.9893 497.7787 497.4725 497.0106 496.5421 495.6187 494.6523 493.8062 493.0519 492.3958 491.8317 491.4124 491.0664 490.7 490.3104 490.1043 489.9911 489.9081 489.8372 489.7936 489.8384 489.8882 489.9322 489.9901 490.0842 490.2279 490.4238 490.6677 490.9575 491.2911 491.6614 492.0523 492.4459 492.8422
498.2293 498.3902 498.5441 498.6838 498.8069 498.9243 498.9793 498.9741 498.933 498.8895 498.8643 498.8709 498.9131 498.9804 499.0633 499.1605 499.2609 499.3498 499.4188 499.4788 499.5241 499.5444 499.5314 499.4671 499.3394 499.1416 498.8878 498.5794 498.2528 497.8658 497.5084 497.0432 496.8434 496.5406 495.8261 495.0571 494.0915 493.1195 492.2725 491.5974 491.0207 490.5073 490.2272 490.0321 489.7791 489.3701 489.2828 489.2769 489.2783 489.2787 489.2927 489.48 489.6354 489.769 489.9186 490.1087 490.3466 490.6362 490.9744 491.3586 491.7827 492.228 492.6833 493.1271 493.556
498.1531 498.3182 498.478 498.624 498.7473 498.837 498.8608 498.8256 498.7549 498.69 498.6547 498.6588 498.7088 498.7961 498.8987 499.0031 499.1005 499.1819 499.2361 499.2697 499.2807 499.2639 499.2031 499.0853 498.8962 498.6302 498.3105 497.913 497.5285 497.0111 496.6493 496.0178 495.5222 494.9803 494.2124 493.3598 492.4235 491.5454 490.7816 490.2976 489.8965 489.408 489.2903 489.2824 489.2368 488.9155 488.771 488.7539 488.8002 488.8896 489.0242 489.2754 489.4737 489.6655 489.8934 490.1784 490.5094 490.8873 491.314 491.7906 492.3108 492.8255 493.3415 493.8337 494.2883
498.0853 498.255 498.4259 498.5716 498.6827 498.7429 498.7424 498.6783 498.5804 498.4952 498.455 498.4672 498.5314 498.6402 498.7667 498.8796 498.9629 499.0148 499.034 499.0245 498.9899 498.9249 498.8018 498.597 498.3263 497.9508 497.5657 497.0224 496.6177 495.9235 495.2979 494.592 493.9267 493.2457 492.4623 491.6596 490.8281 490.1496 489.5081 489.3001 489.1956 488.8395 488.6998 488.6943 488.6747 488.4771 488.3467 488.3286 488.399 488.5379 488.7397 489.0111 489.2776 489.5255 489.8207 490.192 490.6044 491.0633 491.5745 492.1447 492.7806 493.3708 493.9596 494.5097 494.9881
498.0136 498.1846 498.3573 498.4992 498.5989 498.6361 498.6178 498.5274 498.4056 498.3066 498.2701 498.3036 498.3951 498.5267 498.671 498.7851 498.8385 498.8293 498.7735 498.6909 498.5829 498.4674 498.2697 497.9428 497.5742 497.0326 496.6018 495.861 495.1745 494.4116 493.6923 492.9679 492.251 491.5606 490.8278 490.1938 489.5173 489.2141 488.8668 488.6428 488.5069 488.2986 488.1879 488.1729 488.1669 488.026 487.9282 487.9276 488.0189 488.1853 488.4153 488.694 488.9849 489.2794 489.6124 490.0162 490.4779 491.004 491.6047 492.2847 493.0271 493.7607 494.4704 495.1073 495.6176
497.9084 498.0698 498.2367 498.3815 498.4835 498.5111 498.4779 498.3625 498.2207 498.122 498.106 498.1757 498.3063 498.4623 498.6082 498.7 498.695 498.5865 498.4016 498.1989 497.9663 497.8032 497.5278 497.0206 496.5841 495.837 495.1164 494.2806 493.4743 492.6956 492.0196 491.3749 490.7069 490.1454 489.5104 489.1918 488.7528 488.5011 488.286 488.08 487.9262 487.7757 487.6801 487.64 487.6091 487.5306 487.4851 487.5177 487.6317 487.8145 488.054 488.3332 488.6293 488.9379 489.2819 489.7 490.1924 490.7696 491.4481 492.2291 493.0884 493.9728 494.8325 495.593 496.1615
497.7208 497.8901 498.0622 498.2169 498.3404 498.3647 498.3108 498.1685 498.0139 497.9356 497.9661 498.0883 498.2602 498.4313 498.5534 498.5831 498.4783 498.2169 497.8462 497.4761 497.0293 496.8044 496.4687 495.736 495.0181 494.2067 493.3882 492.5304 491.731 491.0016 490.4975 490.0479 489.4795 489.2154 488.7766 488.4641 488.1529 487.9282 487.7388 487.5585 487.4061 487.2759 487.1822 487.1232 487.0789 487.0353 487.0305 487.095 487.2294 487.4221 487.6621 487.9361 488.2283 488.5357 488.8769 489.2833 489.7849 490.3943 491.1298 491.9895 492.9466 493.962 494.9821 495.9136 496.6125
497.4651 497.6487 497.8446 498.0321 498.1946 498.2364 498.1275 497.9442 497.7818 497.7485 497.8516 498.0371 498.235 498.3846 498.4393 498.3559 498.1047 497.6338 496.9957 496.4737 495.7656 495.2303 494.6756 493.931 493.1525 492.397 491.6472 490.8636 490.214 489.5708 489.3253 489.1873 488.8138 488.5696 488.2263 487.9281 487.6589 487.4422 487.2567 487.0854 486.9326 486.804 486.7052 486.634 486.5847 486.5595 486.5807 486.6668 486.8138 487.0095 487.2437 487.5063 487.7879 488.0858 488.4147 488.8041 489.2855 489.8985 490.6619 491.5593 492.5599 493.6497 494.7992 495.9297 496.8898
497.1817 497.3733 497.6113 497.8527 498.061 498.1009 497.9295 497.6833 497.5231 497.5599 497.7526 497.9897 498.1691 498.2246 498.1376 497.8728 497.4467 496.7267 495.7547 494.8056 494.0063 493.3148 492.6843 491.9867 491.2556 490.6946 490.1658 489.5216 489.2234 488.8882 488.6186 488.4438 488.2033 487.9854 487.7202 487.457 487.2122 487.0009 486.8134 486.6416 486.4878 486.3568 486.2519 486.1732 486.1215 486.1053 486.1401 486.2371 486.3854 486.576 486.7986 487.0436 487.3056 487.5878 487.8984 488.2663 488.7223 489.299 490.0506 490.9294 491.8828 492.9435 494.1055 495.328 496.5584
496.902 497.099 497.4027 497.7177 497.9611 497.96 497.6877 497.3682 497.2244 497.3582 497.6358 497.8707 497.9406 497.7884 497.4542 496.8924 496.267 495.2452 494.1461 493.0596 492.1496 491.3777 490.8214 490.2854 489.6407 489.38 489.1941 488.7703 488.5014 488.2703 488.0327 487.8347 487.6373 487.4456 487.2283 486.9972 486.7725 486.5685 486.3832 486.2112 486.0564 485.9238 485.815 485.7321 485.679 485.6659 485.7056 485.8053 485.9423 486.1187 486.3235 486.546 486.7787 487.0325 487.3168 487.658 488.0836 488.6212 489.2984 490.0978 490.8937 491.8289 492.7891 493.7775 494.9532
496.7633 496.9057 497.2898 497.6746 497.9296 497.8335 497.4025 497.0048 496.8708 497.1089 497.4236 497.5398 497.3619 496.8366 496.1496 495.1245 494.1908 493.1988 492.2272 491.2245 490.4216 489.6774 489.3618 489.1763 488.8368 488.7041 488.4817 488.1703 487.9181 487.7036 487.4973 487.2999 487.1109 486.9299 486.7346 486.5278 486.3203 486.1264 485.9488 485.7808 485.6269 485.4948 485.3855 485.3017 485.2481 485.2342 485.2688 485.3579 485.4799 485.6348 485.8154 486.009 486.207 486.4164 486.6548 486.9512 487.3228 487.787 488.3648 489.0407 489.5722 490.352 491.0004 491.5604 492.3343
496.7584 496.9171 497.3657 497.7626 497.9871 497.7728 497.0954 496.6442 496.4373 496.7425 496.9665 496.7561 496.1637 495.0516 493.8984 492.7115 491.7927 490.955 490.0732 489.4939 489.1223 488.6621 488.4388 488.3269 488.1823 488.0967 487.8897 487.6343 487.398 487.1895 486.9963 486.8113 486.6182 486.4349 486.2476 486.0525 485.8594 485.6729 485.5019 485.3424 485.194 485.0651 484.9585 484.876 484.8244 484.8116 484.8435 484.9135 485.0078 485.1297 485.2762 485.4334 485.5885 485.7469 485.9197 486.1346 486.4079 486.7372 487.1279 487.5727 488.0194 488.61 488.9265 489.104 489.3137
496.8959 497.218 497.6399 497.9405 498.0988 497.8913 497.2474 496.5181 495.9626 496.1505 495.9901 495.0607 493.9618 492.6449 491.4433 490.3654 489.8156 489.3606 488.842 488.4402 488.1536 487.8956 487.7717 487.696 487.6068 487.5086 487.3371 487.1279 486.9107 486.7059 486.5162 486.3346 486.1511 485.9618 485.7737 485.5845 485.3976 485.2198 485.0494 484.8946 484.7546 484.633 484.533 484.4528 484.4024 484.3893 484.4146 484.4644 484.5253 484.6072 484.7125 484.8256 484.9303 485.0261 485.1215 485.2278 485.3651 485.5189 485.6883 485.8576 486.0361 486.2755 486.3735 486.336 486.2049
496.9269 497.4395 497.8597 497.9844 497.959 497.6913 497.1561 496.5418 495.8678 495.1065 493.8657 492.5967 491.4591 490.2785 489.519 489.1537 489.1848 488.7164 488.2136 487.8222 487.5345 487.3214 487.2439 487.1876 487.1081 486.9984 486.8377 486.6482 486.4484 486.2459 486.0529 485.8688 485.6852 485.4982 485.312 485.1269 484.9449 484.769 484.6032 484.4465 484.3101 484.1967 484.106 484.0317 483.9808 483.9638 483.9773 484.0037 484.0288 484.0672 484.1317 484.1994 484.2488 484.2733 484.2808 484.2807 484.2678 484.2322 484.194 484.098 483.9468 483.912 483.8696 483.7488 483.5072
497.2383 497.6457 497.8594 497.6716 497.2346 496.6114 495.8122 494.6644 493.4814 492.3604 491.0269 490.0063 489.3066 488.6776 488.2629 488.1446 488.2512 488.1146 487.7267 487.3745 487.0956 486.8922 486.7767 486.7323 486.6549 486.537 486.3795 486.194 486.0038 485.807 485.6103 485.418 485.2279 485.0376 484.8495 484.669 484.4936 484.3221 484.158 484.0056 483.8702 483.7601 483.6751 483.6083 483.5578 483.5349 483.5348 483.5333 483.5171 483.508 483.5369 483.5707 483.5699 483.5182 483.4294 483.3447 483.2028 482.9798 482.8148 482.5459 482.0689 481.8702 481.7747 481.716 481.6997
