backend/lakes/data/Cold Lake/cold_dem_tm.asc
ncols         377
nrows         538
xllcorner     806100
yllcorner     6037600
cellsize      50
NODATA_value  -9999
[rows 87 to 115 of 538, columns 195 to 259 of 377]
517.8922 515.4063 513.0631 511.7314 510.8743 510.1754 509.5096 508.8604 508.257 507.7035 507.209 506.7827 506.4282 506.1376 505.8964 505.6966 505.5272 505.3881 505.2755 505.1848 505.1081 505.0446 504.9857 504.9346 504.8977 504.8725 504.8697 504.8951 504.9453 505.0137 505.08 505.134 505.1611 505.1531 505.1032 505.0364 504.9716 504.9275 504.9218 504.9665 505.0676 505.2326 505.4608 505.7419 506.0623 506.3973 506.7208 507.031 507.3145 507.6487 508.0255 508.4008 508.7184 508.9645 509.1776 509.4419 509.9344 510.8201 512.2451 514.3029 516.5382 518.5548 519.801 520.468 520.7892
516.9012 514.3455 512.4068 511.4654 510.7611 510.1297 509.503 508.8865 508.3081 507.7819 507.3168 506.9127 506.57 506.2851 506.0473 505.8427 505.6678 505.5171 505.3942 505.297 505.218 505.1454 505.0762 505.0039 504.9369 504.8883 504.8621 504.8671 504.906 504.9671 505.0368 505.0938 505.1256 505.1204 505.0781 505.0085 504.9423 504.899 504.8964 504.9512 505.0643 505.2368 505.4677 505.7452 506.0482 506.3567 506.6271 506.8938 507.0974 507.4099 507.8174 508.241 508.5983 508.8595 509.0722 509.3487 509.8646 510.7965 512.3176 514.5711 516.967 519.1353 520.0962 520.5234 520.7238
515.8161 513.2676 511.9299 511.3986 510.7158 510.0725 509.4789 508.9091 508.3753 507.8907 507.4608 507.086 506.7607 506.4815 506.2425 506.0338 505.8461 505.6813 505.5397 505.4242 505.3307 505.249 505.1671 505.0829 504.9982 504.9254 504.8803 504.8674 504.8903 504.9427 505.0064 505.065 505.0979 505.0941 505.0537 504.9929 504.9332 504.8978 504.9016 504.959 505.0738 505.2411 505.4577 505.7092 505.9711 506.2276 506.388 506.5377 506.7166 507.0412 507.497 507.9851 508.404 508.7167 508.9713 509.2918 509.8595 510.8611 512.494 514.9866 517.5249 519.4858 520.2433 520.5066 520.6236
514.6125 512.3898 511.2652 510.8361 510.4795 509.9291 509.3886 508.8747 508.4046 507.9792 507.5969 507.2572 506.9569 506.69 506.4521 506.2379 506.0421 505.8616 505.7015 505.5641 505.4478 505.3457 505.2491 505.1513 505.0558 504.971 504.9108 504.884 504.8944 504.9353 504.9917 505.0435 505.0741 505.0697 505.0316 504.978 504.931 504.9059 504.9158 504.9702 505.0729 505.2189 505.403 505.6031 505.7855 505.95 506.0478 506.1268 506.2806 506.6152 507.1146 507.6687 508.1619 508.5539 508.8917 509.3026 509.9673 511.084 512.848 515.5564 518.1104 519.6482 520.2032 520.3883 520.4865
513.3623 511.5657 510.5771 510.1532 509.905 509.5811 509.2386 508.8198 508.4187 508.0495 507.7134 507.4084 507.1317 506.8792 506.6455 506.4274 506.223 506.0323 505.8565 505.6989 505.5597 505.4337 505.3163 505.2042 505.0986 505.007 504.9403 504.9053 504.9046 504.9346 504.9808 505.0245 505.0461 505.0345 504.994 504.9515 504.9173 504.9023 504.9122 504.9555 505.0315 505.1382 505.2741 505.3958 505.5142 505.6204 505.6878 505.7392 505.8784 506.2139 506.7398 507.3464 507.9156 508.4035 508.8561 509.4019 510.2212 511.5268 513.4943 516.3417 518.8152 519.6499 520.0295 520.2194 520.3573
512.3808 510.9174 510.0517 509.6267 509.4057 509.185 508.9419 508.6908 508.3964 508.0935 507.8017 507.5272 507.269 507.0253 506.7935 506.5717 506.3603 506.161 505.975 505.8028 505.6444 505.4966 505.3597 505.234 505.1212 505.0266 504.9577 504.9186 504.9088 504.926 504.9581 504.9918 505.0017 504.9731 504.917 504.8849 504.8687 504.8605 504.8665 504.8891 504.9279 504.9786 505.0525 505.1198 505.1882 505.2615 505.3345 505.3965 505.5468 505.8896 506.4285 507.0719 507.7126 508.3026 508.8865 509.5886 510.5981 512.1491 514.4591 517.182 519.2559 519.5023 519.8866 520.1256 520.3079
511.4927 510.3932 509.7077 509.3211 509.105 508.9349 508.7548 508.5671 508.3203 508.0635 507.8118 507.5683 507.331 507.0967 506.8662 506.641 506.4246 506.2208 506.0288 505.8478 505.677 505.5124 505.3611 505.2275 505.1127 505.0208 504.955 504.9136 504.8926 504.8928 504.9009 504.9249 504.9235 504.8688 504.7694 504.75 504.7498 504.7491 504.748 504.7535 504.7587 504.7612 504.7963 504.8216 504.8454 504.8868 504.9954 505.0858 505.2694 505.6408 506.1987 506.8737 507.5846 508.2806 508.9966 509.8465 511.0153 512.715 515.3145 517.9766 519.6681 519.9539 520.128 520.2667 520.4053
510.8472 509.9193 509.4047 509.1052 508.9157 508.7569 508.5848 508.3937 508.1732 507.9463 507.7241 507.5073 507.2913 507.0691 506.8419 506.6147 506.3953 506.1922 505.9995 505.8138 505.6346 505.4628 505.3054 505.1714 505.0598 504.9757 504.92 504.8777 504.8392 504.8162 504.7732 504.7869 504.785 504.7143 504.5263 504.5175 504.5161 504.5183 504.5191 504.5192 504.5192 504.5183 504.5191 504.519 504.5183 504.5275 504.7027 504.7967 505.0142 505.4335 506.0291 506.7451 507.5308 508.3421 509.1893 510.1849 511.522 513.3759 516.1384 518.8174 520.1954 520.5163 520.4971 520.5337 520.6067
510.3505 509.6024 509.1496 508.8833 508.7066 508.5513 508.3788 508.1804 507.9656 507.7507 507.5453 507.3474 507.1505 506.9416 506.7199 506.4932 506.2719 506.0739 505.8842 505.6982 505.517 505.3458 505.1909 505.0627 504.9554 504.8799 504.8413 504.799 504.7258 504.6841 504.5252 504.5039 504.5156 504.4999 504.2719 504.144 504.0727 504.0962 504.1213 504.1338 504.1364 504.1363 504.1411 504.159 504.2021 504.3013 504.5085 504.5251 504.7625 505.241 505.8825 506.646 507.5058 508.4393 509.4086 510.533 512.0723 514.188 516.8127 519.2953 520.5795 520.9232 520.8281 520.8225 520.8431
509.9677 509.3727 508.9823 508.7151 508.5066 508.3187 508.1251 507.9161 507.6998 507.4896 507.2925 507.1089 506.9274 506.7332 506.522 506.3018 506.0865 505.8874 505.6974 505.5107 505.331 505.1666 505.0186 504.9096 504.8079 504.7275 504.7128 504.6754 504.5259 504.5001 504.1683 503.9014 503.9219 503.9142 503.776 503.653 503.5827 503.5995 503.6304 503.65 503.6581 503.6647 503.6849 503.7316 503.8156 503.9514 504.147 504.2862 504.5399 505.0654 505.7255 506.5151 507.4156 508.4543 509.5134 510.693 512.336 514.6376 517.1716 519.4735 520.7277 521.1517 521.0878 521.0779 521.0647
509.6033 509.1553 508.8187 508.5549 508.3244 508.0975 507.867 507.6326 507.4029 507.188 506.9919 506.8147 506.6455 506.4667 506.2722 506.0634 505.8536 505.6537 505.4618 505.2708 505.0914 504.9419 504.796 504.7345 504.6656 504.5235 504.5202 504.508 504.2693 504.0464 503.699 503.4042 503.3215 503.2704 503.1742 503.0856 503.0429 503.0563 503.0839 503.1039 503.1171 503.1348 503.1741 503.2505 503.3707 503.541 503.7924 504.0851 504.4929 504.9066 505.504 506.2768 507.1348 508.1483 509.2719 510.5981 512.36 514.743 517.2478 519.501 520.7536 521.2574 521.281 521.2878 521.2537
509.2134 508.876 508.5756 508.3282 508.0959 507.8535 507.6002 507.3444 507.0984 506.8728 506.6698 506.4908 506.328 506.1628 505.9897 505.7984 505.5974 505.3992 505.2075 505.0048 504.8181 504.7053 504.5259 504.5196 504.5109 504.3191 504.1849 504.0418 503.7791 503.4816 503.1426 502.8553 502.7112 502.622 502.5379 502.4764 502.4578 502.4758 502.5009 502.5182 502.5345 502.5665 502.6306 502.7415 502.905 503.1215 503.4003 503.7277 504.1167 504.5256 505.0809 505.8454 506.7319 507.7692 508.9856 510.4676 512.3776 514.8735 517.3464 519.5852 520.8259 521.3727 521.4966 521.479 521.4143
508.8201 508.4891 508.2181 507.9924 507.7812 507.5501 507.2971 507.0363 506.7851 506.5546 506.3455 506.1606 506 505.8504 505.6929 505.5189 505.3305 505.1385 504.9633 504.7437 504.5284 504.5091 504.304 504.1846 504.0804 503.8853 503.6758 503.4414 503.1498 502.8344 502.5168 502.2496 502.0774 501.9706 501.8925 501.8492 501.8482 501.8719 501.8953 501.9092 501.9264 501.9724 502.0673 502.2188 502.427 502.6813 502.9783 503.3132 503.6902 504.1028 504.6092 505.4073 506.3561 507.4768 508.8145 510.4729 512.5891 515.3922 518.1945 520.0006 521.0404 521.5148 521.6453 521.6125 521.5437
508.4616 508.1332 507.8553 507.6163 507.4043 507.1876 506.9506 506.6991 506.4536 506.2278 506.02 505.8313 505.6697 505.5331 505.3885 505.228 505.0541 504.8622 504.7448 504.5202 504.2849 504.1272 503.9 503.6961 503.5082 503.2856 503.033 502.7501 502.4398 502.1271 501.8339 501.5891 501.4139 501.3127 501.245 501.2153 501.2269 501.2551 501.2773 501.288 501.3059 501.3654 501.4942 501.6935 501.9526 502.2438 502.5595 502.9089 503.3105 503.7977 504.4278 505.0642 506.0583 507.3259 508.8466 510.6889 512.9655 515.9314 518.7802 520.3721 521.2267 521.6252 521.7453 521.7247 521.637
508.1483 507.8067 507.5178 507.2552 507.0224 506.8068 506.584 506.3453 506.107 505.8882 505.6852 505.4982 505.3324 505.2178 505.0915 504.9209 504.7705 504.5344 504.5035 504.2319 503.9332 503.6608 503.3691 503.0872 502.829 502.5731 502.298 501.9958 501.6802 501.3792 501.1135 500.9001 500.7493 500.6545 500.5961 500.5767 500.5958 500.6289 500.6523 500.6625 500.6824 500.7587 500.9255 501.1771 501.4991 501.8302 502.1663 502.5259 502.9321 503.4027 503.9644 504.6276 505.8072 507.3192 509.1221 511.2238 513.6715 516.6079 519.2575 520.6943 521.3815 521.685 521.7816 521.7598 521.6523
507.876 507.5018 507.187 506.8989 506.6364 506.4237 506.2158 505.9908 505.7564 505.5398 505.3351 505.1534 504.9659 504.8891 504.7844 504.5409 504.4993 504.2415 504.0496 503.7602 503.4296 503.0929 502.7441 502.3967 502.0749 501.7848 501.4998 501.1999 500.8919 500.6064 500.3662 500.1845 500.0617 499.9828 499.9358 499.9272 499.9536 499.9921 500.0238 500.0386 500.0664 500.1656 500.3828 500.7037 501.0803 501.4538 501.8163 502.1948 502.6138 503.0934 503.6841 504.5071 505.8018 507.5399 509.6515 512.1238 514.9864 517.9444 519.9263 521.0421 521.573 521.7542 521.7827 521.7212 521.5676
507.6342 507.2097 506.8595 506.5488 506.2675 506.0364 505.8365 505.6275 505.3959 505.1863 504.9628 504.8038 504.5411 504.5166 504.4845 504.1969 503.9969 503.7287 503.4567 503.1442 502.7977 502.4283 502.0454 501.6541 501.2811 500.9561 500.6652 500.3807 500.0921 499.8247 499.605 499.4513 499.356 499.2966 499.2625 499.2621 499.2983 499.348 499.3936 499.4257 499.4685 499.5968 499.8641 500.2517 500.6873 501.1124 501.5188 501.9364 502.394 502.9124 503.5577 504.5 505.9672 507.9617 510.3599 513.0696 516.1586 518.9092 520.4945 521.3374 521.7264 521.8323 521.7797 521.63 521.3751
507.3752 506.9136 506.5259 506.1905 505.8918 505.6379 505.4366 505.2422 505.0027 504.828 504.5468 504.4713 504.1309 503.95 503.8065 503.5552 503.3097 503.0393 502.7431 502.4153 502.0653 501.6851 501.2886 500.8806 500.4779 500.1234 499.8265 499.5606 499.3011 499.0543 498.8499 498.7198 498.6519 498.6124 498.589 498.5925 498.6348 498.7065 498.7747 498.8321 498.9078 499.0726 499.386 499.8278 500.3206 500.8063 501.2776 501.7611 502.2849 502.8652 503.5574 504.556 506.2662 508.5767 511.2892 514.2088 517.2745 519.5833 520.8663 521.5142 521.7972 521.8473 521.72 521.4531 521.0449
507.0402 506.5793 506.1727 505.8141 505.5034 505.2563 505.0262 504.85 504.5532 504.4714 504.1054 503.8065 503.4301 503.1749 502.962 502.7222 502.4762 502.2216 501.9363 501.6083 501.259 500.8828 500.4892 500.0884 499.6856 499.3205 499.0202 498.7709 498.5469 498.3242 498.1279 498.0219 497.9797 497.9619 497.9446 497.9462 497.9882 498.0857 498.1876 498.2808 498.4003 498.6194 498.98 499.4597 499.9942 500.5409 501.0908 501.6634 502.2856 502.9594 503.7115 504.7054 506.7021 509.3788 512.4595 515.7325 518.5153 520.1938 521.1318 521.5942 521.7656 521.7429 521.5281 521.1157 520.5103
506.6311 506.1893 505.7878 505.4023 505.0687 504.8562 504.5553 504.4715 504.111 503.811 503.4019 502.9998 502.6015 502.2851 502.0249 501.7883 501.5576 501.3245 501.0635 500.7532 500.4074 500.0435 499.6666 499.291 498.916 498.5745 498.284 498.0481 497.8679 497.6762 497.4696 497.3993 497.3831 497.3793 497.3717 497.3636 497.3961 497.532 497.6577 497.7926 497.9691 498.2543 498.6705 499.1813 499.7415 500.3346 500.9564 501.6122 502.3367 503.1386 504.0269 505.0109 507.303 510.2935 513.6199 517.12 519.337 520.613 521.2845 521.6008 521.6537 521.5049 521.1434 520.5406 519.7017
506.1686 505.7398 505.3809 504.9621 504.5633 504.459 504.0904 503.7985 503.4005 502.99 502.5385 502.0925 501.6771 501.3305 501.0464 500.8095 500.6005 500.3934 500.1527 499.874 499.5427 499.1929 498.8484 498.5114 498.1826 497.905 497.6556 497.4243 497.3107 497.1726 496.9212 496.8973 496.8989 496.9 496.8996 496.8983 496.912 497.1104 497.2248 497.3867 497.6255 497.9869 498.4675 499.0134 499.5988 500.23 500.9012 501.5787 502.2922 503.1036 504.1073 505.5261 508.1754 511.3743 514.7484 518.0817 519.8997 520.8832 521.3633 521.5378 521.4512 521.1117 520.519 519.6573 518.5519
505.6513 505.2302 504.9418 504.5131 504.0531 503.7317 503.3313 502.9377 502.5049 502.0542 501.591 501.1381 500.7181 500.3605 500.0719 499.8351 499.6349 499.4402 499.2356 498.9978 498.6985 498.3668 498.0765 497.7944 497.506 497.3384 497.175 496.9174 496.8989 496.8841 496.65 496.5485 496.5201 496.5217 496.5374 496.579 496.6804 496.8896 496.9048 497.0824 497.3825 497.8146 498.3644 498.9622 499.5961 500.2905 501.027 501.7268 502.4359 503.3264 504.6132 506.6428 509.5099 512.7925 516.1807 518.9349 520.3573 521.0629 521.366 521.3669 521.0863 520.4814 519.5625 518.3557 517.083
505.0868 504.5979 504.4081 503.8744 503.3179 502.8387 502.3752 501.9338 501.4907 501.0481 500.6118 500.1836 499.7755 499.4202 499.1439 498.9204 498.72 498.5324 498.3755 498.1802 497.92 497.6019 497.4104 497.2187 496.9283 496.9002 496.8804 496.6207 496.5346 496.4775 496.3302 496.2325 496.2018 496.2115 496.2462 496.3151 496.4337 496.5905 496.7055 496.9039 497.2573 497.737 498.347 499.01 499.7275 500.5464 501.4168 502.1754 502.9131 503.9553 505.5861 508.1155 511.1848 514.4747 517.7181 519.7313 520.7571 521.1921 521.2681 521.0263 520.4426 519.4717 518.1121 516.6683 515.354
504.5088 503.9522 503.5101 502.9325 502.3331 501.7841 501.2892 500.8391 500.4117 500.0055 499.6356 499.2673 498.8841 498.5363 498.296 498.111 497.9113 497.6932 497.603 497.4785 497.2812 496.9439 496.9013 496.8819 496.6467 496.5404 496.4629 496.292 496.1823 496.1009 496.0031 495.9365 495.9219 495.9475 496.0022 496.0981 496.2429 496.4225 496.6241 496.8979 497.2578 497.7466 498.3975 499.1273 499.9354 500.918 502.0291 502.9221 503.7337 505.0608 507.2413 510.0021 513.1357 516.3906 519.0603 520.4949 521.1046 521.2307 520.9968 520.4166 519.4149 517.9403 516.2921 514.7551 513.566
503.7317 503.0732 502.4514 501.8035 501.1747 500.6124 500.1323 499.7135 499.3202 498.954 498.6719 498.4122 498.0686 497.7137 497.5469 497.4401 497.2703 496.9518 496.9064 496.9018 496.8661 496.604 496.5077 496.4599 496.3049 496.1762 496.0666 495.9383 495.8362 495.7589 495.6967 495.6668 495.6767 495.7229 495.7984 495.9244 496.1078 496.3307 496.5888 496.8998 497.2965 497.8102 498.4951 499.295 500.1592 501.2198 502.4784 503.7416 504.7192 506.5389 509.1243 511.9757 515.1231 518.1332 520.0948 521.0429 521.2748 521.0137 520.4028 519.3853 517.8723 516.1073 514.369 512.9076 512.0639
502.6231 501.9423 501.2542 500.5635 499.9271 499.3771 498.9682 498.631 498.2861 497.9282 497.7482 497.6193 497.3621 496.9647 496.8987 496.8977 496.8544 496.5436 496.394 496.3351 496.2824 496.1485 496.0793 496.0402 495.924 495.8007 495.6903 495.5899 495.5094 495.4506 495.4209 495.4265 495.4615 495.5336 495.6328 495.7902 496.014 496.2777 496.574 496.9012 497.3564 497.929 498.6531 499.5463 500.4732 501.5451 502.8236 504.1935 505.6466 507.9606 510.7176 513.6271 516.6958 519.2358 520.6736 521.2186 521.0276 520.3314 519.2831 517.7719 516.0226 514.2606 512.7302 511.685 510.9901
501.2964 500.6494 499.9811 499.2985 498.6847 498.155 497.8674 497.6741 497.4153 496.999 496.9096 496.9023 496.8325 496.4897 496.3395 496.2833 496.2023 495.9949 495.8392 495.7381 495.6703 495.6088 495.5872 495.5754 495.5145 495.4202 495.3294 495.259 495.2108 495.1771 495.1767 495.2135 495.269 495.3737 495.4959 495.695 495.9452 496.2306 496.5395 496.898 497.4583 498.14 498.9399 499.9343 501.0242 502.1733 503.5469 505.1511 507.1829 509.7111 512.4951 515.3644 518.0406 519.9232 520.8508 520.8921 520.2066 518.9594 517.4299 515.7787 514.1035 512.6208 511.656 510.8635 510.2535
499.8643 499.3068 498.7288 498.1005 497.5843 497.0479 496.9124 496.8937 496.818 496.4447 496.2563 496.1779 496.0734 495.8484 495.7007 495.6093 495.5059 495.356 495.2211 495.1077 495.0416 495.0311 495.0698 495.1172 495.1157 495.05 494.9845 494.9502 494.9425 494.9363 494.9645 495.0266 495.0913 495.2091 495.4246 495.6733 495.9548 496.2668 496.5987 496.9429 497.6689 498.5186 499.4646 500.5437 501.869 503.2553 504.8737 506.8434 509.1061 511.7032 514.4234 517.0222 519.2115 520.4421 520.7681 520.2027 518.8376 516.8079 515.1671 513.714 512.3347 511.3127 510.6826 510.1602 509.656
498.4402 498.0334 497.6183 497.0578 496.7901 496.3702 496.1915 496.1315 496.0319 495.7782 495.5744 495.4362 495.2972 495.1226 494.9938 494.8997 494.7982 494.6813 494.576 494.4776 494.4254 494.4606 494.5647 494.681 494.7432 494.6912 494.655 494.6628 494.7025 494.7267 494.7834 494.8651 494.9681 495.1732 495.4222 495.7178 496.0526 496.4148 496.8604 497.3249 498.1373 499.1556 500.2966 501.5803 503.036 504.7498 506.7121 508.9276 511.1897 513.6771 516.2799 518.4147 519.8232 520.4449 520.1969 519.0576 517.0557 514.8263 513.0815 511.942 510.8878 510.1573 509.7492 509.471 509.0725
