backend/lakes/data/Cold Lake/cold_dem_tm.asc
ncols         377
nrows         538
xllcorner     806100
yllcorner     6037600
cellsize      50
NODATA_value  -9999
[rows 406 to 434 of 538, columns 130 to 194 of 377]
525.8019 525.0126 524.1313 523.1365 522.021 520.8267 519.2815 517.2385 514.9135 512.5952 510.538 508.3356 506.1431 504.1407 502.0801 500.012 497.9356 496.1743 494.7648 493.7021 492.936 492.4218 492.1072 491.9122 491.7838 491.7024 491.6736 491.7384 491.9479 492.2937 492.7257 493.2354 493.8342 494.4756 494.9731 495.0213 495.0095 495.1963 495.9265 497.715 501.0938 505.1325 509.3028 512.6668 515.549 518.3657 521.5759 525.7028 530.5371 535.785 541.3369 546.5129 551.1028 555.0874 558.6094 561.8479 564.9078 567.3795 -9999 -9999 -9999 -9999 -9999 -9999 -9999
527.095 526.1717 525.2242 524.275 523.3165 522.2926 521.0249 519.3798 517.3613 515.2355 513.2982 511.2894 509.1474 507.0827 504.9906 502.879 500.4846 498.1562 496.3557 495.0465 494.1272 493.5212 493.1499 492.915 492.6758 492.489 492.389 492.4281 492.6538 493.0469 493.57 494.2088 494.9776 495.8033 496.4194 496.1107 495.8026 495.8621 496.435 498.188 501.7183 505.8528 510.1147 513.5822 516.7762 520.1713 524.2571 529.4216 535.1911 541.2928 547.1401 552.1525 556.1003 559.2175 561.8995 564.4346 566.8046 -9999 -9999 -9999 -9999 -9999 -9999 -9999 -9999
528.4465 527.3721 526.3156 525.3384 524.4327 523.5204 522.4583 521.1193 519.4805 517.6298 515.8002 513.9412 512.0129 510.0455 508.0583 505.8778 503.4554 500.8552 498.5088 496.8475 495.666 494.8775 494.4011 494.0934 493.619 493.2509 493.0792 493.1299 493.4117 493.8467 494.4485 495.184 496.0292 496.8575 497.2654 496.9055 496.4918 496.6042 497.0985 498.9897 502.6337 506.6656 510.804 514.4484 518.1002 522.2337 527.4377 533.5313 540.1656 546.5953 552.1673 556.5435 559.4086 561.5133 563.4648 565.3627 -9999 -9999 -9999 -9999 -9999 -9999 -9999 -9999 -9999
529.8257 528.6555 527.4578 526.3807 525.4487 524.6025 523.6985 522.5942 521.235 519.6654 517.999 516.3209 514.6234 512.8495 511.0752 508.9549 506.5839 504.0535 501.5143 499.3663 497.7935 496.6644 495.9413 495.532 494.656 494.0424 493.7724 493.8321 494.1929 494.6332 495.2784 496.0841 496.9691 497.7946 498.1535 497.646 496.98 496.9284 497.7712 500.139 503.6086 507.4005 511.3773 515.2527 519.4625 524.4248 530.6242 537.526 544.4767 550.6568 555.3904 558.925 560.4975 561.9172 563.1997 -9999 -9999 -9999 -9999 -9999 -9999 -9999 -9999 -9999 -9999
531.2789 530.076 528.7617 527.4918 526.4534 525.6171 524.8524 523.9337 522.7997 521.4437 519.9488 518.4612 517.0207 515.4573 513.7964 511.9018 509.7605 507.4876 505.0971 502.9158 500.8804 499.072 497.7079 496.6741 495.6732 494.9467 494.5593 494.5326 494.8402 495.3761 496.0775 496.9669 497.9467 498.7693 499.1356 498.6464 497.99 497.8348 499.1568 501.5715 504.6371 508.0815 511.8576 515.9515 520.7138 526.5011 533.4271 540.5794 547.2618 552.7291 556.1666 559.267 560.9252 -9999 -9999 -9999 -9999 -9999 -9999 -9999 -9999 -9999 -9999 -9999 -9999
532.7625 531.5853 530.1824 528.7528 527.5121 526.6296 525.996 525.2274 524.2952 523.1394 521.8252 520.4498 519.2363 517.7948 516.2631 514.6043 512.7698 510.894 508.7655 506.6561 504.5245 502.4728 500.4549 498.6487 497.3229 496.3718 495.7538 495.5172 495.6779 496.2619 496.983 497.9757 498.9957 499.8128 500.2174 499.9592 499.6321 499.8333 501.0936 503.2609 505.7961 508.7888 512.2905 516.4918 521.6128 527.9677 535.1653 542.0775 547.9561 552.822 555.9305 557.7658 -9999 -9999 -9999 -9999 -9999 -9999 -9999 -9999 -9999 -9999 -9999 -9999 -9999
534.1045 533.0184 531.5854 530.0543 528.6883 527.6658 527.1649 526.4689 525.7557 524.794 523.6877 522.467 521.2402 519.8741 518.469 517.0599 515.4883 513.8362 512.0602 510.2048 508.0829 505.9087 503.7631 501.7435 500.0947 498.6952 497.6936 497.0896 496.8679 497.2569 498.1414 499.1745 500.1691 500.9583 501.4069 501.4356 501.4459 501.9243 503.004 504.7533 506.9494 509.5711 512.7815 516.9735 522.2205 528.7581 535.8529 542.0764 546.5487 550.5891 552.8423 -9999 -9999 -9999 -9999 -9999 -9999 -9999 -9999 -9999 -9999 -9999 -9999 -9999 -9999
534.9044 534.0799 532.7654 531.2471 529.8688 528.8398 528.1853 527.559 527.113 526.3179 525.4443 524.3405 523.1322 521.829 520.4696 519.2663 517.8137 516.2786 514.6876 513.0223 511.158 509.1048 507.043 505.1378 503.559 502.1094 500.7278 499.637 498.8471 499.1106 499.8303 500.6878 501.5215 502.2443 502.7758 502.9708 503.1917 503.909 504.8337 506.3462 508.2739 510.5941 513.5289 517.5981 522.7678 529.2173 536.0413 541.6435 545.3146 547.4216 548.2877 -9999 -9999 -9999 -9999 -9999 -9999 -9999 -9999 -9999 -9999 -9999 -9999 -9999 -9999
534.5842 534.5171 533.5809 532.1891 530.8881 529.9186 529.2377 528.6715 528.1907 527.559 526.9933 526.0036 524.8813 523.7135 522.4632 521.202 519.7748 518.2694 516.7728 515.255 513.6285 511.8415 510.0193 508.3445 506.7828 505.3216 503.9911 502.8501 501.8528 501.6639 501.9751 502.4698 503.0003 503.5681 504.2021 504.4618 504.7633 505.5356 506.5563 507.98 509.7764 511.9053 514.679 518.5161 523.481 529.6238 535.9871 540.7393 543.2195 543.6794 543.4257 -9999 -9999 -9999 -9999 -9999 -9999 -9999 -9999 -9999 -9999 -9999 -9999 -9999 -9999
534.1082 534.9784 534.2181 532.883 530.9816 530.9168 530.2853 529.7408 529.2322 528.6786 528.1073 527.3162 526.3796 525.4382 524.2773 522.9741 521.5203 519.9765 518.5046 517.106 515.6897 514.1569 512.5726 511.1513 509.6353 508.2158 506.9418 505.7985 504.7888 504.3206 504.2515 504.3466 504.4906 504.7453 505.3046 505.7573 506.2696 507.0659 508.1259 509.5167 511.2653 513.2099 515.8821 519.5858 524.4268 530.1092 535.9395 539.8998 541.0373 540.2379 539.4916 -9999 -9999 -9999 -9999 -9999 -9999 -9999 -9999 -9999 -9999 -9999 -9999 -9999 -9999
534.3017 534.8699 534.5198 532.0446 532.6057 531.955 531.3794 530.8196 530.251 529.6671 529.062 528.3636 527.5986 526.9719 525.8961 524.6039 523.171 521.6447 520.1168 518.775 517.542 516.1919 514.791 513.4398 512.0555 510.7412 509.6442 508.5878 507.5273 506.7622 506.3245 506.0981 506.0126 506.1336 506.5425 507.0543 507.668 508.4731 509.5045 510.7842 512.33 514.2991 516.9674 520.5665 525.2729 530.496 535.7697 539.1845 538.8941 537.6274 537.3611 537.922 -9999 -9999 -9999 -9999 -9999 -9999 -9999 -9999 -9999 -9999 -9999 -9999 -9999
535.1281 534.1705 533.1075 534.2602 533.6909 533.1298 532.5812 531.974 531.3019 530.6254 529.9741 529.3352 528.7099 528.1022 527.2274 526.0576 524.7481 523.3531 521.8652 520.4468 519.3367 518.0448 516.744 515.4911 514.2213 513.0167 512.1328 511.2188 510.0276 509.017 508.3114 507.854 507.587 507.5889 507.9067 508.4268 509.0455 509.7996 510.7771 511.9662 513.3896 515.3353 517.9996 521.4801 525.9431 530.6974 535.2546 537.515 536.6826 536.0736 536.6526 538.7205 -9999 -9999 -9999 -9999 -9999 -9999 -9999 -9999 -9999 -9999 -9999 -9999 -9999
536.1193 535.5394 535.4058 535.0598 534.8478 534.4236 533.9457 533.2772 532.4443 531.6285 530.8939 530.2473 529.6599 529.0573 528.2871 527.3215 526.2283 525.0926 523.7242 522.3179 521.0527 519.76 518.5239 517.4381 516.3473 515.3605 514.5089 513.5148 512.2975 511.1432 510.2945 509.6923 509.2494 509.1377 509.4093 509.9439 510.493 511.1054 511.9917 513.0256 514.3995 516.3521 519.0527 522.4807 526.5998 530.7911 534.3802 535.6304 534.8 535.2087 537.1768 540.5162 -9999 -9999 -9999 -9999 -9999 -9999 -9999 -9999 -9999 -9999 -9999 -9999 -9999
537.1104 536.5688 536.119 536.0046 536.0542 535.8892 535.5905 534.8372 533.7561 532.7521 531.8834 531.167 530.5565 529.9557 529.2577 528.442 527.57 526.7926 525.5358 524.1305 522.7623 521.4335 520.1956 519.2978 518.3339 517.5706 516.8177 515.8065 514.5985 513.3407 512.4276 511.7242 511.0611 510.8301 511.0881 511.6854 512.098 512.4953 513.2323 514.1669 515.48 517.3846 520.0073 523.3791 527.1191 530.6926 533.4397 534.5571 534.4669 534.9963 537.41 541.5483 545.9012 -9999 -9999 -9999 -9999 -9999 553.6625 553.9752 -9999 -9999 -9999 -9999 -9999
538.0984 537.7122 537.1991 537.1931 537.6465 537.9023 537.7659 536.7595 535.3425 534.1116 533.0347 532.1724 531.4945 530.8853 530.2411 529.546 528.8437 528.1752 527.1557 525.8198 524.4534 523.1511 521.9362 520.9453 520.0858 519.5695 519.0174 518.066 517.0593 515.9811 514.9221 513.9818 513.1295 512.8121 513.0313 513.626 514.0516 514.3893 514.8917 515.6542 516.8734 518.725 521.2765 524.554 527.9064 530.9866 533.3084 534.7146 535.0945 535.9614 537.5964 541.6425 546.3815 -9999 -9999 552.882 553.1074 553.2299 553.3143 553.342 553.3455 553.6287 553.592 -9999 -9999
539.102 538.6626 538.2551 538.3589 539.1074 539.9715 540.3 539.3156 537.5627 535.874 534.4342 533.3271 532.5242 531.8965 531.287 530.7012 530.178 529.5601 528.6339 527.4156 526.1235 524.9095 523.6826 522.6224 521.7947 521.2485 520.725 520.0301 519.3737 518.5693 517.5082 516.6144 515.9052 515.582 515.7813 516.1984 516.5063 516.7184 517.0215 517.6339 518.8115 520.7177 523.3662 526.441 529.3762 531.8784 533.5858 534.7947 535.7925 537.3658 538.2155 541.8173 -9999 550.2313 552.2454 552.6861 552.2433 551.9053 551.6356 551.4191 551.2313 551.3011 551.2676 550.9429 -9999
-9999 540.0576 539.9241 540.0526 540.7103 541.9559 542.6537 541.7104 539.8916 537.9099 536.044 534.6265 533.6461 532.9851 532.3828 531.9274 531.5515 531.0104 530.1617 529.0455 527.8295 526.7663 525.5002 524.3645 523.4958 522.8857 522.3831 521.8452 521.2367 520.535 519.7675 519.1815 518.7135 518.4308 518.7327 519.0831 519.2993 519.4142 519.6155 520.1977 521.4744 523.6066 526.2224 529.0062 531.5504 533.5078 534.4556 535.1084 536.3662 538.0234 539.8931 543.2019 547.1573 550.5245 552.0804 551.7767 550.4634 549.3829 548.6262 548.2414 548.1424 548.3192 548.4325 548.4032 -9999
-9999 -9999 -9999 542.0293 542.5338 543.6686 544.1968 543.4647 541.8006 539.8408 537.8436 536.0513 534.7961 534.0613 533.3741 533.0552 532.9042 532.4811 531.7329 530.7615 529.715 528.6635 527.4733 526.3314 525.4227 524.7306 524.183 523.6891 523.0303 522.3665 521.7717 521.3464 521.0596 520.955 521.394 521.83 522.1029 522.2677 522.5942 523.4647 525.094 527.375 529.9395 532.5516 534.4928 535.7373 536.5247 537.5596 539.2591 541.2431 543.3569 546.0858 548.9063 551.0608 551.6245 550.0465 547.7492 545.8471 544.7162 544.324 544.6232 545.3179 545.8575 546.2448 546.9756
-9999 -9999 -9999 -9999 -9999 545.1379 545.5916 544.6477 543.1854 541.439 539.5521 537.6738 535.9214 534.7698 534.0715 533.938 534.1381 533.8431 533.2156 532.4614 531.735 530.9241 529.9612 528.8815 527.9604 527.1083 526.3738 525.7246 525.052 524.4249 523.9596 523.7263 523.71 523.9272 524.444 524.9525 525.2806 525.5061 525.9692 527.1808 529.2703 531.8216 534.4435 536.7153 538.2437 539.044 539.7212 541.2572 543.485 545.7075 547.6639 549.5408 551.0048 551.2085 550.132 547.4069 544.2798 541.9488 540.7842 540.5714 541.1706 542.4595 543.5562 544.3315 545.5688
-9999 -9999 -9999 -9999 -9999 -9999 546.8458 546.0308 544.4745 542.6898 540.9954 539.357 537.6346 536.0538 534.8322 534.5208 534.9783 534.7974 534.3811 534.0141 533.9257 533.6784 533.2709 532.6127 531.6887 530.5035 529.4534 528.5638 527.786 527.1232 526.7594 526.742 527.0101 527.5033 528.1451 528.7327 529.0525 529.2418 529.7441 531.2393 533.816 536.6476 539.2579 541.3293 542.4846 542.7995 543.2979 545.1502 547.6456 549.6572 551.0579 551.7363 551.2705 549.9091 547.3726 543.9712 540.7562 538.9703 538.2615 538.4221 538.5786 540.2093 541.6396 542.5708 543.9868
-9999 -9999 -9999 -9999 -9999 -9999 -9999 -9999 546.1088 544.2798 542.4857 540.8958 539.3658 537.7056 536.054 534.8054 534.0024 534.7896 534.9586 535.2984 536.3262 536.9606 537.4023 537.3726 536.6477 535.3705 533.965 532.6761 531.623 530.8102 530.5605 530.7975 531.3521 532.0732 532.7925 533.3744 533.5192 533.5287 534.0804 535.7844 538.551 541.3989 543.8495 545.6172 546.2773 546.0405 546.2195 547.9373 550.1381 551.2351 551.66 551.197 549.47 546.9155 543.7803 540.5085 538.0754 536.7679 536.3721 536.6388 537.2185 539.0928 540.4014 541.2231 542.3859
-9999 -9999 -9999 -9999 -9999 -9999 -9999 -9999 547.7847 546.094 544.2393 542.5067 541.0212 539.5288 537.7985 536.1988 535.0674 534.3463 534.8693 536.5961 538.9073 540.9728 542.4726 542.9782 542.3856 540.8979 539.0775 537.4077 536.2736 535.7097 535.7674 536.3613 537.2344 538.1574 538.7917 538.9241 538.4818 537.905 538.051 539.8652 542.7474 545.4051 547.4724 548.7499 548.7622 547.9689 547.5617 548.1342 549.359 549.8542 549.5509 548.2242 545.8738 542.9935 540.0592 537.4625 535.9327 535.2119 535.2135 535.8272 536.8749 538.4619 539.655 540.1392 541.0458
-9999 -9999 -9999 -9999 -9999 -9999 -9999 -9999 -9999 -9999 546.165 544.3871 542.8665 541.528 539.8788 538.2996 537.0984 536.226 536.7768 539.0204 542.1292 545.2679 547.7491 548.8403 548.2417 546.3324 543.9697 541.9167 540.759 540.545 541.0471 542.1024 543.358 544.4624 544.9261 544.3921 543.0406 541.593 541.1771 542.9974 545.7879 547.7579 549.3056 550.1223 549.8424 548.3746 547.2225 546.5379 546.4227 546.1207 545.303 543.7789 541.5507 539.097 536.9169 535.4209 534.5814 534.2927 534.6216 535.6351 537.1866 538.208 538.9037 539.3525 540.0953
-9999 -9999 -9999 -9999 -9999 -9999 -9999 -9999 -9999 -9999 -9999 -9999 545.0364 543.7067 542.1501 540.7862 539.6339 538.965 539.6126 542.1065 545.7225 549.5636 552.6481 554.0042 553.1629 550.639 547.5909 545.1882 544.2175 544.6055 545.6575 547.1683 548.7614 549.9824 550.2521 549.0371 546.7429 544.3405 543.2446 544.8124 547.1951 547.3515 548.7354 550.0199 549.6739 547.8979 546.0018 544.3107 542.9816 541.926 540.922 539.4384 537.7971 536.173 535.0544 534.337 533.9824 533.8879 534.2845 535.4224 536.7232 537.7853 538.3499 538.9332 539.7295
-9999 -9999 -9999 -9999 -9999 -9999 -9999 -9999 -9999 -9999 -9999 -9999 -9999 -9999 -9999 543.3482 542.3553 541.928 542.6725 545.3165 549.267 553.4426 556.5764 557.6237 556.3762 553.1921 549.3573 546.5364 546.2684 547.5609 549.2743 551.1417 552.8861 554.0546 554.1263 552.5002 549.5276 546.335 544.6176 545.384 547.7051 548.3796 548.7749 549.6724 548.5013 546.4382 544.2311 542.0385 540.0092 538.6226 537.8405 536.6376 535.5662 534.8409 534.3548 534.0588 533.9962 533.9363 534.2048 535.374 536.3776 537.2869 538.1094 539.0643 540.1405
-9999 -9999 -9999 -9999 -9999 -9999 -9999 -9999 -9999 -9999 -9999 -9999 -9999 -9999 -9999 -9999 -9999 -9999 -9999 548.1878 552.3016 556.4942 559.1667 559.1047 557.5534 553.8182 549.4061 546.2684 547.2708 549.4289 551.7277 553.7313 555.3703 556.21 556.1104 554.5737 551.3407 547.5053 544.7067 544.5839 546.7056 548.4958 549.1365 548.3909 546.6152 544.4333 542.2769 540.0239 537.8222 537.0959 537.2801 536.5133 535.5382 534.8621 534.4882 534.1901 534.0894 534.4454 535.0482 536.1274 537.1067 538.0568 538.9152 539.9292 -9999
-9999 -9999 -9999 -9999 -9999 -9999 -9999 -9999 -9999 -9999 -9999 -9999 -9999 -9999 -9999 -9999 -9999 -9999 -9999 -9999 -9999 -9999 -9999 -9999 -9999 -9999 -9999 -9999 -9999 -9999 -9999 -9999 -9999 -9999 -9999 554.9949 551.6932 547.5729 544.1401 542.8917 544.2302 545.9427 546.4847 545.5657 543.8095 541.8814 540.1145 538.1175 536.2364 535.7275 535.9512 535.7982 535.5511 535.0656 534.7442 534.4728 534.1898 535.0511 536.2864 537.6516 538.59 539.6503 540.3205 541.1761 -9999
-9999 -9999 -9999 -9999 -9999 -9999 -9999 -9999 -9999 -9999 -9999 -9999 -9999 -9999 -9999 -9999 -9999 -9999 -9999 -9999 -9999 -9999 -9999 -9999 -9999 -9999 -9999 -9999 -9999 -9999 -9999 -9999 -9999 -9999 -9999 554.1791 550.8616 546.6302 542.7432 540.5549 541.0486 542.1129 542.3777 541.572 540.189 538.8417 537.6166 536.2969 535.2969 534.9043 535.0647 534.9858 534.8855 534.996 534.9519 534.9067 534.2868 535.8182 537.739 539.3621 540.4419 541.554 542.1077 -9999 -9999
-9999 -9999 -9999 -9999 -9999 -9999 -9999 -9999 -9999 -9999 -9999 -9999 -9999 -9999 -9999 -9999 -9999 -9999 -9999 -9999 -9999 -9999 -9999 -9999 -9999 -9999 -9999 -9999 -9999 -9999 -9999 -9999 -9999 -9999 -9999 553.0161 549.5955 545.2289 540.9728 538.1392 537.7498 538.0429 537.8376 537.2592 536.6098 536.2443 535.901 535.53 535.1147 534.8627 534.9569 534.5443 534.019 534.8521 534.9005 535.0459 535.019 536.5125 538.6356 540.3071 541.8181 543.0671 543.7545 -9999 -9999
