backend/lakes/data/Cold Lake/cold_dem_tm.asc
ncols         377
nrows         538
xllcorner     806100
yllcorner     6037600
cellsize      50
NODATA_value  -9999
[rows 174 to 202 of 538, columns 0 to 64 of 377]
-9999 -9999 -9999 -9999 -9999 -9999 -9999 -9999 -9999 -9999 -9999 -9999 -9999 -9999 -9999 -9999 -9999 -9999 -9999 -9999 -9999 -9999 -9999 -9999 -9999 -9999 -9999 -9999 -9999 -9999 -9999 -9999 -9999 -9999 -9999 -9999 -9999 -9999 -9999 -9999 -9999 -9999 -9999 -9999 -9999 -9999 -9999 -9999 -9999 539.1453 -9999 539.6753 540.0029 540.2703 540.1761 539.0325 536.2781 534.5558 533.3829 532.4067 531.4446 530.5034 529.6631 528.8877 527.9476
-9999 -9999 -9999 -9999 -9999 -9999 -9999 -9999 -9999 -9999 -9999 -9999 -9999 -9999 -9999 -9999 -9999 -9999 -9999 -9999 -9999 -9999 -9999 -9999 -9999 -9999 -9999 -9999 -9999 -9999 -9999 -9999 -9999 -9999 -9999 -9999 -9999 -9999 -9999 -9999 -9999 -9999 -9999 -9999 -9999 537.7204 538.0407 538.5331 538.8774 539.0763 539.2219 539.4338 539.7461 540.0173 540.0721 538.9564 536.3953 534.7933 533.559 532.4725 531.4075 530.3794 529.4648 528.6188 527.5999
-9999 -9999 -9999 -9999 -9999 -9999 -9999 -9999 -9999 -9999 -9999 -9999 -9999 -9999 -9999 -9999 -9999 -9999 -9999 -9999 -9999 -9999 -9999 -9999 -9999 -9999 -9999 -9999 -9999 -9999 -9999 -9999 -9999 -9999 -9999 -9999 -9999 -9999 -9999 -9999 -9999 -9999 -9999 536.834 537.4467 537.9894 538.3118 538.5953 538.7405 538.7405 538.7133 538.8392 539.2222 539.6624 539.787 538.5324 536.4961 535.0663 533.7785 532.6021 531.4484 530.3156 529.2633 528.24 527.0904
-9999 -9999 -9999 -9999 -9999 -9999 -9999 -9999 -9999 -9999 -9999 -9999 -9999 -9999 -9999 -9999 -9999 -9999 -9999 -9999 -9999 -9999 -9999 -9999 -9999 -9999 -9999 -9999 -9999 -9999 -9999 -9999 -9999 -9999 -9999 -9999 -9999 -9999 -9999 -9999 -9999 -9999 536.0344 536.6964 537.4193 538.0162 538.3132 538.3909 538.3348 538.1112 537.853 537.8358 538.3004 538.8182 538.8369 537.7567 535.9854 534.754 533.6691 532.6261 531.5175 530.3524 529.1885 527.9534 526.594
-9999 -9999 -9999 -9999 -9999 -9999 -9999 -9999 -9999 -9999 -9999 -9999 -9999 -9999 -9999 -9999 -9999 -9999 -9999 -9999 -9999 -9999 -9999 -9999 -9999 -9999 -9999 -9999 -9999 -9999 -9999 -9999 -9999 -9999 -9999 -9999 -9999 -9999 -9999 -9999 -9999 535.7828 536.0065 536.5476 537.2047 537.8248 537.8336 537.629 537.471 537.1702 536.7239 536.5251 537.2313 537.9461 538.0437 536.9762 535.5247 534.417 533.4807 532.5992 531.6233 530.5355 529.4207 528.2554 526.9032
-9999 -9999 -9999 -9999 -9999 -9999 -9999 -9999 -9999 -9999 -9999 -9999 -9999 -9999 -9999 -9999 -9999 -9999 -9999 -9999 -9999 -9999 -9999 -9999 -9999 -9999 -9999 -9999 -9999 -9999 -9999 -9999 -9999 -9999 -9999 -9999 -9999 -9999 -9999 -9999 535.7635 535.8746 535.9997 536.2216 536.4818 536.6179 536.2822 535.7803 535.6595 535.9461 535.6088 535.2852 536.4871 537.4205 537.9153 536.503 535.144 534.1735 533.334 532.5563 531.7328 530.7744 529.7537 528.6617 527.2753
-9999 -9999 -9999 -9999 -9999 -9999 -9999 -9999 -9999 -9999 -9999 -9999 -9999 -9999 -9999 -9999 -9999 -9999 -9999 -9999 -9999 -9999 -9999 -9999 -9999 -9999 -9999 -9999 -9999 -9999 -9999 -9999 -9999 -9999 -9999 -9999 -9999 -9999 -9999 535.7943 535.7954 535.9994 535.9006 535.7858 535.6811 535.5557 535.1842 535.2432 534.8586 534.7812 535.0062 535.6473 536.7289 536.9637 537.7294 536.4594 535.1339 534.1509 533.2767 532.4856 531.7478 530.9283 530.014 529.0095 527.7141
-9999 -9999 -9999 -9999 -9999 -9999 -9999 -9999 -9999 -9999 -9999 -9999 -9999 -9999 -9999 -9999 -9999 -9999 -9999 -9999 -9999 -9999 -9999 -9999 -9999 -9999 -9999 -9999 -9999 -9999 -9999 -9999 -9999 -9999 -9999 -9999 -9999 -9999 536.3356 535.7164 535.8625 535.9983 535.6801 535.345 535.0358 534.9618 534.7435 534.7504 534.4399 534.5145 535.1213 536.2876 537.6587 535.9359 536.7629 536.4452 535.291 534.2089 533.2136 532.3511 531.5879 530.8593 530.0432 529.1263 527.9896
-9999 -9999 -9999 -9999 -9999 -9999 -9999 -9999 -9999 -9999 -9999 -9999 -9999 -9999 -9999 -9999 -9999 -9999 -9999 -9999 -9999 -9999 -9999 -9999 -9999 -9999 -9999 -9999 -9999 -9999 -9999 -9999 -9999 -9999 -9999 -9999 -9999 538.5989 536.5838 535.8824 535.9991 535.8511 535.3704 535.0018 534.6918 534.49 534.3447 534.3225 534.1727 534.2548 534.7394 535.4451 535.9496 535.5093 536.5054 535.4744 535.2745 534.0519 532.9658 532.0693 531.3039 530.5764 529.7937 528.9128 527.9139
-9999 -9999 -9999 -9999 -9999 -9999 -9999 -9999 -9999 -9999 -9999 -9999 -9999 -9999 -9999 -9999 -9999 -9999 -9999 -9999 -9999 -9999 -9999 -9999 -9999 -9999 -9999 -9999 -9999 -9999 -9999 -9999 -9999 -9999 -9999 -9999 -9999 539.2986 537.4722 536.1856 535.9961 535.7473 535.0561 534.7629 534.4879 534.2189 534.0245 533.9674 533.9122 533.9108 534.1647 534.5182 534.8436 536.1846 537.9235 536.0573 534.2682 533.3165 532.4345 531.6462 530.9435 530.278 529.5272 528.5873 527.6143
-9999 -9999 -9999 -9999 -9999 -9999 -9999 -9999 -9999 -9999 -9999 -9999 -9999 -9999 -9999 -9999 -9999 -9999 -9999 -9999 -9999 -9999 -9999 -9999 -9999 -9999 -9999 -9999 -9999 -9999 -9999 -9999 -9999 -9999 -9999 -9999 541.2161 539.7236 537.9745 536.6454 536.0255 535.8334 535.0256 534.6132 534.338 534.087 533.8109 533.6741 533.6082 533.6014 533.7813 534.1144 534.6718 535.9061 536.9244 535.8684 534.2802 533.0439 532.0289 531.2285 530.613 530.0966 529.551 528.8726 528.0162
-9999 -9999 -9999 -9999 -9999 -9999 -9999 -9999 -9999 -9999 -9999 -9999 -9999 -9999 -9999 -9999 -9999 -9999 -9999 -9999 -9999 -9999 -9999 -9999 -9999 -9999 -9999 -9999 -9999 -9999 -9999 -9999 -9999 -9999 -9999 -9999 541.7141 539.9879 538.1902 536.8707 535.9075 535.1555 534.6984 534.4063 534.1716 533.9334 533.6516 533.4331 533.3353 533.3517 533.4594 533.6915 534.2298 535.1589 535.8357 535.3641 534.1974 532.924 531.7669 530.8939 530.3379 529.9845 529.6575 529.1833 528.348
-9999 -9999 -9999 -9999 -9999 -9999 -9999 -9999 -9999 -9999 -9999 -9999 -9999 -9999 -9999 -9999 -9999 -9999 -9999 -9999 -9999 -9999 -9999 -9999 -9999 -9999 -9999 -9999 -9999 -9999 -9999 -9999 -9999 -9999 544.5867 543.6809 542.0627 540.1476 538.3382 536.9958 535.6678 534.8796 534.4685 534.2291 534.0127 533.7917 533.5203 533.2466 533.0745 533.0236 533.0315 533.1595 533.5464 534.2238 534.8082 534.7432 533.9799 532.8129 531.6061 530.6635 530.1202 529.8811 529.7209 529.3766 528.5295
-9999 -9999 -9999 -9999 -9999 -9999 -9999 -9999 -9999 -9999 -9999 -9999 -9999 -9999 -9999 -9999 -9999 -9999 -9999 -9999 -9999 -9999 -9999 -9999 -9999 -9999 -9999 -9999 -9999 -9999 -9999 548.1133 546.4883 545.6466 544.8434 543.8558 542.1213 540.173 538.4574 537.1382 535.5796 534.6706 534.2607 534.058 533.886 533.658 533.3947 533.1013 532.8556 532.7272 532.674 532.6759 532.8643 533.3075 533.8403 534.0404 533.6299 532.6738 531.5093 530.5346 529.9734 529.7819 529.7183 529.4622 528.6448
-9999 -9999 -9999 -9999 -9999 -9999 -9999 -9999 -9999 -9999 -9999 -9999 -9999 -9999 -9999 -9999 -9999 -9999 -9999 -9999 -9999 -9999 -9999 -9999 -9999 -9999 -9999 -9999 -9999 -9999 550.1607 548.2678 546.8712 545.6095 544.4398 543.3366 541.5841 539.6281 537.8116 536.2639 535.0505 534.3165 533.9506 533.8309 533.7325 533.5535 533.2894 532.9883 532.6986 532.4836 532.3837 532.3287 532.3477 532.5612 532.9919 533.3174 533.175 532.4704 531.4417 530.4835 529.8904 529.6899 529.6581 529.4482 528.6669
-9999 -9999 -9999 -9999 -9999 -9999 -9999 -9999 -9999 -9999 -9999 -9999 -9999 -9999 -9999 -9999 -9999 -9999 -9999 -9999 -9999 -9999 -9999 -9999 -9999 -9999 -9999 -9999 -9999 552.2172 550.0774 547.8207 545.7962 544.0472 542.7311 541.5551 539.9286 538.1603 536.5437 535.2314 534.4272 533.9371 533.6699 533.5599 533.5257 533.4312 533.2104 532.9135 532.597 532.3301 532.1488 532.0524 531.9929 532.0328 532.339 532.6532 532.6578 532.1774 531.3369 530.4611 529.8539 529.6071 529.5479 529.3356 528.5686
-9999 -9999 -9999 -9999 -9999 -9999 -9999 -9999 -9999 -9999 -9999 -9999 -9999 -9999 -9999 -9999 -9999 -9999 -9999 -9999 -9999 -9999 -9999 -9999 -9999 -9999 -9999 -9999 554.0256 552.0865 549.5013 546.5534 543.7698 541.5535 540.1407 539.1137 537.7737 536.4445 535.2209 534.3899 533.8972 533.605 533.436 533.3531 533.3167 533.2551 533.1257 532.8561 532.5525 532.2494 532.0029 531.8496 531.7676 531.767 531.8969 532.1039 532.137 531.8033 531.1479 530.3944 529.8118 529.5173 529.3917 529.1306 528.3469
-9999 -9999 -9999 -9999 -9999 -9999 -9999 -9999 -9999 -9999 -9999 -9999 -9999 -9999 -9999 -9999 -9999 -9999 -9999 -9999 -9999 -9999 -9999 -9999 -9999 -9999 554.319 554.3679 553.402 551.2191 548.1345 544.5865 541.3164 539.0104 537.6229 536.7269 535.7068 534.9744 534.2578 533.7526 533.4772 533.3397 533.2458 533.1825 533.1333 533.0903 532.9744 532.8035 532.5054 532.2035 531.928 531.7118 531.5812 531.5168 531.5277 531.6447 531.6601 531.3921 530.8765 530.2484 529.7157 529.3921 529.1859 528.8392 528.0112
-9999 -9999 -9999 -9999 -9999 -9999 -9999 -9999 -9999 -9999 -9999 -9999 -9999 -9999 -9999 -9999 -9999 -9999 -9999 -9999 -9999 -9999 -9999 -9999 -9999 551.6478 552.6047 552.6047 551.4655 549.1674 545.9391 542.2632 539.1118 537.723 536.4808 535.5533 534.7411 534.1552 533.6688 533.3284 533.1615 533.113 533.0847 533.0313 532.9777 532.9054 532.8284 532.67 532.4553 532.1553 531.8594 531.61 531.4246 531.2921 531.2078 531.246 531.2379 531.0016 530.5768 530.0482 529.566 529.2244 528.9443 528.4926 527.543
-9999 -9999 -9999 -9999 -9999 -9999 -9999 -9999 -9999 -9999 -9999 -9999 -9999 -9999 -9999 -9999 -9999 -9999 -9999 -9999 -9999 -9999 -9999 -9999 547.0018 549.2419 550.0684 549.704 548.4106 546.1483 543.1823 539.9429 537.2853 536.5696 535.7299 534.9574 534.2843 533.7742 533.3771 533.0927 532.9432 532.9115 532.9146 532.8815 532.819 532.7483 532.6431 532.5253 532.3359 532.0879 531.7963 531.5164 531.2893 531.1214 530.9808 530.9161 530.8684 530.676 530.3136 529.8531 529.4034 529.0433 528.7147 528.2379 527.3215
-9999 -9999 -9999 -9999 -9999 -9999 -9999 -9999 -9999 -9999 -9999 -9999 -9999 -9999 -9999 -9999 -9999 -9999 -9999 -9999 -9999 -9999 -9999 542.4223 544.6411 546.4662 547.0796 546.3226 544.7399 542.5428 540.1362 537.7344 536.0568 535.5568 535.0583 534.5323 534.011 533.5794 533.2423 532.9803 532.8055 532.7372 532.731 532.7103 532.6449 532.5718 532.4791 532.3455 532.1843 531.9653 531.7063 531.4307 531.1707 530.9567 530.7955 530.6699 530.5796 530.4229 530.1115 529.704 529.2671 528.8643 528.4683 527.9816 527.1859
-9999 -9999 -9999 -9999 -9999 -9999 -9999 -9999 -9999 -9999 -9999 -9999 -9999 -9999 -9999 -9999 -9999 -9999 -9999 -9999 -9999 -9999 -9999 541.5119 542.8019 543.8076 543.9174 542.7682 540.9077 538.8219 537.1024 535.7814 534.8381 534.5275 534.3397 534.082 533.7389 533.4052 533.1326 532.9088 532.7231 532.5988 532.5491 532.519 532.4568 532.3685 532.2838 532.1742 532.012 531.8109 531.5713 531.3146 531.0552 530.8077 530.6068 530.4521 530.3125 530.1364 529.9063 529.5757 529.1642 528.7118 528.2012 527.6285 526.994
-9999 -9999 -9999 -9999 -9999 -9999 -9999 -9999 -9999 -9999 -9999 -9999 -9999 -9999 -9999 -9999 -9999 -9999 -9999 -9999 -9999 538.9951 539.9167 541.0513 541.8373 541.5624 540.9956 539.5063 538.0182 536.5784 535.4801 534.6996 534.08 533.8212 533.7354 533.6303 533.4386 533.1967 532.9858 532.8117 532.65 532.4995 532.3936 532.3301 532.2536 532.1622 532.0662 531.9702 531.8334 531.6444 531.4199 531.175 530.921 530.6648 530.4236 530.2365 530.0789 529.9016 529.6996 529.4321 529.0768 528.6326 528.09 527.4227 526.5969
-9999 -9999 -9999 -9999 -9999 -9999 -9999 -9999 -9999 -9999 -9999 -9999 -9999 -9999 -9999 -9999 -9999 -9999 -9999 -9999 538.6165 538.6967 539.3413 540.3672 541.1763 539.5374 538.7894 537.0774 536.0741 535.2168 534.6052 534.1945 533.8713 533.6033 533.4568 533.3469 533.2079 533.0231 532.8348 532.6871 532.5577 532.4167 532.2764 532.1659 532.0535 531.9545 531.8545 531.7479 531.6273 531.4614 531.2579 531.0272 530.78 530.5217 530.2615 530.0315 529.8497 529.6722 529.4746 529.2438 528.9534 528.5669 528.0576 527.3813 526.3915
-9999 -9999 -9999 -9999 -9999 -9999 -9999 -9999 -9999 -9999 -9999 -9999 -9999 -9999 -9999 -9999 -9999 -9999 -9999 -9999 538.0292 537.9709 538.4069 539.5673 540.0374 538.8976 537.0004 535.7725 535.0892 534.5802 534.2213 534.0215 533.8626 533.7051 533.5299 533.3452 533.1619 532.9716 532.7666 532.5889 532.454 532.3275 532.1827 532.0349 531.8667 531.7645 531.6633 531.549 531.4155 531.264 531.0779 530.8676 530.6337 530.3778 530.1113 529.8547 529.6406 529.4512 529.2498 529.0303 528.7731 528.4507 528.006 527.375 526.3087
-9999 -9999 -9999 -9999 -9999 -9999 -9999 -9999 -9999 -9999 -9999 -9999 -9999 -9999 -9999 -9999 -9999 -9999 -9999 537.7859 537.11 537.0137 537.3495 538.1327 538.47 537.0412 535.8611 535.0455 534.6373 534.3735 534.1678 534.0233 533.9153 533.7948 533.6371 533.4396 533.217 533.005 532.7809 532.554 532.3666 532.2186 532.0713 531.9087 531.7386 531.6075 531.4937 531.3682 531.2222 531.0588 530.8906 530.6957 530.4781 530.2332 529.9673 529.7014 529.4569 529.2522 529.0416 528.8159 528.5695 528.2714 527.8852 527.3616 526.2637
-9999 -9999 -9999 -9999 -9999 -9999 -9999 -9999 -9999 -9999 -9999 -9999 -9999 -9999 -9999 -9999 -9999 -9999 -9999 536.4203 536.0149 535.98 536.1326 536.5798 536.6673 535.9583 535.2316 534.7014 534.4095 534.3235 534.2347 534.119 533.9865 533.8398 533.6649 533.4473 533.2083 532.9777 532.7571 532.5157 532.2825 532.0894 531.9259 531.7646 531.5991 531.4512 531.3205 531.1904 531.0375 530.8671 530.6943 530.52 530.3156 530.0842 529.8264 529.5611 529.3043 529.0726 528.8528 528.6124 528.3549 528.067 527.7271 527.2899 526.17
-9999 -9999 -9999 -9999 -9999 -9999 -9999 -9999 -9999 -9999 -9999 -9999 -9999 -9999 -9999 -9999 -9999 -9999 536.1205 535.4816 535.2467 535.2546 535.3556 535.5338 535.5741 535.2675 534.8726 534.5348 534.3329 534.2375 534.2268 534.1669 534.0337 533.8501 533.6406 533.3979 533.1399 532.8969 532.6716 532.4424 532.1954 531.9634 531.7694 531.6021 531.4431 531.2842 531.1324 531.0063 530.8602 530.6836 530.5065 530.3343 530.1512 529.9279 529.6804 529.4222 529.1723 528.9209 528.6809 528.4175 528.1332 527.8119 527.4133 526.955 525.9333
-9999 -9999 -9999 -9999 -9999 -9999 -9999 -9999 -9999 -9999 -9999 -9999 -9999 -9999 -9999 -9999 -9999 -9999 535.1555 534.866 534.813 534.8987 535.0013 535.0574 535.0283 534.8597 534.649 534.4479 534.282 534.1796 534.1088 534.0492 533.9446 533.7762 533.5568 533.308 533.0424 532.7954 532.5601 532.3366 532.0996 531.858 531.634 531.4482 531.2885 531.1334 530.9808 530.8412 530.693 530.514 530.3256 530.1485 529.9709 529.7668 529.5248 529.2743 529.0306 528.7937 528.5299 528.2462 527.9454 527.6389 527.3561 526.7529 525.7181
