backend/lakes/data/Floatingstone Lake/floa_dem_tm.asc
ncols         114
nrows         121
xllcorner     716300
yllcorner     6008350
cellsize      50
NODATA_value  -9999
[rows 31 to 61 of 121, columns 0 to 70 of 114]
-9999 -9999 -9999 -9999 -9999 -9999 -9999 -9999 -9999 -9999 -9999 -9999 -9999 -9999 -9999 -9999 605.199 605.7844 606.4067 607.123 607.836 608.3794 608.704 608.7496 608.9023 609.0034 608.963 608.9203 609.2218 609.4249 610.3052 611.7789 613.4055 -9999 614.3519 612.7688 610.5347 608.6506 607.8887 609.1863 611.3375 613.5185 -9999 -9999 -9999 613.8905 612.4968 611.1817 610.041 609.0421 608.293 607.8629 607.4124 606.8661 605.8868 604.3755 602.32 600.0525 597.7531 595.5177 593.4802 591.8338 590.7731 590.5417 590.69 591.5529 592.692 593.3806 593.4619 593.4244 593.3817
-9999 -9999 -9999 -9999 -9999 -9999 -9999 -9999 -9999 -9999 -9999 -9999 -9999 -9999 -9999 604.5164 604.5117 604.907 605.37 605.9154 606.5195 606.9877 607.3514 607.7824 608.3168 608.7993 608.7351 608.4443 608.8941 608.8148 609.1912 610.5738 612.4339 614.0141 614.4204 613.3674 611.3344 609.6134 609.1026 610.3743 612.6592 615.1614 617.0859 -9999 617.2909 615.8693 614.0194 612.1292 610.3425 608.5835 606.898 605.5951 604.5914 603.7797 602.8045 601.4539 599.6432 597.58 595.4211 593.3353 591.5079 590.1466 589.3904 589.5394 590.0798 590.9608 592.2169 593.1739 593.2983 593.2424 593.1732
-9999 -9999 -9999 -9999 -9999 -9999 -9999 -9999 -9999 -9999 -9999 -9999 -9999 -9999 -9999 603.9004 603.8078 603.9382 604.105 604.3684 604.7263 605.0613 605.4427 606.1302 607.0445 607.8348 608.1472 607.9022 608.369 607.9639 607.9355 609.0883 610.9045 612.658 613.4869 612.7593 611.0012 609.5005 609.3112 610.6461 613.0256 615.7222 617.9049 618.8208 618.6168 617.1444 614.9239 612.3611 609.696 607.132 604.8923 603.3547 602.1984 601.2847 600.2191 598.8644 597.1428 595.183 593.1455 591.2357 589.641 588.703 588.4945 588.96 589.8232 590.6869 591.7867 592.5438 592.8199 592.8793 592.8634
-9999 -9999 -9999 -9999 -9999 -9999 -9999 -9999 -9999 -9999 -9999 -9999 -9999 -9999 -9999 603.2165 603.0182 603.108 603.1017 603.0378 603.293 603.6082 603.8748 604.3229 605.3235 606.3118 606.7372 607.2794 607.2142 606.5924 606.4273 607.275 608.7794 610.2991 611.0552 610.4307 608.9418 607.8202 608.0864 609.6548 612.1086 614.8144 617.0474 618.2306 618.2455 616.9105 614.4637 611.3614 608.0831 605.0524 602.706 601.0489 600.0179 599.2226 598.1362 596.7016 594.9374 592.9681 591.0276 589.3195 588.0394 587.5492 587.9183 588.8766 590.0095 590.7485 591.468 591.9783 592.301 592.4834 592.5587
-9999 -9999 -9999 -9999 -9999 -9999 -9999 -9999 -9999 -9999 -9999 -9999 -9999 -9999 -9999 603.4156 602.9902 602.9842 602.8502 602.5137 602.5212 602.7731 602.8617 603.2005 603.8724 604.538 604.9839 605.374 605.1435 604.5677 604.4371 605.0479 606.1531 607.2264 607.6125 606.9556 605.705 604.9443 605.6072 607.4507 609.9803 612.6338 614.8354 616.1004 616.253 615.0718 612.5828 609.278 605.8102 602.814 600.4812 598.9528 598.1316 597.4795 596.4268 594.9614 593.144 591.1522 589.3127 587.9352 587.2484 587.2349 587.8919 589.1176 590.2362 590.8607 591.3285 591.6818 591.9503 592.2186 592.3819
-9999 -9999 -9999 -9999 -9999 -9999 -9999 -9999 -9999 -9999 -9999 -9999 -9999 -9999 -9999 604.3873 603.7 603.4792 603.5358 603.0609 602.2976 602.4604 602.1266 602.339 602.5961 602.7257 602.7842 602.7432 602.4905 602.1758 602.1623 602.6282 603.3644 603.9294 603.8682 603.0806 602.0387 601.6754 602.5916 604.5603 607.0797 609.6179 611.7136 612.973 613.2056 612.1511 609.7795 606.5825 603.2742 600.4706 598.359 597.0301 596.3642 595.8036 594.8474 593.4825 591.763 589.8476 588.1998 587.3169 587.1278 587.5724 588.6529 589.8312 590.579 591.0232 591.3336 591.6086 591.9152 592.2114 592.4385
-9999 -9999 -9999 -9999 -9999 -9999 -9999 -9999 -9999 -9999 -9999 -9999 -9999 -9999 -9999 -9999 605.4456 605.1003 605.0775 604.4856 603.2548 602.1544 601.3911 601.6419 601.5855 601.2213 600.9771 600.752 600.5161 600.3468 600.3378 600.5907 600.9777 601.063 600.5599 599.6543 598.8012 598.7124 599.7209 601.5803 603.8725 606.1549 608.0484 609.2523 609.5179 608.5895 606.4362 603.5175 600.5726 598.0701 596.1928 595.0568 594.4459 593.8918 593.0844 591.921 590.3425 588.7454 587.5496 587.1074 587.3558 588.2109 589.3949 590.2731 590.829 591.1812 591.4318 591.6733 591.9882 592.4323 592.7775
-9999 -9999 -9999 -9999 -9999 -9999 -9999 -9999 -9999 -9999 -9999 -9999 -9999 -9999 -9999 -9999 608.1147 607.6443 607.4548 606.6969 605.1334 603.3159 601.7156 600.7551 600.5504 600.4234 600.2828 600.1271 599.9548 599.7644 599.5536 599.5275 599.5295 599.2423 598.3912 597.4438 596.6512 596.5304 597.3243 598.8868 600.7412 602.573 604.1722 605.2744 605.5484 604.7439 602.8906 600.362 597.7804 595.5629 593.8766 592.8392 592.1858 591.6152 590.9128 589.8511 588.5421 587.4578 586.9207 586.917 587.4574 588.5405 589.7338 590.4318 590.9413 591.3551 591.682 592.0197 592.4983 593.0077 593.4519
-9999 -9999 -9999 -9999 -9999 -9999 -9999 -9999 -9999 -9999 -9999 -9999 -9999 -9999 -9999 -9999 -9999 610.5118 610.2992 609.5063 607.8481 605.7841 603.8455 602.519 602.0073 601.8738 601.871 601.928 601.9452 601.1565 600.3438 599.7162 599.2589 598.6656 597.7037 596.4772 595.4606 595.0808 595.4984 596.6298 597.9617 599.2933 600.5236 601.4168 601.6249 600.9204 599.3361 597.225 594.9885 593.0109 591.4532 590.3899 589.6553 589.015 588.284 587.3918 586.5112 586.0107 586.1729 586.5618 587.2374 588.1127 589.1065 590.076 590.8679 591.6089 592.1935 592.7624 593.3092 593.8173 594.3425
-9999 -9999 -9999 -9999 -9999 -9999 -9999 -9999 -9999 -9999 -9999 -9999 -9999 -9999 -9999 -9999 -9999 -9999 613.1547 612.562 611.0868 609.1069 607.118 605.564 604.6954 604.3681 604.305 604.31 604.1448 603.3057 602.1618 601.1149 600.2073 599.3176 598.075 596.5856 595.2707 594.5905 594.5369 594.9993 595.6713 596.4661 597.3537 597.9919 598.0756 597.4365 596.0786 594.3271 592.4271 590.6769 589.215 588.108 587.2924 586.5523 585.8521 585.2009 584.762 584.7402 585.476 586.0874 586.7207 587.4291 588.3189 589.4373 590.7775 592.0866 593.1242 593.7476 594.2456 594.7407 594.9518
-9999 -9999 -9999 -9999 -9999 -9999 -9999 -9999 -9999 -9999 -9999 -9999 -9999 -9999 -9999 -9999 -9999 -9999 -9999 -9999 614.4515 612.7975 610.928 609.213 607.9857 607.3448 607.1158 607.0715 606.8835 606.1066 604.8581 603.5159 602.3368 601.1335 599.6527 597.8953 596.2871 595.1207 594.4839 594.2534 594.1478 594.2889 594.7355 595.052 594.9801 594.3819 593.2867 591.8813 590.3026 588.7966 587.4954 586.4568 585.5604 584.8323 584.4042 584.071 583.9161 584.147 584.8858 585.6685 586.3213 586.9603 587.8152 589.2927 591.1088 592.7813 594.0212 594.698 594.8518 594.9789 594.98
-9999 -9999 -9999 -9999 -9999 -9999 -9999 -9999 -9999 -9999 -9999 -9999 -9999 -9999 -9999 -9999 -9999 -9999 -9999 -9999 -9999 -9999 614.8467 613.0897 611.5656 610.5759 610.1484 610.0859 609.9886 609.3771 608.1866 606.7724 605.3724 603.947 602.2606 600.3085 598.3454 596.6876 595.4337 594.5876 593.6981 593.2357 592.9945 592.8419 592.5695 592.0225 591.2357 590.0721 588.7037 587.4375 586.3729 585.5049 584.6138 584.1831 583.9701 583.8052 583.6801 583.8671 584.4954 585.5306 586.2598 586.9329 587.8838 589.5945 591.5712 593.2167 594.5836 594.9851 594.9801 594.9826 595.0034
-9999 -9999 -9999 -9999 -9999 -9999 -9999 -9999 -9999 -9999 -9999 -9999 -9999 -9999 -9999 -9999 -9999 -9999 -9999 -9999 -9999 -9999 -9999 616.9602 615.2824 614.0372 613.4476 613.3842 613.3917 612.9278 611.8605 610.4848 609.0297 607.494 605.7043 603.6227 601.3839 599.2163 597.407 595.9775 594.6034 593.3888 592.3409 591.8209 591.3436 590.8138 590.2295 589.0695 587.7597 586.7078 585.8384 585.187 584.6903 584.4761 584.4274 584.2961 583.983 583.9987 584.5237 585.6179 586.575 587.3468 588.4232 590.1309 591.9454 593.5229 594.7816 594.9819 594.9824 595.2491 595.6113
-9999 -9999 -9999 -9999 -9999 -9999 -9999 -9999 -9999 -9999 -9999 -9999 -9999 -9999 -9999 -9999 -9999 -9999 -9999 -9999 -9999 -9999 -9999 -9999 -9999 617.6543 616.9998 616.9536 617.0445 616.6563 615.6426 614.3015 612.8599 611.3323 609.595 607.5469 605.1697 602.5999 600.2436 598.2299 596.4113 594.7276 593.3045 592.3674 591.9008 591.4481 590.5406 589.2216 587.8301 586.7355 585.8906 585.4219 585.3094 585.501 585.541 585.3162 584.719 584.5922 585.0708 586.0571 587.2724 588.139 589.4757 591.0157 592.3993 593.6792 594.8292 594.9804 595.0179 595.6558 596.3671
-9999 -9999 -9999 -9999 -9999 -9999 -9999 -9999 -9999 -9999 -9999 -9999 -9999 -9999 -9999 -9999 -9999 -9999 -9999 -9999 -9999 -9999 -9999 -9999 -9999 -9999 -9999 620.7389 620.8711 620.4738 619.412 618.0046 616.5174 615.0015 613.3718 611.4668 609.1332 606.4216 603.6484 601.0992 598.7958 596.7562 595.0771 593.9467 593.3671 592.8353 591.7732 590.3185 588.7593 587.3823 586.3881 585.8696 585.8233 585.9896 586.105 586.0454 585.8176 585.7776 586.0048 586.7949 587.8903 589.1455 590.5552 591.7288 592.7534 593.7364 594.8212 594.9813 595.1067 596.0739 596.9589
-9999 -9999 -9999 -9999 -9999 -9999 -9999 -9999 -9999 -9999 -9999 -9999 -9999 -9999 -9999 -9999 -9999 -9999 -9999 -9999 -9999 -9999 -9999 -9999 -9999 -9999 -9999 -9999 -9999 624.3292 623.1046 621.4911 619.827 618.218 616.647 614.9247 612.7844 610.1772 607.2774 604.3312 601.5001 599.0498 597.1443 595.8547 595.0464 594.3337 593.1642 591.5888 589.8452 588.195 587.0078 586.3713 586.1934 586.2813 586.4625 586.6306 586.7799 586.9627 587.0889 587.7981 588.926 590.3023 591.5346 592.3823 593.0884 593.8049 594.7833 594.9805 595.1091 596.1133 597.1473
-9999 -9999 -9999 -9999 -9999 -9999 -9999 -9999 -9999 -9999 -9999 -9999 -9999 -9999 -9999 -9999 -9999 -9999 -9999 -9999 -9999 -9999 -9999 -9999 -9999 -9999 -9999 -9999 -9999 -9999 -9999 624.7437 622.7806 620.947 619.3119 617.7095 615.8187 613.4612 610.6531 607.5236 604.2523 601.2618 599.0385 597.5628 596.4462 595.4011 594.1208 592.4423 590.5917 588.86 587.5719 586.8439 586.5201 586.4828 586.6561 586.9567 587.3099 587.497 587.7999 588.7804 590.1663 591.43 592.3442 592.9785 593.5007 594.053 594.6625 594.9617 595.0392 595.8654 596.8994
-9999 -9999 -9999 -9999 -9999 -9999 -9999 -9999 -9999 -9999 -9999 -9999 -9999 -9999 -9999 -9999 -9999 -9999 -9999 -9999 -9999 -9999 -9999 -9999 -9999 -9999 -9999 -9999 -9999 -9999 -9999 -9999 -9999 623.3542 621.5015 619.861 618.1531 616.0706 613.4399 610.2489 606.6558 603.11 600.4193 598.6651 597.2374 595.8356 594.2981 592.588 590.9034 589.3843 588.2185 587.3982 586.9075 586.7015 586.7571 587.0044 587.3463 587.6594 588.3783 589.6137 591.0681 592.1337 592.9647 593.5601 594.0471 594.4159 594.7024 594.8767 595.085 595.8449 596.7337
-9999 -9999 -9999 -9999 -9999 -9999 -9999 -9999 -9999 -9999 -9999 -9999 -9999 -9999 -9999 -9999 -9999 -9999 -9999 -9999 -9999 -9999 -9999 -9999 -9999 -9999 -9999 -9999 -9999 -9999 -9999 -9999 -9999 -9999 -9999 621.6865 619.9731 618.0335 615.5339 612.2932 608.3946 604.3336 601.14 598.8957 597.1172 595.5587 594.1947 592.7675 591.4049 590.1769 589.0662 588.1666 587.4932 587.0706 586.9613 587.0483 587.1974 587.3711 587.9022 589.2769 590.9774 592.2924 593.402 594.2534 594.8293 595.1204 595.2122 595.3006 595.65 596.2747 596.8748
-9999 -9999 -9999 -9999 -9999 -9999 -9999 -9999 -9999 -9999 -9999 -9999 -9999 -9999 -9999 -9999 -9999 -9999 -9999 -9999 -9999 -9999 -9999 -9999 -9999 -9999 -9999 -9999 -9999 -9999 -9999 -9999 -9999 -9999 -9999 -9999 621.6502 619.6489 617.098 613.7122 609.5252 605.0357 601.3316 598.6612 596.7436 595.3048 594.1463 593.0043 591.9488 591.0098 590.1052 589.1898 588.4667 587.7895 587.5504 587.5005 587.4449 587.3602 587.5643 588.5844 590.3715 592.1088 593.6755 594.9979 595.8776 596.3986 596.5395 596.5486 596.6158 596.8032 597.1152
-9999 -9999 -9999 -9999 -9999 -9999 -9999 -9999 -9999 -9999 -9999 -9999 -9999 -9999 -9999 -9999 -9999 -9999 -9999 -9999 -9999 -9999 -9999 -9999 -9999 -9999 -9999 -9999 -9999 -9999 -9999 -9999 -9999 -9999 -9999 -9999 623.4958 621.2458 618.4958 614.8928 610.4346 605.6061 601.5065 598.5267 596.5112 595.1401 594.1637 593.2427 592.4462 591.7859 591.0873 590.371 589.634 589.075 588.8636 588.7443 588.497 587.9736 587.7344 588.5807 590.1326 592.0145 593.9596 595.7274 596.965 597.7814 598.0845 598.0626 597.8834 597.5968 597.6531
-9999 -9999 -9999 -9999 -9999 -9999 -9999 -9999 -9999 -9999 -9999 -9999 -9999 -9999 -9999 -9999 -9999 -9999 -9999 -9999 -9999 -9999 -9999 -9999 -9999 -9999 -9999 -9999 -9999 -9999 -9999 -9999 -9999 -9999 -9999 -9999 625.6479 623.0898 620.0571 616.198 611.479 606.3607 601.9183 598.6398 596.4863 595.1239 594.2659 593.4334 592.7756 592.3039 591.8986 591.4778 590.831 590.5009 590.3594 590.1765 589.8253 589.1656 588.8551 589.243 590.4096 592.0318 593.9567 595.8941 597.532 598.6887 599.3095 599.3738 599.1068 598.5502 598.532
-9999 -9999 -9999 -9999 -9999 -9999 -9999 -9999 -9999 -9999 -9999 -9999 -9999 -9999 -9999 -9999 -9999 -9999 -9999 -9999 -9999 -9999 -9999 -9999 -9999 -9999 -9999 -9999 -9999 -9999 -9999 -9999 -9999 -9999 -9999 -9999 628.066 625.2426 621.9347 617.8297 612.8705 607.4826 602.6974 599.0984 596.7482 595.373 594.5342 593.5536 592.9615 592.6194 592.4005 592.1713 591.8682 591.7235 591.5855 591.2974 590.9756 590.5117 590.2106 590.3063 590.9312 592.0398 593.6036 595.3875 597.2344 598.7915 599.6257 599.9623 599.9766 599.8073 600.0031
-9999 -9999 -9999 -9999 -9999 -9999 -9999 -9999 -9999 -9999 -9999 -9999 -9999 -9999 -9999 -9999 -9999 -9999 -9999 -9999 -9999 -9999 -9999 -9999 -9999 -9999 -9999 -9999 -9999 -9999 -9999 -9999 -9999 -9999 -9999 -9999 630.5964 627.5584 624.0206 619.7125 614.5735 608.9885 603.8703 599.9386 597.3267 595.7727 594.7245 593.6835 593.1248 592.8656 592.7793 592.6605 592.4388 592.2854 592.069 591.9537 591.8622 591.6387 591.2828 591.1967 591.4392 592.0604 593.1816 594.6177 596.3734 598.0229 599.2676 600.0646 600.6402 601.0758 601.626
-9999 -9999 -9999 -9999 -9999 -9999 -9999 -9999 -9999 -9999 -9999 -9999 -9999 -9999 -9999 -9999 -9999 -9999 -9999 -9999 -9999 -9999 -9999 -9999 -9999 -9999 -9999 -9999 -9999 -9999 -9999 -9999 -9999 -9999 -9999 -9999 633.062 629.8051 626.0571 621.591 616.3538 610.6794 605.3345 601.1511 598.3033 596.4965 595.2002 594.1426 593.4422 593.1797 593.2083 593.1569 592.9436 592.729 592.5098 592.3875 592.3092 592.1653 591.9493 591.8837 591.9265 592.2217 592.8859 593.9052 595.415 597.0474 598.5308 599.8139 600.9846 602.031 603.0184
-9999 -9999 -9999 -9999 -9999 -9999 -9999 -9999 -9999 -9999 -9999 -9999 -9999 -9999 -9999 -9999 -9999 -9999 -9999 -9999 -9999 -9999 -9999 -9999 -9999 -9999 -9999 -9999 -9999 -9999 -9999 -9999 -9999 -9999 -9999 -9999 -9999 631.7978 627.8384 623.2412 617.9695 612.2922 606.8692 602.5317 599.5098 597.5548 596.147 594.9158 593.9161 593.5934 593.7792 593.685 593.3632 593.0541 592.7939 592.6403 592.5625 592.4913 592.4049 592.3729 592.3666 592.4657 592.8087 593.5374 594.8162 596.4128 598.0116 599.4988 600.8834 602.2476 603.9698
-9999 -9999 -9999 -9999 -9999 -9999 -9999 -9999 -9999 -9999 -9999 -9999 -9999 -9999 -9999 -9999 -9999 -9999 -9999 -9999 -9999 -9999 -9999 -9999 -9999 -9999 -9999 -9999 -9999 -9999 -9999 -9999 -9999 -9999 -9999 -9999 -9999 633.3244 629.2026 624.5295 619.3099 613.7607 608.418 604.0002 600.7716 598.6889 597.3075 596.0875 594.9412 594.2382 594.499 594.1104 593.6464 593.2318 592.949 592.7898 592.7397 592.7582 592.7949 592.8705 592.8857 592.8425 592.907 593.3339 594.3026 595.8306 597.4141 598.8911 600.2537 601.7484 603.7491
-9999 -9999 -9999 -9999 -9999 -9999 -9999 -9999 -9999 -9999 -9999 -9999 -9999 -9999 -9999 -9999 -9999 -9999 -9999 -9999 -9999 -9999 -9999 -9999 -9999 -9999 -9999 -9999 -9999 -9999 -9999 -9999 -9999 -9999 -9999 -9999 -9999 634.1631 629.9991 625.3572 620.2968 615.0071 609.88 605.4145 602.0663 599.85 598.4801 597.4681 596.376 595.4033 594.7892 594.4482 593.9248 593.4104 593.1041 592.9343 592.9279 593.0539 593.2109 593.4861 593.5984 593.4198 593.1993 593.3049 593.8966 595.1522 596.5305 597.8463 599.1851 600.7031 602.5977
-9999 -9999 -9999 -9999 -9999 -9999 -9999 -9999 -9999 -9999 -9999 -9999 -9999 -9999 -9999 -9999 -9999 -9999 -9999 -9999 -9999 -9999 -9999 -9999 -9999 -9999 -9999 -9999 -9999 -9999 -9999 -9999 -9999 -9999 -9999 -9999 -9999 -9999 630.1827 625.7109 620.9323 616.0143 611.2145 606.8799 603.412 601.0944 599.7378 598.9686 598.1271 597.2726 596.4473 595.6038 594.6868 593.859 593.4415 593.1672 593.1742 593.4207 593.6716 594.2652 594.5939 594.2178 593.789 593.7377 594.1991 595.0112 595.9554 596.8542 597.9324 599.3241 600.8943
-9999 -9999 -9999 -9999 -9999 -9999 -9999 -9999 -9999 -9999 -9999 -9999 -9999 -9999 -9999 -9999 -9999 -9999 -9999 -9999 -9999 -9999 -9999 -9999 -9999 -9999 -9999 -9999 -9999 -9999 -9999 -9999 -9999 -9999 -9999 -9999 -9999 -9999 629.9102 625.7056 621.2966 616.8451 612.5145 608.4933 605.0283 602.507 601.0552 600.3535 599.7039 599.1376 598.4843 597.4453 596.1616 594.9357 594.1277 593.5662 593.4968 593.8071 594.2544 594.8599 595.0015 594.8714 594.7886 594.7615 594.9219 595.3718 595.9988 596.5917 597.1413 598.2048 599.3248
-9999 -9999 -9999 -9999 -9999 -9999 -9999 -9999 -9999 -9999 -9999 -9999 -9999 -9999 -9999 -9999 -9999 -9999 -9999 -9999 -9999 -9999 -9999 -9999 -9999 -9999 -9999 -9999 -9999 -9999 -9999 -9999 -9999 -9999 -9999 -9999 -9999 -9999 -9999 625.5674 621.5792 617.6436 613.8589 610.2932 607.0347 604.3235 602.4924 601.5347 601.0464 600.7252 600.1801 599.0662 597.4968 595.9169 594.9199 594.2306 594.0362 594.2109 594.5449 594.8956 594.9814 595.0286 595.0357 595.0989 595.3571 595.8729 596.5719 597.2633 597.8033 598.0889 598.3366
