backend/lakes/data/Dakin Lake/daki_dem_tm.asc
ncols         107
nrows         79
xllcorner     653700
yllcorner     6068200
cellsize      50
NODATA_value  -9999
[rows 31 to 61 of 79, columns 0 to 69 of 107]
-9999 -9999 -9999 -9999 -9999 -9999 -9999 -9999 -9999 -9999 -9999 -9999 -9999 -9999 -9999 -9999 -9999 -9999 -9999 -9999 -9999 602.8982 602.2957 602.4678 602.6464 602.1793 601.3853 600.5597 599.9414 599.4514 599.1942 599.0777 598.8979 598.6813 598.4927 598.3777 598.3571 598.4265 598.5537 598.6821 598.7546 598.7798 598.78 598.7742 598.7678 598.7657 598.7691 598.7777 598.7891 598.8009 598.8105 598.8161 598.8145 598.8032 598.7838 598.7681 598.7781 598.7794 598.7794 598.7479 598.73 598.7156 598.6882 598.6487 598.589 598.522 598.48 598.4798 598.4249 598.4982
-9999 -9999 -9999 -9999 -9999 -9999 -9999 -9999 -9999 -9999 -9999 -9999 -9999 -9999 -9999 -9999 -9999 -9999 -9999 -9999 602.9078 602.2725 601.9817 601.9376 601.7302 601.0785 600.3456 599.7769 599.3967 599.1962 599.0858 598.9761 598.8426 598.6971 598.5707 598.4908 598.4738 598.5193 598.6074 598.7002 598.7593 598.78 598.7797 598.7709 598.761 598.757 598.7611 598.7716 598.7843 598.7952 598.8015 598.8012 598.7903 598.7623 598.7111 598.6424 598.5879 598.609 598.6458 598.6523 598.6409 598.6211 598.5991 598.5781 598.5397 598.4795 598.4352 598.479 598.5491 598.9444
-9999 -9999 -9999 -9999 -9999 -9999 -9999 -9999 -9999 -9999 -9999 -9999 -9999 -9999 -9999 -9999 -9999 -9999 -9999 602.3952 602.1451 601.8475 601.6178 601.3677 600.8984 600.2459 599.7332 599.3406 599.1034 599.0776 598.9805 598.8922 598.8077 598.7248 598.6527 598.6045 598.5922 598.6196 598.6777 598.7421 598.78 598.7873 598.782 598.7698 598.7556 598.7481 598.7514 598.7628 598.7752 598.782 598.7804 598.7679 598.7413 598.6904 598.5961 598.4581 598.3406 598.413 598.5048 598.5458 598.5374 598.5069 598.4788 598.476 598.4783 598.4388 598.4993 598.7512 599.1463 599.9291
-9999 -9999 -9999 -9999 -9999 -9999 -9999 -9999 -9999 -9999 -9999 -9999 -9999 -9999 -9999 -9999 -9999 -9999 601.8225 601.9512 601.8104 601.6002 601.3403 600.9431 600.2662 599.7206 599.3429 599.0787 598.9086 598.8687 598.8224 598.7827 598.7515 598.7242 598.7004 598.6838 598.6819 598.7003 598.7375 598.78 598.7885 598.787 598.7816 598.77 598.7516 598.7396 598.7415 598.7533 598.7648 598.7654 598.7502 598.7178 598.667 598.5879 598.4356 598.1964 598.23 598.3312 598.4451 598.4856 598.4507 598.3936 598.3286 598.2805 598.3793 598.5274 598.8464 599.2764 600.0297 601.2656
-9999 -9999 -9999 -9999 -9999 -9999 -9999 -9999 -9999 -9999 -9999 -9999 -9999 -9999 -9999 -9999 -9999 601.6122 601.5748 601.6469 601.5837 601.3994 601.0931 600.6238 599.8959 599.3923 599.0781 598.8573 598.7268 598.6816 598.6631 598.6613 598.6726 598.6896 598.7056 598.7184 598.7308 598.7467 598.7667 598.7831 598.78 598.78 598.78 598.7732 598.749 598.7316 598.7322 598.7459 598.7577 598.7526 598.7213 598.6606 598.5726 598.4542 598.1959 598.1859 598.3257 598.425 598.4923 598.4844 598.3965 598.3295 598.2557 598.2266 598.5298 598.9468 599.3264 599.9421 601.055 602.6493
-9999 -9999 -9999 -9999 -9999 -9999 -9999 -9999 -9999 -9999 -9999 -9999 -9999 -9999 -9999 -9999 -9999 601.4099 601.3906 601.4448 601.3805 601.1357 600.692 600.0325 599.4518 599.0826 598.8351 598.6687 598.5726 598.5364 598.534 598.5544 598.5916 598.6368 598.6807 598.7169 598.7441 598.7641 598.7783 598.7858 598.7847 598.7855 598.7866 598.78 598.7444 598.7226 598.7251 598.744 598.7604 598.7546 598.7126 598.6266 598.4938 598.3333 598.3286 598.4598 598.5187 598.5548 598.5438 598.4671 598.331 598.3369 598.4452 598.6918 599.0496 599.4874 599.9138 600.7861 602.1881 603.9601
-9999 -9999 -9999 -9999 -9999 -9999 -9999 -9999 -9999 -9999 -9999 -9999 -9999 -9999 -9999 -9999 601.4866 601.2114 601.234 601.2815 601.1519 600.7532 600.0558 599.4741 599.0867 598.8276 598.6511 598.5344 598.4685 598.4457 598.4537 598.4847 598.5331 598.5905 598.6481 598.6982 598.7368 598.7632 598.7783 598.7849 598.7859 598.7856 598.78 598.7587 598.7268 598.7113 598.7222 598.7509 598.7772 598.7799 598.7449 598.6688 598.5635 598.4709 598.488 598.5704 598.5993 598.5724 598.4371 598.1996 598.1898 598.3821 598.7144 599.207 599.6071 600.0635 600.7379 601.918 603.4332 605.0309
-9999 -9999 -9999 -9999 -9999 -9999 -9999 -9999 -9999 -9999 -9999 -9999 -9999 -9999 -9999 -9999 601.3226 601.0124 601.0972 601.1179 600.862 600.2401 599.5681 599.1293 598.8621 598.6769 598.5507 598.4695 598.4259 598.4146 598.429 598.4636 598.5133 598.571 598.6298 598.6829 598.7257 598.7556 598.7725 598.7804 598.7825 598.78 598.7657 598.74 598.7146 598.7085 598.7296 598.769 598.8062 598.8205 598.8005 598.7468 598.6731 598.6101 598.591 598.5858 598.5334 598.4141 598.077 597.8845 598.0658 598.5015 599.0836 599.6343 600.157 600.8374 601.8769 603.1891 604.5583 605.7491
-9999 -9999 -9999 -9999 -9999 -9999 -9999 -9999 -9999 -9999 -9999 -9999 -9999 -9999 -9999 602.0479 601.1747 600.9233 600.9819 600.8889 600.4288 599.8484 599.3665 599.0586 598.7956 598.6287 598.5283 598.4701 598.4418 598.4376 598.4542 598.4882 598.5342 598.5857 598.6371 598.6843 598.7234 598.752 598.7673 598.7764 598.78 598.778 598.7638 598.7405 598.7216 598.7232 598.751 598.796 598.8378 598.8575 598.8462 598.8057 598.7445 598.6746 598.5936 598.4809 598.2932 598.0527 597.846 597.8059 598.1014 598.7216 599.4139 600.1332 600.9426 602.0164 603.2068 604.354 605.3918 606.3333
-9999 -9999 -9999 -9999 -9999 -9999 -9999 -9999 -9999 -9999 -9999 -9999 -9999 -9999 -9999 601.9071 601.102 600.7795 600.6442 600.3882 599.8954 599.4193 599.0953 598.8909 598.7243 598.6138 598.5499 598.5158 598.5006 598.5006 598.5159 598.5454 598.5851 598.6281 598.6689 598.7059 598.7354 598.7593 598.7687 598.78 598.7885 598.7905 598.7816 598.7643 598.7511 598.7558 598.7831 598.8235 598.8569 598.8668 598.847 598.7999 598.7279 598.629 598.4728 598.262 597.9307 597.796 597.7654 597.9038 598.394 599.087 599.8959 600.9386 602.1893 603.4709 604.4669 605.1703 605.9918 606.8812
-9999 -9999 -9999 -9999 -9999 -9999 -9999 -9999 -9999 -9999 -9999 -9999 -9999 -9999 -9999 601.5833 601.0198 600.6382 600.3614 600.0171 599.5512 599.1329 598.9103 598.7747 598.6799 598.6227 598.5957 598.5858 598.583 598.5854 598.5966 598.6188 598.6501 598.684 598.7139 598.7415 598.7578 598.78 598.7801 598.7957 598.8088 598.816 598.8134 598.802 598.7919 598.7932 598.8101 598.8339 598.8424 598.8226 598.7723 598.6956 598.586 598.4398 598.1801 597.9067 597.7334 597.7185 597.8649 598.1871 598.7507 599.54 600.652 602.1636 603.7211 604.9388 605.4806 605.7872 606.5728 607.4206
-9999 -9999 -9999 -9999 -9999 -9999 -9999 -9999 -9999 -9999 -9999 -9999 -9999 -9999 -9999 601.292 600.9236 600.4943 600.1727 599.8377 599.3788 599.0695 598.8524 598.7377 598.6798 598.6568 598.6556 598.6635 598.6694 598.6732 598.6791 598.6922 598.7137 598.7386 598.7562 598.78 598.7801 598.8049 598.8171 598.8287 598.838 598.8444 598.8425 598.8317 598.8186 598.8065 598.8016 598.7992 598.7661 598.698 598.599 598.4765 598.2944 598.0608 597.8733 597.7202 597.6688 597.7602 598.0476 598.5408 599.1628 600.083 601.5676 603.4758 605.2104 606.2914 606.5021 606.6418 607.2615 -9999
-9999 -9999 -9999 -9999 -9999 -9999 -9999 -9999 -9999 -9999 -9999 -9999 -9999 -9999 601.3328 601.026 600.6738 600.2646 600.0034 599.7194 599.1743 598.9408 598.8079 598.7406 598.713 598.7101 598.7212 598.7355 598.7419 598.7452 598.7466 598.7505 598.7617 598.78 598.7801 598.802 598.8175 598.8409 598.8554 598.8597 598.8583 598.8546 598.8416 598.8196 598.7946 598.7524 598.7091 598.6796 598.5908 598.4612 598.3127 598.1626 597.9147 597.7758 597.6833 597.6484 597.7142 597.8978 598.3118 598.8676 599.5538 600.6522 602.4445 604.5615 606.3581 607.3342 607.3251 607.4138 -9999 -9999
-9999 -9999 -9999 -9999 -9999 -9999 -9999 -9999 -9999 -9999 -9999 -9999 -9999 -9999 601.2007 600.9748 600.5532 600.0775 599.8911 599.6126 599.1153 598.9133 598.8257 598.788 598.7732 598.7731 598.7814 598.791 598.7845 598.7854 598.7841 598.78 598.78 598.7926 598.8 598.8173 598.8376 598.859 598.8683 598.8581 598.8375 598.8149 598.7727 598.7209 598.6766 598.5785 598.4612 598.417 598.2665 598.0536 597.9056 597.8596 597.7191 597.6345 597.61 597.666 597.8521 598.1562 598.6138 599.1899 599.9391 601.1478 603.0338 605.1539 606.9086 607.8001 607.9889 -9999 -9999 -9999
-9999 -9999 -9999 -9999 -9999 -9999 -9999 -9999 -9999 -9999 -9999 -9999 -9999 -9999 601.152 600.9887 600.6292 600.2379 599.9537 599.4941 599.0961 598.9659 598.9042 598.8723 598.8444 598.8259 598.8149 598.8145 598.7802 598.78 598.78 598.7738 598.7736 598.7827 598.7918 598.8029 598.8188 598.8312 598.8253 598.7855 598.7314 598.6863 598.593 598.48 598.4177 598.2422 597.9698 597.8915 597.7691 597.7123 597.6669 597.6566 597.6121 597.5913 597.617 597.7101 597.9175 598.3673 598.9201 599.5402 600.4068 601.5704 603.3285 605.1948 606.7426 607.7341 608.1244 -9999 -9999 -9999
-9999 -9999 -9999 -9999 -9999 -9999 -9999 -9999 -9999 -9999 -9999 -9999 -9999 -9999 601.0968 600.9937 600.7297 600.4115 600.0796 599.6603 599.1497 599.0854 599.0148 598.9681 598.8978 598.8374 598.7806 598.7703 598.7161 598.7097 598.7146 598.7184 598.7257 598.7366 598.7408 598.7351 598.7377 598.7292 598.6964 598.6013 598.4849 598.4216 598.267 598.0553 597.9108 597.7621 597.667 597.6331 597.5884 597.5699 597.5688 597.5876 597.6009 597.6376 597.7175 597.8675 598.1749 598.7214 599.2932 599.9001 600.8921 601.9481 603.4709 604.9415 606.1223 607.072 -9999 -9999 -9999 -9999
-9999 -9999 -9999 -9999 -9999 -9999 -9999 -9999 -9999 -9999 -9999 -9999 -9999 -9999 -9999 600.9425 600.8012 600.5632 600.1991 599.7232 599.2992 599.1583 599.0907 599.0401 598.894 598.777 598.6294 598.4913 598.5195 598.5718 598.601 598.6171 598.6328 598.6459 598.6353 598.5883 598.5687 598.5195 598.4493 598.2735 598.0525 597.9066 597.7683 597.6969 597.6375 597.5797 597.5646 597.5699 597.57 597.5616 597.5795 597.6215 597.6644 597.7432 597.8644 598.0333 598.3979 599.0364 599.6302 600.2493 601.2053 602.4211 603.7214 604.7706 605.5046 606.25 -9999 -9999 -9999 -9999
-9999 -9999 -9999 -9999 -9999 -9999 -9999 -9999 -9999 -9999 -9999 -9999 -9999 -9999 -9999 600.9261 600.8926 600.7534 600.3904 599.8606 599.4126 599.2191 599.1467 599.0624 598.7939 598.6252 598.4371 598.2039 598.3229 598.4303 598.4663 598.4814 598.4961 598.5071 598.4657 598.3391 598.2915 598.1627 598.0004 597.7777 597.6542 597.58 597.5364 597.5297 597.5433 597.5426 597.5699 597.5791 597.6001 597.6152 597.6548 597.7225 597.7648 597.8672 597.9967 598.2074 598.6448 599.304 600.0179 600.8478 601.9136 603.059 604.1379 604.9445 605.4459 605.8444 -9999 -9999 -9999 -9999
-9999 -9999 -9999 -9999 -9999 -9999 -9999 -9999 -9999 -9999 -9999 -9999 -9999 -9999 -9999 600.9579 601.001 600.9823 600.6373 600.0273 599.5321 599.212 599.0525 598.8102 598.6414 598.4702 598.199 598.0941 598.1871 598.3214 598.3272 598.3262 598.3269 598.3225 598.1846 598.0181 597.8852 597.7404 597.5809 597.463 597.4181 597.4268 597.4753 597.505 597.5694 597.5701 597.5914 597.627 597.689 597.7151 597.7627 597.8646 597.8726 597.9982 598.1898 598.4748 598.9152 599.56 600.475 601.5845 602.6778 603.7272 604.6682 605.2524 605.5878 -9999 -9999 -9999 -9999 -9999
-9999 -9999 -9999 -9999 -9999 -9999 -9999 -9999 -9999 -9999 -9999 -9999 -9999 -9999 -9999 600.9998 601.0739 601.0713 600.8328 600.1309 599.5568 599.0964 598.8029 598.6843 598.6094 598.4872 598.3073 598.1958 598.1907 598.1902 598.1857 598.1845 598.1832 598.1816 598.0405 597.878 597.7607 597.5776 597.4354 597.3779 597.3813 597.4366 597.5632 597.5792 597.6417 597.6586 597.6789 597.7343 597.8655 597.8754 597.881 597.9618 598.0143 598.194 598.4692 598.7705 599.1904 599.8556 600.9059 602.1576 603.1526 604.0231 604.86 605.469 -9999 -9999 -9999 -9999 -9999 -9999
-9999 -9999 -9999 -9999 -9999 -9999 -9999 -9999 -9999 -9999 -9999 -9999 -9999 -9999 -9999 600.9974 601.0511 600.9996 600.7424 600.1989 599.6391 599.1267 598.8698 598.7881 598.7789 598.7609 598.6373 598.6053 598.604 598.5968 598.5684 598.5972 598.5876 598.4643 598.2296 598.1656 598.0513 597.8666 597.6397 597.5932 597.5875 597.5966 597.7381 597.8658 597.8895 597.8813 597.8855 597.924 598.1529 598.1812 598.1768 598.1818 598.205 598.4523 598.7374 599.0406 599.4755 600.3107 601.5593 602.7703 603.5321 604.1224 604.8307 -9999 -9999 -9999 -9999 -9999 -9999 -9999
-9999 -9999 -9999 -9999 -9999 -9999 -9999 -9999 -9999 -9999 -9999 -9999 -9999 -9999 -9999 600.9196 600.9999 600.928 600.694 600.277 599.7495 599.314 599.091 599.0697 598.9824 598.9557 598.9088 598.8746 598.8486 598.8242 598.7993 598.8058 598.8076 598.7684 598.6276 598.611 598.5748 598.425 598.2308 598.1789 598.1239 598.0358 598.08 598.2807 598.3086 598.2767 598.3024 598.3252 598.4658 598.4772 598.4755 598.4713 598.4733 598.598 598.81 599.2205 599.908 601.0507 602.4561 603.551 603.9819 604.2518 604.9786 -9999 -9999 -9999 -9999 -9999 -9999 -9999
-9999 -9999 -9999 -9999 -9999 -9999 -9999 -9999 -9999 -9999 -9999 -9999 -9999 -9999 -9999 601.0803 601.0901 601.0165 600.8058 600.5197 600.0434 599.567 599.2758 599.1965 599.0943 599.0897 599.0876 599.0323 598.9731 598.9276 598.887 598.8564 598.8436 598.8302 598.7849 598.7808 598.7772 598.7577 598.7517 598.7297 598.592 598.4749 598.4658 598.5077 598.5073 598.4917 598.5093 598.5256 598.5813 598.6027 598.629 598.6216 598.6313 598.7801 599.0483 599.5701 600.6111 602.1196 603.5836 604.4362 604.5377 604.6013 -9999 -9999 -9999 -9999 -9999 -9999 -9999 -9999
-9999 -9999 -9999 -9999 -9999 -9999 -9999 -9999 -9999 -9999 -9999 -9999 -9999 -9999 -9999 -9999 601.7762 601.4821 601.0963 600.916 600.4805 599.8939 599.4744 599.3812 599.2606 599.1925 599.1516 599.0893 599.0095 598.9584 598.9006 598.8181 598.7801 598.78 598.78 598.78 598.7801 598.8174 598.8429 598.8417 598.7778 598.6679 598.6146 598.5967 598.5835 598.5891 598.6294 598.6346 598.6479 598.6801 598.7802 598.7831 598.796 599.0372 599.3896 600.1852 601.642 603.4224 604.8243 605.2412 605.0048 604.8096 -9999 -9999 -9999 -9999 -9999 -9999 -9999 -9999
-9999 -9999 -9999 -9999 -9999 -9999 -9999 -9999 -9999 -9999 -9999 -9999 -9999 -9999 -9999 -9999 602.1949 601.8972 601.4152 601.1251 600.7953 600.1786 599.788 599.5736 599.4584 599.3112 599.2128 599.0922 599.0132 598.9875 598.9348 598.782 598.7184 598.7153 598.7235 598.7319 598.7458 598.78 598.7801 598.78 598.7556 598.7046 598.6667 598.6444 598.6346 598.6648 598.7768 598.7817 598.7864 598.8194 599.0464 599.0716 599.0795 599.3315 599.8634 601.0457 602.8983 604.8853 606.2176 606.2202 605.5583 605.0732 -9999 -9999 -9999 -9999 -9999 -9999 -9999 -9999
-9999 -9999 -9999 -9999 -9999 -9999 -9999 -9999 -9999 -9999 -9999 -9999 -9999 -9999 -9999 -9999 -9999 601.959 601.3735 600.9575 600.4794 599.9452 599.5264 599.5652 599.8488 599.5224 599.396 599.2404 599.0997 599.0884 599.077 598.8816 598.7817 598.7768 598.7781 598.7791 598.7803 598.7823 598.7827 598.7834 598.7833 598.7818 598.7798 598.7842 598.7808 598.811 599.0323 599.0793 599.1692 599.2178 599.3483 599.3591 599.3909 599.7392 600.5646 602.1523 604.2387 606.2808 607.5742 607.4481 606.5413 -9999 -9999 -9999 -9999 -9999 -9999 -9999 -9999 -9999
-9999 -9999 -9999 -9999 -9999 -9999 -9999 -9999 -9999 -9999 -9999 -9999 -9999 -9999 -9999 -9999 -9999 601.9753 601.22 600.7122 600.1332 599.6161 599.0779 599.1674 599.4845 599.8027 599.7003 599.5494 599.3759 599.2274 599.1705 599.095 599.089 599.0991 599.0907 599.075 599.0618 599.0576 599.0601 599.0629 599.0645 599.0764 599.0956 599.1711 599.1873 599.2239 599.3837 599.5161 599.7221 599.8513 599.9389 599.9415 600.0364 600.5468 601.6783 603.459 605.4737 607.3073 608.44 608.5429 607.7505 -9999 -9999 -9999 -9999 -9999 -9999 -9999 -9999 -9999
-9999 -9999 -9999 -9999 -9999 -9999 -9999 -9999 -9999 -9999 -9999 -9999 -9999 -9999 -9999 -9999 -9999 -9999 601.5201 600.9386 600.4144 600.0056 599.6072 599.2135 599.0808 599.3272 599.8782 599.9861 599.8371 599.6062 599.61 599.7449 599.9426 600.026 599.9746 599.849 599.687 599.5375 599.4342 599.3959 599.4307 599.5678 599.6703 599.7969 599.8906 600.0394 600.3003 600.6262 600.9973 601.2783 601.4052 601.3519 601.3835 601.8616 603.023 604.6255 606.2958 607.7603 608.7738 609.0471 -9999 -9999 -9999 -9999 -9999 -9999 -9999 -9999 -9999 -9999
-9999 -9999 -9999 -9999 -9999 -9999 -9999 -9999 -9999 -9999 -9999 -9999 -9999 -9999 -9999 -9999 -9999 -9999 -9999 601.4683 601.0702 600.8622 600.6241 600.2564 600.0127 600.1552 600.6424 600.8134 600.7133 600.4992 600.6239 601.1785 601.7366 601.9696 601.8571 601.5658 601.1606 600.7432 600.3972 600.22 600.2651 600.5342 600.8113 601.0594 601.2947 601.6472 602.1456 602.7346 603.3145 603.7086 603.7324 603.4312 603.1495 603.2568 604.0899 605.3024 606.4504 607.5067 608.2813 -9999 -9999 -9999 -9999 -9999 -9999 -9999 -9999 -9999 -9999 -9999
-9999 -9999 -9999 -9999 -9999 -9999 -9999 -9999 -9999 -9999 -9999 -9999 -9999 -9999 -9999 -9999 -9999 -9999 -9999 -9999 -9999 601.9476 601.8854 601.6661 601.4363 601.4791 601.7816 601.9666 602.0153 602.0992 602.5632 603.4388 604.2213 604.5605 604.391 603.9194 603.305 602.6572 602.0946 601.7515 601.7412 602.041 602.5068 602.9199 603.2856 603.7983 604.5089 605.3377 606.0901 606.5446 606.3972 605.7022 604.8922 604.4064 604.5975 605.164 605.9429 606.6008 -9999 -9999 -9999 -9999 -9999 -9999 -9999 -9999 -9999 -9999 -9999 -9999
-9999 -9999 -9999 -9999 -9999 -9999 -9999 -9999 -9999 -9999 -9999 -9999 -9999 -9999 -9999 -9999 -9999 -9999 -9999 -9999 -9999 -9999 603.3531 603.2321 603.0245 603.017 603.246 603.5148 603.7593 604.1589 604.9017 605.8282 606.6026 607.0146 606.8066 606.2053 605.4594 604.7069 604.0467 603.5757 603.4503 603.6873 604.2129 604.6967 605.1446 605.77 606.6996 607.7452 608.6296 609.1057 608.8621 607.8516 606.5212 605.4603 604.9728 604.9238 -9999 -9999 -9999 -9999 -9999 -9999 -9999 -9999 -9999 -9999 -9999 -9999 -9999 -9999
