backend/lakes/data/Lake Minnewanka/mini_dem_tm.asc
ncols         387
nrows         144
xllcorner     464150
yllcorner     5672500
cellsize      50
NODATA_value  -9999
[rows 31 to 61 of 144, columns 70 to 139 of 387]
-9999 -9999 -9999 -9999 -9999 -9999 -9999 -9999 -9999 -9999 -9999 -9999 -9999 -9999 -9999 -9999 -9999 -9999 -9999 -9999 -9999 -9999 -9999 -9999 -9999 -9999 -9999 -9999 -9999 -9999 -9999 -9999 1534.082 1523.354 1511.768 1500.074 1488.498 1478.039 1471.396 1470.104 1469.106 1464.586 1463.338 1461.222 1460.64 1460.61 1460.983 1462.43 1463.848 1463.998 1463.818 1461.871 1458.085 1454.993 1451.669 1444.853 1432.369 1417.926 1405.662 1396.658 1391.066 1389.916 1390.895 1392.89 1392.812 1392.916 1393.401 1393.813 1391.088 1390.751
-9999 -9999 -9999 -9999 -9999 -9999 -9999 -9999 -9999 -9999 -9999 -9999 -9999 -9999 -9999 -9999 -9999 -9999 -9999 -9999 -9999 -9999 -9999 -9999 -9999 -9999 -9999 -9999 -9999 1551.238 1538.974 1528.753 1518.893 1510.233 1500.806 1491.201 1480.98 1471.486 1467.248 1465.774 1463.662 1460.577 1458.177 1457.804 1457.722 1457.771 1457.762 1457.711 1457.783 1457.759 1458.045 1457.755 1454.87 1451.513 1448.395 1440.578 1426.274 1410.413 1397.995 1391.153 1390.782 1393.734 1397.077 1399.437 1397.656 1397.226 1397.268 1397.369 1397.07 1397.025
-9999 -9999 -9999 -9999 -9999 -9999 -9999 -9999 -9999 -9999 -9999 -9999 -9999 -9999 -9999 -9999 -9999 -9999 -9999 -9999 -9999 -9999 -9999 -9999 -9999 -9999 -9999 1563.253 1548.727 1535.196 1523.618 1513.385 1504.298 1498.561 1491.943 1485.061 1477.269 1470.197 1465.984 1463.184 1458.599 1457.397 1455.594 1454.733 1453.399 1453.478 1453.115 1451.822 1451.578 1452.088 1454.25 1454.333 1450.764 1445.76 1443.499 1433.87 1418.985 1404.221 1393.861 1390.364 1393.513 1399.787 1405.182 1408.037 1406.125 1405.567 1405.455 1405.456 1406.128 1405.729
-9999 -9999 -9999 -9999 -9999 -9999 -9999 -9999 -9999 -9999 -9999 -9999 -9999 -9999 -9999 -9999 -9999 -9999 -9999 -9999 -9999 -9999 -9999 -9999 -9999 1575.799 1558.868 1545.406 1531.761 1519.278 1509.117 1499.83 1492.488 1487.758 1483.579 1479.663 1474.135 1468.944 1463.537 1458.258 1454.712 1452.067 1451.623 1450.938 1448.62 1448.288 1447.863 1445.833 1446.028 1448.938 1451.534 1450.925 1444.783 1443.04 1435.691 1424.367 1411.482 1399.654 1391.108 1390.004 1394.863 1404.519 1409.204 1412.066 1411.651 1411.126 1410.693 1410.701 1414.198 1413.995
-9999 -9999 -9999 -9999 -9999 -9999 -9999 -9999 -9999 -9999 -9999 -9999 -9999 -9999 -9999 -9999 -9999 -9999 -9999 -9999 -9999 -9999 -9999 -9999 1574.682 1556.641 1541.556 1528.303 1515.332 1503.523 1495.258 1486.655 1480.938 1477.163 1474.143 1471.712 1468.555 1462.056 1457.609 1452.529 1450.444 1446.357 1445.402 1442.839 1440.357 1439.957 1439.89 1439.749 1441.953 1445.304 1446.076 1444.765 1440.052 1434.231 1424.784 1414.429 1404.678 1396.794 1390.758 1390.78 1397.064 1407.678 1412.842 1415.129 1415.159 1415.123 1415.081 1415.444 1417.453 1417.421
-9999 -9999 -9999 -9999 -9999 -9999 -9999 -9999 -9999 -9999 -9999 -9999 -9999 -9999 -9999 -9999 -9999 -9999 -9999 -9999 -9999 -9999 -9999 1574.128 1555.948 1540.103 1526.18 1513.001 1500.399 1488.799 1480.829 1473.35 1469.671 1466.793 1464.059 1462.921 1460.071 1453.757 1450.758 1446.072 1442.794 1439.707 1438.479 1434.713 1433.125 1433.051 1433.459 1433.824 1436.241 1438.629 1438.024 1433.545 1427.886 1421.442 1414.489 1408.917 1402.864 1396.265 1390.765 1391.078 1397.986 1408.841 1415.017 1417.152 1417.551 1418.117 1418.775 1420.98 1421.435 1421.641
-9999 -9999 -9999 -9999 -9999 -9999 -9999 -9999 -9999 -9999 -9999 -9999 -9999 -9999 -9999 -9999 -9999 -9999 -9999 -9999 -9999 -9999 1572.514 1555.253 1539.392 1524.918 1511.47 1498.62 1486.685 1474.917 1469.141 1463.71 1460.061 1457.153 1453.535 1452.7 1451.002 1445.999 1442.583 1438.482 1433.969 1430.74 1429.359 1426.416 1424.245 1424.449 1426.566 1427.105 1427.579 1427.678 1426.068 1420.451 1415.871 1411.041 1409.077 1406.102 1401.647 1394.103 1390.031 1391.378 1400.52 1411.299 1416.734 1418.771 1419.425 1421.24 1422.009 1426.561 1427.432 1427.641
-9999 -9999 -9999 -9999 -9999 -9999 -9999 -9999 -9999 -9999 -9999 -9999 -9999 -9999 -9999 -9999 -9999 -9999 -9999 -9999 -9999 1567.272 1552.854 1538.034 1524.042 1510.472 1497.012 1483.659 1472.121 1462.883 1459.05 1454.806 1451.488 1448.57 1445.751 1444.768 1441.851 1436.823 1432.673 1427.689 1422.985 1419.039 1417.019 1414.431 1412.647 1413.532 1416.89 1417.708 1417.451 1416.163 1414.604 1410.386 1408.66 1406.214 1404.352 1402.291 1396.779 1390.931 1389.562 1393.871 1404.705 1414.445 1419.04 1421.315 1421.955 1426.461 1427.665 1430.662 1433.109 1433.292
-9999 -9999 -9999 -9999 -9999 -9999 -9999 -9999 -9999 -9999 -9999 -9999 -9999 -9999 -9999 -9999 -9999 -9999 -9999 1574.404 1558.624 1546.494 1534.408 1521.419 1509.286 1496.34 1482.444 1469.86 1460.526 1452.84 1448.808 1445.43 1442.205 1439.436 1436.573 1434.745 1430.654 1425.413 1420.34 1414.369 1408.717 1404.981 1402.474 1400.665 1400.722 1402.91 1405.865 1406.48 1406.349 1405.95 1405.343 1403.216 1402.906 1402.47 1401.698 1396.942 1391.235 1387.984 1388.652 1394.641 1407.082 1416.844 1422.072 1426.657 1427.63 1430.448 1432.998 1433.946 1436.168 1436.684
-9999 -9999 -9999 -9999 -9999 -9999 -9999 -9999 -9999 -9999 -9999 -9999 -9999 -9999 -9999 -9999 -9999 1587.131 1569.946 1552.795 1537.833 1525.793 1515.521 1504.687 1494.887 1482.072 1469.327 1459.199 1451.721 1444.959 1439.652 1435.647 1431.675 1429.197 1425.483 1422.286 1418.275 1413.139 1406.487 1399.27 1392.601 1389.603 1388.01 1388.338 1390.866 1393.593 1396.71 1397.158 1397.08 1397.019 1397 1396.729 1396.501 1394.664 1393.895 1390.801 1387.339 1385.989 1388.062 1394.851 1408.227 1420.198 1426.917 1430.853 1433.067 1433.952 1436.606 1439.146 1439.545 1439.538
-9999 -9999 -9999 -9999 -9999 -9999 -9999 -9999 -9999 -9999 -9999 -9999 -9999 -9999 1610.9 1593.753 1577.881 1563.183 1547.371 1531.787 1517.841 1506.378 1498.771 1490.152 1480.9 1469.334 1459.308 1451.574 1444.279 1436.3 1429.943 1425.112 1421.333 1418.24 1414.994 1410.702 1405.624 1399.55 1392.939 1385.264 1378.386 1376.115 1376.196 1378.959 1383.695 1385.853 1390.046 1390.586 1390.728 1390.765 1390.789 1390.807 1390.681 1389.369 1388.336 1386.591 1385.182 1385.737 1389.252 1396.452 1409.92 1422.916 1429.979 1433.856 1436.706 1439.113 1439.686 1441.967 1442.442 1442.477
-9999 -9999 -9999 -9999 -9999 -9999 -9999 -9999 -9999 -9999 -9999 -9999 -9999 1603.186 1584.246 1568.199 1553.098 1539.37 1524.571 1511.446 1499.599 1490.024 1484.338 1477.267 1468.5 1459.38 1451.664 1444.16 1435.093 1425.803 1418.925 1414.69 1410.631 1406.8 1404.207 1399.027 1393.05 1386.43 1381.198 1375.303 1370.198 1368.325 1369.182 1372.616 1377.991 1381.523 1384.552 1384.922 1386.264 1386.812 1386.928 1386.885 1386.659 1385.983 1385.429 1384.991 1385.478 1388.214 1393.983 1402.68 1415 1426.862 1433.965 1438.836 1440.015 1442.253 1443.01 1445.422 1445.763 1445.727
-9999 -9999 -9999 -9999 -9999 -9999 -9999 -9999 -9999 -9999 -9999 -9999 1597.439 1576.792 1559.819 1544.171 1528.926 1515.013 1501.736 1492.185 1482.886 1474.742 1470.86 1466.217 1458.562 1450.929 1443.104 1434.076 1423.45 1414.691 1407.224 1403.087 1397.926 1394.266 1392.091 1386.782 1381.482 1376.129 1372.275 1368.199 1364.935 1363.813 1364.959 1368.128 1372.743 1377.832 1381.06 1382.796 1384.66 1385.083 1385.087 1385.019 1384.924 1384.967 1385.337 1386.312 1388.628 1393.565 1401.759 1410.931 1422.449 1433.181 1439.356 1442.715 1445.332 1445.716 1445.948 1448.898 1451.38 1451.724
-9999 -9999 -9999 -9999 -9999 -9999 -9999 -9999 -9999 -9999 -9999 1593.475 1571.242 1552.681 1536.942 1520.741 1506.02 1492.995 1480.861 1474.202 1469.582 1464.599 1460.914 1456.15 1447.862 1439.382 1429.919 1420.538 1410.579 1402.764 1394.786 1390.167 1385.799 1382.319 1381.114 1378.115 1373.133 1369.295 1366.346 1363.702 1361.855 1361.494 1362.795 1365.498 1369.075 1373.079 1378.503 1381.714 1384.618 1384.727 1384.825 1385.045 1385.405 1386.561 1388.246 1390.943 1395.161 1402.53 1411.97 1422.127 1432.79 1441.697 1445.337 1446.434 1450.989 1451.541 1452.446 1455.605 1459.657 1460.384
-9999 -9999 -9999 -9999 -9999 -9999 -9999 -9999 -9999 -9999 1590.705 1566.308 1547.877 1530.431 1514.205 1498.703 1485.97 1475.223 1468.27 1463.928 1460.172 1456.56 1451.05 1443.909 1433.513 1423.76 1414.479 1405.906 1397.189 1389.878 1383.006 1379.306 1377.539 1373.452 1372.686 1371.938 1368.387 1365.328 1363.065 1361.437 1360.631 1360.971 1362.524 1365.094 1368.359 1372.464 1378.297 1381.52 1383.809 1384.671 1385.792 1386.832 1387.712 1390.636 1394.212 1399.548 1406.036 1413.947 1423.861 1434.303 1443.048 1450.239 1451.676 1452.126 1456.701 1458.566 1463.504 1467.763 1472.52 1474.018
-9999 -9999 -9999 -9999 -9999 -9999 -9999 -9999 1618.695 1589.013 1563.01 1543.195 1527.691 1510.721 1494.45 1480.199 1471.734 1464.642 1460.553 1456.692 1449.624 1445.806 1437.819 1427.967 1417.872 1407.577 1398.867 1392.417 1385.484 1379.585 1375.458 1372.694 1372.19 1369.385 1368.07 1367.105 1365.02 1363.011 1361.54 1360.769 1360.845 1361.889 1363.847 1366.474 1369.44 1372.693 1378.27 1382.157 1384.878 1386.708 1388.409 1390.579 1391.341 1396.337 1402.336 1409.654 1418.276 1426.821 1435.908 1444.934 1451.931 1457.141 1458.069 1457.95 1461.188 1467.405 1479.999 1486.426 1493.063 1495.857
-9999 -9999 -9999 -9999 -9999 -9999 -9999 1613.986 1586.868 1560.439 1538.355 1521.357 1507.994 1492.73 1477.824 1468.777 1463.408 1457.979 1454.103 1450.47 1443.001 1433.809 1422.472 1411.432 1401.943 1393.329 1386.183 1381.752 1377.979 1374.728 1372.391 1370.237 1369.367 1367.584 1366.215 1364.917 1363.443 1362.135 1361.292 1361.196 1362.046 1363.822 1366.314 1369.244 1372.297 1374.925 1379.214 1384.967 1389.942 1390.8 1391.387 1395.917 1397.596 1402.895 1410.405 1419.406 1427.935 1437.518 1445.947 1454.218 1460.545 1464.939 1467.883 1467.238 1469.549 1477.959 1491.711 1503.681 1513.156 1518.698
-9999 -9999 -9999 -9999 1624.33 1617.677 1603.239 1581.937 1557.882 1535.094 1515.49 1500.153 1489.167 1476.131 1465.894 1460.361 1456.63 1451.177 1445.549 1440.581 1431.544 1419.592 1407.478 1397.375 1389.786 1382.597 1378.016 1375.019 1372.638 1372.438 1371.467 1370.631 1370.289 1368.792 1367.382 1365.466 1363.959 1362.781 1362.165 1362.452 1363.875 1366.338 1369.292 1372.349 1375.195 1378.86 1384.466 1390.409 1394.64 1396.503 1397.254 1402.175 1405.79 1411.246 1420.232 1428.752 1437.749 1446.184 1454.655 1463.144 1470.719 1477.354 1484.755 1485.234 1488.289 1497.439 1510.451 1523.465 1534.214 1542.343
-9999 -9999 -9999 1598.749 1595.217 1586.895 1572.158 1552.899 1532.354 1512.501 1494.775 1480.459 1472.014 1464.415 1457.585 1451.891 1447.496 1441.235 1433.465 1427.153 1417.161 1404.837 1394.207 1385.928 1380.779 1375.789 1372.634 1372.447 1372.45 1372.581 1373.094 1375.401 1375.842 1373.841 1371.984 1368.656 1366.745 1365.104 1364.174 1364.479 1366.17 1369.168 1372.335 1375.21 1378.911 1384.531 1390.954 1396.485 1400.211 1402.51 1403.894 1409.087 1414.85 1421.819 1430.85 1438.433 1446.106 1454.406 1463.014 1472.71 1483.87 1493.82 1500.552 1504.333 1510.04 1519.828 1531.781 1544.434 1554.534 1563.178
-9999 1581.621 1576.167 1572.241 1566.435 1556.35 1543.005 1526.331 1509.484 1492.768 1477.51 1467.753 1461.114 1456.471 1450.413 1443.015 1436.805 1429.86 1421.474 1412.873 1402.748 1392.319 1384.366 1378.568 1374.706 1372.458 1371.364 1372.469 1375.11 1378.383 1381.05 1384.28 1385.967 1384.385 1379.266 1374.084 1371.941 1369.343 1367.532 1367.485 1368.964 1372.221 1375.039 1378.824 1384.48 1391.415 1398.833 1403.266 1407.791 1410.148 1413.286 1418.52 1424.754 1432.121 1439.403 1446.168 1454.145 1462.642 1471.781 1484.923 1498.709 1509.581 1516.912 1522.753 1530.609 1541.333 1552.151 1564.239 1574.864 1583.237
-9999 1559.367 1553.137 1547.794 1540.089 1528.373 1515.649 1501.501 1488.888 1475.328 1465.415 1459.111 1452.626 1448.02 1441.9 1434.255 1427.693 1420.806 1411.748 1401.704 1392.56 1384.949 1378.898 1375.594 1372.489 1372.443 1372.461 1374.315 1378.622 1383.975 1386.702 1390.344 1391.576 1394.282 1388.83 1383.602 1379.049 1375.806 1372.935 1372.402 1372.826 1375.294 1378.689 1384.196 1391.17 1399.502 1407.098 1410.88 1416.178 1421.43 1426.433 1430.943 1436.166 1442.318 1448.678 1454.989 1463.129 1472.492 1483.554 1500.405 1516.26 1527.252 1533.985 1539.765 1548.199 1558.714 1570.344 1582.987 1594.653 -9999
1551.664 1542.765 1534.681 1526.089 1515.302 1502.672 1491.68 1479.383 1470.19 1461.94 1456.474 1451.153 1445.59 1439.893 1433.68 1427.203 1421.298 1414.817 1405.96 1397.245 1390.387 1384.33 1379.699 1378.204 1375.319 1375.171 1375.058 1376.495 1381.529 1387.134 1390.743 1394.226 1396.643 1397.734 1396.39 1392.163 1388.037 1385.787 1382.372 1381.372 1381.287 1382.238 1385.308 1391.056 1399.096 1407.651 1415.26 1421.675 1428.244 1435.106 1440.987 1444.958 1448.725 1454.219 1461.105 1467.256 1475.931 1488.15 1503.132 1521.37 1537.875 1547.636 1552.222 1555.86 1563.542 1573.951 1586.473 -9999 -9999 -9999
1537.969 1529.278 1519.733 1508.463 1494.972 1481.53 1472.939 1464.89 1458.15 1452.149 1447.726 1442.78 1439.068 1433.344 1427.13 1421.57 1417.301 1411.828 1403.388 1396.49 1390.621 1385.101 1381.602 1381.886 1383.477 1381.695 1379.064 1379.062 1384.766 1390.703 1393.792 1396.873 1399.391 1400.837 1402.479 1400.063 1397.254 1396.288 1394.607 1394.185 1394.337 1394.973 1397.33 1401.652 1408.755 1416.471 1425.252 1434.525 1441.946 1448.405 1454.61 1458.84 1462.527 1468.817 1479.139 1486.427 1494.921 1510.187 1527.074 1545.01 1559.935 1569.319 1572.79 -9999 -9999 -9999 -9999 -9999 -9999 -9999
1524.759 1517.114 1507.245 1494.686 1479.508 1469.348 1463.369 1457.367 1451.295 1445.243 1439.597 1434.707 1432.638 1427.097 1421.234 1418.06 1415.841 1411.933 1403.922 1397.468 1393.18 1389.719 1385.239 1386.919 1392.554 1390.552 1386.954 1385.205 1390.532 1395.992 1397.281 1400.238 1402.732 1403.735 1408.158 1408.644 1407.898 1409.141 1410.296 1411.46 1412.616 1413.444 1415.144 1418.059 1423.421 1429.998 1438.579 1448.555 1455.841 1460.778 1466.086 1472.434 1479.464 1488.206 1502.264 1512.171 1522.62 1537.519 1553.211 1569.61 1583.089 1592.066 -9999 -9999 -9999 -9999 -9999 -9999 -9999 -9999
1511.21 1504.848 1495.303 1482.635 1469.88 1461.157 1457.06 1451.552 1445.405 1439.285 1433.879 1430.207 1426.749 1420.85 1415.707 1415.739 1416.08 1414.754 1408.446 1402.466 1397.191 1393.298 1391.86 1396.094 1401.675 1397.861 1392.928 1391.303 1396.357 1400.47 1402.848 1405.988 1408.879 1410.901 1416.052 1419.395 1421.961 1425.135 1429.169 1432.186 1434.019 1435.222 1436.772 1439.559 1444.089 1449.12 1455.926 1464.467 1471.267 1475.372 1480.532 1489.815 1500.896 1513.041 1526.843 1539.24 1550.449 1564.157 1579.262 1594.526 1605.964 -9999 -9999 -9999 -9999 -9999 -9999 -9999 -9999 -9999
1495.539 1490.197 1480.442 1470.155 1460.542 1453.072 1450.446 1445.48 1439.44 1433.956 1430.274 1426.577 1421.02 1415.638 1414.029 1415.126 1415.991 1415.146 1410.093 1406.071 1402.226 1397.686 1399 1399.845 1400.532 1402.438 1397.263 1397.194 1402.313 1406.034 1409.583 1414.479 1419.508 1423.914 1430.166 1434.61 1438.383 1441.819 1446.843 1450.74 1452.659 1455.113 1457.881 1461.607 1466.744 1471.05 1476.496 1484.551 1492.262 1497.534 1503.807 1514.212 1526.5 1540.014 1552.802 1565.383 1576.909 1589.711 1604.234 1618.883 -9999 -9999 -9999 -9999 -9999 -9999 -9999 -9999 -9999 -9999
1474.843 1470.197 1464.051 1457.648 1451.738 1445.855 1442.759 1439.094 1433.99 1430.351 1426.649 1421.111 1415.603 1412.813 1412.516 1413.592 1415.014 1416.563 1414.557 1409.154 1405.234 1402.808 1402.656 1402.959 1403.694 1402.946 1400.659 1402.937 1408.443 1413.113 1418.865 1425.415 1434.409 1440.425 1446.849 1450.82 1453.622 1456.485 1460.148 1462.86 1464.775 1469.563 1474.562 1480.609 1489.012 1494.393 1499.33 1506.199 1513.856 1521.346 1529.797 1541.269 1553.307 1566.706 1579.438 1592.121 1603.141 1614.971 1629.093 -9999 -9999 -9999 -9999 -9999 -9999 -9999 -9999 -9999 -9999 -9999
1454.82 1452.463 1449.462 1446.68 1444.792 1439.961 1436.941 1433.653 1430.319 1426.63 1421.122 1415.588 1412.311 1411.063 1411.022 1410.701 1409.855 1414.358 1411.925 1409.006 1406.238 1405.396 1405.137 1405.079 1405.058 1404.052 1403.384 1408.419 1415.091 1421.738 1431.079 1439.209 1448.94 1454.674 1459.575 1462.509 1463.814 1466.043 1469.82 1471.901 1474.818 1482.34 1489.659 1497.804 1506.313 1513.304 1519.676 1527.202 1535.635 1545.331 1555.22 1567.534 1580.175 1593.707 1606.105 1618.893 -9999 -9999 -9999 -9999 -9999 -9999 -9999 -9999 -9999 -9999 -9999 -9999 -9999 -9999
1438.599 1439.651 1439.514 1439.563 1439.348 1436.302 1433.415 1430.268 1426.602 1420.994 1415.553 1412.133 1410.428 1410.101 1410.025 1408.131 1403.8 1408.162 1409.004 1408.458 1408.44 1409.043 1409.428 1409.848 1410.127 1409.498 1409.783 1415.555 1424.331 1433.46 1443.454 1451.861 1459.922 1463.783 1465.999 1468.055 1470.835 1474.385 1480.992 1484.834 1488.78 1496.146 1502.798 1511.879 1521.374 1530.037 1537.87 1547.055 1556.688 1568.583 1580.482 1593.767 1606.554 1620.426 -9999 -9999 -9999 -9999 -9999 -9999 -9999 -9999 -9999 -9999 -9999 -9999 -9999 -9999 -9999 -9999
1430.432 1433.097 1433.651 1435.243 1435.493 1433.436 1430.87 1427.376 1421.703 1415.679 1412.503 1410.536 1409.591 1409.435 1408.718 1403.468 1400.825 1403.236 1407.204 1409.306 1410.881 1415.264 1418.444 1421.06 1422.834 1421.438 1420.574 1425.595 1435.014 1444.211 1452.659 1460.062 1465.143 1468.689 1470.568 1474.021 1481.472 1487.813 1495.147 1498.578 1501.576 1508.008 1515.554 1525.143 1535.694 1545.978 1554.673 1565.871 1578.274 1592.016 1604.974 -9999 -9999 -9999 -9999 -9999 -9999 -9999 -9999 -9999 -9999 -9999 -9999 -9999 -9999 -9999 -9999 -9999 -9999 -9999
1427.114 1429.74 1431.494 1433.385 1433.379 1431.419 1429.374 1426.977 1421.13 1415.312 1412.724 1410.867 1409.737 1409.031 1407.374 1404.868 1403.813 1408.342 1413.164 1417.998 1421.584 1426.013 1429.498 1433.062 1436.655 1435.505 1434.084 1436.953 1444.542 1452.135 1459.767 1464.814 1467.753 1471.561 1478.38 1486.159 1494.952 1500.136 1505.441 1509.258 1513.204 1519.463 1527.734 1538.096 1549.686 -9999 -9999 -9999 -9999 -9999 -9999 -9999 -9999 -9999 -9999 -9999 -9999 -9999 -9999 -9999 -9999 -9999 -9999 -9999 -9999 -9999 -9999 -9999 -9999 -9999
