backend/lakes/data/Lake Minnewanka/mini_dem_tm.asc
ncols         387
nrows         144
xllcorner     464150
yllcorner     5672500
cellsize      50
NODATA_value  -9999
[rows 31 to 61 of 144, columns 140 to 209 of 387]
1390.843 1390.835 1390.81 1390.721 1390.725 1389.478 1390.74 1391.866 1392.57 1394.436 1396.849 1397.992 1400.69 1403.556 1406.27 1408.945 1410.878 1412.61 1413.329 1415.771 1419.334 1422.759 1426.819 1430.553 1434.74 1436.833 1438.936 1439.319 1440.323 1444.897 1445.736 1446.313 1451.055 1452.501 1457.316 1458.268 1459.785 1458.065 1457.687 1457.612 1458.471 1462.946 1464.476 1469.385 1471.686 1474.088 1476.968 1484.177 1493.85 1502.611 1514.116 1525.906 1536.91 1547.988 1559.767 1575.523 1593.376 -9999 -9999 -9999 -9999 -9999 -9999 -9999 -9999 -9999 -9999 -9999 -9999 -9999
1396.694 1396.71 1396.49 1394.689 1393.215 1391.329 1392.484 1392.951 1392.442 1392.866 1393.627 1393.779 1394.983 1396.612 1397.335 1399.935 1402.747 1404.31 1400.191 1401.14 1403.916 1406.504 1411.543 1415.965 1420.686 1424.828 1429.066 1430.864 1433.908 1438.606 1439.558 1440.192 1444.919 1446.366 1451.159 1451.831 1452.029 1451.616 1451.75 1452.028 1454.543 1457.431 1458.377 1463.018 1464.047 1466.293 1467.898 1471.938 1479.396 1487.315 1498.365 1508.766 1518.533 1527.727 1538.308 1551.838 1567.485 1583.845 -9999 -9999 -9999 -9999 -9999 -9999 -9999 -9999 -9999 -9999 -9999 -9999
1403.257 1402.866 1402.559 1400.553 1399.903 1399.475 1399.76 1399.415 1397.365 1396.976 1396.791 1395.379 1394.824 1394.362 1393.947 1394.955 1396.649 1396.803 1394.414 1394.51 1396.296 1397.174 1400.214 1403.583 1407.169 1412.476 1417.982 1421.689 1426.486 1430.418 1432.698 1434.1 1438.792 1440.287 1445.045 1445.608 1445.469 1445.868 1447.84 1449.033 1451.226 1451.596 1452.375 1457.001 1458.578 1463.032 1463.98 1466.381 1470.116 1474.562 1484.084 1491.877 1498.77 1507.963 1518.177 1530.449 1544.242 1558.452 -9999 -9999 -9999 -9999 -9999 -9999 -9999 -9999 -9999 -9999 -9999 -9999
1409.741 1408.962 1408.96 1408.933 1408.929 1408.911 1408.962 1408.53 1406.731 1406.183 1405.318 1402.032 1400.047 1397.242 1394.896 1393.308 1392.807 1392.563 1391.614 1391.401 1391.877 1392.383 1394.154 1396.452 1397.942 1402.989 1408.794 1412.874 1417.676 1421.534 1424.243 1427.59 1432.196 1434.14 1438.924 1439.684 1439.833 1442.229 1445.402 1445.661 1445.78 1445.9 1448.159 1451.512 1454.726 1457.907 1460.961 1463.553 1466.064 1468.135 1471.171 1474.266 1479.435 1489.797 1499.656 1511.204 1523.284 1536.381 1551.887 1569.538 -9999 -9999 -9999 -9999 -9999 -9999 -9999 -9999 -9999 -9999
1415.706 1415.496 1415.946 1417.813 1418.3 1418.342 1418.367 1418.299 1417.906 1417.804 1417.258 1414.637 1410.961 1406.12 1400.664 1395.919 1393.211 1392.036 1391.435 1390.894 1390.407 1390.366 1391.172 1392.42 1393.508 1396.75 1402.344 1406.597 1410.008 1414.375 1416.297 1420.725 1424.04 1427.596 1433.073 1436.071 1437.574 1439.566 1442.128 1443.397 1443.549 1443.805 1445.452 1446.341 1450.823 1452.413 1457.018 1458.543 1463.272 1465.514 1466.144 1467.033 1469.32 1474.458 1483.546 1495.101 1505.841 1517.468 1530.927 1546.134 1562.372 -9999 -9999 -9999 -9999 -9999 -9999 -9999 -9999 -9999
1423.514 1424.457 1424.997 1426.827 1427.225 1427.236 1427.228 1427.249 1427.255 1427.333 1427.289 1426.001 1421.373 1417.152 1410.451 1401.978 1396.957 1394.521 1392.999 1391.878 1390.872 1390.302 1390.314 1390.737 1390.692 1391.279 1396.524 1402.211 1405.972 1409.22 1411.905 1414.89 1416.183 1420.945 1427.225 1432.79 1435.789 1437.822 1439.578 1441.35 1441.533 1441.64 1442.261 1442.911 1445.206 1446.369 1451 1452.383 1457.958 1463.163 1463.944 1464.817 1465.7 1467.589 1472.351 1482.028 1493.483 1502.002 1513.186 1526.178 1540.639 1558.3 1579.422 1601.067 -9999 -9999 -9999 -9999 -9999 -9999
1429.826 1432.68 1433.132 1433.312 1433.377 1433.391 1433.397 1433.389 1433.36 1433.327 1433.442 1432.863 1428.411 1426.36 1420.216 1411.56 1404.019 1400.036 1396.945 1394.886 1393.109 1391.802 1390.749 1389.726 1388.586 1388.274 1391.105 1396.656 1402.266 1406.091 1409 1411.158 1412.427 1415.704 1421.391 1427.242 1432.806 1435.947 1437.935 1439.497 1439.531 1439.521 1439.526 1439.508 1439.796 1442.098 1445.45 1446.333 1451.577 1457.187 1461.099 1463.457 1464.894 1465.297 1467.174 1471.842 1479.992 1488.101 1498.022 1509.537 1522.129 1537.271 1555.174 1574.688 1592.939 -9999 -9999 -9999 -9999 -9999
1433.582 1435.518 1435.978 1435.589 1436.179 1436.572 1436.685 1436.453 1435.908 1435.218 1435.902 1435.748 1433.643 1432.876 1427.681 1420.551 1412.97 1408.085 1403.08 1399.745 1397.033 1394.979 1392.902 1390.752 1388.492 1387.022 1387.923 1391.09 1396.585 1402.282 1406.065 1408.936 1410.949 1414.989 1418.341 1421.911 1427.945 1433.242 1435.745 1437.31 1437.82 1437.881 1437.765 1437.543 1437.644 1439.513 1442.094 1442.801 1445.692 1449.515 1455.889 1457.471 1463.088 1463.909 1465.324 1467.779 1471.395 1477.057 1484.565 1495.424 1506.242 1518.884 1534.157 1551.069 1567.434 1581.636 -9999 -9999 -9999 -9999
1436.84 1437.55 1437.786 1437.649 1438.006 1438.333 1438.441 1438.084 1437.486 1436.928 1437.48 1437.668 1437.066 1436.397 1433.221 1427.64 1421.104 1415.095 1409.227 1404.992 1402.765 1399.862 1396.992 1394.145 1390.845 1387.956 1387.433 1388.259 1391.188 1397.083 1402.563 1406.205 1409.286 1414.853 1417.9 1421.302 1427.171 1431.165 1433.447 1435.236 1436.216 1436.39 1436.172 1435.764 1435.628 1436.878 1439.055 1439.581 1442.049 1445.065 1449.294 1453.541 1457.874 1460.479 1463.652 1466.857 1469.76 1470.262 1473.222 1482.435 1493.711 1502.42 1515.307 1530.295 1544.991 1557.211 1569.81 1582.502 1597.658 -9999
1439.512 1439.528 1439.522 1439.514 1439.526 1439.522 1439.518 1439.05 1438.697 1438.474 1438.701 1438.766 1438.641 1438.226 1436.39 1432.978 1427.178 1421.045 1415.094 1409.815 1408.446 1405.169 1402.833 1399.721 1396.243 1391.743 1390.731 1389.463 1390.739 1395.695 1400.364 1405.534 1409.704 1415.084 1418.27 1421.369 1426.976 1429.592 1431.552 1433.425 1434.804 1434.977 1434.73 1434.239 1433.431 1433.425 1433.726 1435.964 1439.341 1441.907 1444.47 1446.73 1451.27 1454.327 1458.302 1463.188 1464.304 1465.936 1467.098 1470.935 1476.869 1485.65 1497.901 1511.769 1525.019 1536.406 1547 1557.708 1571.744 1587.723
1442.233 1442.058 1441.649 1441.344 1441.364 1440.711 1440.038 1439.521 1439.519 1439.519 1439.519 1439.19 1439.113 1438.863 1437.426 1434.851 1430.418 1425.078 1420.565 1415.462 1412.698 1409.514 1408.564 1405.115 1402.67 1399.987 1398.576 1394.456 1393.936 1399.233 1404.044 1409.055 1414.406 1417.401 1419.564 1421.347 1425.194 1427.366 1429.362 1431.552 1433.357 1433.428 1433.424 1433.415 1432.669 1432.234 1432.437 1433.463 1436.261 1439.439 1442.31 1445.092 1445.729 1446.712 1451.614 1456.732 1458.588 1463.083 1463.95 1466.007 1469.365 1474.209 1483.355 1495.812 1507.39 1517.347 1525.935 1536.008 1549.015 1563.888
1445.69 1445.612 1444.477 1443.355 1443.394 1442.06 1440.737 1440.116 1440.114 1440.182 1440.027 1439.528 1439.525 1439.51 1438.072 1436.472 1433.431 1427.922 1423.981 1420.865 1418.026 1415.338 1414.388 1410.372 1409.327 1408.527 1407.544 1403.436 1402.572 1404.628 1408.596 1411.617 1415.19 1418.449 1421.192 1422.88 1424.975 1426.3 1427.364 1429.186 1430.416 1431.407 1431.967 1432.209 1431.968 1431.472 1431.276 1431.776 1433.466 1436.34 1439.501 1441.954 1442.141 1442.582 1445.711 1449.206 1452.005 1457.17 1460.786 1463.882 1467.891 1473.183 1473.507 1481.539 1490.498 1497.232 1505.109 1515.214 1527.825 1542.092
1451.524 1451.234 1448.821 1445.921 1445.639 1444.095 1442.293 1441.714 1441.761 1441.941 1441.922 1441.702 1441.565 1441.124 1439.756 1439.66 1438.8 1433.329 1428.158 1425.222 1423.332 1421.768 1421.241 1419.135 1418.222 1416.086 1415.142 1412.47 1411.371 1409.885 1411.189 1412.88 1415.138 1418.053 1421.275 1423.634 1425.07 1425.836 1426.434 1427.306 1427.442 1429.239 1430.052 1430.417 1430.919 1430.609 1430.209 1430.525 1431.49 1433.479 1436.543 1439.385 1439.523 1439.595 1442.159 1444.883 1446.07 1450.254 1456.392 1460.204 1464 1468.002 1468.186 1470.475 1473.482 1477.785 1485.861 1495.593 1507.524 1520.254
1459.279 1458.771 1456.203 1451.841 1451.018 1448.687 1446.183 1445.818 1445.531 1445.589 1445.645 1445.652 1445.654 1445.596 1445.404 1445.505 1444.906 1440.112 1435.812 1431.826 1430.589 1430.346 1429.867 1429.444 1428.721 1425.347 1424.151 1421.826 1420.753 1418.068 1415.844 1415.229 1415.032 1415.39 1420.34 1423.225 1424.169 1424.522 1424.729 1425.086 1425.551 1427.093 1427.213 1427.357 1429.247 1429.359 1429.109 1429.593 1429.916 1431.278 1433.498 1436.11 1437.381 1438.012 1439.463 1439.855 1442.481 1446.319 1449.133 1453.913 1457.936 1462.814 1463.843 1464.676 1465.413 1468.313 1472.98 1478.408 1489.06 1498.731
1473.159 1471.732 1464.879 1458.662 1457.215 1456.53 1455.187 1454.925 1452.008 1451.27 1451.304 1451.374 1451.37 1451.372 1451.648 1451.992 1451.586 1448.316 1444.743 1441.702 1439.355 1438.532 1435.218 1434.718 1434.857 1433.297 1432.674 1430.501 1429.61 1427.047 1424.35 1421.496 1418.484 1415.49 1415.548 1420.331 1420.777 1421.085 1421.118 1421.154 1421.202 1421.365 1421.294 1421.998 1426.674 1427.347 1428.747 1428.989 1428.119 1429.326 1431.369 1433.472 1435.447 1436.265 1437.452 1438.043 1439.463 1439.782 1440.658 1445.286 1448.973 1454.318 1457.476 1459.889 1460.19 1463.437 1466.647 1468.831 1473.1 1479.143
1494.737 1489.506 1479.655 1471.163 1467.984 1468.054 1468.658 1469.451 1462.195 1458.996 1458.03 1457.651 1457.379 1458.019 1460.566 1462.565 1462.169 1457.968 1452.766 1449.857 1445.96 1444.577 1440.059 1439.487 1439.277 1437.288 1436.566 1435.532 1434.735 1433.446 1432.612 1429.723 1426.046 1419.651 1415.634 1415.155 1413.547 1414.727 1414.839 1415.041 1415.064 1414.681 1414.634 1415.818 1420.711 1422.197 1426.441 1427.012 1424.718 1427.017 1428.815 1430.469 1432.749 1433.582 1435.558 1436.353 1437.46 1437.615 1437.821 1439.509 1440.639 1445.321 1448.522 1451.956 1454.441 1458.19 1463.023 1463.883 1466.332 1469.038
1519.114 1514.584 1505.858 1496.439 1491.506 1489.479 1488.068 1485.501 1479.551 1475.624 1473.018 1471.06 1469.486 1471.114 1476.595 1481.63 1481.282 1474.053 1465.063 1458.747 1453.139 1450.499 1446.255 1444.669 1441.796 1439.694 1439.822 1439.534 1439.371 1437.064 1435.932 1433.979 1432.804 1428.824 1423.701 1418.754 1415.042 1411.069 1409.095 1409.085 1408.334 1406.421 1406.471 1409.231 1413.994 1415.664 1418.623 1420.614 1419.918 1421.562 1423.636 1424.102 1425.26 1429.156 1432.654 1433.533 1435.816 1436.971 1437.155 1437.717 1437.777 1439.449 1440.586 1445.012 1448.04 1452.001 1456.71 1458.494 1463.175 1465.466
1545.235 1543.863 1539.219 1533.533 1529.633 1526.968 1523.768 1518.289 1510.941 1505.497 1501.585 1498.265 1495.387 1497.252 1503.809 1508.764 1508.424 1500.313 1488.175 1477.296 1468.205 1462.595 1457.866 1453.619 1448.443 1446.259 1447.026 1444.543 1444.13 1440.042 1439.503 1439.119 1436.847 1434.825 1432.323 1427.171 1423.35 1417.724 1412.503 1408.822 1403.39 1401.2 1400.727 1402.736 1405.767 1408.257 1409.917 1411.847 1412.412 1414.905 1415.653 1415.657 1416.792 1422.11 1424.895 1427.687 1432.689 1435.668 1436.074 1436.092 1436.406 1436.928 1437.587 1439.47 1440.541 1445.014 1448.389 1452.031 1457.955 1463.273
1568.434 1570.838 1570.49 1568.807 1567.174 1564.989 1561.026 1554.519 1547.188 1541.48 1537.439 1534.471 1532.694 1533.917 1537.489 1539.765 1538.403 1531.772 1520.885 1507.727 1495.94 1488.34 1482.383 1475.437 1466.487 1459.766 1454.991 1450.676 1449.386 1446.485 1445.573 1444.564 1440.515 1439.573 1438.743 1434.133 1432.069 1426.411 1419.727 1414.3 1406.619 1401.279 1397.542 1396.702 1397.138 1399.464 1402.046 1403.305 1404.169 1407.898 1408.762 1408.683 1409.055 1411.975 1415.105 1418.66 1425.183 1431.916 1433.576 1435.347 1435.738 1435.805 1436.435 1437.163 1437.766 1439.498 1440.535 1445.299 1451.677 1458.103
1589.786 1595.702 1599.265 1601.489 1603.103 1602.579 1598.956 1592.016 1583.721 1577.187 1572.49 1569.178 1567.295 1567.021 1567.265 1566.063 1563.137 1557.761 1550.011 1540.939 1532.161 1525.322 1518.852 1510.172 1497.741 1487.029 1478.645 1471.149 1466.133 1461.668 1458.12 1454.566 1449.419 1446.792 1444.695 1440.071 1438.901 1434.346 1429.589 1423.4 1414.807 1406.305 1397.982 1393.15 1390.812 1391.21 1393.918 1396.394 1396.744 1398.895 1399.801 1399.882 1399.854 1401.048 1404.52 1407.915 1415.36 1423.188 1427.818 1432.413 1433.163 1433.477 1435.292 1436.002 1436.704 1437.293 1437.6 1439.913 1445.412 1451.816
-9999 1617.578 1624.632 1630.584 1636.222 1638.166 1635.458 1628.102 1619.463 1612.676 1607.152 1602.575 1599.385 1597.027 1594.064 1589.196 1584.967 1580.895 1576.081 1570.156 1563.237 1556.724 1550.085 1542.098 1532.281 1523.4 1514.398 1504.641 1496.916 1489.007 1481.839 1473.731 1465.256 1460.06 1452.421 1446.18 1445.223 1442.256 1438.77 1433.151 1425.166 1416.513 1405.649 1395.741 1390.347 1388.451 1388.659 1389.941 1388.02 1388.079 1389.529 1390.313 1390.497 1391.384 1394.227 1398.04 1404.949 1411.932 1417.947 1423.226 1425.137 1427.79 1432.323 1433.536 1435.295 1435.297 1435.908 1436.686 1439.95 1445.526
-9999 -9999 -9999 -9999 1662.4 1667.484 1667.493 -9999 -9999 1649.995 1642.646 1635.158 1629.348 1624.163 1618.066 1610.372 1605.656 1603.029 1600.612 1596.973 1591.342 1584.121 1577.659 1571.118 1563.419 1554.84 1545.955 1537.639 1530.382 1523.821 1515.127 1502.278 1489.038 1481.184 1464.256 1453.383 1450.953 1447.656 1445.568 1442.354 1436.266 1428.668 1417.437 1405.371 1395.49 1389.929 1386.316 1384.61 1381.656 1379.207 1379.216 1380.507 1381.356 1383.781 1386.917 1390.699 1395.152 1400.314 1405.917 1411.5 1415.238 1418.915 1423.922 1427.791 1432.367 1433.089 1433.308 1433.568 1436.275 1439.722
-9999 -9999 -9999 -9999 -9999 -9999 -9999 -9999 -9999 -9999 -9999 1665.667 1657.78 1650.345 -9999 -9999 -9999 1626.659 1624.738 1621.151 1614.841 1607.238 1601.492 1596.494 1590.422 1582.162 1574.482 1567.178 1559.75 1552.335 1542.841 1530.061 1512.979 1495.36 1476.544 1462.212 1456.66 1452.271 1451.578 1450.705 1445.708 1439.911 1429.857 1417.774 1406.304 1397.669 1391.174 1386.683 1385.395 1377.102 1374.779 1372.68 1372.788 1375.679 1380.482 1385.343 1389.566 1391.616 1395.074 1400.019 1404.853 1408.987 1413.203 1418.059 1423.04 1424.727 1427.141 1429.778 1432.909 1434.174
-9999 -9999 -9999 -9999 -9999 -9999 -9999 -9999 -9999 -9999 -9999 -9999 -9999 -9999 -9999 -9999 -9999 -9999 -9999 -9999 -9999 -9999 1622.449 1616.887 1611.029 1603.876 1597.813 1591.516 1583.762 1575.889 1565.583 1552.466 1535.837 1515.254 1493.48 1476.512 1466.617 1460.693 1459.013 1458.268 1452.541 1447.72 1440.603 1430.352 1419.594 1410.701 1403.438 1398.191 1392.874 1384.716 1377.812 1373.027 1370.262 1370.315 1373.333 1379.837 1384.394 1387.232 1388.867 1391 1394.647 1399.16 1402.711 1406.209 1410.653 1413.058 1417.616 1422.895 1427.063 1429.884
-9999 -9999 -9999 -9999 -9999 -9999 -9999 -9999 -9999 -9999 -9999 -9999 -9999 -9999 -9999 -9999 -9999 -9999 -9999 -9999 -9999 -9999 -9999 -9999 -9999 1622.077 1615.292 1608.235 1601.756 1594.969 1584.344 1571.165 1555.546 1537.341 1516.936 1498.983 1485.5 1477.337 1472.473 1469.794 1459.785 1454.273 1448.575 1441.436 1432.898 1424.471 1418.32 1414.358 1407.974 1399.738 1391.152 1381.502 1373.944 1369.644 1369.525 1372.887 1378.305 1383.648 1384.517 1384.936 1387.8 1390.81 1393.337 1394.977 1398.514 1401.138 1406.079 1412.508 1419.596 1425.174
-9999 -9999 -9999 -9999 -9999 -9999 -9999 -9999 -9999 -9999 -9999 -9999 -9999 -9999 -9999 -9999 -9999 -9999 -9999 -9999 -9999 -9999 -9999 -9999 -9999 -9999 -9999 -9999 -9999 1609.352 1599.441 1586.943 1572.57 1556.711 1539.907 1522.996 1508.363 1497.554 1488.872 1477.124 1465.928 1459.174 1454.42 1449.234 1443.328 1436.542 1431.155 1428.514 1423.098 1416.456 1408.106 1396.679 1383.877 1374.725 1370.82 1370.202 1372.817 1377.428 1379.784 1381.769 1384.609 1386.394 1388.004 1389.459 1391.07 1394.318 1397.516 1402.849 1410.385 1419.615
-9999 -9999 -9999 -9999 -9999 -9999 -9999 -9999 -9999 -9999 -9999 -9999 -9999 -9999 -9999 -9999 -9999 -9999 -9999 -9999 -9999 -9999 -9999 -9999 -9999 -9999 -9999 -9999 -9999 -9999 1612.402 1600.606 1587.387 1573.208 1558.654 1544.238 1529.774 1516.883 1504.738 1491.268 1476.152 1465.208 1458.898 1454.107 1448.155 1444.801 1440.147 1438.258 1433.702 1429.683 1423.385 1413.749 1400.76 1388.489 1379.851 1374.613 1374.607 1373.135 1377.741 1381.19 1384.588 1387.419 1390.512 1391.791 1395.868 1395.99 1396.463 1397.309 1403.42 1413.053
-9999 -9999 -9999 -9999 -9999 -9999 -9999 -9999 -9999 -9999 -9999 -9999 -9999 -9999 -9999 -9999 -9999 -9999 -9999 -9999 -9999 -9999 -9999 -9999 -9999 -9999 -9999 -9999 -9999 -9999 -9999 -9999 1600.716 1587.531 1574.248 1561.11 1548 1534.088 1520.052 1505.346 1489.923 1474.288 1464.536 1458.657 1454.453 1451.351 1446.201 1443.482 1440.119 1438.965 1435.289 1428.78 1419.221 1407.583 1396.535 1388.399 1384.702 1382.871 1383.843 1384.679 1386.906 1391.125 1396.531 1399.553 1402.337 1400.058 1399.713 1397.558 1400.002 1408.442
-9999 -9999 -9999 -9999 -9999 -9999 -9999 -9999 -9999 -9999 -9999 -9999 -9999 -9999 -9999 -9999 -9999 -9999 -9999 -9999 -9999 -9999 -9999 -9999 -9999 -9999 -9999 -9999 -9999 -9999 -9999 -9999 -9999 1600.603 1588.024 1575.808 1563.406 1549.991 1535.094 1519.187 1502.481 1485.7 1472.604 1463.981 1459.364 1456.937 1452.007 1448.959 1445.925 1445.305 1442.705 1439.676 1434.323 1425.489 1414.637 1406.126 1399.057 1394.427 1391.668 1390.603 1391.24 1396.669 1402.264 1404.118 1404.661 1402.372 1399.957 1397.528 1397.277 1405.786
-9999 -9999 -9999 -9999 -9999 -9999 -9999 -9999 -9999 -9999 -9999 -9999 -9999 -9999 -9999 -9999 -9999 -9999 -9999 -9999 -9999 -9999 -9999 -9999 -9999 -9999 -9999 -9999 -9999 -9999 -9999 -9999 -9999 -9999 -9999 -9999 -9999 1565.371 1550.4 1534.051 1516.769 1499.107 1482.739 1470.511 1463.725 1460.191 1457.748 1456.28 1452.43 1451.273 1449.417 1448.44 1444.768 1438.053 1429.683 1422.688 1415.525 1409.059 1403.728 1399.889 1398.118 1402.279 1405.35 1406.576 1406.757 1404.497 1402.042 1399.724 1396.985 1404.936
-9999 -9999 -9999 -9999 -9999 -9999 -9999 -9999 -9999 -9999 -9999 -9999 -9999 -9999 -9999 -9999 -9999 -9999 -9999 -9999 -9999 -9999 -9999 -9999 -9999 -9999 -9999 -9999 -9999 -9999 -9999 -9999 -9999 -9999 -9999 -9999 -9999 -9999 1566.656 1550.506 1533.652 1516.101 1497.53 1480.86 1471.34 1466.613 1465.067 1463.554 1460.822 1459.051 1458.33 1457.133 1451.995 1445.632 1439.619 1435.744 1430.699 1424.187 1418.344 1412.519 1408.136 1408.582 1409.069 1409.204 1409.082 1406.592 1404.378 1402.362 1397.305 1402.972
