backend/lakes/data/Lake Minnewanka/mini_dem_tm.asc
ncols         387
nrows         144
xllcorner     464150
yllcorner     5672500
cellsize      50
NODATA_value  -9999
[rows 93 to 123 of 144, columns 280 to 349 of 387]
-9999 -9999 -9999 -9999 -9999 -9999 -9999 1638.971 1624.396 1607.239 1591.845 1578.529 1567.817 1559.604 1552.877 1548.912 1545.073 1540.998 1532.219 1521.38 1509.632 1497.05 1486.596 1476.95 1469.318 1462.285 1455.421 1449.454 1444.251 1438.538 1431.125 1421.662 1413.193 1407.421 1404.432 1403.052 1403.125 1406.317 1413.881 1427.615 1440.547 1446.381 1449.179 1451.703 1453.777 1455.607 1457.805 1459.582 1461.215 1462.078 1463.951 1468.346 1473.219 1485.404 1499.691 1514.933 1530.991 -9999 -9999 -9999 -9999 -9999 -9999 -9999 -9999 -9999 -9999 -9999 -9999 -9999
-9999 -9999 -9999 -9999 -9999 1610.205 1606.359 1598.939 1587.632 1573.887 1564.047 1555.534 1548.241 1542.621 1536.437 1531.726 1526.581 1519.655 1509.853 1498.214 1487.397 1477.123 1467.554 1458.862 1450.304 1441.75 1435.638 1432.436 1428.679 1424.197 1417.895 1410.793 1406.694 1404.245 1402.939 1402.066 1402.948 1408.454 1419.443 1434.341 1444.676 1447.573 1451.567 1453.9 1456.056 1457.889 1460.436 1461.916 1463.799 1463.952 1466.063 1472.026 1482.6 1497.526 1514.196 1532.295 1551.438 -9999 -9999 -9999 -9999 -9999 -9999 -9999 -9999 -9999 -9999 -9999 -9999 -9999
-9999 -9999 1585.524 1581.384 1578.974 1575.774 1570.405 1561.612 1551.518 1541.155 1534.955 1530.144 1524.826 1521.466 1518.223 1514.998 1509.962 1501.241 1491.239 1479.589 1472.098 1464.627 1457.05 1448.217 1437.801 1428.478 1422.905 1421.37 1419.062 1414.797 1409.599 1405.911 1404.153 1403.461 1402.903 1401.172 1402.969 1410.564 1424.747 1440.012 1448.523 1451.653 1453.943 1455.751 1457.883 1460.862 1463.713 1463.989 1466.024 1467.644 1471.469 1481.687 1496.118 1512.994 1531.9 1552.503 1574.516 -9999 -9999 -9999 -9999 -9999 -9999 -9999 -9999 -9999 -9999 -9999 -9999 -9999
1560.965 1556.959 1553.739 1551.025 1549.016 1546.035 1539.973 1529.929 1519.082 1508.57 1502.941 1500.306 1498.935 1499.494 1499.727 1499.161 1495.867 1485.887 1475.91 1468.97 1463.526 1457.379 1449.512 1438.802 1428.287 1421.449 1418.112 1416.847 1414.328 1409.412 1406.038 1404.181 1403.428 1402.914 1401.285 1400.185 1403.169 1413.32 1429.277 1443.864 1451.398 1454.295 1456.006 1457.842 1460.652 1464.074 1466.174 1466.946 1469.587 1471.723 1480.169 1494.29 1511.432 1530.936 1552.261 1575.286 -9999 -9999 -9999 -9999 -9999 -9999 -9999 -9999 -9999 -9999 -9999 -9999 -9999 -9999
1531.828 1528.907 1526.015 1523.825 1521.947 1519.275 1512.971 1503.109 1492.823 1482.359 1476.952 1475.451 1476.37 1480.479 1482.822 1483.967 1482.814 1474.12 1468.003 1463.216 1457.99 1451.553 1442.065 1430.893 1422.609 1418.582 1416.389 1414.413 1409.618 1406.525 1404.441 1403.584 1402.946 1401.249 1399.403 1399.178 1403.584 1416.131 1432.85 1445.948 1452.118 1455.673 1457.866 1460.621 1464.443 1469.275 1469.99 1470.372 1474.221 1480.143 1491.41 1507.966 1528.835 1551.373 1575.189 1600.078 -9999 -9999 -9999 -9999 -9999 -9999 -9999 -9999 -9999 -9999 -9999 -9999 -9999 -9999
1505.48 1503.518 1501.656 1499.728 1497.484 1495.138 1490.481 1482.432 1474.303 1468.652 1464.602 1463.774 1464.846 1469.087 1470.46 1471.533 1470.994 1467.393 1463.214 1458.353 1454.115 1447.164 1436.166 1425.906 1422.705 1418.027 1414.471 1409.644 1406.348 1404.689 1403 1402.821 1402.546 1399.547 1397.908 1398.735 1404.681 1419.471 1437.271 1449.962 1454.758 1457.736 1460.775 1464.426 1469.542 1473.235 1474.608 1476.543 1481.89 1491.156 1505.819 1526.112 1549.591 1574.416 1599.934 -9999 -9999 -9999 -9999 -9999 -9999 -9999 -9999 -9999 -9999 -9999 -9999 -9999 -9999 -9999
1487.357 1485.088 1482.897 1479.874 1475.819 1473.381 1470.5 1467.353 1464.306 1463.207 1460.979 1460.062 1461.033 1463.729 1464.425 1467.482 1466.111 1463.256 1458.386 1455.103 1450.69 1441.913 1430.618 1421.997 1419.347 1415.296 1409.863 1405.712 1402.847 1402.449 1400.04 1399.683 1397.26 1396.839 1396.844 1399.105 1406.85 1422.821 1440.093 1451.275 1455.468 1458.02 1463.752 1469.55 1474.215 1477.605 1480.055 1483.924 1491.567 1504.33 1523.33 1546.461 1571.837 1598.258 -9999 -9999 -9999 -9999 -9999 -9999 -9999 -9999 -9999 -9999 -9999 -9999 -9999 -9999 -9999 -9999
1474.235 1471.303 1469.047 1465.869 1461.804 1459.665 1458.065 1457.964 1457.76 1457.861 1457.692 1457.702 1458.866 1460.969 1461.994 1463.822 1463.347 1458.6 1454.578 1451.192 1444.85 1435.518 1425.543 1420.031 1417.667 1414.411 1408.305 1402.26 1397.441 1396.936 1396.412 1396.382 1395.865 1395.965 1396.82 1399.736 1408.297 1424.67 1441.121 1451.38 1455.854 1458.93 1466.566 1473.767 1479.105 1483.052 1486.552 1492.32 1502.638 1519.13 1540.942 1565.573 -9999 -9999 -9999 -9999 -9999 -9999 -9999 -9999 -9999 -9999 -9999 -9999 -9999 -9999 -9999 -9999 -9999 -9999
1462.335 1460.001 1457.407 1454.806 1451.914 1449.488 1449.044 1451.214 1451.508 1451.607 1451.873 1452.284 1454.568 1457.26 1457.94 1458.261 1457.939 1454.819 1450.854 1444.982 1436.797 1428.187 1421.524 1417.704 1414.6 1409.138 1402.754 1397.347 1395.936 1395.052 1394.966 1395.43 1396.875 1396.831 1397.181 1401.013 1411.07 1427.627 1442.667 1451.933 1457.623 1463.357 1470.321 1478.339 1484.838 1489.938 1494.274 1501.871 1514.857 1532.931 -9999 -9999 -9999 -9999 -9999 -9999 -9999 -9999 -9999 -9999 -9999 -9999 -9999 -9999 -9999 -9999 -9999 -9999 -9999 -9999
1449.849 1448.625 1446.82 1445.999 1444.862 1442.561 1441.021 1443.161 1442.163 1441.933 1443.12 1443.954 1445.73 1448.805 1451.215 1451.669 1450.912 1447.739 1442.467 1435.904 1428.401 1422.057 1418.232 1414.531 1409.044 1402.726 1397.172 1394.511 1394.579 1395.633 1396.766 1397.495 1401.205 1399.57 1399.414 1403.941 1415.773 1432.271 1446.577 1454.109 1458.612 1466.053 1473.818 1482.771 1491.355 1498.487 1503.466 1513.187 -9999 -9999 -9999 -9999 -9999 -9999 -9999 -9999 -9999 -9999 -9999 -9999 -9999 -9999 -9999 -9999 -9999 -9999 -9999 -9999 -9999 -9999
1440.297 1439.839 1439.214 1438.625 1436.59 1434.944 1432.157 1430.674 1427.743 1426.531 1427.422 1428.715 1431.527 1435.805 1439.487 1440.154 1438.558 1435.512 1430.581 1425.024 1420.83 1417.295 1413.98 1408.558 1402.638 1397.191 1394.878 1394.935 1397.165 1401.178 1404.005 1405.087 1405.994 1405.369 1405.848 1411.04 1422.673 1437.716 1450.5 1457.451 1461.219 1467.508 1476.73 1487.231 1498.108 1507.614 1515.326 -9999 -9999 -9999 -9999 -9999 -9999 -9999 -9999 -9999 -9999 -9999 -9999 -9999 -9999 -9999 -9999 -9999 -9999 -9999 -9999 -9999 -9999 -9999
1433.39 1432.596 1430.305 1428.397 1425.152 1422.969 1418.64 1415.119 1412.125 1410.327 1410.337 1411.232 1414.142 1419.291 1422.511 1423.108 1421.932 1420.389 1417.403 1413.292 1411.391 1409.993 1405.67 1400.538 1396.956 1395.305 1396.794 1400.182 1406.17 1414.934 1419.552 1421.917 1422.434 1421.97 1421.748 1424.152 1432.602 1443.568 1454.041 1460.523 1464.359 1470.954 1481.037 1492.233 1503.907 1517.112 1527.004 -9999 -9999 -9999 -9999 -9999 -9999 -9999 -9999 -9999 -9999 -9999 -9999 -9999 -9999 -9999 -9999 -9999 -9999 -9999 -9999 -9999 -9999 -9999
1426.696 1423.356 1418.974 1415.399 1412.699 1410.972 1406.918 1403.814 1403.244 1405.096 1405.075 1403.095 1403.047 1405.961 1407.273 1407.521 1407.132 1406.793 1405.677 1402.794 1400.663 1399.784 1397.223 1395.733 1395.671 1397.175 1402.693 1409.927 1419.609 1430.174 1435.302 1438.622 1439.628 1439.543 1438.583 1438.47 1442.971 1450.836 1458.74 1465.949 1470.724 1478.303 1488.572 1500.081 1512.565 1526.022 -9999 -9999 -9999 -9999 -9999 -9999 -9999 -9999 -9999 -9999 -9999 -9999 -9999 -9999 -9999 -9999 -9999 -9999 -9999 -9999 -9999 -9999 -9999 -9999
1418.104 1412.623 1408.226 1404.074 1403.139 1403.23 1402.942 1403.163 1405.448 1408.786 1408.826 1405.976 1403.674 1402.974 1402.945 1402.515 1401.444 1400.965 1399.654 1396.939 1395.269 1394.509 1394.27 1396.044 1399.872 1404.249 1412.051 1421.478 1431.968 1439.612 1437.977 1440.863 1443.797 1445.38 1444.465 1446.068 1450.962 1457.648 1465.662 1473.045 1479.754 1488.392 1499.046 1510.562 1523.274 1536.996 -9999 -9999 -9999 -9999 -9999 -9999 -9999 -9999 -9999 -9999 -9999 -9999 -9999 -9999 -9999 -9999 -9999 -9999 -9999 -9999 -9999 -9999 -9999 -9999
1409.637 1403.293 1399.546 1397.106 1399.08 1402.825 1404.097 1405.783 1408.865 1410.573 1410.869 1409.159 1408.809 1408.831 1408.441 1406.116 1403.458 1403.014 1401.62 1399.374 1397.007 1396.034 1397.46 1402.043 1409.74 1416.071 1423.838 1432.697 1441.196 1444.921 1443.992 1445.04 1445.888 1446.389 1446.696 1451.46 1457.807 1465.026 1474.075 1483.126 1491.383 1501.145 1512.035 1523.497 1536.283 1550.447 -9999 -9999 -9999 -9999 -9999 -9999 -9999 -9999 -9999 -9999 -9999 -9999 -9999 -9999 -9999 -9999 -9999 -9999 -9999 -9999 -9999 -9999 -9999 -9999
1406.19 1397.734 1393.894 1393.162 1397.038 1402.799 1405.355 1407.119 1409.066 1410.97 1412.717 1412.61 1412.968 1414.782 1415.172 1414.267 1412.262 1412.177 1410.499 1408.893 1406.289 1404.877 1408.533 1414.988 1423.129 1430.308 1436.638 1443.983 1450.861 1452.856 1452.63 1453.892 1454.126 1453.679 1456.461 1462.27 1470.094 1478.547 1489.965 1498.698 1507.136 1518.242 1528.783 1539.477 1552.017 -9999 -9999 -9999 -9999 -9999 -9999 -9999 -9999 -9999 -9999 -9999 -9999 -9999 -9999 -9999 -9999 -9999 -9999 -9999 -9999 -9999 -9999 -9999 -9999 -9999
1406.066 1396.919 1391.622 1390.882 1396.388 1402.818 1405.877 1407.522 1409.024 1410.382 1413.427 1415.084 1415.536 1418.117 1420.973 1421.306 1421.665 1423.439 1423.743 1422.975 1421.041 1420.432 1423.574 1430.263 1437.589 1444.46 1451.086 1459.131 1466.176 1468.187 1467.665 1469.182 1470.254 1471.589 1475.961 1482.064 1491.39 1499.468 1508.749 1517.823 1528.083 1540.021 1549.561 -9999 -9999 -9999 -9999 -9999 -9999 -9999 -9999 -9999 -9999 -9999 -9999 -9999 -9999 -9999 -9999 -9999 -9999 -9999 -9999 -9999 -9999 -9999 -9999 -9999 -9999 -9999
1405.809 1396.592 1390.828 1390.222 1394.203 1401.374 1405.03 1406.801 1408.084 1409.65 1414.905 1418.132 1420.682 1421.984 1426.676 1428.241 1430.57 1433.105 1435.082 1435.362 1435.006 1435.204 1437.742 1444.309 1451.872 1460.051 1469.521 1480.106 1489.662 1492.47 1491.175 1492.465 1493.811 1496.198 1501.363 1508.667 1516.56 1523.224 1530.311 1539.037 1550.606 1563.216 -9999 -9999 -9999 -9999 -9999 -9999 -9999 -9999 -9999 -9999 -9999 -9999 -9999 -9999 -9999 -9999 -9999 -9999 -9999 -9999 -9999 -9999 -9999 -9999 -9999 -9999 -9999 -9999
1402.219 1394.116 1390.276 1389.527 1391.201 1395.46 1402.67 1406.029 1409.069 1414.161 1418.084 1421.518 1424.849 1427.682 1433.06 1436.588 1438.87 1439.607 1440.852 1442.516 1444.729 1447.575 1452.156 1459.788 1469.016 1479.404 1493.176 1506.271 1515.385 1517.759 1515.545 1514.486 1515.188 1518.848 1526.106 1535.308 1542.458 1547.831 1553.241 1561.488 1574.77 -9999 -9999 -9999 -9999 -9999 -9999 -9999 -9999 -9999 -9999 -9999 -9999 -9999 -9999 -9999 -9999 -9999 -9999 -9999 -9999 -9999 -9999 -9999 -9999 -9999 -9999 -9999 -9999 -9999
1396.484 1391.013 1389.65 1388.896 1389.565 1393.722 1401.848 1405.921 1409.461 1415.662 1421.569 1426.938 1430.507 1434.148 1439.566 1444.491 1445.458 1445.5 1446.668 1449.909 1453.984 1460.584 1470.333 1480.781 1491.702 1504.293 1519.003 1532.409 1540.135 1541.006 1536.542 1533.411 1532.979 1537.245 1545.845 1555.225 1563.74 1570.918 1577.39 1586.483 -9999 -9999 -9999 -9999 -9999 -9999 -9999 -9999 -9999 -9999 -9999 -9999 -9999 -9999 -9999 -9999 -9999 -9999 -9999 -9999 -9999 -9999 -9999 -9999 -9999 -9999 -9999 -9999 -9999 -9999
1392.408 1390.804 1389.113 1388.517 1388.098 1391.198 1399.788 1407.114 1413.173 1420.832 1427.336 1432.987 1437.072 1441.559 1445.869 1450.984 1452.393 1454.262 1458.849 1464.913 1470.23 1478.643 1490.726 1502.698 1514.64 1527.676 1540.895 1549.971 1555.908 1556.09 1551.93 1548.509 1546.852 1551.356 1560.653 1571.562 1582.646 1592.961 1601.06 -9999 -9999 -9999 -9999 -9999 -9999 -9999 -9999 -9999 -9999 -9999 -9999 -9999 -9999 -9999 -9999 -9999 -9999 -9999 -9999 -9999 -9999 -9999 -9999 -9999 -9999 -9999 -9999 -9999 -9999 -9999
1398.913 1396.556 1391.464 1390.575 1388.706 1392.02 1401.523 1411.498 1419.849 1427.198 1433.203 1437.932 1442.277 1446.722 1452.383 1459.642 1464.478 1470.587 1479.28 1487.538 1493.71 1502.678 1514.267 1525.157 1535.813 1547.612 1558.302 1565.844 1569.966 1569.813 1566.413 1562.353 1559.527 1564.982 1574.438 1586.487 1599.961 -9999 -9999 -9999 -9999 -9999 -9999 -9999 -9999 -9999 -9999 -9999 -9999 -9999 -9999 -9999 -9999 -9999 -9999 -9999 -9999 -9999 -9999 -9999 -9999 -9999 -9999 -9999 -9999 -9999 -9999 -9999 -9999 -9999
1403.397 1402.281 1396.494 1392.809 1391.589 1398.89 1409.1 1417.343 1424.535 1432.177 1438.108 1442.805 1447.728 1453.745 1462.415 1473.083 1482.906 1492.327 1501.002 1509.083 1516.638 1526.336 1537.547 1546.271 1554.407 1564.602 1574.013 1581.13 -9999 -9999 -9999 -9999 -9999 -9999 -9999 -9999 -9999 -9999 -9999 -9999 -9999 -9999 -9999 -9999 -9999 -9999 -9999 -9999 -9999 -9999 -9999 -9999 -9999 -9999 -9999 -9999 -9999 -9999 -9999 -9999 -9999 -9999 -9999 -9999 -9999 -9999 -9999 -9999 -9999 -9999
1402.928 1400.944 1397.752 1396.73 1398.765 1408.407 1416.495 1423.354 1428.477 1434.738 1442.604 1450.162 1457.495 1467.43 1478.877 1492.591 1503.691 1513.572 1522.383 1529.737 1537.031 1546.26 1555.441 1563.622 1571.619 1580.823 -9999 -9999 -9999 -9999 -9999 -9999 -9999 -9999 -9999 -9999 -9999 -9999 -9999 -9999 -9999 -9999 -9999 -9999 -9999 -9999 -9999 -9999 -9999 -9999 -9999 -9999 -9999 -9999 -9999 -9999 -9999 -9999 -9999 -9999 -9999 -9999 -9999 -9999 -9999 -9999 -9999 -9999 -9999 -9999
1402.219 1401.16 1400.781 1403.891 1410.269 1418.748 1424.755 1430.094 1435.016 1442.6 1451.739 1461.788 1473.923 1488.649 1501.876 1515.359 1525.925 1534.818 1543.294 1549.326 1555.203 1563.281 1571.539 1579.763 -9999 -9999 -9999 -9999 -9999 -9999 -9999 -9999 -9999 -9999 -9999 -9999 -9999 -9999 -9999 -9999 -9999 -9999 -9999 -9999 -9999 -9999 -9999 -9999 -9999 -9999 -9999 -9999 -9999 -9999 -9999 -9999 -9999 -9999 -9999 -9999 -9999 -9999 -9999 -9999 -9999 -9999 -9999 -9999 -9999 -9999
1407.116 1407.771 1411.186 1416.274 1423.205 1430.298 1436.308 1441.732 1448.13 1457.088 1467.778 1480.838 1496.395 1512.684 1527.201 1540.411 1549.106 1555.45 1562.272 1568.234 1574.403 -9999 -9999 -9999 -9999 -9999 -9999 -9999 -9999 -9999 -9999 -9999 -9999 -9999 -9999 -9999 -9999 -9999 -9999 -9999 -9999 -9999 -9999 -9999 -9999 -9999 -9999 -9999 -9999 -9999 -9999 -9999 -9999 -9999 -9999 -9999 -9999 -9999 -9999 -9999 -9999 -9999 -9999 -9999 -9999 -9999 -9999 -9999 -9999 -9999
1421.206 1422.608 1426.74 1432.831 1438.927 1445.505 1452.618 1459.631 1468.56 1478.455 1490.647 1504.867 1521.323 1538.266 1552.572 1565.028 1572.808 1577.621 1582.292 -9999 -9999 -9999 -9999 -9999 -9999 -9999 -9999 -9999 -9999 -9999 -9999 -9999 -9999 -9999 -9999 -9999 -9999 -9999 -9999 -9999 -9999 -9999 -9999 -9999 -9999 -9999 -9999 -9999 -9999 -9999 -9999 -9999 -9999 -9999 -9999 -9999 -9999 -9999 -9999 -9999 -9999 -9999 -9999 -9999 -9999 -9999 -9999 -9999 -9999 -9999
1436.586 1439.088 1443.995 1450.967 1457.61 1464.984 1473.964 1483.491 1495.747 1506.36 1517.725 1530.869 1546.52 1562.503 1577.372 1590.125 1597.152 -9999 -9999 -9999 -9999 -9999 -9999 -9999 -9999 -9999 -9999 -9999 -9999 -9999 -9999 -9999 -9999 -9999 -9999 -9999 -9999 -9999 -9999 -9999 -9999 -9999 -9999 -9999 -9999 -9999 -9999 -9999 -9999 -9999 -9999 -9999 -9999 -9999 -9999 -9999 -9999 -9999 -9999 -9999 -9999 -9999 -9999 -9999 -9999 -9999 -9999 -9999 -9999 -9999
1450.817 1455.706 1462.922 1472.362 1481.573 1491.424 1502.534 1512.956 1524.353 1535.662 1545.745 1556.886 1571.099 1586.034 1601.065 -9999 -9999 -9999 -9999 -9999 -9999 -9999 -9999 -9999 -9999 -9999 -9999 -9999 -9999 -9999 -9999 -9999 -9999 -9999 -9999 -9999 -9999 -9999 -9999 -9999 -9999 -9999 -9999 -9999 -9999 -9999 -9999 -9999 -9999 -9999 -9999 -9999 -9999 -9999 -9999 -9999 -9999 -9999 -9999 -9999 -9999 -9999 -9999 -9999 -9999 -9999 -9999 -9999 -9999 -9999
1469.417 1478.39 1489.429 1502.353 1514.349 1526.073 1535.996 1544.465 1553.333 1563.368 1572.813 1583.271 1596.187 1609.787 -9999 -9999 -9999 -9999 -9999 -9999 -9999 -9999 -9999 -9999 -9999 -9999 -9999 -9999 -9999 -9999 -9999 -9999 -9999 -9999 -9999 -9999 -9999 -9999 -9999 -9999 -9999 -9999 -9999 -9999 -9999 -9999 -9999 -9999 -9999 -9999 -9999 -9999 -9999 -9999 -9999 -9999 -9999 -9999 -9999 -9999 -9999 -9999 -9999 -9999 -9999 -9999 -9999 -9999 -9999 -9999
1497.532 1510.641 1524.907 1538.059 1549.645 1559.653 1567.575 1574.452 1582.098 1591.36 1600.042 1609.872 -9999 -9999 -9999 -9999 -9999 -9999 -9999 -9999 -9999 -9999 -9999 -9999 -9999 -9999 -9999 -9999 -9999 -9999 -9999 -9999 -9999 -9999 -9999 -9999 -9999 -9999 -9999 -9999 -9999 -9999 -9999 -9999 -9999 -9999 -9999 -9999 -9999 -9999 -9999 -9999 -9999 -9999 -9999 -9999 -9999 -9999 -9999 -9999 -9999 -9999 -9999 -9999 -9999 -9999 -9999 -9999 -9999 -9999
