backend/lakes/data/Lake Minnewanka/mini_dem_tm.asc
ncols         387
nrows         144
xllcorner     464150
yllcorner     5672500
cellsize      50
NODATA_value  -9999
[rows 62 to 92 of 144, columns 210 to 279 of 387]
1409.207 1415.331 1420.118 1422.773 1424.289 1425.474 1426.363 1427.129 1427.966 1429.765 1433.741 1439.117 1443.017 1446.3 1451.81 1458.05 1463.292 1465.184 1466.854 1471.989 1485.373 1501.702 1518.348 1534.551 1550.44 -9999 -9999 -9999 -9999 -9999 -9999 -9999 -9999 -9999 -9999 -9999 -9999 -9999 -9999 -9999 -9999 -9999 -9999 -9999 -9999 -9999 -9999 -9999 -9999 -9999 -9999 -9999 -9999 -9999 -9999 -9999 -9999 -9999 -9999 -9999 -9999 -9999 -9999 -9999 -9999 -9999 -9999 -9999 -9999 -9999
1408.926 1415.138 1419.372 1421.359 1422.432 1423.723 1423.887 1423.88 1423.85 1424.285 1427.336 1432.94 1438.611 1442.663 1446.354 1451.891 1458.1 1463.57 1466.054 1469.937 1479.271 1494.162 1508.207 1521.958 1535.811 -9999 -9999 -9999 -9999 -9999 -9999 -9999 -9999 -9999 -9999 -9999 -9999 -9999 -9999 -9999 -9999 -9999 -9999 -9999 -9999 -9999 -9999 -9999 -9999 -9999 -9999 -9999 -9999 -9999 -9999 -9999 -9999 -9999 -9999 -9999 -9999 -9999 -9999 -9999 -9999 -9999 -9999 -9999 -9999 -9999
1408.535 1414.533 1417.971 1418.491 1417.494 1415.956 1415.651 1415.62 1415.623 1415.786 1417.574 1422.764 1430.198 1437.894 1442.483 1446.273 1452.451 1460.203 1464.771 1467.685 1472.976 1485.754 1498.833 1510.677 1522.683 1535.471 -9999 -9999 -9999 -9999 -9999 -9999 -9999 -9999 -9999 -9999 -9999 -9999 -9999 -9999 -9999 -9999 -9999 -9999 -9999 -9999 -9999 -9999 -9999 -9999 -9999 -9999 -9999 -9999 -9999 -9999 -9999 -9999 -9999 -9999 -9999 -9999 -9999 -9999 -9999 -9999 -9999 -9999 -9999 -9999
1405.341 1409.374 1414.128 1414.451 1411.78 1409.366 1409.012 1409.049 1408.975 1407.617 1404.831 1408.067 1417.027 1427.846 1436.03 1440.279 1446.591 1455.341 1463.247 1466.753 1470.764 1480.296 1491.047 1500.678 1510.83 1521.826 1534.284 -9999 -9999 -9999 -9999 -9999 -9999 -9999 -9999 -9999 -9999 -9999 -9999 -9999 -9999 -9999 -9999 -9999 -9999 -9999 -9999 -9999 -9999 -9999 -9999 -9999 -9999 -9999 -9999 -9999 -9999 -9999 -9999 -9999 -9999 -9999 -9999 -9999 -9999 -9999 -9999 -9999 -9999 -9999
1402.603 1403.212 1406.036 1406.032 1403.634 1402.839 1402.895 1402.942 1402.556 1398.663 1392.88 1393.522 1401.136 1412.584 1422.769 1430.74 1438.998 1449 1459.038 1464.926 1469.801 1476.419 1484.996 1492.252 1500.2 1509.26 1519.216 1532.936 -9999 -9999 -9999 -9999 -9999 -9999 -9999 -9999 -9999 -9999 -9999 -9999 -9999 -9999 -9999 -9999 -9999 -9999 -9999 -9999 -9999 -9999 -9999 -9999 -9999 -9999 -9999 -9999 -9999 -9999 -9999 -9999 -9999 -9999 -9999 -9999 -9999 -9999 -9999 -9999 -9999 -9999
1403.299 1401.105 1401.101 1399.656 1396.871 1396.185 1396.674 1396.877 1396.992 1391.692 1386.488 1384.307 1387.582 1396.281 1405.027 1415.261 1426.35 1438.51 1450.225 1459.755 1465.841 1470.835 1477.391 1483.677 1490.267 1497.919 1504.779 1516.707 1532.497 -9999 -9999 -9999 -9999 -9999 -9999 -9999 -9999 -9999 -9999 -9999 -9999 -9999 -9999 -9999 -9999 -9999 -9999 -9999 -9999 -9999 -9999 -9999 -9999 -9999 -9999 -9999 -9999 -9999 -9999 -9999 -9999 -9999 -9999 -9999 -9999 -9999 -9999 -9999 -9999 -9999
1409.091 1403.294 1400.661 1396.615 1390.993 1388.332 1390.135 1391.674 1396.261 1390.897 1384.484 1378.92 1380.422 1385.19 1390.52 1398.868 1410.984 1424.895 1439.163 1451.32 1460.142 1465.866 1470.681 1475.839 1480.604 1487.341 1493.239 1502.564 1516.212 1532.72 -9999 -9999 -9999 -9999 -9999 -9999 -9999 -9999 -9999 -9999 -9999 -9999 -9999 -9999 -9999 -9999 -9999 -9999 -9999 -9999 -9999 -9999 -9999 -9999 -9999 -9999 -9999 -9999 -9999 -9999 -9999 -9999 -9999 -9999 -9999 -9999 -9999 -9999 -9999 -9999
1417.63 1409.834 1405.103 1397.398 1388.652 1384.355 1384.691 1387.333 1390.885 1389.304 1383.827 1378.028 1378.201 1382.222 1387.843 1388.254 1396.945 1409.851 1424.986 1440.096 1451.917 1460.25 1465.767 1469.684 1471.562 1477.016 1483.168 1491.525 1502.583 1516.3 1532.151 -9999 -9999 -9999 -9999 -9999 -9999 -9999 -9999 -9999 -9999 -9999 -9999 -9999 -9999 -9999 -9999 -9999 -9999 -9999 -9999 -9999 -9999 -9999 -9999 -9999 -9999 -9999 -9999 -9999 -9999 -9999 -9999 -9999 -9999 -9999 -9999 -9999 -9999 -9999
1427.176 1419.057 1413.568 1404.984 1394.187 1385.664 1383.019 1384.647 1387.223 1386.598 1379.394 1374.473 1372.963 1377.867 1382.62 1383.155 1386.998 1396.738 1410.659 1426.957 1441.749 1452.44 1460.241 1464.896 1467.168 1470.394 1475.714 1483.399 1492.926 1502.586 1514.734 1529.276 1547.849 -9999 -9999 -9999 -9999 -9999 -9999 -9999 -9999 -9999 -9999 -9999 -9999 -9999 -9999 -9999 -9999 -9999 -9999 -9999 -9999 -9999 -9999 -9999 -9999 -9999 -9999 -9999 -9999 -9999 -9999 -9999 -9999 -9999 -9999 -9999 -9999 -9999
1437.437 1430.489 1424.363 1416.413 1405.388 1394.084 1386.1 1384.686 1384.553 1379.817 1375.479 1372.407 1370.797 1372.872 1377.878 1380.322 1382.887 1387.214 1398.039 1412.906 1428.791 1442.617 1452.64 1460.073 1464.076 1466.922 1470.494 1477.142 1485.939 1492.056 1499.681 1509.707 1525.761 1545.876 -9999 -9999 -9999 -9999 -9999 -9999 -9999 -9999 -9999 -9999 -9999 -9999 -9999 -9999 -9999 -9999 -9999 -9999 -9999 -9999 -9999 -9999 -9999 -9999 -9999 -9999 -9999 -9999 -9999 -9999 -9999 -9999 -9999 -9999 -9999 -9999
1448.16 1442.442 1436.515 1429.474 1419.577 1407.433 1396.152 1390.591 1388.132 1385.3 1377.493 1372.763 1370.299 1369.923 1372.878 1377.716 1380.247 1382.62 1388.918 1400.235 1414.836 1430.018 1443.092 1452.775 1460.018 1464.098 1467.02 1470.838 1476.963 1482.083 1487.352 1494.771 1506.497 1523.477 1544.036 -9999 -9999 -9999 -9999 -9999 -9999 -9999 -9999 -9999 -9999 -9999 -9999 -9999 -9999 -9999 -9999 -9999 -9999 -9999 -9999 -9999 -9999 -9999 -9999 -9999 -9999 -9999 -9999 -9999 -9999 -9999 -9999 -9999 -9999 -9999
1457.643 1453.598 1448.274 1442.444 1434.154 1422.447 1410.059 1400.727 1396.831 1394.106 1385.922 1376.661 1370.69 1368.389 1369.829 1372.971 1378.027 1379.865 1383.167 1389.913 1401.406 1415.797 1430.756 1443.726 1452.979 1459.942 1463.771 1467.052 1470.177 1474.383 1477.808 1483.458 1492.234 1504.79 1521.641 1542.381 1568.685 -9999 -9999 -9999 -9999 -9999 -9999 -9999 -9999 -9999 -9999 -9999 -9999 -9999 -9999 -9999 -9999 -9999 -9999 -9999 -9999 -9999 -9999 -9999 -9999 -9999 -9999 -9999 -9999 -9999 -9999 -9999 -9999 -9999
1467.644 1464.16 1458.592 1454.112 1447.035 1436.781 1425.808 1415.021 1407.487 1402.256 1394.878 1384.308 1374.446 1369.994 1370.719 1372.547 1375.676 1378.505 1380.516 1384.38 1391.229 1402.298 1417.308 1432.754 1444.69 1452.67 1458.342 1463.219 1464.731 1469.133 1470.728 1475.271 1482.192 1491.689 1503.901 1520.557 1542.336 1569.901 -9999 -9999 -9999 -9999 -9999 -9999 -9999 -9999 -9999 -9999 -9999 -9999 -9999 -9999 -9999 -9999 -9999 -9999 -9999 -9999 -9999 -9999 -9999 -9999 -9999 -9999 -9999 -9999 -9999 -9999 -9999 -9999
1484.833 1478.906 1469.466 1463.823 1456.725 1448.826 1440.538 1430.672 1420.29 1412.048 1405.08 1395.42 1384.62 1376.389 1375.994 1378.078 1379.248 1380.677 1381.347 1382.096 1384.925 1391.899 1405.206 1421.202 1434.905 1444.948 1451.881 1457.401 1460.367 1463.929 1466.774 1469.854 1475.437 1483.159 1491.681 1503.277 1520.127 1542.333 1569.928 -9999 -9999 -9999 -9999 -9999 -9999 -9999 -9999 -9999 -9999 -9999 -9999 -9999 -9999 -9999 -9999 -9999 -9999 -9999 -9999 -9999 -9999 -9999 -9999 -9999 -9999 -9999 -9999 -9999 -9999 -9999
1506.883 1495.956 1482.38 1469.202 1461.591 1456.759 1451.114 1443.488 1433.735 1424.877 1417.587 1409.186 1399.906 1391.077 1388.661 1389.841 1390.098 1389.029 1387.969 1385.533 1384.588 1385.024 1392.666 1406.829 1421.995 1434.243 1442.812 1449.165 1454.027 1458.406 1463.138 1464.66 1470.001 1477.348 1483.051 1490.739 1502.47 1519.545 1541.504 1568.331 -9999 -9999 -9999 -9999 -9999 -9999 -9999 -9999 -9999 -9999 -9999 -9999 -9999 -9999 -9999 -9999 -9999 -9999 -9999 -9999 -9999 -9999 -9999 -9999 -9999 -9999 -9999 -9999 -9999 -9999
1529.379 1515.55 1498.092 1479.478 1466.817 1460.751 1457.138 1451.75 1444.597 1436.674 1429.972 1423.535 1416.116 1408.656 1404.969 1404.782 1404.439 1402.714 1401.02 1396.562 1390.773 1385.138 1385.422 1393.908 1406.835 1420.266 1431.153 1438.873 1444.585 1451.341 1457.132 1460.206 1464.365 1470.123 1475.48 1481.079 1489.278 1501.775 1518.566 1538.967 1565.271 1597.307 -9999 -9999 -9999 -9999 -9999 -9999 -9999 -9999 -9999 -9999 -9999 -9999 -9999 -9999 -9999 -9999 -9999 -9999 -9999 -9999 -9999 -9999 -9999 -9999 -9999 -9999 -9999 -9999
1549.698 1536.345 1517.705 1496.626 1478.012 1466.178 1460.593 1457.113 1451.798 1445.448 1439.67 1435.581 1429.788 1424.317 1421.099 1418.896 1417.422 1415.397 1414.135 1410.072 1402.664 1394.553 1390.253 1389.679 1394.297 1404.911 1416.522 1425.99 1433.75 1441.768 1448.518 1454.292 1459.401 1464.17 1469.478 1473.505 1479.272 1489.086 1501.864 1515.536 1535.39 1561.501 1593.045 -9999 -9999 -9999 -9999 -9999 -9999 -9999 -9999 -9999 -9999 -9999 -9999 -9999 -9999 -9999 -9999 -9999 -9999 -9999 -9999 -9999 -9999 -9999 -9999 -9999 -9999 -9999
1566.059 1553.44 1537.507 1516.943 1495.657 1477.504 1466.016 1460.606 1457.239 1451.694 1446.397 1444.543 1439.725 1436.352 1434.376 1430.723 1427.326 1424.693 1423.813 1420.71 1414.218 1406.219 1398.742 1391.572 1389.551 1392.795 1400.815 1409.628 1420.037 1429.469 1437.562 1445.928 1453.491 1458.319 1463.562 1466.945 1471.041 1479.994 1492.037 1500.892 1512.284 1531.781 1557.76 1588.697 -9999 -9999 -9999 -9999 -9999 -9999 -9999 -9999 -9999 -9999 -9999 -9999 -9999 -9999 -9999 -9999 -9999 -9999 -9999 -9999 -9999 -9999 -9999 -9999 -9999 -9999
1579.552 1567.646 1553.825 1536.969 1516.274 1495.302 1477.607 1466.805 1462.705 1457.387 1452.299 1451.059 1446.495 1444.828 1442.127 1438.674 1434.038 1430.594 1428.955 1426.277 1418.653 1415.509 1408.036 1399.115 1391.577 1389.207 1391.062 1395.218 1404.941 1416.037 1426.538 1436.29 1445.286 1451.975 1457.735 1461.549 1464.455 1470.832 1479.775 1488.465 1495.313 1508.335 1528.806 1554.469 1584.096 -9999 -9999 -9999 -9999 -9999 -9999 -9999 -9999 -9999 -9999 -9999 -9999 -9999 -9999 -9999 -9999 -9999 -9999 -9999 -9999 -9999 -9999 -9999 -9999 -9999
1591.556 1579.915 1567.516 1553.323 1536.512 1516.152 1495.804 1479.007 1469.606 1463.313 1458.403 1457.017 1452.103 1448.773 1445.568 1441.651 1438.74 1433.711 1431.499 1429.906 1426.41 1421.833 1414.912 1406.974 1398.607 1391.637 1388.602 1388.625 1393.186 1402.883 1414.592 1425.24 1435.834 1444.893 1451.991 1457.345 1459.906 1463.558 1467.853 1473.071 1480.384 1491.521 1507.167 1527.433 1551.925 1580.511 -9999 -9999 -9999 -9999 -9999 -9999 -9999 -9999 -9999 -9999 -9999 -9999 -9999 -9999 -9999 -9999 -9999 -9999 -9999 -9999 -9999 -9999 -9999 -9999
-9999 -9999 1579.537 1567.006 1552.926 1536.498 1516.813 1497.252 1481.311 1472.04 1466.342 1463.134 1457.695 1452.242 1448.535 1445.195 1440.292 1436.226 1433.509 1432.075 1430.03 1426.484 1418.652 1410.545 1404.348 1398.199 1390.96 1387.352 1387.733 1392.606 1402.341 1413.582 1424.858 1435.671 1444.954 1451.611 1454.917 1457.679 1460.94 1464.456 1470.972 1481.287 1494.352 1508.222 1526.638 1550.103 1578.264 -9999 -9999 -9999 -9999 -9999 -9999 -9999 -9999 -9999 -9999 -9999 -9999 -9999 -9999 -9999 -9999 -9999 -9999 -9999 -9999 -9999 -9999 -9999
-9999 -9999 -9999 1579.053 1566.582 1552.8 1537.022 1518.271 1500.194 1486.474 1479.255 1470.524 1464.168 1457.71 1452.238 1448.579 1444.786 1439.706 1436.436 1433.394 1430.949 1427.308 1421.128 1414.672 1408.647 1402.159 1394.076 1388.609 1386.241 1387.476 1392.65 1402.179 1413.292 1424.324 1435.555 1444.686 1449.795 1452.274 1457.108 1461.008 1466.786 1475.64 1487.662 1496.824 1507.671 1525.282 1548.604 1576.302 1607.283 -9999 -9999 -9999 -9999 -9999 -9999 -9999 -9999 -9999 -9999 -9999 -9999 -9999 -9999 -9999 -9999 -9999 -9999 -9999 -9999 -9999
-9999 -9999 -9999 -9999 1578.562 1566.126 1552.652 1537.584 1520.356 1506.024 1492.529 1477.687 1471.358 1463.768 1457.735 1452.019 1446.414 1442.5 1438.999 1433.795 1431.206 1427.289 1421.557 1415.183 1409.083 1402.921 1396.417 1390.531 1386.855 1386.005 1388.346 1393.433 1401.856 1411.862 1423.917 1435.423 1443.487 1446.144 1451.75 1457.33 1462.561 1469.105 1478.229 1486.913 1493.527 1505.331 1523.838 1547.378 1574.613 1604.901 -9999 -9999 -9999 -9999 -9999 -9999 -9999 -9999 -9999 -9999 -9999 -9999 -9999 -9999 -9999 -9999 -9999 -9999 -9999 -9999
-9999 -9999 -9999 -9999 -9999 1577.748 1564.965 1551.012 1535.586 1519.985 1503.429 1486.436 1475.027 1467.796 1463.36 1457.355 1450.948 1445.167 1439.824 1436.16 1433.331 1428.79 1423.765 1416.236 1409.69 1403.187 1397.052 1391.441 1388.118 1386.132 1387.585 1391.631 1393.36 1401.379 1411.69 1423.603 1433.647 1437.978 1445.421 1451.931 1457.992 1464.235 1468.169 1473.211 1480.042 1489.703 1503.826 1523.165 1546.792 1573.825 -9999 -9999 -9999 -9999 -9999 -9999 -9999 -9999 -9999 -9999 -9999 -9999 -9999 -9999 -9999 -9999 -9999 -9999 -9999 -9999
-9999 -9999 -9999 -9999 -9999 -9999 1576.531 1563.243 1548.94 1533.094 1515.364 1496.493 1479.91 1471.691 1468.1 1460.712 1452.693 1446.303 1442.102 1439.432 1436.729 1432.846 1427.109 1420.602 1413.939 1405.969 1400.249 1396.08 1390.474 1385.069 1384.305 1384.997 1387.765 1392.12 1400.529 1410.922 1422.741 1432.182 1439.332 1445.929 1451.586 1455.504 1459.921 1464.194 1470.206 1478.155 1488.987 1503.765 1523.342 1547.009 1573.979 -9999 -9999 -9999 -9999 -9999 -9999 -9999 -9999 -9999 -9999 -9999 -9999 -9999 -9999 -9999 -9999 -9999 -9999 -9999
-9999 -9999 -9999 -9999 -9999 -9999 -9999 1575.403 1561.81 1547.055 1529.925 1511.232 1493.13 1479.176 1475.264 1464.972 1457.728 1451.503 1446.012 1442.415 1439.094 1433.798 1428.105 1421.628 1414.762 1406.812 1401.634 1396.765 1390.153 1381.528 1378.684 1379.188 1384.239 1384.944 1389.064 1398.032 1409.497 1420.436 1429.715 1438.426 1444.521 1447.391 1453.367 1457.882 1463.548 1469.983 1478.2 1489.36 1504.421 1524.133 1547.506 1573.84 -9999 -9999 -9999 -9999 -9999 -9999 -9999 -9999 -9999 -9999 -9999 -9999 -9999 -9999 -9999 -9999 -9999 -9999
-9999 -9999 -9999 -9999 -9999 -9999 -9999 -9999 1574.714 1560.889 1545.738 1528.46 1510.321 1491.351 1477.248 1467.873 1462.97 1457.671 1451.65 1445.828 1440.284 1436.339 1432.083 1423.919 1415.428 1408.634 1402.75 1396.908 1390.551 1381.742 1377.485 1377.504 1381.284 1378.787 1379.659 1387.104 1397.13 1407.397 1417.224 1427.876 1435.636 1440.161 1446.003 1451.685 1457.612 1463.597 1470.119 1478.699 1490.49 1505.813 1524.754 1546.948 1571.559 -9999 -9999 -9999 -9999 -9999 -9999 -9999 -9999 -9999 -9999 -9999 -9999 -9999 -9999 -9999 -9999 -9999
-9999 -9999 -9999 -9999 -9999 -9999 -9999 -9999 -9999 1574.38 1560.295 1544.702 1526.315 1505.711 1486.648 1472.256 1466.225 1463.054 1457.783 1451.648 1445.431 1439.504 1433.493 1424.946 1415.78 1408.799 1402.786 1397.53 1392.714 1383.048 1376.982 1373.815 1373.079 1372.444 1372.834 1378.52 1387.533 1397.184 1405.768 1415.884 1425.747 1433.187 1439.667 1445.7 1451.693 1457.645 1463.63 1470.523 1480.373 1493.204 1506.591 1523.916 1544.274 1566.776 -9999 -9999 -9999 -9999 -9999 -9999 -9999 -9999 -9999 -9999 -9999 -9999 -9999 -9999 -9999 -9999
-9999 -9999 -9999 -9999 -9999 -9999 -9999 -9999 -9999 -9999 1573.986 1559.258 1542.353 1521.779 1499.972 1480.582 1470.62 1466.527 1463.492 1457.797 1451.298 1443.839 1437.133 1428.911 1418.64 1409.849 1403.565 1400.195 1395.803 1386.701 1378.258 1372.617 1370.872 1370.524 1370.24 1373.021 1380.5 1390.189 1397.87 1405.566 1415.276 1425.186 1433.182 1439.712 1445.747 1451.709 1457.644 1463.915 1472.226 1484.387 1493.61 1505.718 1521.817 1541.24 1564.669 1592.101 -9999 -9999 -9999 -9999 -9999 -9999 -9999 -9999 -9999 -9999 -9999 -9999 -9999 -9999
-9999 -9999 -9999 -9999 -9999 -9999 -9999 -9999 -9999 -9999 1587.515 1573.093 1557.321 1539.063 1517.418 1495.817 1479.32 1472.222 1470.203 1464.141 1457.758 1450.96 1443.128 1434.276 1424.602 1415.554 1408.457 1402.918 1396.816 1387.948 1379.494 1374.59 1372.559 1372.381 1370.787 1371.123 1373.613 1381.295 1390.642 1398.064 1405.493 1415.213 1425.257 1433.241 1439.73 1445.791 1451.714 1457.717 1464.262 1472.65 1481.827 1492.685 1504.603 1521.023 1541.894 1565.821 1590.19 -9999 -9999 -9999 -9999 -9999 -9999 -9999 -9999 -9999 -9999 -9999 -9999 -9999
-9999 -9999 -9999 -9999 -9999 -9999 -9999 -9999 -9999 -9999 -9999 1586.951 1571.802 1555.231 1536.514 1515.168 1495.361 1481.626 1479.349 1470.363 1463.589 1457.725 1450.967 1442.585 1433.283 1423.672 1414.099 1406.668 1399.38 1390.836 1383.708 1378.538 1376.519 1374.216 1372.48 1372.415 1371.551 1373.808 1382.024 1391.439 1398.348 1405.551 1415.291 1425.223 1432.997 1439.657 1445.535 1451.638 1457.443 1464.251 1472.245 1482.926 1491.673 1504.495 1522.988 1544.892 1562.663 1585.192 -9999 -9999 -9999 -9999 -9999 -9999 -9999 -9999 -9999 -9999 -9999 -9999
