backend/lakes/data/Freeman Lake/free_dem_tm.asc
ncols         97
nrows         92
xllcorner     462900
yllcorner     6055850
cellsize      50
NODATA_value  -9999
[rows 31 to 61 of 92, columns 0 to 69 of 97]
-9999 -9999 -9999 -9999 -9999 -9999 -9999 -9999 -9999 -9999 -9999 -9999 -9999 -9999 -9999 -9999 -9999 -9999 1078.934 1078.938 1079.001 1079.097 1078.778 1077.826 1076.8 1076.064 1075.811 1075.753 1075.83 1075.948 1076 1075.877 1075.699 1075.569 1075.517 1075.498 1075.416 1075.335 1075.376 1075.397 1075.522 1075.636 1075.514 1074.975 1073.757 1072.682 1072.49 1072.722 1072.827 1072.772 1072.532 1072.328 1072.338 1072.539 1072.887 1073.287 1073.57 1073.916 1074.097 1074.252 1074.463 1074.728 1075.236 1075.547 1075.817 1075.813 1075.681 1075.797 1076.381 1077.2
-9999 -9999 -9999 -9999 -9999 -9999 -9999 -9999 -9999 -9999 -9999 -9999 -9999 -9999 -9999 -9999 -9999 1079.412 1079.011 1078.92 1078.909 1078.785 1078.037 1077.073 1076.203 1075.907 1075.838 1075.85 1075.927 1076 1075.91 1075.68 1075.5 1075.387 1075.338 1075.249 1074.903 1074.56 1074.895 1075.272 1075.394 1075.503 1075.305 1074.686 1073.357 1072.335 1071.936 1071.933 1071.968 1071.924 1071.793 1071.685 1071.668 1071.763 1071.986 1072.274 1072.462 1072.839 1073.017 1073.277 1073.505 1073.679 1074.171 1074.748 1075.31 1075.618 1075.599 1075.675 1076.257 1077.052
-9999 -9999 -9999 -9999 -9999 -9999 -9999 -9999 -9999 -9999 -9999 -9999 -9999 -9999 -9999 -9999 1079.424 1079.28 1078.943 1078.664 1078.432 1077.921 1077.091 1076.459 1076.05 1076 1075.999 1075.976 1076 1076 1075.849 1075.586 1075.326 1075.145 1075.036 1074.865 1074.032 1073.727 1074.419 1075.248 1075.495 1075.374 1074.9 1074.092 1072.873 1072.054 1071.642 1071.526 1071.516 1071.498 1071.435 1071.38 1071.375 1071.438 1071.584 1071.79 1072.003 1072.326 1072.577 1072.919 1073.105 1073.265 1073.622 1074.172 1074.78 1075.375 1075.549 1075.566 1075.929 1076.453
-9999 -9999 -9999 -9999 -9999 -9999 -9999 -9999 -9999 -9999 -9999 -9999 -9999 -9999 -9999 1078.136 1078.613 1078.637 1078.191 1077.973 1077.719 1076.965 1076.228 1076.008 1075.949 1075.987 1076.016 1076 1076 1075.955 1075.811 1075.559 1075.252 1074.937 1074.635 1074.296 1073.263 1073.033 1073.764 1074.698 1075.176 1074.898 1074.192 1073.224 1072.367 1071.786 1071.459 1071.329 1071.313 1071.329 1071.333 1071.331 1071.348 1071.406 1071.513 1071.67 1071.86 1072.106 1072.349 1072.678 1072.942 1073.14 1073.52 1073.841 1074.316 1075.063 1075.494 1075.505 1075.636 1075.961
-9999 -9999 -9999 -9999 -9999 -9999 -9999 -9999 -9999 -9999 -9999 -9999 -9999 -9999 -9999 1077.127 1077.304 1077.338 1077.105 1076.962 1076.778 1076.188 1075.978 1076 1076 1076 1076 1075.953 1075.924 1075.884 1075.786 1075.594 1075.326 1075.012 1074.639 1074.105 1073.194 1072.805 1073.081 1073.771 1074.075 1073.751 1073.124 1072.442 1071.941 1071.576 1071.348 1071.249 1071.249 1071.303 1071.367 1071.427 1071.486 1071.559 1071.65 1071.768 1071.917 1072.111 1072.338 1072.564 1072.778 1072.962 1073.292 1073.579 1074.089 1074.743 1075.338 1075.485 1075.476 1075.604
-9999 -9999 -9999 -9999 -9999 -9999 -9999 -9999 -9999 -9999 -9999 -9999 -9999 -9999 -9999 1076.363 1076.122 1076.141 1076.198 1076.078 1076.041 1075.998 1076 1075.997 1075.992 1075.961 1075.906 1075.833 1075.789 1075.772 1075.738 1075.635 1075.445 1075.176 1074.751 1074.028 1073.185 1072.715 1072.687 1072.932 1073.02 1072.843 1072.396 1071.996 1071.684 1071.447 1071.289 1071.22 1071.24 1071.329 1071.45 1071.572 1071.686 1071.79 1071.881 1071.965 1072.054 1072.173 1072.338 1072.491 1072.716 1072.952 1073.17 1073.302 1073.597 1074.162 1074.796 1075.333 1075.405 1075.34
-9999 -9999 -9999 -9999 -9999 -9999 -9999 -9999 -9999 -9999 -9999 -9999 -9999 -9999 -9999 1076.18 1075.811 1075.841 1075.996 1076 1075.956 1075.938 1075.946 1075.946 1075.94 1075.897 1075.798 1075.688 1075.622 1075.62 1075.643 1075.625 1075.514 1075.289 1074.83 1073.752 1073.053 1072.624 1072.42 1072.355 1072.354 1072.306 1072.022 1071.761 1071.547 1071.368 1071.239 1071.185 1071.221 1071.335 1071.501 1071.683 1071.857 1072.003 1072.107 1072.161 1072.179 1072.19 1072.24 1072.345 1072.614 1072.915 1073.085 1073.007 1073.107 1073.583 1074.26 1074.932 1075.383 1075.276
-9999 -9999 -9999 -9999 -9999 -9999 -9999 -9999 -9999 -9999 -9999 -9999 -9999 -9999 -9999 1076.911 1076.156 1075.986 1075.956 1075.974 1076 1075.933 1075.89 1075.873 1075.852 1075.819 1075.707 1075.563 1075.462 1075.449 1075.505 1075.55 1075.49 1075.253 1074.7 1073.629 1073.094 1072.659 1072.334 1072.098 1071.985 1071.911 1071.758 1071.605 1071.459 1071.31 1071.181 1071.119 1071.157 1071.291 1071.491 1071.72 1071.947 1072.138 1072.263 1072.296 1072.247 1072.155 1072.099 1072.146 1072.32 1072.452 1072.866 1072.659 1072.684 1073.305 1074.289 1075.22 1075.433 1075.256
-9999 -9999 -9999 -9999 -9999 -9999 -9999 -9999 -9999 -9999 -9999 -9999 -9999 -9999 -9999 1077.959 1076.964 1076.229 1076.049 1075.982 1076 1075.906 1075.818 1075.777 1075.744 1075.699 1075.624 1075.483 1075.354 1075.308 1075.364 1075.453 1075.465 1075.295 1074.878 1074.172 1073.574 1072.924 1072.338 1071.984 1071.8 1071.696 1071.597 1071.503 1071.396 1071.26 1071.122 1071.039 1071.063 1071.201 1071.423 1071.684 1071.951 1072.176 1072.315 1072.332 1072.227 1072.046 1071.885 1071.839 1071.918 1072.06 1072.335 1072.336 1072.532 1073.26 1074.544 1075.334 1075.486 1075.274
-9999 -9999 -9999 -9999 -9999 -9999 -9999 -9999 -9999 -9999 -9999 -9999 -9999 -9999 -9999 1079.013 1077.99 1077.053 1076.454 1076.057 1076 1075.865 1075.733 1075.651 1075.626 1075.554 1075.495 1075.407 1075.301 1075.234 1075.265 1075.374 1075.462 1075.426 1075.23 1074.843 1074.258 1073.327 1072.405 1071.981 1071.765 1071.638 1071.544 1071.459 1071.359 1071.224 1071.075 1070.974 1070.981 1071.111 1071.338 1071.617 1071.901 1072.138 1072.27 1072.266 1072.116 1071.87 1071.625 1071.495 1071.512 1071.648 1071.873 1072.092 1072.536 1073.516 1074.858 1075.453 1075.544 1075.341
-9999 -9999 -9999 -9999 -9999 -9999 -9999 -9999 -9999 -9999 -9999 -9999 -9999 -9999 -9999 -9999 1078.82 1077.797 1076.858 1076.06 1075.998 1075.818 1075.636 1075.519 1075.458 1075.441 1075.332 1075.277 1075.235 1075.199 1075.217 1075.317 1075.448 1075.527 1075.509 1075.374 1074.931 1073.709 1072.552 1072.11 1071.867 1071.708 1071.586 1071.475 1071.353 1071.206 1071.054 1070.95 1070.953 1071.081 1071.311 1071.598 1071.882 1072.094 1072.18 1072.13 1071.947 1071.671 1071.383 1071.207 1071.181 1071.323 1071.563 1071.934 1072.59 1073.863 1075.11 1075.487 1075.495 1075.38
-9999 -9999 -9999 -9999 -9999 -9999 -9999 -9999 -9999 -9999 -9999 -9999 -9999 -9999 -9999 -9999 1079.053 1077.96 1076.951 1076.093 1075.995 1075.759 1075.529 1075.371 1075.296 1075.256 1075.238 1075.139 1075.107 1075.136 1075.171 1075.254 1075.373 1075.465 1075.46 1075.305 1074.653 1073.553 1072.69 1072.321 1072.048 1071.859 1071.695 1071.538 1071.378 1071.218 1071.076 1070.997 1071.028 1071.18 1071.432 1071.745 1072.026 1072.177 1072.156 1072.015 1071.803 1071.535 1071.264 1071.085 1071.074 1071.183 1071.52 1072.014 1072.867 1074.182 1075.065 1075.35 1075.344 1075.356
-9999 -9999 -9999 -9999 -9999 -9999 -9999 -9999 -9999 -9999 -9999 -9999 -9999 -9999 -9999 -9999 1079.075 1077.85 1076.954 1076.274 1075.995 1075.682 1075.406 1075.215 1075.12 1075.096 1075.078 1075.068 1075.023 1075.027 1075.089 1075.158 1075.226 1075.249 1075.078 1074.653 1073.954 1073.082 1072.584 1072.341 1072.178 1072.021 1071.836 1071.633 1071.434 1071.267 1071.161 1071.147 1071.258 1071.49 1071.813 1072.204 1072.517 1072.579 1072.38 1072.081 1071.839 1071.615 1071.42 1071.29 1071.303 1071.47 1071.77 1072.42 1073.396 1074.568 1075.183 1075.335 1075.263 1075.372
-9999 -9999 -9999 -9999 -9999 -9999 -9999 -9999 -9999 -9999 -9999 -9999 -9999 -9999 -9999 -9999 1078.875 1077.492 1076.836 1076.355 1075.988 1075.601 1075.286 1075.066 1074.953 1074.937 1074.963 1074.973 1074.985 1075 1075.026 1075.066 1075.085 1075.08 1074.764 1074.116 1073.744 1073.09 1072.671 1072.458 1072.339 1072.193 1071.979 1071.736 1071.512 1071.359 1071.324 1071.433 1071.708 1072.123 1072.602 1073.155 1073.563 1073.536 1073.107 1072.586 1072.302 1072.141 1072.061 1072.015 1072.075 1072.27 1072.577 1073.296 1074.284 1075.24 1075.718 1075.759 1075.532 1075.636
-9999 -9999 -9999 -9999 -9999 -9999 -9999 -9999 -9999 -9999 -9999 -9999 -9999 -9999 -9999 -9999 1078.825 1077.633 1076.995 1076.531 1076.001 1075.561 1075.218 1074.966 1074.828 1074.823 1074.885 1074.945 1074.981 1075.022 1075.063 1075.085 1075.086 1075.089 1075.083 1074.894 1074.458 1073.86 1073.072 1072.683 1072.486 1072.336 1072.082 1071.815 1071.592 1071.487 1071.568 1071.876 1072.436 1073.223 1074.089 1074.831 1075.303 1075.211 1074.678 1074.011 1073.544 1073.409 1073.445 1073.49 1073.577 1073.793 1074.097 1074.746 1075.574 1076.404 1076.915 1076.98 1076.578 1076.863
-9999 -9999 -9999 -9999 -9999 -9999 -9999 -9999 -9999 -9999 -9999 -9999 -9999 -9999 -9999 -9999 1078.804 1077.84 1077.29 1076.884 1076.189 1075.693 1075.313 1075 1074.806 1074.814 1074.905 1074.991 1075.054 1075.112 1075.177 1075.24 1075.307 1075.381 1075.436 1075.336 1074.998 1074.582 1073.503 1072.871 1072.557 1072.342 1072.099 1071.843 1071.649 1071.623 1071.867 1072.454 1073.426 1074.792 1076.096 1076.961 1077.443 1077.331 1076.831 1076.229 1075.822 1075.755 1075.849 1075.928 1076.015 1076.172 1076.387 1076.882 1077.551 1078.306 1078.923 1079.236 1078.816 1079.276
-9999 -9999 -9999 -9999 -9999 -9999 -9999 -9999 -9999 -9999 -9999 -9999 -9999 -9999 -9999 -9999 1078.682 1077.97 1077.516 1077.215 1076.804 1076.16 1075.714 1075.305 1074.986 1075.005 1075.092 1075.154 1075.195 1075.248 1075.326 1075.417 1075.512 1075.575 1075.514 1075.248 1074.663 1073.992 1073.132 1072.754 1072.528 1072.339 1072.09 1071.834 1071.671 1071.733 1072.164 1073.091 1074.617 1076.512 1078.253 1079.342 1079.759 1079.699 1079.32 1078.995 1078.86 1078.966 1079.113 1079.192 1079.246 1079.384 1079.477 1079.721 1080.196 1080.89 1081.47 1081.731 1081.791 1082.453
-9999 -9999 -9999 -9999 -9999 -9999 -9999 -9999 -9999 -9999 -9999 -9999 -9999 -9999 -9999 -9999 1078.425 1077.954 1077.589 1077.429 1077.269 1076.959 1076.544 1076.078 1075.537 1075.557 1075.524 1075.453 1075.396 1075.39 1075.442 1075.517 1075.575 1075.514 1075.152 1074.429 1073.792 1073.397 1072.955 1072.696 1072.506 1072.34 1072.069 1071.797 1071.649 1071.779 1072.365 1073.595 1075.528 1077.882 1080.007 1081.212 1081.356 1081.513 1081.5 1081.677 1081.954 1082.251 1082.425 1082.448 1082.33 1082.674 1082.924 1083.128 1083.545 1084.272 1084.86 1085.042 1085.223 1086
-9999 -9999 -9999 -9999 -9999 -9999 -9999 -9999 -9999 -9999 -9999 -9999 -9999 -9999 -9999 -9999 -9999 1077.538 1077.436 1077.556 1077.724 1077.909 1077.891 1077.611 1077.007 1076.67 1076.213 1075.848 1075.613 1075.504 1075.494 1075.505 1075.467 1075.219 1074.385 1073.779 1073.346 1073.118 1072.946 1072.721 1072.477 1072.329 1072.016 1071.726 1071.586 1071.748 1072.411 1073.838 1076.094 1078.905 1081.313 1082.619 1082.801 1082.779 1083.145 1083.871 1084.545 1084.886 1085.001 1084.887 1083.573 1085.103 1085.813 1086.187 1086.735 1087.552 1088.146 1088.226 1088.301 1089.101
-9999 -9999 -9999 -9999 -9999 -9999 -9999 -9999 -9999 -9999 -9999 -9999 -9999 -9999 -9999 -9999 -9999 1077.024 1077.174 1077.655 1078.053 1078.661 1079.214 1079.418 1078.871 1077.818 1076.868 1076.185 1075.766 1075.557 1075.485 1075.427 1075.265 1074.799 1073.897 1073.436 1073.147 1073.018 1072.949 1072.765 1072.358 1072.146 1071.877 1071.623 1071.513 1071.707 1072.415 1073.926 1076.314 1079.358 1082.001 1083.371 1083.57 1083.528 1084.393 1085.587 1086.45 1086.521 1086.462 1084.816 1086.37 1087.096 1087.604 1088.056 1088.797 1089.747 1090.296 1090.322 1090.148 1090.873
-9999 -9999 -9999 -9999 -9999 -9999 -9999 -9999 -9999 -9999 -9999 -9999 -9999 -9999 -9999 -9999 -9999 -9999 1077.043 1077.805 1078.286 1079.065 1080.104 1080.532 1080.273 1078.874 1077.295 1076.334 1075.789 1075.533 1075.452 1075.419 1075.306 1075.022 1074.469 1073.634 1073.217 1073.051 1073 1072.907 1072.368 1072.046 1071.768 1071.544 1071.47 1071.693 1072.412 1073.92 1076.289 1079.373 1082.169 1083.81 1084.165 1084.499 1085.732 1087.151 1087.912 1087.408 1086.646 1086.059 1086.728 1087.335 1087.885 1088.34 1089.033 1089.992 1090.774 1090.732 1090.145 1090.591
-9999 -9999 -9999 -9999 -9999 -9999 -9999 -9999 -9999 -9999 -9999 -9999 -9999 -9999 -9999 -9999 -9999 -9999 -9999 -9999 1078.026 1078.654 1079.485 1080.236 1079.953 1078.702 1077.131 1076.18 1075.659 1075.435 1075.404 1075.449 1075.444 1075.328 1074.932 1073.976 1073.421 1073.14 1072.952 1072.735 1072.337 1071.99 1071.71 1071.515 1071.478 1071.714 1072.375 1073.705 1075.915 1078.934 1081.856 1083.717 1084.346 1085.34 1086.964 1088.632 1089.382 -9999 1087.034 1086.18 -9999 -9999 -9999 -9999 -9999 -9999 -9999 -9999 -9999 -9999
-9999 -9999 -9999 -9999 -9999 -9999 -9999 -9999 -9999 -9999 -9999 -9999 -9999 -9999 -9999 -9999 -9999 -9999 -9999 -9999 -9999 1078.075 1078.644 1079.078 1078.85 1077.785 1076.489 1075.818 1075.451 1075.313 1075.353 1075.484 1075.586 1075.565 1075.275 1074.378 1073.75 1073.398 1073.06 1072.667 1072.283 1071.945 1071.686 1071.53 1071.532 1071.774 1072.33 1073.31 1075.101 1077.706 1080.389 1082.404 1083.99 1085.598 1087.578 1089.397 1089.951 -9999 -9999 -9999 -9999 -9999 -9999 -9999 -9999 -9999 -9999 -9999 -9999 -9999
-9999 -9999 -9999 -9999 -9999 -9999 -9999 -9999 -9999 -9999 -9999 -9999 -9999 -9999 -9999 -9999 -9999 -9999 -9999 -9999 1077.794 1077.848 1078.005 1078.064 1077.753 1076.835 1076.094 1075.595 1075.327 1075.249 1075.335 1075.523 1075.699 1075.758 1075.584 1075.014 1074.321 1073.941 1073.443 1072.89 1072.333 1071.939 1071.686 1071.564 1071.603 1071.857 1072.329 1072.953 1074.057 1075.742 1077.845 1080.101 1082.374 1084.577 1086.691 1088.431 1089.164 -9999 -9999 -9999 -9999 -9999 -9999 -9999 -9999 -9999 -9999 -9999 -9999 -9999
-9999 -9999 -9999 -9999 -9999 -9999 -9999 -9999 -9999 -9999 -9999 -9999 -9999 -9999 -9999 -9999 -9999 -9999 -9999 1078.406 1078.067 1078.002 1077.845 1077.603 1077.027 1076.32 1075.952 1075.556 1075.35 1075.304 1075.39 1075.582 1075.8 1075.949 1075.969 1075.796 1075.433 1074.834 1074 1073.118 1072.39 1071.964 1071.704 1071.587 1071.635 1071.889 1072.306 1072.603 1073.108 1074.105 1075.577 1077.659 1080.267 1082.737 1084.852 1086.412 1087.079 1086.852 -9999 -9999 -9999 -9999 -9999 -9999 -9999 -9999 -9999 -9999 -9999 -9999
-9999 -9999 -9999 -9999 -9999 -9999 -9999 -9999 -9999 -9999 -9999 -9999 -9999 -9999 -9999 -9999 -9999 -9999 -9999 1079.161 1078.9 1078.75 1078.253 1077.816 1076.915 1076.121 1075.879 1075.688 1075.572 1075.524 1075.546 1075.667 1075.853 1076.048 1076.196 1076.321 1076.342 1075.585 1074.641 1073.711 1072.743 1072.137 1071.767 1071.578 1071.572 1071.765 1072.092 1072.343 1072.536 1073.023 1074.054 1075.835 1078.358 1080.795 1082.722 1084.041 1084.583 1084.475 -9999 -9999 -9999 -9999 -9999 -9999 -9999 -9999 -9999 -9999 -9999 -9999
-9999 -9999 -9999 -9999 -9999 -9999 -9999 -9999 -9999 -9999 -9999 -9999 -9999 -9999 -9999 -9999 -9999 -9999 -9999 1080.265 1080.011 1079.873 1079.395 1078.689 1077.542 1076.893 1076.552 1076.341 1076.172 1075.986 1075.832 1075.77 1075.814 1075.914 1076 1076.043 1075.989 1075.675 1075.122 1074.383 1073.236 1072.39 1071.844 1071.521 1071.425 1071.561 1071.901 1072.301 1072.324 1072.555 1073.314 1074.968 1077.245 1079.404 1080.938 1081.851 1082.278 1082.288 -9999 -9999 -9999 -9999 -9999 -9999 -9999 -9999 -9999 -9999 -9999 -9999
-9999 -9999 -9999 -9999 -9999 -9999 -9999 -9999 -9999 -9999 -9999 -9999 -9999 -9999 -9999 -9999 -9999 -9999 -9999 1081.711 1081.503 1081.464 1081.131 1080.531 1079.599 1078.778 1078.135 1077.675 1077.264 1076.734 1076.239 1075.875 1075.67 1075.554 1075.432 1075.252 1075.025 1075.177 1075.076 1074.721 1073.628 1072.607 1071.86 1071.395 1071.198 1071.266 1071.562 1071.97 1072.307 1072.733 1073.61 1075.236 1077.246 1078.959 1079.904 1080.26 1080.572 1080.853 -9999 -9999 -9999 -9999 -9999 -9999 -9999 -9999 -9999 -9999 -9999 -9999
-9999 -9999 -9999 -9999 -9999 -9999 -9999 -9999 -9999 -9999 -9999 -9999 -9999 -9999 -9999 -9999 -9999 -9999 -9999 1083.31 1083.25 1083.46 1083.395 1083.12 1082.505 1081.712 1080.754 1079.689 1078.802 1077.693 1076.706 1075.936 1075.411 1075.014 1074.579 1074.112 1073.755 1074.013 1074.207 1073.893 1073.084 1072.323 1071.657 1071.188 1070.97 1071.039 1071.375 1071.911 1072.593 1073.61 1074.937 1076.667 1078.421 1079.554 1079.754 1079.71 1079.858 -9999 -9999 -9999 -9999 -9999 -9999 -9999 -9999 -9999 -9999 -9999 -9999 -9999
-9999 -9999 -9999 -9999 -9999 -9999 -9999 -9999 -9999 -9999 -9999 -9999 -9999 -9999 -9999 -9999 -9999 -9999 -9999 1084.898 1084.875 1085.398 1085.8 1085.995 1085.76 1085.08 1083.884 1082.187 1080.344 1078.667 1077.128 1075.889 1075.011 1074.333 1073.54 1073.084 1072.944 1073.064 1073.099 1072.93 1072.41 1071.906 1071.404 1071.019 1070.874 1071.067 1071.627 1072.531 1073.809 1075.43 1077.267 1079.1 1080.417 1080.847 1080.466 1080.162 1080.256 -9999 -9999 -9999 -9999 -9999 -9999 -9999 -9999 -9999 -9999 -9999 -9999 -9999
-9999 -9999 -9999 -9999 -9999 -9999 -9999 -9999 -9999 -9999 -9999 -9999 -9999 -9999 -9999 -9999 -9999 -9999 -9999 -9999 1086.213 1086.873 1087.712 1088.412 1088.622 1088.173 1086.887 1084.768 1082.209 1079.755 1077.512 1075.694 1074.434 1073.442 1072.85 1072.586 1072.539 1072.569 1072.526 1072.354 1072.047 1071.686 1071.309 1071.028 1071.027 1071.478 1072.457 1073.963 1075.931 1078.298 1080.546 1082.319 1083.25 1083.183 1082.43 1081.833 -9999 -9999 -9999 -9999 -9999 -9999 -9999 -9999 -9999 -9999 -9999 -9999 -9999 -9999
