backend/lakes/data/Goodfish Lake/good_dem_tm.asc
ncols         99
nrows         147
xllcorner     704550
yllcorner     6013600
cellsize      50
NODATA_value  -9999
[rows 62 to 92 of 147, columns 0 to 68 of 99]
-9999 -9999 -9999 -9999 -9999 -9999 -9999 -9999 -9999 -9999 -9999 -9999 -9999 -9999 -9999 -9999 -9999 -9999 608.4146 604.8824 600.9547 596.5995 591.9107 587.1317 582.6092 578.7806 575.6627 573.2503 571.5652 570.5357 570.1998 570.7287 572.1767 573.1666 573.2551 572.4527 571.0806 569.5007 568.3177 567.5416 567.1197 566.703 566.3708 566.1609 566.0963 566.1824 566.3995 566.7502 567.1671 567.5319 567.7001 567.8453 568.0032 568.2783 568.6932 569.3216 570.1415 571.1155 572.1941 573.2997 574.3863 575.5638 576.7813 577.5918 577.5912 577.6638 577.9477 578.4072 579.2234
-9999 -9999 -9999 -9999 -9999 -9999 -9999 -9999 -9999 -9999 -9999 -9999 -9999 -9999 -9999 -9999 -9999 -9999 610.7901 607.6382 604.0453 599.8892 595.2138 590.2842 585.4965 581.2699 577.6743 574.5546 572.2392 570.7926 570.2044 571.0017 572.5387 573.3221 573.2056 572.1736 570.8303 569.4118 568.3519 567.6412 567.1624 566.6961 566.2892 566.0052 565.8672 565.8873 566.017 566.3171 566.6857 567.064 567.2151 567.4528 567.6312 567.8958 568.2224 568.6777 569.3176 570.1189 571.0547 572.0767 573.1205 573.9231 575.0303 576.055 576.5743 576.9329 577.3705 577.9649 578.9587
-9999 -9999 -9999 -9999 -9999 -9999 -9999 -9999 -9999 -9999 -9999 -9999 -9999 -9999 -9999 -9999 -9999 -9999 -9999 609.7549 606.5925 602.6901 598.0878 593.0636 588.0419 583.4432 579.5024 575.7414 572.9562 571.1487 570.2088 570.9349 572.4246 573.1768 572.9305 571.8312 570.453 569.0974 568.2123 567.6049 567.1497 566.6245 566.1514 565.821 565.6346 565.623 565.653 565.9033 566.1624 566.4956 566.7575 567.0743 567.2119 567.4828 567.6918 567.9493 568.4292 569.0853 569.9589 570.9144 571.815 572.5445 573.3812 574.4 575.1758 575.8015 576.3641 576.9761 578.0443
-9999 -9999 -9999 -9999 -9999 -9999 -9999 -9999 -9999 -9999 -9999 -9999 -9999 -9999 -9999 -9999 -9999 -9999 -9999 -9999 608.5804 604.9795 600.4661 595.3331 590.011 584.9175 580.3973 576.3677 573.3563 571.3533 570.2088 570.5219 571.7635 572.6479 572.2215 571.3876 570.2029 568.9265 568.072 567.4829 567.0583 566.4663 565.947 565.6279 565.447 565.402 565.4413 565.6065 565.6849 565.9689 566.2065 566.5199 566.7537 567.013 567.0459 567.0404 567.3257 567.9273 568.7532 569.7684 570.6569 571.3579 572.0673 572.8335 573.5664 574.307 574.9653 575.7099 576.7404
-9999 -9999 -9999 -9999 -9999 -9999 -9999 -9999 -9999 -9999 -9999 -9999 -9999 -9999 -9999 -9999 -9999 -9999 -9999 -9999 610.0436 606.7574 602.3358 597.0891 591.4564 585.8937 580.9698 576.7162 573.5804 571.5298 570.2689 570.2088 570.9799 571.6688 571.5804 571.0305 570.0798 568.8618 567.9309 567.2387 566.7338 566.1862 565.6857 565.4259 565.2704 565.2114 565.2318 565.3248 565.4189 565.6064 565.6946 565.9751 566.153 566.2523 566.1725 565.9997 566.3041 566.8499 567.5727 568.572 569.5757 570.2981 570.9839 571.6233 572.2174 572.9468 573.5906 574.3865 575.3658
-9999 -9999 -9999 -9999 -9999 -9999 -9999 -9999 -9999 -9999 -9999 -9999 -9999 -9999 -9999 -9999 -9999 -9999 -9999 -9999 610.976 607.9659 603.6493 598.3488 592.5424 586.7375 581.4855 577.0014 573.77 571.7849 570.37 569.9604 570.2609 570.7656 570.9033 570.656 569.9245 568.7823 567.7749 567.0509 566.4443 565.9565 565.5977 565.3002 565.1218 565.0422 565.0403 565.0995 565.1927 565.3265 565.4377 565.613 565.6473 565.6496 565.5969 565.4789 565.651 566.0788 566.6739 567.474 568.4387 569.301 570.091 570.7443 571.3026 571.8802 572.5178 573.2612 574.1652
-9999 -9999 -9999 -9999 -9999 -9999 -9999 -9999 -9999 -9999 -9999 -9999 -9999 -9999 -9999 -9999 -9999 -9999 -9999 -9999 611.1947 608.4718 604.3256 599.0835 593.2521 587.3619 581.9703 577.2919 573.9796 572.1379 570.4719 569.6827 569.5854 569.9131 570.1379 570.1547 569.5029 568.5195 567.4468 566.661 566.0576 565.6318 565.3358 565.1037 564.9519 564.8749 564.8638 564.9105 565.0016 565.1207 565.2302 565.324 565.3235 565.2788 565.2078 565.1526 565.2796 565.6043 566.0453 566.6842 567.4598 568.3785 569.2711 570.0463 570.6387 571.1689 571.7302 572.39 573.2101
-9999 -9999 -9999 -9999 -9999 -9999 -9999 -9999 -9999 -9999 -9999 -9999 -9999 -9999 -9999 -9999 -9999 -9999 -9999 -9999 610.9509 608.423 604.4748 599.4003 593.7003 587.9023 582.5084 577.6186 574.0226 571.8433 570.299 569.2477 568.772 568.828 569.1063 569.463 568.8737 568.0812 567.1548 566.2677 565.6589 565.2974 565.0598 564.8867 564.7701 564.7075 564.6982 564.7411 564.8312 564.9518 565.062 565.127 565.1145 565.0527 564.9824 564.9584 565.0657 565.3167 565.6694 566.2056 566.8438 567.5748 568.5243 569.3463 570.0511 570.6046 571.1316 571.7265 572.4808
-9999 -9999 -9999 -9999 -9999 -9999 -9999 -9999 -9999 -9999 -9999 -9999 -9999 -9999 -9999 -9999 -9999 -9999 -9999 -9999 610.4236 608.0919 604.4009 599.5916 594.1208 588.4703 583.0736 578.1198 574.2553 571.6957 570.197 568.8376 568.0791 567.907 568.0897 568.3535 568.0626 567.5691 566.8391 565.8826 565.3601 565.0464 564.8402 564.6954 564.5984 564.5465 564.5411 564.5812 564.6675 564.7913 564.9092 564.9736 564.9642 564.9042 564.8451 564.8506 564.9775 565.2382 565.6139 566.0505 566.5854 567.2117 567.9506 568.6831 569.3893 570.0598 570.635 571.2242 571.9419
-9999 -9999 -9999 -9999 -9999 -9999 -9999 -9999 -9999 -9999 -9999 -9999 -9999 -9999 -9999 -9999 -9999 -9999 -9999 -9999 -9999 607.8213 604.4644 600.0167 594.8604 589.4233 584.0905 579.0793 574.9266 571.9068 569.9624 568.4828 567.5123 567.1936 567.2302 567.3208 567.2501 567.0475 566.4397 565.6865 565.2308 564.9279 564.7098 564.5529 564.4496 564.3951 564.3906 564.4231 564.4968 564.6206 564.744 564.8159 564.8163 564.7693 564.7304 564.7681 564.9305 565.2251 565.6206 566.0369 566.5205 567.0735 567.5426 568.1182 568.7463 569.4496 570.1932 570.8501 571.5865
-9999 -9999 -9999 -9999 -9999 -9999 -9999 -9999 -9999 -9999 -9999 -9999 -9999 -9999 -9999 -9999 -9999 -9999 -9999 -9999 -9999 607.8089 604.9161 600.9188 596.1395 590.9548 585.693 580.6457 576.2032 572.6951 570.1868 568.3853 567.2524 567.093 567.1531 567.0707 566.8947 566.6329 566.167 565.6306 565.251 564.9326 564.6632 564.4575 564.3247 564.2524 564.2467 564.2644 564.3112 564.4352 564.5513 564.6215 564.631 564.5999 564.5845 564.6624 564.8685 565.2048 565.6239 566.0403 566.4727 566.8839 567.2061 567.7089 568.2791 568.9371 569.8312 570.507 571.1969
-9999 -9999 -9999 -9999 -9999 -9999 -9999 -9999 -9999 -9999 -9999 -9999 -9999 -9999 -9999 -9999 -9999 -9999 -9999 -9999 -9999 -9999 605.5862 602.1415 597.7769 592.8668 587.7234 582.6282 577.9716 574.0138 570.9323 568.697 567.4146 567.4863 567.5004 567.129 566.7631 566.4168 566.0403 565.6497 565.3795 565.0237 564.6669 564.3837 564.2141 564.1114 564.1086 564.1087 564.1154 564.2516 564.3375 564.3826 564.3916 564.3754 564.3793 564.5065 564.769 565.1616 565.6212 566.0713 566.5131 566.9042 567.1718 567.5713 568.054 568.6469 569.3699 570.1891 570.944
-9999 -9999 -9999 -9999 -9999 -9999 -9999 -9999 -9999 -9999 -9999 -9999 -9999 -9999 -9999 -9999 -9999 -9999 -9999 -9999 -9999 -9999 606.126 603.2772 599.332 594.7341 589.7945 584.7816 580.0531 575.7357 572.197 569.5326 568.0164 568.1165 567.6089 567.0752 566.6479 566.306 566.024 565.7913 565.5947 565.1431 564.6696 564.2904 564.1061 563.9817 563.9435 563.9452 563.9875 564.1022 564.1114 564.1115 564.1098 564.1056 564.1182 564.307 564.6346 565.1139 565.6237 566.1434 566.6423 567.1013 567.348 567.6545 568.0259 568.4904 569.0541 570.0402 570.8547
-9999 -9999 -9999 -9999 -9999 -9999 -9999 -9999 -9999 -9999 -9999 -9999 -9999 -9999 -9999 -9999 -9999 -9999 -9999 -9999 -9999 -9999 -9999 604.0284 600.4041 596.1398 591.504 586.7122 581.9946 577.5952 573.8364 570.855 568.8453 568.03 567.3716 566.8591 566.4904 566.2064 565.9904 565.8248 565.626 565.1642 564.6229 564.1407 563.9403 563.8182 563.7603 563.7521 563.7856 563.8444 563.8476 563.8306 563.8123 563.811 563.8723 564.0995 564.4848 565.1198 565.6942 566.2968 566.8124 567.2281 567.5852 567.8878 568.2003 568.6223 569.1996 570.0847 570.8589
-9999 -9999 -9999 -9999 -9999 -9999 -9999 -9999 -9999 -9999 -9999 -9999 -9999 -9999 -9999 -9999 -9999 -9999 -9999 -9999 -9999 -9999 -9999 604.2579 600.8926 596.9883 592.7559 588.34 583.889 579.6098 575.777 572.5574 570.0388 568.3368 567.3513 566.7535 566.3873 566.1249 565.925 565.7751 565.6017 565.1383 564.6043 564.1216 563.845 563.6676 563.571 563.5406 563.5553 563.585 563.5861 563.5645 563.5367 563.5353 563.6143 563.8562 564.3165 565.2463 565.9907 566.6827 567.2625 567.7573 568.0796 568.2822 568.4851 568.7495 569.325 570.1189 570.8472
-9999 -9999 -9999 -9999 -9999 -9999 -9999 -9999 -9999 -9999 -9999 -9999 -9999 -9999 -9999 -9999 -9999 -9999 -9999 -9999 -9999 -9999 -9999 -9999 601.2025 597.6085 593.7983 589.8323 585.7552 581.6838 577.8344 574.4401 571.5712 569.3369 567.7925 566.9232 566.4252 566.0989 565.8485 565.6414 565.4144 565.015 564.5551 564.1191 563.7635 563.5081 563.3694 563.3221 563.3295 563.3544 563.3608 563.342 563.3116 563.3112 563.4083 563.6979 564.2739 565.2335 566.3338 567.2714 568.0422 568.6027 568.8641 568.9305 568.9666 569.1452 569.5104 570.139 570.826
-9999 -9999 -9999 -9999 -9999 -9999 -9999 -9999 -9999 -9999 -9999 -9999 -9999 -9999 -9999 -9999 -9999 -9999 -9999 -9999 -9999 -9999 -9999 -9999 601.8676 598.4651 594.9788 591.3961 587.645 583.7476 579.8592 576.2507 573.0496 570.5052 568.6407 567.3773 566.6378 566.1486 565.8024 565.5901 565.2285 564.8247 564.424 564.0554 563.6118 563.2893 563.1403 563.1024 563.1241 563.1641 563.1864 563.1752 563.1448 563.1418 563.2499 563.5758 564.2509 565.4326 566.8009 567.9995 568.9366 569.567 569.9447 570.0115 569.9512 569.7794 569.7431 570.1675 570.892
-9999 -9999 -9999 -9999 -9999 -9999 -9999 -9999 -9999 -9999 -9999 -9999 -9999 -9999 -9999 -9999 -9999 -9999 -9999 -9999 -9999 -9999 -9999 -9999 -9999 599.8906 596.6176 593.2191 589.5705 585.6528 581.647 577.8344 574.2555 571.5153 569.5482 568.039 566.9912 566.2515 565.6693 565.2896 564.8956 564.5006 564.1089 563.7129 563.2863 562.9696 562.8877 562.8947 562.9491 563.0155 563.0613 563.0616 563.0267 563.0114 563.1062 563.434 564.1384 565.3625 566.941 568.5146 569.715 570.2355 570.4726 570.4365 570.302 570.1736 569.9814 570.2852 571.2227
-9999 -9999 -9999 -9999 -9999 -9999 -9999 -9999 -9999 -9999 -9999 -9999 -9999 -9999 -9999 -9999 -9999 -9999 -9999 -9999 -9999 -9999 -9999 -9999 -9999 601.8934 598.7307 595.3239 591.5344 587.3258 582.9349 578.627 574.9171 572.1955 570.3259 568.775 567.4546 566.4613 565.6327 565.0024 564.5135 564.1051 563.7119 563.3101 562.9044 562.6118 562.6703 562.7234 562.8112 562.9028 562.9736 562.9886 562.9453 562.9023 562.9532 563.2108 563.8104 564.8772 566.577 568.4528 569.7957 570.4325 570.5864 570.4241 570.2036 570.0706 570.0895 570.6577 571.9839
-9999 -9999 -9999 -9999 -9999 -9999 -9999 -9999 -9999 -9999 -9999 -9999 -9999 -9999 -9999 -9999 -9999 -9999 -9999 -9999 -9999 -9999 -9999 -9999 -9999 604.2267 601.1143 597.6079 593.5813 589.0155 584.1793 579.3841 575.4374 572.6981 571.04 569.5398 568.0573 566.773 565.6368 564.7202 564.1189 563.6898 563.3097 562.9312 562.5833 562.4291 562.5558 562.5826 562.6992 562.8088 562.9046 562.9398 562.8931 562.8162 562.8081 562.9746 563.4409 564.3514 565.8925 567.8177 569.4426 570.2603 570.4388 570.2167 570.0359 570.0086 570.3493 571.4648 573.1639
-9999 -9999 -9999 -9999 -9999 -9999 -9999 -9999 -9999 -9999 -9999 -9999 -9999 -9999 -9999 -9999 -9999 -9999 -9999 -9999 -9999 -9999 -9999 -9999 -9999 606.5703 603.4789 599.8466 595.5894 590.7086 585.4417 580.2523 575.96 572.9846 571.2117 569.8353 568.4289 567.0181 565.6334 564.4377 563.7635 563.3041 562.9197 562.5361 562.1823 562.0623 562.1863 562.3586 562.5731 562.7056 562.838 562.9034 562.8639 562.762 562.6976 562.7792 563.114 563.8339 565.0657 566.8828 568.6156 569.7921 570.1753 570.0934 569.9897 570.1471 570.8859 572.5126 574.5995
-9999 -9999 -9999 -9999 -9999 -9999 -9999 -9999 -9999 -9999 -9999 -9999 -9999 -9999 -9999 -9999 -9999 -9999 -9999 -9999 -9999 -9999 -9999 -9999 -9999 -9999 605.5241 601.7755 597.3408 592.2365 586.6984 581.2117 576.5295 573.2076 571.1815 569.7192 568.361 566.9956 565.5897 564.3163 563.5022 562.9463 562.4988 562.0172 561.6481 561.5626 561.7502 562.0789 562.3914 562.5835 562.7777 562.8828 562.8575 562.7435 562.6421 562.6597 562.8948 563.4467 564.4191 565.9376 567.6721 569 569.6984 569.9379 570.052 570.4706 571.6796 573.6456 575.7834
-9999 -9999 -9999 -9999 -9999 -9999 -9999 -9999 -9999 -9999 -9999 -9999 -9999 -9999 -9999 -9999 -9999 -9999 -9999 -9999 -9999 -9999 -9999 -9999 -9999 -9999 606.9872 603.1328 598.5782 593.3495 587.6522 581.9481 576.9796 573.3523 571.0214 569.2239 567.8269 566.6135 565.3585 564.1586 563.2146 562.5385 561.9691 561.4646 561.0979 561.0723 561.3651 561.9023 562.353 562.5847 562.7839 562.8939 562.8771 562.7611 562.6462 562.6371 562.8253 563.278 564.0669 565.2466 566.9084 568.3618 569.325 569.897 570.2608 570.981 572.373 574.5121 576.5604
-9999 -9999 -9999 -9999 -9999 -9999 -9999 -9999 -9999 -9999 -9999 -9999 -9999 -9999 -9999 -9999 -9999 -9999 -9999 -9999 -9999 -9999 -9999 -9999 -9999 -9999 607.7014 603.7614 599.1526 593.9085 588.1771 582.3717 577.2504 573.4193 570.9302 568.6798 567.0417 565.8079 564.7695 563.7938 562.8002 562.0638 561.4813 561.0553 560.8067 560.8434 561.1841 561.9649 562.533 562.7389 562.8631 562.932 562.9097 562.8054 562.7031 562.7088 562.9059 563.3416 564.0507 565.0819 566.477 567.9893 569.1136 570.0137 570.6086 571.4854 572.936 575.0306 577.0677
-9999 -9999 -9999 -9999 -9999 -9999 -9999 -9999 -9999 -9999 -9999 -9999 -9999 -9999 -9999 -9999 -9999 -9999 -9999 -9999 -9999 -9999 -9999 -9999 -9999 -9999 607.7444 603.7485 599.1628 594.0122 588.3708 582.5733 577.3854 573.2575 570.245 567.8695 566.1469 564.9642 564.0592 563.2115 562.3694 561.6035 561.0763 560.8103 560.7531 560.9602 561.4648 562.3351 562.7693 562.9131 562.957 562.9714 562.939 562.86 562.7987 562.8566 563.1074 563.5778 564.2197 565.1219 566.2218 567.6356 568.9023 570.037 570.9394 572.0378 573.6782 575.714 577.6866
-9999 -9999 -9999 -9999 -9999 -9999 -9999 -9999 -9999 -9999 -9999 -9999 -9999 -9999 -9999 -9999 -9999 -9999 -9999 -9999 -9999 -9999 -9999 -9999 -9999 -9999 607.4048 603.3995 598.9083 593.9592 588.5649 582.9604 577.7908 573.4487 570.0712 567.5119 565.6531 564.3336 563.4094 562.5865 561.7413 561.0671 560.747 560.7391 560.9413 561.4108 562.1846 562.7772 563.0656 563.1157 563.0685 563.0159 562.9689 562.9227 562.925 563.0641 563.4106 563.9975 564.7013 565.5018 566.4089 567.5704 568.9044 570.2029 571.4153 572.7949 574.6196 576.6791 578.4586
-9999 -9999 -9999 -9999 -9999 -9999 -9999 -9999 -9999 -9999 -9999 -9999 -9999 -9999 -9999 -9999 -9999 -9999 -9999 -9999 -9999 -9999 -9999 -9999 -9999 -9999 607.0576 603.0868 598.7421 594.0792 589.0589 583.813 578.75 574.2772 570.6039 567.7455 565.6207 564.0814 562.9535 562.0268 561.0585 560.4542 560.4297 560.7991 561.3184 562.1442 562.7705 563.2009 563.3798 563.3455 563.2133 563.0904 563.0242 563.0159 563.0966 563.3284 563.7667 564.4427 565.3121 566.0454 566.9014 568.0495 569.4469 570.7997 572.2637 574.0018 575.935 577.7445 579.1491
-9999 -9999 -9999 -9999 -9999 -9999 -9999 -9999 -9999 -9999 -9999 -9999 -9999 -9999 -9999 -9999 -9999 -9999 -9999 -9999 -9999 -9999 -9999 -9999 -9999 -9999 606.954 603.0547 598.8854 594.5399 589.9418 585.1118 580.2678 575.7255 571.7601 568.4869 565.9375 564.0417 562.5735 561.3054 560.2518 559.7062 560.0548 560.9119 561.7849 562.5785 563.1547 563.5181 563.6479 563.5731 563.3923 563.2206 563.1413 563.1827 563.3641 563.7231 564.3044 565.1981 566.0293 566.7899 567.6826 568.8721 570.2493 571.7368 573.4949 575.4977 577.3256 578.8286 579.9001
-9999 -9999 -9999 -9999 -9999 -9999 -9999 -9999 -9999 -9999 -9999 -9999 -9999 -9999 -9999 -9999 -9999 -9999 -9999 -9999 -9999 -9999 -9999 -9999 -9999 -9999 -9999 603.3214 599.3468 595.3043 591.1008 586.6486 582.0115 577.4142 573.1533 569.4518 566.4477 564.1489 562.3652 560.8057 559.5399 558.9978 559.5438 560.7558 561.9885 562.7823 563.3445 563.6932 563.8259 563.7657 563.597 563.424 563.3558 563.4683 563.7871 564.321 565.066 566.0178 566.965 567.8737 568.9988 570.1982 571.4606 572.9979 574.9762 576.9743 578.5682 579.7114 580.4402
-9999 -9999 -9999 -9999 -9999 -9999 -9999 -9999 -9999 -9999 -9999 -9999 -9999 -9999 -9999 -9999 -9999 -9999 -9999 -9999 -9999 -9999 -9999 -9999 -9999 -9999 -9999 603.7797 599.9835 596.2015 592.3245 588.1664 583.6684 578.9648 574.3837 570.3042 566.9053 564.2711 562.223 560.3908 558.8915 558.2037 558.8302 560.1808 561.5797 562.628 563.3186 563.7268 563.9083 563.91 563.8271 563.7141 563.6962 563.9054 564.4166 565.2188 566.0394 567.0072 568.0972 569.3826 570.825 571.9789 573.0186 574.5247 576.503 578.2531 579.3878 580.1571 580.6569
-9999 -9999 -9999 -9999 -9999 -9999 -9999 -9999 -9999 -9999 -9999 -9999 -9999 -9999 -9999 -9999 -9999 -9999 -9999 -9999 -9999 -9999 -9999 -9999 -9999 -9999 -9999 -9999 600.6342 597.0303 593.3632 589.3734 584.9133 580.0743 575.2477 570.8957 567.2261 564.3619 562.1752 560.2476 558.606 557.9088 558.2767 559.5688 561.0717 562.3631 563.1714 563.6713 563.9362 564.025 564.1044 564.1193 564.1955 564.5168 565.2392 565.9726 566.8352 567.8195 569.1527 570.9703 572.9161 574.0226 574.8433 576.1532 577.8635 579.1765 579.6449 580.3749 580.7341
