backend/lakes/data/Goodfish Lake/good_dem_tm.asc
ncols         99
nrows         147
xllcorner     704550
yllcorner     6013600
cellsize      50
NODATA_value  -9999
[rows 93 to 123 of 147, columns 0 to 68 of 99]
-9999 -9999 -9999 -9999 -9999 -9999 -9999 -9999 -9999 -9999 -9999 -9999 -9999 -9999 -9999 -9999 -9999 -9999 -9999 -9999 -9999 -9999 -9999 -9999 -9999 -9999 -9999 -9999 601.1522 597.6411 594.0626 590.1401 585.6868 580.7587 575.7651 571.2199 567.3871 564.426 562.2367 560.424 558.8344 557.9568 558.0392 559.0437 560.4567 561.8644 562.8549 563.5398 563.9639 564.1505 564.444 564.6864 564.9658 565.3866 565.8578 566.4233 567.1686 568.233 569.7847 571.9578 574.2761 575.6788 576.5253 577.647 578.9888 579.9813 580.4759 580.902 580.9309
-9999 -9999 -9999 -9999 -9999 -9999 -9999 -9999 -9999 -9999 -9999 -9999 -9999 -9999 -9999 -9999 -9999 -9999 -9999 -9999 -9999 -9999 -9999 -9999 -9999 -9999 -9999 -9999 601.5341 598.0345 594.427 590.511 586.0889 581.1647 576.1064 571.4623 567.5463 564.542 562.3809 560.6934 559.2261 558.1537 557.8781 558.3275 559.4736 560.949 562.3124 563.3291 564.0668 564.4852 564.8781 565.2349 565.5815 565.9017 566.2408 566.6541 567.2408 568.2972 569.8931 572.207 574.7056 576.3333 577.4197 578.5648 579.7349 580.5074 580.9601 581.072 581.0834
-9999 -9999 -9999 -9999 -9999 -9999 -9999 -9999 -9999 -9999 -9999 -9999 -9999 -9999 -9999 -9999 -9999 -9999 -9999 -9999 -9999 -9999 -9999 -9999 -9999 -9999 -9999 -9999 601.898 598.3505 594.656 590.7177 586.3572 581.5189 576.5081 571.8443 567.8773 564.8495 562.7177 561.1402 559.7859 558.688 558.0327 557.9728 558.5927 560.0204 561.6405 562.991 564.0334 564.6805 565.1954 565.5964 565.9243 566.2131 566.5028 566.8446 567.2966 568.2509 569.7214 572.0301 574.5905 576.4658 577.7676 578.813 579.7867 580.438 580.8157 580.9975 -9999
-9999 -9999 -9999 -9999 -9999 -9999 -9999 -9999 -9999 -9999 -9999 -9999 -9999 -9999 -9999 -9999 -9999 -9999 -9999 -9999 -9999 -9999 -9999 -9999 -9999 -9999 -9999 -9999 602.3994 598.8138 595.0295 591.0687 586.8171 582.1576 577.2591 572.6208 568.6116 565.522 563.4144 561.9671 560.7311 559.549 558.5721 558.0048 558.1831 559.4603 561.0801 562.5873 563.8256 564.6586 565.3306 565.6974 566.0928 566.4066 566.7126 567.102 567.5597 568.3766 569.6769 571.9351 574.5013 576.3804 577.5465 578.3038 579.113 579.8318 580.2375 -9999 -9999
-9999 -9999 -9999 -9999 -9999 -9999 -9999 -9999 -9999 -9999 -9999 -9999 -9999 -9999 -9999 -9999 -9999 -9999 -9999 -9999 -9999 -9999 -9999 -9999 -9999 -9999 -9999 -9999 -9999 599.5055 595.7032 591.7793 587.688 583.2877 578.5762 574.0015 569.9355 566.6827 564.3791 562.858 561.7322 560.5394 559.3339 558.2684 558.0425 559.1115 560.6206 562.1004 563.364 564.4188 565.4227 565.9016 566.2539 566.5281 566.8058 567.1897 567.8328 568.6753 569.8405 572.0695 574.6329 576.3792 577.2639 577.7198 578.2548 578.8883 579.3105 -9999 -9999
-9999 -9999 -9999 -9999 -9999 -9999 -9999 -9999 -9999 -9999 -9999 -9999 -9999 -9999 -9999 -9999 -9999 -9999 -9999 -9999 -9999 -9999 -9999 -9999 -9999 -9999 -9999 -9999 -9999 600.4583 596.722 592.9049 589.0339 584.9483 580.5313 576.0542 571.8866 568.3489 565.6611 563.8397 562.5381 561.3604 560.181 558.8976 558.0432 558.7675 560.0788 561.4548 562.8044 564.0588 565.2036 565.8665 566.2815 566.5621 566.8361 567.254 568.098 569.0391 570.0826 572.2963 574.8173 576.4351 577.0071 577.1386 577.5116 577.8847 578.1166 578.4759 579.17
-9999 -9999 -9999 -9999 -9999 -9999 -9999 -9999 -9999 -9999 -9999 -9999 -9999 -9999 -9999 -9999 -9999 -9999 -9999 -9999 -9999 -9999 -9999 -9999 -9999 -9999 -9999 -9999 -9999 601.5973 598.0271 594.4117 590.822 587.0927 583.0432 578.7292 574.4641 570.6141 567.4487 565.0989 563.4493 562.1326 560.8439 559.5008 558.437 558.7468 559.7148 561.0335 562.3328 563.4968 564.5956 565.5706 566.1445 566.4942 566.7937 567.2148 567.9728 568.8381 570.0377 572.209 574.5672 576.0919 576.7419 576.8927 577.0009 577.0684 577.1226 577.3519 578.0604
-9999 -9999 -9999 -9999 -9999 -9999 -9999 -9999 -9999 -9999 -9999 -9999 -9999 -9999 -9999 -9999 -9999 -9999 -9999 -9999 -9999 -9999 -9999 -9999 -9999 -9999 -9999 -9999 -9999 -9999 599.5811 596.2661 592.9824 589.5844 585.8781 581.815 577.5425 573.4169 569.7506 566.7709 564.5699 562.9053 561.5728 560.3693 559.3112 559.0886 559.6371 560.7771 561.8804 562.951 564.1135 565.1984 565.8876 566.3181 566.6647 567.1022 567.7698 568.5496 569.6144 571.5275 573.7009 575.3965 576.2711 576.5538 576.6264 576.6941 576.728 576.8304 577.2451
-9999 -9999 -9999 -9999 -9999 -9999 -9999 -9999 -9999 -9999 -9999 -9999 -9999 -9999 -9999 -9999 -9999 -9999 -9999 -9999 -9999 -9999 -9999 -9999 -9999 -9999 -9999 -9999 -9999 -9999 -9999 598.3734 595.3985 592.2715 588.8424 585.0186 580.8436 576.5208 572.399 568.8007 565.9443 563.8643 562.3514 561.0682 559.8995 559.3658 559.5776 560.4874 561.493 562.5693 563.6144 564.5722 565.4744 566.0071 566.3881 566.783 567.313 568.1366 569.0814 570.6681 572.5269 574.1921 575.4133 575.8797 576.0544 576.3442 576.5565 576.6498 576.8733
-9999 -9999 -9999 -9999 -9999 -9999 -9999 -9999 -9999 -9999 -9999 -9999 -9999 -9999 -9999 -9999 -9999 -9999 -9999 -9999 -9999 -9999 -9999 -9999 -9999 -9999 -9999 -9999 -9999 -9999 -9999 600.6367 597.9436 595.0193 591.7716 588.1071 584.0134 579.5994 575.1038 570.9473 567.4762 564.8858 563.1161 561.7981 560.5328 559.5735 559.4178 559.937 561.0735 562.2427 563.2136 564.1665 565.0192 565.6159 566.0209 566.369 566.7715 567.4003 568.3873 569.8032 571.4418 572.9478 574.0184 574.4943 575.03 575.6934 576.2586 576.5326 576.7389
-9999 -9999 -9999 -9999 -9999 -9999 -9999 -9999 -9999 -9999 -9999 -9999 -9999 -9999 -9999 -9999 -9999 -9999 -9999 -9999 -9999 -9999 -9999 -9999 -9999 -9999 -9999 -9999 -9999 -9999 -9999 -9999 600.4573 597.6666 594.4995 590.899 586.829 582.3319 577.5898 573.0128 569.037 565.9395 563.7708 562.1854 560.787 559.6741 559.3716 559.7667 560.8743 561.9086 562.8196 563.8152 564.6016 565.2035 565.629 565.9437 566.2104 566.6954 567.5045 568.7819 570.3462 571.8301 572.8824 573.4609 573.9304 574.4135 575.3441 576.1489 576.576
-9999 -9999 -9999 -9999 -9999 -9999 -9999 -9999 -9999 -9999 -9999 -9999 -9999 -9999 -9999 -9999 -9999 -9999 -9999 -9999 -9999 -9999 -9999 -9999 -9999 -9999 -9999 -9999 -9999 -9999 -9999 -9999 -9999 600.0136 596.8223 593.1938 589.1035 584.5702 579.7375 574.9289 570.5929 567.0479 564.4133 562.4789 560.9626 559.8991 559.5486 559.9596 560.8961 561.7274 562.5238 563.3392 564.163 564.7971 565.2394 565.5601 565.6862 566.082 566.7711 567.8638 569.4106 570.9527 572.0157 572.6273 573.0655 573.5084 574.3818 575.3403 576.1012
-9999 -9999 -9999 -9999 -9999 -9999 -9999 -9999 -9999 -9999 -9999 -9999 -9999 -9999 -9999 -9999 -9999 -9999 -9999 -9999 -9999 -9999 -9999 -9999 -9999 -9999 -9999 -9999 -9999 -9999 -9999 -9999 -9999 -9999 598.4908 594.7433 590.624 586.1686 581.4785 576.7101 572.213 568.3362 565.257 562.9524 561.2632 560.2153 559.869 560.2009 560.9557 561.5995 562.2247 562.8835 563.8212 564.4257 564.8209 565.0979 565.2843 565.6204 566.1998 567.1793 568.5409 570.0139 571.2272 571.9109 572.3975 572.9005 573.5816 574.4817 575.2382
-9999 -9999 -9999 -9999 -9999 -9999 -9999 -9999 -9999 -9999 -9999 -9999 -9999 -9999 -9999 -9999 -9999 -9999 -9999 -9999 -9999 -9999 -9999 -9999 -9999 -9999 -9999 -9999 -9999 -9999 -9999 -9999 -9999 -9999 599.3464 595.4218 591.2979 587.0436 582.7075 578.2927 573.9163 569.8832 566.4582 563.7972 561.8547 560.6557 560.212 560.4139 561.0024 561.56 562.0951 562.6537 563.4474 564.0652 564.4329 564.7217 564.9674 565.286 565.758 566.5887 567.6698 568.9915 570.267 571.1385 571.7836 572.4379 573.241 573.9679 574.6046
-9999 -9999 -9999 -9999 -9999 -9999 -9999 -9999 -9999 -9999 -9999 -9999 -9999 -9999 -9999 -9999 -9999 -9999 -9999 -9999 -9999 -9999 -9999 -9999 -9999 -9999 -9999 -9999 -9999 -9999 -9999 -9999 -9999 -9999 -9999 595.379 591.2604 587.2679 583.4168 579.5565 575.5693 571.5547 567.8818 564.8562 562.6192 561.2014 560.6053 560.6611 561.1046 561.6782 562.1899 562.6407 563.2671 563.7922 564.1385 564.4728 564.7834 565.1489 565.6252 566.238 567.0686 568.0748 569.167 570.2583 571.1156 571.9434 572.9992 573.695 574.2433
-9999 -9999 -9999 -9999 -9999 -9999 -9999 -9999 -9999 -9999 -9999 -9999 -9999 -9999 -9999 -9999 -9999 -9999 -9999 -9999 -9999 -9999 -9999 -9999 -9999 -9999 -9999 -9999 -9999 -9999 -9999 -9999 -9999 -9999 -9999 595.0114 590.9147 587.1697 583.777 580.4534 576.8877 573.0226 569.217 565.9449 563.462 561.8994 561.1506 561.0994 561.4932 562.0442 562.5238 562.8725 563.3136 563.7462 564.1041 564.3752 564.6882 565.083 565.5612 565.958 566.5413 567.276 568.1794 569.1942 570.3181 571.4065 572.6059 573.4071 574.0494
-9999 -9999 -9999 -9999 -9999 -9999 -9999 -9999 -9999 -9999 -9999 -9999 -9999 -9999 -9999 -9999 -9999 -9999 -9999 -9999 -9999 -9999 -9999 -9999 -9999 -9999 -9999 -9999 -9999 -9999 -9999 -9999 -9999 -9999 -9999 -9999 590.938 587.3278 584.1524 581.1 577.7618 574.0096 570.1428 566.7552 564.2107 562.6843 561.9396 561.7936 562.0474 562.4966 562.8083 563.0802 563.4058 563.758 564.0922 564.283 564.5771 564.9518 565.3461 565.6763 566.1613 566.7337 567.4159 568.2974 569.2808 570.4833 571.7411 572.8766 573.8408
-9999 -9999 -9999 -9999 -9999 -9999 -9999 -9999 -9999 -9999 -9999 -9999 -9999 -9999 -9999 -9999 -9999 -9999 -9999 -9999 -9999 -9999 -9999 -9999 -9999 -9999 -9999 -9999 -9999 -9999 -9999 -9999 -9999 -9999 -9999 -9999 591.9416 588.2896 584.9723 581.7523 578.2814 574.4619 570.6006 567.2451 564.8216 563.554 562.85 562.5743 562.5981 562.8143 563.0212 563.2235 563.4573 563.7125 563.9493 564.1252 564.4584 564.848 565.2495 565.6248 565.9938 566.4629 567.053 567.6805 568.4482 569.3908 570.65 572.0035 573.3613
-9999 -9999 -9999 -9999 -9999 -9999 -9999 -9999 -9999 -9999 -9999 -9999 -9999 -9999 -9999 -9999 -9999 -9999 -9999 -9999 -9999 -9999 -9999 -9999 -9999 -9999 -9999 -9999 -9999 -9999 -9999 -9999 -9999 -9999 -9999 598.0242 594.1903 590.2988 586.5334 582.8009 578.8828 574.8407 570.9833 567.7158 565.4919 564.5852 563.9293 563.3905 563.1832 563.1655 563.234 563.3423 563.4916 563.6797 563.8879 564.1087 564.4142 564.7866 565.1934 565.5963 565.8617 566.2496 566.733 567.2399 567.8464 568.5793 569.5815 571.0483 572.7052
-9999 -9999 -9999 -9999 -9999 -9999 -9999 -9999 -9999 -9999 -9999 -9999 -9999 -9999 -9999 -9999 -9999 -9999 -9999 -9999 -9999 -9999 -9999 -9999 -9999 -9999 -9999 -9999 -9999 -9999 -9999 -9999 -9999 -9999 -9999 601.2513 597.4071 593.2084 588.9246 584.6261 580.2446 575.9282 571.95 568.6353 566.413 565.5886 564.5576 563.9408 563.68 563.5275 563.4563 563.4548 563.5243 563.6676 563.87 564.1083 564.3864 564.7192 565.0786 565.4126 565.6629 566.0551 566.5233 567.0532 567.479 568.0181 568.8406 570.1567 571.8259
-9999 -9999 -9999 -9999 -9999 -9999 -9999 -9999 -9999 -9999 -9999 -9999 -9999 -9999 -9999 -9999 -9999 -9999 -9999 -9999 -9999 -9999 -9999 -9999 -9999 -9999 -9999 -9999 -9999 -9999 -9999 -9999 -9999 -9999 -9999 605.0325 601.1337 596.6746 591.9854 587.2621 582.5511 577.9916 573.7831 570.1592 567.42 565.7155 564.6948 564.2531 564.0928 563.8563 563.6537 563.5483 563.5525 563.6722 563.8785 564.107 564.3622 564.6599 564.9822 565.3016 565.6075 565.8816 566.2479 566.6886 567.1122 567.5548 568.2327 569.3336 570.9647
-9999 -9999 -9999 -9999 -9999 -9999 -9999 -9999 -9999 -9999 -9999 -9999 -9999 -9999 -9999 -9999 -9999 -9999 -9999 -9999 -9999 -9999 -9999 -9999 -9999 -9999 -9999 -9999 -9999 -9999 -9999 -9999 -9999 -9999 -9999 608.7751 604.8834 600.2986 595.4 590.459 585.59 580.8996 576.465 572.4969 569.223 566.7925 565.2416 564.733 564.6165 564.1821 563.8161 563.616 563.5764 563.7002 563.934 564.1151 564.3591 564.6271 564.9028 565.1702 565.417 565.6343 565.9194 566.286 566.6652 567.1008 567.6981 568.7039 570.2089
-9999 -9999 -9999 -9999 -9999 -9999 -9999 -9999 -9999 -9999 -9999 -9999 -9999 -9999 -9999 -9999 -9999 -9999 -9999 -9999 -9999 -9999 -9999 -9999 -9999 -9999 -9999 -9999 -9999 -9999 -9999 -9999 -9999 -9999 -9999 -9999 608.261 603.7324 598.8214 593.8544 588.9731 584.2271 579.6829 575.4473 571.775 568.7934 566.6364 565.4601 565.1931 564.4662 563.9595 563.701 563.6248 563.765 564.0824 564.2405 564.4426 564.6655 564.8842 565.0864 565.2755 565.4537 565.65 565.947 566.2419 566.6049 567.1589 568.0977 569.5612
-9999 -9999 -9999 -9999 -9999 -9999 -9999 -9999 -9999 -9999 -9999 -9999 -9999 -9999 -9999 -9999 -9999 -9999 -9999 -9999 -9999 -9999 -9999 -9999 -9999 -9999 -9999 -9999 -9999 -9999 -9999 -9999 -9999 -9999 -9999 -9999 611.0311 606.7336 601.9677 597.1014 592.3102 587.6207 583.0511 578.7081 574.8189 571.4918 568.8433 566.9845 565.8365 564.8709 564.3032 563.9944 563.8059 563.8643 564.1277 564.3921 564.6195 564.8124 564.9686 565.0918 565.2285 565.4026 565.6195 565.7692 565.9333 566.2048 566.6971 567.55 569.0104
-9999 -9999 -9999 -9999 -9999 -9999 -9999 -9999 -9999 -9999 -9999 -9999 -9999 -9999 -9999 -9999 -9999 -9999 -9999 -9999 -9999 -9999 -9999 -9999 -9999 -9999 -9999 -9999 -9999 -9999 -9999 -9999 -9999 -9999 -9999 -9999 -9999 609.212 604.6954 599.9954 595.3578 590.8292 586.3956 582.1079 578.124 574.6068 571.6417 569.3158 567.625 566.3495 565.4851 564.8827 564.4183 564.3432 564.5889 564.8214 564.9983 565.1246 565.1946 565.1948 565.2437 565.3535 565.4886 565.623 565.732 565.9777 566.4766 567.3368 568.7458
-9999 -9999 -9999 -9999 -9999 -9999 -9999 -9999 -9999 -9999 -9999 -9999 -9999 -9999 -9999 -9999 -9999 -9999 -9999 -9999 -9999 -9999 -9999 -9999 -9999 -9999 -9999 -9999 -9999 -9999 -9999 -9999 -9999 -9999 -9999 -9999 -9999 -9999 606.9896 602.4964 598.0532 593.7551 589.5699 585.4875 581.5637 577.9362 574.7644 572.128 570.0593 568.4532 567.2637 566.4316 565.7745 565.542 565.5661 565.585 565.6085 565.6241 565.5895 565.413 565.3547 565.3796 565.3833 565.452 565.6235 565.9483 566.5453 567.4786 568.8584
-9999 -9999 -9999 -9999 -9999 -9999 -9999 -9999 -9999 -9999 -9999 -9999 -9999 -9999 -9999 -9999 -9999 -9999 -9999 -9999 -9999 -9999 -9999 -9999 -9999 -9999 -9999 -9999 -9999 -9999 -9999 -9999 -9999 -9999 -9999 -9999 -9999 -9999 -9999 604.7164 600.4924 596.4469 592.561 588.7693 585.0435 581.4462 578.1323 575.2623 572.889 570.9532 569.435 568.3141 567.4794 567.0446 566.8161 566.52 566.3646 566.2792 566.1196 565.7933 565.6567 565.6013 565.4244 565.4157 565.6409 566.14 566.924 568.0301 569.3995
-9999 -9999 -9999 -9999 -9999 -9999 -9999 -9999 -9999 -9999 -9999 -9999 -9999 -9999 -9999 -9999 -9999 -9999 -9999 -9999 -9999 -9999 -9999 -9999 -9999 -9999 -9999 -9999 -9999 -9999 -9999 -9999 -9999 -9999 -9999 -9999 -9999 -9999 -9999 -9999 602.7822 598.9903 595.3993 591.9258 588.4812 585.0618 581.7602 578.7216 576.0624 573.7713 571.8948 570.4612 569.4208 568.6971 568.1835 567.6003 567.3381 567.2346 567.0607 566.6823 566.351 566.0693 565.7073 565.6547 565.968 566.6173 567.5547 568.7653 570.0001
-9999 -9999 -9999 -9999 -9999 -9999 -9999 -9999 -9999 -9999 -9999 -9999 -9999 -9999 -9999 -9999 -9999 -9999 -9999 -9999 -9999 -9999 -9999 -9999 -9999 -9999 -9999 -9999 -9999 -9999 -9999 -9999 -9999 -9999 -9999 -9999 -9999 -9999 -9999 -9999 -9999 601.4011 598.0765 594.9114 591.7963 588.6581 585.5254 582.4694 579.5839 576.9246 574.6474 572.8709 571.5411 570.4883 569.7163 569.0002 568.6672 568.5146 568.2658 567.81 567.3522 566.9774 566.4823 566.3335 566.6475 567.4276 568.5413 569.7228 570.761
-9999 -9999 -9999 -9999 -9999 -9999 -9999 -9999 -9999 -9999 -9999 -9999 -9999 -9999 -9999 -9999 -9999 -9999 -9999 -9999 -9999 -9999 -9999 -9999 -9999 -9999 -9999 -9999 -9999 -9999 -9999 -9999 -9999 -9999 -9999 -9999 -9999 -9999 -9999 -9999 -9999 -9999 600.512 597.6418 594.8773 592.0919 589.2379 586.3108 583.3549 580.4367 577.7455 575.5347 573.7809 572.4322 571.4091 570.5916 570.1494 569.8685 569.4478 568.9952 568.5805 568.162 567.5226 567.3052 567.6043 568.5134 569.6212 570.6511 571.6092
-9999 -9999 -9999 -9999 -9999 -9999 -9999 -9999 -9999 -9999 -9999 -9999 -9999 -9999 -9999 -9999 -9999 -9999 -9999 -9999 -9999 -9999 -9999 -9999 -9999 -9999 -9999 -9999 -9999 -9999 -9999 -9999 -9999 -9999 -9999 -9999 -9999 -9999 -9999 -9999 -9999 -9999 602.6061 599.9797 597.5609 595.1774 592.7087 590.0583 587.1902 584.1628 581.1713 578.5002 576.2544 574.5676 573.2913 572.3784 571.7655 571.3236 570.7617 570.3008 569.9036 569.4991 568.8755 568.6364 568.8756 569.6752 570.601 571.5714 572.5203
