backend/lakes/data/Goodfish Lake/good_dem_tm.asc
ncols         99
nrows         147
xllcorner     704550
yllcorner     6013600
cellsize      50
NODATA_value  -9999
[rows 31 to 61 of 147, columns 0 to 68 of 99]
-9999 -9999 -9999 -9999 -9999 -9999 -9999 -9999 -9999 -9999 -9999 -9999 -9999 -9999 -9999 -9999 -9999 -9999 -9999 -9999 -9999 -9999 -9999 -9999 -9999 -9999 -9999 -9999 583.1453 582.0928 580.9826 580.0933 579.2629 578.6146 578.1048 578.1392 577.8442 577.3092 577.0584 576.9534 576.5508 576.0977 576.0664 576.3113 575.6461 575.0497 574.5831 573.8317 573.33 573.3222 573.8053 574.5916 575.6168 577.1855 578.8326 580.5174 581.763 582.4438 582.8109 583.0595 -9999 -9999 -9999 -9999 -9999 -9999 -9999 -9999 -9999
-9999 -9999 -9999 -9999 -9999 -9999 -9999 -9999 -9999 -9999 -9999 -9999 -9999 -9999 -9999 -9999 -9999 -9999 -9999 -9999 -9999 -9999 -9999 -9999 -9999 -9999 -9999 -9999 583.645 582.8683 581.5555 580.0278 578.553 577.4002 576.9962 576.9056 576.9243 576.6068 576.7247 576.9523 576.9568 576.5538 576.1589 576.2627 575.8447 575.0138 574.2692 573.3913 572.9417 572.9261 573.3052 573.9775 574.8118 575.9132 577.4074 579.1195 580.6352 581.7359 582.3716 582.6362 582.5635 -9999 -9999 -9999 -9999 -9999 -9999 -9999 -9999
-9999 -9999 -9999 -9999 -9999 -9999 -9999 -9999 -9999 -9999 -9999 -9999 -9999 -9999 -9999 -9999 -9999 -9999 -9999 -9999 -9999 -9999 -9999 -9999 -9999 -9999 -9999 -9999 583.3997 582.9797 582.0843 580.5098 578.8561 577.545 576.7913 576.422 576.1064 575.6278 576.182 576.6991 576.9235 576.9862 576.7858 576.6736 576.2889 575.3336 574.3563 573.3491 572.8665 572.8393 573.2102 573.7595 574.3984 575.1101 576.0732 577.5708 579.252 580.7347 581.7808 582.2303 582.1107 581.7524 -9999 -9999 -9999 -9999 -9999 -9999 -9999
-9999 -9999 -9999 -9999 -9999 -9999 -9999 -9999 -9999 -9999 -9999 -9999 -9999 -9999 -9999 -9999 -9999 -9999 -9999 -9999 -9999 -9999 -9999 -9999 -9999 -9999 -9999 582.1769 582.3193 582.3445 582.0413 580.7791 579.3477 578.0437 577.1326 576.5358 575.9267 574.796 575.8601 576.4277 576.5801 576.869 576.9921 576.8522 576.5361 575.8514 574.6896 573.5447 572.989 572.9074 573.2491 573.8525 574.3994 574.7777 575.2975 576.2242 577.7644 579.4819 580.8785 581.653 581.5016 581.0321 -9999 -9999 -9999 -9999 -9999 -9999 -9999
-9999 -9999 -9999 -9999 -9999 -9999 -9999 -9999 -9999 -9999 -9999 -9999 -9999 -9999 -9999 -9999 -9999 -9999 -9999 -9999 -9999 -9999 -9999 -9999 -9999 -9999 581.569 581.2187 581.0854 580.9696 580.8487 580.1317 579.2197 578.2219 577.5743 577.0235 576.5723 575.752 576.0012 576.1326 576.145 576.348 576.4628 576.3456 576.1317 575.5487 574.6886 573.7623 573.1749 573.0739 573.4564 574.1987 574.7115 574.7786 574.957 575.5095 576.554 578.1968 579.7358 580.6767 580.6843 580.2391 580.01 -9999 -9999 -9999 -9999 -9999 -9999
-9999 -9999 -9999 -9999 -9999 -9999 -9999 -9999 -9999 -9999 -9999 -9999 -9999 -9999 -9999 -9999 -9999 -9999 -9999 -9999 -9999 -9999 -9999 -9999 -9999 581.4933 581.042 580.5353 580.039 579.6055 579.3351 578.7596 577.997 577.3674 577.4177 577.1278 576.9736 576.5977 576.4131 575.9558 575.5339 575.3741 575.2344 575.0425 574.8917 574.6737 574.236 573.4559 573.2332 573.3306 573.994 574.6477 574.8271 574.78 574.819 575.1977 576.0214 577.2662 578.5623 579.5682 579.8802 579.6947 579.4767 579.3296 -9999 -9999 -9999 -9999 -9999
-9999 -9999 -9999 -9999 -9999 -9999 -9999 -9999 -9999 -9999 -9999 -9999 -9999 -9999 -9999 -9999 -9999 -9999 -9999 -9999 -9999 -9999 -9999 -9999 581.2805 581.0153 580.6074 580.036 579.2557 578.5214 577.8173 577.0411 576.4697 576.1444 576.1932 576.4208 576.7973 577.0534 576.726 575.9986 575.2415 574.8048 574.3224 573.9227 573.6202 573.5715 573.3683 573.25 573.4607 573.7768 574.5217 574.7887 574.7802 574.681 574.6879 574.9724 575.6188 576.5897 577.2682 578.2854 578.9858 579.1967 579.1586 578.9987 -9999 -9999 -9999 -9999 -9999
-9999 -9999 -9999 -9999 -9999 -9999 -9999 -9999 -9999 -9999 -9999 -9999 -9999 -9999 -9999 -9999 -9999 -9999 -9999 -9999 -9999 -9999 -9999 -9999 580.6516 580.3744 580.1218 579.6495 578.688 577.5758 576.4498 575.5017 575.0181 574.8742 575.0164 575.4095 576.3381 577.5311 577.3137 576.8937 576.266 575.6572 574.6494 573.5789 572.8861 572.536 572.5895 573.0046 573.7708 574.4795 574.7936 574.7803 574.6849 574.5466 574.5056 574.6623 575.0062 575.4568 575.8647 576.9052 578.1838 578.8542 579.1348 579.0582 578.8062 -9999 -9999 -9999 -9999
-9999 -9999 -9999 -9999 -9999 -9999 -9999 -9999 -9999 -9999 -9999 -9999 -9999 -9999 -9999 -9999 -9999 -9999 -9999 -9999 -9999 -9999 -9999 -9999 579.4958 579.3673 579.3486 578.9025 577.832 576.5233 575.2648 574.3759 573.9792 573.8985 574.0458 574.5066 575.5112 576.8595 577.7067 577.5742 577.0461 576.4373 575.4473 574.0436 572.7642 571.8893 571.9561 572.5532 573.4827 574.429 574.8384 574.808 574.697 574.5 574.3948 574.4312 574.5661 574.7366 575.0474 575.8954 577.4852 578.7365 579.5106 579.7534 579.2089 -9999 -9999 -9999 -9999
-9999 -9999 -9999 -9999 -9999 -9999 -9999 -9999 -9999 -9999 -9999 -9999 -9999 -9999 -9999 -9999 -9999 -9999 -9999 -9999 -9999 -9999 -9999 -9999 578.644 578.5123 578.3587 578.1928 577.0027 575.6174 574.3736 573.4698 573.1592 573.1209 573.1893 573.4863 574.2844 575.5619 576.6849 577.257 577.0847 576.8105 576.2775 575.0649 573.3126 572.0833 571.7316 572.1877 573.2246 574.3771 575.0399 575.3067 575.043 574.6768 574.4846 574.4543 574.4819 574.5287 574.7938 575.6465 577.3608 578.9974 580.1275 580.6193 579.9959 -9999 -9999 -9999 -9999
-9999 -9999 -9999 -9999 -9999 -9999 -9999 -9999 -9999 -9999 -9999 -9999 -9999 -9999 -9999 -9999 -9999 -9999 -9999 -9999 -9999 -9999 -9999 579.4042 579.5219 579.443 578.9579 578.2124 576.6846 574.9802 573.5828 572.731 572.3832 572.3331 572.4117 572.6954 573.2638 574.1183 575.0924 575.7427 575.9847 575.8849 576.3333 576.0043 574.2549 572.5612 571.7592 571.8461 572.7866 573.9814 575.1938 576.4066 575.7086 575.1211 574.8473 574.7719 574.7562 574.761 575.0529 576.1121 577.8543 579.6202 580.8538 581.3075 580.775 -9999 -9999 -9999 -9999
-9999 -9999 -9999 -9999 -9999 -9999 -9999 -9999 -9999 -9999 -9999 -9999 -9999 -9999 -9999 -9999 -9999 -9999 -9999 -9999 -9999 -9999 -9999 580.5333 580.7389 580.7354 580.0583 578.775 576.8213 574.6993 573.1108 572.1594 571.7424 571.6904 571.7729 572.0653 572.447 572.9974 573.6035 574.1378 574.6641 575.142 575.9915 576.1313 574.7523 573.0519 571.8543 571.6348 572.1394 573.2695 574.6223 576.0605 576.412 576.006 575.5855 575.2821 575.1237 575.155 575.554 576.8447 578.6381 580.335 581.4951 581.9407 581.4332 -9999 -9999 -9999 -9999
-9999 -9999 -9999 -9999 -9999 -9999 -9999 -9999 -9999 -9999 -9999 -9999 -9999 -9999 -9999 -9999 -9999 -9999 -9999 -9999 -9999 -9999 -9999 582.0986 582.3063 582.3204 581.4368 579.6523 577.1918 574.657 572.7844 571.7083 571.2255 571.1389 571.2649 571.5571 571.7609 572.1501 572.5754 573.0208 573.4604 573.9765 574.5318 574.8557 574.1514 572.972 571.8624 571.5616 571.8221 572.6503 574.0118 575.543 576.3826 576.4884 576.1873 575.811 575.653 575.8934 576.6281 577.9814 579.6836 581.0978 581.9908 582.2695 581.8442 -9999 -9999 -9999 -9999
-9999 -9999 -9999 -9999 -9999 -9999 -9999 -9999 -9999 -9999 -9999 -9999 -9999 -9999 -9999 -9999 -9999 -9999 -9999 -9999 -9999 -9999 -9999 583.9745 584.1879 584.0955 582.9034 580.5952 577.5977 574.6813 572.4982 571.3336 570.8149 570.6821 570.7328 570.8538 571.0266 571.391 571.7375 572.1364 572.4703 572.8392 573.2439 573.5421 573.2646 572.5775 571.825 571.5895 571.6033 572.051 573.1985 574.6877 575.9503 576.4995 576.4917 576.1832 576.1666 576.7423 577.8416 579.3441 580.8036 581.821 582.267 582.2532 581.7558 -9999 -9999 -9999 -9999
-9999 -9999 -9999 -9999 -9999 -9999 -9999 -9999 -9999 -9999 -9999 -9999 -9999 -9999 -9999 -9999 -9999 -9999 -9999 -9999 -9999 584.8567 585.4683 585.7899 585.9227 585.5939 584.0432 581.3169 577.9395 574.7266 572.3628 571.1118 570.5561 570.3813 570.335 570.2362 570.2567 570.4586 570.8894 571.3159 571.5283 571.756 572.0377 572.3886 572.4178 572.1929 571.8848 571.7042 571.4726 571.6236 572.3356 573.639 575.042 576.1103 576.4352 576.3476 576.5804 577.5871 579.0787 580.5936 581.7061 582.2054 582.2143 581.86 -9999 -9999 -9999 -9999 -9999
-9999 -9999 -9999 -9999 -9999 -9999 -9999 -9999 -9999 -9999 -9999 -9999 -9999 -9999 -9999 -9999 -9999 -9999 -9999 583.3358 584.7916 586.0505 586.7195 586.8654 586.7539 586.0562 584.312 581.3711 577.8438 574.5886 572.243 570.999 570.4444 570.2601 570.1842 569.9609 569.8579 569.9355 570.1663 570.3351 570.4849 570.7997 571.0801 571.4106 571.5667 571.653 571.6143 571.3743 571.1626 571.2346 571.7488 572.7615 574.0507 575.3705 576.2484 576.6135 577.2223 578.4694 580.052 581.4539 582.1887 582.3378 581.9918 -9999 -9999 -9999 -9999 -9999 -9999
-9999 -9999 -9999 -9999 -9999 -9999 -9999 -9999 -9999 -9999 -9999 -9999 -9999 -9999 -9999 -9999 -9999 -9999 582.9363 584.0975 585.5721 586.7303 586.9708 586.8171 586.4573 585.4637 583.4976 580.55 577.1563 574.18 572.0787 570.9537 570.4227 570.1972 569.9972 569.7579 569.605 569.5906 569.6792 569.7745 569.9083 570.1312 570.238 570.3625 570.5139 570.7903 570.8674 570.7776 570.7322 570.8606 571.2943 572.1006 573.3494 574.6575 575.7485 576.6268 577.6727 579.0669 580.6004 581.8501 582.4396 582.4593 582.0098 -9999 -9999 -9999 -9999 -9999 -9999
-9999 -9999 -9999 -9999 -9999 -9999 -9999 -9999 -9999 -9999 -9999 -9999 -9999 -9999 -9999 -9999 -9999 582.853 583.4845 584.4929 585.6543 586.2755 586.0121 585.4828 584.8278 583.7583 581.8917 579.1559 576.2053 573.7256 571.9697 571.0063 570.4852 570.188 569.8783 569.609 569.4371 569.376 569.3931 569.4389 569.5197 569.632 569.701 569.7928 569.9485 570.169 570.2227 570.2289 570.3567 570.5887 571.0277 571.7726 572.8948 574.0635 575.2258 576.3929 577.7124 579.4189 581.0092 582.1121 582.6667 582.7005 -9999 -9999 -9999 -9999 -9999 -9999 -9999
-9999 -9999 -9999 -9999 -9999 -9999 -9999 -9999 -9999 -9999 -9999 -9999 -9999 -9999 -9999 -9999 582.5084 582.9863 583.5321 584.1507 584.6327 584.4641 583.7667 583.0319 582.3729 581.5203 580.028 577.7744 575.3287 573.4268 572.0513 571.2208 570.6316 570.1862 569.7872 569.4912 569.3143 569.2406 569.2311 569.2466 569.2822 569.3353 569.3887 569.4738 569.6135 569.7854 569.8951 570.0004 570.1956 570.4702 570.8806 571.5054 572.4087 573.5028 574.736 576.1516 577.7371 579.7866 581.5281 582.5654 583.0193 583.0154 -9999 -9999 -9999 -9999 -9999 -9999 -9999
-9999 -9999 -9999 -9999 -9999 -9999 -9999 -9999 -9999 -9999 -9999 -9999 -9999 -9999 -9999 583.123 582.8031 582.9926 583.2407 583.4149 582.9535 582.002 580.8897 580.0503 579.5706 579.1144 578.0583 576.2927 574.5403 573.3076 572.441 571.6434 570.8785 570.2054 569.7159 569.3964 569.2197 569.1469 569.1284 569.1282 569.1415 569.1695 569.2192 569.3123 569.4578 569.6376 569.8121 569.9907 570.2167 570.5254 570.8659 571.3059 571.9485 572.9847 574.2914 576.017 577.9337 580.2767 582.1172 583.157 583.5424 583.4562 -9999 -9999 -9999 -9999 -9999 -9999 -9999
-9999 -9999 -9999 -9999 -9999 -9999 -9999 -9999 -9999 -9999 -9999 -9999 -9999 -9999 -9999 584.3157 583.3206 582.9694 582.7022 582.2037 581.0975 579.5714 578.4091 577.314 576.8689 576.8224 576.1508 574.8944 573.7823 573.2713 572.9459 572.1308 571.1951 570.2677 569.6834 569.3347 569.1504 569.072 569.0436 569.0291 569.0344 569.055 569.1064 569.225 569.412 569.6572 569.9368 570.2329 570.5676 570.8345 571.0511 571.2888 571.6997 572.4609 573.7817 575.7948 578.1938 580.8387 582.8413 583.9221 584.1386 583.9362 -9999 -9999 -9999 -9999 -9999 -9999 -9999
-9999 -9999 -9999 -9999 -9999 -9999 -9999 -9999 -9999 -9999 -9999 -9999 -9999 -9999 -9999 586.1386 584.4523 583.3517 582.3846 581.2016 579.429 577.5803 576.1794 575.2131 574.7514 574.8915 574.4825 573.7887 573.4584 573.3761 573.2854 572.7659 571.593 570.3871 569.7064 569.3191 569.1098 569.0062 568.946 568.8972 568.8988 568.9137 568.9625 569.1267 569.3872 569.7406 570.1854 570.7052 571.1213 571.3054 571.384 571.4022 571.5331 572.0239 573.3737 575.6044 578.4681 581.3368 583.3509 584.4422 584.7415 584.4009 -9999 -9999 -9999 -9999 -9999 -9999 -9999
-9999 -9999 -9999 -9999 -9999 -9999 -9999 -9999 -9999 -9999 -9999 -9999 -9999 -9999 591.7082 588.6808 586.2564 584.3201 582.5068 580.4506 578.2971 576.2261 574.8748 573.8984 573.3898 573.3875 573.3239 573.29 573.3489 573.4462 573.4733 573.0429 571.7909 570.4877 569.777 569.3464 569.0898 568.9409 568.8214 568.6878 568.6669 568.6528 568.678 568.9259 569.2833 569.7543 570.3447 571.1599 571.6694 571.7374 571.7212 571.6036 571.5474 571.8276 573.0023 575.2481 578.3927 581.3163 582.9951 583.7575 584.7849 584.6105 -9999 -9999 -9999 -9999 -9999 -9999 -9999
-9999 -9999 -9999 -9999 -9999 -9999 -9999 -9999 -9999 -9999 -9999 -9999 -9999 -9999 595.2411 591.8024 588.7496 586.0372 583.4307 580.7029 578.1493 575.8461 574.429 573.2708 572.6109 572.4379 572.5222 572.877 573.1315 573.2679 573.4304 573.1119 571.8934 570.6308 569.9205 569.4008 569.0591 568.85 568.664 568.414 568.2351 568.1112 568.1252 568.5374 569.0261 569.6411 570.4112 571.4084 571.8362 571.8586 571.7344 571.7299 571.6548 571.7633 572.6194 574.7993 577.971 580.8809 582.1684 583.7614 584.429 584.4147 -9999 -9999 -9999 -9999 -9999 -9999 -9999
-9999 -9999 -9999 -9999 -9999 -9999 -9999 -9999 -9999 -9999 -9999 -9999 -9999 -9999 598.9254 595.2931 591.824 588.5168 585.2667 581.9675 578.8899 576.2293 574.4113 573.0926 572.232 571.8426 571.7816 571.9789 572.3604 572.6898 573.0588 572.9701 571.9123 570.8604 570.112 569.4091 568.9417 568.655 568.3522 568.0407 567.7563 567.5073 567.3716 567.8428 568.5273 569.2667 570.1221 570.9742 571.4684 571.5244 571.4423 571.6721 571.7292 571.7218 572.3636 574.3589 577.5288 580.785 582.8385 583.8918 584.0316 583.9969 -9999 -9999 -9999 -9999 -9999 -9999 -9999
-9999 -9999 -9999 -9999 -9999 -9999 -9999 -9999 -9999 -9999 -9999 -9999 -9999 -9999 602.5403 598.931 595.2755 591.6024 587.8813 584.1006 580.5315 577.4476 575.0662 573.3699 572.2787 571.7186 571.6802 571.7423 571.7637 571.8721 572.1155 572.2949 571.5874 570.7825 570.0866 569.2311 568.6759 568.3107 567.9902 567.6835 567.3958 567.1478 566.9976 567.2424 567.8489 568.6159 569.4285 570.1206 570.4261 570.4794 570.5693 571.0579 571.4959 571.515 572.0941 573.7811 576.7808 580.2292 582.7737 583.973 584.0881 583.6913 582.7307 -9999 -9999 -9999 -9999 -9999 -9999
-9999 -9999 -9999 -9999 -9999 -9999 -9999 -9999 -9999 -9999 -9999 -9999 -9999 -9999 -9999 602.5239 598.8921 595.08 591.0981 586.9957 582.9461 579.3844 576.4199 574.2415 572.7583 571.8669 571.9868 571.8951 571.5736 571.4166 571.4028 571.3627 570.9498 570.4535 569.9377 568.9631 568.4187 568.0313 567.7073 567.425 567.1703 566.9222 566.7588 566.8585 567.243 567.896 568.6593 569.2965 569.6538 569.8165 569.9838 570.3217 570.733 570.9415 571.5753 573.0872 575.7805 579.1035 581.9139 583.4971 583.7647 583.2008 581.9573 580.3431 579.0796 -9999 -9999 -9999 -9999
-9999 -9999 -9999 -9999 -9999 -9999 -9999 -9999 -9999 -9999 -9999 -9999 -9999 -9999 -9999 605.9258 602.4865 598.7233 594.6797 590.408 586.0883 582.0447 578.5074 575.71 573.6324 572.3951 572.5038 571.8938 571.3443 571.0364 570.808 570.624 570.4 570.238 569.989 569.1476 568.506 567.9973 567.5895 567.2994 567.1339 566.8312 566.6285 566.6339 566.8761 567.3306 568.0261 568.6574 569.0896 569.3406 569.5142 569.7479 570.0503 570.2681 570.9188 572.2747 574.4896 577.3719 580.2178 582.167 582.7892 582.3721 581.0576 579.6249 579.1965 578.321 -9999 -9999 -9999
-9999 -9999 -9999 -9999 -9999 -9999 -9999 -9999 -9999 -9999 -9999 -9999 -9999 -9999 -9999 -9999 605.9125 602.3398 598.3958 594.1346 589.6862 585.2974 581.319 577.8535 575.1025 573.1774 572.1606 571.5175 571.0299 570.7364 570.4019 570.2328 570.3279 570.8425 570.9075 570.1334 569.0789 568.2605 567.6231 567.1717 566.9432 566.7023 566.5299 566.5107 566.6987 567.1018 567.6022 568.1625 568.6542 568.9668 569.0918 569.1851 569.3344 569.6082 570.2249 571.3834 573.1825 575.4604 577.9391 580.0472 581.1054 581.0245 580.0701 578.8929 578.5866 578.1743 577.935 -9999 -9999
-9999 -9999 -9999 -9999 -9999 -9999 -9999 -9999 -9999 -9999 -9999 -9999 -9999 -9999 -9999 -9999 609.0754 605.7722 602.0475 597.9454 593.5594 589.0605 584.6863 580.6477 577.1472 574.436 572.5968 571.5228 570.8453 570.4318 570.1876 570.2443 570.9732 571.9053 572.2621 571.4193 569.9921 568.7444 567.8114 567.171 566.862 566.6268 566.4541 566.4014 566.5121 566.7911 567.1804 567.6843 568.2004 568.5983 568.6755 568.6804 568.7361 569.0479 569.6154 570.5548 571.978 573.7213 575.6006 577.4357 578.7419 579.2924 579.1499 578.3965 578.167 578.0286 578.0005 578.2932 578.9597
-9999 -9999 -9999 -9999 -9999 -9999 -9999 -9999 -9999 -9999 -9999 -9999 -9999 -9999 -9999 -9999 -9999 608.895 605.4465 601.6047 597.4033 592.9262 588.3315 583.8411 579.7585 576.3885 573.8575 572.1188 571.0297 570.3936 570.1996 570.4667 571.6675 572.8074 573.0387 572.3337 570.7938 569.1992 568.0596 567.2698 566.9222 566.6357 566.4078 566.2872 566.3115 566.4845 566.7822 567.1934 567.6719 568.0471 568.1863 568.2495 568.3585 568.6592 569.1575 569.9607 571.0031 572.2744 573.6558 575.0035 576.3036 577.4501 578.2548 578.6609 578.0848 577.9417 578.0134 578.4185 579.1189
