backend/lakes/data/Burnt Lake/burn_dem_tm.asc
ncols         92
nrows         99
xllcorner     791450
yllcorner     6078150
cellsize      50
NODATA_value  -9999
[rows 60 to 89 of 99, columns 0 to 67 of 92]
-9999 -9999 -9999 -9999 -9999 -9999 -9999 -9999 -9999 -9999 -9999 -9999 -9999 -9999 -9999 666.362 665.5207 663.6837 661.6518 660.1002 659.2218 659.3621 659.4669 659.785 660.8199 663.1526 666.4636 669.6357 671.2338 670.2407 667.6995 664.3331 660.9417 658.3348 656.6378 655.6755 655.1583 654.9315 654.8792 654.9131 654.9684 655 655.0116 655.0125 655.0001 654.9648 654.9039 654.8365 654.8013 654.8234 654.8916 654.965 655 655 655.0186 655.0341 655.0473 655.0566 655.0615 655.0733 655.1522 655.3389 655.6545 656.038 656.562 657.2225 657.8715 658.1621
-9999 -9999 -9999 -9999 -9999 -9999 -9999 -9999 -9999 -9999 -9999 -9999 -9999 -9999 -9999 -9999 665.4896 663.5061 661.6211 660.4391 660.0293 660.3574 660.7587 661.1608 661.9327 663.6711 666.2965 668.7538 669.4282 668.178 665.6893 662.8165 660.1678 658.1621 656.8376 655.937 655.3691 655.0667 654.943 654.9243 654.9507 654.9807 655 655.0039 654.9911 654.9589 654.9063 654.8505 654.8218 654.8464 654.9183 654.9998 655.0275 655.0327 655.0453 655.0615 655.0789 655.0917 655.1007 655.1205 655.182 655.3079 655.5011 655.7579 656.1414 656.9297 657.5592 658.0508
-9999 -9999 -9999 -9999 -9999 -9999 -9999 -9999 -9999 -9999 -9999 -9999 -9999 -9999 -9999 -9999 664.5912 662.9344 661.7183 661.1677 661.4501 662.3154 663.0767 663.4199 663.6218 664.3751 665.8763 667.3241 667.2548 665.8273 663.4547 661.1536 659.2157 657.8795 656.9117 656.1132 655.5743 655.2233 655.0339 654.9609 654.9537 654.9719 654.9916 655 654.9872 654.9551 654.91 654.8655 654.8451 654.8677 654.9299 655 655.0402 655.0569 655.0695 655.0844 655.1047 655.1265 655.1455 655.1777 655.2421 655.3543 655.5213 655.7689 656.1068 656.8773 657.4276 658.0224
-9999 -9999 -9999 -9999 -9999 -9999 -9999 -9999 -9999 -9999 -9999 -9999 -9999 -9999 -9999 -9999 -9999 662.31 661.8947 662.2136 663.2706 664.7151 665.6942 665.7377 665.3014 665.0333 665.3882 665.7672 665.4132 664.1045 661.9625 660.0123 658.5833 657.7124 657.0453 656.4609 655.84 655.3974 655.1362 655.0113 654.9713 654.9742 654.9903 655 654.989 654.9537 654.9089 654.8712 654.8572 654.8796 654.9346 655 655.0502 655.0764 655.0905 655.1054 655.1296 655.1663 655.2064 655.2583 655.3398 655.4692 655.6655 655.9664 656.315 656.9271 657.4202 658.0935
-9999 -9999 -9999 -9999 -9999 -9999 -9999 -9999 -9999 -9999 -9999 -9999 -9999 -9999 -9999 -9999 -9999 -9999 662.0868 663.1743 665.0256 666.9438 667.9478 667.4476 666.5305 665.3859 664.9501 664.7783 664.4668 663.5232 661.7643 660.0736 658.9109 657.9941 657.3363 656.8093 656.0376 655.5254 655.2195 655.0596 654.9943 654.9835 654.9958 655.0071 655 654.954 654.9042 654.8682 654.8591 654.8827 654.9344 655.0001 655.0626 655.0966 655.1116 655.1262 655.1572 655.2095 655.2799 655.3628 655.4679 655.6042 655.7872 656.0193 656.4113 656.9542 657.544 658.4094
-9999 -9999 -9999 -9999 -9999 -9999 -9999 -9999 -9999 -9999 -9999 -9999 -9999 -9999 -9999 -9999 -9999 -9999 -9999 -9999 666.191 668.405 669.4731 668.9882 667.4771 665.7614 664.6282 664.083 664.0828 663.6791 662.6801 661.1053 659.7637 658.4193 657.5345 656.8674 656.0693 655.5777 655.2745 655.1005 655.0177 654.9949 655.0026 655.0119 655 654.9502 654.8962 654.8624 654.8591 654.8859 654.9346 655 655.0782 655.1205 655.1341 655.1473 655.1852 655.2573 655.3608 655.4856 655.6299 655.7891 655.9957 656.2345 656.5878 657.0736 657.8757 659.0686
-9999 -9999 -9999 -9999 -9999 -9999 -9999 -9999 -9999 -9999 -9999 -9999 -9999 -9999 -9999 -9999 -9999 -9999 -9999 -9999 -9999 -9999 -9999 -9999 667.8033 665.8434 664.2525 663.4155 663.8098 663.8303 663.3425 661.9933 660.3027 658.6901 657.514 656.7154 656.0317 655.6068 655.3245 655.142 655.0411 655.0056 655.009 655.0165 655 654.9439 654.8876 654.8591 654.8674 654.9026 654.9465 655.0007 655.1 655.1504 655.1583 655.1666 655.2103 655.303 655.4433 655.6189 655.811 656.0023 656.2571 656.5557 656.9477 657.473 658.3787 659.8463
-9999 -9999 -9999 -9999 -9999 -9999 -9999 -9999 -9999 -9999 -9999 -9999 -9999 -9999 -9999 -9999 -9999 -9999 -9999 -9999 -9999 -9999 -9999 -9999 667.5528 665.7515 663.976 662.6778 662.9656 663.1167 662.6204 661.5096 659.7841 658.2119 657.1371 656.4883 656.0025 655.6567 655.3899 655.1896 655.0631 655.0112 655.0123 655.0183 654.9999 654.9291 654.8723 654.8566 654.8875 654.9465 655.0002 655.0701 655.1505 655.1879 655.1835 655.1824 655.2283 655.3412 655.5158 655.7397 655.9865 656.2233 656.5697 656.9579 657.4138 658.1138 659.265 660.9434
-9999 -9999 -9999 -9999 -9999 -9999 -9999 -9999 -9999 -9999 -9999 -9999 -9999 -9999 -9999 -9999 -9999 -9999 -9999 -9999 -9999 -9999 667.1151 667.7699 667.1288 665.681 663.9686 662.4074 661.5492 661.3917 660.9744 659.993 658.6138 657.3975 656.6874 656.2788 655.9965 655.7383 655.4756 655.2433 655.0803 655.0061 655.0072 654.9999 654.9504 654.8813 654.8378 654.844 654.9047 654.9995 655.0669 655.1383 655.1987 655.2189 655.205 655.1971 655.2437 655.3734 655.5732 655.8179 656.016 656.3781 656.8904 657.3992 658.0718 659.0581 660.4483 662.2351
-9999 -9999 -9999 -9999 -9999 -9999 -9999 -9999 -9999 -9999 -9999 -9999 -9999 -9999 -9999 -9999 -9999 -9999 -9999 -9999 -9999 -9999 666.139 667.0363 666.8237 665.5736 663.8837 662.1425 660.6529 659.7977 659.2174 658.4001 657.3998 656.6875 656.2995 656.1156 656.0001 655.8496 655.5765 655.3012 655.0962 654.9914 654.9999 654.9744 654.897 654.8219 654.7933 654.8195 654.8969 654.9998 655.0981 655.1817 655.2344 655.247 655.2306 655.2251 655.2792 655.4271 655.6497 655.9699 656.176 656.5769 657.174 658.0051 659.0178 660.2833 661.881 663.4628
-9999 -9999 -9999 -9999 -9999 -9999 -9999 -9999 -9999 -9999 -9999 -9999 -9999 -9999 -9999 -9999 -9999 -9999 -9999 -9999 -9999 665.11 665.9722 666.9519 666.4962 665.0067 663.0522 661.1038 659.5455 658.653 658.0148 657.2794 656.6116 656.1974 656.0425 656.0267 656.0421 655.9909 655.6786 655.375 655.1521 655.0037 654.9714 654.9979 654.8854 654.7871 654.7715 654.8153 654.9061 655.0015 655.1344 655.2308 655.2861 655.3078 655.3041 655.3074 655.3794 655.5531 655.7252 656.0146 656.4215 657.045 657.9329 659.0533 660.3906 661.9331 663.4155 664.4697
-9999 -9999 -9999 -9999 -9999 -9999 -9999 -9999 -9999 -9999 -9999 -9999 -9999 -9999 -9999 -9999 -9999 -9999 -9999 -9999 -9999 665.3329 666.3729 667.0725 666.3311 664.433 662.027 660.0175 658.7422 658.0099 657.5016 656.8965 656.2567 655.96 655.9473 656.0104 656.0522 655.9978 655.724 655.4998 655.3846 655.3138 655.2108 655.2064 655.005 654.8328 654.8222 654.8743 654.9981 655.12 655.2599 655.3506 655.4104 655.473 655.5105 655.528 655.6346 655.9056 656.0613 656.4314 657.0544 657.9703 659.1587 660.5963 662.2886 663.7781 664.761 665.0978
-9999 -9999 -9999 -9999 -9999 -9999 -9999 -9999 -9999 -9999 -9999 -9999 -9999 -9999 -9999 -9999 -9999 -9999 -9999 -9999 -9999 665.986 667.012 667.6668 666.6151 664.4553 661.8388 659.7607 658.5929 657.9697 657.585 656.8693 656.1565 655.9193 656.0262 656.0995 656.0856 655.9957 655.7805 655.7476 655.9005 656.1138 656.2197 655.9371 655.4288 655.0351 654.992 655.0003 655.1318 655.3161 655.509 655.5985 655.6749 655.8409 655.9784 656.0203 656.1429 656.4957 656.8953 657.4085 658.2766 659.4637 660.9381 662.6795 664.3842 665.4288 665.8113 665.5704
-9999 -9999 -9999 -9999 -9999 -9999 -9999 -9999 -9999 -9999 -9999 -9999 -9999 -9999 -9999 -9999 -9999 -9999 -9999 -9999 -9999 666.8483 667.6962 668.1323 667.3674 665.3362 662.8031 660.6432 659.3276 658.512 658.2195 657.0979 656.2565 656.0507 656.2951 656.3291 656.1855 656.0007 655.9146 656.1974 656.7316 657.3089 657.4948 656.9176 656.0755 655.4843 655.256 655.22 655.3743 655.6301 655.934 656.0504 656.1629 656.5222 656.8394 657.0433 657.3368 657.8114 658.4535 659.2026 660.2537 661.5916 663.3223 665.1401 666.3008 666.4965 666.2406 665.8171
-9999 -9999 -9999 -9999 -9999 -9999 -9999 -9999 -9999 -9999 -9999 -9999 -9999 -9999 -9999 -9999 -9999 -9999 -9999 -9999 -9999 668.1877 668.9066 669.2399 668.7957 667.172 664.9583 662.8483 661.2343 659.9299 659.0394 657.701 656.681 656.3687 656.6474 656.7214 656.4801 656.2874 656.3662 657.0721 658.0266 658.7577 658.9127 658.0386 656.8922 656.0905 655.7222 655.6182 655.7988 656.0859 656.46 656.8328 657.0802 657.5995 658.1013 658.6785 659.3773 660.1113 660.886 661.8143 662.8503 664.2006 665.7064 667.2542 667.6099 666.9182 666.1691 665.7111
-9999 -9999 -9999 -9999 -9999 -9999 -9999 -9999 -9999 -9999 -9999 -9999 -9999 -9999 -9999 -9999 -9999 -9999 -9999 -9999 -9999 -9999 670.8037 671.0745 670.8641 669.8143 668.1844 666.4001 664.5275 662.7469 661.1644 659.3898 657.8087 657.0018 656.9802 657.3023 657.0406 657.0449 657.6179 658.7845 659.9261 660.559 660.4811 659.3269 657.9725 656.9272 656.4826 656.2945 656.5452 656.8845 657.1984 657.7065 658.0858 658.7521 659.675 660.8478 662.114 663.1425 663.9249 664.7057 665.6816 666.6891 667.2881 668.552 667.6638 666.5529 666.0733 -9999
-9999 -9999 -9999 -9999 -9999 -9999 -9999 -9999 -9999 -9999 -9999 -9999 -9999 -9999 -9999 -9999 -9999 -9999 -9999 -9999 -9999 -9999 673.4406 673.5665 673.4752 672.9514 672.0126 670.7687 669.0745 666.9592 664.6143 662.2598 660.0209 658.3393 657.6509 657.8799 657.7648 658.2233 659.5153 661.191 662.4679 662.8654 662.2055 660.7238 659.2136 658.1006 657.6194 657.4263 657.6295 657.8862 658.1794 658.6671 659.1776 660.0018 661.2932 662.8797 664.3849 665.5839 666.176 666.7885 667.5211 668.432 668.7181 667.9894 666.7538 666.1134 -9999 -9999
-9999 -9999 -9999 -9999 -9999 -9999 -9999 -9999 -9999 -9999 -9999 -9999 -9999 -9999 -9999 -9999 -9999 -9999 -9999 -9999 -9999 -9999 -9999 676.288 676.2936 676.2012 675.8675 675.1697 673.8777 671.7534 669.0611 666.1703 663.2556 660.7883 659.2392 658.6266 658.8624 660.0888 661.9979 663.9415 665.2073 665.3236 664.2256 662.2708 660.5629 659.325 658.71 658.467 658.564 658.9386 659.3835 659.9118 660.4539 661.4317 662.8459 664.19 665.1487 666.0734 666.66 667.1669 667.4756 667.814 667.5364 666.5504 665.637 -9999 -9999 -9999
-9999 -9999 -9999 -9999 -9999 -9999 -9999 -9999 -9999 -9999 -9999 -9999 -9999 -9999 -9999 -9999 -9999 -9999 -9999 -9999 -9999 -9999 -9999 678.6826 678.8887 679.145 679.1784 678.827 678.0439 676.1733 673.3933 670.1544 666.8808 663.9626 661.8596 660.7867 661.0916 662.6134 664.6212 666.4403 667.4814 667.3334 666.1408 664.1124 662.1708 660.7505 660.0305 659.6594 659.632 660.1844 660.7771 661.4063 661.9927 662.8675 663.9155 664.4457 664.5344 664.7603 665.1221 665.6563 666.0007 666.1474 665.9318 665.4979 -9999 -9999 -9999 -9999
-9999 -9999 -9999 -9999 -9999 -9999 -9999 -9999 -9999 -9999 -9999 -9999 -9999 -9999 -9999 -9999 -9999 -9999 -9999 -9999 -9999 -9999 -9999 -9999 680.9999 681.5015 681.5065 681.1661 680.9675 679.3795 676.6266 673.2327 669.7402 666.6501 664.3656 663.1778 663.5522 664.9581 666.6606 668.0753 668.7124 668.6563 667.6712 666.0579 664.3105 662.7769 661.7914 661.1925 661.0731 661.6318 662.2654 662.8782 663.3622 663.8598 664.1769 664.1306 663.5273 663.4958 663.6115 664.2766 664.8786 665.1194 -9999 -9999 -9999 -9999 -9999 -9999
-9999 -9999 -9999 -9999 -9999 -9999 -9999 -9999 -9999 -9999 -9999 -9999 -9999 -9999 -9999 -9999 -9999 -9999 -9999 -9999 -9999 -9999 -9999 -9999 -9999 -9999 682.9012 683.1976 682.7564 681.0542 678.2927 674.866 671.2943 668.1339 665.7456 664.2962 665.0645 666.4424 667.7669 668.656 669.0192 669.0675 668.5353 667.5352 666.2201 664.8425 663.6829 662.8489 662.5321 662.8398 663.3147 663.8235 663.9949 663.9956 663.8143 663.3076 663.0255 -9999 -9999 -9999 -9999 -9999 -9999 -9999 -9999 -9999 -9999 -9999
-9999 -9999 -9999 -9999 -9999 -9999 -9999 -9999 -9999 -9999 -9999 -9999 -9999 -9999 -9999 -9999 -9999 -9999 -9999 -9999 -9999 -9999 -9999 -9999 -9999 -9999 -9999 -9999 682.986 681.2216 678.5319 675.1785 671.6694 668.6093 666.4389 665.3078 666.0955 667.369 668.3694 668.8605 669.0435 669.0966 668.8737 668.3338 667.5242 666.3981 665.1455 664.0962 663.5245 663.5278 663.7805 664.0027 663.9559 663.5391 663.1366 -9999 -9999 -9999 -9999 -9999 -9999 -9999 -9999 -9999 -9999 -9999 -9999 -9999
-9999 -9999 -9999 -9999 -9999 -9999 -9999 -9999 -9999 -9999 -9999 -9999 -9999 -9999 -9999 -9999 -9999 -9999 -9999 -9999 -9999 -9999 -9999 -9999 -9999 -9999 -9999 -9999 -9999 -9999 678.0996 674.8411 671.4484 668.5906 666.7906 666.205 667.172 668.3389 669.0618 669.1136 669.0143 668.9835 668.8851 668.5764 668.0356 667.2504 666.0458 664.8676 664.0358 663.8318 663.9391 663.989 663.5176 -9999 -9999 -9999 -9999 -9999 -9999 -9999 -9999 -9999 -9999 -9999 -9999 -9999 -9999 -9999
-9999 -9999 -9999 -9999 -9999 -9999 -9999 -9999 -9999 -9999 -9999 -9999 -9999 -9999 -9999 -9999 -9999 -9999 -9999 -9999 -9999 -9999 -9999 -9999 -9999 -9999 -9999 -9999 -9999 -9999 -9999 -9999 -9999 668.6966 667.3123 667.3929 668.4695 669.6359 670.2429 -9999 -9999 -9999 668.8481 668.5272 668.0049 667.1722 666.1902 665.1719 664.2685 663.936 663.9501 -9999 -9999 -9999 -9999 -9999 -9999 -9999 -9999 -9999 -9999 -9999 -9999 -9999 -9999 -9999 -9999 -9999
-9999 -9999 -9999 -9999 -9999 -9999 -9999 -9999 -9999 -9999 -9999 -9999 -9999 -9999 -9999 -9999 -9999 -9999 -9999 -9999 -9999 -9999 -9999 -9999 -9999 -9999 -9999 -9999 -9999 -9999 -9999 -9999 -9999 -9999 -9999 -9999 -9999 -9999 -9999 -9999 -9999 -9999 -9999 -9999 -9999 -9999 -9999 -9999 -9999 -9999 -9999 -9999 -9999 -9999 -9999 -9999 -9999 -9999 -9999 -9999 -9999 -9999 -9999 -9999 -9999 -9999 -9999 -9999
-9999 -9999 -9999 -9999 -9999 -9999 -9999 -9999 -9999 -9999 -9999 -9999 -9999 -9999 -9999 -9999 -9999 -9999 -9999 -9999 -9999 -9999 -9999 -9999 -9999 -9999 -9999 -9999 -9999 -9999 -9999 -9999 -9999 -9999 -9999 -9999 -9999 -9999 -9999 -9999 -9999 -9999 -9999 -9999 -9999 -9999 -9999 -9999 -9999 -9999 -9999 -9999 -9999 -9999 -9999 -9999 -9999 -9999 -9999 -9999 -9999 -9999 -9999 -9999 -9999 -9999 -9999 -9999
-9999 -9999 -9999 -9999 -9999 -9999 -9999 -9999 -9999 -9999 -9999 -9999 -9999 -9999 -9999 -9999 -9999 -9999 -9999 -9999 -9999 -9999 -9999 -9999 -9999 -9999 -9999 -9999 -9999 -9999 -9999 -9999 -9999 -9999 -9999 -9999 -9999 -9999 -9999 -9999 -9999 -9999 -9999 -9999 -9999 -9999 -9999 -9999 -9999 -9999 -9999 -9999 -9999 -9999 -9999 -9999 -9999 -9999 -9999 -9999 -9999 -9999 -9999 -9999 -9999 -9999 -9999 -9999
-9999 -9999 -9999 -9999 -9999 -9999 -9999 -9999 -9999 -9999 -9999 -9999 -9999 -9999 -9999 -9999 -9999 -9999 -9999 -9999 -9999 -9999 -9999 -9999 -9999 -9999 -9999 -9999 -9999 -9999 -9999 -9999 -9999 -9999 -9999 -9999 -9999 -9999 -9999 -9999 -9999 -9999 -9999 -9999 -9999 -9999 -9999 -9999 -9999 -9999 -9999 -9999 -9999 -9999 -9999 -9999 -9999 -9999 -9999 -9999 -9999 -9999 -9999 -9999 -9999 -9999 -9999 -9999
-9999 -9999 -9999 -9999 -9999 -9999 -9999 -9999 -9999 -9999 -9999 -9999 -9999 -9999 -9999 -9999 -9999 -9999 -9999 -9999 -9999 -9999 -9999 -9999 -9999 -9999 -9999 -9999 -9999 -9999 -9999 -9999 -9999 -9999 -9999 -9999 -9999 -9999 -9999 -9999 -9999 -9999 -9999 -9999 -9999 -9999 -9999 -9999 -9999 -9999 -9999 -9999 -9999 -9999 -9999 -9999 -9999 -9999 -9999 -9999 -9999 -9999 -9999 -9999 -9999 -9999 -9999 -9999
-9999 -9999 -9999 -9999 -9999 -9999 -9999 -9999 -9999 -9999 -9999 -9999 -9999 -9999 -9999 -9999 -9999 -9999 -9999 -9999 -9999 -9999 -9999 -9999 -9999 -9999 -9999 -9999 -9999 -9999 -9999 -9999 -9999 -9999 -9999 -9999 -9999 -9999 -9999 -9999 -9999 -9999 -9999 -9999 -9999 -9999 -9999 -9999 -9999 -9999 -9999 -9999 -9999 -9999 -9999 -9999 -9999 -9999 -9999 -9999 -9999 -9999 -9999 -9999 -9999 -9999 -9999 -9999
