backend/lakes/data/Burnt Lake/burn_dem_tm.asc
ncols         92
nrows         99
xllcorner     791450
yllcorner     6078150
cellsize      50
NODATA_value  -9999
[rows 30 to 59 of 99, columns 0 to 67 of 92]
-9999 -9999 -9999 -9999 -9999 -9999 -9999 -9999 -9999 -9999 -9999 -9999 -9999 -9999 -9999 -9999 -9999 -9999 -9999 -9999 667.8885 667.7769 666.7563 665.3928 663.9826 662.5674 661.0831 659.5231 658.0916 657.7344 657.6846 657.5962 657.3709 657.0263 656.6061 656.2174 656.0013 655.9384 655.9186 655.882 655.8053 655.7018 655.6293 655.666 655.913 656.1946 657.2865 659.5234 662.7532 665.9667 668.3149 669.5832 669.9495 -9999 -9999 -9999 -9999 -9999 -9999 -9999 -9999 -9999 -9999 -9999 -9999 -9999 -9999 -9999
-9999 -9999 -9999 -9999 -9999 -9999 -9999 -9999 -9999 -9999 -9999 -9999 -9999 -9999 -9999 -9999 -9999 -9999 -9999 -9999 667.123 667.1282 666.469 665.5906 664.8784 664.0834 662.8785 661.0963 659.2663 658.8019 658.546 658.2278 657.8085 657.3252 656.7479 656.2134 655.9978 655.9165 655.8938 655.8495 655.7408 655.5723 655.3978 655.3061 655.3611 655.6274 656.5395 658.5305 661.4733 664.59 667.0609 668.5187 669.0051 669.2283 -9999 -9999 -9999 -9999 -9999 -9999 -9999 -9999 -9999 -9999 -9999 -9999 -9999 -9999
-9999 -9999 -9999 -9999 -9999 -9999 -9999 -9999 -9999 -9999 -9999 -9999 -9999 -9999 -9999 -9999 -9999 -9999 -9999 -9999 -9999 666.8075 666.9664 666.5316 666.2408 666.0901 665.0353 662.8428 660.4465 659.7325 659.0786 658.4797 657.9317 657.4645 656.8154 656.1405 655.9425 655.8982 655.9028 655.8761 655.7661 655.5699 655.336 655.1532 655.113 655.337 656.0967 657.6946 660.1658 663.0724 665.5849 667.2043 667.9388 668.2893 -9999 -9999 -9999 -9999 -9999 -9999 -9999 -9999 -9999 -9999 -9999 -9999 -9999 -9999
-9999 -9999 -9999 -9999 -9999 -9999 -9999 -9999 -9999 -9999 -9999 -9999 -9999 -9999 -9999 -9999 -9999 -9999 -9999 -9999 -9999 -9999 666.7976 667.1367 667.54 667.963 666.6813 663.8556 660.7888 659.2264 658.2273 657.6322 657.3361 657.2441 656.7908 656.3798 656.0072 655.9188 655.9276 655.9202 655.8281 655.6339 655.3864 655.1785 655.1223 655.3296 655.9684 657.1852 659.1149 661.6362 664.1553 665.9164 666.936 667.4965 668.1091 -9999 -9999 -9999 -9999 -9999 -9999 -9999 -9999 -9999 -9999 -9999 -9999 -9999
-9999 -9999 -9999 -9999 -9999 -9999 -9999 -9999 -9999 -9999 -9999 -9999 -9999 -9999 -9999 -9999 -9999 -9999 -9999 -9999 -9999 -9999 666.0547 667.0489 668.1652 668.9157 666.9767 663.6161 660.2468 658.1497 656.8819 656.3343 656.189 656.1952 656.0894 656.0085 655.8958 655.8777 655.9156 655.9308 655.8649 655.6963 655.4692 655.2833 655.2567 655.4906 656.0613 657.0018 658.464 660.5197 662.8485 664.7787 666.0167 666.7187 667.2285 -9999 -9999 -9999 -9999 -9999 -9999 -9999 -9999 -9999 -9999 -9999 -9999 -9999
-9999 -9999 -9999 -9999 -9999 -9999 -9999 -9999 -9999 -9999 -9999 -9999 -9999 -9999 -9999 -9999 -9999 -9999 -9999 -9999 -9999 -9999 665.129 666.2709 667.5548 668.0361 666.0424 662.5467 659.2691 657.1055 655.9932 655.5411 655.4761 655.5738 655.663 655.7335 655.7612 655.8004 655.8556 655.884 655.8357 655.6956 655.502 655.355 655.3759 655.6646 656.2818 657.0009 658.1588 659.8708 661.8766 663.8632 665.1166 665.7795 666.4113 667.1616 -9999 -9999 -9999 -9999 -9999 -9999 -9999 -9999 -9999 -9999 -9999 -9999
-9999 -9999 -9999 -9999 -9999 -9999 -9999 -9999 -9999 -9999 -9999 -9999 -9999 -9999 -9999 -9999 -9999 -9999 -9999 -9999 -9999 663.9906 664.295 665.2504 666.361 666.5196 664.3896 661.1557 658.3223 656.4882 655.5411 655.1744 655.1505 655.2896 655.4589 655.5979 655.6784 655.7279 655.7671 655.7799 655.7316 655.606 655.4365 655.3116 655.3381 655.5736 656.0443 656.7752 657.8436 659.4361 661.1852 663.0149 663.8906 664.623 665.6301 666.3969 -9999 -9999 -9999 -9999 -9999 -9999 -9999 -9999 -9999 -9999 -9999 -9999
-9999 -9999 -9999 -9999 -9999 -9999 -9999 -9999 -9999 -9999 -9999 -9999 -9999 -9999 -9999 -9999 -9999 -9999 -9999 -9999 -9999 663.8506 663.9498 664.5989 665.4853 665.2562 662.9921 660.0612 657.7976 656.2293 655.4557 655.152 655.1344 655.2663 655.4379 655.5773 655.6533 655.675 655.6699 655.6414 655.5708 655.4437 655.2839 655.1696 655.1889 655.3445 655.6496 656.1461 657.017 658.3022 659.8759 661.5833 662.6506 663.9354 665.0285 665.8296 666.4897 -9999 -9999 -9999 -9999 -9999 -9999 -9999 -9999 -9999 -9999 -9999
-9999 -9999 -9999 -9999 -9999 -9999 -9999 -9999 -9999 -9999 -9999 -9999 -9999 -9999 -9999 -9999 -9999 -9999 -9999 -9999 -9999 664.0453 664.0135 664.7776 665.0759 664.2253 661.7966 659.2879 657.7532 656.3623 655.6635 655.3553 655.2983 655.3833 655.5146 655.616 655.6519 655.629 655.5723 655.4971 655.397 655.2642 655.1067 655.0017 655.046 655.1324 655.2979 655.602 656.1685 657.1741 658.6403 660.4635 662.3042 663.7069 664.6661 665.3212 666.0142 666.7275 667.6526 -9999 -9999 -9999 -9999 -9999 -9999 -9999 -9999 -9999
-9999 -9999 -9999 -9999 -9999 -9999 -9999 -9999 -9999 -9999 -9999 -9999 -9999 -9999 -9999 -9999 -9999 -9999 -9999 -9999 -9999 664.3896 664.0502 664.6198 664.7752 663.5344 661.0739 658.7963 657.6505 656.6645 655.9705 655.6102 655.4984 655.5223 655.5931 655.6418 655.6273 655.5588 655.4634 655.3612 655.2494 655.1324 655.0012 654.9574 654.9998 655.0342 655.0931 655.2466 655.6007 656.3115 657.608 659.3893 661.39 663.2572 664.2312 664.8097 665.7242 666.4436 667.3077 668.5369 -9999 -9999 -9999 -9999 -9999 -9999 -9999 -9999
-9999 -9999 -9999 -9999 -9999 -9999 -9999 -9999 -9999 -9999 -9999 -9999 -9999 -9999 -9999 -9999 -9999 -9999 -9999 -9999 -9999 664.8881 664.4789 664.6395 664.4758 663.2711 660.9797 658.804 657.8018 656.9019 656.0844 655.7395 655.6216 655.6045 655.6171 655.6089 655.5517 655.4464 655.3293 655.2291 655.1305 655.0709 654.9996 654.9489 654.9644 654.9998 655.0236 655.0875 655.2858 655.7852 656.7538 658.3033 660.2607 662.1709 663.4777 664.3547 665.2958 666.1363 667.0299 667.9801 668.6752 -9999 -9999 -9999 -9999 -9999 -9999 -9999
-9999 -9999 -9999 -9999 -9999 -9999 -9999 -9999 -9999 -9999 -9999 -9999 -9999 -9999 -9999 -9999 -9999 -9999 -9999 -9999 -9999 665.1971 664.7959 664.7792 664.4686 663.3002 661.131 658.8571 657.51 656.5919 655.9979 655.7365 655.6472 655.6119 655.5742 655.5139 655.4169 655.2933 655.1699 655.097 655.002 654.9982 654.9303 654.8857 654.8966 654.9432 654.9996 655.0412 655.1186 655.416 656.0584 657.1679 658.7093 660.3677 661.8149 663.2587 664.505 665.6075 666.4711 667.1307 667.5379 667.3125 667.1105 -9999 -9999 -9999 -9999 -9999
-9999 -9999 -9999 -9999 -9999 -9999 -9999 -9999 -9999 -9999 -9999 -9999 -9999 -9999 -9999 -9999 -9999 -9999 -9999 -9999 -9999 665.6603 665.2011 665.0663 664.6326 663.3522 661.1855 658.7628 657.1129 656.1549 655.7642 655.6275 655.5922 655.559 655.4879 655.3823 655.2565 655.124 655.0034 654.9972 654.9027 654.8473 654.7861 654.7537 654.7693 654.8271 654.9104 654.9963 655.001 655.1641 655.5293 656.2029 657.288 658.6567 660.0706 661.5098 663.1076 664.418 665.3996 665.915 666.1516 666.0646 666.1367 666.5171 -9999 -9999 -9999 -9999
-9999 -9999 -9999 -9999 -9999 -9999 -9999 -9999 -9999 -9999 -9999 -9999 -9999 -9999 -9999 -9999 -9999 -9999 -9999 -9999 -9999 666.0477 665.9182 665.6575 664.88 663.1877 660.8472 658.3512 656.657 655.8932 655.6099 655.5309 655.5157 655.4802 655.3881 655.2534 655.111 654.9997 654.9022 654.8506 654.7609 654.6765 654.606 654.5734 654.5864 654.6376 654.7123 654.7883 654.8413 654.9893 655.2021 655.6166 656.3372 657.3863 658.5418 659.7503 661.2032 662.6872 663.7079 664.2131 664.4805 664.6856 665.1454 665.8597 666.3752 -9999 -9999 -9999
-9999 -9999 -9999 -9999 -9999 -9999 -9999 -9999 -9999 -9999 -9999 -9999 -9999 -9999 -9999 -9999 -9999 -9999 -9999 -9999 666.247 665.9753 666.1439 665.9337 664.8427 662.6597 659.9445 657.6119 656.3337 655.7651 655.5547 655.486 655.4575 655.4061 655.3025 655.1559 655.0018 654.9119 654.825 654.74 654.6328 654.5226 654.431 654.3807 654.3778 654.4113 654.4682 654.5369 654.6153 654.7549 654.9809 655.3231 655.9916 656.8145 657.5662 658.3887 659.4635 660.6605 661.6606 662.2252 662.7059 663.2651 664.0774 665.0205 665.7726 665.9647 -9999 -9999
-9999 -9999 -9999 -9999 -9999 -9999 -9999 -9999 -9999 -9999 -9999 -9999 -9999 -9999 -9999 -9999 -9999 -9999 667.6172 666.2548 665.3181 665.3085 665.8808 665.6384 664.1694 661.604 658.925 656.9916 656.0956 655.7246 655.5695 655.4849 655.4213 655.3494 655.2471 655.1212 654.9996 654.8945 654.7921 654.6783 654.5468 654.4108 654.2925 654.2144 654.1832 654.1907 654.2267 654.2849 654.3708 654.5057 654.7263 655.0855 655.8189 656.4767 657.0568 657.6203 658.2593 659.0675 659.8203 660.4329 661.1336 661.9636 662.9838 664.0336 664.8691 665.1826 665.0748 -9999
-9999 -9999 -9999 -9999 -9999 -9999 -9999 -9999 -9999 -9999 -9999 -9999 -9999 -9999 -9999 -9999 -9999 667.784 666.4545 665.1817 664.4194 664.6754 665.1801 665.0029 663.3164 660.5645 658.1678 656.7015 656.014 655.7651 655.6239 655.5006 655.3907 655.2956 655.2028 655.1003 655 654.8981 654.7869 654.6552 654.5035 654.347 654.2056 654.0983 654.0347 654.0113 654.023 654.0698 654.1557 654.302 654.5458 654.9513 655.586 656.316 656.959 657.3347 657.6786 658.1024 658.6416 659.1924 659.9304 660.808 661.9072 662.9807 663.8218 664.1368 664.1943 -9999
-9999 -9999 -9999 -9999 -9999 -9999 -9999 -9999 -9999 -9999 -9999 -9999 -9999 -9999 -9999 -9999 667.1058 666.4815 665.3555 664.2767 663.6782 663.8384 664.1743 663.665 661.8011 659.3928 657.5679 656.49 656.0064 655.8578 655.6903 655.5053 655.3434 655.2266 655.1477 655.076 655.0001 654.906 654.7909 654.6517 654.4904 654.3226 654.1674 654.0403 653.9483 653.8955 653.8812 653.9122 653.9939 654.1454 654.3971 654.8127 655.4385 656.1857 656.8855 657.2087 657.4221 657.6487 657.9974 658.4525 659.0682 659.9022 660.9196 661.9677 662.8763 663.4324 663.7468 664.071
-9999 -9999 -9999 -9999 -9999 -9999 -9999 -9999 -9999 -9999 -9999 -9999 -9999 -9999 -9999 665.0624 665.8286 665.3648 664.4621 663.4318 662.5719 662.358 662.3644 661.6382 660.0427 658.2457 656.9951 656.3082 656.0535 655.993 655.7426 655.4811 655.2729 655.1412 655.078 655.0416 654.9999 654.9113 654.7926 654.6511 654.4913 654.324 654.1661 654.0325 653.9256 653.8505 653.8134 653.8245 653.8923 654.0287 654.2518 654.5912 655.087 655.8127 656.478 656.9583 657.2144 657.3546 657.6091 657.9792 658.4539 659.1057 659.998 661.0212 662.03 662.8984 663.4796 663.9514
-9999 -9999 -9999 -9999 -9999 -9999 -9999 -9999 -9999 -9999 -9999 -9999 -9999 -9999 -9999 664.4827 664.9839 664.5677 663.6209 662.322 661.1066 660.5392 660.2071 659.5245 658.3668 657.231 656.5156 656.1475 656.0416 655.9928 655.7087 655.4163 655.1896 655.056 655.0085 655 654.9817 654.9075 654.7896 654.6483 654.496 654.3399 654.1917 654.0638 653.9583 653.8744 653.8228 653.8146 653.8628 653.9736 654.1475 654.3918 654.7313 655.1915 655.863 656.4631 656.9063 657.0304 657.2906 657.6075 657.9934 658.5094 659.2476 660.2228 661.2739 662.3405 663.1237 663.6506
-9999 -9999 -9999 -9999 -9999 -9999 -9999 -9999 -9999 -9999 -9999 -9999 -9999 -9999 663.1733 664.1959 664.4119 663.8446 662.7473 661.3357 660.0447 659.2134 658.688 658.0059 657.2149 656.5972 656.2135 656.0432 655.9987 655.8665 655.624 655.3514 655.1239 654.9939 654.9671 655 654.9874 654.9144 654.7939 654.6511 654.5063 654.3665 654.2377 654.1277 654.0369 653.9604 653.9061 653.8864 653.9146 654.0012 654.1378 654.3038 654.5177 654.7999 655.1953 655.8241 656.348 656.674 656.987 657.2996 657.6299 658.0625 658.7835 659.6875 660.6504 661.6844 662.6235 663.2166
-9999 -9999 -9999 -9999 -9999 -9999 -9999 -9999 -9999 -9999 -9999 -9999 -9999 -9999 663.061 663.9696 663.8722 663.03 661.8583 660.4729 659.2636 658.422 657.837 657.1727 656.7205 656.3856 656.1818 656.0921 656.0048 655.8434 655.6349 655.3569 655.1125 654.9677 654.9448 654.9999 654.9987 654.9313 654.8118 654.6704 654.5331 654.4102 654.3046 654.2215 654.1561 654.1006 654.0551 654.033 654.048 654.1154 654.2308 654.3665 654.5043 654.665 654.8755 655.189 655.7753 656.2284 656.5811 656.9653 657.3012 657.6586 658.1611 658.9417 659.8669 660.8256 661.7405 662.572
-9999 -9999 -9999 -9999 -9999 -9999 -9999 -9999 -9999 -9999 -9999 -9999 -9999 -9999 662.6251 663.5793 663.1013 662.147 661.1155 660.0358 658.9633 658.064 657.4539 656.9952 656.7417 656.5644 656.4794 656.5061 656.4518 656.2227 655.9803 655.5705 655.2049 654.9797 654.9143 654.9581 655 654.9523 654.8448 654.7119 654.5856 654.4803 654.3981 654.3446 654.3133 654.2866 654.2598 654.238 654.2438 654.2971 654.4034 654.535 654.667 654.7713 654.8534 654.9651 655.1755 655.7169 656.0468 656.4978 656.9422 657.2969 657.7015 658.2565 659.0696 659.942 660.8381 661.7004
-9999 -9999 -9999 -9999 -9999 -9999 -9999 -9999 -9999 -9999 -9999 -9999 -9999 -9999 661.8978 662.6451 662.1223 661.3146 660.6134 659.9004 658.9413 658.014 657.3787 657.0349 656.9909 656.9749 657.0708 657.3831 657.5397 657.4155 656.9402 656.1918 655.546 655.121 654.9392 654.9385 655 654.9756 654.8901 654.7747 654.6642 654.5782 654.5198 654.4938 654.4985 654.5089 654.5042 654.4802 654.4703 654.5046 654.6006 654.7369 654.8806 654.9963 654.9993 654.9999 654.9963 655.0989 655.4572 655.9607 656.4661 656.9424 657.396 657.9855 658.5951 659.2493 660.1067 660.9972
-9999 -9999 -9999 -9999 -9999 -9999 -9999 -9999 -9999 -9999 -9999 -9999 -9999 -9999 -9999 661.6798 661.2615 660.7891 660.2932 659.876 658.9728 658.0211 657.3671 657.0447 657.0618 657.3325 657.8941 658.6804 659.2703 659.3425 658.632 657.4388 656.2753 655.4747 655.0631 654.9539 654.9999 654.999 654.9423 654.8514 654.7605 654.6945 654.6588 654.6569 654.6909 654.7406 654.7673 654.7245 654.686 654.6941 654.762 654.879 654.9992 655.0426 655.0405 655.03 654.9987 654.9072 655.0291 655.4312 655.9527 656.5052 657.1158 657.8474 658.3453 658.9479 659.6746 660.3796
-9999 -9999 -9999 -9999 -9999 -9999 -9999 -9999 -9999 -9999 -9999 -9999 -9999 -9999 -9999 660.9708 660.9084 660.5971 660.0698 659.8504 658.9802 658.0316 657.3999 657.121 657.2442 657.8359 658.939 660.459 661.701 662.1263 661.1796 659.3705 657.496 656.0765 655.3007 654.9944 654.9587 654.9999 654.9875 654.9283 654.8593 654.8107 654.7931 654.8069 654.8552 654.9297 654.9968 654.9242 654.8435 654.8233 654.861 654.9329 654.9958 655.0001 655.0001 654.9998 654.9083 654.7866 654.793 655.0138 655.4557 656.1058 656.9346 657.6056 658.0621 658.576 659.0947 659.7969
-9999 -9999 -9999 -9999 -9999 -9999 -9999 -9999 -9999 -9999 -9999 -9999 -9999 -9999 -9999 660.7786 661.0404 660.9074 660.2504 659.8615 659.0041 658.1152 657.576 657.3975 657.6813 658.6754 660.5199 662.7991 664.6517 665.3297 664.2609 661.7512 659.0103 656.8315 655.6282 655.0752 654.9184 654.9435 654.9999 654.9858 654.9418 654.9081 654.9 654.9165 654.9531 655.0001 655.038 654.9996 654.9091 654.8741 654.899 654.9474 654.9839 654.9857 654.9731 654.9431 654.8525 654.7324 654.6776 654.7725 655.0834 655.8085 656.7579 657.4612 657.9966 658.3759 658.6921 659.1494
-9999 -9999 -9999 -9999 -9999 -9999 -9999 -9999 -9999 -9999 -9999 -9999 -9999 -9999 -9999 661.434 661.7883 661.6647 660.8689 660.0237 659.2119 658.4757 658.0065 657.9711 658.4451 659.9393 662.5025 665.3621 667.5014 668.0758 666.8832 663.9526 660.4233 657.613 655.9906 655.1907 654.8999 654.8746 654.9442 654.9999 654.9904 654.9738 654.9706 654.9824 655 655.0122 655.0001 654.9514 654.8843 654.8652 654.8944 654.9415 654.9741 654.9791 654.9645 654.9288 654.8584 654.767 654.701 654.7218 654.9149 655.3758 656.382 657.2562 657.9568 658.272 658.4516 658.7241
-9999 -9999 -9999 -9999 -9999 -9999 -9999 -9999 -9999 -9999 -9999 -9999 -9999 -9999 -9999 662.9855 663.1629 662.5106 661.3595 660.2418 659.6912 658.97 658.5886 658.7874 659.505 661.3379 664.4211 667.6447 669.7313 669.5555 668.3282 665.1075 661.2338 658.1394 656.2654 655.3115 654.9172 654.8313 654.8826 654.959 655 655.0057 655.0073 655.0127 655.0146 655 654.9528 654.8895 654.8363 654.8345 654.8789 654.9335 654.9707 654.9813 654.9767 654.9564 654.9207 654.8741 654.8376 654.8419 654.9953 655.3785 656.1184 656.9825 657.7717 658.14 658.2933 658.4703
-9999 -9999 -9999 -9999 -9999 -9999 -9999 -9999 -9999 -9999 -9999 -9999 -9999 -9999 -9999 664.8634 664.5854 663.2969 661.6224 660.2593 659.6847 659.1927 659.0449 659.5771 660.3898 662.5253 665.9083 669.3168 671.4036 670.9412 668.7371 665.2079 661.3669 658.3444 656.4253 655.4489 654.9957 654.8464 654.8577 654.93 654.9999 655.0154 655.0186 655.019 655.0099 654.9781 654.9158 654.8467 654.8047 654.8168 654.8748 654.9392 654.978 654.9903 655 655 654.9999 654.9998 654.999 654.9996 655.0998 655.3973 655.938 656.5354 657.1713 657.8099 658.1172 658.2889
