backend/lakes/data/Joseph Lake/jose_dem_tm.asc
ncols         113
nrows         112
xllcorner     625750
yllcorner     5901150
cellsize      50
NODATA_value  -9999
[rows 60 to 89 of 112, columns 0 to 67 of 113]
-9999 -9999 -9999 -9999 -9999 -9999 -9999 -9999 -9999 -9999 -9999 -9999 -9999 -9999 -9999 759.1249 758.2321 757.8627 757.95 758.3491 758.7862 758.5518 758.1617 757.6982 757.4014 757.2057 757.0602 756.9699 756.8967 756.8043 756.7114 756.627 756.5535 756.4918 756.4401 756.3962 756.3599 756.3126 756.2542 756.1866 756.1106 756.0275 755.9409 755.8589 755.793 755.75 755.715 755.6852 755.6592 755.6368 755.6177 755.6003 755.584 755.5701 755.5612 755.5594 755.5673 755.5872 755.619 755.6598 755.7043 755.7499 755.7742 755.8403 755.9631 756.1474 756.3664 756.6659
-9999 -9999 -9999 -9999 -9999 -9999 -9999 -9999 -9999 -9999 -9999 -9999 -9999 -9999 -9999 759.8907 758.906 758.191 758.002 758.2198 758.7778 758.7042 758.4198 758.0812 757.6255 757.3768 757.1827 757.0527 756.9684 756.8588 756.7607 756.6744 756.5999 756.5373 756.486 756.4431 756.4045 756.3599 756.3029 756.2355 756.1588 756.0735 755.9816 755.8903 755.8098 755.7499 755.7118 755.6804 755.6526 755.6288 755.6096 755.5934 755.5791 755.5678 755.5623 755.5651 755.5787 755.6047 755.6415 755.6829 755.7184 755.7501 755.795 755.8879 756.0592 756.3335 756.6536 757.056
-9999 -9999 -9999 -9999 -9999 -9999 -9999 -9999 -9999 -9999 -9999 -9999 -9999 -9999 -9999 760.8586 759.8168 758.9009 758.2828 758.0486 758.6584 758.6583 758.4628 758.186 757.8364 757.5587 757.2971 757.1093 756.9717 756.8915 756.8088 756.7269 756.6527 756.5902 756.5391 756.4962 756.4565 756.4128 756.3599 756.295 756.2197 756.1335 756.0349 755.9313 755.8325 755.7503 755.7186 755.6856 755.6543 755.6277 755.607 755.5912 755.5786 755.5693 755.566 755.5716 755.5893 755.621 755.6655 755.7147 755.7499 755.7852 755.8482 755.9656 756.1625 756.462 756.9606 757.5241
-9999 -9999 -9999 -9999 -9999 -9999 -9999 -9999 -9999 -9999 -9999 -9999 -9999 -9999 -9999 -9999 760.6956 759.6446 758.8119 758.3419 758.405 758.4908 758.3999 758.1957 757.9562 757.6233 757.3894 757.1992 757.0571 756.9693 756.8807 756.7948 756.7169 756.6517 756.6002 756.5561 756.5144 756.4705 756.4199 756.36 756.2892 756.2061 756.1021 755.989 755.8811 755.7946 755.7498 755.7028 755.6639 755.6328 755.6093 755.5927 755.5812 755.5734 755.5712 755.5775 755.5963 755.631 755.6836 755.7498 755.7942 755.8585 755.9658 756.1438 756.4279 756.8593 757.3081 757.8755
-9999 -9999 -9999 -9999 -9999 -9999 -9999 -9999 -9999 -9999 -9999 -9999 -9999 -9999 -9999 -9999 761.3745 760.1735 759.2458 758.7787 758.7313 758.5955 758.4445 758.2856 758.1744 757.9175 757.6086 757.3652 757.1871 757.0649 756.9694 756.8771 756.7929 756.7233 756.6709 756.6246 756.5792 756.5326 756.4818 756.4247 756.36 756.2859 756.1758 756.0547 755.9364 755.8314 755.7504 755.7152 755.6765 755.6418 755.6152 755.597 755.5857 755.5792 755.5773 755.5823 755.5981 755.6291 755.6792 755.75 755.84 755.9695 756.1575 756.4418 756.8619 757.2079 757.6513 758.3051
-9999 -9999 -9999 -9999 -9999 -9999 -9999 -9999 -9999 -9999 -9999 -9999 -9999 -9999 -9999 -9999 762.103 760.8896 759.9603 759.343 759.0746 758.7966 758.5392 758.291 758.2087 758.1765 757.9375 757.6097 757.3729 757.1971 757.0678 756.9692 756.8782 756.8026 756.7535 756.703 756.6511 756.5996 756.5452 756.486 756.4238 756.3587 756.2428 756.1217 756.0018 755.8896 755.7994 755.7498 755.6971 755.6547 755.6239 755.604 755.5927 755.5869 755.5851 755.5878 755.5989 755.6239 755.6704 755.7502 755.8923 756.1079 756.4083 756.8648 757.2274 757.5898 758.1809 759.218
-9999 -9999 -9999 -9999 -9999 -9999 -9999 -9999 -9999 -9999 -9999 -9999 -9999 -9999 -9999 -9999 763.1694 761.8985 760.9948 760.3919 759.8889 759.2497 758.7454 758.2231 758.065 758.1324 758.1777 757.929 757.6445 757.3904 757.1979 757.0626 756.969 756.8854 756.8512 756.7921 756.729 756.6721 756.611 756.5405 756.4583 756.3611 756.2834 756.1859 756.0743 755.9553 755.8422 755.7505 755.7106 755.6676 755.6342 755.6135 755.6028 755.598 755.596 755.5966 755.6031 755.6226 755.6658 755.751 755.926 756.2226 756.6367 757.0774 757.5298 758.0159 758.9199 760.3619
-9999 -9999 -9999 -9999 -9999 -9999 -9999 -9999 -9999 -9999 -9999 -9999 -9999 -9999 -9999 -9999 -9999 763.1792 762.2289 761.6427 761.0138 760.0638 759.0422 758.2112 757.9245 757.9928 758.1794 758.189 758.0871 757.6851 757.3914 757.1912 757.0685 756.9725 756.9677 756.8865 756.809 756.7535 756.6887 756.6124 756.528 756.4384 756.3599 756.2684 756.1632 756.0383 755.9125 755.8083 755.7496 755.6877 755.6479 755.6266 755.6179 755.6145 755.6123 755.6107 755.6129 755.6265 755.6652 755.7488 755.8867 756.1917 756.6273 757.0871 757.7131 758.3666 759.5189 761.3967
-9999 -9999 -9999 -9999 -9999 -9999 -9999 -9999 -9999 -9999 -9999 -9999 -9999 -9999 -9999 -9999 -9999 -9999 763.5041 762.8649 762.2203 761.2228 760.0255 758.9284 758.1934 758.0604 758.2863 758.3539 758.305 758.0947 757.6787 757.3979 757.2628 757.1371 757.0642 756.9698 756.8845 756.8488 756.7806 756.7 756.6189 756.5336 756.4493 756.3602 756.2638 756.1302 755.9893 755.8584 755.7509 755.6996 755.6647 755.6456 755.6396 755.6379 755.6356 755.6314 755.6281 755.6309 755.6472 755.6848 755.7584 756.0153 756.3547 756.7578 757.421 758.2551 759.6071 761.6507
-9999 -9999 -9999 -9999 -9999 -9999 -9999 -9999 -9999 -9999 -9999 -9999 -9999 -9999 -9999 -9999 -9999 -9999 764.7708 763.9769 763.2718 762.4532 761.3245 760.1107 759.0995 758.5212 758.6608 758.5531 758.4304 758.2905 758.0872 757.7026 757.5864 757.3748 757.2295 757.0902 756.9734 756.9675 756.8812 756.7926 756.7203 756.6343 756.5394 756.4454 756.3574 756.2169 756.0748 755.9396 755.824 755.75 755.701 755.676 755.6707 755.669 755.6656 755.6596 755.6527 755.6492 755.6553 755.6819 755.7488 755.8683 756.0682 756.3484 756.8231 757.6438 758.98 760.9008
-9999 -9999 -9999 -9999 -9999 -9999 -9999 -9999 -9999 -9999 -9999 -9999 -9999 -9999 -9999 -9999 -9999 -9999 -9999 765.0223 764.2667 763.6544 762.7548 761.6155 760.4971 759.6086 759.1409 758.7932 758.5426 758.3843 758.2836 758.1628 758.0762 757.6967 757.4987 757.3088 757.148 757.0662 756.9697 756.8788 756.8322 756.7386 756.6191 756.4909 756.362 756.2709 756.1589 756.0343 755.9147 755.8187 755.75 755.714 755.71 755.705 755.6995 755.6929 755.6853 755.6793 755.6783 755.6871 755.7109 755.7507 755.8493 755.9968 756.2935 756.8774 757.9493 759.4982
-9999 -9999 -9999 -9999 -9999 -9999 -9999 -9999 -9999 -9999 -9999 -9999 -9999 -9999 -9999 -9999 -9999 -9999 -9999 -9999 765.2757 764.83 764.201 763.232 762.0975 760.9749 760.064 759.3404 758.8453 758.5511 758.4243 758.3359 758.3104 758.1384 757.8828 757.6274 757.3799 757.2277 757.0892 756.9736 756.9664 756.8546 756.712 756.5665 756.4415 756.3593 756.2594 756.1403 756.0133 755.8964 755.8041 755.7501 755.7499 755.7372 755.7305 755.7254 755.7204 755.7161 755.7135 755.7139 755.7183 755.7275 755.7496 755.7795 755.921 756.2782 756.9678 758.0967
-9999 -9999 -9999 -9999 -9999 -9999 -9999 -9999 -9999 -9999 -9999 -9999 -9999 -9999 -9999 -9999 -9999 -9999 -9999 -9999 -9999 -9999 765.5346 764.7075 763.6221 762.4326 761.3399 760.4565 759.6387 759.0266 758.7122 758.4779 758.4978 758.382 758.2205 758.078 757.6911 757.4919 757.3034 757.1466 757.074 756.9694 756.8186 756.6572 756.5232 756.4362 756.359 756.2501 756.1173 755.9798 755.8618 755.7861 755.7594 755.75 755.75 755.75 755.75 755.75 755.75 755.75 755.75 755.7499 755.7191 755.7047 755.7609 755.9719 756.4203 757.1752
-9999 -9999 -9999 -9999 -9999 -9999 -9999 -9999 -9999 -9999 -9999 -9999 -9999 -9999 -9999 -9999 -9999 -9999 -9999 -9999 -9999 -9999 -9999 765.9077 764.9279 763.8359 762.7946 761.9609 761.0634 760.138 759.2513 758.7452 758.8069 758.5864 758.4091 758.2942 758.126 757.8731 757.6154 757.3704 757.2452 757.1365 756.9693 756.7788 756.6186 756.5195 756.4402 756.3582 756.2284 756.0715 755.9248 755.8247 755.7754 755.7575 755.7566 755.761 755.7651 755.7672 755.7682 755.7684 755.769 755.7708 755.7653 755.7737 755.8119 755.9653 756.3362 756.8999
-9999 -9999 -9999 -9999 -9999 -9999 -9999 -9999 -9999 -9999 -9999 -9999 -9999 -9999 -9999 -9999 -9999 -9999 -9999 -9999 -9999 -9999 -9999 -9999 766.0289 765.0568 764.1313 763.3877 762.5333 761.5323 760.4729 759.6639 759.2387 758.824 758.5973 758.467 758.3608 758.2117 758.0562 757.6695 757.5133 757.4121 757.2028 756.9734 756.7759 756.6662 756.5525 756.4615 756.3563 756.1858 756.0097 755.8965 755.8405 755.8193 755.8173 755.8232 755.8299 755.8336 755.8356 755.8381 755.8446 755.8639 755.9082 755.985 756.0219 756.1161 756.4016 756.9
-9999 -9999 -9999 -9999 -9999 -9999 -9999 -9999 -9999 -9999 -9999 -9999 -9999 -9999 -9999 -9999 -9999 -9999 -9999 -9999 -9999 -9999 -9999 -9999 -9999 766.1045 765.1879 764.4299 763.6942 762.7969 761.7739 760.8071 760.0179 759.3934 759.0892 758.8911 758.7559 758.5878 758.4165 758.1375 757.907 757.8117 757.5386 757.3116 757.0854 756.9841 756.7753 756.6442 756.524 756.3499 756.1474 756.0493 756.0109 755.998 755.9973 756.0022 756.0081 756.0122 756.015 756.0186 756.0273 756.0551 756.1388 756.324 756.3803 756.4146 756.6383 756.9639
-9999 -9999 -9999 -9999 -9999 -9999 -9999 -9999 -9999 -9999 -9999 -9999 -9999 -9999 -9999 -9999 -9999 -9999 -9999 -9999 -9999 -9999 -9999 -9999 -9999 -9999 -9999 765.1788 764.4935 763.7747 762.8869 761.9302 761.0875 760.5495 760.2702 759.9291 759.6293 759.3055 759.0409 758.6946 758.3641 758.1371 757.9066 757.8295 757.7581 757.6208 757.2009 757.0162 756.8481 756.5958 756.3976 756.3616 756.36 756.3614 756.3625 756.3645 756.3669 756.3693 756.3699 756.3679 756.3685 756.3732 756.4193 756.6498 756.8837 756.9346 757.0254 757.2141
-9999 -9999 -9999 -9999 -9999 -9999 -9999 -9999 -9999 -9999 -9999 -9999 -9999 -9999 -9999 -9999 -9999 -9999 -9999 -9999 -9999 -9999 -9999 -9999 -9999 -9999 -9999 -9999 -9999 764.4636 763.7673 762.9409 762.2074 761.9018 761.8301 761.5603 761.2111 760.699 760.1672 759.6 759.0777 758.6965 758.4159 758.3362 758.3286 758.2505 757.9757 757.7258 757.4332 757.084 756.9678 756.9613 756.9695 756.9728 756.9731 756.9751 756.9786 756.9817 756.9722 756.9413 756.9326 756.9337 756.948 757.0273 757.2111 757.3309 757.5132 757.5693
-9999 -9999 -9999 -9999 -9999 -9999 -9999 -9999 -9999 -9999 -9999 -9999 -9999 -9999 -9999 -9999 -9999 -9999 -9999 -9999 -9999 -9999 -9999 -9999 -9999 -9999 -9999 -9999 -9999 -9999 764.397 763.7687 763.2186 763.1572 763.3776 763.3374 763.0706 762.4797 761.758 760.9919 760.299 759.6733 759.2485 759.1472 759.1966 759.1988 758.9586 758.4418 758.0346 757.815 757.8069 757.849 757.8651 757.8557 757.8351 757.8224 757.8184 757.8199 757.7741 757.631 757.5608 757.5439 757.548 757.5689 757.6093 757.6458 757.8033 757.8544
-9999 -9999 -9999 -9999 -9999 -9999 -9999 -9999 -9999 -9999 -9999 -9999 -9999 -9999 -9999 -9999 -9999 -9999 -9999 -9999 -9999 -9999 -9999 -9999 -9999 -9999 -9999 -9999 -9999 -9999 -9999 764.3652 764.1196 764.311 764.7632 764.9995 764.912 764.3137 763.4548 762.5651 761.7984 761.1155 760.6691 760.5928 760.6854 760.6724 760.1202 759.2919 758.7825 758.6773 758.8704 759.0438 759.0828 759.0248 758.9302 758.8503 758.8027 758.8217 758.7765 758.5674 758.3662 758.2391 758.1652 758.1287 758.1311 758.1445 758.2186 758.2371
-9999 -9999 -9999 -9999 -9999 -9999 -9999 -9999 -9999 -9999 -9999 -9999 -9999 -9999 -9999 -9999 -9999 -9999 -9999 -9999 -9999 -9999 -9999 -9999 -9999 -9999 -9999 -9999 -9999 -9999 -9999 -9999 -9999 765.4766 766.056 766.5311 766.6177 766.0336 765.0723 764.0955 763.3195 762.6634 762.2167 762.1918 762.3398 762.2953 761.5906 760.5939 759.9005 759.9048 760.3451 760.7338 760.8055 760.6213 760.4353 760.2145 760.066 760.1447 760.2045 760.0395 759.6509 759.267 758.8804 758.506 758.3225 758.3948 758.7146 758.8434
-9999 -9999 -9999 -9999 -9999 -9999 -9999 -9999 -9999 -9999 -9999 -9999 -9999 -9999 -9999 -9999 -9999 -9999 -9999 -9999 -9999 -9999 -9999 -9999 -9999 -9999 -9999 -9999 -9999 -9999 -9999 -9999 -9999 -9999 -9999 -9999 768.2244 767.6536 766.5494 765.4319 764.6166 763.937 763.4866 763.4185 763.6447 763.5923 762.9977 762.141 761.6563 761.8368 762.4127 762.8619 762.9124 762.6749 762.4015 762.0208 761.7158 761.7893 761.9872 761.8997 761.4454 760.8299 760.0375 759.2077 758.7741 758.7559 759.0206 759.4616
-9999 -9999 -9999 -9999 -9999 -9999 -9999 -9999 -9999 -9999 -9999 -9999 -9999 -9999 -9999 -9999 -9999 -9999 -9999 -9999 -9999 -9999 -9999 -9999 -9999 -9999 -9999 -9999 -9999 -9999 -9999 -9999 -9999 -9999 -9999 -9999 -9999 -9999 767.9216 766.5708 765.5703 764.8527 764.3435 764.1705 764.4561 764.6063 764.1448 763.6136 763.5565 764.0336 764.6898 765.0789 765.0079 764.6948 764.2834 763.691 763.1885 763.1535 763.4259 763.4208 763.0496 762.4574 761.5956 760.7601 760.3156 760.2853 760.479 760.7308
-9999 -9999 -9999 -9999 -9999 -9999 -9999 -9999 -9999 -9999 -9999 -9999 -9999 -9999 -9999 -9999 -9999 -9999 -9999 -9999 -9999 -9999 -9999 -9999 -9999 -9999 -9999 -9999 -9999 -9999 -9999 -9999 -9999 -9999 -9999 -9999 -9999 -9999 -9999 -9999 766.2762 765.4833 764.9537 764.7439 765.0031 765.2135 764.9669 764.7531 765.1511 765.9856 766.7393 767.0661 766.8414 766.4268 765.8107 765.0084 764.2927 764.0295 764.0456 763.9991 763.8329 763.5477 762.9306 762.4341 762.1904 762.1536 762.2407 762.3217
-9999 -9999 -9999 -9999 -9999 -9999 -9999 -9999 -9999 -9999 -9999 -9999 -9999 -9999 -9999 -9999 -9999 -9999 -9999 -9999 -9999 -9999 -9999 -9999 -9999 -9999 -9999 -9999 -9999 -9999 -9999 -9999 -9999 -9999 -9999 -9999 -9999 -9999 -9999 -9999 -9999 -9999 -9999 -9999 -9999 -9999 765.5981 765.4825 766.2551 767.3164 768.1206 768.4883 768.2137 767.7488 767.0079 766.088 765.2059 764.6403 764.3195 764.0905 763.9974 763.8861 763.7621 763.8109 763.8528 763.8179 763.7742 763.7259
-9999 -9999 -9999 -9999 -9999 -9999 -9999 -9999 -9999 -9999 -9999 -9999 -9999 -9999 -9999 -9999 -9999 -9999 -9999 -9999 -9999 -9999 -9999 -9999 -9999 -9999 -9999 -9999 -9999 -9999 -9999 -9999 -9999 -9999 -9999 -9999 -9999 -9999 -9999 -9999 -9999 -9999 -9999 -9999 -9999 -9999 -9999 -9999 -9999 -9999 -9999 -9999 -9999 -9999 -9999 -9999 -9999 765.2223 764.5898 764.084 763.9496 764.0505 764.3842 764.9828 765.3102 765.1826 764.8934 764.6725
-9999 -9999 -9999 -9999 -9999 -9999 -9999 -9999 -9999 -9999 -9999 -9999 -9999 -9999 -9999 -9999 -9999 -9999 -9999 -9999 -9999 -9999 -9999 -9999 -9999 -9999 -9999 -9999 -9999 -9999 -9999 -9999 -9999 -9999 -9999 -9999 -9999 -9999 -9999 -9999 -9999 -9999 -9999 -9999 -9999 -9999 -9999 -9999 -9999 -9999 -9999 -9999 -9999 -9999 -9999 -9999 -9999 -9999 -9999 -9999 -9999 -9999 -9999 -9999 -9999 -9999 -9999 -9999
-9999 -9999 -9999 -9999 -9999 -9999 -9999 -9999 -9999 -9999 -9999 -9999 -9999 -9999 -9999 -9999 -9999 -9999 -9999 -9999 -9999 -9999 -9999 -9999 -9999 -9999 -9999 -9999 -9999 -9999 -9999 -9999 -9999 -9999 -9999 -9999 -9999 -9999 -9999 -9999 -9999 -9999 -9999 -9999 -9999 -9999 -9999 -9999 -9999 -9999 -9999 -9999 -9999 -9999 -9999 -9999 -9999 -9999 -9999 -9999 -9999 -9999 -9999 -9999 -9999 -9999 -9999 -9999
-9999 -9999 -9999 -9999 -9999 -9999 -9999 -9999 -9999 -9999 -9999 -9999 -9999 -9999 -9999 -9999 -9999 -9999 -9999 -9999 -9999 -9999 -9999 -9999 -9999 -9999 -9999 -9999 -9999 -9999 -9999 -9999 -9999 -9999 -9999 -9999 -9999 -9999 -9999 -9999 -9999 -9999 -9999 -9999 -9999 -9999 -9999 -9999 -9999 -9999 -9999 -9999 -9999 -9999 -9999 -9999 -9999 -9999 -9999 -9999 -9999 -9999 -9999 -9999 -9999 -9999 -9999 -9999
-9999 -9999 -9999 -9999 -9999 -9999 -9999 -9999 -9999 -9999 -9999 -9999 -9999 -9999 -9999 -9999 -9999 -9999 -9999 -9999 -9999 -9999 -9999 -9999 -9999 -9999 -9999 -9999 -9999 -9999 -9999 -9999 -9999 -9999 -9999 -9999 -9999 -9999 -9999 -9999 -9999 -9999 -9999 -9999 -9999 -9999 -9999 -9999 -9999 -9999 -9999 -9999 -9999 -9999 -9999 -9999 -9999 -9999 -9999 -9999 -9999 -9999 -9999 -9999 -9999 -9999 -9999 -9999
