backend/lakes/data/Joseph Lake/jose_dem_tm.asc
ncols         113
nrows         112
xllcorner     625750
yllcorner     5901150
cellsize      50
NODATA_value  -9999
[rows 30 to 59 of 112, columns 0 to 67 of 113]
-9999 -9999 -9999 -9999 -9999 -9999 -9999 -9999 -9999 -9999 -9999 -9999 -9999 -9999 -9999 -9999 -9999 -9999 -9999 -9999 -9999 -9999 -9999 -9999 759.7278 759.0758 759.1872 760.1496 760.3938 759.4755 759.559 759.0138 758.2712 757.8994 757.7129 757.6187 757.5793 757.5174 757.4821 757.4385 757.436 757.4998 757.5761 757.5093 757.4698 757.4015 757.3057 757.1572 757.0016 756.8832 756.832 756.8835 757.0483 757.308 757.6539 758.1208 758.7156 759.3828 759.9113 760.218 760.4477 760.6617 760.9833 761.3748 761.9354 762.7994 763.9621 765.3177
-9999 -9999 -9999 -9999 -9999 -9999 -9999 -9999 -9999 -9999 -9999 -9999 -9999 -9999 -9999 -9999 -9999 -9999 -9999 -9999 -9999 -9999 -9999 -9999 -9999 759.0723 759.1677 760.2006 760.9936 760.1891 760.486 759.4215 758.3836 757.9501 757.7318 757.5804 757.4884 757.4114 757.3623 757.3326 757.3334 757.3663 757.398 757.3678 757.3384 757.2918 757.2112 757.0955 756.9845 756.9171 756.8861 756.899 756.9553 757.0432 757.1651 757.359 757.6847 758.0392 758.3426 758.6196 758.8838 759.1604 759.4418 759.7361 760.2328 760.9446 761.7762 762.7376
-9999 -9999 -9999 -9999 -9999 -9999 -9999 -9999 -9999 -9999 -9999 -9999 -9999 -9999 -9999 -9999 -9999 -9999 -9999 -9999 -9999 -9999 -9999 -9999 -9999 759.0514 759.0814 759.912 760.4927 760.1503 759.7415 759.1019 758.3239 758.0272 757.8138 757.5793 757.4128 757.3031 757.2408 757.2126 757.2083 757.2147 757.2153 757.1991 757.189 757.1691 757.1159 757.0345 756.97 756.97 756.9699 756.97 756.9698 756.9689 756.9663 756.9814 757.1526 757.3018 757.4354 757.6113 757.8047 758.1068 758.2612 758.433 758.8003 759.2214 759.6807 760.2438
-9999 -9999 -9999 -9999 -9999 -9999 -9999 -9999 -9999 -9999 -9999 -9999 -9999 -9999 -9999 -9999 -9999 -9999 -9999 -9999 -9999 -9999 -9999 -9999 -9999 -9999 759.0151 759.5778 759.9956 759.8533 759.186 758.8286 758.3323 758.1799 757.9707 757.5909 757.3549 757.2111 757.1339 757.1021 757.0916 757.082 757.062 757.0472 757.0516 757.057 757.0276 756.9698 756.9269 756.9448 756.9401 756.9162 756.8873 756.8552 756.8309 756.8478 756.9586 756.9669 756.988 757.1403 757.2829 757.4771 757.5344 757.6303 757.8766 758.1314 758.3007 758.5042
-9999 -9999 -9999 -9999 -9999 -9999 -9999 -9999 -9999 -9999 -9999 -9999 -9999 -9999 -9999 -9999 -9999 -9999 -9999 -9999 -9999 -9999 -9999 -9999 -9999 -9999 758.9994 759.3737 759.666 759.5563 759.0238 758.4816 758.1241 758.171 757.7209 757.6238 757.3259 757.1481 757.0544 757.0189 757.007 756.994 756.958 756.9404 756.9554 756.9857 756.9697 756.9274 756.9154 757 757.0004 756.9089 756.8311 756.7671 756.7269 756.7275 756.7709 756.7831 756.8275 756.9561 756.9683 756.9844 757.0084 757.1718 757.3318 757.4906 757.5244 757.543
-9999 -9999 -9999 -9999 -9999 -9999 -9999 -9999 -9999 -9999 -9999 -9999 -9999 -9999 -9999 -9999 -9999 -9999 -9999 -9999 -9999 -9999 -9999 -9999 -9999 -9999 759.0366 759.3315 759.5966 759.5856 759.2107 758.5019 757.9151 757.818 758.1703 757.6611 757.3298 757.1151 757.004 756.9698 756.97 756.9699 756.9179 756.8997 756.9182 756.9699 756.9365 756.9821 757.0372 757.2884 757.457 757.0911 756.8752 756.7325 756.6512 756.6252 756.6349 756.6479 756.6817 756.739 756.7417 756.7502 756.8081 756.9523 756.9725 756.9843 756.9755 756.964
-9999 -9999 -9999 -9999 -9999 -9999 -9999 -9999 -9999 -9999 -9999 -9999 -9999 -9999 -9999 -9999 -9999 -9999 -9999 -9999 -9999 -9999 -9999 -9999 -9999 -9999 -9999 759.4082 759.7043 759.8301 759.6724 758.8273 757.9246 758.33 758.2844 757.8174 757.3722 757.0974 756.9697 756.9282 756.9996 757.0139 756.9741 756.9708 756.9719 756.9969 757.0314 757.2717 757.5141 757.6598 757.7202 757.4889 757.0019 756.7318 756.5889 756.5386 756.5315 756.5379 756.5544 756.5751 756.5791 756.5979 756.6469 756.7151 756.7125 756.6863 756.6539 756.6252
-9999 -9999 -9999 -9999 -9999 -9999 -9999 -9999 -9999 -9999 -9999 -9999 -9999 -9999 -9999 -9999 -9999 -9999 -9999 -9999 -9999 -9999 -9999 -9999 -9999 -9999 -9999 -9999 759.8522 760.0055 759.9332 759.3926 758.6836 758.5819 758.3843 757.7166 757.2949 757.0464 756.97 757.0293 757.4464 757.3115 757.2731 757.2732 757.3092 757.4949 757.5489 757.6532 757.7775 757.8231 757.7524 757.491 756.9869 756.6675 756.4998 756.4529 756.4451 756.4457 756.4495 756.4536 756.4569 756.4863 756.5216 756.5502 756.5417 756.514 756.4818 756.4536
-9999 -9999 -9999 -9999 -9999 -9999 -9999 -9999 -9999 -9999 -9999 -9999 -9999 -9999 -9999 -9999 -9999 -9999 -9999 -9999 -9999 -9999 -9999 -9999 -9999 -9999 -9999 -9999 759.9977 760.2004 760.2195 759.8955 759.2355 758.7426 758.2843 757.631 757.2164 756.99 756.9727 757.2728 757.6155 757.6498 757.6481 757.6639 757.7206 757.8331 757.869 757.8812 757.8635 757.7546 757.5096 757.0865 756.7571 756.5108 756.3626 756.3591 756.3597 756.3599 756.3599 756.3599 756.3605 756.4081 756.432 756.4428 756.4368 756.4207 756.4019 756.3848
-9999 -9999 -9999 -9999 -9999 -9999 -9999 -9999 -9999 -9999 -9999 -9999 -9999 -9999 -9999 -9999 -9999 -9999 -9999 -9999 -9999 -9999 -9999 -9999 759.7659 759.6819 759.6346 759.724 759.9847 760.2322 760.3469 760.1524 759.6474 758.7435 758.1046 757.5322 757.1545 756.9636 756.9929 757.499 757.808 757.9322 757.9757 757.9998 758.0446 758.0731 758.0295 757.929 757.7678 757.4985 757.0734 756.7668 756.5345 756.36 756.2582 756.2432 756.2484 756.2563 756.2656 756.28 756.3066 756.3593 756.36 756.36 756.3599 756.3599 756.3599 756.36
-9999 -9999 -9999 -9999 -9999 -9999 -9999 -9999 -9999 -9999 -9999 -9999 -9999 -9999 -9999 -9999 -9999 -9999 -9999 -9999 -9999 -9999 759.951 759.998 759.9964 759.8615 759.6094 759.4883 759.6543 759.9915 760.2001 759.9929 759.4301 758.4178 757.7964 757.3623 757.0907 756.9697 756.9968 757.541 757.9153 758.1154 758.1874 758.1992 758.236 758.184 758.029 757.8011 757.4965 757.065 756.7526 756.5291 756.3595 756.2319 756.1579 756.1373 756.1399 756.1509 756.1668 756.1891 756.22 756.2559 756.2649 756.2681 756.2733 756.2829 756.2971 756.3148
-9999 -9999 -9999 -9999 -9999 -9999 -9999 -9999 -9999 -9999 -9999 -9999 -9999 -9999 -9999 -9999 -9999 -9999 -9999 -9999 -9999 759.9807 760.0017 760.1333 760.1473 759.9553 759.4299 759.0603 759.1158 759.5094 759.7956 759.4504 758.6964 757.8613 757.4364 757.1755 757.0263 756.9699 756.995 757.542 757.9652 758.2048 758.2532 758.1902 758.2738 758.1464 757.8604 757.5013 757.0593 756.7405 756.5208 756.3586 756.2244 756.126 756.0673 756.0447 756.0428 756.0513 756.0667 756.0886 756.1157 756.1421 756.1561 756.1647 756.1749 756.1913 756.2153 756.2455
-9999 -9999 -9999 -9999 -9999 -9999 -9999 -9999 -9999 -9999 -9999 -9999 -9999 -9999 -9999 -9999 -9999 -9999 -9999 -9999 -9999 759.972 760.0985 760.2267 760.1428 759.7906 759.1224 758.7326 758.6965 758.8963 759.0638 758.8067 758.0848 757.517 757.2094 757.0546 756.9877 756.9698 756.9985 757.5425 757.9916 758.2229 758.1556 757.8715 758.1346 757.9361 757.5261 757.0623 756.739 756.5085 756.3585 756.2291 756.1213 756.041 755.9906 755.9663 755.9588 755.961 755.9705 755.9872 756.0081 756.0288 756.0451 756.0576 756.0706 756.09 756.1195 756.158
-9999 -9999 -9999 -9999 -9999 -9999 -9999 -9999 -9999 -9999 -9999 -9999 -9999 -9999 -9999 -9999 -9999 -9999 -9999 -9999 759.5791 759.6039 759.9552 760.1625 759.9177 759.2753 758.7267 758.3326 758.2165 758.2193 758.4939 758.288 757.6794 757.2891 757.0817 756.9956 756.9698 756.9326 757.0723 757.5881 758.0229 758.186 757.8143 757.1666 757.6353 757.5017 757.0728 756.7615 756.5374 756.3638 756.2513 756.1437 756.0493 755.9772 755.9296 755.9027 755.889 755.8827 755.8831 755.8923 755.9061 755.9219 755.9405 755.9555 755.9688 755.9871 756.0168 756.0603
-9999 -9999 -9999 -9999 -9999 -9999 -9999 -9999 -9999 -9999 -9999 -9999 -9999 -9999 -9999 -9999 -9999 -9999 -9999 760.0391 759.259 759.0935 759.5461 759.9712 759.5282 758.8173 758.2407 757.8685 757.7028 758.0401 758.2054 757.7714 757.4013 757.1522 757.0215 756.9757 756.9699 756.9911 757.4501 757.787 758.0867 758.189 757.927 757.3969 756.9531 756.9464 756.7523 756.5743 756.4463 756.3572 756.2218 756.1019 756.0048 755.9329 755.8844 755.8542 755.8345 755.8191 755.8082 755.811 755.8174 755.8266 755.85 755.8669 755.8781 755.8912 755.9159 755.9609
-9999 -9999 -9999 -9999 -9999 -9999 -9999 -9999 -9999 -9999 -9999 -9999 -9999 -9999 -9999 -9999 -9999 -9999 761.2877 759.9568 759.0746 758.8911 759.1603 759.663 759.0735 758.3691 757.8739 757.5711 757.4437 757.5895 757.6207 757.4174 757.2159 757.072 756.9952 756.9699 756.9454 757.013 757.5186 757.7961 758.0367 758.1042 758.0068 757.4755 756.9444 756.7084 756.5636 756.4491 756.36 756.2811 756.1722 756.0637 755.9712 755.9009 755.8522 755.8201 755.7965 755.7739 755.7501 755.75 755.75 755.7502 755.7833 755.7982 755.8047 755.8103 755.8242 755.8683
-9999 -9999 -9999 -9999 -9999 -9999 -9999 -9999 -9999 -9999 -9999 -9999 -9999 -9999 -9999 -9999 -9999 -9999 761.1182 759.9492 759.1011 758.8859 758.9628 759.0056 758.5981 758.0718 757.5942 757.3144 757.1904 757.2246 757.2272 757.1537 757.085 757.0164 756.97 756.9531 756.9701 757.0935 757.4021 757.6047 757.8419 757.8573 757.5718 757.0847 756.7406 756.5309 756.4434 756.3599 756.2816 756.2048 756.1149 756.0226 755.9399 755.8746 755.8281 755.7965 755.7728 755.75 755.7219 755.7106 755.7095 755.7198 755.7499 755.75 755.75 755.7499 755.7501 755.793
-9999 -9999 -9999 -9999 -9999 -9999 -9999 -9999 -9999 -9999 -9999 -9999 -9999 -9999 -9999 -9999 -9999 762.0323 760.9352 759.9818 759.2777 758.9992 758.9123 758.6895 758.1597 757.649 757.3154 757.1025 756.9729 756.9693 756.9714 756.9719 757.0052 756.97 756.9281 756.9208 756.9695 757.0886 757.2744 757.3763 757.4731 757.1928 756.9554 756.7019 756.5199 756.3651 756.3575 756.2817 756.2044 756.1307 756.0542 755.9774 755.9066 755.8486 755.8058 755.7752 755.75 755.7219 755.6946 755.6791 755.676 755.6849 755.702 755.7055 755.7062 755.7076 755.7151 755.7501
-9999 -9999 -9999 -9999 -9999 -9999 -9999 -9999 -9999 -9999 -9999 -9999 -9999 -9999 -9999 -9999 762.4373 761.537 760.6235 759.8742 759.2799 758.9995 758.7975 758.2629 757.6932 757.3307 757.111 756.9668 756.8516 756.8229 756.8395 756.8918 756.9671 756.9033 756.8396 756.8197 756.8602 756.9702 757.0789 756.9712 756.9231 756.6906 756.4293 756.3626 756.3519 756.2611 756.2294 756.1763 756.1151 756.053 755.9901 755.9277 755.869 755.8191 755.7803 755.75 755.7206 755.691 755.665 755.6484 755.6439 755.6498 755.6611 755.6685 755.675 755.6853 755.7065 755.7499
-9999 -9999 -9999 -9999 -9999 -9999 -9999 -9999 -9999 -9999 -9999 -9999 -9999 -9999 -9999 -9999 761.8487 761.0091 760.1645 759.4965 759.0319 758.7832 758.4442 757.903 757.4284 757.1241 756.9664 756.8387 756.7474 756.7137 756.7245 756.7624 756.7933 756.7446 756.6801 756.6436 756.6471 756.7443 756.8485 756.4844 756.3929 756.3391 756.1896 756.145 756.1484 756.1196 756.098 756.0649 756.0225 755.9752 755.9255 755.8755 755.8275 755.785 755.75 755.7191 755.6885 755.6589 755.634 755.6181 755.6134 755.6184 755.6292 755.6407 755.6542 755.673 755.7031 755.75
-9999 -9999 -9999 -9999 -9999 -9999 -9999 -9999 -9999 -9999 -9999 -9999 -9999 -9999 -9999 -9999 761.1459 760.4392 759.7405 759.118 758.8133 758.545 758.149 757.626 757.2437 756.9761 756.8408 756.7361 756.6599 756.6216 756.6147 756.6224 756.616 756.5658 756.4981 756.449 756.3674 756.3713 756.3771 756.2078 756.1242 756.0823 756.0153 755.9904 755.9929 755.9881 755.9802 755.9636 755.9376 755.9041 755.866 755.8257 755.7861 755.75 755.719 755.6886 755.6575 755.6282 755.6044 755.5898 755.5864 755.5929 755.606 755.6218 755.6406 755.6653 755.7007 755.75
-9999 -9999 -9999 -9999 -9999 -9999 -9999 -9999 -9999 -9999 -9999 -9999 -9999 -9999 -9999 760.9489 760.4385 759.8052 759.1778 758.8931 758.7903 758.4307 757.9365 757.5012 757.1816 756.9673 756.8057 756.687 756.6035 756.5527 756.5255 756.5067 756.4778 756.4258 756.3613 756.3585 756.2665 756.2089 756.1578 756.0571 755.9868 755.9448 755.9058 755.8878 755.8867 755.8879 755.8876 755.8817 755.8676 755.8451 755.8159 755.7831 755.75 755.7202 755.6917 755.6616 755.6301 755.6011 755.5786 755.5664 755.5657 755.5752 755.5916 755.6115 755.6341 755.6616 755.6989 755.75
-9999 -9999 -9999 -9999 -9999 -9999 -9999 -9999 -9999 -9999 -9999 -9999 -9999 -9999 -9999 760.3396 759.7734 759.1271 758.7217 758.6754 758.7668 758.3652 757.8539 757.4365 757.1558 756.969 756.8052 756.6753 756.5792 756.5132 756.4681 756.4321 756.3959 756.36 756.317 756.2903 756.22 756.149 756.0807 756.0009 755.9348 755.8873 755.8516 755.831 755.8232 755.8224 755.8239 755.8231 755.8159 755.8005 755.7776 755.75 755.7222 755.6953 755.668 755.6382 755.6072 755.579 755.5588 755.5499 755.5532 755.5667 755.5869 755.6104 755.6354 755.6636 755.6993 755.7499
-9999 -9999 -9999 -9999 -9999 -9999 -9999 -9999 -9999 -9999 -9999 -9999 -9999 -9999 -9999 759.8412 759.1085 758.5618 758.2858 758.4101 758.4844 758.1431 757.6371 757.3243 757.116 756.9692 756.8185 756.6873 756.5828 756.5045 756.4464 756.3995 756.36 756.3422 756.3108 756.2739 756.2145 756.1467 756.0757 756.0021 755.9358 755.8806 755.8369 755.8075 755.7915 755.7858 755.7859 755.7866 755.7822 755.7699 755.75 755.7253 755.6995 755.6735 755.6466 755.6178 755.5885 755.5628 755.5463 755.5421 755.5506 755.569 755.5933 755.6201 755.6477 755.6765 755.7088 755.7503
-9999 -9999 -9999 -9999 -9999 -9999 -9999 -9999 -9999 -9999 -9999 -9999 -9999 -9999 -9999 759.2308 758.6108 758.2169 758.0894 758.7347 758.4221 757.9013 757.5048 757.2514 757.0867 756.9694 756.8385 756.7151 756.6082 756.5222 756.4564 756.4067 756.3734 756.3599 756.3268 756.2866 756.2329 756.1697 756.1016 756.0304 755.9609 755.8978 755.8442 755.8041 755.7795 755.7689 755.7668 755.7673 755.7627 755.75 755.7299 755.7057 755.6797 755.6534 755.6266 755.5994 755.573 755.5518 755.5406 755.543 755.5581 755.5824 755.6115 755.6421 755.6737 755.7082 755.7499 755.803
-9999 -9999 -9999 -9999 -9999 -9999 -9999 -9999 -9999 -9999 -9999 -9999 -9999 -9999 759.7053 758.8408 758.3851 758.2257 758.2711 758.4039 758.1734 757.6689 757.426 757.2239 757.0752 756.9694 756.8644 756.7546 756.6495 756.5587 756.4855 756.4292 756.3884 756.36 756.3398 756.3055 756.2573 756.1986 756.133 756.0633 755.9916 755.9217 755.8583 755.808 755.7759 755.7617 755.7578 755.7579 755.75 755.7335 755.712 755.6876 755.6613 755.6346 755.6083 755.583 755.5609 755.5459 755.5422 755.5525 755.5752 755.6061 755.6401 755.6741 755.7097 755.7499 755.8005 755.8716
-9999 -9999 -9999 -9999 -9999 -9999 -9999 -9999 -9999 -9999 -9999 -9999 -9999 -9999 759.343 758.5944 758.3109 758.403 758.719 758.806 758.2995 757.8766 757.5565 757.2766 757.0915 756.9708 756.9028 756.8044 756.7001 756.6053 756.5256 756.462 756.4139 756.3806 756.3599 756.325 756.2789 756.2231 756.1598 756.0907 756.0172 755.942 755.8705 755.8108 755.7717 755.7564 755.75 755.75 755.7349 755.715 755.6929 755.6688 755.6432 755.6172 755.5921 755.5697 755.5527 755.5449 755.5499 755.569 755.5999 755.6376 755.6763 755.712 755.7499 755.7943 755.8586 755.9519
-9999 -9999 -9999 -9999 -9999 -9999 -9999 -9999 -9999 -9999 -9999 -9999 -9999 -9999 759.2277 758.4905 758.2285 758.422 758.9387 758.8278 758.5014 758.111 757.6063 757.3145 757.1307 757.0228 756.9689 756.8582 756.7508 756.6542 756.5699 756.4993 756.4421 756.3969 756.36 756.3372 756.2953 756.2413 756.1793 756.111 756.0364 755.9572 755.8787 755.8097 755.7625 755.75 755.739 755.7298 755.7129 755.6927 755.6713 755.6488 755.6251 755.6012 755.579 755.5605 755.5493 755.549 755.5624 755.5901 755.6285 755.6726 755.7157 755.75 755.7886 755.8442 755.9274 756.0479
-9999 -9999 -9999 -9999 -9999 -9999 -9999 -9999 -9999 -9999 -9999 -9999 -9999 -9999 759.3415 758.5226 758.0656 758.058 758.5109 758.7729 758.5827 758.1675 757.6467 757.3817 757.1853 757.0544 756.9697 756.8783 756.7886 756.6995 756.6151 756.5394 756.4757 756.4242 756.3854 756.3599 756.3121 756.2579 756.1966 756.1285 756.0535 755.9723 755.8888 755.8107 755.7501 755.7394 755.7262 755.7102 755.6907 755.6702 755.6497 755.6291 755.608 755.5875 755.5693 755.5562 755.5511 755.558 755.5789 755.6132 755.6566 755.7039 755.7499 755.7816 755.8313 755.9086 756.0186 756.1722
-9999 -9999 -9999 -9999 -9999 -9999 -9999 -9999 -9999 -9999 -9999 -9999 -9999 -9999 759.7435 758.7736 758.0336 757.8384 758.0527 758.4229 758.5712 758.2462 757.8701 757.5552 757.2836 757.1016 756.9712 756.9006 756.8306 756.7474 756.6617 756.5819 756.5123 756.4539 756.4044 756.3601 756.3247 756.2773 756.2189 756.1517 756.0763 755.9944 755.9101 755.832 755.7739 755.75 755.7216 755.696 755.6725 755.6511 755.6313 755.6123 755.5939 755.5768 755.5634 755.556 755.5575 755.5709 755.5978 755.6361 755.6803 755.722 755.7501 755.8029 755.8848 756.0038 756.1575 756.3686
