backend/lakes/data/Ironwood Lake/iron_dem_tm.asc
ncols         119
nrows         115
xllcorner     721950
yllcorner     6050950
cellsize      50
NODATA_value  -9999
[rows 30 to 59 of 115, columns 0 to 67 of 119]
-9999 -9999 -9999 -9999 -9999 -9999 -9999 -9999 -9999 -9999 -9999 -9999 -9999 -9999 -9999 -9999 -9999 -9999 -9999 -9999 -9999 -9999 -9999 -9999 -9999 -9999 -9999 -9999 -9999 -9999 602.7263 601.8156 601.4089 600.98 600.3754 599.0604 595.5199 590.316 584.4116 579.0258 575.2742 573.4893 572.9283 572.3099 571.3967 570.0167 568.8926 568.0381 567.4601 566.9948 566.6222 566.3582 566.1576 565.9991 565.887 565.8672 566.0791 566.5066 566.9642 567.1818 566.9756 566.4207 565.8325 565.6846 566.5478 569.0812 573.4471 579.6805
-9999 -9999 -9999 -9999 -9999 -9999 -9999 -9999 -9999 -9999 -9999 -9999 -9999 -9999 -9999 -9999 -9999 -9999 -9999 -9999 -9999 -9999 -9999 -9999 -9999 -9999 -9999 -9999 604.8356 605.3388 604.8674 603.9787 603.3492 601.7145 599.9152 597.0037 592.6477 587.3606 581.8309 576.9391 573.6213 572.2781 572.4423 572.3999 572.2106 571.2269 569.755 568.6785 567.9821 567.4515 566.9929 566.6405 566.3528 566.1433 565.9971 565.8712 565.9178 566.1705 566.5298 566.7525 566.6034 566.0585 565.3705 564.9744 565.3909 567.1481 570.6706 576.1315
-9999 -9999 -9999 -9999 -9999 -9999 -9999 -9999 -9999 -9999 -9999 -9999 -9999 -9999 -9999 -9999 -9999 -9999 -9999 -9999 -9999 -9999 -9999 -9999 -9999 -9999 606.0065 605.0393 605.7542 604.479 602.4822 602.1132 600.7001 598.3654 595.3565 591.4824 586.9215 582.1053 577.5111 573.6731 571.1941 570.1541 570.6193 571.2791 572.0889 571.4282 570.3714 569.2724 568.4854 567.9008 567.3448 566.98 566.6064 566.3137 566.1219 565.9957 565.8745 565.8342 565.9976 566.191 566.1531 565.7585 565.1556 564.7112 564.8885 566.1377 568.8242 573.4112
-9999 -9999 -9999 -9999 -9999 -9999 -9999 -9999 -9999 -9999 -9999 -9999 -9999 -9999 -9999 -9999 -9999 -9999 -9999 -9999 -9999 -9999 -9999 -9999 609.5489 607.3231 605.8417 604.8917 604.1365 601.6223 599.8461 597.9442 595.2449 591.9399 588.2649 584.1768 580.0942 576.2893 573.0225 570.4466 568.9327 568.4421 569.0328 569.3959 570.6937 571.7208 571.3251 570.2623 569.1447 568.244 567.7448 567.428 567.0109 566.5908 566.3007 566.1261 565.9744 565.5702 565.476 565.6006 565.6704 565.4797 565.0607 564.6849 564.7487 565.6507 567.6027 571.312
-9999 -9999 -9999 -9999 -9999 -9999 -9999 -9999 -9999 -9999 -9999 -9999 -9999 -9999 -9999 -9999 -9999 -9999 -9999 -9999 -9999 -9999 613.0902 610.6666 608.435 606.413 604.7322 603.1691 601.3226 598.4584 595.4319 592.0188 588.1016 584.2086 580.5927 577.1379 574.0599 571.4931 569.5656 568.2165 567.5736 567.4194 567.5963 567.683 568.8001 570.4417 571.3414 571.2349 570.248 569.4123 568.8122 568.4952 567.915 567.1866 566.6369 566.2713 565.951 565.3106 565.0023 565.0561 565.2173 565.2313 565.0228 564.7512 564.7083 565.1993 566.5897 569.6116
-9999 -9999 -9999 -9999 -9999 -9999 -9999 -9999 -9999 -9999 -9999 -9999 -9999 -9999 -9999 -9999 -9999 -9999 -9999 -9999 -9999 613.2181 610.8216 608.6622 606.4946 604.2567 601.9766 599.4927 596.6136 593.067 589.1544 584.9931 580.8384 577.2241 574.3111 571.8013 569.8734 568.488 567.6506 567.0266 566.8671 566.8939 566.9604 567.0383 567.8467 569.2944 571.1461 571.733 571.5033 571.3658 570.9901 570.4663 569.5758 568.5152 567.3743 566.5886 565.9365 565.1672 564.7202 564.6932 564.901 565.0669 565.043 564.8925 564.8313 565.0579 566.0521 568.4852
-9999 -9999 -9999 -9999 -9999 -9999 -9999 -9999 -9999 -9999 -9999 -9999 -9999 -9999 -9999 -9999 -9999 -9999 -9999 -9999 612.9099 610.1959 607.7767 605.5035 603.0638 600.3361 597.3477 594.0482 590.3809 586.3209 582.1779 578.2455 574.7364 571.9623 570.0204 568.6277 567.7107 567.077 566.8375 566.3568 566.0495 566.0795 566.3643 566.6463 567.3512 568.7737 570.9459 572.0463 572.4214 573.2543 573.2479 572.8237 571.8121 570.4731 568.8257 567.3579 566.1888 565.3152 564.7456 564.6143 564.8035 565.0153 565.0789 564.9999 564.9991 565.0876 565.8245 567.8923
-9999 -9999 -9999 -9999 -9999 -9999 -9999 -9999 -9999 -9999 -9999 -9999 -9999 -9999 -9999 -9999 -9999 -9999 -9999 612.8152 609.614 606.5832 603.7399 601.0138 598.1091 594.8743 591.3397 587.5966 583.7427 579.8295 576.1998 573.0447 570.5297 568.8268 567.8971 567.3256 566.9144 566.5253 566.3047 565.986 565.6992 565.7148 566.0102 566.3541 566.9193 568.2859 570.4605 571.9951 572.9922 573.0291 573.3621 573.6815 573.3627 572.5748 570.8447 568.8217 567.1107 565.8789 565.0731 564.7756 564.8887 564.999 564.9885 564.7864 564.722 564.9226 565.5198 567.5508
-9999 -9999 -9999 -9999 -9999 -9999 -9999 -9999 -9999 -9999 -9999 -9999 -9999 -9999 -9999 -9999 -9999 -9999 613.4437 609.6442 605.977 602.3994 598.924 595.5633 592.1331 588.5175 584.8533 581.2507 577.8763 574.7276 571.9749 569.7686 568.2689 567.4833 567.1625 566.9281 566.4943 566.2402 565.9926 565.6697 565.4518 565.3901 565.5789 565.8844 566.152 567.2417 569.0364 570.5914 571.0876 572.7962 573.5784 573.9915 574.0009 573.7102 572.559 570.4597 568.2667 566.545 565.5574 565.0355 564.9951 564.7665 564.5325 564.2721 564.1484 564.327 565.1194 567.3931
-9999 -9999 -9999 -9999 -9999 -9999 -9999 -9999 -9999 -9999 -9999 -9999 -9999 -9999 -9999 -9999 -9999 -9999 610.739 606.3635 602.0964 597.8802 593.7553 589.8083 586.0029 582.3743 579.174 576.3344 573.783 571.4992 569.605 568.2311 567.4354 567.1045 566.9482 566.4941 566.0428 565.9618 565.6693 565.3606 565.1993 565.1467 565.0092 565.022 565.1422 565.8972 567.1838 568.8643 570.2712 571.6912 572.7627 573.1235 573.4047 573.5992 572.8644 571.5107 569.6079 567.7504 566.4763 565.4574 564.9285 564.4709 564.092 563.8051 563.6947 563.9373 564.9615 567.4684
-9999 -9999 -9999 -9999 -9999 -9999 -9999 -9999 -9999 -9999 -9999 -9999 -9999 -9999 -9999 -9999 -9999 613.1597 608.0375 603.0524 598.1808 593.3807 588.7328 584.4507 580.6819 577.6309 575.2555 573.3192 571.5503 569.9275 568.725 567.8589 567.2552 566.9529 566.5219 566.0167 565.6355 565.452 565.2693 565.0122 564.9993 564.9864 564.7064 564.4803 564.4004 564.6415 565.4156 566.7799 568.2015 569.4102 570.3022 570.7834 571.2644 571.7158 571.8429 571.5984 570.7031 569.3937 568.2928 566.8977 565.4779 564.5569 563.9681 563.658 563.6135 563.9254 565.103 567.8423
-9999 -9999 -9999 -9999 -9999 -9999 -9999 -9999 -9999 -9999 -9999 -9999 -9999 -9999 -9999 -9999 616.8988 611.1146 605.4208 599.883 594.4943 589.2519 584.3133 580.0924 576.8831 574.6416 573.1035 571.8805 570.5583 569.1573 568.1127 567.4153 566.9593 566.49 566.0139 565.5803 565.2475 565.016 564.9906 564.8226 564.7557 564.6672 564.4172 564.1671 563.9927 563.9181 564.1974 565.0567 565.9939 566.7458 567.4324 567.9305 568.4085 569.0837 569.9529 570.821 570.9696 570.8943 570.0646 568.6005 566.6312 565.1044 564.2491 563.926 564.0134 564.3611 565.647 568.5941
-9999 -9999 -9999 -9999 -9999 -9999 -9999 -9999 -9999 -9999 -9999 -9999 -9999 -9999 -9999 -9999 615.6524 609.3205 603.0451 597.0269 591.259 585.7911 580.9082 577.1965 574.7129 573.1919 572.2023 571.3173 569.9935 568.8792 567.9485 567.0823 566.5518 566.0436 565.6246 565.2455 564.996 564.7961 564.719 564.6074 564.5269 564.4196 564.2236 564.0007 563.7939 563.6086 563.6613 564.0186 564.4559 564.798 565.3149 565.9355 566.2186 566.624 567.6229 568.6854 570.0012 571.515 571.2249 569.7334 567.5791 565.864 564.8149 564.486 564.8029 565.161 566.6323 569.6745
-9999 -9999 -9999 -9999 -9999 -9999 -9999 -9999 -9999 -9999 -9999 -9999 -9999 -9999 -9999 -9999 614.5992 607.8049 601.0134 594.5748 588.5715 583.1366 578.6797 575.6552 573.8709 572.8235 571.9783 571.1172 569.5143 568.4983 567.7758 566.9608 566.356 565.9526 565.4313 565.0143 564.7944 564.6235 564.5167 564.425 564.3467 564.2647 564.143 563.9999 563.8315 563.6163 563.4944 563.5533 563.6467 563.7606 564.0063 564.3167 564.7992 565.4856 566.537 566.6823 567.9548 570.0941 571.636 571.0104 569.1039 567.0187 565.618 565.0419 565.3185 566.0081 567.7107 570.7262
-9999 -9999 -9999 -9999 -9999 -9999 -9999 -9999 -9999 -9999 -9999 -9999 -9999 -9999 -9999 -9999 613.6879 606.512 599.2678 592.4771 586.3603 581.175 577.3327 574.9584 573.4984 572.5509 571.7893 570.9242 569.2708 568.0682 567.1534 566.5536 566.0275 565.6553 565.2432 564.9885 564.7081 564.5059 564.3734 564.2813 564.2232 564.1725 564.1193 564.0671 563.9979 563.7944 563.5984 563.4724 563.3945 563.3509 563.4402 563.6287 563.9945 564.59 565.4567 565.8506 566.4476 568.0389 570.3132 571.8588 570.9339 568.8802 566.8645 565.8674 565.9081 566.6361 568.3842 571.3096
-9999 -9999 -9999 -9999 -9999 -9999 -9999 -9999 -9999 -9999 -9999 -9999 -9999 -9999 -9999 619.5812 612.9745 605.4665 597.8362 590.7458 584.5634 579.673 576.4843 574.6505 573.3423 572.3109 571.4379 570.4347 569.0886 567.9639 567.0175 566.4272 565.9857 565.4955 565.0164 564.7932 564.5779 564.3962 564.2612 564.1721 564.1282 564.112 564.1014 564.0963 564.0858 563.9977 563.8096 563.6341 563.4912 563.3719 563.3628 563.4485 563.6423 564.0974 565.119 566.0511 566.8833 566.5986 568.294 570.6359 571.9758 570.8152 568.6818 566.8336 566.0748 566.8441 568.4711 571.0662
-9999 -9999 -9999 -9999 -9999 -9999 -9999 -9999 -9999 -9999 -9999 -9999 -9999 -9999 -9999 619.2867 612.4916 604.7304 596.7977 589.4796 583.3022 578.7336 576.0106 574.3845 573.0793 572.0145 571.0016 570.051 568.9984 567.9693 567.0198 566.4021 565.9927 565.4744 565.0006 564.7111 564.4939 564.3196 564.1837 564.0936 564.0565 564.0583 564.0702 564.0865 564.1048 564.0869 563.9985 563.8501 563.7454 563.6728 563.6052 563.6265 563.7217 564.0651 565.0137 565.8284 566.0386 565.761 566.595 568.7537 571.0629 571.8967 570.4952 568.4423 566.8702 566.9559 567.8808 570.075
-9999 -9999 -9999 -9999 -9999 -9999 -9999 -9999 -9999 -9999 -9999 -9999 -9999 -9999 -9999 618.8228 611.9841 604.118 596.0111 588.5665 582.4446 578.2001 575.8298 574.3307 573.0186 571.887 570.6713 569.8116 568.9656 567.9855 567.0163 566.3207 565.9645 565.4527 565.0031 564.6937 564.4586 564.2784 564.1406 564.0469 564.0078 564.0106 564.0301 564.05 564.0811 564.1054 564.0768 564.0007 563.9991 563.9982 563.998 563.9937 563.9993 564.2607 564.8735 565.1681 565.1243 564.9701 565.4689 566.947 569.2965 571.2837 571.5893 570.2343 568.4267 567.3682 567.2076 568.9311
-9999 -9999 -9999 -9999 -9999 -9999 -9999 -9999 -9999 -9999 -9999 -9999 -9999 -9999 -9999 617.817 611.053 603.2363 595.1716 587.7866 581.8271 577.9059 575.8032 574.3718 573.0414 571.8587 570.5817 569.7212 568.9628 567.9904 566.9682 566.0709 565.6868 565.3289 564.9991 564.7002 564.4561 564.2634 564.1215 564.0278 563.9841 563.9781 563.9862 564.01 564.046 564.1025 564.1342 564.1194 564.1362 564.1799 564.2184 564.196 564.145 564.2146 564.428 564.4838 564.3877 564.329 564.6656 565.6991 567.8127 570.2476 571.852 571.5953 570.151 568.5241 567.6677 568.7703
-9999 -9999 -9999 -9999 -9999 -9999 -9999 -9999 -9999 -9999 -9999 -9999 -9999 -9999 -9999 616.1935 609.5854 601.9765 594.1456 586.9892 581.2936 577.7725 575.9006 574.4965 573.1058 571.7906 570.4791 569.6419 568.9558 567.9904 566.9619 566.0203 565.5566 565.2523 564.9982 564.7113 564.4592 564.262 564.1155 564.0245 563.9817 563.9657 563.957 563.9698 564.0219 564.0972 564.1717 564.1898 564.2012 564.2622 564.343 564.3282 564.2118 564.1072 564.0836 564.0385 563.9825 564.0304 564.3182 565.1061 566.8116 569.2341 571.4167 572.0886 571.5904 570.4041 569.5793 569.9477
-9999 -9999 -9999 -9999 -9999 -9999 -9999 -9999 -9999 -9999 -9999 -9999 -9999 -9999 -9999 614.2542 607.8586 600.52 593.0358 586.2473 580.9371 577.8652 576.1827 574.7775 573.2456 571.5795 570.1894 569.5073 568.9297 567.9918 567.0156 566.0858 565.5817 565.2521 564.9981 564.71 564.4551 564.2565 564.1149 564.0267 563.9902 563.9722 563.9495 563.95 564.0024 564.0983 564.1897 564.2231 564.2161 564.2748 564.3774 564.4119 564.2734 564.0634 563.9194 563.8744 563.9298 564.1227 564.3868 564.9458 566.1978 568.5768 571.0316 572.1511 572.2559 571.8634 571.5477 571.7828
-9999 -9999 -9999 -9999 -9999 -9999 -9999 -9999 -9999 -9999 -9999 -9999 -9999 -9999 617.0947 612.3945 606.2642 599.2185 592.0746 585.6597 580.7246 577.9874 576.334 574.8847 573.2847 571.5093 570.1762 569.5477 568.9417 568.0928 567.3335 566.4872 565.794 565.3271 564.9986 564.6916 564.436 564.2431 564.1094 564.0308 563.9979 563.9879 563.9642 563.9527 563.9977 564.0856 564.1832 564.2242 564.1917 564.2282 564.3461 564.3997 564.3096 564.0917 563.9059 563.8848 564.0692 564.4686 564.7412 565.107 565.9714 568.1882 570.5779 571.7852 572.0831 571.9972 572.1343 572.8005
-9999 -9999 -9999 -9999 -9999 -9999 -9999 -9999 -9999 -9999 -9999 -9999 -9999 -9999 615.3734 610.897 605.0981 598.3856 591.5479 585.427 580.7734 578.2744 576.4716 574.9336 573.3485 571.6938 570.5714 569.9249 569.1722 568.5155 567.838 566.9047 566.0004 565.4053 564.9982 564.6613 564.406 564.2234 564.101 564.0302 564.0035 563.9983 563.9883 563.9761 563.9984 564.0532 564.1211 564.1854 564.1489 564.1328 564.2449 564.3337 564.2684 564.1161 563.9642 563.9437 564.1206 564.559 565.0834 565.4376 565.902 567.8117 569.7339 570.8726 571.1038 571.0466 571.4978 572.433
-9999 -9999 -9999 -9999 -9999 -9999 -9999 -9999 -9999 -9999 -9999 -9999 -9999 -9999 613.9307 609.8588 604.5789 598.2981 591.7213 585.7253 581.1451 578.7759 576.6316 574.9695 573.4335 571.9811 571.0209 570.4775 569.9026 569.0828 568.1055 567.0757 566.104 565.4727 564.9946 564.6344 564.3818 564.2097 564.0964 564.03 564.0029 564 564 564 564 563.9999 564.0009 564.0949 564.1042 564.0402 564.0992 564.1997 564.199 564.1058 564.0433 564.0475 564.1473 564.4967 565.0907 565.7944 566.0188 567.5554 568.7706 569.2252 569.295 569.4512 570.2833 571.5699
-9999 -9999 -9999 -9999 -9999 -9999 -9999 -9999 -9999 -9999 -9999 -9999 -9999 -9999 612.8281 609.3376 604.7952 599.0535 592.6697 586.552 581.594 578.6774 576.5136 574.8913 573.4306 572.0965 571.359 570.9885 570.5675 569.7853 568.6134 567.5316 566.513 565.6774 565.0045 564.6364 564.3918 564.2223 564.1083 564.0363 564 563.9866 563.9821 563.9824 563.9767 563.9584 563.9517 564.0006 564.0524 564.0145 563.9751 564.0499 564.1002 564.0928 564.1329 564.2211 564.2851 564.5004 564.8983 565.5193 566.6171 567.797 568.0418 568.0515 568.059 568.4086 569.3431 570.9115
-9999 -9999 -9999 -9999 -9999 -9999 -9999 -9999 -9999 -9999 -9999 -9999 -9999 -9999 612.2634 609.3958 605.6412 600.4601 594.2272 587.8785 582.3985 578.812 576.3575 574.6804 573.3173 572.0975 571.4669 571.1922 570.9218 570.0574 568.9813 567.9445 566.9184 565.9249 565.0729 564.7314 564.4751 564.2847 564.1526 564.0605 564 563.9796 563.9619 563.9602 563.9631 563.9556 563.9476 563.9736 564.0005 564.0375 563.9651 563.9536 564.033 564.1362 564.2675 564.4929 564.6328 564.9603 565.4166 566.4972 567.5919 567.9984 567.8085 567.5807 567.569 568.0276 569.1895 570.8993
-9999 -9999 -9999 -9999 -9999 -9999 -9999 -9999 -9999 -9999 -9999 -9999 -9999 -9999 -9999 609.8862 606.7864 602.09 596.0284 589.5101 583.5758 579.2295 576.1765 574.2201 572.9944 572.0081 571.334 571.0043 570.6686 569.9281 568.8967 567.9543 567.0001 566.0264 565.3453 564.9756 564.6309 564.4008 564.2404 564.1244 564.0428 563.9999 563.955 563.9464 563.9633 563.9802 563.9855 564 564.0189 564.0728 564.043 563.981 564.0579 564.2755 564.5756 564.9315 565.1476 565.8068 566.6584 567.683 567.9929 567.9218 567.6477 567.4473 567.5474 568.1987 569.6299 571.261
-9999 -9999 -9999 -9999 -9999 -9999 -9999 -9999 -9999 -9999 -9999 -9999 -9999 -9999 -9999 610.4419 607.7459 603.4137 597.638 591.2285 585.1013 579.9976 576.2739 573.976 572.7278 571.853 571.0729 570.7167 570.2616 569.4219 568.3004 567.6272 566.9623 566.0947 565.5588 565.0359 564.7499 564.5406 564.3698 564.2228 564.0995 564.0002 563.9536 563.943 563.9707 564.0002 564 563.957 563.9357 564.0056 564.0651 564.1125 564.2212 564.5317 564.9917 565.5115 566.12 566.9862 568.0272 568.7005 568.1678 567.8386 567.623 567.5533 567.8334 568.8425 570.6094 571.7203
-9999 -9999 -9999 -9999 -9999 -9999 -9999 -9999 -9999 -9999 -9999 -9999 -9999 -9999 -9999 610.6674 608.1235 604.137 598.809 592.7658 586.722 581.2239 576.8013 573.8399 572.1933 571.4547 570.9921 570.5641 569.9775 568.9866 568.0041 567.377 566.9515 566.3515 565.9536 565.3888 565.0028 564.7585 564.5559 564.3725 564.2161 564.0834 563.9999 563.9653 563.9872 564.0207 564 563.9078 563.832 563.874 564.0326 564.2474 564.5468 565.0097 565.6561 566.4177 567.4942 568.5292 569.3322 569.4904 568.8356 568.0812 567.9004 567.8697 568.0839 569.1985 570.8322 571.6453
-9999 -9999 -9999 -9999 -9999 -9999 -9999 -9999 -9999 -9999 -9999 -9999 -9999 -9999 -9999 -9999 608.1141 604.4373 599.6754 594.1928 588.458 582.8492 577.8298 574.1873 572.1156 571.2975 570.9779 570.4741 569.7875 568.5864 567.7028 567.0409 566.6332 566.2639 565.9905 565.5707 565.2349 564.998 564.777 564.5625 564.3866 564.2134 564.0754 564 564.0073 564.0377 563.9995 563.8611 563.7793 563.8455 564.0892 564.4973 565.0386 565.7821 566.7108 567.7858 568.9377 569.7962 570.0557 569.8712 569.0575 568.5836 568.584 568.5268 568.3203 568.7069 569.8812 570.8149
