backend/lakes/data/Ironwood Lake/iron_dem_tm.asc
ncols         119
nrows         115
xllcorner     721950
yllcorner     6050950
cellsize      50
NODATA_value  -9999
[rows 60 to 89 of 115, columns 0 to 67 of 119]
-9999 -9999 -9999 -9999 -9999 -9999 -9999 -9999 -9999 -9999 -9999 -9999 -9999 -9999 -9999 -9999 -9999 604.7176 600.5192 595.6407 590.2878 584.6844 579.2441 574.9961 572.4553 571.3889 570.9551 570.3584 569.5374 568.3391 567.6156 566.9585 566.3353 565.9969 565.7977 565.5771 565.3694 565.1847 564.9966 564.7738 564.624 564.403 564.1908 564.0465 564 563.9987 563.8875 563.788 563.7886 563.9811 564.4014 565.032 565.8605 566.8275 568.0407 569.1616 569.9301 570.1644 569.8843 569.1977 568.9843 569.0659 569.683 569.6503 568.7873 568.4437 568.6432 569.0993
-9999 -9999 -9999 -9999 -9999 -9999 -9999 -9999 -9999 -9999 -9999 -9999 -9999 -9999 -9999 -9999 -9999 605.2481 601.4907 597.092 592.0474 586.4622 580.8031 576.1866 573.2844 571.8311 571.0585 570.5039 569.8345 568.8185 567.8808 566.9349 566.0487 565.7157 565.6277 565.5758 565.4926 565.3683 565.1996 565.0121 564.977 564.7036 564.3817 564.1058 563.9256 563.8212 563.7357 563.7441 563.9263 564.3487 565.0399 565.9532 566.9921 568.0845 569.1596 569.7913 570.1244 569.8777 569.1729 568.9132 569.1136 569.5911 570.4144 570.7331 569.8359 568.7715 568.2438 568.0629
-9999 -9999 -9999 -9999 -9999 -9999 -9999 -9999 -9999 -9999 -9999 -9999 -9999 -9999 -9999 -9999 -9999 605.8242 602.4437 598.3839 593.5105 587.8812 582.0699 577.4308 574.5106 572.7924 571.746 570.9818 570.1055 569.1065 568.0989 567.0708 566.1157 565.7059 565.6678 565.7078 565.7042 565.6445 565.541 565.45 565.4587 565.2471 564.7761 564.2955 563.9515 563.7561 563.7098 563.8771 564.3202 565.0814 566.1372 567.2636 568.2975 569.1742 569.5829 569.7807 569.8159 569.1464 568.7585 568.8639 569.4708 570.2786 571.1804 571.7885 571.0826 569.934 568.8737 568.3362
-9999 -9999 -9999 -9999 -9999 -9999 -9999 -9999 -9999 -9999 -9999 -9999 -9999 -9999 -9999 -9999 -9999 606.1889 603.0641 599.1873 594.3901 588.7824 583.027 578.4735 575.7639 574.1628 572.9078 571.9727 570.9628 569.9432 568.9332 567.8922 566.8754 566.1197 565.9898 565.9949 565.9975 565.996 565.995 566.0671 566.3813 566.5673 565.6001 564.7379 564.1806 563.9274 563.9362 564.3207 565.1464 566.4187 567.9065 569.2471 569.903 570.0912 569.823 569.5015 569.0536 568.7239 568.618 568.9864 569.9421 571.0555 572.1071 572.8318 572.4231 571.5217 570.5493 569.9657
-9999 -9999 -9999 -9999 -9999 -9999 -9999 -9999 -9999 -9999 -9999 -9999 -9999 -9999 -9999 -9999 -9999 606.1506 603.1358 599.3674 594.6196 589.0812 583.4877 579.1495 576.7131 575.4778 574.4134 573.3525 572.1722 571.1243 570.1377 569.0466 567.9255 566.9811 566.464 566.2479 566.2135 566.2744 566.4432 566.8589 567.6301 567.6025 566.821 565.4233 564.6253 564.353 564.46 565.162 566.5799 568.5632 570.6221 572.114 572.3813 571.7768 570.7562 570.1073 569.5408 569.1798 569.0721 569.437 570.6237 571.9322 572.932 573.453 573.3214 572.8449 572.0968 571.4181
-9999 -9999 -9999 -9999 -9999 -9999 -9999 -9999 -9999 -9999 -9999 -9999 -9999 -9999 -9999 -9999 -9999 606.1293 603.1224 599.3168 594.5231 589.0383 583.6821 579.6621 577.3619 576.3492 575.7479 574.796 573.6739 572.7332 571.8384 570.5786 569.1678 567.9498 567.0651 566.6001 566.5076 566.5602 566.7086 567.0732 567.9879 568.9011 567.7253 566.2554 565.2233 564.9713 565.1669 566.312 568.399 571.0827 573.7366 575.5912 575.7054 574.7216 573.2008 571.9996 571.2278 570.7527 570.5494 570.9015 571.8324 572.8334 573.4356 573.6749 573.5328 573.2114 572.7917 571.9508
-9999 -9999 -9999 -9999 -9999 -9999 -9999 -9999 -9999 -9999 -9999 -9999 -9999 -9999 -9999 -9999 -9999 606.6851 603.5101 599.4111 594.405 588.9247 583.8693 580.358 578.1138 576.9896 576.7424 576.0898 575.3176 574.6368 573.834 572.3713 570.5938 568.9957 567.8656 567.1337 567.0345 567.0474 567.0529 567.0554 567.1425 567.7216 567.5876 566.7665 565.9089 565.4786 565.8169 567.213 569.7726 572.9877 576.2286 578.6938 578.8936 578.0165 576.2254 574.8893 574.1489 573.5435 573.1614 573.0001 573.107 573.4548 573.5873 573.4473 573.0034 572.424 571.712 571.0085
-9999 -9999 -9999 -9999 -9999 -9999 -9999 -9999 -9999 -9999 -9999 -9999 -9999 -9999 -9999 -9999 -9999 607.8033 604.36 599.8365 594.4907 588.97 584.2964 581.1611 579.006 577.0574 577.0463 577.3827 577.195 576.6526 575.7452 574.0789 571.9466 569.9348 568.6205 567.9774 567.9321 567.9518 567.8943 567.4924 567.0654 567.0109 566.9189 566.168 565.5908 565.1871 565.2236 566.7748 569.5952 573.0473 576.524 579.2155 579.8123 579.8005 577.8783 576.6923 576.4238 575.8488 575.4581 574.8225 574.2184 573.8954 573.4659 572.8904 572.0311 571.1069 570.196 569.5085
-9999 -9999 -9999 -9999 -9999 -9999 -9999 -9999 -9999 -9999 -9999 -9999 -9999 -9999 -9999 -9999 -9999 609.2562 605.5042 600.4653 594.6495 588.8734 584.0562 580.6221 578.2404 576.1892 577.492 579.3697 579.6049 578.7429 577.3181 575.4198 573.052 570.7742 569.1624 568.4096 568.2422 568.254 568.2191 568.0321 567.8708 567.3723 566.9239 566.0223 565.2739 564.7517 564.2808 565.5424 567.9786 570.8234 573.5684 575.724 576.6912 576.8885 576.1463 575.7698 575.9443 575.9533 575.927 575.3959 574.8424 574.004 573.0576 572.0458 570.9778 569.9137 568.9149 568.2158
-9999 -9999 -9999 -9999 -9999 -9999 -9999 -9999 -9999 -9999 -9999 -9999 -9999 -9999 -9999 -9999 -9999 610.7891 606.7515 601.1844 594.7977 588.5511 583.347 579.537 577.0322 576.6445 579.2401 581.6255 582.056 580.8258 578.5703 576.2714 573.7748 571.361 569.5305 568.5779 568.2876 568.27 568.2361 568.1294 567.9946 567.5522 566.9927 566.0918 565.0856 564.1432 563.7389 564.3486 565.8633 567.5651 569.2572 570.7683 571.7847 572.3889 572.768 573.2631 573.937 574.3601 574.5874 574.4579 574.0914 573.4994 572.5366 571.3475 570.1725 569.0748 568.1393 567.7916
-9999 -9999 -9999 -9999 -9999 -9999 -9999 -9999 -9999 -9999 -9999 -9999 -9999 -9999 -9999 -9999 -9999 612.2619 607.9849 601.9542 595.0012 588.1959 582.5316 578.7075 577.2175 578.9745 582.0753 584.3504 584.4193 582.407 579.3155 576.4626 573.8099 571.3896 569.5044 568.5117 568.2351 568.2301 568.1301 568.0015 567.8972 567.6948 567.3738 566.7927 565.835 564.8464 564.2571 564.5348 565.0459 565.3408 566.0681 567.062 567.9544 568.5403 569.3326 570.2326 571.2327 572.0508 572.6035 572.8174 572.8338 572.6976 572.0707 571.201 570.0536 568.9997 568.2489 567.9822
-9999 -9999 -9999 -9999 -9999 -9999 -9999 -9999 -9999 -9999 -9999 -9999 -9999 -9999 -9999 -9999 -9999 613.4553 609.061 602.739 595.3732 588.1569 582.4081 579.5287 579.4524 582.09 585.3317 587.3603 586.7296 583.798 579.8335 576.3933 573.5504 571.1064 569.2194 568.3434 568.2368 568.3469 568.1 567.9974 567.91 568.0232 568.0468 567.7114 566.9921 566.2401 565.9495 566.2087 566.4213 566.559 566.835 566.9808 567.5719 567.0657 567.4365 567.9489 568.8926 569.969 570.7816 571.1404 571.2881 571.3373 571.1642 570.5619 569.9301 569.0294 568.3658 568.0057
-9999 -9999 -9999 -9999 -9999 -9999 -9999 -9999 -9999 -9999 -9999 -9999 -9999 -9999 -9999 -9999 -9999 614.215 609.8222 603.4151 595.8311 588.403 582.8333 580.7717 581.7869 585.0165 588.3723 590.0742 588.6701 584.8952 580.2439 576.4009 573.3848 570.9229 569.0787 568.2767 568.387 568.7498 568.1521 567.8723 568.0848 568.8275 569.3195 569.2156 568.7067 568.2198 568.1873 568.5132 568.7109 568.9434 569.4163 569.7983 569.976 569.0814 568.0558 567.4937 567.6788 568.8066 570.1641 570.996 570.9873 570.2524 569.9454 569.6224 569.5647 568.9495 568.4211 568.1157
-9999 -9999 -9999 -9999 -9999 -9999 -9999 -9999 -9999 -9999 -9999 -9999 -9999 -9999 -9999 -9999 -9999 614.5682 610.1591 603.7798 596.1123 588.5004 582.8549 581.6245 583.5458 587.1487 590.4417 591.4731 589.6907 585.3718 580.3508 576.4137 573.2661 570.7855 569.0273 568.2854 568.5408 569.2502 568.9869 568.3021 568.8781 569.9952 571.02 571.318 570.9094 570.4031 570.2353 570.4254 570.6992 571.3326 572.436 573.4619 573.7888 572.6611 570.5659 568.5766 567.7296 568.1627 569.6435 571.255 571.4902 570.7446 569.5381 569.1218 568.9806 568.6444 568.3176 568.1162
-9999 -9999 -9999 -9999 -9999 -9999 -9999 -9999 -9999 -9999 -9999 -9999 -9999 -9999 -9999 -9999 -9999 614.4624 610.018 603.7845 596.2444 588.6696 583.0366 582.1097 584.4006 587.8185 590.9191 591.6558 589.5195 584.9382 579.9531 576.3091 573.0182 570.5475 569.0179 568.3832 568.5804 569.3806 570.1285 569.5474 570.2693 571.6943 573.079 573.6703 573.3325 572.6296 572.0971 572.0378 572.5308 573.8618 575.7906 577.5814 578.297 577.0058 574.0895 570.8352 568.5513 567.8983 568.5724 570.1796 571.4846 571.2898 570.3146 569.1191 568.6466 568.3615 568.1626 568.0695
-9999 -9999 -9999 -9999 -9999 -9999 -9999 -9999 -9999 -9999 -9999 -9999 -9999 -9999 -9999 -9999 -9999 613.8676 609.4885 603.5838 596.4287 589.1589 583.6436 582.4553 583.9904 586.5286 589.4077 590.5225 588.1804 583.5599 578.7975 575.3159 572.4467 570.3023 569.2229 568.8965 569.0135 569.5922 570.4823 571.1848 572.5451 574.3304 575.9316 576.644 576.358 575.4718 574.5842 574.3242 575.0596 577.0375 579.7174 582.1042 582.98 581.4841 577.9367 573.5623 569.9868 568.0798 567.8517 568.71 570.0651 570.7302 569.7545 568.7504 568.3229 568.1252 568.0258 568.0348
-9999 -9999 -9999 -9999 -9999 -9999 -9999 -9999 -9999 -9999 -9999 -9999 -9999 -9999 -9999 -9999 -9999 612.9943 608.8341 603.4086 596.8267 590.038 584.6995 582.7565 583.1918 584.2746 586.8309 587.991 585.913 581.6255 577.382 574.3499 572.0852 570.4764 569.909 570.0914 570.8107 571.9055 573.2059 574.6057 576.3905 578.4031 580.1084 580.8646 580.5869 579.5546 578.4233 577.9645 578.769 581.0753 584.1115 586.7573 587.6252 585.8179 581.7288 576.4674 571.764 568.7181 567.6187 567.7788 568.4952 569.1454 568.7043 568.0826 568.0142 567.9744 567.9536 568.0574
-9999 -9999 -9999 -9999 -9999 -9999 -9999 -9999 -9999 -9999 -9999 -9999 -9999 -9999 -9999 -9999 -9999 612.2878 608.3526 603.4571 597.4688 591.0767 585.66 582.8804 582.7354 582.9264 584.1459 585.0436 583.2401 579.514 576.0228 573.7522 572.2382 571.1548 571.2979 572.4785 574.3584 576.3814 578.1464 579.8402 581.7645 583.8339 585.5415 586.3157 586.0435 584.9766 583.6893 583.0178 583.6484 585.8227 588.8331 591.4231 592.1286 590.0095 585.5333 579.6904 574.0546 569.9625 567.9708 567.5629 567.9484 568.2325 568.0284 567.9009 567.9996 567.9855 567.9752 568.194
-9999 -9999 -9999 -9999 -9999 -9999 -9999 -9999 -9999 -9999 -9999 -9999 -9999 -9999 -9999 -9999 -9999 -9999 608.2782 603.8691 598.397 592.2511 586.4387 582.1943 580.7497 580.3269 581.1263 581.8845 580.2442 577.2653 574.7448 573.3579 572.7985 572.6214 573.8458 576.3032 579.4139 582.1454 584.2191 585.9185 587.707 589.7001 591.415 592.2499 592.0128 590.9597 589.6458 588.8428 589.2333 591.068 593.7361 595.9846 596.3894 594.0289 589.317 583.1363 576.7606 571.6952 568.7466 567.7992 567.9934 567.9999 567.9567 567.9082 567.9314 567.9973 568.0347 568.5441
-9999 -9999 -9999 -9999 -9999 -9999 -9999 -9999 -9999 -9999 -9999 -9999 -9999 -9999 -9999 -9999 -9999 -9999 608.6201 604.6067 599.5871 593.7037 587.686 582.5381 579.4304 577.7965 578.2296 578.7656 577.5193 575.615 574.0806 573.4077 573.7188 574.9684 577.5453 581.1707 584.9906 588.0458 590.132 591.6205 593.1964 595.1434 596.9382 597.8919 597.7325 596.7236 595.4417 594.6189 594.8881 596.4427 598.6535 600.3754 600.3752 597.8086 592.967 586.5633 579.673 573.7731 569.909 568.1163 567.7837 567.8303 567.9994 567.9484 567.7983 567.7709 568.0765 569.2365
-9999 -9999 -9999 -9999 -9999 -9999 -9999 -9999 -9999 -9999 -9999 -9999 -9999 -9999 -9999 -9999 -9999 -9999 609.1449 605.4781 600.8957 595.3571 589.3807 583.8053 579.4724 576.8475 576.3527 576.2774 575.5605 574.8832 574.201 574.1309 575.4119 578.2365 582.0599 586.445 590.4755 593.4226 595.1392 596.1743 597.5155 599.4776 601.4027 602.5187 602.4869 601.582 600.4455 599.7968 600.1514 601.5638 603.339 604.4416 603.9741 601.2496 596.3726 589.8486 582.6022 575.9609 571.1876 568.6854 567.8313 567.7385 567.9109 567.999 567.7809 567.7945 568.4861 570.3046
-9999 -9999 -9999 -9999 -9999 -9999 -9999 -9999 -9999 -9999 -9999 -9999 -9999 -9999 -9999 -9999 -9999 -9999 -9999 606.4644 602.217 597.0176 591.2452 585.6174 580.85 577.53 575.983 575.295 574.917 574.999 574.9148 575.4753 577.7468 581.7393 586.5516 591.3577 595.3309 597.842 598.8445 599.2206 600.3965 602.4262 604.4672 605.7563 605.8594 605.0501 604.1322 603.8503 604.5131 605.9713 607.4557 607.9779 607.032 604.2148 599.398 592.8652 585.4105 578.2067 572.6768 569.4728 568.1903 567.8832 567.9485 568.0151 568.0118 568.2773 569.4824 571.5076
-9999 -9999 -9999 -9999 -9999 -9999 -9999 -9999 -9999 -9999 -9999 -9999 -9999 -9999 -9999 -9999 -9999 -9999 -9999 607.5336 603.4916 598.5875 593.1191 587.6888 582.927 579.2099 576.7352 575.3247 574.6973 574.7916 575.358 576.9138 580.2331 585.0745 590.5088 595.5458 599.3168 601.2314 601.3799 601.0396 602.1349 604.184 -9999 -9999 607.8358 607.0647 606.3554 606.5419 607.6522 609.3425 -9999 -9999 609.4866 606.6226 601.9156 595.4675 587.9476 580.4205 574.3041 570.5037 568.8512 568.3474 568.3404 568.4525 568.8661 569.6005 571.2135 573.2265
-9999 -9999 -9999 -9999 -9999 -9999 -9999 -9999 -9999 -9999 -9999 -9999 -9999 -9999 -9999 -9999 -9999 -9999 -9999 608.5681 604.7104 600.1104 594.9849 589.8268 585.1777 581.3577 578.3531 576.1355 575.0924 575.123 576.0991 578.2798 582.3749 587.7979 593.6675 598.8564 602.4252 603.8551 -9999 -9999 -9999 -9999 -9999 -9999 -9999 -9999 -9999 -9999 -9999 -9999 -9999 -9999 611.4117 608.5563 603.9752 597.6846 590.2313 582.5591 575.9839 571.5919 569.5317 568.9517 568.9473 569.0828 569.9551 571.4139 573.4437 575.4377
-9999 -9999 -9999 -9999 -9999 -9999 -9999 -9999 -9999 -9999 -9999 -9999 -9999 -9999 -9999 -9999 -9999 -9999 -9999 -9999 605.9824 601.7278 596.9349 592.0095 587.4068 583.446 580.1445 577.4714 576.263 576.4075 577.7343 580.1926 584.431 590.0202 596.0237 601.2026 604.5674 -9999 -9999 -9999 -9999 -9999 -9999 -9999 -9999 -9999 -9999 -9999 -9999 -9999 -9999 -9999 -9999 610.23 605.7803 599.7062 592.4275 584.7544 577.8228 572.8627 570.2438 569.3431 569.2661 569.711 571.0398 573.2387 575.702 578.0276
-9999 -9999 -9999 -9999 -9999 -9999 -9999 -9999 -9999 -9999 -9999 -9999 -9999 -9999 -9999 -9999 -9999 -9999 -9999 -9999 607.2563 603.442 599.0069 594.2655 589.6461 585.4978 582.0153 579.4077 578.5336 579.0753 580.654 583.115 586.9528 592.0853 597.6975 602.4817 605.4304 -9999 -9999 -9999 -9999 -9999 -9999 -9999 -9999 -9999 -9999 -9999 -9999 -9999 -9999 -9999 -9999 611.9594 607.6265 601.7706 594.7075 587.1153 579.9181 574.4023 571.1959 569.8915 569.6216 570.1052 571.7042 574.4991 577.7366 580.7558
-9999 -9999 -9999 -9999 -9999 -9999 -9999 -9999 -9999 -9999 -9999 -9999 -9999 -9999 -9999 -9999 -9999 -9999 -9999 -9999 -9999 605.0647 601.0525 596.5004 591.8466 587.5966 584.2237 582.2427 581.8542 583.1393 584.8643 586.9719 589.9664 594.1262 598.897 602.8965 604.6856 -9999 -9999 -9999 -9999 -9999 -9999 -9999 -9999 -9999 -9999 -9999 -9999 -9999 -9999 -9999 -9999 613.7828 609.6347 604.008 597.1579 589.645 582.2724 576.2317 572.2845 570.4354 569.9758 570.2443 571.9261 575.1791 579.2544 582.9567
-9999 -9999 -9999 -9999 -9999 -9999 -9999 -9999 -9999 -9999 -9999 -9999 -9999 -9999 -9999 -9999 -9999 -9999 -9999 -9999 -9999 606.4112 602.8422 598.5234 593.9015 589.7015 586.6111 585.3481 585.8341 587.4231 589.0502 590.7097 592.8714 595.9861 599.9123 603.6686 605.9389 -9999 -9999 -9999 -9999 -9999 -9999 -9999 -9999 -9999 -9999 -9999 -9999 -9999 -9999 -9999 -9999 615.5105 611.6896 606.3622 599.7595 592.3824 584.9594 578.4753 573.7953 571.1779 570.158 570.2526 571.9908 575.3214 579.7979 584.1135
-9999 -9999 -9999 -9999 -9999 -9999 -9999 -9999 -9999 -9999 -9999 -9999 -9999 -9999 -9999 -9999 -9999 -9999 -9999 -9999 -9999 -9999 604.1355 600.1131 595.6675 591.627 588.866 588.1332 589.2709 590.9358 592.3615 593.6844 595.222 597.3886 600.4645 603.9799 -9999 -9999 -9999 -9999 -9999 -9999 -9999 -9999 -9999 -9999 -9999 -9999 -9999 -9999 -9999 -9999 -9999 -9999 613.7122 608.7391 602.4091 595.2217 587.8666 581.1484 575.8736 572.5356 570.9925 570.9139 572.1804 575.0217 579.2725 583.8154
-9999 -9999 -9999 -9999 -9999 -9999 -9999 -9999 -9999 -9999 -9999 -9999 -9999 -9999 -9999 -9999 -9999 -9999 -9999 -9999 -9999 -9999 604.9362 601.2823 597.1849 593.4499 591.0314 590.6745 591.8497 593.2123 594.2081 595.2449 596.446 597.8707 600.2656 603.5369 -9999 -9999 -9999 -9999 -9999 -9999 -9999 -9999 -9999 -9999 -9999 -9999 -9999 -9999 -9999 -9999 -9999 -9999 615.6163 611.022 605.0026 598.0768 590.9088 584.1751 578.5059 574.534 572.355 571.8221 572.4329 574.4379 577.9258 582.2553
