backend/lakes/data/Payne Lake/payn_dem_tm.asc
ncols         104
nrows         85
xllcorner     595400
yllcorner     5436450
cellsize      50
NODATA_value  -9999
[rows 31 to 61 of 85, columns 0 to 70 of 104]
-9999 -9999 -9999 -9999 -9999 -9999 -9999 -9999 -9999 -9999 -9999 -9999 -9999 -9999 -9999 1351.375 1350.953 1350.424 1349.672 1348.596 1347.248 1345.989 1344.847 1343.829 1343.009 1342.434 1342.158 1341.8 1341.483 1341.011 1340.522 1340.401 1340.553 1340.78 1340.729 1340.265 1340.016 1340 1340 1339.995 1339.646 1338.81 1337.743 1336.333 1334.971 1334.183 1334.074 1334.874 1336.258 1337.811 1339.477 1341.093 1342.446 1343.237 1343.576 1343.907 1345.117 1346.479 1347.59 1348.297 1348.886 1349.306 1349.507 -9999 -9999 -9999 -9999 -9999 -9999 -9999 -9999
-9999 -9999 -9999 -9999 -9999 -9999 -9999 -9999 -9999 -9999 -9999 -9999 -9999 -9999 1348.385 1347.96 1347.507 1346.959 1346.171 1345.122 1343.974 1343.143 1342.427 1341.821 1341.367 1341.108 1341.025 1340.861 1340.578 1340.115 1339.633 1339.397 1339.452 1339.73 1339.941 1339.99 1339.99 1340 1340.001 1340.071 1339.823 1338.843 1337.483 1335.899 1334.683 1334.067 1333.97 1334.346 1335.121 1336.199 1337.321 1338.621 1339.893 1340.91 1341.726 1342.523 1343.763 1345.255 1346.679 1347.879 1348.948 1349.866 1350.486 1350.836 -9999 -9999 -9999 -9999 -9999 -9999 -9999
-9999 -9999 -9999 -9999 -9999 -9999 -9999 -9999 -9999 -9999 -9999 -9999 -9999 -9999 1345.411 1344.991 1344.533 1344.055 1343.396 1342.545 1341.769 1341.231 1340.81 1340.521 1340.356 1340.325 1340.379 1340.347 1340.13 1339.701 1339.164 1338.711 1338.497 1338.604 1339.009 1339.495 1339.805 1339.969 1340.069 1340.023 1339.636 1338.51 1336.836 1335.397 1334.514 1334.024 1333.875 1333.958 1334.299 1334.842 1335.51 1336.385 1337.36 1338.323 1339.308 1340.344 1341.698 1343.302 1344.993 1346.647 1348.194 1349.613 1350.738 1351.233 -9999 -9999 -9999 -9999 -9999 -9999 -9999
-9999 -9999 -9999 -9999 -9999 -9999 -9999 -9999 -9999 -9999 -9999 -9999 -9999 -9999 1343.361 1342.945 1342.517 1342.165 1341.742 1341.177 1340.656 1340.333 1340.057 1339.963 1340.034 1340.199 1340.382 1340.464 1340.319 1339.919 1339.274 1338.51 1337.902 1337.592 1337.887 1338.315 1338.817 1339.29 1339.728 1339.786 1339.202 1337.815 1336.156 1335.094 1334.481 1334.051 1333.822 1333.752 1333.847 1334.086 1334.445 1334.9 1335.525 1336.143 1336.897 1337.828 1339.141 1340.826 1342.721 1344.756 1346.745 1348.569 1350.042 1350.772 1350.8 -9999 -9999 -9999 -9999 -9999 -9999
-9999 -9999 -9999 -9999 -9999 -9999 -9999 -9999 -9999 -9999 -9999 -9999 -9999 -9999 -9999 1342.124 1341.765 1341.479 1341.283 1341.092 1340.812 1340.494 1340.155 1340.162 1340.459 1340.816 1341.135 1341.328 1341.259 1340.925 1340.208 1339.127 1338.092 1337.229 1336.965 1337.169 1337.684 1338.164 1338.627 1338.769 1338.167 1336.944 1335.567 1334.859 1334.489 1334.13 1333.883 1333.749 1333.722 1333.799 1333.982 1334.257 1334.616 1334.962 1335.341 1335.867 1336.892 1338.399 1340.306 1342.487 1344.751 1346.857 1348.576 1349.574 1349.518 1348.959 1348.407 -9999 -9999 -9999 -9999
-9999 -9999 -9999 -9999 -9999 -9999 -9999 -9999 -9999 -9999 -9999 -9999 -9999 -9999 -9999 1342.657 1342.066 1341.677 1341.626 1341.751 1341.658 1341.382 1340.967 1341.119 1341.688 1342.246 1342.696 1343.02 1343.015 1342.8 1342.111 1340.868 1339.517 1338.374 1337.572 1337.281 1337.216 1337.168 1337.541 1337.668 1337.013 1335.941 1335.033 1334.682 1334.499 1334.231 1334.033 1333.91 1333.849 1333.844 1333.944 1334.166 1334.481 1334.585 1334.684 1334.943 1335.588 1336.601 1338.168 1340.219 1342.479 1344.698 1346.573 1347.759 1347.851 1347.485 1347.173 1347.085 -9999 -9999 -9999
-9999 -9999 -9999 -9999 -9999 -9999 -9999 -9999 -9999 -9999 -9999 -9999 -9999 -9999 -9999 -9999 1342.896 1342.369 1342.351 1342.458 1342.454 1342.458 1342.599 1343.063 1343.763 1344.491 1345.148 1345.642 1345.744 1345.405 1344.62 1343.417 1342.003 1340.682 1339.502 1338.6 1337.878 1337.247 1336.91 1336.532 1335.85 1335.24 1334.817 1334.671 1334.513 1334.347 1334.244 1334.183 1334.134 1334.063 1334.083 1334.203 1334.392 1334.507 1334.564 1334.799 1335.097 1335.663 1336.615 1338.26 1340.244 1342.313 1344.219 1345.62 1346.103 1346.157 1346.197 1346.445 1346.735 -9999 -9999
-9999 -9999 -9999 -9999 -9999 -9999 -9999 -9999 -9999 -9999 -9999 -9999 -9999 -9999 -9999 -9999 -9999 1343.631 1343.741 1343.654 1343.629 1343.864 1344.458 1345.226 1346.052 1346.908 1347.675 1348.269 1348.495 1348.236 1347.523 1346.453 1345.116 1343.725 1342.307 1340.922 1339.455 1338.03 1336.804 1335.83 1335.274 1334.914 1334.769 1334.816 1334.661 1334.526 1334.514 1334.514 1334.495 1334.329 1334.284 1334.289 1334.362 1334.428 1334.515 1334.797 1334.988 1335.327 1335.779 1336.852 1338.297 1339.991 1341.693 1343.269 1344.272 1344.882 1345.375 1345.925 1346.446 1346.931 -9999
-9999 -9999 -9999 -9999 -9999 -9999 -9999 -9999 -9999 -9999 -9999 -9999 -9999 -9999 -9999 -9999 -9999 -9999 1345.281 1345.309 1345.454 1345.8 1346.507 1347.348 1348.139 1348.905 1349.571 1350.166 1350.494 1350.445 1349.906 1349.115 1347.954 1346.621 1345.185 1343.603 1341.715 1339.576 1337.642 1336.312 1335.519 1335.047 1334.834 1334.82 1334.788 1334.813 1334.816 1334.819 1334.799 1334.545 1334.509 1334.404 1334.4 1334.405 1334.472 1334.667 1334.92 1335.28 1335.421 1335.896 1336.776 1337.997 1339.404 1340.925 1342.302 1343.455 1344.355 1345.163 1345.902 1346.562 1347.147
-9999 -9999 -9999 -9999 -9999 -9999 -9999 -9999 -9999 -9999 -9999 -9999 -9999 -9999 -9999 -9999 -9999 -9999 1347.56 1347.677 1347.804 1348.014 1348.513 1349.196 1349.715 1350.128 1350.646 1351.106 1351.646 1351.742 1351.309 1350.96 1350.08 1348.91 1347.632 1346.157 1344.231 1341.873 1339.586 1337.779 1336.575 1335.717 1335.16 1334.897 1334.82 1334.844 1334.867 1334.897 1334.902 1334.819 1334.796 1334.542 1334.508 1334.429 1334.433 1334.513 1334.651 1334.749 1334.967 1335.112 1335.594 1336.466 1337.585 1338.955 1340.43 1341.837 1343.033 1344.076 1345.035 1346.015 1347.052
-9999 -9999 -9999 -9999 -9999 -9999 -9999 -9999 -9999 -9999 -9999 -9999 -9999 -9999 -9999 -9999 -9999 -9999 -9999 -9999 1350.123 1350.033 1350.15 1350.568 1350.748 1350.74 1350.972 1351.431 1352.245 1352.811 1352.728 1352.277 1351.512 1350.537 1349.559 1348.445 1346.841 1344.71 1342.382 1340.264 1338.476 1337.003 1335.879 1335.191 1334.835 1334.82 1334.82 1334.861 1334.887 1334.881 1334.878 1334.81 1334.678 1334.513 1334.506 1334.511 1334.537 1334.65 1334.514 1334.521 1334.818 1335.418 1336.281 1337.38 1338.688 1340.068 1341.27 1342.561 1343.876 1345.272 1346.814
-9999 -9999 -9999 -9999 -9999 -9999 -9999 -9999 -9999 -9999 -9999 -9999 -9999 -9999 -9999 -9999 -9999 -9999 -9999 -9999 -9999 -9999 -9999 -9999 -9999 -9999 -9999 -9999 -9999 -9999 -9999 -9999 1352.371 1351.628 1351.036 1350.398 1349.313 1347.656 1345.611 1343.401 1341.141 1338.938 1337.125 1335.937 1335.195 1334.849 1334.818 1334.82 1334.819 1334.819 1334.82 1334.853 1334.816 1334.697 1334.828 1335.001 1335.155 1335.172 1334.841 1334.523 1334.505 1334.79 1335.381 1336.181 1337.12 1338.176 1339.339 1340.829 1342.535 1344.411 1346.444
-9999 -9999 -9999 -9999 -9999 -9999 -9999 -9999 -9999 -9999 -9999 -9999 -9999 -9999 -9999 -9999 -9999 -9999 -9999 -9999 -9999 -9999 -9999 -9999 -9999 -9999 -9999 -9999 -9999 -9999 -9999 -9999 -9999 -9999 1352.271 1352.062 1351.518 1350.405 1348.736 1346.599 1344.13 1341.51 1339.129 1337.335 1336.117 1335.379 1335.034 1334.85 1334.751 1334.718 1334.759 1334.82 1334.788 1334.95 1335.555 1336.216 1336.655 1336.527 1335.907 1335.138 1334.581 1334.48 1334.795 1335.329 1335.916 1336.65 1337.667 1339.195 1341.167 1343.494 1345.931
-9999 -9999 -9999 -9999 -9999 -9999 -9999 -9999 -9999 -9999 -9999 -9999 -9999 -9999 -9999 -9999 -9999 -9999 -9999 -9999 -9999 -9999 -9999 -9999 -9999 -9999 -9999 -9999 -9999 -9999 -9999 -9999 -9999 -9999 -9999 1353.623 1353.442 1352.777 1351.46 1349.515 1347.063 1344.308 1341.617 1339.426 1337.801 1336.513 1335.83 1335.497 1335.105 1334.865 1334.815 1334.818 1334.922 1335.567 1336.641 1337.831 1338.559 1338.457 1337.656 1336.476 1335.312 1334.608 1334.53 1334.768 1335.072 1335.543 1336.442 1337.944 1340.039 1342.563 1345.219
-9999 -9999 -9999 -9999 -9999 -9999 -9999 -9999 -9999 -9999 -9999 -9999 -9999 -9999 -9999 -9999 -9999 -9999 -9999 -9999 -9999 -9999 -9999 -9999 -9999 -9999 -9999 -9999 -9999 -9999 -9999 -9999 -9999 -9999 -9999 -9999 1354.98 1354.559 1353.516 1351.835 1349.577 1346.903 1344.142 1341.738 1339.886 1338.224 1337.294 1336.874 1336.225 1335.533 1335.088 1335.037 1335.445 1336.419 1337.829 1339.215 1340.021 1340.093 1339.413 1338.102 1336.541 1335.264 1334.642 1334.482 1334.56 1334.849 1335.555 1336.97 1339.042 1341.603 1344.315
-9999 -9999 -9999 -9999 -9999 -9999 -9999 -9999 -9999 -9999 -9999 -9999 -9999 -9999 -9999 -9999 -9999 -9999 -9999 -9999 -9999 -9999 -9999 -9999 -9999 -9999 -9999 -9999 -9999 -9999 -9999 -9999 -9999 -9999 -9999 -9999 -9999 1355.576 1354.697 1353.29 1351.328 1348.873 1346.174 1343.619 1341.431 1339.783 1338.732 1338.281 1337.507 1336.353 1335.504 1335.444 1336.182 1337.531 1338.87 1340.075 1340.87 1340.964 1340.519 1339.345 1337.72 1336.141 1335.04 1334.568 1334.486 1334.613 1335.021 1336.249 1338.218 1340.664 1343.32
-9999 -9999 -9999 -9999 -9999 -9999 -9999 -9999 -9999 -9999 -9999 -9999 -9999 -9999 -9999 -9999 -9999 -9999 -9999 -9999 -9999 -9999 -9999 -9999 -9999 -9999 -9999 -9999 -9999 -9999 -9999 -9999 -9999 -9999 -9999 -9999 -9999 -9999 1354.92 1353.683 1352.077 1349.997 1347.61 1345.173 1342.927 1341.281 1340.114 1339.4 1338.452 1337.098 1335.953 1336.003 1337.149 1338.577 1339.426 1340.369 1340.903 1340.893 1340.495 1339.613 1338.194 1336.758 1335.618 1334.973 1334.812 1334.797 1334.853 1335.762 1337.527 1339.815 1342.349
-9999 -9999 -9999 -9999 -9999 -9999 -9999 -9999 -9999 -9999 -9999 -9999 -9999 -9999 -9999 -9999 -9999 -9999 -9999 -9999 -9999 -9999 -9999 -9999 -9999 -9999 -9999 -9999 -9999 -9999 -9999 -9999 -9999 -9999 -9999 -9999 -9999 -9999 -9999 1353.219 1351.932 1350.392 1348.624 1346.652 1344.63 1342.823 1341.294 1340.102 1338.931 1337.68 1336.772 1336.938 1337.968 1339.221 1339.698 1340.22 1340.472 1340.181 1339.682 1338.861 1337.919 1336.99 1336.266 1335.709 1335.378 1335.025 1334.847 1335.499 1336.954 1339.006 1341.485
-9999 -9999 -9999 -9999 -9999 -9999 -9999 -9999 -9999 -9999 -9999 -9999 -9999 -9999 -9999 -9999 -9999 -9999 -9999 -9999 -9999 -9999 -9999 -9999 -9999 -9999 -9999 -9999 -9999 -9999 -9999 -9999 -9999 -9999 -9999 -9999 -9999 -9999 -9999 1352.528 1351.386 1350.482 1349.498 1348.129 1346.415 1344.581 1342.737 1340.942 1339.539 1338.35 1337.573 1337.844 1338.665 1339.54 1339.965 1340.007 1339.964 1339.333 1338.563 1337.936 1337.422 1337.04 1336.861 1336.602 1336.115 1335.511 1335.137 1335.429 1336.51 1338.344 1340.781
-9999 -9999 -9999 -9999 -9999 -9999 -9999 -9999 -9999 -9999 -9999 -9999 -9999 -9999 -9999 -9999 -9999 -9999 -9999 -9999 -9999 -9999 -9999 -9999 -9999 -9999 -9999 -9999 -9999 -9999 -9999 -9999 -9999 -9999 -9999 -9999 -9999 -9999 -9999 -9999 1351.223 1350.697 1350.311 1349.546 1348.148 1346.319 1344.227 1342.048 1340.436 1339.27 1338.702 1338.894 1339.345 1339.809 1340.035 1339.992 1339.71 1338.621 1337.579 1337.156 1336.99 1336.963 1337.004 1336.95 1336.732 1336.114 1335.477 1335.368 1335.97 1337.624 1340.016
-9999 -9999 -9999 -9999 -9999 -9999 -9999 -9999 -9999 -9999 -9999 -9999 -9999 -9999 -9999 -9999 -9999 -9999 -9999 -9999 -9999 -9999 -9999 -9999 -9999 -9999 -9999 -9999 -9999 -9999 -9999 -9999 -9999 -9999 -9999 -9999 -9999 -9999 -9999 -9999 1351.74 1351.305 1351.321 1350.956 1349.796 1348.036 1345.825 1343.435 1341.533 1340.229 1339.744 1339.802 1339.873 1339.987 1339.983 1339.831 1339.435 1338.24 1337.269 1336.965 1337.07 1337.436 1337.569 1337.297 1337.071 1336.642 1335.871 1335.429 1335.615 1336.907 1339.12
-9999 -9999 -9999 -9999 -9999 -9999 -9999 -9999 -9999 -9999 -9999 -9999 -9999 -9999 -9999 -9999 -9999 -9999 -9999 -9999 -9999 -9999 -9999 -9999 -9999 -9999 -9999 -9999 -9999 -9999 -9999 -9999 -9999 -9999 -9999 -9999 -9999 -9999 -9999 -9999 -9999 -9999 1352.563 1352.259 1351.338 1349.691 1347.446 1344.873 1342.623 1340.957 1340.065 1339.938 1339.999 1339.989 1339.796 1339.506 1339.051 1338.264 1337.458 1337.538 1337.843 1338.254 1338.291 1338.099 1337.472 1336.892 1336.143 1335.547 1335.44 1336.231 1338.166
-9999 -9999 -9999 -9999 -9999 -9999 -9999 -9999 -9999 -9999 -9999 -9999 -9999 -9999 -9999 -9999 -9999 -9999 -9999 -9999 -9999 -9999 -9999 -9999 -9999 -9999 -9999 -9999 -9999 -9999 -9999 -9999 -9999 -9999 -9999 -9999 -9999 -9999 -9999 -9999 -9999 -9999 -9999 1353.751 1352.927 1351.334 1349.061 1346.321 1343.715 1341.636 1340.308 1339.981 1340 1339.987 1339.656 1339.291 1338.887 1338.526 1338.307 1338.341 1338.454 1338.58 1338.61 1338.519 1338.104 1337.172 1336.434 1335.751 1335.43 1335.764 1337.225
-9999 -9999 -9999 -9999 -9999 -9999 -9999 -9999 -9999 -9999 -9999 -9999 -9999 -9999 -9999 -9999 -9999 -9999 -9999 -9999 -9999 -9999 -9999 -9999 -9999 -9999 -9999 -9999 -9999 -9999 -9999 -9999 -9999 -9999 -9999 -9999 -9999 -9999 -9999 -9999 -9999 -9999 -9999 1355.351 1354.533 1353.007 1350.746 1347.918 1345.006 1342.59 1340.914 1340.336 1340.234 1340.112 1339.871 1339.444 1339.012 1338.679 1338.432 1338.231 1338.295 1338.404 1338.475 1338.496 1338.287 1337.332 1336.735 1335.964 1335.443 1335.462 1336.355
-9999 -9999 -9999 -9999 -9999 -9999 -9999 -9999 -9999 -9999 -9999 -9999 -9999 -9999 -9999 -9999 -9999 -9999 -9999 -9999 -9999 -9999 -9999 -9999 -9999 -9999 -9999 -9999 -9999 -9999 -9999 -9999 -9999 -9999 -9999 -9999 -9999 -9999 -9999 -9999 -9999 -9999 -9999 1357.085 1356.211 1354.77 1352.601 1349.822 1346.808 1344.097 1342.136 1341.18 1340.902 1340.772 1340.299 1339.694 1339.199 1338.825 1338.525 1338.242 1338.063 1338.063 1338.056 1338.07 1338.037 1337.344 1336.847 1336.106 1335.498 1335.281 1335.631
-9999 -9999 -9999 -9999 -9999 -9999 -9999 -9999 -9999 -9999 -9999 -9999 -9999 -9999 -9999 -9999 -9999 -9999 -9999 -9999 -9999 -9999 -9999 -9999 -9999 -9999 -9999 -9999 -9999 -9999 -9999 -9999 -9999 -9999 -9999 -9999 -9999 -9999 -9999 -9999 -9999 -9999 -9999 1359.035 1358.12 1356.755 1354.702 1352.06 1349.109 1346.264 1343.941 1342.395 1341.513 1340.893 1340.198 1339.731 1339.333 1338.985 1338.686 1338.385 1338.117 1337.877 1337.641 1337.454 1337.28 1337.088 1336.874 1336.251 1335.648 1335.319 1335.407
-9999 -9999 -9999 -9999 -9999 -9999 -9999 -9999 -9999 -9999 -9999 -9999 -9999 -9999 -9999 -9999 -9999 -9999 -9999 -9999 -9999 -9999 -9999 -9999 -9999 -9999 -9999 -9999 -9999 -9999 -9999 -9999 -9999 -9999 -9999 -9999 -9999 -9999 -9999 -9999 -9999 -9999 -9999 -9999 1360.277 1358.965 1357.024 1354.507 1351.66 1348.783 1346.155 1344.028 1342.483 1341.385 1340.523 1339.956 1339.536 1339.157 1338.798 1338.5 1338.245 1337.997 1337.674 1337.656 1337.747 1337.847 1337.282 1336.597 1335.952 1335.504 1335.348
-9999 -9999 -9999 -9999 -9999 -9999 -9999 -9999 -9999 -9999 -9999 -9999 -9999 -9999 -9999 -9999 -9999 -9999 -9999 -9999 -9999 -9999 -9999 -9999 -9999 -9999 -9999 -9999 -9999 -9999 -9999 -9999 -9999 -9999 -9999 -9999 -9999 -9999 -9999 -9999 -9999 -9999 -9999 -9999 -9999 1361.208 1359.422 1357.06 1354.311 1351.432 1348.647 1346.118 1344.01 1342.405 1341.234 1340.392 1339.832 1339.372 1338.975 1338.689 1338.498 1338.331 1338.208 1338.298 1338.465 1338.508 1338.068 1337.255 1336.523 1335.95 1335.591
-9999 -9999 -9999 -9999 -9999 -9999 -9999 -9999 -9999 -9999 -9999 -9999 -9999 -9999 -9999 -9999 -9999 -9999 -9999 -9999 -9999 -9999 -9999 -9999 -9999 -9999 -9999 -9999 -9999 -9999 -9999 -9999 -9999 -9999 -9999 -9999 -9999 -9999 -9999 -9999 -9999 -9999 -9999 -9999 -9999 -9999 -9999 1359.5 1356.905 1354.078 1351.237 1348.528 1346.062 1344.029 1342.531 1341.47 1340.54 1339.886 1339.345 1339.023 1338.902 1338.848 1338.922 1339.155 1339.384 1339.395 1339.006 1338.296 1337.475 1336.786 1336.217
-9999 -9999 -9999 -9999 -9999 -9999 -9999 -9999 -9999 -9999 -9999 -9999 -9999 -9999 -9999 -9999 -9999 -9999 -9999 -9999 -9999 -9999 -9999 -9999 -9999 -9999 -9999 -9999 -9999 -9999 -9999 -9999 -9999 -9999 -9999 -9999 -9999 -9999 -9999 -9999 -9999 -9999 -9999 -9999 -9999 -9999 -9999 -9999 -9999 1356.608 1353.819 1351.056 1348.437 1346.133 1344.323 1342.975 1341.738 1340.684 1339.895 1339.448 1339.355 1339.433 1339.713 1340.17 1340.533 1340.61 1340.294 1339.724 1338.993 1338.182 1337.397
-9999 -9999 -9999 -9999 -9999 -9999 -9999 -9999 -9999 -9999 -9999 -9999 -9999 -9999 -9999 -9999 -9999 -9999 -9999 -9999 -9999 -9999 -9999 -9999 -9999 -9999 -9999 -9999 -9999 -9999 -9999 -9999 -9999 -9999 -9999 -9999 -9999 -9999 -9999 -9999 -9999 -9999 -9999 -9999 -9999 -9999 -9999 -9999 -9999 -9999 -9999 -9999 1350.92 1348.467 1346.371 1344.675 1343.107 1341.595 1340.458 1339.86 1339.828 1340.029 1340.542 1341.342 1341.876 1342.14 1341.969 1341.545 1340.988 1340.211 1339.307
