backend/lakes/data/Lac Ste. Anne/anne_dem_tm.asc
ncols         369
nrows         201
xllcorner     526750
yllcorner     5943500
cellsize      50
NODATA_value  -9999
[rows 145 to 173 of 201, columns 264 to 329 of 369]
716.6504 716.5248 716.3837 716.2227 716.0533 715.8915 715.7431 715.6001 715.4467 715.2753 715.1082 715.0037 714.9889 715.0652 715.2019 715.3541 715.4899 715.5997 715.6776 715.797 715.9343 716.0668 716.1808 716.2713 716.3387 716.3883 716.4281 716.4653 716.5031 716.5404 716.576 716.6115 716.6495 716.6933 716.746 716.8096 716.8821 716.9564 717.0245 717.0825 717.13 717.178 717.222 717.2643 717.3109 717.3672 717.4497 717.5822 717.8004 718.1511 718.6824 719.4519 720.1551 720.4279 720.4426 720.3947 720.5366 721.1577 722.5417 724.965 727.9641 730.7488 732.523 732.7317 -9999 -9999
716.5959 716.4686 716.3324 716.1783 716.0144 715.8573 715.7184 715.6001 715.5037 715.3774 715.2284 715.0934 715.019 715.0262 715.1097 715.2483 715.4185 715.5993 715.7598 715.9286 716.0905 716.2295 716.339 716.4194 716.4745 716.5109 716.5376 716.5618 716.5872 716.6135 716.6393 716.6649 716.6935 716.7291 716.775 716.8329 716.9016 716.9744 717.0423 717.0967 717.1302 717.1968 717.2567 717.3054 717.3517 717.4023 717.4746 717.5972 717.8062 718.1475 718.6747 719.451 720.1611 720.4983 720.532 720.4385 720.4848 720.9794 722.2206 724.5227 727.4061 730.1113 731.9023 732.1356 -9999 -9999
716.5599 716.4261 716.2915 716.1444 715.9874 715.8356 715.7036 715.6003 715.5541 715.4753 715.3508 715.2098 715.0953 715.0453 715.076 715.1867 715.3682 715.5993 715.8373 716.0659 716.2568 716.4 716.4994 716.5643 716.604 716.6265 716.6404 716.6536 716.6691 716.6865 716.704 716.721 716.7406 716.7677 716.8059 716.8568 716.9197 716.99 717.0619 717.1298 717.1685 717.232 717.2975 717.3506 717.3972 717.4489 717.5196 717.6432 717.8546 718.1896 718.6913 719.4773 720.1719 720.577 720.6605 720.5668 720.5629 720.9694 722.0941 724.2335 726.8953 729.3818 731.1121 731.7071 -9999 -9999
716.5497 716.4021 716.2618 716.1185 715.9701 715.828 715.71 715.6316 715.5999 715.5477 715.4512 715.317 715.1827 715.0903 715.072 715.1481 715.3265 715.5988 715.9218 716.2217 716.4413 716.5818 716.6631 716.7064 716.7267 716.7335 716.7349 716.7376 716.7451 716.7559 716.7674 716.7783 716.7909 716.8102 716.8409 716.8843 716.9393 717.0021 717.0667 717.1299 717.1899 717.2646 717.3382 717.3969 717.4453 717.5013 717.5828 717.7235 717.9647 718.3316 718.8243 719.6345 720.2532 720.6959 720.8237 720.7493 720.7256 721.0695 722.0898 724.0362 726.4468 728.6797 730.2922 731.2194 -9999 -9999
716.5697 716.3982 716.2432 716.0973 715.9556 715.8232 715.7136 715.6396 715.6 715.5751 715.5094 715.3938 715.2555 715.1371 715.0806 715.1229 715.2916 715.5997 716.0369 716.4224 716.6534 716.7737 716.8246 716.8409 716.8402 716.8314 716.8208 716.8142 716.8146 716.8202 716.8279 716.8352 716.8431 716.8567 716.8813 716.9187 716.9673 717.0227 717.0781 717.1304 717.2146 717.3026 717.3823 717.4442 717.4952 717.5557 717.6531 717.8232 718.119 718.5914 719.2053 720.0068 720.5278 720.8834 720.9996 720.9412 720.9098 721.1857 722.0623 723.8139 725.984 728.0525 729.7015 730.8831 -9999 -9999
716.6099 716.4083 716.2333 716.0787 715.9393 715.8149 715.7126 715.6407 715.6 715.5817 715.535 715.4382 715.3065 715.178 715.1003 715.1228 715.2873 715.6281 716.231 716.7055 716.896 716.9648 716.9695 716.9565 716.9375 716.9164 716.8969 716.8837 716.8785 716.8802 716.8854 716.891 716.8965 716.9066 716.9276 716.9623 717.0098 717.067 717.13 717.1958 717.2774 717.3612 717.4363 717.4951 717.546 717.6115 717.7208 717.9098 718.2172 718.6866 719.4121 720.1497 720.6703 720.9991 721.1207 721.0963 721.0791 721.2867 721.9708 723.5162 725.4582 727.3845 729.0372 730.3097 -9999 -9999
716.6434 716.4252 716.231 716.0638 715.922 715.8029 715.708 715.6406 715.6 715.5845 715.5474 715.4652 715.3447 715.22 715.1432 715.1762 715.377 715.7859 716.5634 717.0757 717.135 717.1296 717.0773 717.0419 717.0118 716.9843 716.9607 716.9444 716.9368 716.9365 716.9404 716.9452 716.9502 716.959 716.9789 717.0143 717.0654 717.1301 717.2051 717.2818 717.3602 717.434 717.498 717.5496 717.6 717.6732 717.803 718.0204 718.356 718.8286 719.6184 720.2351 720.7271 721.0329 721.1686 721.1998 721.2391 721.4167 721.8536 723.2841 725.0572 726.8779 728.5976 -9999 -9999 -9999
716.6993 716.4597 716.2435 716.0594 715.9099 715.7922 715.7043 715.6458 715.6136 715.6 715.568 715.4966 715.3877 715.2749 715.2139 715.2867 715.585 716.1837 716.9734 717.2913 717.3016 717.2266 717.1304 717.0947 717.0626 717.0336 717.0104 716.995 716.988 716.9879 716.9922 716.9976 717.0025 717.0114 717.0327 717.0717 717.1301 717.207 717.2906 717.3719 717.4463 717.5098 717.5617 717.606 717.6578 717.7467 717.9088 718.1833 718.6109 719.22 720.0005 720.4506 720.791 721.0167 721.1448 721.2358 721.3802 721.6527 721.8596 723.2186 724.9008 726.6697 728.4247 -9999 -9999 -9999
716.7969 716.5204 716.2794 716.0769 715.9154 715.7932 715.7065 715.6527 715.6257 715.6157 715.5999 715.5448 715.4492 715.3522 715.3051 715.3982 715.7054 716.4009 717.0948 717.3293 717.3273 717.2482 717.1627 717.1299 717.094 717.066 717.0462 717.0349 717.0314 717.0332 717.0392 717.0466 717.0513 717.06 717.0848 717.13 717.2 717.2861 717.3754 717.4576 717.5267 717.5815 717.6241 717.6646 717.7227 717.8326 718.0305 718.3451 718.7757 719.4664 720.1382 720.5333 720.7865 720.9417 721.0439 721.1592 721.3557 721.6697 722.0096 723.3414 724.925 726.6232 728.3494 -9999 -9999 -9999
716.8835 716.6103 716.353 716.1324 715.9569 715.823 715.7269 715.6664 715.6353 715.624 715.6187 715.5997 715.5291 715.4644 715.4446 715.6071 716.0023 716.601 717.1194 717.2528 717.2468 717.1964 717.1301 717.1117 717.0961 717.0811 717.0701 717.0658 717.0678 717.0719 717.0801 717.0914 717.0944 717.1005 717.13 717.1824 717.2612 717.3558 717.4506 717.5339 717.5997 717.6494 717.6891 717.7324 717.8049 717.9445 718.1965 718.6072 719.1469 719.754 720.2126 720.5499 720.7394 720.8366 720.9098 721.0353 721.2875 721.7277 722.4594 723.6978 725.0865 726.6378 728.2379 -9999 -9999 -9999
717.1262 716.8067 716.5055 716.2534 716.0588 715.9045 715.7848 715.7015 715.6513 715.6266 715.6173 715.6127 715.5999 715.5984 715.6085 715.8629 716.2872 716.7811 717.1248 717.1309 717.1304 717.1299 717.0991 717.0914 717.0928 717.0897 717.0873 717.0906 717.0999 717.1035 717.1114 717.13 717.13 717.13 717.1623 717.2216 717.3076 717.4097 717.5111 717.5985 717.6665 717.7184 717.7651 717.8235 717.9213 718.0936 718.3826 718.8351 719.5528 720.1259 720.4254 720.6102 720.7008 720.7397 720.7921 720.9402 721.2775 721.8994 722.8958 724.0992 725.3633 726.72 728.0249 -9999 -9999 -9999
717.5337 717.1489 716.7725 716.4691 716.2513 716.0634 715.9026 715.7786 715.6935 715.6429 715.6197 715.6204 715.6426 715.7 715.8207 716.1144 716.5341 716.9493 717.1303 717.1213 717.0931 717.08 717.0697 717.0785 717.0997 717.1027 717.1041 717.111 717.13 717.13 717.13 717.1478 717.1564 717.1655 717.1968 717.2562 717.3447 717.4514 717.5593 717.6541 717.7314 717.7963 717.864 717.9554 718.1003 718.336 718.7129 719.3189 720.0181 720.3934 720.5708 720.6439 720.66 720.6677 720.7258 720.9143 721.3408 722.1519 723.3607 724.6667 725.9191 727.0874 -9999 -9999 -9999 -9999
718.1224 717.7029 717.199 716.8108 716.5724 716.3259 716.1002 715.9178 715.7846 715.6976 715.653 715.6516 715.6965 715.799 715.9847 716.2959 716.707 717.1089 717.1742 717.13 717.0885 717.0695 717.0676 717.0859 717.1299 717.13 717.13 717.1301 717.1508 717.1619 717.1697 717.1837 717.1961 717.2115 717.2423 717.2985 717.3843 717.4921 717.6055 717.7105 717.8034 717.8925 717.9951 718.1375 718.3505 718.6733 719.1555 719.7338 720.2025 720.4934 720.6046 720.619 720.6093 720.6356 720.7467 721.0033 721.5015 722.5201 723.8099 725.139 726.4659 727.6224 -9999 -9999 -9999 -9999
718.8027 718.4336 717.8503 717.3126 717.0632 716.7101 716.3913 716.1354 715.9458 715.8153 715.7424 715.7311 715.7866 715.9109 716.1135 716.3966 716.7308 717.0189 717.1297 717.1299 717.1302 717.1307 717.1302 717.1309 717.1705 717.1826 717.184 717.1857 717.1996 717.2146 717.2288 717.2434 717.2583 717.2776 717.3087 717.3607 717.4407 717.5461 717.6637 717.781 717.8953 718.0173 718.1664 718.3716 718.6636 719.0756 719.5796 720.1038 720.3798 720.5305 720.5632 720.5426 720.5516 720.658 720.8937 721.2958 721.9393 723.0613 724.281 725.5674 726.8514 -9999 -9999 -9999 -9999 -9999
719.5607 719.1036 718.5724 718.045 717.6882 717.2104 716.7915 716.4507 716.2 716.019 715.9117 715.8837 715.944 716.0807 716.2864 716.5344 716.8123 717.0266 717.1492 717.1876 717.3177 717.3524 717.3329 717.303 717.2941 717.2838 717.2732 717.2686 717.2755 717.2908 717.3098 717.3282 717.3467 717.3694 717.4023 717.4521 717.5265 717.6274 717.7475 717.8787 718.0197 718.1814 718.3856 718.6615 719.0347 719.4567 719.8715 720.1952 720.4139 720.4893 720.463 720.4249 720.4871 720.7322 721.1472 721.7102 722.7072 723.8512 724.8896 725.9318 727.027 -9999 -9999 -9999 -9999 -9999
720.173 719.6973 719.1924 718.73 718.4367 717.9119 717.3655 716.9041 716.5806 716.334 716.1824 716.1306 716.2017 716.3605 716.5953 716.8403 717.1619 717.421 717.7226 717.829 717.8267 717.7436 717.634 717.5366 717.4692 717.4226 717.3914 717.3754 717.3751 717.3889 717.412 717.4369 717.4615 717.4893 717.5262 717.5775 717.6493 717.746 717.8673 718.0135 718.186 718.3934 718.6602 719.0204 719.4347 719.8346 720.1705 720.3698 720.4691 720.4521 720.3589 720.2964 720.4172 720.8629 721.5173 722.2095 723.3718 724.5241 725.2998 726.0753 727.0414 -9999 -9999 -9999 -9999 -9999
720.7073 720.2265 719.7451 719.3251 719.0049 718.6269 718.2126 717.5427 717.1315 716.7861 716.5742 716.479 716.5802 716.7798 717.1019 717.3754 717.9018 718.3605 718.5651 718.5724 718.3823 718.1471 717.9346 717.7682 717.6513 717.5734 717.5242 717.4985 717.4934 717.5063 717.5331 717.566 717.5995 717.635 717.6791 717.7363 717.8112 717.9067 718.0273 718.1902 718.3977 718.6554 718.9908 719.3938 719.8224 720.1744 720.4222 720.55 720.5698 720.4849 720.3334 720.2269 720.3605 721.0483 721.9004 722.8541 723.8942 724.8549 725.473 726.0926 -9999 -9999 -9999 -9999 -9999 -9999
721.1862 720.7488 720.2502 719.8121 719.4597 719.1395 718.817 718.3935 717.8805 717.4047 717.1078 716.9115 717.0807 717.328 717.7971 718.1412 718.5577 718.7751 718.8422 718.7766 718.6412 718.3782 718.1343 717.9419 717.8043 717.7133 717.6577 717.6298 717.6249 717.6401 717.6711 717.7117 717.7551 717.8008 717.8548 717.9227 718.0092 718.1096 718.223 718.4051 718.6515 718.9558 719.3145 719.7157 720.1351 720.4247 720.6342 720.7393 720.7401 720.6495 720.4984 720.3738 720.4566 721.4944 722.5897 723.465 724.2698 725.0175 725.5514 726.0875 -9999 -9999 -9999 -9999 -9999 -9999
721.4567 721.1728 720.7944 720.2797 719.8542 719.5372 719.2806 718.9853 718.6388 718.3004 717.797 717.3912 717.6537 718.0735 718.5112 718.6434 718.7446 718.8021 718.7836 718.6552 718.5729 718.3997 718.2073 718.0406 717.9156 717.8326 717.7845 717.7635 717.7651 717.7864 717.8234 717.8711 717.924 717.9795 718.0438 718.1245 718.2335 718.3528 718.4423 718.6514 718.9384 719.2632 719.6013 719.9255 720.213 720.5526 720.7975 720.9321 720.9756 720.9597 720.931 720.9775 721.2225 722.2307 723.2315 724.0339 724.805 725.3082 725.7211 -9999 -9999 -9999 -9999 -9999 -9999 -9999
721.3418 721.3485 721.3074 720.8539 720.2885 719.9271 719.7236 719.4865 719.2134 718.9083 718.5258 718.1655 718.282 718.5952 718.7219 718.7212 718.6516 718.6515 718.649 718.5579 718.4717 718.3497 718.2137 718.0911 717.9973 717.9368 717.9059 717.8987 717.911 717.9414 717.9862 718.041 718.1017 718.1644 718.2367 718.3215 718.463 718.6322 718.6781 718.9379 719.257 719.5858 719.8984 720.1767 720.4283 720.7124 720.9515 721.1152 721.2208 721.3068 721.4307 721.692 722.0016 722.7958 723.6356 724.2921 724.9882 725.4882 -9999 -9999 -9999 -9999 -9999 -9999 -9999 -9999
721.295 721.0727 721.6155 721.3735 720.8594 720.4478 720.3074 720.0226 719.7355 719.4152 719.0344 718.6851 718.6403 718.6592 718.6505 718.6495 718.5804 718.5444 718.5162 718.452 718.38 718.2952 718.207 718.1291 718.0717 718.0392 718.0293 718.0374 718.0612 718.1012 718.1549 718.2162 718.2847 718.3497 718.4313 718.4924 718.6519 718.8569 719.0263 719.2938 719.6033 719.9066 720.1737 720.3895 720.6057 720.8447 721.0695 721.2531 721.4058 721.5535 721.7048 721.9831 722.2466 722.7228 723.2687 724.0964 724.936 -9999 -9999 -9999 -9999 -9999 -9999 -9999 -9999 -9999
721.8622 721.582 721.045 721.5939 721.4099 721.3045 721.249 720.7077 720.3339 719.9608 719.5347 719.1253 718.8569 718.6549 718.5902 718.5558 718.5014 718.4625 718.426 718.3776 718.3253 718.2717 718.2217 718.1821 718.1582 718.1531 718.1636 718.1827 718.2134 718.2606 718.3237 718.3879 718.4679 718.5244 718.6415 718.6646 718.874 719.1242 719.3688 719.6436 719.9249 720.174 720.356 720.5198 720.7032 720.9164 721.1345 721.3326 721.5111 721.6944 721.8012 721.9985 722.2461 722.6085 723.0948 723.9674 724.8134 -9999 -9999 -9999 -9999 -9999 -9999 -9999 -9999 -9999
722.369 722.1858 721.8665 721.9834 721.8684 721.8286 721.7589 721.5292 721.0956 720.6208 720.0903 719.5692 719.149 718.8336 718.6507 718.5481 718.4746 718.4374 718.3972 718.3589 718.3257 718.2976 718.2762 718.2645 718.2664 718.2845 718.314 718.3359 718.3641 718.4128 718.4874 718.5406 718.6449 718.6581 718.8091 718.9445 719.1678 719.4281 719.6895 719.9465 720.1758 720.3364 720.4525 720.5693 720.7249 720.9304 721.1615 721.3782 721.5526 721.7059 721.832 722.0135 722.304 722.665 723.1148 723.8997 -9999 -9999 -9999 -9999 -9999 -9999 -9999 -9999 -9999 -9999
722.9497 722.6908 722.2643 722.0881 722.0021 721.9776 721.7448 721.3954 721.0022 721.373 720.7155 720.0564 719.516 719.1097 718.8331 718.6492 718.5266 718.4952 718.4387 718.4042 718.3867 718.3773 718.3734 718.377 718.3929 718.428 718.4797 718.4944 718.5083 718.5471 718.6459 718.6557 718.7839 718.8899 719.0579 719.2468 719.4773 719.726 719.9659 720.1768 720.3286 720.4299 720.4962 720.5692 720.6995 720.9141 721.1962 721.4822 721.7123 721.9791 722.1125 722.3507 722.6376 723.0426 723.4612 -9999 -9999 -9999 -9999 -9999 -9999 -9999 -9999 -9999 -9999 -9999
723.1548 722.8983 722.2953 722.0076 722.0424 721.9465 721.5188 721.1929 721.0114 721.4717 721.3934 720.5942 719.96 719.4783 719.1276 718.8558 718.6606 718.6438 718.5373 718.5051 718.5009 718.5023 718.5049 718.5101 718.5242 718.5609 718.6473 718.6501 718.6494 718.6547 718.7723 718.864 719.0047 719.1565 719.3391 719.5431 719.7643 719.9838 720.1774 720.3184 720.4219 720.4893 720.5228 720.5566 720.6588 720.8912 721.2649 721.6907 722.0347 722.4673 722.8155 722.985 723.2241 723.7292 -9999 -9999 -9999 -9999 -9999 -9999 -9999 -9999 -9999 -9999 -9999 -9999
-9999 722.749 722.0789 721.8881 721.905 721.525 721.0789 720.9949 721.0914 721.5067 721.6884 721.2253 720.5191 719.9694 719.569 719.2222 718.9577 718.8088 718.6579 718.6485 718.6492 718.6494 718.6495 718.6496 718.6495 718.6524 718.7429 718.7924 718.8273 718.8755 718.9885 719.1168 719.2701 719.4363 719.6156 719.8093 720.0039 720.178 720.3079 720.4103 720.4949 720.5527 720.5693 720.5648 720.6276 720.8654 721.3425 721.9309 722.3926 722.9032 723.2875 723.6182 724.0041 -9999 -9999 -9999 -9999 -9999 -9999 -9999 -9999 -9999 -9999 -9999 -9999 -9999
-9999 -9999 -9999 -9999 -9999 721.02 720.7512 720.7542 720.9637 721.3486 721.6344 721.6649 721.264 720.608 720.1708 719.7204 719.3659 719.1318 718.9426 718.8469 718.7955 718.7716 718.7676 718.776 718.792 718.8221 718.899 718.9722 719.0422 719.1257 719.2471 719.391 719.5467 719.7083 719.8612 720.0262 720.1784 720.293 720.3923 720.4902 720.5887 720.666 720.6857 720.6414 720.6544 720.8749 721.4235 722.0784 722.6127 723.102 723.6751 724.2451 -9999 -9999 -9999 -9999 -9999 -9999 -9999 -9999 -9999 -9999 -9999 -9999 -9999 -9999
-9999 -9999 -9999 -9999 -9999 -9999 720.5719 720.5613 720.7557 721.0417 721.2091 721.2088 721.6863 721.394 720.9008 720.308 719.8552 719.5742 719.3123 719.1122 718.9822 718.9175 718.905 718.9265 718.9673 719.024 719.1045 719.193 719.2859 719.3865 719.5132 719.6633 719.809 719.9569 720.0541 720.1785 720.2726 720.3582 720.4574 720.5834 720.7308 720.8652 720.9241 720.8412 720.8455 721.1602 721.8431 722.4515 722.9934 723.5406 724.2195 -9999 -9999 -9999 -9999 -9999 -9999 -9999 -9999 -9999 -9999 -9999 -9999 -9999 -9999 -9999
-9999 -9999 -9999 -9999 -9999 -9999 -9999 720.5406 720.6604 720.8928 720.9991 720.9926 721.2154 721.6853 721.4758 720.9672 720.408 720.125 719.7544 719.4381 719.2224 719.1123 719.0894 719.1227 719.1845 719.2598 719.3475 719.4464 719.5533 719.6492 719.7682 719.921 720.0317 720.1732 720.1823 720.2575 720.3273 720.4067 720.5247 720.7013 720.9233 721.1484 721.2925 721.126 721.2039 721.7668 722.373 722.957 723.4891 724.0699 -9999 -9999 -9999 -9999 -9999 -9999 -9999 -9999 -9999 -9999 -9999 -9999 -9999 -9999 -9999 -9999
