backend/lakes/data/Lac Ste. Anne/anne_dem_tm.asc
ncols         369
nrows         201
xllcorner     526750
yllcorner     5943500
cellsize      50
NODATA_value  -9999
[rows 116 to 144 of 201, columns 0 to 65 of 369]
-9999 -9999 -9999 -9999 -9999 -9999 -9999 -9999 -9999 -9999 -9999 -9999 -9999 -9999 -9999 -9999 -9999 -9999 -9999 728.6757 727.9353 727.1297 726.2585 724.8181 723.5509 722.778 722.2901 722.0264 721.961 722.0165 722.1447 722.34 722.5945 722.8711 723.0701 723.0085 722.6827 722.2452 721.9124 721.7963 722.3 723.785 726.8167 730.3519 733.4366 735.4443 736.3321 -9999 -9999 -9999 -9999 739.071 737.9723 737.6202 735.6733 733.0602 730.5357 728.4192 726.673 725.274 724.2205 723.6769 723.6911 724.004 724.3516 724.6312
-9999 -9999 -9999 -9999 -9999 -9999 -9999 -9999 -9999 -9999 -9999 -9999 -9999 -9999 -9999 -9999 -9999 -9999 729.6182 728.8998 727.7824 726.5353 725.1276 723.5674 722.8089 722.4019 722.1636 722.0452 722.048 722.1571 722.3365 722.5703 722.8447 723.0877 723.2169 723.0972 722.6783 722.1652 721.7467 721.7036 722.3091 724.0011 727.2632 730.9957 734.212 736.1714 737.0288 -9999 -9999 -9999 -9999 737.6496 737.2307 736.2789 734.1415 731.3205 728.5756 726.389 724.7102 723.5049 722.7067 722.2959 722.2197 722.298 722.325 722.3812
-9999 -9999 -9999 -9999 -9999 -9999 -9999 -9999 -9999 -9999 -9999 -9999 -9999 -9999 -9999 -9999 -9999 -9999 730.5767 729.4933 728.0062 726.2317 724.4767 723.1224 722.5466 722.2599 722.1219 722.0796 722.1293 722.2622 722.4578 722.6962 722.9503 723.1512 723.1951 723.0118 722.5822 722.0199 721.6182 721.6276 722.347 724.0943 727.2001 730.6514 733.6022 735.3764 735.7778 -9999 -9999 -9999 -9999 735.0576 735.0715 734.168 732.1241 729.3671 726.7038 724.6005 723.0906 722.1285 721.5966 721.4027 721.5063 721.8652 722.4451 723.1962
-9999 -9999 -9999 -9999 -9999 -9999 -9999 -9999 -9999 -9999 -9999 -9999 -9999 -9999 -9999 -9999 -9999 732.822 731.7037 730.1753 728.2118 726.0576 724.1403 723.0992 722.6238 722.3557 722.1667 722.0994 722.1633 722.3184 722.5173 722.7289 722.926 723.0562 723.0205 722.7694 722.3314 721.8504 721.5249 721.635 722.4403 724.1602 726.7269 729.4449 731.7563 733.0095 733.016 -9999 -9999 -9999 -9999 732.2186 732.4807 731.8586 730.129 727.6204 725.0805 723.1974 721.9475 721.2783 721.0116 721.0311 721.3855 722.1707 723.3959 725.0341
-9999 -9999 -9999 -9999 -9999 -9999 -9999 -9999 -9999 -9999 -9999 -9999 -9999 -9999 -9999 -9999 -9999 733.8565 732.3951 730.4829 728.1642 725.8217 724.0508 723.292 722.8796 722.5712 722.3034 722.1382 722.1503 722.3058 722.5057 722.6819 722.8033 722.8402 722.7352 722.4434 722.035 721.6581 721.5188 721.8119 722.6879 724.2897 726.0964 727.8584 729.4009 730.125 -9999 -9999 -9999 -9999 -9999 729.836 730.1268 729.8117 728.5325 726.4299 724.1864 722.5092 721.5082 721.0988 721.0018 721.0795 721.5334 722.5662 724.244 726.4558
-9999 -9999 -9999 -9999 -9999 -9999 -9999 -9999 -9999 -9999 -9999 -9999 -9999 -9999 -9999 -9999 -9999 733.9759 732.194 730.0173 727.5931 725.4136 724.3057 723.6427 723.177 722.7786 722.4323 722.1984 722.1463 722.2628 722.4393 722.5691 722.6082 722.5483 722.3782 722.0985 721.7762 721.5873 721.7169 722.3585 723.5468 724.8028 725.7886 726.5305 727.3213 727.6243 -9999 -9999 -9999 -9999 -9999 -9999 728.1732 728.187 727.4659 725.9077 724.2269 722.953 722.1266 721.7041 721.5498 721.3959 721.6762 722.5977 724.199 726.3583
-9999 -9999 -9999 -9999 -9999 -9999 -9999 -9999 -9999 -9999 -9999 -9999 -9999 -9999 -9999 -9999 734.7114 733.0561 731.0728 728.8284 726.5538 724.769 724.3983 723.7933 723.2798 722.8329 722.4544 722.2056 722.1376 722.2275 722.3656 722.4341 722.3851 722.2335 722.0126 721.7761 721.6232 721.7031 722.2205 723.4094 724.6578 725.6317 726.0328 726.0028 726.106 726.1244 -9999 -9999 -9999 -9999 -9999 -9999 726.7723 727.0662 726.9056 725.9567 724.9064 724.0499 723.4282 722.8917 722.3725 721.8351 721.733 722.3054 723.525 725.1205
-9999 -9999 -9999 -9999 -9999 -9999 -9999 -9999 -9999 -9999 -9999 -9999 -9999 -9999 -9999 -9999 733.0433 731.4021 729.4059 727.2442 725.2083 723.8138 723.733 723.4462 723.0676 722.6823 722.3533 722.1459 722.1024 722.1901 722.2988 722.3101 722.1818 721.9536 721.709 721.5486 721.6048 722.0441 723.0623 724.5002 725.6835 726.4479 726.7741 726.4028 726.0065 -9999 -9999 -9999 -9999 -9999 -9999 -9999 -9999 726.8275 727.0958 726.8013 726.0874 725.5136 725.0117 724.2933 723.4241 722.5897 721.8747 721.9119 722.5641 723.6621
-9999 -9999 -9999 -9999 -9999 -9999 -9999 -9999 -9999 -9999 -9999 -9999 -9999 -9999 -9999 -9999 730.8289 729.2958 727.4297 725.5068 723.8385 722.9535 722.9161 722.9235 722.7065 722.4223 722.1858 722.0627 722.0696 722.1618 722.2385 722.1962 722.0066 721.735 721.5076 721.4674 721.7581 722.5105 723.9962 725.5031 726.4463 726.9901 727.1517 726.9002 -9999 -9999 -9999 -9999 -9999 -9999 -9999 -9999 -9999 -9999 -9999 728.0663 727.5571 727.0249 726.5072 725.6069 724.4706 723.4055 722.5147 721.8151 721.8447 722.3997
-9999 -9999 -9999 -9999 -9999 -9999 -9999 -9999 -9999 -9999 -9999 -9999 -9999 -9999 -9999 729.0134 728.2963 726.9688 725.3666 723.8248 722.6826 722.1808 722.2632 722.4233 722.3315 722.1617 722.033 722.0106 722.0829 722.1814 722.2127 722.1044 721.8576 721.5703 721.4092 721.5615 722.1908 723.398 725.1431 726.5228 727.0945 727.3696 727.4137 -9999 -9999 -9999 -9999 -9999 -9999 -9999 -9999 -9999 -9999 -9999 -9999 -9999 -9999 728.236 727.6967 726.6515 725.3834 724.2244 723.2354 722.3677 721.5952 721.6847
-9999 -9999 -9999 -9999 -9999 -9999 -9999 -9999 -9999 -9999 -9999 -9999 -9999 -9999 726.3279 726.2574 725.6876 724.6364 723.4408 722.3619 721.8527 721.6857 721.8635 722.0242 722.0371 721.9718 721.943 722.0157 722.1567 722.2665 722.2482 722.0614 721.7493 721.4507 721.3771 721.7618 722.7892 724.5469 726.4674 727.6194 727.7775 727.7177 727.6599 -9999 -9999 -9999 -9999 -9999 -9999 -9999 -9999 -9999 -9999 -9999 -9999 -9999 -9999 -9999 728.6467 727.6191 726.3436 725.1516 724.0621 723.0298 722.0638 721.5396
-9999 -9999 -9999 -9999 -9999 -9999 -9999 -9999 -9999 -9999 -9999 -9999 -9999 -9999 723.943 723.8453 723.3997 722.673 721.9171 721.2495 721.29 721.4064 721.6434 721.8436 721.9132 721.9026 721.9351 722.0797 722.2822 722.4083 722.3467 722.0793 721.6941 721.3743 721.3768 721.9926 723.4719 725.7535 727.8691 728.7856 728.4515 728.0526 -9999 -9999 -9999 -9999 -9999 -9999 -9999 -9999 -9999 -9999 -9999 -9999 -9999 -9999 -9999 -9999 -9999 728.4171 727.2539 726.0712 724.9345 723.8907 722.9178 722.077
-9999 -9999 -9999 -9999 -9999 -9999 -9999 -9999 -9999 -9999 -9999 -9999 -9999 -9999 722.3217 722.1758 721.9108 721.502 721.0278 720.5641 720.9606 721.3417 721.6659 721.8895 721.969 721.9661 722.0171 722.1997 722.4471 722.5927 722.5013 722.1633 721.7041 721.3442 721.3812 722.1536 724.0796 726.7764 729.1315 730.1111 729.481 -9999 -9999 -9999 -9999 -9999 -9999 -9999 -9999 -9999 -9999 -9999 -9999 -9999 -9999 -9999 -9999 -9999 -9999 -9999 -9999 726.645 725.4532 724.5034 723.7269 722.8834
-9999 -9999 -9999 -9999 -9999 -9999 -9999 -9999 -9999 -9999 -9999 -9999 -9999 -9999 721.5034 721.3196 721.1765 721.0334 720.8496 720.2657 721.1554 721.5986 721.9373 722.1454 722.1897 722.149 722.1786 722.3669 722.6404 722.8058 722.7025 722.3167 721.7961 721.3915 721.428 722.279 724.4014 727.2609 729.7502 731.2333 730.5205 -9999 -9999 -9999 -9999 -9999 -9999 -9999 -9999 -9999 -9999 -9999 -9999 -9999 -9999 -9999 -9999 -9999 729.0452 728.3988 727.5305 726.3668 725.265 724.5078 723.91 723.2144
-9999 -9999 -9999 -9999 -9999 -9999 -9999 -9999 -9999 -9999 -9999 -9999 -9999 -9999 720.9929 720.9472 721.0035 721.0895 721.1302 721.2206 721.7309 722.1609 722.4614 722.6008 722.5659 722.4513 722.4271 722.5921 722.8704 723.0523 722.951 722.5434 721.9812 721.5332 721.5332 722.3599 724.4232 727.2025 729.5307 731.7506 731.2594 -9999 -9999 -9999 -9999 -9999 -9999 -9999 -9999 -9999 -9999 -9999 -9999 -9999 -9999 -9999 729.6863 728.9342 728.1086 727.3545 726.4596 725.4255 724.6141 723.9586 723.4347 722.8329
-9999 -9999 -9999 -9999 -9999 -9999 -9999 -9999 -9999 -9999 -9999 -9999 -9999 -9999 720.8195 721.0164 721.3992 721.8379 722.2047 722.4698 722.7408 723.0751 723.2428 723.2433 723.0817 722.8564 722.7448 722.8561 723.1175 723.3126 723.2323 722.833 722.2562 721.7679 721.6991 722.4279 724.2845 727.2326 730.2144 732.452 732.0054 730.2549 -9999 -9999 -9999 -9999 -9999 -9999 -9999 -9999 -9999 -9999 -9999 -9999 729.1036 729.2928 728.6357 727.6354 726.6783 725.905 725.0894 724.2605 723.6717 723.034 722.6381 722.1241
-9999 -9999 -9999 -9999 -9999 -9999 -9999 -9999 -9999 -9999 -9999 -9999 -9999 -9999 721.0192 721.5914 722.4087 723.3051 724.0598 724.3253 724.1734 724.3254 724.2089 723.9846 723.6608 723.3062 723.0863 723.1189 723.3444 723.5504 723.5144 723.161 722.6041 722.0823 721.8938 722.3854 723.8962 726.7986 729.9909 732.1128 732.0935 730.4557 729.0409 -9999 -9999 -9999 -9999 -9999 -9999 -9999 -9999 -9999 -9999 727.7534 727.9149 727.902 727.0953 725.9785 724.9984 724.3329 723.6964 723.0548 722.6134 722.019 721.7886 721.7028
-9999 -9999 -9999 -9999 -9999 -9999 -9999 -9999 -9999 -9999 -9999 -9999 -9999 -9999 -9999 722.6121 724.023 725.5555 726.6208 726.6861 726.0413 725.7276 725.1984 724.7039 724.2118 723.734 723.4025 723.3395 723.5108 723.7259 723.7589 723.4976 723.01 722.4922 722.1996 722.4357 723.5397 726.0266 729.0304 731.0466 730.9169 729.6624 728.7715 728.3889 -9999 -9999 -9999 -9999 -9999 -9999 -9999 728.1483 727.1703 726.5269 726.4531 726.23 725.4152 724.3257 723.3942 722.8651 722.424 722.0334 721.8463 721.7141 721.775 721.9427
-9999 -9999 -9999 -9999 -9999 -9999 -9999 -9999 -9999 -9999 -9999 -9999 -9999 -9999 -9999 724.0453 726.2709 728.3771 729.5707 729.2245 727.9136 726.9125 726.0213 725.3003 724.6755 724.1023 723.6708 723.5015 723.5968 723.8087 723.926 723.8007 723.4414 722.9902 722.6613 722.7198 723.4662 725.126 727.5281 729.0754 728.9782 728.3459 728.1526 728.2363 -9999 -9999 -9999 -9999 727.4051 727.8514 727.7156 727.0241 726.0786 725.33 725.0434 724.6582 723.8634 722.9084 722.0944 721.7574 721.6674 721.7026 721.8087 721.9374 722.1924 722.503
-9999 -9999 -9999 -9999 -9999 -9999 -9999 -9999 -9999 -9999 -9999 -9999 -9999 -9999 -9999 -9999 728.9139 731.418 732.5298 731.7051 729.7241 728.0162 726.6924 725.7356 725.0033 724.3746 723.8726 723.6022 723.6006 723.7834 723.9782 724.0138 723.8297 723.5009 723.1895 723.1149 723.5232 724.5527 726.004 726.8874 726.9965 727.1776 727.6318 728.222 728.3298 -9999 727.0941 726.3952 726.5408 726.8343 726.6163 725.9159 724.9868 724.2059 723.8005 723.2591 722.5256 721.7911 721.2456 721.0931 721.2808 721.662 722.0806 722.4154 722.743 722.9843
-9999 -9999 -9999 -9999 -9999 -9999 -9999 -9999 -9999 -9999 -9999 -9999 -9999 -9999 -9999 -9999 731.5508 734.2011 735.0292 733.8204 731.2972 728.8992 727.1613 725.979 725.1545 724.5045 723.9738 723.6268 723.5221 723.6439 723.8837 724.0739 724.0878 723.9181 723.6563 723.4697 723.531 723.9283 724.5117 724.8928 725.2787 726.3074 727.6082 728.606 728.5771 727.8072 726.6543 725.9034 725.8489 725.8569 725.5183 724.7437 723.8312 723.085 722.6671 722.0709 721.5417 721.0387 720.6797 720.6555 721.0266 721.6526 722.3312 722.9332 723.4283 723.5616
-9999 -9999 -9999 -9999 -9999 -9999 -9999 -9999 -9999 -9999 -9999 -9999 -9999 -9999 -9999 -9999 733.73 736.278 736.6392 735.2977 732.4323 729.4082 727.3846 726.0167 725.1079 724.4562 723.9406 723.56 723.3659 723.4007 723.6346 723.936 724.1388 724.1494 723.9756 723.72 723.5182 723.4575 723.5167 723.6631 724.1974 725.9229 727.8914 729.2147 728.8286 727.5446 726.0982 725.1424 724.8558 724.6303 724.1318 723.3682 722.5746 721.9817 721.6979 721.3142 720.9293 720.5944 720.3502 720.361 720.792 721.5517 722.3868 723.2704 724.1992 724.2311
-9999 -9999 -9999 -9999 -9999 -9999 -9999 -9999 -9999 -9999 -9999 -9999 -9999 -9999 -9999 -9999 735.1316 737.5956 738.1021 736.2866 733.1107 729.7881 727.4415 725.8582 724.8506 724.2034 723.7404 723.3826 723.1381 723.0783 723.2548 723.599 723.948 724.1403 724.0983 723.8512 723.5087 723.1944 723.0004 723.0746 723.7625 725.6864 727.8884 729.1442 728.6412 726.9688 725.2618 724.1136 723.6335 723.2124 722.673 722.083 721.6115 721.2689 721.0983 720.881 720.6143 720.3971 720.2456 720.2515 720.6112 721.3442 722.2349 723.2438 724.3057 725.6307
-9999 -9999 -9999 -9999 -9999 -9999 -9999 -9999 -9999 -9999 -9999 -9999 -9999 -9999 -9999 -9999 -9999 737.7191 738.0863 736.1619 732.9656 729.6057 727.1082 725.4083 724.3511 723.7325 723.3571 723.079 722.8417 722.7074 722.7921 723.1083 723.5361 723.8871 724.0066 723.8444 723.4795 723.0656 722.771 722.8103 723.5167 725.158 727.2604 728.6228 727.8927 726.0659 724.2653 723.0276 722.4537 722.0063 721.7029 721.3643 721.0593 720.8469 720.7728 720.6937 720.5314 720.402 720.3662 720.4357 720.7756 721.5321 722.6464 724.1234 725.8129 727.5497
-9999 -9999 -9999 -9999 -9999 -9999 -9999 -9999 -9999 -9999 -9999 -9999 -9999 -9999 -9999 -9999 -9999 736.1018 736.315 734.586 731.6749 728.5656 726.1996 724.5922 723.6045 723.0669 722.8062 722.651 722.4795 722.3152 722.3058 722.5454 722.9796 723.4393 723.7206 723.6923 723.386 722.9637 722.6156 722.5433 723.0076 724.1697 725.8231 727.0101 726.3167 724.8765 723.4337 722.5296 721.9773 721.5711 721.299 721.0652 720.8461 720.6818 720.6451 720.6732 720.6321 720.5944 720.6787 720.9261 721.4547 722.4276 724.0149 725.9745 727.8937 729.3912
-9999 -9999 -9999 -9999 -9999 -9999 -9999 -9999 -9999 -9999 -9999 -9999 -9999 -9999 -9999 -9999 732.1556 733.3119 733.3243 731.8522 729.3655 726.6982 724.7568 723.4718 722.6932 722.2933 722.1553 722.1315 722.0626 721.9215 721.8507 722.0006 722.3906 722.8949 723.2996 723.4146 723.2097 722.8334 722.4634 722.2474 722.3656 722.9451 724.1872 725.0627 724.5235 724.1236 723.2226 722.4795 721.9398 721.5291 721.2292 721.0177 720.8496 720.7228 720.7021 720.7903 720.8928 720.9962 721.1843 721.6453 722.5206 723.9534 725.9561 728.1191 729.8541 730.7621
-9999 -9999 -9999 -9999 -9999 -9999 -9999 -9999 -9999 -9999 -9999 -9999 -9999 -9999 -9999 -9999 729.4682 729.9949 729.829 728.6594 726.6857 724.5102 723.1385 722.2957 721.8032 721.5681 721.5274 721.5999 721.6295 721.5508 721.4727 721.5583 721.881 722.3718 722.8349 723.059 722.9656 722.6719 722.3376 722.0558 721.9802 722.2507 722.8499 723.436 723.4592 723.4495 723.0045 722.4676 721.993 721.5961 721.2706 721.0557 720.9428 720.896 720.9381 721.0863 721.3156 721.6185 721.9219 722.5286 723.752 725.5783 727.7817 729.8527 731.1915 731.7316
-9999 -9999 -9999 -9999 -9999 -9999 -9999 -9999 -9999 -9999 -9999 -9999 -9999 -9999 -9999 -9999 726.915 726.8583 726.5989 725.8225 724.4504 722.8033 721.901 721.4263 721.1819 721.0831 721.0762 721.1711 721.2483 721.2404 721.2106 721.2815 721.5425 721.9702 722.4188 722.687 722.6816 722.4849 722.2351 721.9712 721.8193 721.9303 722.2404 722.5243 722.6573 722.7578 722.6332 722.2904 721.9114 721.5694 721.2684 721.0724 721.0394 721.1405 721.342 721.6243 721.9411 722.4241 722.9296 723.6993 725.0299 726.8323 728.8356 730.6035 731.6398 731.9365
-9999 -9999 -9999 -9999 -9999 -9999 -9999 -9999 -9999 -9999 -9999 -9999 -9999 -9999 -9999 -9999 725.2695 724.762 724.4912 724.0949 723.2776 722.0973 721.4928 721.1957 721.0581 721.0193 720.9398 720.9651 720.9988 721.0303 721.0891 721.1968 721.4211 721.7529 722.1158 722.3514 722.382 722.2734 722.1328 721.9451 721.8029 721.8613 722.0834 722.1907 722.2114 722.2109 722.129 721.9238 721.6481 721.3868 721.1564 721.0345 721.1237 721.4362 721.926 722.484 723.0167 723.5115 724.0149 724.772 725.8867 727.3991 728.989 730.2746 731.1584 -9999
