backend/lakes/data/Lac Ste. Anne/anne_dem_tm.asc
ncols         369
nrows         201
xllcorner     526750
yllcorner     5943500
cellsize      50
NODATA_value  -9999
[rows 116 to 144 of 201, columns 264 to 329 of 369]
713.2512 713.235 713.3351 713.5411 713.8164 714.0904 714.3865 714.6423 714.8425 715.0013 715.1456 715.2906 715.4344 715.5711 715.7052 715.8345 715.934 715.9645 715.8981 715.7391 715.5256 715.3145 715.1622 715.1124 715.1919 715.3848 715.6 715.7448 715.8818 716.0283 716.1866 716.3566 716.536 716.7195 716.8956 717.043 717.1312 717.2252 717.301 717.384 717.4843 717.5956 717.7001 717.7823 717.8411 717.8851 717.9385 718.0472 718.2714 718.6866 719.4159 720.088 720.4117 720.5816 720.6801 720.7183 720.6722 720.5168 720.3027 720.1196 720.4026 720.8003 721.2726 721.9808 723.1249 724.8443
713.1083 713.1682 713.355 713.6586 714.0441 714.4105 714.7435 714.9661 715.1119 715.2274 715.3555 715.5132 715.6862 715.8557 716.0233 716.1896 716.3271 716.3845 716.3193 716.1306 715.8588 715.5704 715.3348 715.2067 715.218 715.3896 715.5989 715.7566 715.8932 716.0215 716.1517 716.2912 716.4451 716.6145 716.7947 716.9731 717.1278 717.1967 717.2479 717.3134 717.4028 717.5101 717.6162 717.703 717.7707 717.83 717.9045 718.0388 718.2942 718.7486 719.593 720.1976 720.5496 720.7402 720.8563 720.9331 720.9586 720.9171 720.8644 720.9078 721.0978 721.388 721.7402 722.4839 723.9871 726.0409
713.033 713.1414 713.3947 713.7668 714.1807 714.7294 715.1344 715.2853 715.3464 715.4054 715.5156 715.6952 715.9164 716.1415 716.3616 716.5773 716.7604 716.8497 716.7869 716.5686 716.2367 715.8652 715.5391 715.3313 715.2891 715.4172 715.5982 715.7634 715.9077 716.0264 716.1313 716.2393 716.3634 716.5101 716.6804 716.8619 717.0259 717.1296 717.1869 717.2508 717.3326 717.4346 717.5428 717.6382 717.7203 717.8044 717.9175 718.1041 718.4264 718.9487 719.9099 720.3671 720.6688 720.8845 721.0507 721.191 721.3057 721.3906 721.4998 721.7648 722.1558 722.4604 722.7674 723.647 725.2737 727.3202
713.0513 713.1935 713.5189 714.0189 714.5783 715.1633 715.5541 715.5408 715.498 715.5083 715.6105 715.8226 716.1104 716.4169 716.7144 716.9976 717.2373 717.3651 717.2988 717.048 716.6531 716.1911 715.7626 715.4624 715.3585 715.4696 715.6043 715.8041 715.9718 716.087 716.1669 716.2393 716.3257 716.4374 716.5822 716.7513 716.9172 717.0465 717.1304 717.2032 717.2777 717.3726 717.4821 717.5886 717.6888 717.8016 717.9583 718.21 718.6313 719.2695 720.0862 720.4118 720.7069 720.9733 721.2189 721.439 721.6403 721.7908 721.9313 722.1698 722.6516 723.4178 723.9973 724.9889 726.5473 728.4448
713.2021 713.3628 713.7337 714.2941 715.0242 715.5635 715.7296 715.6006 715.5148 715.5206 715.6398 715.8951 716.26 716.6674 717.0677 717.4413 717.7563 717.939 717.8522 717.5643 717.1034 716.5405 715.9953 715.5906 715.4246 715.591 715.7462 715.9667 716.1599 716.2712 716.3214 716.3496 716.3857 716.4415 716.5423 716.6838 716.8427 716.9958 717.1287 717.1816 717.2357 717.321 717.4315 717.5504 717.6697 717.8066 717.9895 718.2614 718.6843 719.36 720.0874 720.4016 720.6716 720.9613 721.2733 721.5975 721.9011 722.111 722.2063 722.2386 722.3735 723.6229 724.7659 725.9578 727.4879 729.2269
713.5585 713.751 714.2232 714.9692 715.7059 716.0266 715.9247 715.6044 715.4546 715.4683 715.623 715.9269 716.3666 716.8799 717.4003 717.8875 718.3018 718.5788 718.4393 718.1181 717.5861 716.9039 716.2268 715.7137 715.487 715.6058 715.9089 716.2557 716.5397 716.666 716.6838 716.6544 716.6183 716.5798 716.6079 716.6945 716.8098 716.938 717.0563 717.1298 717.1836 717.2717 717.3879 717.5201 717.6594 717.8171 718.0162 718.2855 718.6708 719.2526 719.8268 720.1827 720.4795 720.8031 721.1698 721.5748 721.9926 722.369 722.5812 722.6873 722.859 724.0749 725.2886 726.5171 727.9883 729.5465
714.2064 714.4355 715.0498 715.8871 716.644 716.6306 716.2094 715.626 715.3777 715.3861 715.5806 715.9333 716.436 717.0436 717.6881 718.3103 718.845 719.2384 719.0648 718.7322 718.0976 717.2551 716.4258 715.8062 715.5457 715.7413 716.2004 716.7388 717.2173 717.4025 717.3914 717.2735 717.1211 716.9176 716.8386 716.8292 716.8495 716.911 716.9944 717.0681 717.1304 717.2297 717.3529 717.4965 717.6554 717.8341 718.0486 718.3143 718.6552 719.1089 719.5544 719.8946 720.1882 720.5256 720.9201 721.3722 721.8717 722.3925 722.8879 723.3068 723.7723 724.283 725.5661 726.8621 728.2243 729.5225
715.2684 715.5355 716.0384 716.8088 717.2292 717.1048 716.5179 715.6865 715.3286 715.3056 715.5244 715.9178 716.4642 717.1375 717.8945 718.6977 719.532 720.0695 720.0163 719.4902 718.586 717.5214 716.538 715.8389 715.6002 715.9264 716.5909 717.4006 718.2895 718.6951 718.6862 718.3887 717.9814 717.5291 717.3229 717.1368 716.9757 716.9291 716.9673 717.0433 717.1299 717.212 717.3287 717.4786 717.654 717.8539 718.0848 718.3503 718.6504 718.983 719.3169 719.6111 719.8857 720.1906 720.5712 721.0199 721.532 722.0829 722.6105 723.0565 723.4678 723.9622 725.3232 726.6166 727.7998 728.8847
716.1769 716.505 716.9689 717.4093 717.6069 717.4171 716.8316 715.7818 715.3228 715.2484 715.4602 715.8711 716.4314 717.1162 717.902 718.7692 719.7333 720.1371 720.1566 719.7338 718.6864 717.5397 716.4915 715.7701 715.6052 716.0905 716.9624 718.0483 719.2003 719.881 719.9409 719.5471 719.0634 718.5958 718.2528 717.6194 717.1376 716.9611 716.9512 717.0242 717.1291 717.1877 717.3022 717.4616 717.6514 717.8689 718.1147 718.382 718.6504 718.8811 719.1191 719.3576 719.6011 719.8702 720.1917 720.5944 721.0717 721.6086 722.1201 722.5625 722.9943 723.5828 724.7632 725.9239 726.9647 727.9727
716.9818 717.1776 717.4806 717.7203 717.7657 717.5134 716.9086 715.8074 715.3171 715.2138 715.3959 715.7904 716.3279 716.9645 717.6632 718.3723 719.0016 719.4697 719.5571 719.0447 718.2744 717.2927 716.3043 715.6368 715.6279 716.1578 717.0811 718.2636 719.4825 720.0836 720.3306 720.2275 719.9098 719.1594 718.5417 717.7667 717.1674 716.9498 716.9156 716.9722 717.0587 717.1309 717.2705 717.4447 717.6462 717.8732 718.1246 718.391 718.6436 718.7831 718.9548 719.1489 719.3611 719.5947 719.8629 720.1893 720.6074 721.1407 721.6526 722.1263 722.6505 723.3838 724.4763 725.4918 726.41 727.3856
717.4124 717.58 717.7389 717.8179 717.7338 717.4141 716.8163 715.7711 715.2927 715.1896 715.3405 715.6908 716.1757 716.7362 717.3231 717.892 718.3777 718.7171 718.7535 718.3851 717.7812 716.9797 716.0893 715.5972 715.6027 716.0277 716.7363 717.5885 718.5793 719.2714 719.7778 719.8857 719.5043 718.8051 718.2098 717.5735 717.1241 716.9136 716.873 716.927 717.0211 717.1297 717.2684 717.4394 717.6393 717.8638 718.1042 718.3419 718.5405 718.6545 718.8203 718.9976 719.1908 719.3997 719.6299 719.9017 720.2466 720.8032 721.3287 721.8459 722.4818 723.4111 724.7462 725.9858 726.9589 727.8633
717.6642 717.7671 717.8151 717.7674 717.5717 717.1716 716.5221 715.6779 715.2653 715.1685 715.2955 715.5909 716.0059 716.4791 716.9594 717.4001 717.7595 717.9796 717.9675 717.6897 717.2294 716.6351 715.7849 715.4683 715.5079 715.8212 716.3055 716.8553 717.4019 717.8702 718.356 718.6074 718.4719 718.0554 717.6412 717.1826 716.9307 716.8174 716.8161 716.8886 717 717.1298 717.272 717.439 717.6306 717.8457 718.0739 718.2949 718.4901 718.6469 718.7495 718.9106 719.1014 719.3069 719.5325 719.8063 720.1711 720.6661 721.1893 721.7363 722.4427 723.5507 725.3513 726.9542 727.9525 728.6509
717.7816 717.8138 717.7789 717.645 717.3933 717.0344 716.3528 715.6344 715.2769 715.1661 715.2583 715.4983 715.8408 716.2291 716.6104 716.9437 717.1912 717.3105 717.2528 716.9987 716.5925 716.0923 715.5984 715.3962 715.44 715.6603 715.9777 716.325 716.6608 716.9696 717.2521 717.3593 717.3273 717.212 717.1014 716.8835 716.7548 716.7194 716.762 716.8591 716.9873 717.1298 717.274 717.4373 717.6194 717.8218 718.0365 718.2422 718.4194 718.5574 718.6528 718.8455 719.0682 719.2987 719.5417 719.8215 720.1746 720.6742 721.2255 721.8005 722.5015 723.6164 725.8975 727.9252 729.0034 729.4068
717.8051 717.7761 717.6837 717.4897 717.1631 716.7872 716.2031 715.614 715.2903 715.1736 715.2208 715.4088 715.6885 716.0061 716.3071 716.5513 716.7107 716.756 716.6614 716.42 716.0635 715.6577 715.4438 715.369 715.4277 715.5851 715.7959 716.0175 716.2278 716.4203 716.5845 716.6685 716.697 716.6991 716.6918 716.6345 716.6085 716.6381 716.7199 716.8395 716.9808 717.1298 717.2729 717.4321 717.6059 717.7937 717.9949 718.1912 718.3638 718.5124 718.6503 718.8219 719.0637 719.3399 719.627 719.9284 720.2359 720.7933 721.4116 722.0617 722.7756 723.8167 726.3135 728.6387 729.835 730.1754
717.7652 717.6959 717.5851 717.4072 717.1259 716.6846 716.1289 715.6088 715.3079 715.1722 715.1813 715.3212 715.5535 715.8203 716.0659 716.2478 716.3434 716.3403 716.2319 716.0294 715.7827 715.5947 715.4551 715.4209 715.4771 715.5914 715.7327 715.8781 716.0155 716.1396 716.2429 716.3138 716.3658 716.411 716.4496 716.4712 716.5096 716.584 716.6945 716.8303 716.9791 717.1298 717.2683 717.4218 717.5895 717.7633 717.9472 718.134 718.3066 718.4709 718.6449 718.7798 719.0475 719.3854 719.7476 720.1399 720.4766 720.9901 721.6182 722.3647 723.1373 723.9962 726.5224 729.0383 730.5104 730.8032
717.6813 717.5796 717.46 717.3141 717.0979 716.628 716.0901 715.6075 715.3139 715.1602 715.1339 715.2349 715.4373 715.678 715.8928 716.0394 716.0967 716.0652 715.9554 715.7886 715.604 715.5271 715.481 715.4905 715.5509 715.6431 715.7446 715.8441 715.9384 716.0258 716.1026 716.1656 716.2224 716.2786 716.3338 716.3885 716.4601 716.5598 716.6868 716.8312 716.9818 717.1298 717.2629 717.4081 717.5697 717.7317 717.8947 718.062 718.2217 718.3683 718.512 718.6599 719.0011 719.4037 719.7992 720.1798 720.6246 721.131 721.6644 722.2274 722.8823 723.9502 726.4858 729.0566 730.6397 731
717.5712 717.436 717.2878 717.1321 716.9081 716.5117 716.04 715.6034 715.3091 715.1378 715.086 715.1613 715.3462 715.5818 715.7921 715.9235 715.9597 715.9133 715.8135 715.6967 715.5997 715.5343 715.5145 715.5444 715.6125 715.6986 715.7841 715.861 715.933 716.0024 716.0677 716.1274 716.184 716.2408 716.2997 716.3652 716.4497 716.5604 716.694 716.8402 716.988 717.1298 717.257 717.3937 717.5469 717.7002 717.8438 717.9872 718.1301 718.2722 718.4319 718.6489 719.014 719.4626 719.8929 720.2477 720.7957 721.3204 721.7676 722.1552 722.7139 723.9772 726.3715 728.8378 730.5081 730.7883
717.4612 717.3059 717.1357 716.9822 716.7484 716.4023 715.994 715.5997 715.2964 715.1121 715.0491 715.1162 715.2998 715.5432 715.7638 715.8942 715.9139 715.8475 715.7439 715.6517 715.5996 715.5357 715.5214 715.5589 715.6343 715.7259 715.8137 715.8881 715.9532 716.0167 716.0796 716.1398 716.1965 716.2517 716.3094 716.3767 716.4642 716.5774 716.7115 716.8549 716.9966 717.1298 717.249 717.3792 717.5224 717.668 717.7987 717.921 718.0482 718.1917 718.3796 718.6502 719.062 719.5807 720.1118 720.5259 721.0686 721.6402 722.0737 722.3055 722.6566 724.0003 726.2412 728.4312 729.8992 729.9974
717.3687 717.2336 717.1245 716.9121 716.6487 716.3237 715.9598 715.5978 715.2847 715.0916 715.0367 715.1176 715.319 715.5829 715.821 715.9512 715.9451 715.8384 715.7031 715.6006 715.5448 715.4956 715.4886 715.5319 715.613 715.7128 715.8113 715.8969 715.9696 716.0368 716.1028 716.1664 716.2261 716.2821 716.3387 716.4047 716.4911 716.603 716.7344 716.8725 717.0063 717.1299 717.2379 717.3611 717.4974 717.6342 717.7578 717.8683 717.9832 718.1271 718.3378 718.6502 719.1066 719.6659 720.1964 720.7432 721.3445 721.9904 722.5811 722.7809 722.8033 724.321 726.3144 728.0566 729.101 729.2505
717.274 717.1328 717.0237 716.826 716.5693 716.2654 715.9335 715.5975 715.2822 715.0876 715.0549 715.1756 715.4169 715.7178 715.98 716.1056 716.0526 715.8722 715.6812 715.5981 715.501 715.4462 715.4416 715.4862 715.5695 715.6746 715.7827 715.8804 715.9661 716.0448 716.12 716.1907 716.2554 716.3147 716.3726 716.438 716.5223 716.6313 716.7588 716.8913 717.0167 717.1299 717.2271 717.3377 717.4702 717.6012 717.7201 717.8278 717.9387 718.0819 718.3059 718.6537 719.1771 719.8048 720.3446 720.9846 721.6067 722.2601 722.967 723.6362 723.7585 725.1848 726.8624 728.1915 728.9559 728.9717
717.2161 717.1279 716.9707 716.7607 716.5086 716.2223 715.9128 715.598 715.2915 715.1039 715.1023 715.2802 715.5879 715.9467 716.2473 716.3678 716.2426 715.935 715.6075 715.4856 715.4169 715.3896 715.4022 715.4519 715.5341 715.6382 715.7501 715.8557 715.9509 716.0397 716.1251 716.2053 716.2778 716.343 716.405 716.4719 716.5546 716.6599 716.7829 716.9098 717.0276 717.1299 717.216 717.313 717.436 717.5693 717.6891 717.7994 717.9174 718.0651 718.2933 718.6659 719.2901 720.0468 720.6876 721.3101 721.8812 722.4441 723.0345 723.7084 724.8217 726.3635 727.8418 728.8517 729.1899 -9999
717.1303 717.049 716.9031 716.7012 716.4592 716.1891 715.8967 715.5981 715.3077 715.1327 715.1614 715.4026 715.7922 716.2335 716.5978 716.7302 716.5245 716.0713 715.608 715.4124 715.3505 715.3539 715.392 715.4529 715.5334 715.631 715.738 715.8442 715.9431 716.0367 716.1281 716.2155 716.2952 716.3671 716.4347 716.5051 716.5875 716.6891 716.8068 716.9277 717.038 717.1299 717.2 717.2878 717.3981 717.5333 717.6652 717.7883 717.9223 718.0885 718.3165 718.6777 719.347 720.1276 720.8179 721.5027 722.1195 722.7313 723.4002 724.4717 726.0956 727.7469 729.0671 729.7769 729.7061 -9999
717.0665 716.9811 716.8406 716.6481 716.4175 716.1617 715.8852 715.5975 715.3179 715.1571 715.2057 715.494 715.9602 716.4919 716.9434 717.1168 716.8419 716.2311 715.6248 715.3744 715.3142 715.3452 715.4131 715.4931 715.5773 715.6674 715.7639 715.8629 715.9587 716.0513 716.1427 716.2322 716.3157 716.3922 716.4648 716.5392 716.6222 716.7197 716.8311 716.9452 717.048 717.1299 717.1865 717.2585 717.3649 717.4922 717.6418 717.7913 717.9563 718.1633 718.4176 718.7364 719.411 720.1445 720.803 721.4816 722.2012 723.0052 723.8916 725.5381 727.4669 729.1959 730.4344 730.8423 -9999 -9999
717.04 716.9325 716.786 716.5982 716.3787 716.1361 715.8755 715.597 715.3137 715.1592 715.2113 715.51 716.0099 716.5954 717.1096 717.2813 717.0402 716.3228 715.6389 715.3672 715.3124 715.3635 715.4569 715.5588 715.6549 715.7438 715.8305 715.9179 716.0049 716.0913 716.1779 716.2641 716.3466 716.4242 716.4995 716.5767 716.6598 716.7531 716.8569 716.963 717.0576 717.1299 717.1722 717.2328 717.327 717.4573 717.6079 717.7891 717.9982 718.2677 718.6194 718.9652 719.5375 720.1685 720.7291 721.3276 722.0188 722.9029 724.3924 726.4584 728.6693 730.559 731.7915 732.0286 -9999 -9999
716.9921 716.8778 716.7272 716.5432 716.335 716.1084 715.8632 715.5977 715.3057 715.1354 715.1691 715.4346 715.8982 716.4474 716.9197 717.1102 716.8309 716.222 715.6248 715.3872 715.3492 715.4135 715.5209 715.6373 715.7455 715.8403 715.9243 716.0027 716.0791 716.1555 716.2338 716.313 716.3906 716.4655 716.5402 716.6182 716.7007 716.7893 716.8846 716.9813 717.0668 717.1299 717.162 717.21 717.2953 717.416 717.5723 717.7589 717.9935 718.2866 718.6541 719.0844 719.6185 720.1772 720.6778 721.2058 721.9011 722.937 724.6652 726.9984 729.4864 731.5598 732.754 -9999 -9999 -9999
716.9373 716.8143 716.6606 716.4802 716.2826 716.0737 715.8477 715.598 715.312 715.1075 715.0933 715.2928 715.6707 716.1271 716.5119 716.6626 716.4702 716.0402 715.608 715.4373 715.4257 715.4996 715.6108 715.7294 715.8405 715.9387 716.0242 716.0997 716.1693 716.2363 716.3044 716.3745 716.4446 716.5142 716.5859 716.6627 716.7437 716.8274 716.9141 717.0004 717.0759 717.13 717.1558 717.1954 717.2694 717.3802 717.5272 717.7159 717.9537 718.2626 718.6552 719.1498 719.6793 720.1738 720.6014 721.0756 721.7635 722.7458 724.6069 727.11 729.784 731.978 733.0842 -9999 -9999 -9999
716.8647 716.7406 716.5875 716.4111 716.2234 716.0304 715.828 715.5977 715.3267 715.1014 715.0212 715.1334 715.4072 715.7573 716.0623 716.2007 716.1111 715.8596 715.6012 715.5096 715.5328 715.6183 715.7289 715.8416 715.9452 716.0375 716.1195 716.1929 716.259 716.3202 716.38 716.4408 716.5026 716.5657 716.6329 716.7072 716.7864 716.8661 716.9452 717.0213 717.0861 717.13 717.155 717.1915 717.2562 717.3529 717.4866 717.6655 717.9052 718.2272 718.6564 719.2086 719.7535 720.1707 720.4778 720.8233 721.3752 722.3416 724.2453 726.8419 729.6516 731.9581 733.0547 -9999 -9999 -9999
716.7882 716.6639 716.5134 716.3415 716.1615 715.983 715.8012 715.5992 715.3456 715.1265 714.9944 715.0131 715.1796 715.4302 715.6711 715.8145 715.8171 715.7133 715.6 715.5901 715.6559 715.7582 715.8698 715.9745 716.0658 716.1445 716.2153 716.2807 716.3414 716.3975 716.4507 716.5035 716.5576 716.6144 716.677 716.748 716.8253 716.9026 716.9764 717.0452 717.1011 717.1301 717.1628 717.2015 717.2588 717.3411 717.4565 717.6218 717.8583 718.1948 718.6652 719.2999 719.8801 720.1881 720.3845 720.5902 721.0153 721.9291 723.6632 726.2675 729.2006 731.672 732.8738 -9999 -9999 -9999
716.7158 716.5906 716.4444 716.2774 716.1033 715.9348 715.7723 715.5996 715.396 715.1818 715.0277 714.9709 715.0356 715.1946 715.3826 715.5331 715.6094 715.6174 715.6002 715.6756 715.7875 715.9091 716.0231 716.121 716.1998 716.2632 716.3184 716.3704 716.421 716.4691 716.5144 716.5592 716.6058 716.6566 716.7145 716.7822 716.8575 716.9335 717.0049 717.0709 717.1299 717.1588 717.1902 717.2285 717.2782 717.3462 717.444 717.5918 717.8218 718.17 718.6822 719.4172 720.103 720.3334 720.3927 720.4473 720.7236 721.4999 723.0554 725.5864 728.5872 731.2427 732.6931 732.7158 -9999 -9999
