backend/lakes/data/Lac Ste. Anne/anne_dem_tm.asc
ncols         369
nrows         201
xllcorner     526750
yllcorner     5943500
cellsize      50
NODATA_value  -9999
[rows 29 to 57 of 201, columns 264 to 329 of 369]
725.8161 727.0459 728.8949 731.0154 733.259 735.5087 737.568 739.1403 739.9458 740.0874 -9999 -9999 -9999 -9999 -9999 -9999 -9999 -9999 -9999 -9999 -9999 -9999 -9999 -9999 -9999 -9999 -9999 -9999 -9999 -9999 -9999 -9999 -9999 -9999 -9999 -9999 -9999 -9999 -9999 -9999 -9999 -9999 -9999 -9999 -9999 -9999 -9999 -9999 -9999 -9999 -9999 -9999 -9999 -9999 -9999 -9999 -9999 -9999 -9999 -9999 -9999 -9999 -9999 -9999 -9999 -9999
724.4749 725.3399 726.7996 728.8035 731.1199 733.5706 735.9531 737.8621 738.8802 738.8966 738.5858 -9999 -9999 -9999 -9999 -9999 -9999 -9999 -9999 -9999 -9999 -9999 -9999 -9999 -9999 -9999 -9999 -9999 -9999 -9999 -9999 -9999 -9999 -9999 -9999 -9999 -9999 -9999 -9999 -9999 -9999 -9999 -9999 -9999 -9999 -9999 -9999 -9999 -9999 -9999 -9999 -9999 -9999 -9999 -9999 -9999 -9999 -9999 -9999 -9999 -9999 -9999 -9999 -9999 -9999 -9999
723.1821 723.8866 725.0703 726.746 728.8085 731.2144 733.7067 735.8126 737.0062 737.1282 736.8596 736.6409 -9999 -9999 -9999 -9999 -9999 -9999 -9999 -9999 -9999 -9999 -9999 -9999 -9999 -9999 -9999 -9999 -9999 -9999 -9999 -9999 -9999 -9999 -9999 -9999 -9999 -9999 -9999 -9999 -9999 -9999 -9999 -9999 -9999 -9999 -9999 -9999 -9999 -9999 -9999 -9999 -9999 -9999 -9999 -9999 -9999 -9999 -9999 -9999 -9999 -9999 -9999 -9999 -9999 -9999
722.0243 722.5978 723.5145 724.8207 726.506 728.5436 730.9291 733.1365 734.5662 735.0137 735.0341 735.0349 735.129 -9999 -9999 -9999 -9999 -9999 -9999 -9999 -9999 -9999 -9999 -9999 -9999 -9999 -9999 -9999 -9999 -9999 -9999 -9999 -9999 -9999 -9999 -9999 -9999 -9999 -9999 -9999 -9999 -9999 -9999 -9999 -9999 -9999 -9999 -9999 -9999 -9999 -9999 -9999 -9999 -9999 -9999 -9999 -9999 -9999 -9999 -9999 -9999 -9999 -9999 -9999 -9999 -9999
721.0481 721.4965 722.153 723.0899 724.3732 725.9927 727.9219 730.1446 731.8947 732.8176 733.2723 733.5402 733.7779 734.1368 734.8819 -9999 -9999 -9999 -9999 -9999 -9999 -9999 -9999 -9999 -9999 -9999 -9999 -9999 -9999 -9999 -9999 -9999 -9999 -9999 -9999 -9999 -9999 -9999 -9999 -9999 -9999 -9999 -9999 -9999 -9999 -9999 -9999 -9999 -9999 -9999 -9999 -9999 -9999 -9999 -9999 -9999 -9999 -9999 -9999 -9999 -9999 -9999 -9999 -9999 -9999 -9999
720.2696 720.6288 721.0325 721.6222 722.5509 723.7982 725.3834 727.2466 729.2457 730.6281 731.505 732.005 732.3417 732.7001 733.3309 734.1801 735.0724 735.9071 736.3911 736.4088 736.2733 -9999 -9999 -9999 -9999 -9999 -9999 -9999 -9999 -9999 -9999 -9999 -9999 -9999 -9999 -9999 -9999 -9999 -9999 -9999 -9999 -9999 -9999 -9999 -9999 -9999 -9999 -9999 -9999 -9999 -9999 -9999 -9999 -9999 -9999 -9999 -9999 -9999 -9999 -9999 -9999 -9999 -9999 -9999 -9999 -9999
719.7289 720.0233 720.1782 720.4547 721.1069 722.0108 723.2887 724.895 726.7104 728.3195 729.4737 730.225 730.6901 731.1693 731.8196 732.5482 733.2869 733.9297 734.2445 734.1906 734.0662 734.0468 734.1677 -9999 -9999 -9999 -9999 -9999 -9999 -9999 -9999 -9999 -9999 -9999 -9999 -9999 -9999 -9999 -9999 -9999 -9999 -9999 -9999 -9999 -9999 -9999 -9999 -9999 -9999 -9999 -9999 -9999 -9999 -9999 -9999 -9999 -9999 -9999 -9999 -9999 -9999 -9999 -9999 -9999 -9999 -9999
719.1724 719.3853 719.5197 719.6995 720.0883 720.624 721.561 722.8068 724.3226 725.8085 727.0346 728.0038 728.7159 729.3638 730.0598 730.7491 731.3896 731.841 732.0067 731.9411 731.9516 732.1289 732.4197 732.8541 733.2448 -9999 -9999 -9999 -9999 -9999 -9999 -9999 -9999 -9999 -9999 -9999 -9999 -9999 -9999 -9999 -9999 -9999 -9999 -9999 -9999 -9999 -9999 -9999 -9999 -9999 -9999 -9999 -9999 -9999 -9999 -9999 -9999 -9999 -9999 -9999 -9999 -9999 -9999 -9999 -9999 -9999
718.6826 718.9086 719.0339 719.1488 719.384 719.7064 720.2426 721.0281 722.174 723.3566 724.3787 725.4344 726.3624 727.1563 727.8761 728.5505 729.1113 729.4586 729.6115 729.6682 729.8987 730.2823 730.6981 731.0963 731.4373 731.7675 731.8018 731.8092 -9999 -9999 -9999 -9999 -9999 -9999 -9999 -9999 -9999 -9999 -9999 -9999 -9999 -9999 727.2596 729.0823 731.1962 733.1818 734.7642 735.922 736.6629 736.739 -9999 -9999 -9999 -9999 -9999 -9999 -9999 -9999 -9999 -9999 -9999 -9999 -9999 -9999 -9999 -9999
718.3932 718.5571 718.6056 718.6628 718.8636 719.0509 719.3186 719.7623 720.4954 721.3828 722.2301 723.1056 723.8785 724.7199 725.4325 726.0686 726.5612 726.9031 727.1425 727.3157 727.7115 728.2408 728.7059 729.0396 729.3868 729.9719 730.5031 730.924 731.2269 730.9147 730.4893 730.1005 730.0334 -9999 -9999 -9999 -9999 -9999 -9999 -9999 726.8181 726.1529 726.8397 728.0927 729.7206 731.3795 732.7119 733.6759 734.2651 734.4122 734.2343 734.1445 734.5452 735.2908 -9999 -9999 -9999 -9999 -9999 -9999 -9999 -9999 -9999 -9999 -9999 -9999
717.9975 717.9103 717.9188 718.0294 718.2988 718.4138 718.543 718.7571 719.2566 719.8748 720.5219 721.2733 721.9844 722.7424 723.4366 724.0798 724.5448 724.9406 725.2433 725.079 725.414 725.9486 726.4168 726.7459 727.2168 728.1899 729.256 730.0565 730.4266 730.3318 729.9376 729.4752 729.2704 729.8557 730.626 731.248 731.4672 -9999 -9999 728.6846 727.6593 726.8513 726.6608 727.172 728.1946 729.3673 730.3668 731.123 731.6582 731.9797 732.1421 732.4347 733.0587 733.8986 734.8775 735.9243 737.1037 738.3809 -9999 -9999 -9999 -9999 -9999 -9999 -9999 -9999
717.5392 717.2206 717.1483 717.1779 717.2865 717.404 717.6691 717.8835 718.2448 718.6262 719.2183 719.8542 720.457 721.1224 721.7104 722.2814 722.7646 723.1902 723.5248 723.6356 723.64 723.7274 724.1245 724.504 725.19 726.4551 727.8887 729.0279 729.5452 729.5701 729.2259 728.8918 728.7928 729.2515 730.0981 730.8513 731.0153 730.4753 729.5111 728.6432 727.7377 726.7822 726.1006 726.1285 726.6245 727.3162 727.991 728.6025 729.1902 729.7111 730.142 730.652 731.3384 732.1367 733.0117 733.9399 735.0118 736.2488 737.4467 738.3576 -9999 -9999 -9999 -9999 -9999 -9999
717.1226 716.7677 716.6089 716.5859 716.6661 716.8241 717.0667 717.1587 717.3005 717.6042 718.171 718.6288 719.2204 719.7798 720.1964 720.6576 721.1891 721.637 722.0229 722.3271 722.2819 722.2413 722.3989 722.6586 723.405 724.7061 726.153 727.3047 727.8456 727.9905 727.8868 727.7846 727.9578 728.5581 729.4252 730.1323 730.3384 729.8895 729.1782 728.2139 727.1166 725.969 725.0577 724.7806 724.8369 725.1862 725.6739 726.2382 726.8582 727.4441 727.9756 728.4742 729.0569 729.7075 730.4684 731.3309 732.3632 733.5854 734.8397 735.9628 736.8204 737.3175 -9999 -9999 -9999 -9999
716.7328 716.4104 716.2326 716.189 716.2587 716.4176 716.6332 716.8243 717.0941 717.4474 717.347 717.5485 718.1346 718.5234 718.8889 719.3874 719.8989 720.2989 720.6882 721.1477 721.1694 721.1464 721.2806 721.5583 722.1758 723.1638 724.2745 725.1252 725.5089 725.6957 725.763 725.9464 726.4629 727.2797 728.2078 728.8893 728.9965 729.1497 728.5849 727.5325 726.1979 724.8134 723.6802 723.1448 722.9724 723.3302 723.8179 724.3494 724.6929 725.1109 725.5818 725.9727 726.3701 726.8397 727.4843 728.303 729.3318 730.5623 731.8925 733.2154 734.3489 735.1619 735.8912 -9999 -9999 -9999
716.4107 716.1421 715.9773 715.9301 715.9889 716.1284 716.3213 716.5402 716.7938 716.9244 716.8213 716.8772 717.1533 717.4119 717.8459 718.3339 718.7721 719.2347 719.6592 720.0836 720.2075 720.2753 720.5047 720.7698 721.199 721.8786 722.5911 723.0968 723.2795 723.2643 723.3494 723.6769 724.3974 725.2867 726.2256 727.0173 727.5164 727.6465 727.1951 726.224 724.9139 723.5707 722.5984 722.0408 721.8419 722.0222 722.3567 722.7238 722.9995 723.2668 723.4991 723.7256 723.9203 724.2057 724.6795 725.3517 726.2704 727.4673 728.8217 730.2817 731.6224 732.6563 733.5575 734.5198 735.3995 -9999
716.1615 715.9551 715.8157 715.7694 715.8097 715.9095 716.0453 716.2084 716.3697 716.4294 716.3735 716.3845 716.5234 716.7305 717.057 717.3652 717.8364 718.3267 718.7299 719.1566 719.3804 719.5515 719.8627 720.0834 720.3244 720.7854 721.1927 721.4557 721.5427 721.5691 721.745 722.0919 722.6567 723.316 723.9312 724.6594 725.3543 725.4639 725.1721 724.5424 723.5301 722.5269 721.7762 721.301 721.1014 721.1452 721.3115 721.5387 721.7706 721.9854 722.1597 722.2944 722.3849 722.5034 722.7156 723.0546 723.6945 724.6891 725.904 727.3678 728.8297 730.0023 730.9359 731.83 732.6613 733.4951
715.9713 715.8294 715.7206 715.6807 715.699 715.7468 715.7983 715.8809 715.9747 716.0286 716.0171 716.0233 716.1074 716.2565 716.4796 716.7325 717.0759 717.389 717.8595 718.3194 718.5608 718.6929 718.9127 719.2473 719.5042 719.8345 720.0284 720.1801 720.2518 720.3555 720.6533 720.9548 721.3437 721.8636 722.418 723.0805 723.6193 723.4052 723.1677 722.9247 722.2809 721.6872 721.1797 720.8198 720.6458 720.6043 720.6201 720.7349 720.9495 721.1546 721.3364 721.4597 721.5115 721.535 721.5869 721.7281 722.0753 722.6886 723.5245 724.7935 726.1823 727.3841 728.3011 729.0929 729.8715 730.7763
715.8257 715.7416 715.661 715.6373 715.6414 715.6447 715.6016 715.6005 715.6153 715.7306 715.7582 715.7705 715.8386 715.9406 716.092 716.2779 716.515 716.7683 717.0975 717.3704 717.696 717.9031 718.1879 718.5042 718.6417 718.7784 718.9225 719.1854 719.3434 719.5414 719.9268 720.1219 720.3426 720.7794 721.1938 721.6518 722.0513 722.03 721.9758 721.9166 721.5195 721.1257 720.7754 720.4982 720.3812 720.3112 720.192 720.2123 720.434 720.6163 720.8319 720.9941 721.0634 721.0717 721.0609 721.0811 721.2104 721.509 722.014 722.8157 723.924 724.9667 725.852 726.616 727.429 728.411
715.7133 715.6714 715.6005 715.5997 715.5999 715.5984 715.5118 715.4692 715.4911 715.5955 715.5997 715.6017 715.6786 715.7374 715.8433 715.9686 716.1315 716.3192 716.5498 716.7915 717.0712 717.2275 717.5336 717.7432 717.8534 718.0222 718.2191 718.4955 718.6277 718.782 719.1429 719.3425 719.5544 719.9478 720.1631 720.3666 720.6364 720.8817 720.9883 721.0056 720.8467 720.6544 720.4437 720.2026 720.1689 720.1426 719.9641 719.9484 720.1335 720.2187 720.4769 720.6962 720.808 720.8634 720.8758 720.8595 720.865 720.9551 721.2052 721.671 722.3224 722.9631 723.7635 724.5632 725.4674 726.5168
715.5997 715.5977 715.5286 715.4971 715.4764 715.4481 715.3813 715.3396 715.3522 715.4133 715.4498 715.5028 715.5971 715.6019 715.6897 715.7587 715.8756 716.0013 716.1538 716.351 716.5785 716.7907 717.0626 717.1429 717.2081 717.4435 717.6094 717.7862 717.9843 718.2079 718.5333 718.653 718.7888 719.1307 719.3024 719.4542 719.7418 720.0411 720.152 720.1835 720.1667 720.1423 720.0769 719.8546 719.7549 719.6866 719.5743 719.5681 719.7189 719.9008 720.1814 720.4354 720.5619 720.7039 720.8041 720.8289 720.7998 720.7897 720.8821 721.1234 721.4805 721.8644 722.3334 723.0538 723.9958 725.0862
715.4022 715.4011 715.3614 715.3269 715.2964 715.26 715.2106 715.1776 715.1821 715.2217 715.2734 715.3479 715.4402 715.5023 715.5965 715.6031 715.7064 715.7731 715.8514 716.006 716.181 716.3754 716.5778 716.7034 716.8477 717.08 717.1323 717.1975 717.442 717.6426 717.9053 718.0703 718.2715 718.5665 718.6568 718.7484 719.0494 719.2631 719.3479 719.3774 719.391 719.3998 719.3735 719.2722 719.2047 719.1523 719.0961 719.1124 719.2904 719.5449 719.8557 720.1411 720.2248 720.4747 720.6963 720.8114 720.8162 720.7935 720.8326 720.9739 721.1823 721.3943 721.6171 722.0792 723.0081 724.1327
715.1672 715.1666 715.144 715.1157 715.0857 715.0521 715.0156 714.9906 714.9904 715.0181 715.0715 715.1512 715.2451 715.3304 715.4219 715.4883 715.5949 715.5991 715.6064 715.7463 715.8577 716.0179 716.1748 716.322 716.485 716.6628 716.7601 716.8786 717.0938 717.1754 717.4138 717.5681 717.7894 718.0391 718.194 718.3528 718.5979 718.6636 718.6718 718.6703 718.6721 718.6776 718.6774 718.6627 718.6561 718.6523 718.6471 718.6746 718.9028 719.1824 719.48 719.7465 719.9336 720.1973 720.4951 720.7009 720.7684 720.7997 720.864 720.9926 721.1422 721.1959 720.9961 721.3218 722.3419 723.533
714.9291 714.9304 714.9167 714.8946 714.8686 714.8406 714.8129 714.7939 714.7913 714.8104 714.8576 714.9324 715.0208 715.1086 715.2004 715.2897 715.3773 715.4114 715.4559 715.592 715.6085 715.7474 715.851 715.9965 716.1567 716.3087 716.4336 716.574 716.7502 716.8929 717.1002 717.1616 717.3951 717.6379 717.8284 717.998 718.1591 718.2116 718.2112 718.2003 718.1958 718.2008 718.2124 718.2271 718.2507 718.2847 718.3342 718.4301 718.644 718.8853 719.142 719.3853 719.6154 719.8945 720.1982 720.4656 720.5732 720.6985 720.8351 720.988 721.1129 721.0326 719.9061 720.7258 721.7767 722.8493
714.709 714.7134 714.705 714.6875 714.665 714.6412 714.6187 714.6025 714.5984 714.6107 714.6484 714.7112 714.7845 714.8617 714.9499 715.0554 715.1521 715.2188 715.2892 715.4019 715.4761 715.5941 715.6073 715.7475 715.8949 716.0199 716.147 716.2897 716.4484 716.6055 716.7791 716.9111 717.1274 717.3516 717.5437 717.7034 717.8248 717.8789 717.8907 717.8884 717.8879 717.8958 717.9124 717.9368 717.974 718.0326 718.1194 718.2475 718.4357 718.6485 718.8638 719.0766 719.2977 719.5671 719.8712 720.148 720.23 720.4681 720.6809 720.8304 720.8993 720.7678 720.329 720.7686 721.4099 722.2008
714.5195 714.5261 714.5217 714.5079 714.4882 714.4666 714.4459 714.4301 714.4243 714.4313 714.4586 714.5045 714.5559 714.6131 714.6945 714.8191 714.9407 715.0338 715.1219 715.2255 715.3206 715.4198 715.4814 715.5997 715.7175 715.7903 715.9054 716.0407 716.1847 716.3403 716.5109 716.6862 716.9028 717.1279 717.3185 717.4697 717.5779 717.6403 717.6697 717.6838 717.6951 717.7097 717.7305 717.7587 717.7998 717.8678 717.9713 718.1102 718.28 718.4645 718.6497 718.8273 719.0106 719.2349 719.4962 719.746 719.9277 720.1807 720.4252 720.546 720.6454 720.6297 720.5559 720.8325 721.2842 721.8527
714.3677 714.3737 714.3714 714.36 714.3427 714.3231 714.3022 714.2844 714.2778 714.2814 714.2986 714.3263 714.353 714.3844 714.4584 714.6113 714.7525 714.8567 714.9514 715.0542 715.1598 715.266 715.3643 715.4843 715.5966 715.6038 715.7164 715.8416 715.9607 716.1062 716.2797 716.475 716.697 716.9252 717.1288 717.2839 717.3919 717.4684 717.5176 717.55 717.576 717.6009 717.628 717.6594 717.7009 717.7674 717.8718 718.011 718.1711 718.3374 718.5004 718.6496 718.7857 718.9509 719.1475 719.3469 719.5318 719.75 720.0015 720.0638 720.2897 720.4675 720.6105 720.8733 721.2316 721.6415
714.2537 714.2578 714.2548 714.2444 714.2278 714.2115 714.191 714.1678 714.1633 714.1655 714.1735 714.185 714.1912 714.1974 714.2517 714.4641 714.5938 714.681 714.7743 714.8813 714.9966 715.1147 715.2307 715.3477 715.4472 715.5014 715.5999 715.7013 715.772 715.9027 716.0757 716.2786 716.5049 716.7382 716.9541 717.1289 717.2454 717.3444 717.4136 717.4625 717.5027 717.539 717.574 717.6104 717.6531 717.7146 717.8113 717.9443 718.0997 718.2606 718.4154 718.5493 718.6511 718.7603 718.8767 718.9918 719.0806 719.1337 719.1765 719.1567 719.7505 720.1813 720.5131 720.8246 721.127 721.3649
714.173 714.1754 714.1716 714.1598 714.1415 714.1313 714.1155 714.0803 714.08 714.08 714.08 714.0798 714.0799 714.0799 714.0898 714.3648 714.4236 714.4895 714.5863 714.705 714.833 714.9625 715.0887 715.2078 715.3114 715.3978 715.4995 715.5971 715.6033 715.7288 715.8976 716.0981 716.3247 716.5644 716.7963 716.994 717.1331 717.2616 717.3438 717.4036 717.4554 717.5035 717.5474 717.5896 717.6356 717.6942 717.7811 717.9051 718.0568 718.2214 718.3852 718.5343 718.6495 718.6884 718.7206 718.7521 718.7516 718.6663 718.6469 718.6555 719.0037 719.7377 720.2866 720.6967 721.0559 721.4073
714.1179 714.1193 714.1171 714.1062 714.0801 714.08 714.0799 714.0425 714.0226 714.0104 713.9973 713.9864 714.0067 714.0745 714.1744 714.0905 714.1848 714.2876 714.4058 714.5381 714.6772 714.8152 714.9473 715.0693 715.1775 715.274 715.3678 715.4473 715.4924 715.5995 715.7462 715.9316 716.1516 716.3966 716.6525 716.9023 717.1241 717.2257 717.2932 717.3562 717.4191 717.4799 717.5341 717.5825 717.6315 717.69 717.7698 717.8837 718.031 718.1992 718.3734 718.5339 718.6498 718.6698 718.6595 718.6501 718.649 718.5391 718.4611 718.4514 718.6475 719.1015 719.9544 720.4524 720.8226 721.1508
