backend/lakes/data/Shiningbank Lake/shin_dem_tm.asc
ncols         117
nrows         96
xllcorner     429900
yllcorner     5964100
cellsize      50
NODATA_value  -9999
[rows 31 to 61 of 96, columns 0 to 69 of 117]
-9999 -9999 -9999 -9999 -9999 -9999 -9999 -9999 -9999 -9999 -9999 -9999 -9999 -9999 -9999 -9999 -9999 -9999 -9999 -9999 -9999 -9999 -9999 -9999 -9999 -9999 -9999 835.0306 835.244 835.4329 835.4604 835.3933 835.0081 834.2466 833.0144 831.4651 830.0505 829.0847 828.5813 828.3228 828.1172 827.9727 827.8704 827.8368 827.8037 827.732 827.73 827.7303 827.7302 827.7298 827.7124 827.7218 827.7341 827.7402 827.73 827.7174 827.7024 827.6919 827.7059 827.7691 827.9097 828.1315 828.3752 828.5514 828.5417 828.4511 828.4276 828.5464 828.8573 829.2804
-9999 -9999 -9999 -9999 -9999 -9999 -9999 -9999 -9999 -9999 -9999 -9999 -9999 -9999 -9999 -9999 -9999 -9999 -9999 -9999 -9999 -9999 -9999 -9999 -9999 -9999 -9999 834.8771 834.9603 834.8182 834.351 833.9468 833.3613 832.5334 831.35 830.0931 829.1284 828.5963 828.3179 828.0922 827.9209 827.8295 827.7318 827.7297 827.7284 827.6553 827.625 827.6199 827.6284 827.6407 827.6459 827.6608 827.6803 827.6996 827.7153 827.73 827.7216 827.7066 827.7203 827.7884 827.9253 828.1287 828.3372 828.3362 828.2402 828.135 828.1212 828.2607 828.5673 828.9553
-9999 -9999 -9999 -9999 -9999 -9999 -9999 -9999 -9999 -9999 -9999 -9999 -9999 -9999 -9999 -9999 -9999 -9999 -9999 -9999 -9999 -9999 -9999 -9999 -9999 -9999 -9999 834.6693 834.512 834.0885 833.3942 832.7594 832.1235 831.288 830.1852 829.1966 828.6134 828.3157 828.0809 827.8876 827.7354 827.7249 827.6384 827.6073 827.5901 827.5458 827.5177 827.5114 827.522 827.537 827.5474 827.5604 827.5812 827.6117 827.651 827.6958 827.7299 827.7297 827.7555 827.8365 827.9823 828.1732 828.3395 828.309 828.2035 828.1086 828.1047 828.2467 828.5404 828.9185
-9999 -9999 -9999 -9999 -9999 -9999 -9999 -9999 -9999 -9999 -9999 -9999 -9999 -9999 -9999 -9999 -9999 -9999 -9999 -9999 -9999 -9999 -9999 -9999 -9999 -9999 834.7283 834.4945 834.1803 833.6109 832.6938 832.0928 831.458 830.5635 829.4779 828.7491 828.3516 828.0913 827.8904 827.7265 827.5823 827.5284 827.4783 827.4528 827.4357 827.4109 827.3927 827.39 827.4064 827.4235 827.43 827.4332 827.4469 827.4819 827.5399 827.6134 827.684 827.73 827.7778 827.8718 828.0208 828.1985 828.3398 828.342 828.2736 828.2043 828.201 828.3104 828.5284 828.7867
-9999 -9999 -9999 -9999 -9999 -9999 -9999 -9999 -9999 -9999 -9999 -9999 -9999 -9999 -9999 -9999 -9999 -9999 -9999 -9999 -9999 -9999 -9999 -9999 -9999 -9999 834.6948 834.3154 833.8736 833.1065 832.236 831.9098 831.2465 830.201 829.1306 828.5401 828.288 827.95 827.7269 827.5431 827.397 827.318 827.2932 827.2841 827.2765 827.265 827.2549 827.2551 827.2861 827.3082 827.3059 827.2914 827.2892 827.3209 827.3939 827.4993 827.6184 827.7289 827.7787 827.8824 828.0352 828.2045 828.34 828.3928 828.3792 828.3414 828.3359 828.4067 828.5571 828.7546
-9999 -9999 -9999 -9999 -9999 -9999 -9999 -9999 -9999 -9999 -9999 -9999 -9999 -9999 -9999 -9999 -9999 -9999 -9999 -9999 -9999 -9999 -9999 -9999 -9999 -9999 834.5837 834.0725 833.5679 832.9349 832.186 831.9056 831.1935 830.0836 829.0114 828.3674 828.0499 827.7446 827.5513 827.3737 827.2215 827.1225 827.1192 827.1196 827.1196 827.1197 827.1196 827.121 827.1793 827.2084 827.1898 827.1479 827.121 827.1426 827.226 827.3588 827.511 827.6443 827.731 827.871 828.0401 828.2089 828.3398 828.4478 828.4938 828.4894 828.485 828.5289 828.6204 828.7643
-9999 -9999 -9999 -9999 -9999 -9999 -9999 -9999 -9999 -9999 -9999 -9999 -9999 -9999 -9999 -9999 -9999 -9999 -9999 -9999 -9999 -9999 -9999 -9999 -9999 -9999 834.3679 833.8953 833.3638 832.9745 832.517 832 831.1804 830.0364 828.9881 828.3331 827.9728 827.7244 827.4845 827.2787 827.1219 827.021 826.9771 826.9587 826.9573 826.9716 827.0015 827.0483 827.1199 827.1455 827.0964 827.0153 826.9568 826.9659 827.061 827.2273 827.4236 827.5982 827.7293 827.8774 828.0615 828.2405 828.3448 828.5137 828.6162 828.6423 828.6465 828.6939 828.7355 828.8085
-9999 -9999 -9999 -9999 -9999 -9999 -9999 -9999 -9999 -9999 -9999 -9999 -9999 -9999 -9999 -9999 -9999 -9999 -9999 -9999 -9999 -9999 -9999 -9999 -9999 -9999 -9999 833.4455 833.0427 832.9778 832.8937 832.3032 831.486 830.2293 829.0527 828.3384 827.9586 827.7251 827.4543 827.2296 827.1155 826.9644 826.8688 826.8215 826.8138 826.842 826.9024 826.9884 827.0825 827.12 827.0317 826.9041 826.8131 826.8146 826.9305 827.1424 827.3958 827.6095 827.7307 827.881 828.0931 828.3358 828.4619 828.625 828.7566 828.7996 828.8185 828.9448 828.9827 828.998
-9999 -9999 -9999 -9999 -9999 -9999 -9999 -9999 -9999 -9999 -9999 -9999 -9999 -9999 -9999 -9999 -9999 -9999 -9999 -9999 -9999 -9999 -9999 -9999 -9999 -9999 -9999 833.0427 832.9417 833.0039 833.1133 832.8187 831.926 830.5089 829.1542 828.3537 827.9576 827.7238 827.414 827.1282 826.9978 826.8667 826.7659 826.7096 826.7025 826.7452 826.8292 826.9424 827.063 827.1199 826.9952 826.8275 826.7151 826.7249 826.8777 827.1487 827.4713 827.72 827.7859 827.879 828.0637 828.3272 828.478 828.6755 828.8788 828.9493 828.9794 829.2875 829.506 829.5325
-9999 -9999 -9999 -9999 -9999 -9999 -9999 -9999 -9999 -9999 -9999 -9999 -9999 -9999 -9999 -9999 -9999 -9999 -9999 -9999 -9999 -9999 -9999 -9999 -9999 -9999 -9999 832.8853 832.9974 833.1589 833.2699 833.0347 832.2358 830.708 829.2352 828.3701 827.9555 827.7255 827.402 827.122 826.9368 826.7952 826.6964 826.6425 826.6443 826.7052 826.8046 826.9243 827.0587 827.1198 826.9911 826.8123 826.7076 826.7598 826.9775 827.3188 827.698 827.8831 827.9209 827.9258 827.9893 828.1425 828.3348 828.589 828.9209 829.0671 829.225 829.5404 829.6906 829.8073
-9999 -9999 -9999 -9999 -9999 -9999 -9999 -9999 -9999 -9999 -9999 -9999 -9999 -9999 -9999 -9999 -9999 -9999 -9999 -9999 -9999 -9999 -9999 -9999 -9999 833.2169 832.8877 832.8351 833.0006 833.1996 833.2473 832.9457 832.0673 830.6537 829.2306 828.3705 827.918 827.6964 827.3447 827.1112 826.9005 826.7648 826.6908 826.652 826.6716 826.7642 826.8773 826.9764 827.1202 827.176 827.0734 826.9154 826.8654 827.0311 827.3782 827.8262 828.2759 828.4424 828.4257 828.2786 828.1338 828.0839 828.1621 828.3394 828.6179 828.9212 829.1526 829.3867 829.5642 829.8009
-9999 -9999 -9999 -9999 -9999 -9999 -9999 -9999 -9999 -9999 -9999 -9999 -9999 -9999 -9999 -9999 -9999 -9999 -9999 -9999 -9999 -9999 -9999 -9999 834.5055 833.7759 833.147 832.9196 832.9999 833.1251 833.0038 832.5543 831.6682 830.3605 829.1172 828.3287 827.7744 827.4622 827.1407 826.972 826.8417 826.7852 826.7953 826.7871 826.8284 826.9812 827.127 827.1725 827.3361 827.3929 827.3175 827.2031 827.2813 827.7031 828.3306 829.0298 829.6132 829.8231 829.6906 829.3036 828.8556 828.5005 828.3381 828.2717 828.3442 828.6046 828.9167 829.1223 829.3386 829.6144
-9999 -9999 -9999 -9999 -9999 -9999 -9999 -9999 -9999 -9999 -9999 -9999 -9999 -9999 -9999 -9999 -9999 -9999 -9999 -9999 -9999 -9999 -9999 836.1092 835.2601 834.4437 833.7018 833.0513 832.9146 832.885 832.5386 831.8985 830.9356 829.7758 828.8321 828.2148 827.7022 827.3335 827.1089 826.9211 826.8514 826.9152 827.0977 827.1352 827.1777 827.4077 827.6423 827.6851 827.7145 827.7181 827.6948 827.6984 828.047 828.957 830.1217 831.2081 831.9998 832.3022 832.0877 831.4151 830.5951 829.8546 829.2817 828.826 828.582 828.5499 828.7064 828.9498 829.2506 829.5789
-9999 -9999 -9999 -9999 -9999 -9999 -9999 -9999 -9999 -9999 -9999 -9999 -9999 -9999 -9999 -9999 -9999 -9999 -9999 -9999 -9999 -9999 -9999 836.8865 836.0621 835.0391 833.9797 833.0836 832.6072 832.1816 831.7326 830.966 829.9971 829.0448 828.3113 827.7894 827.4374 827.136 826.979 826.8882 826.9506 827.2 827.6794 827.8657 827.8954 827.9843 828.0282 827.9485 827.8683 827.8353 827.9382 828.3719 829.3608 831.0013 832.7917 834.3495 835.4346 835.8588 835.5398 834.5726 833.3571 832.2073 831.2415 830.378 829.6542 829.1742 829.0271 829.1725 829.4742 829.7321
-9999 -9999 -9999 -9999 -9999 -9999 -9999 -9999 -9999 -9999 -9999 -9999 -9999 -9999 -9999 -9999 -9999 -9999 -9999 -9999 -9999 -9999 837.6772 837.3849 836.7021 835.5195 834.1274 832.9945 832.1804 831.3801 830.656 829.8938 829.0645 828.334 827.7871 827.4757 827.273 827.1109 826.9404 826.9388 827.2123 827.817 828.6956 829.1351 829.1462 829.0193 828.8246 828.5373 828.3317 828.2816 828.5665 829.5267 831.3049 833.6846 836.087 838.1229 839.5358 840.1264 839.8046 838.7084 837.23 835.7219 834.3658 833.0974 831.902 830.9127 830.288 830.0405 830.0379 830.2191
-9999 -9999 -9999 -9999 -9999 -9999 -9999 -9999 -9999 -9999 -9999 -9999 -9999 -9999 -9999 -9999 -9999 -9999 -9999 -9999 -9999 -9999 837.7838 837.5725 836.9749 835.8191 834.2484 832.6706 831.4358 830.4498 829.6672 828.9731 828.3161 827.7762 827.447 827.2626 827.1158 826.9561 826.8562 826.9927 827.5357 828.6644 829.9165 830.6803 830.8521 830.7522 830.4382 829.9517 829.5131 829.4067 829.9811 831.4818 833.8499 836.7313 839.5591 841.9684 843.6964 844.5402 844.3992 843.392 841.8622 840.1979 838.5682 836.9601 835.3699 833.9156 832.7369 831.9318 831.4599 831.3651
-9999 -9999 -9999 -9999 -9999 -9999 -9999 -9999 -9999 -9999 -9999 -9999 -9999 -9999 -9999 -9999 -9999 -9999 -9999 -9999 -9999 -9999 837.6166 837.4359 836.8968 835.7377 833.9841 832.0758 830.5873 829.5458 828.8799 828.286 827.7748 827.4424 827.2415 827.1138 826.9375 826.7802 826.7347 826.9791 827.7185 829.2088 830.8271 831.9819 832.649 832.9604 832.8206 832.2722 831.6362 831.4929 832.3094 834.178 836.8719 839.9164 842.8925 845.4892 847.4388 848.5559 848.7202 847.9924 846.6479 845.0287 843.3209 841.5693 839.7796 838.0291 836.4097 835.0535 834.0601 833.3918
-9999 -9999 -9999 -9999 -9999 -9999 -9999 -9999 -9999 -9999 -9999 -9999 -9999 -9999 -9999 -9999 -9999 -9999 -9999 -9999 838.1949 837.572 837.1543 836.9296 836.3221 835.1281 833.2236 831.2224 829.739 828.8584 828.3063 827.8119 827.4942 827.2789 827.1219 826.9628 826.7747 826.6232 826.6091 826.9108 827.7516 829.4103 831.3466 833.1605 834.6129 835.5702 835.7927 835.2969 834.5308 834.3491 835.3126 837.3024 839.9642 842.9094 845.8246 848.416 850.4368 851.7429 852.2524 851.9441 850.9636 849.5726 847.9971 846.3139 844.5341 842.6898 840.8641 839.166 837.7746 836.7065
-9999 -9999 -9999 -9999 -9999 -9999 -9999 -9999 -9999 -9999 -9999 -9999 -9999 -9999 -9999 -9999 -9999 -9999 -9999 839.2576 838.0287 837.1533 836.5829 836.0464 835.197 833.8068 831.8761 830.1453 829.0035 828.3467 827.9754 827.6989 827.412 827.2317 827.1113 826.8827 826.6707 826.5242 826.5251 826.8534 827.7351 829.476 831.6976 834.1437 836.4644 838.1713 838.8902 838.5654 837.7595 837.5119 838.4178 840.265 842.6988 845.416 848.1297 850.5574 852.5031 -9999 -9999 -9999 854.439 853.3717 852.0347 850.5486 848.9442 847.2136 845.4008 843.5663 841.9005 840.5664
-9999 -9999 -9999 -9999 -9999 -9999 -9999 -9999 -9999 -9999 -9999 -9999 -9999 -9999 -9999 -9999 -9999 840.2522 839.5714 838.4167 837.2813 836.3853 835.6241 834.6914 833.36 832.0206 830.4475 829.1992 828.396 827.9681 827.7196 827.4875 827.2766 827.1196 826.9766 826.7823 826.6058 826.4934 826.5094 826.865 827.7697 829.5499 831.9695 834.8996 837.9207 840.3442 841.6469 841.6199 840.8182 840.4197 841.1011 842.6706 844.7943 847.1851 849.598 851.7906 -9999 -9999 -9999 -9999 -9999 -9999 855.0852 853.8079 852.4489 850.9796 849.3467 847.5279 845.7034 844.1501
-9999 -9999 -9999 -9999 -9999 -9999 -9999 -9999 -9999 -9999 -9999 -9999 -9999 -9999 -9999 -9999 839.63 839.1415 838.3031 837.2415 836.179 835.173 834.1631 832.9706 831.6529 830.3888 829.2759 828.4561 828.0061 827.7379 827.5088 827.283 827.1196 826.9816 826.8434 826.6913 826.5709 826.5099 826.5403 826.9558 827.8979 829.6688 832.1894 835.4321 838.9366 841.927 843.7686 844.1473 843.4608 842.8888 843.232 844.4542 846.2379 848.2514 850.2985 -9999 -9999 -9999 -9999 -9999 -9999 -9999 -9999 855.9796 854.8517 853.6952 852.3155 850.5782 848.6816 846.9302
-9999 -9999 -9999 -9999 -9999 -9999 -9999 -9999 -9999 -9999 -9999 -9999 -9999 -9999 -9999 -9999 838.9492 838.0804 837.0784 835.97 834.8104 833.5687 832.3649 831.1863 830.0617 829.1678 828.4548 828.0416 827.8435 827.7087 827.4031 827.131 826.9927 826.8671 826.7338 826.5999 826.5089 826.4395 826.5254 827.0491 828.0146 829.7576 832.3597 835.8197 839.6136 842.9431 845.1794 845.9996 845.614 845.028 845.0386 845.9133 847.3707 849.051 -9999 -9999 -9999 -9999 -9999 -9999 -9999 -9999 -9999 -9999 -9999 -9999 -9999 852.6312 850.7439 848.9438
-9999 -9999 -9999 -9999 -9999 -9999 -9999 -9999 -9999 -9999 -9999 -9999 -9999 -9999 -9999 839.3238 838.1816 837.15 835.9957 834.7112 833.3051 831.9039 830.6578 829.6803 829.0137 828.4563 828.0591 827.8411 827.7234 827.5414 827.2892 827.1148 826.9473 826.8037 826.6608 826.5116 826.4081 826.358 826.5038 827.0225 827.9775 829.7393 832.4696 836.134 840.0701 843.5093 845.9536 847.1563 847.3417 847.0228 846.8607 847.3943 -9999 -9999 -9999 -9999 -9999 -9999 -9999 -9999 -9999 -9999 -9999 -9999 -9999 -9999 -9999 -9999 -9999 -9999
-9999 -9999 -9999 -9999 -9999 -9999 -9999 -9999 -9999 -9999 -9999 -9999 -9999 -9999 -9999 838.8676 837.5597 836.4651 835.2754 833.7421 832.0366 830.4943 829.4044 828.8408 828.5402 828.2821 827.9199 827.7244 827.5547 827.3589 827.1293 827.0134 826.8885 826.7651 826.6413 826.5088 826.3462 826.248 826.3448 826.7895 827.7383 829.5709 832.4829 836.3409 840.3679 843.808 846.3582 847.9765 -9999 -9999 -9999 -9999 -9999 -9999 -9999 -9999 -9999 -9999 -9999 -9999 -9999 -9999 -9999 -9999 -9999 -9999 -9999 -9999 -9999 -9999
-9999 -9999 -9999 -9999 -9999 -9999 -9999 -9999 -9999 -9999 -9999 -9999 -9999 -9999 -9999 838.4919 837.3804 836.668 835.5047 833.5922 831.4261 829.715 828.8064 828.4624 828.3163 828.0568 827.7472 827.5663 827.3984 827.2485 827.116 826.9669 826.8403 826.7304 826.6271 826.509 826.3031 826.1476 826.176 826.5378 827.4574 829.3755 832.4548 836.4571 840.5038 843.8776 846.5341 848.5527 -9999 -9999 -9999 -9999 -9999 -9999 -9999 -9999 -9999 -9999 -9999 -9999 -9999 -9999 -9999 -9999 -9999 -9999 -9999 -9999 -9999 -9999
-9999 -9999 -9999 -9999 -9999 -9999 -9999 -9999 -9999 -9999 -9999 -9999 -9999 -9999 -9999 838.3397 837.8567 837.6838 836.6376 834.344 831.6364 829.5885 828.6288 828.3301 828.1176 827.8994 827.7171 827.4712 827.2589 827.1198 827.0055 826.8839 826.7737 826.6769 826.5906 826.5052 826.2755 826.0934 826.1029 826.4669 827.3633 829.3192 832.4534 836.4789 840.4657 843.7869 846.5991 849.029 -9999 -9999 -9999 -9999 -9999 -9999 -9999 -9999 -9999 -9999 -9999 -9999 -9999 -9999 -9999 -9999 -9999 -9999 -9999 -9999 -9999 -9999
-9999 -9999 -9999 -9999 -9999 -9999 -9999 -9999 -9999 -9999 -9999 -9999 -9999 -9999 -9999 838.1604 838.4702 839.0228 838.0137 835.4334 832.3046 829.8522 828.6415 828.2777 827.9707 827.7389 827.5847 827.3593 827.1255 827.0007 826.8981 826.7977 826.7029 826.61 826.5109 826.4269 826.239 826.0736 826.09 826.4648 827.3656 829.3136 832.3867 836.2887 840.119 843.3807 846.3486 849.134 851.5937 -9999 -9999 -9999 -9999 -9999 -9999 -9999 -9999 -9999 -9999 -9999 -9999 -9999 -9999 -9999 -9999 -9999 -9999 -9999 -9999 -9999
-9999 -9999 -9999 -9999 -9999 -9999 -9999 -9999 -9999 -9999 -9999 -9999 -9999 -9999 -9999 838.0383 839.0489 839.5081 838.7142 836.369 833.0205 830.1764 828.5897 828.044 827.8287 827.728 827.5563 827.3354 827.1188 826.9572 826.837 826.7404 826.6597 826.5862 826.5102 826.433 826.2586 826.0985 826.1129 826.4846 827.4059 829.2967 832.1826 835.7905 839.3059 842.4752 845.4626 848.3956 851.1669 853.3087 -9999 -9999 -9999 -9999 -9999 -9999 -9999 -9999 -9999 -9999 -9999 -9999 -9999 -9999 -9999 -9999 -9999 -9999 -9999 -9999
-9999 -9999 -9999 -9999 -9999 -9999 -9999 -9999 -9999 -9999 -9999 -9999 -9999 -9999 -9999 836.8589 837.8846 838.8362 838.5551 836.4985 833.3066 830.3674 828.5889 827.9158 827.7427 827.7291 827.5619 827.3392 827.12 826.942 826.8087 826.7122 826.6438 826.5946 826.5552 826.5076 826.332 826.165 826.1636 826.5175 827.4591 829.1973 831.7773 834.975 837.9307 840.8108 843.7018 846.6382 849.5331 852.1964 854.1307 -9999 -9999 -9999 -9999 -9999 -9999 -9999 -9999 -9999 -9999 -9999 -9999 -9999 -9999 -9999 -9999 -9999 -9999 -9999
-9999 -9999 -9999 -9999 -9999 -9999 -9999 -9999 -9999 -9999 -9999 -9999 -9999 -9999 -9999 -9999 835.9837 836.8785 836.9868 835.6474 833.0409 830.3702 828.6099 827.8918 827.7124 827.7285 827.5577 827.3373 827.1204 826.9392 826.7997 826.7021 826.6398 826.6005 826.5668 826.5105 826.4043 826.2516 826.2297 826.5388 827.4318 828.9292 831.0737 833.7425 836.0867 838.564 841.3369 844.2781 847.2382 850.3399 853.1092 855.4004 -9999 -9999 -9999 -9999 -9999 -9999 -9999 -9999 -9999 -9999 -9999 -9999 -9999 -9999 -9999 -9999 -9999 -9999
-9999 -9999 -9999 -9999 -9999 -9999 -9999 -9999 -9999 -9999 -9999 -9999 -9999 -9999 -9999 833.3997 833.9455 834.7198 835.0794 834.3887 832.5305 830.3064 828.7224 827.9954 827.7318 827.6747 827.5178 827.3182 827.1201 826.9449 826.804 826.7043 826.6437 826.6098 826.5872 826.5583 826.5074 826.3535 826.3036 826.5408 827.3034 828.4321 829.9702 831.8808 833.8846 836.1382 838.7574 841.7625 844.9408 848.2344 851.4461 854.4036 -9999 -9999 -9999 -9999 -9999 -9999 -9999 -9999 -9999 -9999 -9999 -9999 -9999 -9999 -9999 -9999 -9999 -9999
