backend/lakes/data/Caribou Lake/cari_dem_tm.asc
ncols         112
nrows         90
xllcorner     761150
yllcorner     6107500
cellsize      50
NODATA_value  -9999
[rows 30 to 59 of 90, columns 0 to 67 of 112]
-9999 -9999 -9999 -9999 -9999 -9999 -9999 -9999 -9999 -9999 -9999 -9999 -9999 -9999 -9999 -9999 632.5859 632.8496 632.703 632.2192 632.1652 632.4142 632.157 631.3692 630.5411 629.9335 629.6041 629.5123 629.4901 629.4406 629.3323 629.1949 629.0638 628.9544 628.8772 628.8453 628.8516 628.8552 628.8268 628.7886 628.8169 628.9789 629.2588 629.5678 629.7992 629.886 629.833 629.7149 629.6389 629.6829 629.8632 630.1627 630.6332 630.8333 630.6737 630.5437 630.7265 631.6562 632.6842 633.8794 634.7376 635.0876 634.4567 633.7465 -9999 -9999 -9999 -9999
-9999 -9999 -9999 -9999 -9999 -9999 -9999 -9999 -9999 -9999 -9999 -9999 -9999 -9999 -9999 -9999 632.9816 633.243 633.1575 632.7868 632.2295 631.9746 631.3138 630.4156 629.8003 629.3956 629.1832 629.2005 629.3098 629.3812 629.3655 629.2738 629.1446 629.0063 628.8832 628.7955 628.7512 628.7257 628.6866 628.6436 628.6505 628.7686 629.0045 629.2933 629.545 629.6874 629.7086 629.6656 629.6624 629.8063 630.1698 630.8381 631.4522 631.689 631.3485 630.9242 630.8182 631.576 632.6372 633.6776 634.2004 634.1066 633.7214 633.344 -9999 -9999 -9999 633.7865
-9999 -9999 -9999 -9999 -9999 -9999 -9999 -9999 -9999 -9999 -9999 -9999 -9999 -9999 -9999 -9999 633.3303 633.4826 633.3675 633.0474 632.6227 631.8651 630.9288 630.0679 629.541 629.2644 629.1118 629.1273 629.2365 629.3421 629.3757 629.3226 629.2104 629.069 628.9261 628.8019 628.7114 628.6522 628.604 628.5638 628.5584 628.6316 628.8033 629.0342 629.262 629.4269 629.5082 629.556 629.6791 630.0211 630.735 631.6447 632.2249 632.1437 631.8755 631.337 630.903 631.56 632.4291 633.4831 633.7441 633.3182 633.181 633.1833 -9999 633.4182 633.6927 634.2961
-9999 -9999 -9999 -9999 -9999 -9999 -9999 -9999 -9999 -9999 -9999 -9999 -9999 -9999 -9999 633.4623 633.6449 633.5834 633.3214 632.87 632.2866 631.5074 630.6069 629.9477 629.505 629.3003 629.2437 629.2194 629.2653 629.3375 629.3713 629.3356 629.2382 629.1071 628.9656 628.8271 628.7059 628.6126 628.5483 628.5126 628.5126 628.5632 628.6828 628.8504 629.0294 629.1854 629.3022 629.4193 629.647 630.1349 631.1284 632.2838 632.9621 632.264 632.0168 631.6731 630.9814 631.5497 631.9941 632.8577 633.0643 632.9774 633.0177 633.3055 633.6137 633.9296 634.2106 634.8514
-9999 -9999 -9999 -9999 -9999 -9999 -9999 -9999 -9999 -9999 -9999 -9999 -9999 -9999 -9999 633.9608 633.9048 633.5834 633.1206 632.5862 632.1416 631.2025 630.2597 629.7946 629.5111 629.384 629.3621 629.3837 629.3927 629.3926 629.3868 629.346 629.2556 629.1324 628.9965 628.8582 628.721 628.5978 628.5082 628.4669 628.4774 628.53 628.6238 628.7507 628.8843 629.0167 629.1469 629.3043 629.5829 630.1103 631.0674 632.0203 632.4893 632.1824 632.0204 631.6632 631.0543 631.1603 631.8492 632.5526 632.8868 633.0656 633.3952 633.6833 633.9911 634.2688 634.553 634.9636
-9999 -9999 -9999 -9999 -9999 -9999 -9999 -9999 -9999 -9999 -9999 -9999 -9999 -9999 -9999 634.1126 633.9795 633.4297 632.8104 632.1953 631.7737 630.9135 630.0872 629.7404 629.5642 629.475 629.4543 629.4647 629.4717 629.4601 629.4247 629.3644 629.2723 629.1506 629.0174 628.8834 628.7432 628.6013 628.4833 628.4207 628.4299 628.4944 628.5864 628.699 628.8129 628.9276 629.0625 629.2454 629.5421 630.0482 630.8654 631.6302 632.0203 632.053 632.3445 632.0588 631.5429 631.4963 631.9762 632.6268 633.0699 633.54 633.9331 634.0068 634.1558 634.2671 634.3455 634.4071
-9999 -9999 -9999 -9999 -9999 -9999 -9999 -9999 -9999 -9999 -9999 -9999 -9999 -9999 -9999 634.0973 633.8748 633.1124 632.3058 631.867 631.3644 630.6696 630.0162 629.696 629.5795 629.5241 629.4912 629.4727 629.453 629.4206 629.3757 629.3174 629.2382 629.1348 629.0139 628.8845 628.7488 628.6052 628.4686 628.3789 628.3684 628.4341 628.5367 628.6511 628.7706 628.8884 629.0327 629.2373 629.5452 630.0217 630.7274 631.4438 632.009 632.4921 632.9774 632.6865 632.0138 631.8676 632.1759 632.8572 633.2843 633.7283 633.9739 633.9574 633.9369 633.8621 633.6501 633.2906
-9999 -9999 -9999 -9999 -9999 -9999 -9999 -9999 -9999 -9999 -9999 -9999 -9999 -9999 -9999 633.9977 633.6387 632.9412 632.1025 631.5463 631.0792 630.5221 629.9987 629.6476 629.5007 629.4594 629.433 629.3992 629.3545 629.298 629.2353 629.1736 629.1104 629.0338 628.9388 628.8311 628.71 628.5804 628.4481 628.3439 628.3064 628.3538 628.4597 628.5823 628.7157 628.8558 629.0215 629.25 629.5709 630.0176 630.6304 631.2889 631.8878 632.3895 632.4458 632.793 632.1155 632.0714 632.405 632.7712 632.9429 632.8554 633.3462 633.1929 633.1191 633.0493 632.5948 632.2543
-9999 -9999 -9999 -9999 -9999 -9999 -9999 -9999 -9999 -9999 -9999 -9999 -9999 -9999 -9999 633.9715 633.545 632.9595 632.2192 631.5909 631.0626 630.5063 629.9972 629.6322 629.4062 629.3082 629.2733 629.2406 629.1895 629.1197 629.0433 628.976 628.9229 628.8721 628.8051 628.72 628.6214 628.514 628.4062 628.31 628.2565 628.2753 628.3645 628.4905 628.6309 628.7968 628.9918 629.2476 629.5861 630.0107 630.506 631.0431 631.5425 631.9217 632.0347 632.1411 632.0424 632.014 632.0699 632.4431 632.4866 632.3738 632.4381 632.283 632.2041 632.0695 631.7592 631.4316
-9999 -9999 -9999 -9999 -9999 -9999 -9999 -9999 -9999 -9999 -9999 -9999 -9999 -9999 -9999 633.9935 633.5735 633.1677 632.7171 632.0104 631.2809 630.5923 630.0077 629.595 629.3318 629.1724 629.0852 629.0328 628.9801 628.9116 628.8329 628.7647 628.7172 628.6827 628.6397 628.5757 628.4974 628.4141 628.3373 628.2682 628.2205 628.2167 628.275 628.3858 628.5258 628.6987 628.9177 629.1943 629.5452 629.9593 630.3152 630.7179 631.1235 631.4433 631.7013 631.9656 632.0553 632.0471 632.0005 632.1118 632.0651 631.9515 631.8936 631.8273 631.652 631.2784 630.9232 630.734
-9999 -9999 -9999 -9999 -9999 -9999 -9999 -9999 -9999 -9999 -9999 -9999 -9999 -9999 -9999 634.2516 633.7292 633.3412 632.9221 632.3307 631.4901 630.6818 630.0132 629.5558 629.255 629.0665 628.9468 628.8619 628.7885 628.7135 628.6365 628.5712 628.5298 628.5037 628.4729 628.4242 628.3617 628.3008 628.2544 628.22 628.1923 628.1818 628.2084 628.2871 628.4125 628.5774 628.7947 629.0679 629.3884 629.7211 630.0134 630.3419 630.6652 630.9457 631.2175 631.5803 631.9211 631.9842 631.8889 631.8428 631.7354 631.5383 631.3164 631.0737 630.7816 630.4694 630.1648 630.2056
-9999 -9999 -9999 -9999 -9999 -9999 -9999 -9999 -9999 -9999 -9999 -9999 -9999 -9999 -9999 634.9833 634.1445 633.5834 633.0376 632.4087 631.5555 630.7143 630.0076 629.5125 629.1881 628.9819 628.8478 628.7491 628.6615 628.5752 628.4932 628.4273 628.3868 628.3629 628.3351 628.2919 628.2404 628.1979 628.1768 628.1758 628.1729 628.1665 628.1698 628.2114 628.3059 628.4553 628.658 628.9161 629.2113 629.5023 629.7583 630.0079 630.2542 630.4167 630.6095 630.9503 631.3406 631.5574 631.6082 631.5897 631.4799 631.2308 630.8477 630.4132 630.0942 629.9781 629.8871 629.9948
-9999 -9999 -9999 -9999 -9999 -9999 -9999 -9999 -9999 -9999 -9999 -9999 -9999 -9999 -9999 635.9665 634.8453 633.9568 633.1492 632.3851 631.5355 630.7057 629.9992 629.4973 629.1593 628.939 628.793 628.6843 628.5897 628.4998 628.417 628.3503 628.308 628.2805 628.2489 628.204 628.1577 628.1284 628.1284 628.1499 628.1691 628.1664 628.1556 628.1634 628.2247 628.351 628.545 628.7968 629.0869 629.3713 629.6125 629.8076 629.9836 629.9964 630.0381 630.3367 630.7888 631.1424 631.3423 631.4169 631.3871 631.1606 630.6717 630.0913 629.8489 629.7708 629.7696 629.8777
-9999 -9999 -9999 -9999 -9999 -9999 -9999 -9999 -9999 -9999 -9999 -9999 -9999 -9999 -9999 637.0028 635.5934 634.4294 633.3553 632.4078 631.5763 630.7343 630.012 629.5423 629.2095 628.9729 628.8053 628.6783 628.5717 628.478 628.3983 628.3356 628.2927 628.2629 628.2279 628.1797 628.1342 628.1131 628.1261 628.1624 628.1918 628.1883 628.1605 628.1432 628.1755 628.285 628.4783 628.7492 629.0691 629.3847 629.6367 629.7565 629.8276 629.8434 629.8812 630.0762 630.5569 630.9745 631.2639 631.3945 631.503 631.4219 630.9203 630.3492 630.0004 629.8313 629.8245 629.8639
-9999 -9999 -9999 -9999 -9999 -9999 -9999 -9999 -9999 -9999 -9999 -9999 -9999 -9999 -9999 637.991 636.2969 635.0528 633.9774 632.938 631.8813 630.8995 630.1133 629.6837 629.3479 629.0913 628.8981 628.7444 628.6173 628.5142 628.4374 628.3829 628.3444 628.3149 628.2805 628.2339 628.1874 628.1667 628.1817 628.2196 628.2468 628.2362 628.1906 628.1505 628.1639 628.2679 628.4792 628.797 629.1938 629.6044 629.9489 630.0626 630.14 630.2546 630.379 630.6221 630.8724 631.1558 631.4587 631.5357 631.7839 631.8867 631.3161 630.7328 630.3199 630.0456 629.9944 629.9352
-9999 -9999 -9999 -9999 -9999 -9999 -9999 -9999 -9999 -9999 -9999 -9999 -9999 -9999 -9999 638.9418 637.0032 635.6995 634.6309 633.5074 632.185 631.1279 630.3712 629.9359 629.556 629.2733 629.059 628.8798 628.7306 628.6168 628.5422 628.5 628.4744 628.4519 628.4227 628.3817 628.3346 628.3046 628.3038 628.3229 628.3328 628.3043 628.2432 628.1855 628.1917 628.3071 628.5615 628.9591 629.4778 630.0439 630.5676 630.915 631.1935 631.5185 631.6703 631.6912 631.5264 631.5671 631.8959 631.8793 632.011 631.9834 631.5183 631.0382 630.6898 630.4395 630.1743 629.9998
-9999 -9999 -9999 -9999 -9999 -9999 -9999 -9999 -9999 -9999 -9999 -9999 -9999 -9999 -9999 639.7644 637.4904 636.0043 634.8901 633.7654 632.3314 631.2648 630.5209 630.0352 629.7391 629.4897 629.2842 629.0823 628.9115 628.7896 628.7233 628.6984 628.6934 628.6876 628.6703 628.6353 628.5842 628.5332 628.4977 628.4737 628.4425 628.3857 628.3065 628.2443 628.2587 628.4104 628.7363 629.2513 629.944 630.7536 631.5032 632.0603 632.435 632.8128 632.903 632.7059 632.222 632.0224 632.0475 632.1113 632.318 632.0563 631.6401 631.2479 630.9308 630.5825 630.2293 630.0017
-9999 -9999 -9999 -9999 -9999 -9999 -9999 -9999 -9999 -9999 -9999 -9999 -9999 -9999 -9999 640.4518 637.8436 636.0966 634.8856 633.6917 632.303 631.3158 630.6509 630.2305 629.9848 629.7531 629.5842 629.3571 629.1672 629.0439 628.9968 628.9954 629.0126 629.0277 629.0273 628.9966 628.9233 628.8381 628.7523 628.6662 628.574 628.4728 628.3741 628.3172 628.3678 628.5895 629.024 629.6864 630.5635 631.6667 632.6581 633.3845 633.7454 633.9534 633.8718 633.4891 632.9625 632.6216 632.5845 632.7144 632.892 632.3908 631.8585 631.4849 631.1304 630.6838 630.2386 630.0006
-9999 -9999 -9999 -9999 -9999 -9999 -9999 -9999 -9999 -9999 -9999 -9999 -9999 -9999 -9999 641.058 638.1681 636.0847 634.7168 633.4783 632.1956 631.3253 630.7634 630.416 630.1991 630.0196 629.949 629.698 629.514 629.4044 629.3989 629.4254 629.4537 629.4758 629.4834 629.4493 629.3218 629.1788 629.0315 628.8766 628.7164 628.5645 628.4447 628.4076 628.523 628.8609 629.4679 630.3569 631.531 632.7775 633.8753 634.5982 634.827 634.7267 634.3849 633.9506 633.439 633.0468 632.9919 632.9885 632.8096 632.3669 632.0991 631.971 631.5623 630.8937 630.2463 629.998
-9999 -9999 -9999 -9999 -9999 -9999 -9999 -9999 -9999 -9999 -9999 -9999 -9999 -9999 -9999 641.6894 638.5563 636.099 634.3799 633.1146 632.0487 631.3363 630.901 630.646 630.4882 630.3603 630.2734 630.0994 630.0007 629.9141 629.9893 630.0454 630.0576 630.0386 630.0101 629.9462 629.7181 629.5057 629.2908 629.0688 628.8478 628.6534 628.5247 628.5247 628.733 629.2263 630.0612 631.2616 632.608 633.8665 634.7764 635.1797 635.1815 634.9399 634.4229 634.0075 633.6688 633.3801 633.2547 633.0952 632.8574 632.7393 632.799 632.8552 632.383 631.3391 630.3041 630.0032
-9999 -9999 -9999 -9999 -9999 -9999 -9999 -9999 -9999 -9999 -9999 -9999 -9999 -9999 -9999 642.4916 639.1471 636.3225 634.2745 632.9221 631.9828 631.402 631.0951 630.9496 630.8676 630.7792 630.7794 630.8304 630.7814 630.6585 630.8445 630.9474 630.9058 630.7496 630.551 630.3195 630.0184 629.7716 629.4948 629.2133 628.9482 628.7335 628.6226 628.6876 629.0135 629.6775 630.7335 632.1851 633.5831 634.6577 635.1908 635.2994 635.0375 634.571 634.0778 -9999 -9999 633.6393 633.5496 633.3572 633.1941 633.256 633.5494 633.8094 633.405 632.1141 630.7931 630.3231
-9999 -9999 -9999 -9999 -9999 -9999 -9999 -9999 -9999 -9999 -9999 -9999 -9999 -9999 -9999 643.4598 639.8954 636.7085 634.3395 632.8784 631.9857 631.5249 631.3491 631.323 631.3289 631.209 631.3082 631.6774 631.8143 631.8704 631.9841 631.9982 631.7905 631.4313 631.0339 630.6486 630.2835 629.9788 629.6241 629.2945 629.0107 628.8096 628.7552 628.927 629.408 630.2693 631.5961 633.0341 634.2482 635 635.2653 635.2045 634.8506 -9999 -9999 -9999 -9999 -9999 633.9468 633.7117 633.582 633.7167 634.0998 634.4815 634.2053 632.8889 631.5521 630.8542
-9999 -9999 -9999 -9999 -9999 -9999 -9999 -9999 -9999 -9999 -9999 -9999 -9999 -9999 -9999 644.3021 640.5375 637.0554 634.4187 632.8693 632.0325 631.7074 631.6508 631.7289 631.8433 631.5745 631.6533 632.1384 632.5416 632.8574 633.0045 632.9286 632.3609 631.8999 631.3571 630.8544 630.4041 630.0074 629.6418 629.3129 629.0488 628.9008 628.9484 629.2748 629.9641 631.0599 632.5734 633.907 634.8516 635.2202 635.174 634.9781 -9999 -9999 -9999 -9999 -9999 -9999 -9999 634.1018 633.9817 634.1616 634.6215 634.9348 634.4172 633.1108 631.9746 631.2736
-9999 -9999 -9999 -9999 -9999 -9999 -9999 -9999 -9999 -9999 -9999 -9999 -9999 -9999 -9999 -9999 640.7773 637.1851 634.463 632.9263 632.199 631.9921 632.0096 632.093 632.1373 632.1309 632.348 632.8792 633.2119 633.5458 633.7374 633.6839 632.8938 632.1195 631.5012 630.9453 630.4445 630.0004 629.6276 629.3232 629.1046 629.0428 629.2305 629.7589 630.7078 632.1173 633.6111 634.7579 635.3857 635.4584 635.0889 634.7814 -9999 -9999 -9999 -9999 -9999 -9999 -9999 -9999 -9999 634.8484 635.1747 635.3314 634.765 633.5719 632.3261 631.5887
-9999 -9999 -9999 -9999 -9999 -9999 -9999 -9999 -9999 -9999 -9999 -9999 -9999 -9999 -9999 -9999 640.4994 637.0255 634.4213 632.9999 632.4166 632.3483 632.5438 632.8225 632.9363 633.0772 633.3748 633.7768 633.9487 634.0197 633.9931 633.6237 632.8556 632.1788 631.567 630.9955 630.47 629.9943 629.6378 629.3855 629.2264 629.2712 629.6304 630.3945 631.6564 633.1318 634.5098 635.4535 635.9499 635.9424 635.5127 -9999 -9999 -9999 -9999 -9999 -9999 -9999 -9999 -9999 -9999 635.7042 635.9494 635.9247 635.2832 634.0872 632.5651 631.8189
-9999 -9999 -9999 -9999 -9999 -9999 -9999 -9999 -9999 -9999 -9999 -9999 -9999 -9999 -9999 -9999 -9999 636.6165 634.322 633.0923 632.6693 632.6965 632.9694 633.2482 633.5049 633.8391 634.0853 634.3329 634.4063 634.3318 634.0625 633.4661 632.5781 632.2013 631.6628 631.094 630.546 630.0446 629.7404 629.5685 629.454 629.6145 630.17 631.1891 632.5616 633.9993 635.1863 635.9932 636.394 636.4358 -9999 -9999 -9999 -9999 -9999 -9999 -9999 -9999 -9999 -9999 -9999 636.2448 636.4233 636.3237 635.7198 634.4663 632.8344 632.1055
-9999 -9999 -9999 -9999 -9999 -9999 -9999 -9999 -9999 -9999 -9999 -9999 -9999 -9999 -9999 -9999 -9999 636.0812 634.2032 633.2911 633.0049 633.0191 633.2253 633.4534 633.6986 634.017 634.4105 634.6869 634.7349 634.6344 634.3072 633.7751 633.1539 632.6875 631.9696 631.3669 630.835 630.376 630.0448 629.9322 629.7984 630.0851 630.865 632.0106 633.4435 634.8425 635.882 636.5109 636.828 -9999 -9999 -9999 -9999 -9999 -9999 -9999 -9999 -9999 -9999 -9999 -9999 636.5406 636.6743 636.554 635.9872 634.8596 633.2733 632.5657
-9999 -9999 -9999 -9999 -9999 -9999 -9999 -9999 -9999 -9999 -9999 -9999 -9999 -9999 -9999 -9999 -9999 -9999 -9999 633.5662 633.4686 633.4393 633.1825 633.5635 633.7366 634.0474 -9999 -9999 635.0396 634.9941 634.6835 634.2238 633.7258 633.0538 632.3122 631.7998 631.3246 630.9223 630.5696 630.3491 630.228 630.692 631.5904 632.7274 634.1716 635.5328 636.459 636.9992 637.2433 -9999 -9999 -9999 -9999 -9999 -9999 -9999 -9999 -9999 -9999 -9999 -9999 -9999 636.7893 636.698 636.269 635.3749 633.9812 633.1245
-9999 -9999 -9999 -9999 -9999 -9999 -9999 -9999 -9999 -9999 -9999 -9999 -9999 -9999 -9999 -9999 -9999 -9999 -9999 -9999 -9999 -9999 -9999 -9999 -9999 -9999 -9999 -9999 -9999 635.4531 635.0801 634.5983 634.0634 633.5273 632.9975 632.4788 631.9847 631.6207 631.2885 631.0884 631.0544 631.4188 632.1949 633.2749 634.6013 635.8963 636.8924 637.5384 -9999 -9999 -9999 -9999 -9999 -9999 -9999 -9999 -9999 -9999 -9999 -9999 -9999 -9999 636.8239 636.7854 636.5037 635.8322 634.6456 633.4605
-9999 -9999 -9999 -9999 -9999 -9999 -9999 -9999 -9999 -9999 -9999 -9999 -9999 -9999 -9999 -9999 -9999 -9999 -9999 -9999 -9999 -9999 -9999 -9999 -9999 -9999 -9999 -9999 -9999 -9999 635.5647 634.9702 634.4524 634.0575 633.7599 633.2377 632.6999 632.3957 632.112 631.9901 631.9786 632.2038 632.8807 633.804 634.902 636.0383 637.0677 637.8918 -9999 -9999 -9999 -9999 -9999 -9999 -9999 -9999 -9999 -9999 -9999 -9999 -9999 -9999 636.8253 636.8608 636.746 636.2791 635.3008 634.0177
