backend/lakes/data/Skeleton Lake/skel_dem_tm.asc
ncols         145
nrows         155
xllcorner     643250
yllcorner     6048900
cellsize      50
NODATA_value  -9999
[rows 60 to 89 of 155, columns 0 to 68 of 145]
-9999 -9999 -9999 -9999 -9999 -9999 -9999 -9999 -9999 -9999 -9999 -9999 -9999 -9999 -9999 -9999 -9999 -9999 -9999 -9999 -9999 -9999 -9999 -9999 -9999 -9999 -9999 -9999 -9999 -9999 -9999 -9999 -9999 -9999 -9999 -9999 -9999 -9999 -9999 -9999 -9999 -9999 -9999 -9999 -9999 -9999 -9999 -9999 -9999 -9999 -9999 -9999 -9999 -9999 -9999 -9999 -9999 -9999 -9999 -9999 -9999 -9999 -9999 -9999 -9999 -9999 -9999 -9999 642.0534
-9999 -9999 -9999 -9999 -9999 -9999 -9999 -9999 -9999 -9999 -9999 -9999 -9999 -9999 -9999 -9999 -9999 -9999 -9999 -9999 -9999 -9999 -9999 -9999 -9999 -9999 -9999 -9999 -9999 -9999 -9999 -9999 -9999 -9999 -9999 -9999 -9999 -9999 -9999 -9999 -9999 -9999 -9999 -9999 -9999 -9999 -9999 -9999 -9999 -9999 -9999 -9999 -9999 -9999 -9999 -9999 -9999 -9999 -9999 -9999 -9999 -9999 -9999 -9999 -9999 -9999 -9999 -9999 639.5938
-9999 -9999 -9999 -9999 -9999 -9999 -9999 -9999 -9999 -9999 -9999 -9999 -9999 -9999 -9999 -9999 -9999 -9999 -9999 -9999 -9999 -9999 -9999 -9999 -9999 -9999 -9999 -9999 -9999 -9999 -9999 -9999 -9999 -9999 -9999 -9999 -9999 -9999 -9999 -9999 -9999 -9999 -9999 -9999 -9999 -9999 -9999 -9999 -9999 -9999 -9999 -9999 -9999 -9999 -9999 -9999 -9999 -9999 -9999 -9999 -9999 -9999 -9999 -9999 -9999 -9999 -9999 639.9321 637.1332
-9999 -9999 -9999 -9999 -9999 -9999 -9999 -9999 -9999 -9999 -9999 -9999 -9999 -9999 -9999 -9999 -9999 -9999 -9999 -9999 -9999 -9999 -9999 -9999 -9999 -9999 -9999 -9999 -9999 -9999 -9999 -9999 -9999 -9999 -9999 -9999 -9999 -9999 -9999 -9999 -9999 -9999 -9999 -9999 -9999 -9999 -9999 -9999 -9999 -9999 -9999 -9999 -9999 -9999 -9999 -9999 -9999 -9999 -9999 -9999 -9999 -9999 -9999 -9999 -9999 -9999 -9999 637.7522 634.8729
-9999 -9999 -9999 -9999 -9999 -9999 -9999 -9999 -9999 -9999 -9999 -9999 -9999 -9999 -9999 -9999 -9999 -9999 -9999 -9999 -9999 -9999 -9999 -9999 -9999 -9999 -9999 -9999 -9999 -9999 -9999 -9999 -9999 -9999 -9999 -9999 -9999 -9999 -9999 -9999 -9999 -9999 -9999 -9999 -9999 -9999 -9999 -9999 -9999 -9999 -9999 -9999 -9999 -9999 -9999 -9999 -9999 -9999 -9999 -9999 -9999 -9999 -9999 -9999 -9999 -9999 -9999 635.8345 633.0148
-9999 -9999 -9999 -9999 -9999 -9999 -9999 -9999 -9999 -9999 -9999 -9999 -9999 -9999 -9999 -9999 -9999 -9999 -9999 -9999 -9999 -9999 -9999 -9999 -9999 -9999 -9999 -9999 -9999 -9999 -9999 -9999 -9999 -9999 -9999 -9999 -9999 -9999 -9999 -9999 -9999 -9999 -9999 -9999 -9999 -9999 -9999 -9999 -9999 -9999 -9999 -9999 -9999 -9999 -9999 -9999 -9999 -9999 -9999 -9999 -9999 -9999 -9999 -9999 -9999 -9999 636.5338 634.174 631.5483
-9999 -9999 -9999 -9999 -9999 -9999 -9999 -9999 -9999 -9999 -9999 -9999 -9999 -9999 -9999 -9999 -9999 -9999 -9999 -9999 -9999 -9999 -9999 -9999 -9999 -9999 -9999 -9999 -9999 -9999 -9999 -9999 -9999 -9999 -9999 -9999 -9999 -9999 -9999 -9999 -9999 -9999 -9999 -9999 -9999 -9999 -9999 -9999 -9999 -9999 -9999 -9999 -9999 -9999 -9999 -9999 -9999 -9999 -9999 -9999 -9999 -9999 -9999 -9999 -9999 636.7655 634.8107 632.6074 630.1707
-9999 -9999 -9999 -9999 -9999 -9999 -9999 -9999 -9999 -9999 -9999 -9999 -9999 -9999 -9999 -9999 -9999 -9999 -9999 -9999 -9999 -9999 -9999 -9999 -9999 -9999 -9999 -9999 -9999 -9999 -9999 -9999 -9999 -9999 -9999 -9999 -9999 -9999 -9999 -9999 -9999 -9999 -9999 -9999 -9999 -9999 -9999 -9999 -9999 -9999 -9999 -9999 -9999 -9999 -9999 -9999 -9999 -9999 -9999 -9999 -9999 -9999 -9999 -9999 636.6226 635.0383 633.128 630.9434 628.5981
-9999 -9999 -9999 -9999 -9999 -9999 -9999 -9999 -9999 -9999 -9999 -9999 -9999 -9999 -9999 -9999 -9999 -9999 -9999 -9999 -9999 -9999 -9999 -9999 -9999 -9999 -9999 -9999 -9999 -9999 -9999 631.7924 631.4999 -9999 -9999 -9999 -9999 -9999 -9999 -9999 -9999 -9999 -9999 -9999 -9999 -9999 -9999 -9999 -9999 -9999 -9999 -9999 -9999 -9999 -9999 -9999 -9999 -9999 -9999 -9999 -9999 -9999 -9999 636.1685 634.9684 633.5025 631.5084 629.17 626.786
-9999 -9999 -9999 -9999 -9999 -9999 -9999 -9999 -9999 -9999 -9999 -9999 -9999 -9999 -9999 -9999 -9999 -9999 -9999 -9999 -9999 -9999 -9999 -9999 -9999 -9999 -9999 -9999 632.2242 632.2762 632.2317 631.9531 631.3853 630.4843 628.9456 626.9808 -9999 -9999 -9999 -9999 -9999 -9999 -9999 -9999 -9999 -9999 -9999 -9999 -9999 -9999 -9999 -9999 -9999 -9999 -9999 -9999 -9999 -9999 -9999 -9999 -9999 -9999 635.7903 634.5989 633.4653 632.0635 629.9152 627.3646 624.9421
-9999 -9999 -9999 -9999 -9999 -9999 -9999 -9999 -9999 -9999 -9999 -9999 -9999 -9999 -9999 -9999 -9999 -9999 -9999 -9999 -9999 -9999 -9999 -9999 -9999 -9999 -9999 633.8915 633.0718 632.7714 632.3999 631.8116 630.8883 629.7278 628.202 626.4905 625.1183 -9999 -9999 -9999 629.0791 631.8834 634.4647 -9999 -9999 -9999 -9999 -9999 -9999 -9999 -9999 -9999 -9999 -9999 -9999 -9999 -9999 -9999 -9999 -9999 -9999 635.5846 634.3871 633.3374 632.0201 630.6349 628.3381 625.6691 623.3205
-9999 -9999 -9999 -9999 -9999 -9999 -9999 -9999 -9999 -9999 -9999 -9999 -9999 -9999 -9999 -9999 -9999 -9999 -9999 -9999 -9999 -9999 -9999 -9999 634.037 634.8012 635.088 634.7901 633.9513 633.1343 632.2007 631.1102 629.8716 628.5786 627.2499 625.9968 625.0253 624.6773 625.0358 626.2114 628.0958 630.525 633.0948 635.3258 636.82 -9999 -9999 -9999 -9999 -9999 -9999 -9999 -9999 -9999 -9999 -9999 -9999 -9999 -9999 636.1287 635.2446 634.1709 633.2881 632.3941 631.0636 629.2057 626.7219 624.1226 622.0387
-9999 -9999 -9999 -9999 -9999 -9999 -9999 -9999 -9999 -9999 -9999 -9999 -9999 -9999 -9999 -9999 -9999 -9999 -9999 -9999 -9999 -9999 633.8373 633.1705 633.289 634.0293 634.5831 634.4894 633.8505 632.8536 631.3875 629.808 628.3634 627.1886 626.2637 625.5406 625.0032 624.8126 625.0305 625.7827 627.054 628.9291 631.2291 633.5358 635.3419 636.1003 -9999 -9999 -9999 -9999 -9999 -9999 -9999 -9999 636.1444 635.8702 635.5284 635.2433 634.9826 634.4644 633.6322 632.6898 631.8896 630.8856 629.3417 627.2213 624.8403 622.6116 620.9514
-9999 -9999 -9999 -9999 -9999 -9999 -9999 -9999 -9999 -9999 -9999 -9999 -9999 -9999 -9999 -9999 -9999 -9999 -9999 635.6088 635.2985 634.5089 633.2983 632.2304 631.9409 632.3842 632.8815 632.9031 632.3289 631.1058 629.3367 627.6102 626.3341 625.6146 625.3273 625.1248 624.9997 624.9547 625.0012 625.1741 625.8327 627.159 629.0843 631.3071 633.3078 634.5738 634.9352 -9999 -9999 -9999 634.1273 634.8182 635.3538 635.4168 634.9459 634.4828 634.1099 633.7657 633.3965 632.7418 631.8705 630.9175 629.9571 628.6638 626.8862 624.7437 622.779 621.1495 620.0919
-9999 -9999 -9999 -9999 -9999 -9999 -9999 -9999 -9999 -9999 -9999 -9999 -9999 -9999 -9999 -9999 -9999 633.0781 634.0363 634.5655 634.4038 633.4832 632.1032 630.7751 630.0529 630.0204 630.2034 630.0881 629.439 628.1017 626.2927 624.884 624.0657 623.8552 624.34 624.6187 624.8909 625.0005 624.8723 624.3261 624.3687 625.2621 626.8774 628.9468 631.012 632.5856 633.4236 633.6309 633.6727 633.8062 633.9478 634.2709 634.3606 633.928 633.2205 632.7097 632.4451 632.1508 631.5736 630.7058 629.6525 628.5485 627.3857 625.9249 624.1588 622.3301 620.8993 619.9521 619.4584
-9999 -9999 -9999 -9999 -9999 -9999 -9999 -9999 -9999 -9999 -9999 -9999 -9999 -9999 -9999 -9999 631.0853 631.8508 632.4868 632.8945 632.7002 631.7779 630.4 628.9619 627.8252 627.2679 627.0255 626.6706 625.9419 624.7429 623.2917 622.3243 622.0296 622.36 623.1794 623.8129 624.4918 624.8829 624.3074 623.1653 622.7825 623.3646 624.782 626.67 628.6157 630.2063 631.1873 631.6937 632.1351 632.5399 632.8146 632.8345 632.4615 631.6707 630.7757 630.2191 629.9751 629.6819 629.0359 628.0431 626.8214 625.5817 624.3825 623.0455 621.6297 620.377 619.4545 619.0479 619.0068
-9999 -9999 -9999 -9999 -9999 -9999 -9999 -9999 -9999 -9999 -9999 -9999 -9999 -9999 -9999 -9999 631.01 630.8286 630.6973 630.6743 630.3417 629.4923 628.2275 626.7361 625.404 624.5605 624.0668 623.5281 622.8074 621.9719 621.1898 620.7926 620.9155 621.1259 621.8573 622.5898 623.2599 623.3528 622.8782 622.1266 621.7667 622.0894 623.084 624.64 626.2984 627.6797 628.6086 629.2382 629.8175 630.3079 630.5363 630.3623 629.7251 628.7452 627.7676 627.1255 626.7792 626.4581 625.8317 624.8619 623.6807 622.524 621.5659 620.6538 619.7281 619.0122 618.5253 618.3994 618.5632
-9999 -9999 -9999 -9999 -9999 -9999 -9999 -9999 -9999 -9999 -9999 -9999 -9999 -9999 -9999 631.1451 630.4086 629.5436 628.7462 628.2039 627.6725 626.8597 625.7042 624.3228 623.0695 622.3068 621.7944 621.265 620.7758 620.27 619.8606 619.7502 619.983 620.1993 620.6531 621.1805 621.7502 621.8762 621.6298 621.2434 621.034 621.2352 621.8947 622.9301 624.179 625.238 626.0368 626.5905 627.0755 627.4525 627.5518 627.2764 626.5995 625.5786 624.6332 623.965 623.4451 623.0752 622.5222 621.7731 620.9359 620.0991 619.5103 619.0506 618.5851 618.1964 617.9349 617.922 618.1267
-9999 -9999 -9999 -9999 -9999 -9999 -9999 -9999 -9999 -9999 -9999 -9999 -9999 -9999 -9999 629.7664 629.0252 627.9479 626.8054 625.8771 625.224 624.4861 623.4423 622.2584 621.2429 620.6964 620.37 620.0019 619.6865 619.3733 619.0899 619.0391 619.1715 619.4434 619.7164 620.0311 620.3621 620.4744 620.4272 620.3255 620.3043 620.4811 620.9597 621.5594 622.2537 622.9298 623.5536 623.8904 624.134 624.3091 624.3022 624.0663 623.6437 622.7114 621.9528 621.5231 620.8342 620.4151 619.938 619.4082 618.9203 618.4921 618.2377 618.0745 617.903 617.7179 617.5406 617.5487 617.7612
-9999 -9999 -9999 -9999 -9999 -9999 -9999 -9999 -9999 -9999 -9999 -9999 -9999 -9999 628.5225 627.9601 627.2759 626.2407 625.0193 624.0087 623.5347 622.8022 621.8183 620.8395 620.1315 619.7604 619.5677 619.386 619.2229 619.0166 618.7428 618.6351 618.6865 618.8523 618.858 618.8881 618.961 618.9739 618.9733 619.0067 619.1289 619.4583 619.9987 620.3164 620.5783 620.8946 621.2388 621.3925 621.422 621.4362 621.3824 621.2377 620.9774 620.4016 619.7703 619.3569 618.9806 618.7704 618.3079 617.8055 617.4653 617.3002 617.2664 617.2845 617.2958 617.276 617.1765 617.2223 617.4164
-9999 -9999 -9999 -9999 -9999 -9999 -9999 -9999 -9999 -9999 -9999 -9999 -9999 -9999 626.9439 626.3558 625.6822 624.7315 623.5757 622.7464 622.6073 621.8589 620.8983 620.1268 619.5927 619.3187 619.2117 619.1372 619.0372 618.7912 618.5098 618.3129 618.192 618.0673 617.8035 617.6531 617.5535 617.4592 617.4708 617.6157 617.8654 618.31 618.7557 618.93 619.0384 619.22 619.3945 619.455 619.4227 619.3533 619.2398 619.1272 619.0005 618.691 618.1707 617.6899 617.4328 617.3297 617.0778 616.6345 616.259 616.1251 616.123 616.1606 616.2198 616.3242 616.4996 616.6193 616.7465
-9999 -9999 -9999 -9999 -9999 -9999 -9999 -9999 -9999 -9999 -9999 -9999 -9999 -9999 625.9788 625.325 624.6161 623.6904 622.6553 622.0818 621.895 621.3788 620.5917 619.9239 619.4623 619.2112 619.1116 619.0494 618.8939 618.6272 618.3224 618.0473 617.7936 617.4973 617.0794 616.7457 616.4859 616.2529 616.2736 616.5467 616.827 617.1796 617.3989 617.4952 617.6582 617.9824 618.1911 618.25 618.1956 618.0305 617.757 617.5275 617.4276 617.2687 616.8578 616.2538 615.9809 615.9248 615.8479 615.6389 615.3419 615.2175 615.2047 615.2323 615.3038 615.4554 615.6917 615.7968 615.8643
-9999 -9999 -9999 -9999 -9999 -9999 -9999 -9999 -9999 -9999 -9999 -9999 -9999 -9999 625.5117 624.8656 624.0381 623.077 622.1986 621.9667 621.6494 621.1595 620.5478 619.9741 619.5525 619.2944 619.1533 619.0471 618.8198 618.5214 618.1987 617.88 617.5416 617.1412 616.6573 616.233 615.9788 615.7892 615.7881 615.9492 616.0185 616.0981 616.1417 616.2116 616.4748 617.005 617.2512 617.3037 617.2381 617.0162 616.5514 616.1212 615.9628 615.8611 615.5452 614.9482 614.6696 614.623 614.6283 614.588 614.5016 614.4662 614.4531 614.4408 614.4514 614.5088 614.6086 614.6686 614.7725
-9999 -9999 -9999 -9999 -9999 -9999 -9999 -9999 -9999 -9999 -9999 -9999 -9999 -9999 625.0338 624.4326 623.68 622.8246 622.093 621.9794 621.6281 621.1282 620.5727 620.1067 619.7346 619.4495 619.237 619.0468 618.7677 618.4511 618.1325 617.827 617.5046 617.0581 616.5299 616.0406 615.8301 615.7312 615.6632 615.6367 615.55 615.4542 615.384 615.4122 615.6188 615.9614 616.0983 616.0895 615.9763 615.7736 615.3311 614.8497 614.662 614.5944 614.4211 614.0524 613.8391 613.7964 613.829 613.8615 613.8589 613.8387 613.7828 613.6914 613.6572 613.6655 613.6997 613.7462 613.8638
-9999 -9999 -9999 -9999 -9999 -9999 -9999 -9999 -9999 -9999 -9999 -9999 -9999 -9999 624.4775 623.8073 623.0487 622.4973 622.1058 621.994 621.6869 621.2121 620.6626 620.2897 619.9604 619.6351 619.3297 619.0436 618.7164 618.3978 618.1006 617.8255 617.5399 617.1969 616.7351 616.2903 616.0322 615.9711 615.7817 615.5933 615.3718 615.1563 614.9937 614.9293 615.0035 615.123 615.1219 615.0254 614.7996 614.6514 614.4218 614.0735 613.8721 613.7783 613.6619 613.4736 613.3528 613.332 613.3681 613.4092 613.416 613.3568 613.2473 613.0349 612.9615 612.9441 612.9429 612.9474 612.9755
-9999 -9999 -9999 -9999 -9999 -9999 -9999 -9999 -9999 -9999 -9999 -9999 -9999 -9999 623.712 622.9665 622.3129 622.1463 622.0437 621.9993 621.8295 621.4674 620.9903 620.5885 620.2375 619.8414 619.4313 619.042 618.688 618.3776 618.1147 617.9017 617.7113 617.4967 617.1212 616.7426 616.4746 616.2802 616.0073 615.722 615.3937 615.0886 614.8475 614.702 614.6487 614.6237 614.5187 614.4526 614.2584 614.1106 613.9296 613.6716 613.4645 613.3342 613.2412 613.1538 613.1078 613.1096 613.1394 613.1498 613.1283 612.985 612.8591 612.5502 612.3889 612.324 612.2983 612.293 612.287
-9999 -9999 -9999 -9999 -9999 -9999 -9999 -9999 -9999 -9999 -9999 -9999 -9999 -9999 -9999 622.2146 621.9403 621.9949 622.011 622 621.994 621.7645 621.3301 620.8954 620.5211 620.0645 619.5829 619.1062 618.7581 618.4435 618.196 618.0226 617.8879 617.736 617.5025 617.2011 616.9767 616.6826 616.3174 615.9451 615.5162 615.1511 614.8595 614.657 614.5446 614.4785 614.352 614.2418 614.0916 613.9579 613.7915 613.5596 613.3306 613.1559 613.0526 613.0084 613.005 613.0223 613.0333 612.9662 612.9113 612.6229 612.3334 612.0167 611.8672 611.8116 611.7944 611.8202 611.8237
-9999 -9999 -9999 -9999 -9999 -9999 -9999 -9999 -9999 -9999 -9999 -9999 -9999 -9999 -9999 621.7874 621.737 621.8673 621.9995 622.0087 622.0001 621.9748 621.5349 621.0457 620.6181 620.2762 619.8695 619.4506 619.059 618.6743 618.3923 618.2253 618.1053 617.96 617.7764 617.5656 617.4564 617.1005 616.6184 616.0934 615.6774 615.2958 614.9735 614.7256 614.5688 614.4795 614.3766 614.2617 614.1491 614.036 613.8716 613.6375 613.3696 613.1375 613.0002 612.9667 612.96 612.9604 612.9481 612.7376 612.5048 612.1666 611.8113 611.4913 611.4248 611.4249 611.4411 611.5361 611.5588
-9999 -9999 -9999 -9999 -9999 -9999 -9999 -9999 -9999 -9999 -9999 -9999 -9999 -9999 -9999 -9999 621.7289 621.8301 621.9979 622.0099 622 621.9813 621.5708 621.1193 620.7671 620.5468 620.2415 619.9569 619.5929 619.1066 618.7572 618.5809 618.4438 618.2666 618.0898 617.9232 617.7952 617.5016 617.0269 616.4799 616.0034 615.5736 615.1877 614.8777 614.6676 614.5495 614.4779 614.3737 614.3074 614.2382 614.0704 613.8149 613.4969 613.1892 612.9885 612.9598 612.9237 612.8541 612.7085 612.4113 612.0765 611.7421 611.4292 611.1926 611.1392 611.1803 611.2765 611.4236 611.4311
-9999 -9999 -9999 -9999 -9999 -9999 -9999 -9999 -9999 -9999 -9999 -9999 -9999 -9999 -9999 -9999 622.0021 621.9065 621.9991 622.0313 621.9967 621.8593 621.5295 621.1547 620.8678 620.7096 620.5879 620.5264 620.3078 619.7825 619.3564 619.1738 618.9849 618.702 618.4767 618.2862 618.1334 617.8904 617.4897 616.9707 616.4664 615.9946 615.5261 615.1206 614.8328 614.6553 614.5524 614.4809 614.4796 614.4715 614.2997 614.0287 613.6588 613.2711 612.9692 612.9136 612.8961 612.7798 612.5244 612.1268 611.7086 611.4233 611.1758 611.0085 610.967 611.0199 611.1337 611.2725 611.3511
