backend/lakes/data/Skeleton Lake/skel_dem_tm.asc
ncols         145
nrows         155
xllcorner     643250
yllcorner     6048900
cellsize      50
NODATA_value  -9999
[rows 30 to 59 of 155, columns 69 to 137 of 145]
-9999 -9999 636.8461 635.3662 633.3976 630.8561 627.0651 622.6296 618.698 616.0026 614.5838 613.9211 613.4628 613.0049 612.4825 611.8297 611.192 610.3854 609.5277 608.3797 607.121 606.0249 605.2786 604.8519 604.8005 605.0784 605.3914 605.8604 606.5243 607.1177 607.6822 608.1727 608.7813 609.5934 610.8401 612.3826 614.081 615.9042 617.9332 620.2502 622.8274 625.5452 628.1697 630.4034 632.2086 633.6602 635.0442 636.4008 637.2943 637.2409 635.8857 633.358 630.4733 628.2084 627.1787 627.1883 627.6263 628.4144 -9999 -9999 -9999 -9999 -9999 -9999 -9999 -9999 -9999 -9999 -9999
-9999 -9999 636.6971 635.2068 633.3015 630.5648 626.7126 622.3898 618.6721 616.0579 614.4948 613.7139 613.2783 612.891 612.269 611.5172 610.819 610.0049 609.1836 608.1029 606.809 605.6788 605.0259 604.6259 604.3923 604.3794 604.5059 604.8408 605.3576 605.8604 606.3267 606.7382 607.2056 607.8993 609.0697 610.7231 612.4936 614.2355 616.0017 617.897 620.0007 622.2465 624.4301 626.3568 628.0001 629.502 630.9883 632.4839 633.5937 633.8193 632.7826 630.6614 628.2196 626.4464 626.0329 626.7141 627.829 629.2438 631.0922 -9999 -9999 -9999 -9999 -9999 -9999 -9999 -9999 -9999 -9999
-9999 637.0039 635.7139 634.2872 632.3519 629.4824 625.6907 621.6882 618.3813 616.013 614.4641 613.6044 613.2122 612.9393 612.4008 611.668 610.9424 610.1695 609.4391 608.4779 607.3256 606.3025 605.5626 605.0727 604.5647 604.2567 604.2041 604.4429 604.8804 605.3358 605.7816 606.243 606.7703 607.38 608.1238 609.713 611.486 613.1544 614.7117 616.212 617.8071 619.5107 621.1268 622.5881 623.9703 625.2838 626.603 627.9507 629.0695 629.5219 628.9839 627.5529 625.8538 624.7459 624.8719 626.2168 628.1614 630.3314 632.6121 -9999 -9999 -9999 -9999 -9999 -9999 -9999 -9999 -9999 -9999
-9999 635.5685 634.4171 632.983 630.8802 627.8761 624.2359 620.7053 617.9543 615.9026 614.4537 613.6185 613.3632 613.3546 613.0877 612.585 611.886 611.2626 610.6599 609.9003 608.9476 607.932 607.0125 606.2081 605.412 604.8183 604.5778 604.7205 605.1427 605.5839 606.0574 606.5291 606.9758 607.4979 608.418 609.8346 611.3661 612.8467 614.192 615.3016 616.4225 617.6461 618.8071 619.8447 620.879 621.882 622.9117 624.0248 625.0383 625.5728 625.5049 624.9509 624.3186 624.0459 623.9593 625.6912 628.2843 631.063 633.6933 636.1864 -9999 -9999 -9999 -9999 -9999 -9999 -9999 -9999 -9999
634.8644 634.1431 633.1276 631.5389 629.1226 625.9646 622.5824 619.6707 617.4824 615.7678 614.4338 613.7442 613.8424 614.1949 614.2602 614.0309 613.5717 613.1656 612.8164 612.3348 611.6077 610.6078 609.4816 608.3233 607.1927 606.2568 605.7592 605.7429 606.0707 606.663 607.2621 607.8078 608.2877 608.8689 609.6827 610.7654 611.8895 613.0594 614.192 615.0649 615.9232 616.8015 617.6475 618.467 619.2638 620.085 620.842 621.5112 622.2972 622.7967 623.0409 623.1515 623.2814 623.5364 623.3749 625.2695 628.1524 631.218 634.0363 636.6185 -9999 -9999 -9999 -9999 -9999 -9999 -9999 -9999 -9999
633.3532 632.9672 632.0003 630.1036 627.3056 624.1069 621.0894 618.8217 617.0842 615.627 614.3978 613.9916 614.449 615.0656 615.5554 615.7513 615.7831 615.8237 615.8845 615.7615 615.2557 614.2932 613.0032 611.5637 610.1171 608.8778 608.0888 607.8561 608.1406 608.7875 609.5236 610.1323 610.5652 610.9698 611.4048 612.0081 612.7801 613.6376 614.5162 615.2993 616.0538 616.8264 617.5524 618.282 619.0056 619.7673 620.494 620.9715 621.3997 621.7868 622.1543 622.5479 622.9269 623.1773 623.499 625.4412 628.2729 631.31 634.1201 636.6841 -9999 -9999 -9999 -9999 -9999 -9999 -9999 -9999 -9999
632.3038 632.1303 631.0949 628.7733 625.5884 622.393 619.9023 618.1925 616.7758 615.4586 614.3015 614.4379 615.2814 616.1768 617.105 617.9202 618.6656 619.3942 620.0081 620.2729 619.9497 618.9751 617.4859 615.7504 614.0012 612.4901 611.4626 611.0283 611.2015 611.7904 612.5146 613.0798 613.3972 613.4949 613.4677 613.5521 613.9465 614.5885 615.2691 616.0112 616.7529 617.5071 618.1611 618.8414 619.5236 620.3898 621.3708 622.3577 622.6368 623.0524 623.5749 623.8959 624.0288 624.3213 624.9749 626.6718 629.1263 631.8694 634.4948 636.9205 -9999 -9999 -9999 -9999 -9999 -9999 -9999 -9999 -9999
631.6381 631.5374 630.2385 627.4465 624.0233 621.0836 619.2671 617.8418 616.5329 615.3152 614.5032 615.0674 616.3277 617.8028 619.39 621.0109 622.6086 624.1007 625.2964 625.8945 625.6535 624.5519 622.7587 620.6508 618.5623 616.7678 615.5005 614.8484 614.819 615.2294 615.8287 616.3116 616.5255 616.3825 615.9796 615.575 615.5085 615.9713 616.4023 617.122 617.8281 618.5931 619.0997 619.6472 620.3424 621.2992 622.4627 623.5919 624.4081 625.2841 626.1331 626.6292 626.8069 627.0376 627.6544 628.9993 630.9811 633.2806 635.579 -9999 -9999 -9999 -9999 -9999 -9999 -9999 -9999 -9999 -9999
631.0444 631.1226 629.4328 626.2266 622.7386 620.1119 618.838 617.4241 615.989 614.8906 614.8019 616.0761 618.0481 620.341 622.796 625.3198 627.7573 629.9199 631.5367 632.2756 631.966 630.6399 628.5236 626.0399 623.6181 621.5433 620.0182 619.103 618.778 618.9147 619.2842 619.6452 619.7867 619.5125 618.8688 618.0724 617.5226 617.5107 617.8411 618.5075 619.1752 619.8777 620.2585 620.6494 621.3654 622.5271 623.945 625.3721 626.5994 627.8167 628.975 629.8206 630.2322 630.517 631.0484 632.0873 633.6177 635.4575 637.3707 -9999 -9999 -9999 -9999 -9999 -9999 -9999 -9999 -9999 -9999
631.3755 630.9098 629.0389 625.7345 622.0988 619.3674 617.9764 616.8644 615.581 614.7963 615.7641 617.9003 620.7396 623.9385 627.296 630.6182 633.6923 636.2997 638.1081 638.7676 638.2313 636.6531 634.3137 631.6348 629.0217 626.7537 625.0084 623.8076 623.1154 622.8755 622.9078 623.0808 623.139 622.8126 622.0229 620.9833 620.1129 619.7191 619.8023 620.2682 620.8325 621.4053 621.7086 622.0547 622.8977 624.2795 625.9467 627.5084 628.9117 630.282 631.7156 632.8954 633.6005 634.0383 634.5735 635.4246 636.6012 638.024 -9999 -9999 -9999 -9999 -9999 -9999 -9999 -9999 -9999 -9999 -9999
632.3135 631.4789 629.476 626.1649 622.3776 619.2902 617.3694 616.1486 615.5149 615.8004 617.6295 620.6342 624.3581 628.4081 632.5032 636.3623 639.756 642.5124 644.2698 644.616 643.6979 641.8937 639.5351 636.949 634.4406 632.2251 630.4169 628.9986 627.9294 627.2009 626.809 626.683 626.5894 626.2519 625.4497 624.3057 623.2333 622.5627 622.4299 622.7476 623.2486 623.7237 624.0053 624.4001 625.3382 626.8533 628.494 629.983 631.3858 632.8334 634.4064 635.739 636.5887 637.1628 637.7538 638.5059 639.4388 -9999 -9999 -9999 -9999 -9999 -9999 -9999 -9999 -9999 -9999 -9999 -9999
633.9048 632.9208 630.7886 627.413 623.4363 619.8863 617.399 616.0507 615.9459 617.2498 620.0478 623.9627 628.5043 633.2502 637.829 641.8659 645.1559 647.7363 649.2902 649.1411 647.73 645.7482 643.5885 641.4003 639.3153 637.4359 635.8142 634.3683 633.0302 631.8405 630.938 630.3815 630.0367 629.6879 629.0311 627.9932 626.9016 626.1169 625.9356 626.3168 626.9452 627.4811 627.7827 628.1252 628.9217 630.1533 631.5204 632.804 634.1152 635.5721 637.127 638.3744 639.1672 639.7392 640.3445 -9999 -9999 -9999 -9999 -9999 -9999 -9999 -9999 -9999 -9999 -9999 -9999 -9999 -9999
635.6201 634.7175 632.5871 629.1506 624.9866 620.9846 617.9988 616.5463 616.8573 619.0487 622.7565 627.4786 632.6609 637.8372 642.5581 646.3528 649.0322 651.1393 652.5583 651.8055 649.9126 647.8688 646.0839 644.5084 643.0612 641.7426 640.5634 639.3379 637.9182 636.3875 634.9972 633.9601 633.3096 632.9397 632.5131 631.7539 630.8325 630.1284 630.0475 630.6176 631.4523 632.1067 632.4098 632.618 633.1184 633.928 634.8632 635.8536 637.0313 638.4406 -9999 -9999 -9999 -9999 -9999 -9999 -9999 -9999 -9999 -9999 -9999 -9999 -9999 -9999 -9999 -9999 -9999 -9999 -9999
636.8802 636.1817 634.2084 630.8534 626.5717 622.2544 618.9281 617.4495 618.2339 621.1435 625.5565 630.7863 636.2263 641.4155 645.9098 649.1605 650.838 -9999 -9999 -9999 -9999 648.3532 647.0565 646.1035 645.338 644.6594 644.083 643.3008 642.0432 640.3809 638.6493 637.2119 636.2658 635.8427 635.6129 635.1755 634.5353 634.0247 634.1194 634.8917 635.9182 636.6752 636.9687 637.0392 637.2584 637.7001 638.2611 638.9839 640.0259 -9999 -9999 -9999 -9999 -9999 -9999 -9999 -9999 -9999 -9999 -9999 -9999 -9999 -9999 -9999 -9999 -9999 -9999 -9999 -9999
637.19 636.673 634.9932 631.9164 627.7966 623.4119 619.9254 618.4467 619.7578 623.2114 628.0046 633.3243 638.5276 643.2349 647.168 649.9932 -9999 -9999 -9999 -9999 -9999 -9999 -9999 -9999 646.1492 646.058 646.1075 645.9384 645.1105 643.6003 641.7495 640.0673 -9999 638.3535 638.1938 637.9958 637.6506 637.3967 637.7017 638.6412 639.7886 640.6225 640.9303 640.9207 640.9528 641.1774 641.5454 -9999 -9999 -9999 -9999 -9999 -9999 -9999 -9999 -9999 -9999 -9999 -9999 -9999 -9999 -9999 -9999 -9999 -9999 -9999 -9999 -9999 -9999
636.651 636.1698 634.6032 631.8701 628.1509 624.1092 620.8873 619.6465 621.186 624.8381 629.688 634.7418 639.2903 643.0568 645.9638 -9999 -9999 -9999 -9999 -9999 -9999 -9999 -9999 -9999 -9999 -9999 -9999 -9999 -9999 -9999 -9999 -9999 -9999 -9999 -9999 -9999 -9999 640.2197 640.7531 641.8236 643.0325 -9999 -9999 -9999 -9999 -9999 -9999 -9999 -9999 -9999 -9999 -9999 -9999 -9999 -9999 -9999 -9999 -9999 -9999 -9999 -9999 -9999 -9999 -9999 -9999 -9999 -9999 -9999 -9999
635.4283 634.7491 633.135 630.6362 627.4164 624.0256 621.4591 620.6845 622.3215 625.926 630.606 635.1902 638.8635 641.4627 643.1249 -9999 -9999 -9999 -9999 -9999 -9999 -9999 -9999 -9999 -9999 -9999 -9999 -9999 -9999 -9999 -9999 -9999 -9999 -9999 -9999 -9999 -9999 -9999 -9999 -9999 -9999 -9999 -9999 -9999 -9999 -9999 -9999 -9999 -9999 -9999 -9999 -9999 -9999 -9999 -9999 -9999 -9999 -9999 -9999 -9999 -9999 -9999 -9999 -9999 -9999 -9999 -9999 -9999 -9999
634.2488 632.9793 631.0604 628.6211 625.8636 623.2208 621.4735 621.2197 622.9162 626.4367 630.8659 634.9481 637.7542 639.2032 -9999 -9999 -9999 -9999 -9999 -9999 -9999 -9999 -9999 -9999 -9999 -9999 -9999 -9999 -9999 -9999 -9999 -9999 -9999 -9999 -9999 -9999 -9999 -9999 -9999 -9999 -9999 -9999 -9999 -9999 -9999 -9999 -9999 -9999 -9999 -9999 -9999 -9999 -9999 -9999 -9999 -9999 -9999 -9999 -9999 -9999 -9999 -9999 -9999 -9999 -9999 -9999 -9999 -9999 -9999
633.4753 631.3698 628.9747 626.4951 624.1512 622.2797 621.1826 621.3142 623.0413 626.4048 630.5354 634.1929 636.3676 636.8168 -9999 -9999 -9999 -9999 -9999 -9999 -9999 -9999 -9999 -9999 -9999 -9999 -9999 -9999 -9999 -9999 -9999 -9999 -9999 -9999 -9999 -9999 -9999 -9999 -9999 -9999 -9999 -9999 -9999 -9999 -9999 -9999 -9999 -9999 -9999 -9999 -9999 -9999 -9999 -9999 -9999 -9999 -9999 -9999 -9999 -9999 -9999 -9999 -9999 -9999 -9999 -9999 -9999 -9999 -9999
633.4521 630.4663 627.5429 625.0323 623.1008 621.658 620.9073 621.1979 622.8365 625.9058 629.6758 632.9894 634.7571 634.5413 -9999 -9999 -9999 -9999 -9999 -9999 -9999 -9999 -9999 -9999 -9999 -9999 -9999 -9999 -9999 -9999 -9999 -9999 -9999 -9999 -9999 -9999 -9999 -9999 -9999 -9999 -9999 -9999 -9999 -9999 -9999 -9999 -9999 -9999 -9999 -9999 -9999 -9999 -9999 -9999 -9999 -9999 -9999 -9999 -9999 -9999 -9999 -9999 -9999 -9999 -9999 -9999 -9999 -9999 -9999
634.4276 630.7278 627.4 624.8771 622.9625 621.567 620.8409 621.0541 622.4576 625.0967 628.4765 631.519 633.0889 632.555 631.0359 -9999 -9999 -9999 -9999 -9999 -9999 -9999 -9999 -9999 -9999 -9999 -9999 -9999 -9999 -9999 -9999 -9999 -9999 -9999 -9999 -9999 -9999 -9999 -9999 -9999 -9999 -9999 -9999 -9999 -9999 -9999 -9999 -9999 -9999 -9999 -9999 -9999 -9999 -9999 -9999 -9999 -9999 -9999 -9999 -9999 -9999 -9999 -9999 -9999 -9999 -9999 -9999 -9999 -9999
636.2495 632.1128 628.4477 625.6969 623.5495 621.9446 621.0095 620.957 621.9931 624.1716 627.2034 630.0689 631.6168 631.124 629.7655 -9999 -9999 -9999 -9999 -9999 -9999 -9999 -9999 -9999 -9999 -9999 -9999 -9999 -9999 -9999 -9999 -9999 -9999 -9999 -9999 -9999 -9999 -9999 -9999 -9999 -9999 -9999 -9999 -9999 -9999 -9999 -9999 -9999 -9999 -9999 -9999 -9999 -9999 -9999 -9999 -9999 -9999 -9999 -9999 -9999 -9999 -9999 -9999 -9999 -9999 -9999 -9999 -9999 -9999
638.4368 634.0474 630.0964 627.0021 624.5079 622.5834 621.3478 620.9753 621.6331 623.4092 626.2178 629.0476 630.7507 630.6792 629.9669 -9999 -9999 -9999 -9999 -9999 -9999 -9999 -9999 -9999 -9999 -9999 -9999 -9999 -9999 -9999 -9999 -9999 -9999 -9999 -9999 -9999 -9999 -9999 -9999 -9999 -9999 -9999 -9999 -9999 -9999 -9999 -9999 -9999 -9999 -9999 -9999 -9999 -9999 -9999 -9999 -9999 -9999 -9999 -9999 -9999 -9999 -9999 -9999 -9999 -9999 -9999 -9999 -9999 -9999
640.673 636.1058 631.8303 628.3356 625.4782 623.2476 621.7542 621.1444 621.5597 623.0977 625.7697 628.6868 630.8135 631.5812 631.4929 -9999 -9999 -9999 -9999 -9999 -9999 -9999 -9999 -9999 -9999 -9999 -9999 -9999 -9999 -9999 -9999 -9999 -9999 -9999 -9999 -9999 -9999 -9999 -9999 -9999 -9999 -9999 -9999 -9999 -9999 -9999 -9999 -9999 -9999 -9999 -9999 -9999 -9999 -9999 -9999 -9999 -9999 -9999 -9999 -9999 -9999 -9999 -9999 -9999 -9999 -9999 -9999 -9999 -9999
642.7289 638.0181 633.3543 629.3922 626.2029 623.7483 622.1085 621.4093 621.7612 623.2465 625.8388 628.824 631.2952 632.7295 633.3793 -9999 -9999 -9999 -9999 -9999 -9999 -9999 -9999 -9999 -9999 -9999 -9999 -9999 -9999 -9999 -9999 -9999 -9999 -9999 -9999 -9999 -9999 -9999 -9999 -9999 -9999 -9999 -9999 -9999 -9999 -9999 -9999 -9999 -9999 -9999 -9999 -9999 -9999 -9999 -9999 -9999 -9999 -9999 -9999 -9999 -9999 -9999 -9999 -9999 -9999 -9999 -9999 -9999 -9999
644.2961 639.4959 634.4891 630.041 626.5807 623.9935 622.3132 621.6316 622.0289 623.5535 626.0262 628.8931 631.4554 633.2917 634.5372 -9999 -9999 -9999 -9999 -9999 -9999 -9999 -9999 -9999 -9999 -9999 -9999 -9999 -9999 -9999 -9999 -9999 -9999 -9999 -9999 -9999 -9999 -9999 -9999 -9999 -9999 -9999 -9999 -9999 -9999 -9999 -9999 -9999 -9999 -9999 -9999 -9999 -9999 -9999 -9999 -9999 -9999 -9999 -9999 -9999 -9999 -9999 -9999 -9999 -9999 -9999 -9999 -9999 -9999
645.0308 640.3215 635.1846 630.4081 626.6549 623.9773 622.3112 621.6731 622.0883 623.5576 625.7758 628.3098 630.7059 632.6989 634.3979 636.1793 -9999 -9999 -9999 -9999 -9999 -9999 -9999 -9999 -9999 -9999 -9999 -9999 -9999 -9999 -9999 -9999 -9999 -9999 -9999 -9999 -9999 -9999 -9999 -9999 -9999 -9999 -9999 -9999 -9999 -9999 -9999 -9999 -9999 -9999 -9999 -9999 -9999 -9999 -9999 -9999 -9999 -9999 -9999 -9999 -9999 -9999 -9999 -9999 -9999 -9999 -9999 -9999 -9999
644.7089 640.2667 635.2503 630.3591 626.3696 623.6989 622.0919 621.4843 621.8241 623.0103 624.8034 626.9258 629.1258 631.2557 633.415 635.8521 638.5087 -9999 -9999 -9999 -9999 -9999 -9999 -9999 -9999 -9999 -9999 -9999 -9999 -9999 -9999 -9999 -9999 -9999 -9999 -9999 -9999 -9999 -9999 -9999 -9999 -9999 -9999 -9999 -9999 -9999 -9999 -9999 -9999 -9999 -9999 -9999 -9999 -9999 -9999 -9999 -9999 -9999 -9999 -9999 -9999 -9999 -9999 -9999 -9999 -9999 -9999 -9999 -9999
643.3849 639.2668 634.5327 629.7856 625.8423 623.2446 621.7316 621.1457 621.3559 622.1985 623.4968 625.175 627.1378 629.3647 631.9205 634.8846 638.0377 640.7981 -9999 -9999 -9999 -9999 -9999 -9999 -9999 -9999 -9999 -9999 -9999 -9999 -9999 -9999 -9999 -9999 -9999 -9999 -9999 -9999 -9999 -9999 -9999 -9999 -9999 -9999 -9999 -9999 -9999 -9999 -9999 -9999 -9999 -9999 -9999 -9999 -9999 -9999 -9999 -9999 -9999 -9999 -9999 -9999 -9999 -9999 -9999 -9999 -9999 -9999 -9999
641.3589 637.5164 633.148 628.7202 625.0157 622.6515 621.3184 620.8042 620.9211 621.4821 622.3614 623.5599 625.2103 627.3995 630.1748 633.4229 636.8078 639.7839 641.8711 -9999 -9999 -9999 -9999 -9999 -9999 -9999 -9999 -9999 -9999 -9999 -9999 -9999 -9999 -9999 -9999 -9999 -9999 -9999 -9999 -9999 -9999 -9999 -9999 -9999 -9999 -9999 -9999 -9999 -9999 -9999 -9999 -9999 -9999 -9999 -9999 -9999 -9999 -9999 -9999 -9999 -9999 -9999 -9999 -9999 -9999 -9999 -9999 -9999 -9999
