backend/lakes/data/Seibert Lake/seib_dem_tm.asc
ncols         190
nrows         239
xllcorner     732200
yllcorner     6061800
cellsize      50
NODATA_value  -9999
[rows 30 to 59 of 239, columns 0 to 67 of 190]
-9999 -9999 -9999 -9999 -9999 -9999 -9999 -9999 -9999 -9999 -9999 -9999 -9999 -9999 -9999 -9999 -9999 -9999 -9999 -9999 -9999 -9999 -9999 -9999 -9999 -9999 -9999 -9999 -9999 -9999 -9999 -9999 -9999 -9999 -9999 -9999 -9999 -9999 -9999 -9999 -9999 -9999 -9999 -9999 -9999 -9999 -9999 -9999 -9999 637.2805 634.9808 633.055 631.6445 629.4529 626.0486 622.4528 620.1125 618.4447 617.2366 616.3842 615.8143 615.3954 615.0413 614.7933 614.5711 614.5269 614.5399 614.6172
-9999 -9999 -9999 -9999 -9999 -9999 -9999 -9999 -9999 -9999 -9999 -9999 -9999 -9999 -9999 -9999 -9999 -9999 -9999 -9999 -9999 -9999 -9999 -9999 -9999 -9999 -9999 -9999 -9999 -9999 -9999 -9999 -9999 -9999 -9999 -9999 -9999 -9999 -9999 -9999 -9999 -9999 -9999 -9999 -9999 -9999 -9999 -9999 -9999 -9999 638.1837 636.422 634.9581 632.5674 628.8796 624.7383 621.317 618.8847 617.1893 616.1113 615.4945 615.1176 614.8077 614.5753 614.3754 614.2787 614.283 614.3723
-9999 -9999 -9999 -9999 -9999 -9999 -9999 -9999 -9999 -9999 -9999 -9999 -9999 -9999 -9999 -9999 -9999 -9999 -9999 -9999 -9999 -9999 -9999 -9999 -9999 -9999 -9999 -9999 -9999 -9999 -9999 -9999 -9999 -9999 -9999 -9999 -9999 -9999 -9999 -9999 -9999 -9999 -9999 -9999 -9999 -9999 -9999 -9999 -9999 -9999 640.5781 639.2239 638.0146 635.7696 632.1398 627.6943 623.4162 620.0741 617.7067 616.2063 615.3941 615.0151 614.7946 614.493 614.2262 614.0551 613.9969 614.0695
-9999 -9999 -9999 -9999 -9999 -9999 -9999 -9999 -9999 -9999 -9999 -9999 -9999 -9999 -9999 -9999 -9999 -9999 -9999 -9999 -9999 -9999 -9999 -9999 -9999 -9999 -9999 -9999 -9999 -9999 -9999 -9999 -9999 -9999 -9999 -9999 -9999 -9999 -9999 -9999 -9999 -9999 -9999 -9999 -9999 -9999 -9999 -9999 -9999 -9999 -9999 641.1466 640.5112 638.7673 635.5014 631.0381 626.1765 621.863 618.7686 616.7278 615.566 615.0388 614.7949 614.4338 614.0903 613.8415 613.7148 613.7355
-9999 -9999 -9999 -9999 -9999 -9999 -9999 -9999 -9999 -9999 -9999 -9999 -9999 -9999 -9999 -9999 -9999 -9999 -9999 -9999 -9999 -9999 -9999 -9999 -9999 -9999 -9999 -9999 -9999 -9999 -9999 -9999 -9999 -9999 -9999 -9999 -9999 -9999 -9999 -9999 -9999 -9999 -9999 -9999 -9999 -9999 -9999 -9999 -9999 -9999 -9999 -9999 641.98 641.1754 638.54 634.327 629.2123 624.1628 620.1957 617.5278 615.9227 615.1301 614.7922 614.3451 613.9302 613.6219 613.4459 613.4124
-9999 -9999 -9999 -9999 -9999 -9999 -9999 -9999 -9999 -9999 -9999 -9999 -9999 -9999 -9999 -9999 -9999 -9999 -9999 -9999 -9999 -9999 -9999 -9999 -9999 -9999 -9999 -9999 -9999 -9999 -9999 -9999 -9999 -9999 -9999 -9999 -9999 -9999 -9999 -9999 -9999 -9999 -9999 -9999 -9999 -9999 -9999 -9999 -9999 -9999 -9999 -9999 642.7664 642.8968 640.9161 637.1297 631.9925 626.5029 621.8257 618.3699 616.2592 615.1557 614.727 614.175 613.7111 613.3718 613.1644 613.0905
-9999 -9999 -9999 -9999 -9999 -9999 -9999 -9999 -9999 -9999 -9999 -9999 -9999 -9999 -9999 -9999 -9999 -9999 -9999 -9999 -9999 -9999 -9999 -9999 -9999 -9999 -9999 -9999 -9999 -9999 -9999 -9999 -9999 -9999 -9999 -9999 -9999 -9999 -9999 -9999 -9999 -9999 -9999 -9999 -9999 -9999 -9999 -9999 -9999 -9999 -9999 -9999 -9999 643.4199 642.1699 639.0803 634.1619 628.4173 623.1726 619.0447 616.4409 614.9473 614.333 613.8502 613.4292 613.0956 612.8723 612.7692
-9999 -9999 -9999 -9999 -9999 -9999 -9999 -9999 -9999 -9999 -9999 -9999 -9999 -9999 -9999 -9999 -9999 -9999 -9999 -9999 -9999 -9999 -9999 -9999 -9999 -9999 -9999 -9999 -9999 -9999 -9999 -9999 -9999 -9999 -9999 -9999 -9999 -9999 -9999 -9999 -9999 -9999 -9999 -9999 -9999 -9999 -9999 -9999 -9999 -9999 -9999 -9999 -9999 643.3959 642.0948 639.9929 635.5473 629.7825 624.1461 619.5597 616.6128 614.8778 614.0928 613.5951 613.1783 612.8347 612.587 612.4507
-9999 -9999 -9999 -9999 -9999 -9999 -9999 -9999 -9999 -9999 -9999 -9999 -9999 -9999 -9999 -9999 -9999 -9999 -9999 -9999 -9999 -9999 -9999 -9999 -9999 -9999 -9999 -9999 -9999 -9999 -9999 -9999 -9999 -9999 -9999 -9999 -9999 -9999 -9999 -9999 -9999 -9999 -9999 -9999 -9999 -9999 -9999 -9999 -9999 -9999 -9999 -9999 -9999 642.8602 641.3611 640.2743 636.2829 630.6123 624.7348 619.9194 616.7698 614.8768 613.9852 613.4248 612.9716 612.6016 612.3214 612.1472
-9999 -9999 -9999 -9999 -9999 -9999 -9999 -9999 -9999 -9999 -9999 -9999 -9999 -9999 -9999 -9999 -9999 -9999 -9999 -9999 -9999 644.5469 643.5082 642.5799 641.7485 640.5178 -9999 -9999 -9999 -9999 -9999 -9999 -9999 -9999 -9999 -9999 -9999 -9999 -9999 -9999 -9999 -9999 -9999 -9999 -9999 -9999 -9999 -9999 -9999 -9999 -9999 -9999 -9999 642.5991 641.934 640.4059 636.3422 630.7695 625.0038 620.1334 616.8787 614.8397 613.7463 613.126 612.7216 612.3617 612.066 611.8622
-9999 -9999 -9999 -9999 -9999 -9999 -9999 -9999 -9999 -9999 -9999 -9999 -9999 -9999 -9999 -9999 -9999 -9999 -9999 646.0998 643.894 641.9642 640.7966 640.093 639.6688 639.046 638.1413 637.0784 -9999 -9999 -9999 -9999 -9999 -9999 -9999 -9999 -9999 -9999 -9999 -9999 -9999 -9999 -9999 -9999 -9999 -9999 -9999 -9999 -9999 -9999 -9999 -9999 -9999 643.2089 642.4004 639.8849 635.4627 630.0219 624.8061 620.0888 616.9054 614.8184 613.5754 612.8551 612.4198 612.1008 611.8105 611.5907
-9999 -9999 -9999 -9999 -9999 -9999 -9999 -9999 -9999 -9999 -9999 -9999 -9999 -9999 -9999 -9999 -9999 -9999 645.5493 643.5486 641.0866 638.8363 637.4329 636.9222 637.025 637.2037 636.8418 636.1011 635.3625 635.0341 -9999 -9999 -9999 -9999 -9999 -9999 -9999 -9999 -9999 -9999 -9999 -9999 -9999 -9999 -9999 -9999 -9999 -9999 -9999 -9999 -9999 -9999 643.8605 642.7294 641.2523 638.1469 633.4565 628.1516 623.4244 619.5282 616.7928 614.8333 613.5369 612.7145 612.1942 611.8367 611.5581 611.3304
-9999 -9999 -9999 -9999 -9999 -9999 -9999 -9999 -9999 -9999 -9999 -9999 -9999 -9999 -9999 -9999 -9999 644.0726 642.9326 640.7416 637.9853 635.353 633.6166 633.1713 633.7634 634.6766 635.0972 634.8228 634.3925 634.7688 635.4907 636.4278 -9999 -9999 -9999 -9999 -9999 -9999 -9999 -9999 -9999 -9999 -9999 -9999 -9999 -9999 -9999 -9999 -9999 -9999 -9999 643.9791 642.9014 640.77 639.1741 635.6691 630.7476 625.6714 621.6951 618.892 616.6832 614.9003 613.6293 612.731 612.1058 611.6606 611.3309 611.0864
-9999 -9999 -9999 -9999 -9999 -9999 -9999 -9999 -9999 -9999 -9999 -9999 -9999 -9999 -9999 -9999 642.1873 641.735 640.3574 637.9005 634.7825 631.7155 629.5797 629.0864 629.9635 631.3631 632.5621 633.1607 633.4357 634.2316 635.6041 637.1178 638.4425 639.9769 -9999 -9999 -9999 -9999 -9999 -9999 -9999 -9999 -9999 -9999 -9999 -9999 -9999 -9999 -9999 -9999 -9999 643.1266 641.8947 639.983 637.3104 633.1141 628.0118 623.3777 620.3451 618.3698 616.5751 614.946 613.7529 612.8267 612.1154 611.5756 611.1683 610.8706
-9999 -9999 -9999 -9999 -9999 -9999 -9999 -9999 -9999 -9999 -9999 -9999 -9999 -9999 -9999 -9999 640.5123 639.7769 638.0293 635.2766 631.7715 628.2767 625.8725 625.3593 626.0416 627.4964 629.1828 630.532 631.5648 632.8184 634.3755 636.1135 637.7249 639.1569 640.4556 -9999 -9999 -9999 -9999 -9999 -9999 -9999 -9999 -9999 -9999 -9999 -9999 -9999 -9999 -9999 643.1154 642.0167 640.5638 638.4755 635.1089 630.4641 625.4603 621.4368 619.0212 617.4242 616.0637 614.832 613.7528 612.8468 612.0995 611.4996 611.0316 610.6816
-9999 -9999 -9999 -9999 -9999 -9999 -9999 -9999 -9999 -9999 -9999 -9999 -9999 -9999 -9999 639.4284 639.5546 638.274 636.1199 633.0369 629.212 625.5559 623.2744 622.4332 622.6967 623.7734 625.3542 627.0333 628.6585 630.3397 632.1142 634.0542 635.9508 637.5619 638.7775 640.2271 641.2385 -9999 -9999 -9999 -9999 -9999 -9999 -9999 -9999 -9999 -9999 -9999 -9999 -9999 641.8908 640.6377 639.0474 636.5389 632.6232 627.7764 623.1259 619.9491 617.9563 616.5949 615.5132 614.6093 613.5988 612.7076 611.9634 611.3495 610.8561 610.48
-9999 -9999 -9999 -9999 -9999 -9999 -9999 -9999 -9999 -9999 -9999 -9999 -9999 -9999 -9999 639.9836 639.0606 637.2217 634.6896 631.267 627.3722 623.9505 621.5374 620.2515 619.9492 620.45 621.6982 622.9896 624.7313 626.7089 628.8164 631.0914 633.4033 635.4286 637.0414 638.4312 639.5571 -9999 -9999 -9999 -9999 -9999 -9999 -9999 -9999 -9999 -9999 -9999 -9999 641.5197 640.5896 639.3826 637.5666 634.5897 630.2796 625.5348 621.3724 618.8528 617.1822 615.9452 614.9425 614.1075 613.2225 612.4004 611.6912 611.1013 610.6207 610.2466
-9999 -9999 -9999 -9999 -9999 -9999 -9999 -9999 -9999 -9999 -9999 -9999 -9999 -9999 -9999 641.2627 639.2518 636.6475 633.7351 630.1965 626.4698 623.0868 620.4456 618.7189 617.8683 617.8708 618.2435 619.1165 620.6663 622.5121 624.7297 627.3716 630.0862 632.5311 634.5045 636.1274 637.499 638.2075 638.4177 -9999 -9999 -9999 -9999 -9999 -9999 -9999 -9999 -9999 -9999 640.1042 639.5649 638.3654 636.305 632.937 628.3608 623.7521 620.215 618.2496 616.7426 615.5227 614.6143 613.6773 612.7985 612.0137 611.344 610.7894 610.3397 609.9907
-9999 -9999 -9999 -9999 -9999 -9999 -9999 -9999 -9999 -9999 -9999 -9999 -9999 -9999 -9999 642.4971 639.803 636.6437 633.563 630.1443 626.3329 622.7844 619.8192 617.6647 616.2075 615.5497 615.5109 616.0627 617.3148 618.8497 620.804 623.3264 626.2092 628.9709 631.3213 633.3062 635.1132 636.6123 637.6764 637.7814 637.2598 -9999 -9999 -9999 -9999 -9999 -9999 -9999 -9999 639.0967 638.907 637.8512 635.5873 631.7788 626.8976 622.3227 619.4949 618.0137 616.4851 615.0873 614.1063 613.187 612.3433 611.6028 610.978 610.4667 610.0558 609.7401
-9999 -9999 -9999 -9999 -9999 -9999 -9999 -9999 -9999 -9999 -9999 -9999 -9999 -9999 -9999 643.5192 640.4767 637.144 634.03 630.6938 626.8281 622.8806 619.4752 616.9885 615.2372 614.5596 614.2487 614.4195 615.1487 616.3496 617.9158 619.9321 622.4973 625.2147 627.8453 630.2109 632.499 634.731 636.613 637.7062 637.8531 -9999 -9999 -9999 -9999 -9999 -9999 -9999 638.069 638.6248 638.5607 637.5171 635.155 631.0373 625.9388 621.3008 618.6156 617.1849 616.0266 614.7448 613.6747 612.7362 611.9116 611.2091 610.6301 610.1653 609.7996 609.5231
-9999 -9999 -9999 -9999 -9999 -9999 -9999 -9999 -9999 -9999 -9999 -9999 -9999 -9999 -9999 -9999 641.3275 637.9386 634.7693 631.3244 627.5016 623.0635 619.1498 616.3848 614.8096 614.3046 613.7804 613.6852 614.0955 614.9188 616.0134 617.4937 619.4328 621.8403 624.4766 627.1128 629.8273 632.6861 635.4089 637.4293 638.104 637.8213 -9999 -9999 -9999 -9999 -9999 -9999 638.6378 638.7466 638.3289 637.0243 634.4496 630.1843 625.1042 620.4974 617.7209 616.2076 615.1099 614.141 613.1967 612.3152 611.5308 610.8687 610.3319 609.9099 609.5869 609.3514
-9999 -9999 -9999 -9999 -9999 -9999 -9999 -9999 -9999 -9999 -9999 -9999 -9999 -9999 -9999 -9999 642.3785 639.009 635.6801 632.0002 627.9199 623.2255 618.9053 615.8062 614.2605 613.7041 613.3644 613.304 613.6262 614.2672 614.8658 615.8536 617.2665 619.1557 621.5464 624.2191 627.2714 630.7647 634.1855 636.7229 637.9712 638.0066 -9999 -9999 -9999 -9999 -9999 639.7175 639.4185 638.691 637.5954 635.8096 632.8459 628.6312 623.9258 619.6917 616.9415 615.4736 614.5911 613.6731 612.7839 611.9518 611.2123 610.592 610.0974 609.7153 609.4301 609.231
-9999 -9999 -9999 -9999 -9999 -9999 -9999 -9999 -9999 -9999 -9999 -9999 -9999 -9999 -9999 -9999 643.2293 639.9421 636.382 632.3356 627.814 623.004 618.6383 615.4411 613.785 613.1723 612.9573 612.9866 613.2683 613.6781 614.0962 614.7729 615.7976 617.3194 619.3687 621.9778 625.2024 629.2402 633.1567 636.1316 637.8191 638.1541 638.0339 -9999 -9999 -9999 639.6405 639.8175 639.0992 637.5278 635.6054 633.274 630.224 626.4611 622.2675 618.6703 616.1937 614.8248 614.0438 613.2479 612.4322 611.655 610.9595 610.3802 609.9248 609.5798 609.3273 609.1567
-9999 -9999 -9999 -9999 -9999 -9999 -9999 -9999 -9999 -9999 -9999 -9999 -9999 -9999 -9999 -9999 643.6484 640.4055 636.5061 632.0195 627.2087 622.4681 618.3132 615.2048 613.434 612.6837 612.5283 612.6293 612.9406 613.2203 613.5673 614.0717 614.8088 615.9762 617.9054 620.5907 624.1343 628.3884 632.6646 635.8601 637.6182 638.1376 638.0283 -9999 -9999 637.7695 638.6764 638.4144 637.0544 634.9527 632.5177 629.896 627.1462 623.9816 620.3291 617.3925 615.3626 614.2715 613.6375 612.9148 612.1464 611.418 610.7618 610.2183 609.8002 609.491 609.2684 609.1198
-9999 -9999 -9999 -9999 -9999 -9999 -9999 -9999 -9999 -9999 -9999 -9999 -9999 -9999 -9999 -9999 643.7702 640.5547 636.4041 631.5595 626.525 621.8875 617.9975 615.056 613.2226 612.317 612.1103 612.1781 612.4639 612.8256 613.2604 613.7653 614.3715 615.2455 617.2316 620.0262 623.8619 628.3751 632.7313 635.8727 637.3961 637.9807 637.9422 -9999 636.2917 636.249 636.5853 635.913 634.1552 631.7308 629.0518 626.5162 623.9465 621.1577 618.3438 616.1588 614.653 613.7062 613.1068 612.5439 611.8535 611.2019 610.5908 610.0836 609.7029 609.431 609.2401 609.1123
-9999 -9999 -9999 -9999 -9999 -9999 -9999 -9999 -9999 -9999 -9999 -9999 -9999 -9999 -9999 646.0673 643.8889 640.7374 636.4863 631.3752 626.0814 621.4631 617.8025 614.964 613.0836 612.0642 611.7521 611.7649 612.0613 612.538 613.1397 613.8043 614.5414 615.3625 617.4917 620.5095 624.4733 628.8741 632.9756 635.7426 636.2903 637.3372 637.9369 636.5787 635.3206 634.5479 634.2341 633.2128 631.1341 628.5731 625.9756 623.4178 620.9506 618.5871 616.5425 615.0128 613.9411 613.149 612.5598 612.0353 611.4821 610.9601 610.4071 609.9496 609.6134 609.3835 609.228 609.1251
-9999 -9999 -9999 -9999 -9999 -9999 -9999 -9999 -9999 -9999 -9999 -9999 -9999 -9999 -9999 646.2651 644.1496 641.1013 636.8052 631.475 625.9233 621.1777 617.7565 614.9312 612.9741 611.8244 611.4702 611.4957 611.78 612.2932 612.9803 613.7864 614.7216 615.9622 618.2538 621.3545 625.0823 629.0334 632.6606 635.0851 635.0672 636.5543 637.8907 636.413 634.6113 633.2571 632.3362 630.7568 628.2701 625.8219 623.2694 620.7417 618.4813 616.5985 615.1806 614.2981 613.4745 612.739 612.1257 611.5957 611.0984 610.6359 610.1864 609.8101 609.5307 609.3449 609.2261 609.1505
-9999 -9999 -9999 -9999 -9999 -9999 -9999 -9999 -9999 -9999 -9999 -9999 -9999 -9999 -9999 646.5726 644.6064 641.593 637.1945 631.6577 625.9006 621.0597 617.7977 614.8535 612.8903 611.7762 611.3741 611.4058 611.7328 612.1227 612.8505 613.8212 615.0422 616.8263 618.887 621.5547 624.5366 627.5807 630.585 633.2123 635.0098 636.7001 637.2755 636.1351 634.2693 632.2726 630.8941 628.6069 625.752 623.1553 620.6906 618.4852 616.6909 615.262 614.4377 613.9858 613.2289 612.4817 611.836 611.2885 610.8087 610.3821 610.0056 609.7 609.474 609.3253 609.2363 609.1846
-9999 -9999 -9999 -9999 -9999 -9999 -9999 -9999 -9999 -9999 -9999 -9999 -9999 -9999 -9999 647.2122 645.4172 642.2908 637.6704 631.9028 626.0187 620.6989 616.9146 614.3135 612.6648 611.7535 611.3384 611.2886 611.4913 611.8375 612.6456 613.7065 614.9667 616.7183 618.4054 620.3277 622.2078 624.2479 626.7122 629.5414 632.3766 634.7132 635.8332 635.4891 634.1403 632.1752 629.689 626.5065 623.4197 620.7508 618.5289 616.8378 615.5604 614.6141 613.9064 613.4651 612.9151 612.2521 611.643 611.1111 610.6476 610.2446 609.9111 609.6517 609.4639 609.3405 609.2691 609.2313
-9999 -9999 -9999 -9999 -9999 -9999 -9999 -9999 -9999 -9999 -9999 -9999 -9999 -9999 -9999 647.8698 646.1447 642.9705 638.1702 632.1407 625.9807 620.3765 616.3035 613.8438 612.4487 611.7432 611.3281 611.2053 611.3441 611.729 612.3727 613.308 614.2333 615.4362 616.7928 617.8263 618.806 620.1413 622.2166 625.1443 628.3621 631.3767 633.3986 633.9783 633.129 630.957 627.856 624.3185 621.2433 618.7556 616.9508 615.6713 614.7913 614.0641 613.4681 613.0219 612.562 612.0278 611.498 611.0126 610.5854 610.2172 609.9132 609.6785 609.5099 609.3983 609.3326 609.2986
