backend/lakes/data/Seibert Lake/seib_dem_tm.asc
ncols         190
nrows         239
xllcorner     732200
yllcorner     6061800
cellsize      50
NODATA_value  -9999
[rows 150 to 179 of 239, columns 68 to 135 of 190]
-9999 -9999 -9999 -9999 -9999 -9999 -9999 -9999 -9999 -9999 -9999 -9999 -9999 628.0487 626.0924 624.7177 623.3843 621.5141 620.6962 620.1376 619.6567 619.2005 618.753 618.3476 617.8622 617.5148 617.2439 617.0256 616.8423 616.6714 616.5054 616.3601 616.2458 616.1841 616.1721 616.1976 616.2572 616.3379 616.4697 616.6835 616.9952 617.3849 617.9028 618.5498 619.0325 619.2714 619.3341 619.2242 618.6608 617.9305 617.317 616.7784 616.3108 615.9188 615.5994 615.3367 615.1213 614.9554 614.7936 614.4878 614.1693 613.8552 613.5492 613.2506 612.9556 612.6571 612.3495 612.0446
-9999 -9999 -9999 -9999 -9999 -9999 -9999 -9999 -9999 -9999 -9999 -9999 630.3597 627.7051 625.8344 624.4816 623.2991 621.7061 621.0395 620.4354 619.8883 619.3498 618.8381 618.3499 617.8557 617.5131 617.2585 617.0587 616.8872 616.7286 616.5752 616.4412 616.3416 616.3016 616.3146 616.3629 616.451 616.5647 616.7274 616.9874 617.3909 617.9262 618.667 619.5179 620.2841 620.727 620.7145 620.33 619.5358 618.6594 617.882 617.2437 616.6996 616.239 615.8516 615.5255 615.2517 615.0194 614.7995 614.5491 614.2726 613.9768 613.6752 613.3728 613.0691 612.7625 612.4543 612.1615
-9999 -9999 -9999 -9999 -9999 -9999 -9999 -9999 -9999 -9999 -9999 -9999 630.3289 627.5782 625.602 624.1005 622.8312 621.5659 620.9053 620.3722 619.8613 619.3351 618.8137 618.3123 617.8523 617.5295 617.2938 617.1144 616.9576 616.8079 616.6628 616.5347 616.4434 616.416 616.4548 616.522 616.632 616.7826 616.9824 617.2922 617.8174 618.629 619.5524 620.6128 621.6735 622.3081 622.0587 621.2763 620.4103 619.4883 618.6296 617.866 617.2113 616.6547 616.1766 615.7631 615.4056 615.0911 614.806 614.6306 614.3735 614.084 613.7827 613.4771 613.1693 612.8605 612.5521 612.2617
-9999 -9999 -9999 -9999 -9999 -9999 -9999 -9999 -9999 -9999 -9999 -9999 630.7186 627.7691 625.5868 623.9058 622.4912 621.3746 620.6954 620.2003 619.7371 619.2472 618.7467 618.2667 617.851 617.5628 617.3506 617.1886 617.0419 616.8993 616.7634 616.6436 616.5635 616.5463 616.5999 616.679 616.8002 616.9818 617.2114 617.5383 618.0637 619.2283 620.3489 621.6282 623.0322 623.9993 623.299 622.3228 621.5162 620.5339 619.5893 618.6918 617.8853 617.2014 616.605 616.0817 615.6356 615.2656 614.9773 614.7907 614.4873 614.1865 613.8784 613.5658 613.2534 612.9426 612.6265 612.3208
-9999 -9999 -9999 -9999 -9999 -9999 -9999 -9999 -9999 -9999 -9999 -9999 631.3804 628.2385 625.7749 623.8272 622.2037 621.0297 620.4677 620.0309 619.6083 619.1458 618.6731 618.2262 617.8506 617.6068 617.4208 617.273 617.1282 616.9906 616.8657 616.7583 616.6851 616.6702 616.7213 616.8231 616.9534 617.1588 617.4225 617.8193 618.3834 619.4716 620.7505 622.1852 623.9072 625.573 624.5938 624.262 623.2792 621.995 620.8384 619.7217 618.7554 617.9036 617.1492 616.4825 615.9279 615.4775 615.114 614.8091 614.5576 614.2797 613.9637 613.6388 613.318 613.002 612.6884 612.3863
-9999 -9999 -9999 -9999 -9999 -9999 -9999 -9999 -9999 -9999 -9999 -9999 632.2452 628.9646 626.1261 623.8609 622.069 620.9271 620.409 619.9454 619.5233 619.0629 618.6128 618.1979 617.8506 617.6631 617.494 617.3511 617.215 617.0823 616.9626 616.8677 616.8071 616.7932 616.837 616.9297 617.0748 617.2891 617.5204 617.8547 618.4595 619.4587 620.7695 622.0726 623.3937 624.51 625.6982 626.3085 625.5438 624.0334 622.3464 620.8319 619.7085 618.762 617.7908 616.9447 616.2706 615.739 615.3248 615.0126 614.7845 614.4117 614.0441 613.6968 613.3685 613.0523 612.745 612.451
-9999 -9999 -9999 -9999 -9999 -9999 -9999 -9999 -9999 -9999 -9999 -9999 633.0139 629.6517 626.5474 624.0042 622.064 620.8983 620.3406 619.8842 619.4421 618.9938 618.5773 618.1986 617.8561 617.7234 617.5731 617.428 617.2938 617.1663 617.0562 616.9755 616.9248 616.9213 616.9662 617.0396 617.1788 617.3893 617.6194 617.8849 618.4871 619.375 620.6494 622.0538 623.5932 625.5116 627.0479 627.3906 627.2224 625.8211 623.7589 621.6942 620.4773 619.639 618.4291 617.4299 616.6423 616.0184 615.5229 615.1312 614.8015 614.4369 614.0726 613.7284 613.4062 613.0984 612.8012 612.5178
-9999 -9999 -9999 -9999 -9999 -9999 -9999 -9999 -9999 -9999 -9999 -9999 633.8185 630.4319 627.1494 624.3413 622.2098 620.9761 620.4572 619.945 619.4403 618.9771 618.5799 618.2451 617.9799 617.8476 617.6678 617.509 617.3726 617.2473 617.1452 617.0847 617.0455 617.0432 617.0898 617.1713 617.3115 617.5628 617.8557 618.198 618.6299 619.2122 620.3082 622.0458 624.4688 626.7446 628.0498 628.3656 628.2341 627.0583 624.7551 622.2242 620.5081 620.4927 619.4183 618.016 617.0533 616.3101 615.707 615.2137 614.8007 614.4293 614.0762 613.7456 613.438 613.1451 612.8606 612.5917
-9999 -9999 -9999 -9999 -9999 -9999 -9999 -9999 -9999 -9999 -9999 -9999 -9999 631.0873 627.8221 624.9352 622.6185 621.2682 620.7878 620.1018 619.4944 618.9977 618.608 618.2978 618.0405 617.8501 617.7063 617.5734 617.4427 617.3259 617.2296 617.1893 617.1677 617.1699 617.2305 617.335 617.4749 617.8237 618.2876 618.7423 619.0001 619.2052 620.2468 622.5129 625.4175 627.7148 628.9736 629.2435 628.9346 627.6569 625.3027 622.5873 620.6016 620.6197 620.0364 618.4514 617.4326 616.5935 615.8813 615.2847 614.8012 614.4248 614.0817 613.7656 613.4733 613.1958 612.9194 612.6575
-9999 -9999 -9999 -9999 -9999 -9999 -9999 -9999 -9999 -9999 -9999 -9999 -9999 631.6313 628.4926 625.666 623.2368 621.4089 620.8222 620.1227 619.5173 619.0338 618.6638 618.3666 618.0989 617.8528 617.7485 617.6342 617.4935 617.3776 617.321 617.3117 617.3085 617.3259 617.3868 617.5132 617.6179 618.0098 618.8555 619.5352 619.7273 619.5049 620.89 623.6395 626.6523 628.7994 629.9271 630.035 629.4355 627.8514 625.3867 622.708 620.9117 620.7307 619.7745 618.7164 617.7584 616.8475 616.0431 615.3508 614.8026 614.4351 614.1012 613.7971 613.5165 613.2512 612.9752 612.7097
-9999 -9999 -9999 -9999 -9999 -9999 -9999 -9999 -9999 -9999 -9999 -9999 -9999 632.2596 629.2811 626.4133 623.7607 621.5881 620.787 620.0853 619.5427 619.1044 618.762 618.4772 618.2147 617.975 617.8486 617.7057 617.5972 617.5204 617.486 617.4966 617.5071 617.5267 617.5763 617.7076 617.9189 618.6263 619.6048 620.4121 620.4987 619.8816 621.9445 624.9594 627.8621 629.8012 630.6736 630.6289 629.7613 627.7915 625.0964 622.504 621.2125 620.6204 619.7523 618.8033 617.8588 617.0223 616.1959 615.4249 614.8024 614.4443 614.1363 613.8416 613.5627 613.2958 613.0264 612.7595
-9999 -9999 -9999 -9999 -9999 -9999 -9999 -9999 -9999 -9999 -9999 -9999 -9999 -9999 630.2435 627.3787 624.4413 621.8918 620.7276 620.0781 619.639 619.2357 618.894 618.5875 618.2878 618.0541 617.934 617.8528 617.851 617.8566 617.8627 617.8644 617.8572 617.8463 617.8457 617.9248 618.4447 619.2349 620.0705 620.5169 619.0096 620.6035 623.3254 626.3702 629.0087 630.5037 631.0706 630.8243 629.744 627.5432 624.7391 622.2753 621.3873 620.6578 619.8474 618.9496 617.9991 617.2725 616.4174 615.5657 614.8533 614.5393 614.2244 613.912 613.6202 613.3461 613.0807 612.8159
-9999 -9999 -9999 -9999 -9999 -9999 -9999 -9999 -9999 -9999 -9999 -9999 -9999 633.7021 631.2427 628.3754 625.2141 622.3577 620.6412 620.1948 619.8456 619.4078 618.9971 618.6368 618.3247 618.1267 618.1034 618.1755 618.3258 618.4864 618.5934 618.5823 618.4721 618.3436 618.3562 618.6013 619.1398 619.7689 620.2334 620.463 620.4158 622.1951 624.7892 627.4647 629.6617 630.7735 -9999 630.599 629.4252 627.1512 624.3396 621.8953 620.8983 620.6475 620.1069 619.3038 618.4395 617.6956 616.7245 615.833 615.1522 614.7758 614.3564 613.9936 613.6803 613.4021 613.137 612.8783
-9999 -9999 -9999 -9999 -9999 -9999 -9999 -9999 -9999 -9999 -9999 -9999 -9999 634.2394 632.0792 629.3376 626.1285 623.0428 620.9852 620.5819 619.9929 619.5369 619.1243 618.7238 618.3795 618.2518 618.3365 618.5667 618.8924 619.2354 619.4794 619.468 619.2183 618.8995 618.9091 619.3201 619.8708 620.366 620.5573 621.0878 621.9676 623.6859 625.8539 628.0712 629.8693 -9999 -9999 630.0102 628.8662 626.9529 624.3862 622.0488 620.7227 620.887 620.483 619.6617 618.7268 617.8311 616.8695 615.9969 615.3005 614.8034 614.3879 614.0344 613.7267 613.4514 613.1951 612.9417
-9999 -9999 -9999 -9999 -9999 -9999 -9999 -9999 -9999 -9999 -9999 -9999 -9999 634.8899 632.9647 630.2604 627.0256 623.8121 621.439 620.5175 620.0087 619.7034 619.3468 618.907 618.4537 618.3739 618.5643 618.9337 619.4144 619.9313 620.3338 620.3374 619.959 619.3389 619.3206 619.952 620.4852 620.8745 620.5898 621.9 623.4149 625.0218 626.7909 628.5933 -9999 -9999 -9999 629.2656 628.3492 627.0242 624.9465 622.9515 621.993 620.7303 620.7528 619.916 618.8779 617.8497 616.9089 616.0712 615.3611 614.8004 614.3903 614.058 613.7673 613.4999 613.2488 613.0043
-9999 -9999 -9999 -9999 -9999 -9999 -9999 -9999 -9999 -9999 -9999 -9999 -9999 635.5687 633.6725 631.1339 628.0955 624.9187 622.2349 620.8501 620.3618 620.1174 619.7114 619.2033 618.5916 618.5209 618.7737 619.2222 619.7745 620.3659 620.8518 620.8892 620.561 619.6145 619.5926 620.5015 620.8003 620.6594 621.6927 623.4185 625.0515 626.5477 628.1537 629.5735 -9999 -9999 -9999 -9999 627.8218 626.7896 625.5056 623.9518 622.7531 621.7923 621.1036 620.1874 619.0529 617.8899 616.9698 616.1525 615.4204 614.8008 614.4155 614.101 613.8157 613.5533 613.3039 613.0627
-9999 -9999 -9999 -9999 -9999 -9999 -9999 -9999 -9999 -9999 -9999 -9999 -9999 -9999 634.3252 632.1928 629.4617 626.3506 623.4272 621.5754 621.096 620.749 620.0481 619.3213 618.7296 618.69 618.9875 619.4578 619.9766 620.4182 620.2301 620.4342 620.5709 620.3799 620.4079 620.9059 621.5255 622.1954 623.6635 625.4921 627.0729 628.3307 629.586 -9999 -9999 -9999 -9999 -9999 -9999 626.5826 625.9779 625.1328 624.2908 623.4578 622.2778 620.9535 619.5466 618.1543 617.1995 616.337 615.5577 614.853 614.5257 614.1956 613.8847 613.6078 613.3585 613.1211
-9999 -9999 -9999 -9999 -9999 -9999 -9999 -9999 -9999 -9999 -9999 -9999 -9999 -9999 635.1676 633.5436 631.174 628.0998 624.8994 622.6864 621.918 620.9578 620.0769 619.3511 618.869 618.8826 619.2444 619.7676 620.3427 621.2289 621.8279 622.4669 622.8214 622.8007 622.7791 623.1911 623.8135 624.6357 626.0994 627.8539 629.2919 630.0743 -9999 -9999 -9999 -9999 -9999 -9999 -9999 -9999 626.9771 626.7607 626.3835 625.554 624.0322 622.2074 620.4511 618.8255 617.6407 616.6016 615.7684 615.1309 614.7725 614.3318 613.9594 613.6586 613.4047 613.1743
-9999 -9999 -9999 -9999 -9999 -9999 -9999 -9999 -9999 -9999 -9999 -9999 -9999 -9999 636.0255 634.7417 632.7025 629.712 626.278 623.2842 621.895 620.8361 619.9975 619.3808 619.0112 619.0765 619.5387 620.158 620.6387 622.1206 623.7478 625.0083 625.7852 625.9236 625.966 626.3564 626.8114 627.4667 628.6595 630.1737 631.3254 -9999 -9999 -9999 -9999 -9999 -9999 -9999 -9999 -9999 -9999 629.0167 628.9026 627.8897 626.0355 623.6728 621.3607 619.4321 617.9225 616.8246 615.9553 615.2828 614.801 614.3601 613.9894 613.6909 613.4436 613.223
-9999 -9999 -9999 -9999 -9999 -9999 -9999 -9999 -9999 -9999 -9999 -9999 -9999 -9999 636.6329 635.5593 633.6147 630.8223 627.4583 624.1309 622.1514 620.9673 620.1591 619.5916 619.1882 619.2375 619.7927 620.6591 620.8868 622.9554 625.316 626.7218 628.142 628.6941 629.0014 629.4049 629.7079 630.1447 631.0038 -9999 -9999 -9999 -9999 -9999 -9999 -9999 -9999 -9999 -9999 -9999 -9999 631.1052 630.9908 629.9022 628.0089 625.3221 622.4805 620.161 618.3348 617.142 616.1647 615.387 614.801 614.3517 613.9993 613.7186 613.4849 613.2759
-9999 -9999 -9999 -9999 -9999 -9999 -9999 -9999 -9999 -9999 -9999 -9999 -9999 -9999 636.7618 635.7007 633.9041 631.3678 628.3169 624.9238 622.6254 621.41 620.712 620.2272 619.8557 619.4303 619.7011 620.4763 621.1 623.5036 626.3496 628.3322 629.4079 630.3755 631.0488 -9999 -9999 -9999 -9999 -9999 -9999 -9999 -9999 -9999 -9999 -9999 -9999 -9999 -9999 -9999 -9999 -9999 630.9183 630.5557 629.5516 626.9078 623.7284 621.0524 619.0529 617.6218 616.4109 615.4803 614.8036 614.3485 614.0193 613.7607 613.5409 613.3409
-9999 -9999 -9999 -9999 -9999 -9999 -9999 -9999 -9999 -9999 -9999 -9999 -9999 -9999 -9999 635.4277 633.9924 631.8608 629.4993 626.3865 623.5007 622.0986 621.4383 620.9021 620.3617 619.8224 619.6597 620.4403 621.0128 623.3408 626.1826 628.3421 629.7985 -9999 -9999 -9999 -9999 -9999 -9999 -9999 -9999 -9999 -9999 -9999 -9999 -9999 -9999 -9999 -9999 -9999 -9999 -9999 631.3453 631.4615 630.78 628.1663 624.7875 621.7496 619.6122 617.897 616.5512 615.5287 614.8057 614.3726 614.0709 613.8304 613.6181 613.4218
-9999 -9999 -9999 -9999 -9999 -9999 -9999 -9999 -9999 -9999 -9999 -9999 -9999 -9999 -9999 635.3959 634.4716 633.1548 631.1156 628.2288 624.9913 622.9249 622.0722 621.29 620.8165 620.4022 620.0502 619.8721 620.8619 622.8943 625.3696 627.4666 629.0527 -9999 -9999 -9999 -9999 -9999 -9999 -9999 -9999 -9999 -9999 -9999 -9999 -9999 -9999 -9999 -9999 -9999 -9999 -9999 632.3139 632.289 631.3504 628.6667 625.2164 622.0754 619.9523 618.033 616.6052 615.5397 614.8093 614.4323 614.1578 613.9266 613.7121 613.5137
-9999 -9999 -9999 -9999 -9999 -9999 -9999 -9999 -9999 -9999 -9999 -9999 -9999 -9999 -9999 -9999 634.8809 634.0984 632.62 629.8635 626.3845 623.3853 621.89 621.1792 621.0248 620.9202 620.7144 620.0114 620.9184 622.4208 624.303 626.0846 627.7552 -9999 -9999 -9999 -9999 -9999 -9999 -9999 -9999 -9999 -9999 -9999 -9999 -9999 -9999 -9999 -9999 -9999 -9999 -9999 632.5273 632.3934 631.1198 628.3805 624.9853 621.8945 619.7352 617.9568 616.578 615.5244 614.8145 614.5215 614.2574 614.0212 613.8065 613.6073
-9999 -9999 -9999 -9999 -9999 -9999 -9999 -9999 -9999 -9999 -9999 -9999 -9999 -9999 -9999 -9999 635.0071 634.5797 633.4673 630.9835 627.5498 624.1438 621.7944 620.864 620.8442 620.8101 620.3839 620.1752 621.3756 622.5258 623.777 624.9135 -9999 -9999 -9999 -9999 -9999 -9999 -9999 -9999 -9999 -9999 -9999 -9999 -9999 -9999 -9999 -9999 -9999 -9999 -9999 -9999 631.7471 631.5425 629.9177 627.2642 624.1272 621.3561 619.3568 617.8223 616.5264 615.5034 614.807 614.5231 614.3079 614.099 613.8949 613.6984
-9999 -9999 -9999 -9999 -9999 -9999 -9999 -9999 -9999 -9999 -9999 -9999 -9999 -9999 -9999 -9999 -9999 634.6237 633.7787 631.5443 628.2648 624.7532 621.9394 620.3472 620.0989 620.0637 620.0512 620.7319 621.9396 623.0051 623.8999 -9999 -9999 -9999 -9999 -9999 -9999 -9999 -9999 -9999 -9999 -9999 -9999 -9999 -9999 -9999 -9999 -9999 -9999 -9999 -9999 629.4492 630.2352 629.7557 628.0145 625.5509 622.8277 620.5515 618.8291 617.6068 616.4421 615.4957 614.8293 614.5999 614.3971 614.1892 613.9857 613.7895
-9999 -9999 -9999 -9999 -9999 -9999 -9999 -9999 -9999 -9999 -9999 -9999 -9999 -9999 -9999 -9999 -9999 634.4248 633.8126 631.7821 628.6058 625.1075 622.2244 620.5372 620.0024 620.0436 620.656 621.7874 622.9939 623.8992 624.0739 -9999 -9999 -9999 -9999 -9999 -9999 -9999 -9999 -9999 -9999 -9999 -9999 -9999 -9999 -9999 -9999 -9999 -9999 -9999 -9999 628.6876 628.8473 627.792 625.8997 623.6872 621.512 619.6742 618.1812 617.2002 616.3004 615.5413 615.0173 614.791 614.5261 614.2867 614.0759 613.8822
-9999 -9999 -9999 -9999 -9999 -9999 -9999 -9999 -9999 -9999 -9999 -9999 -9999 -9999 -9999 -9999 -9999 -9999 633.7393 631.9215 628.8518 625.4719 622.7301 621.1836 620.6791 620.8907 621.7908 623.1145 624.5012 625.4398 -9999 -9999 -9999 -9999 -9999 -9999 -9999 -9999 -9999 -9999 -9999 -9999 -9999 -9999 -9999 -9999 -9999 -9999 -9999 -9999 626.7686 627.991 627.5361 625.865 623.8812 622.12 620.5263 619.0553 617.8876 617.0002 616.2272 615.5757 615.0963 614.8008 614.5643 614.3488 614.1555 613.9768
-9999 -9999 -9999 -9999 -9999 -9999 -9999 -9999 -9999 -9999 -9999 -9999 -9999 -9999 -9999 -9999 -9999 -9999 -9999 631.9158 629.1906 626.1747 623.7831 622.4011 622.0041 622.2228 623.1525 624.6033 626.2054 -9999 -9999 -9999 -9999 -9999 -9999 -9999 -9999 -9999 -9999 -9999 -9999 -9999 -9999 -9999 -9999 -9999 -9999 -9999 -9999 -9999 627.5635 627.8749 626.339 624.1015 622.2159 620.8499 619.625 618.5226 617.7227 616.9121 616.2059 615.6057 615.1317 614.7993 614.5938 614.4095 614.2418 614.0856
-9999 -9999 -9999 -9999 -9999 -9999 -9999 -9999 -9999 -9999 -9999 -9999 -9999 -9999 -9999 -9999 -9999 -9999 -9999 -9999 -9999 -9999 625.4319 624.3804 624.0259 624.0729 624.7433 -9999 -9999 -9999 -9999 -9999 -9999 -9999 -9999 -9999 -9999 -9999 -9999 -9999 -9999 -9999 -9999 -9999 -9999 -9999 -9999 -9999 -9999 -9999 627.9293 627.6764 625.5223 622.9152 621.0488 620.1904 618.9944 618.0031 617.3838 616.7704 616.1835 615.6445 615.177 614.8076 614.6415 614.4969 614.3534 614.216
