backend/lakes/data/Seibert Lake/seib_dem_tm.asc
ncols         190
nrows         239
xllcorner     732200
yllcorner     6061800
cellsize      50
NODATA_value  -9999
[rows 60 to 89 of 239, columns 68 to 135 of 190]
609.3713 609.3771 609.4119 609.4695 609.5592 609.6981 609.8995 610.1636 610.4637 610.7844 611.0798 611.3862 611.7245 612.1023 612.5269 612.9878 613.4481 613.8864 614.2838 614.6004 614.7993 614.9317 615.0208 615.0726 615.0901 615.0801 615.0362 614.9685 614.896 614.8634 614.8384 614.8 614.7368 614.8202 615.4831 616.2174 617.0175 617.8323 618.1431 617.8871 617.4758 616.8076 616.0327 615.3021 614.7394 614.0792 613.5298 613.1773 613.0445 613.118 613.3365 613.6376 613.9967 614.3949 614.804 615.3236 615.8636 616.291 616.5131 616.7104 617.395 619.2913 623.1392 628.0892 632.3539 634.4769 636.3867 637.622
609.4736 609.4675 609.4932 609.5483 609.6273 609.7542 609.9403 610.1827 610.4727 610.7726 611.0626 611.3602 611.6807 612.0398 612.4518 612.9147 613.4004 613.8789 614.306 614.6286 614.7997 614.8892 614.9351 614.9459 614.9337 614.9287 614.9066 614.8618 614.8002 614.8156 614.8291 614.8176 614.7999 614.8062 615.2371 615.9215 616.7765 617.7166 618.1802 618.1379 617.7753 616.9842 616.1404 615.4093 614.8194 614.2449 613.7117 613.3232 613.1315 613.1319 613.2922 613.5558 613.9051 614.3303 614.8041 615.3094 615.9216 616.5082 616.9266 617.2882 618.0417 619.9857 623.9732 628.8152 632.6977 634.2668 635.6865 636.9658
609.5847 609.572 609.5827 609.6299 609.7025 609.8069 609.9698 610.1896 610.4498 610.7371 611.02 611.3085 611.6219 611.9715 612.3789 612.8491 613.3628 613.8834 614.357 614.6951 614.8006 614.8512 614.8632 614.8542 614.8004 614.8 614.8 614.7998 614.775 614.8 614.8275 614.8213 614.8105 614.8 614.8308 615.292 615.9526 616.8651 617.5535 617.6597 617.2527 616.6155 615.8691 615.2357 614.7925 614.3187 613.8401 613.4515 613.2308 613.1929 613.303 613.5252 613.8496 614.269 614.7641 615.2009 615.9161 616.6937 617.3629 617.975 618.8274 620.8299 624.8849 629.6349 633.3707 635.0505 636.1404 637.1036
609.6995 609.6809 609.684 609.7157 609.7814 609.8701 610.0013 610.192 610.4293 610.6916 610.9673 611.2517 611.5552 611.9002 612.3011 612.7714 613.2997 613.8538 614.3787 614.7916 614.8694 614.8643 614.8002 614.7994 614.7323 614.7035 614.6976 614.7036 614.7107 614.7479 614.7996 614.8 614.8116 614.8051 614.8 614.8082 614.9907 615.646 616.1312 616.2679 616.0851 615.7291 615.2921 614.8334 614.6017 614.2949 613.9089 613.5537 613.3278 613.2668 613.3422 613.519 613.7833 614.1221 614.4993 614.8976 615.7654 616.709 617.6414 618.6083 619.6362 621.8669 626.0404 630.697 634.2778 635.9192 636.7306 -9999
609.8191 609.7909 609.7887 609.813 609.8628 609.9417 610.0488 610.2034 610.4131 610.6598 610.9232 611.1991 611.4943 611.8243 612.2112 612.6666 613.1842 613.7302 614.2437 614.6356 614.7991 614.7996 614.7266 614.6726 614.6216 614.5917 614.5827 614.5883 614.6029 614.6314 614.6682 614.735 614.7999 614.8185 614.8206 614.7995 614.701 614.8143 614.9053 614.9238 614.8948 614.8458 614.7827 614.5881 614.4528 614.2424 613.9319 613.6219 613.4119 613.3407 613.3984 613.5351 613.7509 614.0323 614.3777 614.8081 615.541 616.4719 617.498 618.61 620.0898 622.7656 627.1398 631.6855 635.0135 636.4976 637.004 -9999
609.9398 609.9089 609.8957 609.9119 609.956 610.0182 610.1082 610.2362 610.4125 610.6367 610.892 611.1616 611.4452 611.7561 612.1158 612.5403 613.0258 613.5386 614.0181 614.3844 614.5782 614.6224 614.5801 614.5325 614.4878 614.4603 614.4531 614.4613 614.4811 614.5143 614.5631 614.6521 614.7407 614.8 614.8282 614.7997 614.6375 614.5323 614.4525 614.3957 614.3559 614.3783 614.4038 614.3609 614.308 614.1618 613.9131 613.652 613.4742 613.416 613.4615 613.5815 613.749 614.0034 614.3517 614.7955 615.2855 616.0654 617.1221 618.4023 620.2872 623.5349 628.1053 632.4758 635.4794 636.7094 636.8782 -9999
610.0677 610.031 610.0133 610.0163 610.0486 610.1049 610.1777 610.2821 610.433 610.6328 610.8716 611.1338 611.4078 611.6984 612.0264 612.4113 612.8533 613.3234 613.7662 614.1138 614.3234 614.4056 614.405 614.3739 614.3386 614.3195 614.3164 614.3297 614.3578 614.4015 614.4668 614.559 614.6569 614.7414 614.8 614.7997 614.657 614.5054 614.3763 614.2685 614.2034 614.1744 614.2148 614.2108 614.1813 614.0755 613.8741 613.6608 613.5236 613.4874 613.548 613.6437 613.7693 613.9702 614.3059 614.7618 615.109 615.7312 616.7488 618.1313 620.2252 624.0322 628.7507 632.9642 635.6902 636.6519 636.5 -9999
610.2002 610.1616 610.1378 610.1321 610.1497 610.192 610.2559 610.3423 610.4678 610.6436 610.8651 611.1154 611.3787 611.6519 611.9504 612.2965 612.6944 613.1212 613.5293 613.8647 614.0817 614.1901 614.2191 614.2082 614.1857 614.173 614.1765 614.1957 614.2311 614.2834 614.3569 614.4471 614.5427 614.6327 614.703 614.724 614.661 614.5437 614.4258 614.3173 614.2186 614.156 614.1235 614.1335 614.1028 614.0044 613.8411 613.6729 613.5842 613.5905 613.6532 613.7245 613.7912 613.9152 614.135 614.474 614.8686 615.7374 616.7689 618.1896 620.3753 624.4515 629.2135 633.2624 635.7651 636.4874 -9999 -9999
610.3433 610.2993 610.2711 610.2565 610.2623 610.2906 610.3395 610.4127 610.5187 610.6699 610.8684 611.1033 611.3561 611.616 611.8921 612.2062 612.5668 612.9548 613.3302 613.6474 613.8727 613.994 614.0402 614.0432 614.0305 614.0244 614.0341 614.0602 614.1023 614.1605 614.2335 614.3159 614.4011 614.4834 614.554 614.5933 614.5833 614.5356 614.4542 614.3795 614.2767 614.1993 614.1276 614.0834 614.0334 613.9434 613.8123 613.6932 613.6525 613.7107 613.7924 613.8485 613.8782 613.9198 614.0316 614.3271 614.8746 615.9918 617.2639 618.7021 620.7362 624.8131 629.5289 633.4418 635.8099 636.436 -9999 -9999
610.4944 610.4464 610.4128 610.391 610.3856 610.4016 610.4375 610.4953 610.5835 610.712 610.886 611.1002 611.34 611.5902 611.8527 612.1445 612.4769 612.8335 613.1783 613.4725 613.6888 613.8177 613.8729 613.8833 613.8761 613.8748 613.8901 613.9213 613.9683 614.0288 614.0986 614.1708 614.2419 614.3098 614.3706 614.4147 614.4319 614.4214 614.386 614.3445 614.2856 614.2212 614.1572 614.0724 613.9999 613.8953 613.782 613.7089 613.7195 613.8353 613.9509 614.007 614.0037 613.9918 614.038 614.2938 614.9216 616.2276 617.6771 619.2883 621.082 625.0893 629.7394 633.5298 635.8109 636.4479 -9999 -9999
610.6556 610.6021 610.5632 610.5351 610.5206 610.5259 610.5502 610.5942 610.6653 610.7719 610.92 611.1104 611.3345 611.577 611.8328 612.1119 612.4241 612.7561 613.073 613.3407 613.537 613.6567 613.7115 613.7252 613.7214 613.7224 613.7418 613.7778 613.8276 613.8893 613.9555 614.0195 614.0759 614.1282 614.1745 614.2109 614.2372 614.2527 614.2517 614.243 614.222 614.187 614.1404 614.0809 613.9888 613.8794 613.7749 613.7305 613.7858 613.9517 614.1017 614.168 614.1494 614.0972 614.1058 614.2736 614.7696 615.7069 617.0514 618.7192 620.985 625.1871 629.8458 633.4861 635.657 636.3688 -9999 -9999
610.8252 610.7668 610.722 610.6882 610.6661 610.6626 610.6779 610.7096 610.7645 610.851 610.9749 611.1403 611.3459 611.5803 611.8331 612.1063 612.4035 612.714 613.0052 613.2439 613.4137 613.5143 613.5593 613.5699 613.5665 613.5681 613.5894 613.6292 613.681 613.7429 613.8071 613.8656 613.9128 613.9497 613.9824 614.0063 614.028 614.0568 614.0851 614.1016 614.1107 614.103 614.0845 614.051 613.9891 613.8784 613.7791 613.7579 613.8519 614.0389 614.2131 614.2928 614.2665 614.1827 614.1273 614.196 614.4445 615.0408 616.3229 618.1194 620.7995 625.2225 629.8569 633.2288 635.1555 636.0483 -9999 -9999
611.001 610.9388 610.8893 610.8503 610.8218 610.8093 610.8167 610.8394 610.8806 610.9491 611.0516 611.1946 611.3813 611.6055 611.8547 612.1232 612.4086 612.6964 612.9608 613.1698 613.3081 613.3839 613.4141 613.4188 613.4144 613.4153 613.436 613.4766 613.5292 613.5909 613.6549 613.7108 613.7555 613.7828 613.8019 613.8156 613.826 613.855 613.9034 613.9471 613.9756 613.9913 613.9874 613.9751 613.9267 613.8585 613.7736 613.7572 613.8632 614.0612 614.2523 614.3493 614.3253 614.2209 614.118 614.1066 614.2859 614.8151 615.9293 617.7319 620.5656 625.0104 629.5593 632.8206 634.4788 635.631 -9999 -9999
611.1792 611.1144 611.0616 611.0193 610.9861 610.965 610.9627 610.9777 611.009 611.0638 611.1499 611.2745 611.444 611.6553 611.8971 612.1581 612.4282 612.6925 612.9259 613.1038 613.2078 613.2562 613.2703 613.2686 613.2634 613.2648 613.2841 613.3228 613.3734 613.4346 613.4985 613.555 613.5991 613.6289 613.637 613.6405 613.6428 613.6619 613.7162 613.7867 613.8359 613.8698 613.8825 613.8813 613.8657 613.8212 613.7424 613.7156 613.8077 614.0007 614.2006 614.3164 614.309 614.206 614.0873 614.0597 614.2417 614.7775 615.7468 617.4914 620.2597 624.4852 628.8705 632.108 633.5419 634.8452 636.0362 -9999
611.3538 611.2889 611.2338 611.1897 611.1542 611.1272 611.1147 611.1202 611.1436 611.19 611.2659 611.3778 611.5327 611.7294 611.9575 612.2035 612.4521 612.6856 612.8842 613.0296 613.0969 613.1206 613.121 613.1149 613.1108 613.1144 613.1328 613.167 613.2142 613.2743 613.3387 613.3954 613.442 613.4756 613.4903 613.4808 613.4771 613.4871 613.5342 613.6152 613.6948 613.7407 613.7725 613.7804 613.7804 613.7483 613.6785 613.6355 613.6968 613.8643 614.0587 614.1875 614.2043 614.1223 614.0115 613.983 614.1705 614.7102 615.577 617.3258 619.9401 623.7255 627.8539 631.4066 633.6871 635.3817 636.3805 -9999
611.5133 611.4548 611.3996 611.3545 611.3187 611.2894 611.2695 611.2654 611.2799 611.3197 611.3912 611.4967 611.6401 611.8212 612.0295 612.2513 612.4691 612.6626 612.8142 612.9121 612.9584 612.9686 612.9621 612.9556 612.9552 612.9633 612.9832 613.0134 613.0543 613.1112 613.1757 613.2328 613.2795 613.3196 613.3419 613.3409 613.3235 613.3286 613.368 613.4458 613.5399 613.6091 613.6483 613.6742 613.6806 613.6666 613.6064 613.5436 613.5597 613.6826 613.8492 613.9767 614.0137 613.962 613.8694 613.8324 613.9663 614.3992 615.2764 617.215 619.6958 622.798 626.4486 630.2812 633.395 635.3889 636.4941 636.9712
611.6449 611.5991 611.55 611.5067 611.4706 611.4423 611.4196 611.4085 611.4149 611.4468 611.5142 611.6173 611.7528 611.9175 612.1027 612.2929 612.4714 612.6205 612.7254 612.7833 612.8049 612.8038 612.7952 612.7916 612.7972 612.8103 612.8333 612.8615 612.8953 612.9456 613.0092 613.0663 613.113 613.1555 613.1876 613.1962 613.1865 613.1804 613.2132 613.2893 613.386 613.4679 613.5187 613.5508 613.5734 613.5759 613.5352 613.4591 613.4279 613.4919 613.6134 613.7189 613.7634 613.7419 613.6831 613.6586 613.7769 614.1871 615.1261 617.0685 619.2266 621.6436 624.7097 628.4398 632.0422 634.72 636.171 636.668
611.7334 611.707 611.6711 611.636 611.6018 611.575 611.5548 611.5415 611.5421 611.5657 611.625 611.7235 611.8516 612.0002 612.1594 612.316 612.4506 612.5532 612.6129 612.6366 612.6368 612.6285 612.622 612.625 612.6377 612.6548 612.6805 612.707 612.7358 612.7784 612.8384 612.8958 612.9409 612.9855 613.0248 613.0424 613.0427 613.0411 613.0673 613.1384 613.2385 613.3309 613.3855 613.4219 613.4523 613.4739 613.4589 613.3849 613.3164 613.3202 613.3871 613.46 613.496 613.4971 613.4803 613.4899 613.6107 613.9749 614.7678 616.157 617.9146 619.9836 622.6516 625.9685 629.9645 633.3131 635.3802 636.0281
611.76 611.765 611.7465 611.7288 611.7026 611.679 611.6649 611.6541 611.6514 611.667 611.7145 611.8024 611.9187 612.0488 612.1812 612.3054 612.3944 612.4515 612.4752 612.4731 612.4584 612.4458 612.4446 612.4583 612.4783 612.4938 612.5217 612.5456 612.5717 612.61 612.6654 612.7212 612.7652 612.8088 612.854 612.8813 612.8872 612.8954 612.9226 612.9928 613.0939 613.1956 613.2596 613.2928 613.3257 613.3609 613.3677 613.3071 613.2211 613.1775 613.1921 613.2292 613.2529 613.2676 613.2912 613.3429 613.4662 613.7482 614.2906 615.179 616.5663 618.2887 620.6011 623.695 627.7986 631.6321 634.1711 635.1196
611.7087 611.7599 611.76 611.7731 611.7603 611.7443 611.7408 611.7349 611.7311 611.7389 611.772 611.8447 611.9429 612.0486 612.15 612.2473 612.2924 612.3142 612.3143 612.2974 612.2756 612.2615 612.2664 612.2917 612.3207 612.3242 612.3472 612.3719 612.4013 612.4383 612.4916 612.546 612.5876 612.6293 612.6774 612.7122 612.7261 612.7381 612.7739 612.8439 612.9502 613.059 613.1388 613.1711 613.1974 613.2388 613.2622 613.2177 613.1295 613.0613 613.0408 613.0491 613.0604 613.0842 613.142 613.2376 613.3787 613.6173 614.0266 614.6932 615.5898 616.9169 618.8153 621.5795 625.6035 629.8677 633.0274 634.3075
611.5624 611.6485 611.707 611.7598 611.76 611.76 611.7751 611.774 611.7704 611.7712 611.7881 611.8467 611.9203 611.996 612.0579 612.1102 612.1331 612.1406 612.1328 612.1141 612.0931 612.0808 612.0899 612.1257 612.1558 612.1676 612.1818 612.2016 612.2296 612.267 612.3174 612.3711 612.4124 612.451 612.4999 612.541 612.5595 612.5765 612.6161 612.6925 612.8013 612.9205 613.0118 613.0581 613.0748 613.1099 613.1454 613.1188 613.0389 612.9623 612.9268 612.9247 612.9336 612.9633 613.0458 613.178 613.3453 613.5549 613.8615 614.3096 614.9172 615.9296 617.5081 619.962 623.5984 628.0694 631.8517 633.7778
611.3521 611.465 611.5611 611.6395 611.6842 611.7216 611.7599 611.76 611.76 611.76 611.7601 611.8131 611.8543 611.8906 611.918 611.9385 611.946 611.947 611.9425 611.9306 611.9182 611.9098 611.9192 611.9752 612.006 612.0192 612.0261 612.0391 612.0673 612.1027 612.1483 612.198 612.2408 612.2792 612.3282 612.374 612.3973 612.4138 612.4562 612.5362 612.6488 612.7747 612.8807 612.9386 612.9617 612.9769 613.0046 612.9977 612.9376 612.8702 612.8348 612.8386 612.8613 612.9023 612.9973 613.1504 613.343 613.5533 613.8184 614.1987 614.7231 615.3239 616.5011 618.5292 621.654 626.0372 630.3442 633.0664
611.1085 611.2364 611.3555 611.4578 611.5364 611.6008 611.6521 611.6755 611.6895 611.7014 611.719 611.7598 611.7601 611.7601 611.7602 611.7602 611.7602 611.7601 611.7601 611.7601 611.76 611.7599 611.7609 611.8405 611.873 611.8833 611.8829 611.8889 611.9237 611.957 611.9927 612.0317 612.0742 612.1165 612.1671 612.2173 612.2457 612.2615 612.2999 612.3806 612.494 612.6219 612.7402 612.8146 612.8434 612.8524 612.8483 612.8441 612.8109 612.7681 612.7482 612.767 612.813 612.8762 612.9788 613.1348 613.3335 613.5593 613.8018 614.1125 614.4722 614.8639 615.7451 617.3849 620.0611 624.0898 628.5527 631.6594
610.8568 610.9874 611.1174 611.2366 611.3383 611.4229 611.4902 611.5359 611.5676 611.5927 611.6168 611.641 611.64 611.6309 611.6205 611.6119 611.6061 611.6046 611.6075 611.6149 611.6271 611.6467 611.6832 611.7593 611.7601 611.7601 611.7599 611.7604 611.8158 611.8409 611.8602 611.8821 611.9248 611.9673 612.0214 612.0737 612.1081 612.125 612.1572 612.2318 612.3425 612.4667 612.5892 612.6804 612.7216 612.7238 612.6982 612.6824 612.6655 612.6482 612.651 612.6882 612.7568 612.8463 612.9604 613.1116 613.3036 613.5315 613.7889 614.0757 614.4 614.7493 615.2902 616.63 618.9708 622.5406 626.7182 629.9218
610.6119 610.736 610.8669 610.9943 611.11 611.21 611.2926 611.3571 611.4062 611.4445 611.4751 611.4969 611.5023 611.4971 611.4874 611.478 611.4705 611.4681 611.4731 611.4855 611.5057 611.5355 611.5775 611.6287 611.6438 611.6539 611.6708 611.7014 611.7598 611.7601 611.7599 611.7603 611.8129 611.8451 611.8978 611.9476 611.9857 612.0056 612.0319 612.0958 612.1985 612.3147 612.4324 612.5348 612.5955 612.6066 612.576 612.5369 612.5179 612.5149 612.5352 612.5879 612.6718 612.7822 612.9111 613.0669 613.2462 613.4684 613.7152 613.9824 614.191 614.4423 614.9127 616.1936 618.4233 621.7586 625.4611 628.4401
610.3776 610.4916 610.6168 610.7449 610.8673 610.9783 611.0737 611.1534 611.2183 611.2699 611.3103 611.3387 611.3539 611.3586 611.3561 611.3507 611.3453 611.3431 611.349 611.3636 611.3868 611.4188 611.4578 611.4979 611.5245 611.5494 611.5822 611.6254 611.6722 611.6875 611.696 611.7133 611.7598 611.7602 611.8083 611.8427 611.8826 611.9041 611.927 611.9758 612.0637 612.1696 612.2759 612.3809 612.4596 612.4896 612.4623 612.4131 612.3838 612.3805 612.406 612.468 612.5596 612.6791 612.821 612.9882 613.1691 613.3708 613.5864 613.8085 614.0098 614.2803 614.8057 615.9354 618.0207 621.1536 624.6179 627.7994
610.1505 610.256 610.3741 610.4987 610.6227 610.7397 610.8453 610.9369 611.0154 611.0804 611.1324 611.172 611.1989 611.2156 611.2238 611.2257 611.2251 611.2247 611.2306 611.2452 611.2678 611.2983 611.3344 611.3718 611.4067 611.4436 611.488 611.5388 611.5859 611.6146 611.6354 611.6583 611.6924 611.7158 611.7598 611.7602 611.8046 611.8225 611.8455 611.8781 611.9416 612.0321 612.1254 612.2235 612.3138 612.3632 612.3535 612.3026 612.2701 612.256 612.2741 612.3381 612.4364 612.5593 612.7084 612.8796 613.0682 613.243 613.442 613.6595 613.8851 614.1965 614.7258 615.5635 617.3539 620.0707 623.5918 627.0704
609.9314 610.031 610.1428 610.2629 610.3856 610.505 610.617 610.718 610.8071 610.8844 610.9489 611.0004 611.0399 611.0688 611.0888 611.1006 611.1063 611.1099 611.1162 611.1295 611.1499 611.1776 611.2118 611.2501 611.292 611.3383 611.3907 611.4473 611.499 611.5374 611.566 611.5923 611.6206 611.6503 611.6879 611.7144 611.7599 611.7601 611.7899 611.8069 611.8385 611.908 611.9834 612.0708 612.162 612.2284 612.2391 612.2037 612.1676 612.1465 612.1522 612.2136 612.3206 612.4504 612.5999 612.7639 612.9421 613.1176 613.3081 613.5366 613.7816 614.0842 614.4907 615.075 616.6934 619.1926 622.6307 626.3099
609.7368 609.8283 609.9323 610.0459 610.165 610.2841 610.3984 610.5055 610.6029 610.6899 610.7654 610.8281 610.8792 610.9198 610.9512 610.9741 610.9883 610.997 611.005 611.0173 611.0355 611.0605 611.0931 611.1334 611.1807 611.2347 611.2925 611.3529 611.4084 611.4528 611.4875 611.516 611.5433 611.573 611.6093 611.6476 611.6924 611.7214 611.7599 611.76 611.7601 611.811 611.8577 611.9312 612.0127 612.0909 612.1216 612.0997 612.0729 612.0479 612.0453 612.1067 612.2246 612.36 612.5014 612.6316 612.7909 612.9722 613.1655 613.425 613.7029 614.033 614.4558 614.9135 616.3202 618.6616 622.0126 625.7026
609.598 609.6722 609.7611 609.8623 609.9725 610.0865 610.1996 610.3082 610.4105 610.5045 610.5884 610.6608 610.721 610.7718 610.8135 610.8466 610.8707 610.8856 610.8971 610.9097 610.9266 610.95 610.9816 611.0228 611.0739 611.1334 611.1954 611.2576 611.3149 611.3625 611.4015 611.4349 611.4644 611.4954 611.5319 611.5745 611.6219 611.6644 611.702 611.7164 611.7283 611.7599 611.7602 611.8201 611.8753 611.9596 612.0081 611.989 611.9714 611.9614 611.9585 612.0225 612.1506 612.278 612.3911 612.4997 612.6479 612.8209 613.0171 613.2878 613.5854 613.8968 614.2545 614.8278 616.1097 618.2988 621.4805 625.1367
