backend/lakes/data/Seibert Lake/seib_dem_tm.asc
ncols         190
nrows         239
xllcorner     732200
yllcorner     6061800
cellsize      50
NODATA_value  -9999
[rows 120 to 149 of 239, columns 68 to 135 of 190]
614.1613 613.686 613.3667 613.124 612.973 612.9344 612.9742 613.001 613.0116 613.0006 612.9671 612.9113 612.8383 612.7524 612.6544 612.5453 612.4297 612.3125 612.2028 612.1084 612.0065 611.8988 611.7631 611.76 611.7576 611.6306 611.5714 611.5465 611.5375 611.538 611.5434 611.5361 611.4675 611.424 611.3969 611.3555 611.3114 611.2603 611.207 611.1595 611.1221 611.0964 611.0814 611.0759 611.0791 611.0889 611.1025 611.1173 611.1316 611.144 611.1542 611.1611 611.1663 611.172 611.18 611.1873 611.1899 611.192 611.2007 611.2192 611.2504 611.2959 611.3583 611.4372 611.5292 611.6353 611.7592 611.8604
614.7757 614.2023 613.8643 613.5336 613.2936 613.1892 613.1896 613.2035 613.2137 613.2064 613.1765 613.1215 613.0532 612.9775 612.8936 612.7988 612.6957 612.5898 612.4852 612.3811 612.2628 612.1332 612.0117 611.9598 611.8984 611.7666 611.7598 611.7603 611.7611 611.7608 611.7612 611.7557 611.6192 611.5721 611.5519 611.4812 611.4203 611.3428 611.2596 611.1852 611.1265 611.0842 611.0565 611.0405 611.0343 611.0363 611.0433 611.0522 611.0612 611.0688 611.0745 611.0771 611.0765 611.0759 611.0796 611.0886 611.0981 611.1081 611.1235 611.1464 611.1804 611.2296 611.2968 611.3811 611.4777 611.5798 611.6779 611.7617
615.733 615.0239 614.6695 614.1331 613.7191 613.502 613.437 613.4252 613.4294 613.4231 613.3947 613.3351 613.2683 613.202 613.1337 613.0569 612.9713 612.88 612.7839 612.6791 612.5602 612.4337 612.3239 612.2552 612.1926 612.1159 612.0836 612.0789 612.0887 612.0706 612.0321 611.9451 611.7719 611.7606 611.756 611.6255 611.5641 611.454 611.3339 611.2283 611.1461 611.0867 611.0461 611.0195 611.0035 610.9964 610.9956 610.998 611.0009 611.0037 611.0054 611.0056 611.0018 610.9965 610.9954 611.0031 611.0171 611.033 611.0538 611.0807 611.116 611.1656 611.2346 611.322 611.4231 611.5319 611.6438 611.7601
617.2151 616.3582 615.7759 614.9084 614.2441 613.8734 613.7193 613.6678 613.6605 613.65 613.6119 613.548 613.4816 613.4233 613.3702 613.3131 613.2474 613.174 613.0919 612.9966 612.889 612.7775 612.682 612.6187 612.5686 612.5022 612.4643 612.4491 612.4508 612.4376 612.3959 612.3068 612.179 612.0741 611.9543 611.77 611.7551 611.5952 611.4313 611.293 611.1866 611.1095 611.0554 611.0178 610.9911 610.9728 610.9621 610.9564 610.9523 610.9493 610.9471 610.9445 610.9403 610.932 610.9269 610.9314 610.9463 610.9663 610.9905 611.0199 611.056 611.105 611.1738 611.2632 611.3683 611.4869 611.6182 611.7591
619.1987 617.9963 617.2078 615.8916 614.8666 614.304 614.0379 613.9325 613.9122 613.8997 613.8475 613.7694 613.6979 613.6447 613.605 613.5668 613.5217 613.4683 613.4044 613.3258 613.2364 613.1456 613.0686 613.0188 612.989 612.9174 612.8723 612.8516 612.8525 612.8521 612.8239 612.7472 612.6287 612.4922 612.3232 612.1234 611.9766 611.762 611.5599 611.3894 611.2573 611.1609 611.0918 611.0409 611.0013 610.9695 610.9458 610.9293 610.9167 610.9064 610.8991 610.8936 610.8885 610.8805 610.8719 610.8731 610.8863 610.9081 610.9335 610.9635 610.9995 611.0471 611.1147 611.204 611.3101 611.4285 611.5555 611.6748
621.8533 619.7513 618.2024 616.715 615.5361 614.7933 614.3929 614.2165 614.1871 614.1791 614.1023 614.0003 613.9222 613.874 613.8463 613.8248 613.7991 613.7656 613.7219 613.663 613.5941 613.5269 613.4656 613.4174 613.3795 613.3284 613.2966 613.282 613.2894 613.3028 613.2916 613.2317 613.1218 612.9928 612.8043 612.5668 612.3182 612.0364 611.7621 611.5406 611.372 611.25 611.162 611.0936 611.0374 610.989 610.949 610.9185 610.8954 610.8767 610.8622 610.8533 610.8456 610.8391 610.8293 610.8264 610.8375 610.8581 610.8843 610.9131 610.9469 610.9926 611.0574 611.1454 611.2509 611.3691 611.498 611.6311
625.1788 622.2885 619.7484 617.8112 616.3293 615.3398 614.7838 614.5111 614.4839 614.4871 614.3518 614.2332 614.1608 614.1246 614.1092 614.1011 614.0912 614.0759 614.0522 614.0125 613.9637 613.9227 613.8805 613.8402 613.8054 613.771 613.7518 613.7465 613.7577 613.7797 613.7845 613.7466 613.6492 613.5562 613.354 613.0713 612.7486 612.4007 612.0594 611.762 611.5403 611.3831 611.2706 611.1789 611.1 611.0311 610.9719 610.9248 610.889 610.8609 610.8389 610.8236 610.8146 610.8052 610.798 610.7917 610.798 610.8178 610.8427 610.8704 610.9012 610.9424 611.0037 611.0881 611.1917 611.3083 611.4361 611.5672
628.8339 625.4709 622.1544 619.4617 617.4169 616.031 615.1984 614.8094 614.7948 614.79 614.5841 614.4798 614.4371 614.4215 614.4175 614.4174 614.4167 614.4145 614.4098 614.3859 614.3589 614.3408 614.3224 614.3002 614.2787 614.261 614.2523 614.2513 614.259 614.2786 614.2952 614.298 614.2543 614.1768 613.9288 613.595 613.2188 612.8171 612.4176 612.0551 611.7617 611.558 611.4167 611.2941 611.1856 611.092 611.0125 610.9475 610.8979 610.8599 610.8301 610.809 610.7946 610.7855 610.775 610.7693 610.7712 610.7858 610.8104 610.8363 610.8645 610.9005 610.9561 611.0349 611.1341 611.248 611.3752 611.5115
632.3107 628.9336 625.1223 621.6137 618.8812 617.0059 615.8237 615.2559 615.1362 615.0859 614.837 614.7998 614.7993 614.8019 614.8015 614.8004 614.801 614.8018 614.8028 614.802 614.8015 614.8007 614.8021 614.8015 614.7998 614.799 614.7992 614.8 614.8006 614.8027 614.8056 614.8082 614.8068 614.7659 614.4459 614.0754 613.6773 613.2427 612.7964 612.3784 612.0253 611.7615 611.5898 611.4274 611.2843 611.1644 611.0652 610.9844 610.9215 610.8743 610.8373 610.8098 610.7916 610.7776 610.7676 610.7579 610.757 610.7672 610.7865 610.8119 610.8373 610.869 610.9172 610.9894 611.0809 611.1891 611.3123 611.4473
635.0024 632.087 628.2441 624.2712 620.9016 618.3846 616.7556 615.9191 615.6973 615.6921 615.4517 615.3278 615.2945 615.3029 615.2914 615.2768 615.2792 615.2883 615.2992 615.3102 615.3197 615.332 615.3448 615.3533 615.3585 615.3681 615.3797 615.3892 615.3954 615.3931 615.3792 615.3486 615.2875 615.1422 614.8127 614.4662 614.0907 613.6425 613.1584 612.6904 612.2817 611.9648 611.7549 611.55 611.3795 611.2388 611.1245 611.0321 610.9595 610.9041 610.8613 610.8283 610.8048 610.7891 610.7735 610.763 610.7563 610.761 610.7761 610.7962 610.8206 610.8476 610.8893 610.9531 611.0364 611.1344 611.2496 611.3788
636.7923 634.6274 631.1396 627.0215 623.1562 620.1338 618.03 616.8426 616.4353 616.3721 616.1004 615.9159 615.854 615.8568 615.8436 615.8258 615.8268 615.8458 615.8655 615.8777 615.8815 615.8978 615.9268 615.9435 615.9484 615.9617 615.9849 616.0068 616.0245 616.0208 615.9768 615.8864 615.7422 615.5117 615.1763 614.8118 614.4641 613.9935 613.4725 612.96 612.4929 612.0916 611.7681 611.6204 611.4586 611.3107 611.1881 611.0895 611.0115 610.9508 610.9033 610.8658 610.8375 610.817 610.8008 610.7824 610.7726 610.7699 610.7777 610.7936 610.8125 610.837 610.8713 610.9264 611.0006 611.0886 611.1919 611.3129
637.7111 636.4517 633.6011 629.6822 625.5932 622.1337 619.656 618.0889 617.3981 617.1455 616.7427 616.5029 616.4449 616.4677 616.4485 616.4296 616.4319 616.457 616.4797 616.4803 616.4521 616.4646 616.5225 616.5531 616.561 616.5746 616.6041 616.6376 616.6664 616.6644 616.5807 616.4137 616.1776 615.8607 615.494 615.1263 614.7743 614.2551 613.7105 613.1806 612.6921 612.2678 611.9384 611.7551 611.5494 611.3877 611.2602 611.1588 611.0787 611.0158 610.9652 610.9236 610.8907 610.8655 610.8438 610.8243 610.8036 610.7946 610.7939 610.8014 610.816 610.835 610.8633 610.9081 610.9727 611.051 611.142 611.2512
638.5635 637.731 635.5935 632.131 628.1561 624.4654 621.6601 619.8116 618.724 618.0316 617.4178 617.1156 617.0797 617.1401 617.1161 617.0955 617.0971 617.1219 617.14 617.1135 617.0042 617.0076 617.1337 617.1862 617.197 617.2103 617.241 617.2673 617.2968 617.2914 617.1499 616.8875 616.5557 616.1324 615.6909 615.2521 614.8083 614.3421 613.8442 613.3434 612.8682 612.4386 612.0681 611.7672 611.606 611.4675 611.3461 611.2448 611.1651 611.1022 611.0491 611.0038 610.9659 610.9348 610.9078 610.881 610.8563 610.8344 610.8241 610.823 610.8287 610.8422 610.8641 610.8986 610.9514 611.0192 611.0989 611.1943
-9999 638.8557 637.2751 634.416 630.8094 627.1301 623.9915 621.9473 620.7861 619.5385 618.3525 617.8773 617.8209 617.8798 617.9132 617.8776 617.859 617.8618 617.8541 617.7867 617.5214 617.5203 617.7947 617.8804 617.9028 617.9106 617.9293 617.8883 617.8624 617.8337 617.61 617.222 616.7736 616.2794 615.7802 615.2887 614.8058 614.3679 613.9206 613.4684 613.0319 612.6304 612.2742 611.965 611.7597 611.5974 611.4622 611.3533 611.2751 611.2142 611.1575 611.1075 611.0645 611.0261 610.9913 610.9574 610.9235 610.8937 610.8703 610.8574 610.8539 610.8584 610.8727 610.8983 610.9372 610.9919 611.0595 611.1414
-9999 639.8642 638.6858 636.4298 633.3246 629.8901 626.6014 624.0174 622.2603 621.0821 619.6433 618.8898 618.7467 618.9155 619.0563 618.9203 618.79 618.7253 618.6276 618.4213 618.0455 618.0571 618.4757 618.7107 618.7998 618.7871 618.7809 618.5217 618.2777 618.0552 617.8329 617.3676 616.8519 616.3188 615.7925 615.2845 614.8031 614.3806 613.9756 613.5734 613.1831 612.8226 612.5016 612.1884 611.9476 611.7597 611.6034 611.4799 611.4095 611.3573 611.2916 611.235 611.1877 611.1404 611.0955 611.0514 611.0084 610.9681 610.9341 610.9083 610.8925 610.8867 610.8907 610.9067 610.9331 610.9713 611.0231 611.0903
-9999 -9999 639.8694 638.1302 635.5872 632.5624 629.4242 626.5591 624.1046 622.1821 620.7623 619.9512 619.8271 620.1455 620.3195 620.063 619.7815 619.6639 619.5502 619.389 619.1809 619.1799 619.4012 619.4829 619.4373 619.1563 618.8039 618.4039 618.1512 617.8621 617.642 617.2565 616.7815 616.269 615.7533 615.2581 614.8 614.3934 614.0309 613.6731 613.3194 612.9838 612.6747 612.3825 612.1349 611.9286 611.7589 611.6152 611.5688 611.5374 611.4481 611.3843 611.3381 611.278 611.2206 611.1635 611.1093 611.059 611.0145 610.9773 610.9489 610.9302 610.9223 610.9253 610.9402 610.9617 610.9946 611.0419
-9999 -9999 -9999 639.4207 637.3346 634.7673 631.9901 629.2231 626.5446 624.1163 622.355 621.3548 621.1742 621.5941 621.7178 621.2164 620.7562 620.5663 620.4568 620.3406 620.2106 620.1272 620.1103 619.8264 619.4156 618.8965 618.3604 617.9091 617.8365 617.6256 617.3915 617.0566 616.6382 616.171 615.6886 615.2213 614.7956 614.4244 614.1141 613.7892 613.4573 613.1368 612.8409 612.5688 612.3283 612.1127 611.9227 611.7646 611.7598 611.7556 611.6122 611.554 611.5228 611.4374 611.3674 611.2926 611.2271 611.166 611.1125 611.0652 611.0251 610.9933 610.9713 610.9598 610.9586 610.9663 610.9788 611.0036
-9999 -9999 -9999 -9999 638.3236 636.3369 634.0633 631.6546 629.2087 626.8632 624.9644 623.6824 623.1901 623.0629 622.9841 622.0686 621.5286 621.2969 621.1384 620.9789 620.7697 620.493 620.1509 619.614 618.9861 618.3803 617.8778 617.5895 617.4948 617.3488 617.1406 616.8475 616.4811 616.0663 615.6306 615.2021 614.8112 614.5676 614.2685 613.9406 613.6106 613.2971 613.0183 612.7695 612.5486 612.3526 612.1866 612.061 612.0057 611.9291 611.7706 611.7631 611.7548 611.6082 611.5406 611.439 611.3644 611.2916 611.2299 611.1734 611.1228 611.0784 611.0419 611.014 610.9951 610.9841 610.9789 610.9801
-9999 -9999 -9999 -9999 -9999 637.4523 635.5683 633.539 631.5093 629.511 627.6837 626.2268 625.3575 624.4757 622.9041 622.1095 621.9031 621.7274 621.4315 621.1488 620.738 620.2977 619.7782 619.1107 618.4 617.8849 617.5823 617.3871 617.2631 617.1193 616.9263 616.6646 616.3422 615.9799 615.6061 615.2555 614.9712 614.7886 614.4498 614.1054 613.7769 613.4701 613.22 613.0026 612.8113 612.6488 612.5214 612.429 612.3628 612.2806 612.1766 612.1301 611.9872 611.7726 611.7534 611.6005 611.5317 611.4371 611.3715 611.3035 611.2433 611.1862 611.1355 611.0905 611.052 611.0199 610.9944 610.9739
-9999 -9999 -9999 -9999 -9999 -9999 636.2736 634.6679 633.1207 631.5424 629.8525 628.2305 626.9652 625.7267 624.1699 622.4991 622.1631 621.6627 621.2224 620.7844 620.2723 619.7596 619.2198 618.5826 617.9184 617.6992 617.498 617.3129 617.1417 616.9669 616.7648 616.5153 616.2246 615.9072 615.585 615.2838 615.0234 614.8 614.5367 614.2449 613.9551 613.6666 613.4639 613.2821 613.119 612.9897 612.9031 612.8485 612.801 612.7303 612.6364 612.5359 612.3525 612.1387 611.9919 611.7833 611.7532 611.6017 611.5428 611.4548 611.3874 611.3167 611.2528 611.1898 611.1295 611.0757 611.0274 610.9855
-9999 -9999 -9999 -9999 -9999 -9999 -9999 -9999 634.2731 632.8773 631.2784 629.5031 628.0535 626.7556 625.3371 623.7443 622.0275 621.3282 620.7912 620.2943 619.7217 619.1949 618.7233 618.2621 617.8534 617.7098 617.5223 617.3112 617.097 616.8777 616.6593 616.4077 616.1336 615.848 615.5643 615.2964 615.0455 614.8035 614.6263 614.398 614.1703 613.952 613.7792 613.6187 613.4675 613.3585 613.3079 613.2971 613.2856 613.2307 613.1257 612.985 612.793 612.5886 612.4196 612.2521 612.0253 611.7733 611.7542 611.6165 611.5563 611.4656 611.3939 611.3116 611.2264 611.1478 611.0786 611.0149
-9999 -9999 -9999 -9999 -9999 -9999 -9999 -9999 -9999 -9999 -9999 629.7445 628.5112 627.4119 626.2192 624.7718 622.6657 621.385 620.5271 619.8924 619.3065 618.7918 618.3937 618.1086 617.9194 617.8469 617.6038 617.3398 617.0887 616.8444 616.5985 616.3338 616.0676 615.8046 615.5532 615.325 615.1187 614.9321 614.798 614.6097 614.4153 614.2571 614.1294 613.9966 613.8394 613.7316 613.7104 613.7499 613.793 613.7578 613.6337 613.4645 613.256 613.0411 612.8479 612.6497 612.3882 612.1234 611.9586 611.7689 611.7552 611.622 611.5598 611.4539 611.3392 611.2347 611.1439 611.0625
-9999 -9999 -9999 -9999 -9999 -9999 -9999 -9999 -9999 -9999 -9999 629.7886 628.67 627.6545 626.6228 625.2321 623.0147 621.4763 620.4389 619.6405 619.0618 618.5491 618.2119 618.012 617.9126 617.8483 617.6074 617.332 617.0684 616.8149 616.5579 616.2892 616.0237 615.7727 615.543 615.3423 615.1729 615.0343 614.9265 614.798 614.6331 614.544 614.4807 614.3953 614.2086 614.0834 614.0861 614.1782 614.3033 614.2894 614.1265 613.939 613.7054 613.4664 613.2607 613.054 612.8036 612.5392 612.3105 612.1009 611.962 611.7689 611.7559 611.6104 611.4625 611.3335 611.2238 611.1262
-9999 -9999 -9999 -9999 -9999 -9999 -9999 -9999 -9999 -9999 -9999 629.9113 628.402 627.5593 626.6525 625.3267 623.09 621.5439 620.3933 619.5864 618.9313 618.4626 618.1252 617.9459 617.8505 617.7513 617.5382 617.2842 617.0303 616.7808 616.5239 616.2579 615.9971 615.7566 615.5431 615.3627 615.2207 615.1167 615.0331 614.9261 614.8032 614.7991 614.8009 614.7836 614.5425 614.4059 614.4286 614.5457 614.7821 614.7878 614.5475 614.3783 614.1174 613.8488 613.6582 613.4785 613.2528 612.9925 612.7375 612.5054 612.3104 612.0851 611.9445 611.7611 611.5937 611.4463 611.3201 611.2089
-9999 -9999 -9999 -9999 -9999 -9999 -9999 -9999 -9999 -9999 -9999 630.3069 628.6344 627.6182 626.6189 625.2396 623.0519 621.4332 620.3795 619.5828 618.9467 618.4329 618.1005 617.9224 617.8482 617.674 617.4574 617.2222 616.9856 616.7479 616.4996 616.2418 615.9915 615.7635 615.5653 615.4052 615.2883 615.2242 615.1752 615.1122 615.0522 615.0516 615.0511 614.9962 614.8149 614.7919 614.7959 614.8326 615.0941 615.1508 614.8432 614.7773 614.4818 614.1777 614.0431 613.9188 613.7157 613.4502 613.173 612.9091 612.6588 612.405 612.1862 611.9657 611.7606 611.5861 611.4395 611.3135
-9999 -9999 -9999 -9999 -9999 -9999 -9999 -9999 -9999 -9999 -9999 -9999 629.4824 627.9198 626.5566 625.1089 622.8751 621.4325 620.3037 619.5276 618.9746 618.4774 618.0879 617.8513 617.7285 617.5643 617.364 617.1506 616.9366 616.7164 616.4827 616.2402 616.0091 615.7988 615.6163 615.4821 615.4008 615.3643 615.3522 615.338 615.3267 615.3402 615.3531 615.329 615.255 615.2509 615.2824 615.3619 615.5298 615.5522 615.3021 615.095 614.7975 614.5126 614.4377 614.3722 614.1687 613.8754 613.5762 613.2975 613.0013 612.7154 612.453 612.2037 611.9705 611.7606 611.5863 611.4425
-9999 -9999 -9999 -9999 -9999 -9999 -9999 -9999 -9999 -9999 -9999 -9999 630.0047 628.0732 626.4105 624.9587 622.9998 621.2882 620.2335 619.4854 618.928 618.4988 618.1218 617.8488 617.6552 617.4736 617.2846 617.0892 616.8907 616.6859 616.4689 616.2453 616.039 615.8535 615.6873 615.5793 615.5261 615.5217 615.5497 615.5865 615.6277 615.6807 615.7368 615.771 615.7703 615.7905 615.8467 615.9438 616.0453 615.9954 615.7287 615.4208 615.0883 614.812 614.7982 614.7887 614.559 614.2166 613.8962 613.6024 613.2998 613.0021 612.7206 612.4554 612.2061 611.973 611.761 611.5945
-9999 -9999 -9999 -9999 -9999 -9999 -9999 -9999 -9999 -9999 -9999 -9999 630.4405 628.2234 626.532 625.1804 623.3242 621.3701 620.1949 619.4705 618.9525 618.5327 618.1578 617.8475 617.6279 617.4302 617.2339 617.0415 616.8516 616.6578 616.4551 616.2472 616.0588 615.8988 615.7651 615.6976 615.6746 615.6973 615.7611 615.8491 615.9525 616.0709 616.2009 616.3126 616.3588 616.3922 616.4586 616.5597 616.6218 616.4846 616.1419 615.7615 615.4071 615.1436 615.0447 614.9708 614.7889 614.4377 614.1512 613.8651 613.5645 613.2631 612.9739 612.7015 612.4462 612.203 611.9639 611.7614
-9999 -9999 -9999 -9999 -9999 -9999 -9999 -9999 -9999 -9999 -9999 -9999 630.7885 628.2832 626.3763 625.0204 623.3936 621.356 620.2507 619.5839 619.0861 618.6552 618.2522 617.8657 617.6682 617.4445 617.2223 617.0182 616.828 616.6408 616.4521 616.2625 616.0964 615.9714 615.8882 615.8528 615.8541 615.895 615.9849 616.1202 616.2933 616.4971 616.7367 616.9668 617.0498 617.0804 617.1356 617.22 617.2379 616.9445 616.5256 616.0913 615.7059 615.4093 615.2141 615.0391 614.8059 614.6014 614.3778 614.1046 613.8026 613.4962 613.201 612.9228 612.6626 612.4155 612.1494 611.925
-9999 -9999 -9999 -9999 -9999 -9999 -9999 -9999 -9999 -9999 -9999 -9999 -9999 628.2369 626.2486 624.8565 623.3895 621.4045 620.3888 619.7882 619.3228 618.9132 618.5067 618.1395 617.8392 617.5104 617.2386 617.0158 616.8242 616.6426 616.4673 616.2995 616.1606 616.0673 616.027 616.0251 616.0541 616.1118 616.2213 616.3969 616.6399 616.9376 617.3198 617.7517 617.9042 617.9555 617.9867 617.9921 617.8381 617.3914 616.8934 616.4165 615.9957 615.654 615.391 615.1707 614.9638 614.7992 614.6062 614.3232 614.0098 613.6959 613.3931 613.1039 612.8254 612.5493 612.2618 611.9922
