backend/lakes/data/Laurier Lake/laur_dem_tm.asc
ncols         123
nrows         114
xllcorner     791100
yllcorner     5972400
cellsize      50
NODATA_value  -9999
[rows 31 to 61 of 114, columns 0 to 68 of 123]
-9999 -9999 -9999 -9999 -9999 -9999 -9999 -9999 -9999 -9999 -9999 -9999 -9999 -9999 571.1399 570.2757 570.9059 570.8942 570.0412 568.3443 567.0075 565.1637 564.9224 566.4891 568.7786 570.9265 572.3215 572.7161 572.2481 571.353 570.2867 569.1664 567.8312 566.0706 564.3931 563.1172 562.5859 562.7988 563.6491 564.4752 565.0297 565.5473 566.3881 567.9285 570.0714 572.4197 574.6467 576.5089 577.8799 578.744 579.0167 -9999 -9999 -9999 -9999 -9999 -9999 -9999 -9999 -9999 -9999 -9999 -9999 -9999 -9999 -9999 -9999 -9999 -9999
-9999 -9999 -9999 -9999 -9999 -9999 -9999 -9999 -9999 -9999 -9999 -9999 -9999 -9999 570.7932 570.89 570.8094 570.4814 568.9219 566.8481 565.5403 564.5065 565.6712 568.0761 570.9455 573.5135 575.1923 575.6968 575.1567 574.114 572.9025 571.7214 570.386 568.5954 566.5597 564.6867 563.1303 562.4564 562.5645 563.0493 563.4143 563.7509 564.3253 565.4891 567.3474 569.7227 572.2278 574.5075 576.2661 577.4288 578.0475 578.5262 -9999 -9999 -9999 -9999 -9999 -9999 -9999 -9999 -9999 -9999 -9999 -9999 -9999 -9999 -9999 -9999 -9999
-9999 -9999 -9999 -9999 -9999 -9999 -9999 -9999 -9999 -9999 -9999 -9999 -9999 -9999 570.8248 570.9621 570.4293 570.0854 568.476 566.3851 565.3394 565.1016 566.7086 569.4451 572.604 575.4355 577.3193 577.8657 577.2189 576.0243 574.668 573.4523 572.3146 570.749 568.6761 566.4058 564.2391 562.6766 562.2125 562.3563 562.4467 562.517 562.7424 563.4682 564.9166 567.0519 569.5635 572.163 574.3911 575.9985 577.0631 577.8883 -9999 -9999 -9999 -9999 -9999 -9999 -9999 -9999 -9999 -9999 579.4913 -9999 -9999 -9999 -9999 -9999 -9999
-9999 -9999 -9999 -9999 -9999 -9999 -9999 -9999 -9999 -9999 -9999 -9999 -9999 -9999 -9999 571.045 570.8745 570.4556 569.397 567.7837 566.65 566.6277 567.9899 570.4273 573.434 576.3087 578.3375 578.9506 578.4328 577.1621 575.6608 574.3401 573.354 572.0696 570.0842 567.5628 564.9897 562.9164 562.0146 561.8127 561.8618 561.9041 562.0084 562.5143 563.5771 565.0712 567.1539 569.7637 572.3991 574.4975 575.9792 577.0746 578.0168 579.006 580.1205 581.2424 582.1169 582.3035 581.9207 581.3221 580.3721 579.015 577.5623 576.6031 576.6402 577.1488 -9999 -9999 -9999
-9999 -9999 -9999 -9999 -9999 -9999 -9999 -9999 -9999 -9999 -9999 -9999 -9999 -9999 -9999 571.3217 571.4612 571.4011 571.003 569.8913 568.8033 568.4571 569.1685 570.9236 573.3868 576.0638 -9999 -9999 -9999 577.8298 576.2332 574.774 573.6958 572.2976 570.3231 567.7177 565.1489 562.9797 561.8738 561.481 561.5325 561.6647 561.7792 562.2241 563.1522 564.2651 565.3101 567.6493 570.4197 572.8661 574.7204 576.0615 577.1088 578.0573 579.0085 579.8727 580.4075 580.3862 579.951 579.276 578.2901 576.866 575.3434 574.3821 574.5625 575.4737 576.7807 -9999 -9999
-9999 -9999 -9999 -9999 -9999 -9999 -9999 -9999 -9999 -9999 -9999 -9999 -9999 -9999 -9999 572.0142 572.4919 572.9703 572.9476 571.9622 570.7668 570.0064 570.0739 571.1189 572.8999 575.2727 577.4783 578.8843 579.1848 578.379 576.8281 575.1813 573.6202 571.7744 569.5764 567.1528 564.9244 562.91 561.7726 561.2974 561.3213 561.5306 561.7206 562.1904 563.1456 564.166 564.1398 565.9797 568.59 571.1061 573.1627 574.7008 575.7864 576.5961 577.335 577.9481 578.2385 578.1183 577.6146 576.7955 575.6962 574.2698 572.8521 572.1564 572.7016 574.143 576.1462 578.564 -9999
-9999 -9999 -9999 -9999 -9999 -9999 -9999 -9999 -9999 -9999 -9999 -9999 -9999 -9999 -9999 -9999 573.9375 574.7858 574.7333 573.5329 572.0403 570.9402 570.5458 571.0261 572.2492 574.2654 576.3978 578.0815 578.9108 578.415 576.9499 574.9925 572.8086 570.4848 568.2453 566.2571 564.4113 562.7499 561.71 561.1842 561.1666 561.3949 561.6064 562.0668 562.8553 563.4174 563.1923 564.6307 566.9093 569.2172 571.2004 572.7431 573.7525 574.3771 574.8477 575.2327 575.4164 575.3232 574.7858 573.8367 572.5986 571.2331 570.1314 570.0024 571.2035 573.3359 576.0579 579.033 581.6791
-9999 -9999 -9999 -9999 -9999 -9999 -9999 -9999 -9999 -9999 -9999 -9999 -9999 -9999 -9999 -9999 -9999 575.9482 575.3489 573.9743 572.2271 570.9029 570.3242 570.5814 571.5063 573.1221 574.9886 576.7439 577.872 577.5747 576.1342 573.8306 571.1926 568.6893 566.7119 565.3806 564.0618 562.6504 561.6906 561.1301 561.052 561.2673 561.47 561.8929 562.5375 562.6697 562.6121 563.657 565.4167 567.2057 568.8072 570.1092 570.8809 571.2675 571.5052 571.764 571.9106 571.8874 571.3839 570.3712 569.0294 567.874 567.3468 568.0292 570.1319 573.1118 576.4968 579.8373 582.576
-9999 -9999 -9999 -9999 -9999 -9999 -9999 -9999 -9999 -9999 -9999 -9999 -9999 -9999 -9999 -9999 574.2855 574.7234 574.1614 572.723 571.0479 569.7956 569.3309 569.6895 570.5873 571.8297 573.2463 574.7966 575.8918 575.7314 574.1675 571.7133 569.0229 566.7378 565.1295 564.4924 563.566 562.4486 561.6193 561.0962 560.9868 561.1605 561.3726 561.6494 562.0281 562.0857 562.1876 562.8438 564.1125 565.1019 566.077 566.9996 567.4383 567.6145 567.7547 568.0818 568.1902 568.1992 567.756 566.8479 565.563 564.756 564.95 566.3932 569.3759 573.1184 577.0629 580.6939 583.4469
-9999 -9999 -9999 -9999 -9999 -9999 -9999 -9999 -9999 -9999 -9999 -9999 -9999 -9999 -9999 -9999 572.4621 572.4788 571.9513 570.8004 569.4014 568.2137 567.6619 568.1837 568.9709 569.8867 571.0009 572.2756 573.1668 572.9454 571.4068 569.0929 566.6935 564.8369 563.6982 563.4554 562.7271 561.9868 561.4186 561.0366 560.9763 561.1443 561.3087 561.5454 561.6548 561.7284 561.9172 562.3051 562.753 563.0939 563.544 564.0601 564.3047 564.5214 564.9377 565.5942 565.5181 565.2549 564.8303 564.4576 563.2747 562.7128 563.2681 565.3018 568.7543 572.9487 577.1744 580.9177 583.6997
-9999 -9999 -9999 -9999 -9999 -9999 -9999 -9999 -9999 -9999 -9999 -9999 -9999 -9999 -9999 -9999 570.2184 570.2172 569.9352 569.2294 568.1177 566.7717 565.7283 566.1136 566.7538 567.4647 568.3776 569.3857 570.0172 569.7101 568.3608 566.4464 564.6051 563.3625 563.0322 562.6194 562.1312 561.6071 561.1769 560.9684 560.9869 561.1035 561.2955 561.5093 561.632 561.7692 562.0902 562.5273 562.7778 562.4932 562.3907 562.5182 562.599 562.7469 563.0999 563.351 563.4059 563.0529 562.6427 562.2927 561.9445 561.4223 562.1916 564.3632 567.9608 572.257 576.4852 580.2036 583.0802
-9999 -9999 -9999 -9999 -9999 -9999 -9999 -9999 -9999 -9999 -9999 -9999 -9999 -9999 -9999 -9999 568.5044 568.927 569.0552 568.8154 567.9359 566.3561 565.0133 564.5112 564.9274 565.5238 566.2348 566.8952 567.1639 566.7247 565.5914 564.2399 562.9828 562.3954 562.4362 562.1594 561.7593 561.3497 561.0092 560.8796 560.9564 561.1581 561.4648 561.7799 561.9772 562.233 562.7591 563.4608 563.7589 563.0116 562.2142 561.9913 561.7892 561.6064 561.4414 561.8472 562.0946 561.7214 561.2111 560.9015 560.7352 560.5995 561.4151 563.5235 566.8723 570.8743 574.8502 578.4467 581.4215
-9999 -9999 -9999 -9999 -9999 -9999 -9999 -9999 -9999 -9999 -9999 -9999 -9999 -9999 -9999 -9999 -9999 568.7185 569.2726 569.5514 569.0125 567.3356 565.5065 564.3972 564.1247 564.3016 564.6859 565.0092 565.002 564.5263 563.6907 562.7722 561.9939 561.6205 561.6943 561.7166 561.4504 561.1405 560.9229 560.8802 561.0729 561.4166 561.8843 562.3808 562.6399 562.9688 563.7614 564.3907 564.3157 563.5859 562.5571 561.9941 561.5753 561.2423 561.0464 561.1871 561.2763 560.9221 560.3855 559.9239 559.6307 559.8718 560.8223 562.6779 565.4458 568.8693 572.4007 575.7366 578.7036
-9999 -9999 -9999 -9999 -9999 -9999 -9999 -9999 -9999 -9999 -9999 -9999 -9999 -9999 -9999 -9999 -9999 569.705 570.6404 571.1081 570.601 568.8524 566.6373 564.9214 563.9994 563.7183 563.7659 563.802 563.606 563.1482 562.581 562.0792 561.5592 561.1971 561.1619 561.2829 561.1395 560.9598 560.8842 561.0085 561.3479 561.8962 562.5658 563.2797 563.7644 564.0599 564.5842 564.9619 564.423 563.4787 562.6877 562.1207 561.6613 561.2928 561.0771 561.0367 560.9063 560.4174 559.8165 559.2594 558.867 559.2463 560.196 561.7947 563.9133 566.438 569.3682 572.2646 575.0175
-9999 -9999 -9999 -9999 -9999 -9999 -9999 -9999 -9999 -9999 -9999 -9999 -9999 -9999 -9999 -9999 -9999 -9999 572.358 572.6818 571.9498 570.2124 567.8201 565.5992 564.1855 563.5915 563.418 563.2304 562.92 562.5215 562.2507 561.9307 561.5435 561.111 560.8541 560.825 560.8293 560.8016 560.9249 561.2606 561.8423 562.6213 563.5585 564.4302 564.8849 564.9716 565.0082 564.9042 564.2213 563.2598 562.6088 562.1146 561.7169 561.3806 561.1248 560.9227 560.5132 559.9116 559.2318 558.4918 558.0425 558.5164 559.593 561.0483 562.5435 564.1149 566.1085 568.3224 570.6552
-9999 -9999 -9999 -9999 -9999 -9999 -9999 -9999 -9999 -9999 -9999 -9999 -9999 -9999 -9999 -9999 -9999 -9999 -9999 573.9977 573.1307 571.3762 568.9078 566.3676 564.5118 563.7508 563.5153 563.1362 562.7803 562.5439 562.4516 562.1207 561.722 561.2358 560.8047 560.5875 560.5791 560.7239 561.0714 561.6911 562.577 563.7095 564.8712 565.8889 566.0103 565.6882 565.2887 564.7642 563.9222 562.8105 562.2145 561.8258 561.516 561.255 560.9271 560.5278 559.9736 559.2894 558.5363 557.9381 557.692 558.0955 559.3067 560.6777 561.5917 562.2402 563.0714 564.4319 566.187
-9999 -9999 -9999 -9999 -9999 -9999 -9999 -9999 -9999 -9999 -9999 -9999 -9999 -9999 -9999 -9999 -9999 -9999 -9999 574.9961 574.1349 572.4235 569.9111 567.1711 565.0167 564.0211 563.7845 563.1941 562.8073 562.6666 562.6132 562.4315 561.9901 561.4567 560.9492 560.6382 560.6296 560.8889 561.4335 562.3313 563.5946 565.1365 566.606 567.5779 567.2399 566.3676 565.5389 564.6348 563.646 562.4672 561.731 561.3511 561.0149 560.8318 560.3867 559.9194 559.2968 558.5571 557.9784 557.757 557.6602 557.9773 559.0453 560.3339 560.9102 560.8237 560.7751 561.4441 562.5001
-9999 -9999 -9999 -9999 -9999 -9999 -9999 -9999 -9999 -9999 -9999 -9999 -9999 -9999 -9999 -9999 -9999 -9999 -9999 -9999 574.724 573.1251 570.6705 567.8672 565.4933 564.0477 563.2378 563.0638 562.908 562.891 562.8546 562.7319 562.3971 561.8329 561.304 561.0038 561.0468 561.4427 562.0911 563.1873 564.826 566.7963 568.5018 569.4044 568.7188 567.329 565.8792 564.4257 563.1019 561.8856 561.092 560.7762 560.3564 560.0574 559.5809 559.1889 558.5365 557.9844 557.8537 557.8969 557.7852 557.8514 558.3588 559.501 560.2482 559.719 559.3958 559.757 560.16
-9999 -9999 -9999 -9999 -9999 -9999 -9999 -9999 -9999 -9999 -9999 -9999 -9999 -9999 -9999 -9999 -9999 -9999 -9999 -9999 574.4686 573.2915 571.1727 568.5369 566.1504 564.5917 563.8159 563.582 563.7046 563.459 563.3524 563.3018 563.0538 562.5278 562.0233 561.7764 561.9536 562.5419 563.28 564.6489 566.511 568.6542 570.442 571.2211 570.2818 568.4014 566.301 564.1913 562.4722 561.2467 560.4752 560.0106 559.5575 559.3027 558.8348 558.3992 557.9594 557.8369 557.8995 557.9419 557.8992 557.8323 557.9543 558.6199 559.1355 558.6648 558.1631 558.2362 558.6697
-9999 -9999 -9999 -9999 -9999 -9999 -9999 -9999 -9999 -9999 -9999 -9999 -9999 -9999 -9999 -9999 -9999 -9999 -9999 -9999 -9999 572.8378 571.4532 569.2734 566.9917 565.2847 564.3574 564.0458 564.1039 564.08 564.1492 564.3661 564.3428 563.8961 563.3547 563.1332 563.4075 564.2918 565.0764 566.5452 568.519 570.6239 572.324 572.9356 571.7482 569.4806 566.7855 564.0739 561.9529 560.8386 559.9588 559.3879 558.9209 558.6011 558.2283 557.9232 557.8373 557.8992 557.9452 557.9698 557.9473 557.8993 557.8171 557.958 558.2199 557.9219 557.5734 557.5608 557.8878
-9999 -9999 -9999 -9999 -9999 -9999 -9999 -9999 -9999 -9999 -9999 -9999 -9999 -9999 -9999 -9999 -9999 -9999 -9999 -9999 -9999 -9999 571.7376 570.1655 568.0852 566.2893 565.2087 564.9745 565.2079 565.3849 565.6693 566.1796 566.4606 566.1273 565.6975 565.4026 565.4927 566.0564 566.9891 568.6174 570.5276 572.4276 573.9007 574.3812 573.0922 570.5852 567.4486 564.2364 561.6736 560.2274 559.3644 558.7927 558.3959 558.1238 557.9062 557.8456 557.8995 557.9441 557.9768 557.9863 557.9601 557.9001 557.8294 557.8357 557.8901 557.623 557.3646 557.3354 557.5472
-9999 -9999 -9999 -9999 -9999 -9999 -9999 -9999 -9999 -9999 -9999 -9999 -9999 -9999 -9999 -9999 -9999 -9999 -9999 -9999 -9999 -9999 -9999 -9999 569.3642 567.602 566.4775 566.3679 566.9096 567.509 568.1053 568.801 569.2426 569.091 568.5654 568.1471 568.1213 568.6824 569.5494 570.7971 572.3367 573.7892 574.8409 575.0933 574.0364 571.537 568.0825 564.4357 561.5283 559.7386 558.8308 558.3284 558.0464 557.901 557.8597 557.8998 557.9358 557.9688 557.9973 558.0074 557.9898 557.9484 557.8998 557.8409 557.7616 557.5418 557.3735 557.4019 557.574
-9999 -9999 -9999 -9999 -9999 -9999 -9999 -9999 -9999 -9999 -9999 -9999 -9999 -9999 -9999 -9999 -9999 -9999 -9999 -9999 -9999 -9999 -9999 -9999 -9999 568.9713 568.1187 568.2947 569.1344 570.0493 570.8217 571.4816 571.8013 571.6307 571.1343 570.8326 570.851 571.2686 571.9206 572.6945 573.7112 574.5563 575.0884 575.2698 574.3496 572.0143 568.4544 564.572 561.4956 559.5588 558.5856 558.1052 557.9003 557.8679 557.8999 557.9279 557.9551 557.9829 558.0114 558.0295 558.0254 557.9996 557.9592 557.8997 557.7903 557.6055 557.5406 557.7184 557.9865
-9999 -9999 -9999 -9999 -9999 -9999 -9999 -9999 -9999 -9999 -9999 -9999 -9999 -9999 -9999 -9999 -9999 -9999 -9999 -9999 -9999 -9999 -9999 -9999 -9999 -9999 569.9406 570.5829 571.6156 572.5667 573.2585 573.6924 573.6614 573.1828 572.6418 572.7149 572.9387 573.2389 573.6323 574.0132 574.5629 575.0349 575.3724 575.3032 574.3335 571.9452 568.3344 564.5106 561.4786 559.5614 558.5966 558.1007 557.8998 557.9 557.9155 557.939 557.9655 557.9961 558.0275 558.0521 558.0597 558.0446 558.0117 557.9651 557.8975 557.7441 557.8136 558.2787 558.9399
-9999 -9999 -9999 -9999 -9999 -9999 -9999 -9999 -9999 -9999 -9999 -9999 -9999 -9999 -9999 -9999 -9999 -9999 -9999 -9999 -9999 -9999 -9999 -9999 -9999 -9999 -9999 -9999 573.9044 574.7321 575.2084 575.3933 575.0295 574.395 574.0025 574.0189 574.184 574.3455 574.4907 574.6769 574.9888 575.2715 575.4269 575.0932 573.898 571.4158 567.8889 564.3632 561.493 559.7063 558.8199 558.2272 557.9006 557.8533 557.9001 557.938 557.9712 558.0083 558.0475 558.078 558.0914 558.0832 558.0541 558.0096 557.9559 557.9067 558.1523 559.0377 559.4991
-9999 -9999 -9999 -9999 -9999 -9999 -9999 -9999 -9999 -9999 -9999 -9999 -9999 -9999 -9999 -9999 -9999 -9999 -9999 -9999 -9999 -9999 -9999 -9999 -9999 -9999 -9999 -9999 -9999 -9999 -9999 576.7961 576.2132 575.5493 575.0964 574.9747 574.9897 574.9822 574.8727 574.8701 575.0012 575.1993 575.3046 574.8524 573.374 570.7238 567.2927 564.1046 561.5126 559.9878 559.2 558.4252 557.9085 557.8076 557.8991 557.9371 557.974 558.0183 558.0669 558.1046 558.1227 558.12 558.1058 558.0954 558.1223 558.2511 558.6519 559.3792 559.759
-9999 -9999 -9999 -9999 -9999 -9999 -9999 -9999 -9999 -9999 -9999 -9999 -9999 -9999 -9999 -9999 -9999 -9999 -9999 -9999 -9999 -9999 -9999 -9999 -9999 -9999 -9999 -9999 -9999 -9999 -9999 -9999 -9999 -9999 575.952 575.6318 -9999 -9999 -9999 -9999 -9999 575.0023 575.061 574.4291 572.6774 569.8794 566.571 563.7837 561.4603 560.1146 559.3362 558.5437 557.9095 557.7255 557.7956 557.9003 557.9658 558.0226 558.08 558.1257 558.1473 558.1498 558.152 558.1804 558.2742 558.4983 558.9047 559.4417 559.8163
-9999 -9999 -9999 -9999 -9999 -9999 -9999 -9999 -9999 -9999 -9999 -9999 -9999 -9999 -9999 -9999 -9999 -9999 -9999 -9999 -9999 -9999 -9999 -9999 -9999 -9999 -9999 -9999 -9999 -9999 -9999 -9999 -9999 -9999 -9999 -9999 -9999 -9999 -9999 -9999 -9999 575.0694 574.9344 574.0469 571.9863 569.0036 565.8232 563.4999 561.3983 560.1971 559.436 558.6987 557.931 557.6669 557.7189 557.897 557.9583 558.0207 558.0851 558.1355 558.1575 558.159 558.1672 558.2166 558.3409 558.5879 558.9872 559.4418 559.7881
-9999 -9999 -9999 -9999 -9999 -9999 -9999 -9999 -9999 -9999 -9999 -9999 -9999 -9999 -9999 -9999 -9999 -9999 -9999 -9999 -9999 -9999 -9999 -9999 -9999 -9999 -9999 -9999 -9999 -9999 -9999 -9999 -9999 -9999 -9999 -9999 -9999 -9999 -9999 -9999 -9999 575.1854 574.7714 573.5761 571.3445 568.2638 565.1954 563.0354 561.3562 560.4091 559.7422 559.0793 558.1067 557.704 557.6544 557.785 557.9006 557.9993 558.077 558.1314 558.1481 558.1356 558.1328 558.1779 558.2927 558.5223 558.9238 559.4001 559.6881
-9999 -9999 -9999 -9999 -9999 -9999 -9999 -9999 -9999 -9999 -9999 -9999 -9999 -9999 -9999 -9999 -9999 -9999 -9999 -9999 -9999 -9999 -9999 -9999 -9999 -9999 -9999 -9999 -9999 -9999 -9999 -9999 -9999 -9999 -9999 -9999 -9999 -9999 -9999 -9999 -9999 574.917 574.177 572.934 570.8242 567.9296 565.0933 563.03 561.7192 560.8917 560.1952 559.4582 558.5918 557.9568 557.7158 557.7539 557.8979 557.9807 558.0573 558.1121 558.1185 558.0784 558.0422 558.0632 558.1292 558.2828 558.6578 559.1211 559.4597
-9999 -9999 -9999 -9999 -9999 -9999 -9999 -9999 -9999 -9999 -9999 -9999 -9999 -9999 -9999 -9999 -9999 -9999 -9999 -9999 -9999 -9999 -9999 -9999 -9999 -9999 -9999 -9999 -9999 -9999 -9999 -9999 -9999 -9999 -9999 -9999 -9999 -9999 -9999 -9999 -9999 574.295 573.487 572.2614 570.2924 567.7271 565.1746 563.4277 562.3452 561.5672 560.8675 560.1012 559.2913 558.5037 557.9362 557.7751 557.8027 557.8991 558 558.0721 558.0717 557.9961 557.9016 557.898 557.8948 557.9285 558.3047 558.8436 559.3805
