backend/lakes/data/Smoky Lake/smky_dem_tm.asc
ncols         239
nrows         252
xllcorner     648100
yllcorner     5993250
cellsize      50
NODATA_value  -9999
[rows 132 to 164 of 252, columns 146 to 218 of 239]
630.1306 630.1008 630.1073 630.239 630.4347 630.6407 630.7456 630.7766 630.7796 630.8076 630.9 631.1184 631.1906 631.2341 631.2444 631.2306 631.1953 631.1405 631.0743 631.0143 630.9775 630.9769 631.0286 631.1398 631.3009 631.4904 631.571 631.7283 632.0334 632.4327 632.8339 633.1426 633.5132 633.8904 634.4198 635.0596 635.6879 -9999 -9999 -9999 -9999 -9999 -9999 -9999 -9999 -9999 -9999 -9999 -9999 -9999 -9999 -9999 -9999 -9999 -9999 -9999 -9999 -9999 -9999 -9999 -9999 -9999 -9999 -9999 -9999 -9999 -9999 -9999 -9999 -9999 -9999 -9999 -9999
630.0385 629.9923 629.9716 630.084 630.2853 630.5497 630.6863 630.7399 630.7578 630.7898 630.8979 631.1782 631.2485 631.269 631.2713 631.2609 631.2343 631.1906 631.1351 631.0793 631.0405 631.0342 631.0742 631.1657 631.2959 631.4296 631.5009 631.6088 631.7903 632.0371 632.3178 632.6267 633.0539 633.2742 633.7758 634.404 635.0431 -9999 -9999 -9999 -9999 -9999 -9999 -9999 -9999 -9999 -9999 -9999 -9999 -9999 -9999 -9999 -9999 -9999 -9999 -9999 -9999 -9999 -9999 -9999 -9999 -9999 -9999 -9999 -9999 -9999 -9999 -9999 -9999 -9999 -9999 -9999 -9999
630.0229 629.9697 629.9246 629.9706 630.1105 630.3075 630.5521 630.6758 630.7385 630.791 630.9009 631.1751 631.26 631.2808 631.2804 631.2742 631.259 631.2317 631.1948 631.1551 631.1255 631.1218 631.1549 631.2275 631.3289 631.4305 631.4998 631.5368 631.6094 631.736 631.928 632.2475 633.0049 633.0874 633.2391 633.8429 634.4313 635.08 -9999 -9999 -9999 -9999 -9999 -9999 -9999 -9999 -9999 -9999 -9999 -9999 -9999 -9999 -9999 -9999 -9999 -9999 -9999 -9999 -9999 -9999 -9999 -9999 -9999 -9999 -9999 -9999 -9999 -9999 -9999 -9999 -9999 -9999 -9999
630.0465 629.9692 629.9023 629.8962 629.9694 630.1088 630.3192 630.5803 630.7112 630.7902 630.8892 631.05 631.1877 631.2484 631.262 631.2639 631.2606 631.2498 631.2333 631.2148 631.2017 631.2057 631.2368 631.2968 631.3762 631.4531 631.5 631.4881 631.4881 631.5425 631.6953 632.0202 632.5958 632.945 633.0574 633.5032 633.9866 634.5706 -9999 -9999 -9999 -9999 -9999 -9999 -9999 -9999 -9999 -9999 -9999 -9999 -9999 -9999 -9999 -9999 -9999 -9999 -9999 -9999 -9999 -9999 -9999 -9999 -9999 -9999 -9999 -9999 -9999 -9999 -9999 -9999 -9999 -9999 -9999
630.1069 629.9723 629.8998 629.8475 629.864 629.9766 630.243 630.5442 630.6818 630.7648 630.8279 630.8987 631.062 631.1884 631.2269 631.2386 631.2435 631.2449 631.2456 631.2477 631.2533 631.2689 631.3019 631.3546 631.4192 631.4766 631.5 631.4558 631.4099 631.4137 631.514 631.7715 632.2372 632.9997 633.2147 633.4537 633.7598 634.2263 635.1475 -9999 -9999 -9999 -9999 -9999 -9999 -9999 -9999 -9999 -9999 -9999 -9999 -9999 -9999 -9999 -9999 -9999 -9999 -9999 -9999 -9999 -9999 -9999 -9999 -9999 -9999 -9999 -9999 -9999 -9999 -9999 -9999 -9999 -9999
630.2881 630.0969 629.9636 629.8346 629.7871 629.8394 630.0082 630.3151 630.5831 630.7277 630.8094 630.8884 630.9794 631.1085 631.1901 631.2155 631.2214 631.2275 631.2388 631.2565 631.2788 631.3066 631.3443 631.3939 631.449 631.4928 631.4999 631.438 631.3662 631.3351 631.3948 631.6046 632.046 632.8773 633.2395 633.4572 633.6921 634.093 634.8929 635.9775 -9999 -9999 -9999 -9999 -9999 -9999 -9999 -9999 -9999 -9999 -9999 -9999 -9999 -9999 -9999 -9999 -9999 -9999 -9999 -9999 -9999 -9999 -9999 -9999 -9999 -9999 -9999 -9999 -9999 -9999 -9999 -9999 -9999
630.5593 630.2755 630.0012 629.843 629.7515 629.7667 629.9382 630.2427 630.5561 630.7034 630.7817 630.8346 630.8931 631.0557 631.1893 631.2131 631.2086 631.2099 631.225 631.2524 631.2869 631.3243 631.3663 631.4149 631.4644 631.5 631.4999 631.434 631.3519 631.2976 631.318 631.4623 631.7838 632.3215 632.9715 633.3269 633.6281 634.0229 634.6011 635.3494 -9999 -9999 -9999 -9999 -9999 -9999 -9999 -9999 -9999 -9999 -9999 -9999 -9999 -9999 -9999 -9999 -9999 -9999 -9999 -9999 -9999 -9999 -9999 -9999 -9999 -9999 -9999 -9999 -9999 -9999 -9999 -9999 -9999
630.8752 630.5647 630.2602 629.9703 629.7668 629.6677 629.6937 629.9913 630.3934 630.6437 630.7643 630.8284 630.892 631.0486 631.1888 631.2109 631.2023 631.1996 631.2144 631.2468 631.2892 631.3326 631.3765 631.4232 631.4688 631.5 631.4982 631.4436 631.3632 631.2961 631.2817 631.3567 631.552 631.8812 632.3325 632.9844 633.4609 633.9555 634.3752 634.8647 635.4852 -9999 -9999 -9999 -9999 -9999 -9999 -9999 -9999 -9999 -9999 -9999 -9999 -9999 -9999 -9999 -9999 -9999 -9999 -9999 -9999 -9999 -9999 -9999 -9999 -9999 -9999 -9999 -9999 -9999 -9999 -9999 -9999
631.2185 630.8745 630.5499 630.1561 629.8503 629.6677 629.6262 629.8685 630.3722 630.6616 630.8039 630.8909 630.965 631.0686 631.1603 631.19 631.1957 631.1998 631.2157 631.2488 631.2944 631.3411 631.3842 631.4272 631.4691 631.5 631.5079 631.4697 631.3983 631.3275 631.2903 631.314 631.4135 631.6031 631.9209 632.5179 633.1549 633.7947 634.1906 634.5927 635.0101 -9999 -9999 -9999 -9999 -9999 -9999 -9999 -9999 -9999 -9999 -9999 -9999 -9999 -9999 -9999 -9999 -9999 -9999 -9999 -9999 -9999 -9999 -9999 -9999 -9999 -9999 -9999 -9999 -9999 -9999 -9999 -9999
631.5712 631.1783 630.853 630.4194 629.9765 629.6686 629.5992 629.8472 630.3812 630.7339 630.8998 631.0194 631.0641 631.1082 631.1526 631.1764 631.19 631.2092 631.2307 631.2631 631.3076 631.3547 631.396 631.4339 631.4703 631.5 631.5231 631.504 631.4469 631.382 631.339 631.3363 631.3796 631.4548 631.5613 632.0259 632.8362 633.4741 634.0289 634.5671 634.9768 -9999 -9999 -9999 -9999 -9999 -9999 -9999 -9999 -9999 -9999 -9999 -9999 -9999 -9999 -9999 -9999 -9999 -9999 -9999 -9999 -9999 -9999 -9999 -9999 -9999 -9999 -9999 -9999 -9999 -9999 -9999 -9999
631.9588 631.4667 631.1307 630.6932 630.1503 629.7081 629.5983 629.8608 630.4038 630.8578 631.0842 631.1869 631.1592 631.1478 631.1584 631.1722 631.19 631.2199 631.2507 631.2852 631.3278 631.3738 631.4137 631.4475 631.478 631.5001 631.5377 631.5342 631.4927 631.4413 631.4079 631.4052 631.4401 631.4996 631.4712 631.7178 632.4764 633.1927 634.02 634.8635 635.5441 636.006 -9999 -9999 -9999 -9999 -9999 -9999 -9999 -9999 -9999 -9999 -9999 -9999 -9999 -9999 -9999 -9999 -9999 -9999 -9999 -9999 -9999 -9999 -9999 -9999 -9999 -9999 -9999 -9999 -9999 -9999 -9999
632.4154 631.7653 631.343 630.9523 630.421 629.9332 629.6786 629.9379 630.4046 630.8868 631.183 631.2493 631.1906 631.1658 631.1677 631.1747 631.19 631.2253 631.2637 631.3035 631.3472 631.3932 631.4337 631.4671 631.4999 631.5248 631.5538 631.5513 631.5193 631.4846 631.4659 631.4646 631.4797 631.5 631.4835 631.6916 632.2917 633.1038 634.1503 635.3098 636.4132 637.3021 637.6847 -9999 -9999 -9999 -9999 -9999 -9999 -9999 -9999 -9999 -9999 -9999 -9999 -9999 -9999 -9999 -9999 -9999 -9999 -9999 -9999 -9999 -9999 -9999 -9999 -9999 -9999 -9999 -9999 -9999 -9999
632.9274 632.1857 631.5853 631.1415 630.6637 630.1526 629.851 629.9624 630.3317 630.8647 631.1887 631.2736 631.235 631.1902 631.19 631.19 631.2034 631.2328 631.2697 631.311 631.3568 631.4044 631.4462 631.4764 631.5 631.5255 631.5483 631.5446 631.5181 631.5 631.5 631.5 631.4998 631.5 631.4913 631.6609 632.176 633.0621 634.3014 635.7678 637.2543 638.5002 639.0942 638.812 -9999 -9999 -9999 -9999 -9999 -9999 -9999 -9999 -9999 -9999 -9999 -9999 -9999 -9999 -9999 -9999 -9999 -9999 -9999 -9999 -9999 -9999 -9999 -9999 -9999 -9999 -9999 -9999 -9999
633.3548 632.7787 631.9471 631.3188 630.8491 630.3749 629.9846 629.9939 630.3107 630.8564 631.1882 631.2798 631.2643 631.2303 631.2179 631.2137 631.2209 631.2426 631.2742 631.3124 631.3573 631.4059 631.4501 631.4811 631.5 631.5129 631.527 631.5227 631.5 631.4968 631.502 631.5039 631.5 631.4875 631.4675 631.5438 631.8983 632.8035 634.1001 635.7111 637.4437 638.9884 639.8695 639.9883 -9999 -9999 -9999 -9999 -9999 -9999 -9999 -9999 -9999 -9999 -9999 -9999 -9999 -9999 -9999 -9999 -9999 -9999 -9999 -9999 -9999 -9999 -9999 -9999 -9999 -9999 -9999 -9999 -9999
633.714 633.1285 632.3545 631.6269 631.0479 630.5612 630.1317 630.0338 630.3105 630.857 631.1823 631.2566 631.261 631.2472 631.2391 631.2367 631.2411 631.2559 631.2815 631.3153 631.3564 631.4031 631.4481 631.4819 631.5 631.5024 631.5082 631.5082 631.5 631.4971 631.4993 631.5008 631.5011 631.5 631.4684 631.4371 631.6134 632.2058 633.3511 634.8779 636.6708 638.5 639.9761 640.8014 640.5521 -9999 -9999 -9999 -9999 -9999 -9999 -9999 -9999 -9999 -9999 -9999 -9999 -9999 -9999 -9999 -9999 -9999 -9999 -9999 -9999 -9999 -9999 -9999 -9999 -9999 -9999 -9999 -9999
633.9644 633.252 632.6626 631.9279 631.3024 630.7886 630.2719 630.035 630.3004 630.8453 631.1239 631.191 631.2306 631.2437 631.2499 631.2547 631.2606 631.2726 631.2938 631.3234 631.36 631.4025 631.4456 631.4805 631.5 631.5004 631.5004 631.5 631.4991 631.4983 631.4983 631.4978 631.5 631.5188 631.4965 631.3497 631.3517 631.6595 632.3855 633.6359 635.3402 637.3547 639.3322 640.8121 641.3685 640.3868 -9999 -9999 -9999 -9999 -9999 -9999 -9999 -9999 -9999 -9999 -9999 -9999 -9999 -9999 -9999 -9999 -9999 -9999 -9999 -9999 -9999 -9999 -9999 -9999 -9999 -9999 -9999
634.4157 633.4857 632.9248 632.4017 631.7365 631.061 630.4139 629.978 630.2496 630.8066 631.0822 631.1896 631.2183 631.2407 631.2585 631.2704 631.2786 631.2892 631.308 631.3352 631.3685 631.406 631.4453 631.4792 631.5 631.5027 631.5009 631.5 631.4997 631.5004 631.5006 631.5 631.5035 631.4999 631.4188 631.2537 631.1588 631.2576 631.6384 632.4113 633.817 635.7919 637.9731 639.8354 640.7692 640.3837 639.0245 -9999 -9999 -9999 -9999 -9999 -9999 -9999 -9999 -9999 -9999 -9999 -9999 -9999 -9999 -9999 -9999 -9999 -9999 -9999 -9999 -9999 -9999 -9999 -9999 -9999 -9999
635.0067 634.0939 633.3895 632.8804 632.305 631.4993 630.7257 630.1307 630.1362 630.6577 630.9882 631.1494 631.1901 631.2394 631.2736 631.2909 631.2986 631.3059 631.3211 631.3467 631.3784 631.4126 631.4477 631.4791 631.5 631.5042 631.5018 631.5 631.4989 631.5016 631.5043 631.5045 631.5 631.48 631.3922 631.2384 631.1071 631.0836 631.2177 631.5494 632.4914 634.1467 636.2349 638.1956 639.4236 639.3449 638.3133 -9999 -9999 -9999 -9999 -9999 -9999 -9999 -9999 -9999 -9999 -9999 -9999 -9999 -9999 -9999 -9999 -9999 -9999 -9999 -9999 -9999 -9999 -9999 -9999 -9999 -9999
635.6595 634.9237 634.2134 633.586 632.9755 632.0518 631.0963 630.2941 629.9774 630.4572 630.8853 631.1334 631.1918 631.2665 631.309 631.3247 631.3266 631.3269 631.3357 631.3571 631.387 631.4189 631.4504 631.4792 631.5 631.5035 631.5 631.4961 631.4957 631.5013 631.5075 631.5096 631.5066 631.495 631.4428 631.33 631.2059 631.1451 631.189 631.2302 631.6385 632.7924 634.5151 636.3248 637.686 637.9988 637.4232 636.475 -9999 -9999 -9999 -9999 -9999 -9999 -9999 -9999 -9999 -9999 -9999 -9999 -9999 -9999 -9999 -9999 -9999 -9999 -9999 -9999 -9999 -9999 -9999 -9999 -9999
636.1973 635.7465 635.2219 634.6325 633.9207 632.923 631.7438 630.6778 630.0272 630.2625 630.8069 631.1783 631.2827 631.3387 631.3662 631.3708 631.363 631.3547 631.3555 631.3702 631.3956 631.4243 631.4519 631.4769 631.4949 631.5 631.4985 631.4946 631.4948 631.5015 631.5081 631.5074 631.5 631.5133 631.5355 631.488 631.3811 631.2756 631.2163 631.1897 631.2488 631.9055 633.1085 634.5975 635.9931 636.812 636.8754 636.1716 635.8354 -9999 -9999 -9999 -9999 -9999 -9999 -9999 -9999 -9999 -9999 -9999 -9999 -9999 -9999 -9999 -9999 -9999 -9999 -9999 -9999 -9999 -9999 -9999 -9999
636.6531 636.3397 636.0552 635.6987 634.9823 633.9363 632.6462 631.321 630.3514 630.1318 630.6329 631.1207 631.2938 631.3788 631.413 631.4144 631.4008 631.3864 631.3809 631.389 631.4082 631.4315 631.4542 631.4756 631.4926 631.5009 631.5013 631.4979 631.4976 631.5031 631.5073 631.4999 631.4747 631.5016 631.6348 631.6705 631.5875 631.4443 631.3021 631.1888 631.1178 631.3369 632.0656 633.1938 634.5587 635.7751 636.4998 636.0738 635.9449 636.1386 -9999 -9999 -9999 -9999 -9999 -9999 -9999 -9999 -9999 -9999 -9999 -9999 -9999 -9999 -9999 -9999 -9999 -9999 -9999 -9999 -9999 -9999 -9999
-9999 636.7872 636.6767 636.5757 635.9836 634.9963 633.6921 632.1991 630.8647 630.1081 630.3839 630.8912 631.2006 631.3715 631.4387 631.4489 631.4347 631.4174 631.4085 631.4122 631.4259 631.4432 631.4602 631.4773 631.4931 631.5036 631.5067 631.504 631.5018 631.5029 631.5 631.475 631.4586 631.5154 631.746 631.851 631.7899 631.626 631.4368 631.2792 631.1863 631.1533 631.4026 632.1621 633.4056 634.7598 635.8442 636.0376 636.2119 636.733 637.3175 -9999 -9999 -9999 -9999 -9999 -9999 -9999 -9999 -9999 -9999 -9999 -9999 -9999 -9999 -9999 -9999 -9999 -9999 -9999 -9999 -9999 -9999
-9999 -9999 637.0624 637.0828 636.7695 635.9705 634.7571 633.2211 631.6562 630.5482 630.2752 630.7689 631.1765 631.371 631.4554 631.4755 631.464 631.4458 631.4353 631.4364 631.4465 631.4594 631.4711 631.4824 631.4948 631.5053 631.51 631.5084 631.5043 631.5 631.4896 631.4766 631.5019 631.6484 631.8695 631.9861 631.9393 631.7745 631.5681 631.3835 631.256 631.1888 631.1901 631.5457 632.502 633.7537 634.9753 635.7919 636.5281 637.1599 637.91 638.7991 -9999 -9999 -9999 -9999 -9999 -9999 -9999 -9999 -9999 -9999 -9999 -9999 -9999 -9999 -9999 -9999 -9999 -9999 -9999 -9999 -9999
-9999 -9999 -9999 637.4811 637.2974 636.7437 635.6932 634.1768 632.4776 631.0078 630.1337 630.5544 631.0746 631.3173 631.4446 631.4894 631.4875 631.4712 631.4596 631.4589 631.4667 631.4774 631.4858 631.491 631.4972 631.5048 631.5096 631.5092 631.5049 631.5 631.4935 631.5001 631.5631 631.7065 631.8816 631.9843 631.9714 631.8418 631.6553 631.4735 631.3315 631.2345 631.1895 631.3038 631.8565 632.7501 633.9044 635.0545 636.0682 636.9656 637.8731 638.7759 639.5042 -9999 -9999 -9999 -9999 -9999 -9999 -9999 -9999 -9999 -9999 -9999 -9999 -9999 -9999 -9999 -9999 -9999 -9999 -9999 -9999
-9999 -9999 -9999 637.7333 637.6146 637.2153 636.3796 634.9562 633.2539 631.6808 630.5716 630.3578 630.8164 631.194 631.4149 631.4962 631.5055 631.4918 631.4797 631.4774 631.4835 631.4928 631.5 631.5 631.5 631.5024 631.506 631.5065 631.5034 631.5001 631.5 631.5118 631.5571 631.6356 631.7324 631.8063 631.8552 631.8055 631.6794 631.5364 631.4188 631.3374 631.2715 631.1912 631.4022 631.9314 632.7354 633.888 635.1307 636.2253 637.2232 638.1199 638.7925 -9999 -9999 -9999 -9999 -9999 -9999 -9999 -9999 -9999 -9999 -9999 -9999 -9999 -9999 -9999 -9999 -9999 -9999 -9999 -9999
-9999 -9999 -9999 -9999 637.7552 637.4397 636.7316 635.4453 633.8369 632.2496 630.9211 630.2433 630.7234 631.1716 631.4373 631.5168 631.5203 631.5046 631.4924 631.4894 631.4937 631.5 631.5025 631.5017 631.5005 631.5 631.502 631.5022 631.5002 631.4985 631.4994 631.5054 631.5133 631.5009 631.5035 631.5245 631.6479 631.6923 631.6465 631.562 631.493 631.4708 631.4838 631.3027 631.1923 631.3978 631.8628 632.6762 633.9531 635.2333 636.3493 637.2332 637.8036 637.873 -9999 -9999 -9999 -9999 -9999 -9999 -9999 -9999 -9999 -9999 -9999 -9999 -9999 -9999 -9999 -9999 -9999 -9999 -9999
-9999 -9999 -9999 -9999 -9999 637.5122 636.8855 635.7825 634.3553 632.836 631.4771 630.6801 630.7374 631.1879 631.4911 631.5322 631.522 631.5051 631.495 631.4934 631.4968 631.5001 631.5 631.5 631.5 631.5 631.5 631.4992 631.4974 631.4975 631.5 631.505 631.4998 631.4426 631.4073 631.4201 631.502 631.5749 631.5859 631.5488 631.5085 631.5001 631.5472 631.4877 631.3025 631.1904 631.3195 631.7898 632.9126 634.2646 635.4909 636.4121 636.8851 636.7928 -9999 -9999 -9999 -9999 -9999 -9999 -9999 -9999 -9999 -9999 -9999 -9999 -9999 -9999 -9999 -9999 -9999 -9999 -9999
-9999 -9999 -9999 -9999 -9999 637.5463 636.9593 636.0144 634.8048 633.4254 632.0359 631.0052 630.7416 631.2333 631.4906 631.5001 631.501 631.494 631.4904 631.4924 631.4968 631.4996 631.4998 631.4996 631.4995 631.499 631.4986 631.498 631.4968 631.5 631.5048 631.5 631.4733 631.4162 631.3776 631.387 631.4438 631.5004 631.5327 631.5236 631.5015 631.5001 631.5615 631.569 631.4728 631.1967 631.124 631.3256 632.1818 633.5316 634.787 635.7351 636.1703 635.9999 -9999 -9999 -9999 -9999 -9999 -9999 -9999 -9999 -9999 -9999 -9999 -9999 -9999 -9999 -9999 -9999 -9999 -9999 -9999
-9999 -9999 -9999 -9999 -9999 637.6661 637.1104 636.296 635.2357 633.939 632.5286 631.3116 630.7418 631.1558 631.4915 631.5 631.492 631.486 631.4861 631.4912 631.4973 631.4995 631.4999 631.5 631.4995 631.4987 631.4985 631.5 631.5 631.5109 631.519 631.5096 631.4755 631.4244 631.3914 631.3999 631.4467 631.4999 631.514 631.5083 631.4973 631.5001 631.5508 631.5683 631.4984 631.2964 631.1884 631.2311 631.8706 633.088 634.21 635.1171 635.6708 635.5048 -9999 -9999 -9999 -9999 -9999 -9999 -9999 -9999 -9999 -9999 -9999 -9999 -9999 -9999 -9999 -9999 -9999 -9999 -9999
-9999 -9999 -9999 -9999 -9999 637.984 637.5289 636.847 635.8585 634.5464 633.0679 631.6613 630.8534 631.1292 631.4874 631.5 631.4886 631.4849 631.4869 631.493 631.5 631.5 631.5 631.5001 631.5 631.5 631.5 631.5024 631.5087 631.5254 631.5404 631.5347 631.5032 631.4595 631.4316 631.4365 631.4678 631.5 631.5033 631.5009 631.5 631.5065 631.5356 631.547 631.5 631.3701 631.2136 631.2365 631.836 632.921 633.8373 634.5839 635.1044 635.2096 -9999 -9999 -9999 -9999 -9999 -9999 -9999 -9999 -9999 -9999 -9999 -9999 -9999 -9999 -9999 -9999 -9999 -9999 -9999
-9999 -9999 -9999 -9999 -9999 -9999 638.053 637.4211 636.5055 635.203 633.6726 632.1708 631.1688 631.0465 631.4363 631.5195 631.5002 631.5001 631.5 631.5 631.5013 631.4998 631.5 631.5 631.5006 631.5049 631.5094 631.5122 631.519 631.5381 631.5598 631.5631 631.5408 631.5075 631.4857 631.4867 631.5018 631.5106 631.5 631.497 631.5 631.5023 631.5195 631.5339 631.5272 631.4929 631.3545 631.4565 631.9922 632.8577 633.4896 634.1583 634.812 635.0803 -9999 -9999 -9999 -9999 -9999 -9999 -9999 -9999 -9999 -9999 -9999 -9999 -9999 -9999 -9999 -9999 -9999 -9999 -9999
-9999 -9999 -9999 -9999 -9999 -9999 638.54 637.8906 636.9812 635.7678 634.3188 632.8326 631.5825 631.0135 631.2379 631.4952 631.5511 631.5503 631.535 631.5201 631.5085 631.5 631.5 631.4984 631.5 631.5104 631.5234 631.5308 631.5363 631.5518 631.5746 631.5854 631.5753 631.5555 631.5441 631.5464 631.5521 631.5455 631.5221 631.5 631.4903 631.4902 631.5059 631.5259 631.5289 631.5024 631.5128 631.7763 632.3557 632.7891 633.1689 633.8317 634.4821 634.9612 -9999 -9999 -9999 -9999 -9999 -9999 -9999 -9999 -9999 -9999 -9999 -9999 -9999 -9999 -9999 -9999 -9999 -9999 -9999
-9999 -9999 -9999 -9999 -9999 -9999 638.8526 638.1271 637.2748 636.1878 634.8796 633.44 632.0765 631.2032 631.1772 631.4864 631.5823 631.5834 631.5586 631.5352 631.5151 631.5 631.4978 631.4969 631.5 631.5156 631.5374 631.5541 631.5624 631.5725 631.5896 631.6022 631.6018 631.5969 631.5996 631.6092 631.6122 631.595 631.5569 631.5151 631.4881 631.4862 631.5161 631.5735 631.6428 631.7144 631.8395 632.3267 632.6666 632.8512 633.1169 633.7206 634.2678 634.8889 -9999 -9999 -9999 -9999 -9999 -9999 -9999 -9999 -9999 -9999 -9999 -9999 -9999 -9999 -9999 -9999 -9999 -9999 -9999
