backend/lakes/data/Smoky Lake/smky_dem_tm.asc
ncols         239
nrows         252
xllcorner     648100
yllcorner     5993250
cellsize      50
NODATA_value  -9999
[rows 33 to 65 of 252, columns 0 to 72 of 239]
-9999 -9999 -9999 -9999 -9999 -9999 -9999 -9999 -9999 -9999 -9999 -9999 -9999 -9999 -9999 -9999 -9999 -9999 -9999 -9999 -9999 -9999 -9999 -9999 -9999 633.8553 633.1812 632.9097 632.9063 633.0431 633.1019 633.0236 633.3566 633.4644 633.55 633.4619 633.2568 633.0737 632.9481 632.8844 632.9276 633.0934 633.2666 633.3093 633.1777 632.9413 632.7113 632.5215 632.4072 632.3517 632.4766 632.7488 633.0909 633.4396 633.713 633.8466 633.845 633.7765 633.6687 633.7244 633.6809 633.4036 632.989 632.7247 632.8802 633.5546 634.7071 636.2388 637.9244 639.6736 641.3004 642.4386 642.9455
-9999 -9999 -9999 -9999 -9999 -9999 -9999 -9999 -9999 -9999 -9999 -9999 -9999 -9999 -9999 -9999 -9999 -9999 -9999 -9999 -9999 -9999 -9999 -9999 634.1229 633.9669 633.397 633.014 633.0183 633.3306 633.4751 633.2497 633.2884 633.0995 633.1986 633.0205 632.8507 632.7377 632.6678 632.625 632.6411 632.7753 632.9274 632.9845 632.8916 632.6988 632.5502 632.4106 632.3388 632.3507 632.5462 632.916 633.3509 633.7736 634.1132 634.3202 634.4153 634.4395 634.4025 634.3892 634.1472 633.7191 633.1425 632.6235 632.4031 632.6307 633.3571 634.6814 636.3944 638.2158 640.0552 641.5785 642.4659
-9999 -9999 -9999 -9999 -9999 -9999 -9999 -9999 -9999 -9999 -9999 -9999 -9999 -9999 -9999 -9999 -9999 -9999 -9999 -9999 -9999 -9999 -9999 -9999 633.9968 633.9312 633.4803 633.116 633.035 633.4516 633.3878 633.0204 632.6567 632.5529 632.5207 632.4606 632.4247 632.4136 632.4103 632.4072 632.4146 632.5342 632.6282 632.6638 632.5988 632.4343 632.4026 632.3145 632.2823 632.3565 632.5943 633.0153 633.5035 633.9502 634.2906 634.5093 634.681 634.8131 634.895 634.9302 634.3312 633.7607 633.1823 632.6254 632.2427 632.1752 632.5177 633.4046 634.8419 636.5505 638.4445 640.2883 641.5731
-9999 -9999 -9999 -9999 -9999 -9999 -9999 -9999 -9999 -9999 -9999 -9999 -9999 -9999 -9999 -9999 -9999 -9999 -9999 -9999 -9999 -9999 -9999 -9999 633.6694 633.5984 633.3763 633.1815 633.141 633.2514 633.2056 632.8564 632.4443 632.3366 632.3172 632.3303 632.3112 632.2834 632.2577 632.2442 632.2714 632.3972 632.4109 632.4139 632.4017 632.2965 632.2551 632.2231 632.2451 632.3678 632.6428 633.0635 633.5492 633.9709 634.2589 634.4238 634.6425 634.8304 634.8766 634.6724 633.9655 633.3947 632.941 632.5152 632.1746 632.0009 632.0734 632.54 633.4906 634.8902 636.6813 638.6082 640.2194
-9999 -9999 -9999 -9999 -9999 -9999 -9999 -9999 -9999 -9999 -9999 -9999 -9999 -9999 -9999 -9999 -9999 -9999 -9999 -9999 -9999 -9999 -9999 -9999 633.3059 633.2611 633.2222 633.2098 633.3152 633.4863 633.2994 632.9401 632.5776 632.4082 632.3571 632.4091 632.3589 632.2758 632.1948 632.1328 632.1129 632.2021 632.2257 632.228 632.2192 632.1763 632.1536 632.1641 632.235 632.3973 632.685 633.0911 633.5305 633.8899 634.1061 634.2039 634.3319 634.4774 634.4664 634.1365 633.5081 632.9302 632.5583 632.2913 632.1111 631.999 631.9312 632.0784 632.6036 633.548 635.0259 636.8402 638.6239
-9999 -9999 -9999 -9999 -9999 -9999 -9999 -9999 -9999 -9999 -9999 -9999 -9999 -9999 -9999 -9999 -9999 -9999 -9999 -9999 -9999 -9999 -9999 -9999 -9999 633.0328 633.0829 633.1442 633.3164 633.4999 633.3777 633.0786 632.7557 632.532 632.4117 632.4279 632.4092 632.3029 632.1927 632.1101 632.0865 632.11 632.1103 632.1102 632.1102 632.1096 632.1053 632.1423 632.2487 632.4373 632.7266 633.0943 633.4709 633.7465 633.8662 633.8378 633.8178 633.855 633.7963 633.4556 632.9247 632.5146 632.2697 632.1144 632.0957 632.1075 631.9949 631.9531 632.1432 632.6876 633.7657 635.2688 637.0438
-9999 -9999 -9999 -9999 -9999 -9999 -9999 -9999 -9999 -9999 -9999 -9999 -9999 -9999 -9999 -9999 -9999 -9999 -9999 -9999 -9999 -9999 -9999 -9999 -9999 632.9933 632.9904 633.0068 633.2141 633.4971 633.4438 633.2054 632.918 632.674 632.5125 632.4527 632.4102 632.312 632.207 632.1337 632.1099 632.0945 632.0825 632.0814 632.092 632.11 632.1033 632.1448 632.2681 632.4707 632.7458 633.072 633.3733 633.552 633.5616 633.424 633.2634 633.1572 633.0348 632.7322 632.3384 632.2136 632.1343 632.1099 632.1088 632.1378 632.1085 632.0267 632.0531 632.2644 632.899 634.087 635.6868
-9999 -9999 -9999 -9999 -9999 -9999 -9999 -9999 -9999 -9999 -9999 -9999 -9999 -9999 -9999 -9999 -9999 -9999 -9999 -9999 -9999 -9999 -9999 -9999 -9999 632.8458 632.7779 632.8488 633.0577 633.4795 633.4841 633.2963 633.0436 632.7891 632.582 632.4606 632.4081 632.2988 632.2014 632.1376 632.11 632.0988 632.0886 632.0857 632.0928 632.104 632.11 632.1483 632.2722 632.4739 632.7258 633.0001 633.2376 633.3362 633.2709 633.0649 632.8184 632.6044 632.4219 632.1912 632.0813 632.1078 632.1145 632.1199 632.11 632.1243 632.1259 632.11 632.1091 632.1072 632.4285 633.2349 634.485
-9999 -9999 -9999 -9999 -9999 -9999 -9999 -9999 -9999 -9999 -9999 -9999 -9999 -9999 -9999 -9999 -9999 -9999 -9999 -9999 -9999 -9999 -9999 -9999 -9999 632.8446 632.6988 632.8225 633.0486 633.4711 633.4944 633.3522 633.1443 632.8792 632.6116 632.4136 632.3241 632.2358 632.1638 632.1206 632.1071 632.11 632.1053 632.1 632.0991 632.1022 632.11 632.1394 632.2481 632.4348 632.6527 632.8635 633.0266 633.0942 632.9985 632.7794 632.5125 632.2888 632.1049 631.9699 631.9568 632.0323 632.1096 632.1349 632.11 632.0813 632.0555 632.0206 631.9712 631.9309 632.0903 632.5581 633.4484
-9999 -9999 -9999 -9999 -9999 -9999 -9999 -9999 -9999 -9999 -9999 -9999 -9999 -9999 -9999 -9999 -9999 -9999 -9999 -9999 -9999 -9999 -9999 -9999 -9999 633.0537 632.8047 632.9714 633.1794 633.4542 633.5013 633.4063 633.2668 632.9858 632.6486 632.4086 632.2661 632.174 632.1171 632.0913 632.0928 632.11 632.1152 632.1118 632.1039 632.095 632.091 632.1099 632.1931 632.357 632.5381 632.6927 632.8085 632.8466 632.7404 632.5294 632.2968 632.1069 631.9607 631.8744 631.8905 631.9723 632.0603 632.1083 632.0518 631.9968 631.946 631.8932 631.8289 631.7777 631.8386 632.0977 632.6337
-9999 -9999 -9999 -9999 -9999 -9999 -9999 -9999 -9999 -9999 -9999 -9999 -9999 -9999 -9999 -9999 -9999 -9999 -9999 -9999 -9999 -9999 -9999 -9999 -9999 633.501 633.0533 633.1318 633.3525 633.5858 633.6681 633.5372 633.4687 633.1429 632.6846 632.4054 632.235 632.1357 632.0815 632.062 632.069 632.0908 632.11 632.1147 632.1055 632.0859 632.0654 632.0627 632.1115 632.2465 632.3829 632.4873 632.5657 632.586 632.49 632.3015 632.1132 631.9791 631.8859 631.8455 631.8624 631.9167 631.9648 631.9706 631.9153 631.8572 631.8169 631.7793 631.7349 631.6979 631.7206 631.8611 632.1661
-9999 -9999 -9999 -9999 -9999 -9999 -9999 -9999 -9999 -9999 -9999 -9999 -9999 -9999 -9999 -9999 -9999 -9999 -9999 -9999 -9999 -9999 -9999 -9999 -9999 -9999 633.6206 633.501 633.6416 633.832 633.9764 633.8464 633.6854 633.36 632.7577 632.4468 632.2662 632.1475 632.0768 632.0475 632.0497 632.0701 632.0947 632.11 632.1053 632.0798 632.04 632.0082 632.0272 632.1037 632.1292 632.2542 632.319 632.3378 632.2694 632.1157 631.9923 631.906 631.8595 631.8469 631.8632 631.8847 631.882 631.8396 631.7687 631.7126 631.6902 631.6913 631.6934 631.6957 631.728 631.8391 632.0695
-9999 -9999 -9999 -9999 -9999 -9999 -9999 -9999 -9999 -9999 -9999 -9999 -9999 -9999 -9999 -9999 -9999 -9999 -9999 -9999 -9999 -9999 -9999 -9999 -9999 -9999 634.3221 633.9906 633.9734 634.0004 634.0493 633.998 633.84 633.5938 633.228 632.7277 632.4399 632.2383 632.1168 632.0579 632.0443 632.0583 632.0839 632.1063 632.11 632.0836 632.0209 631.9376 631.9115 631.942 631.9984 632.1041 632.1129 632.1147 632.1076 632.0217 631.9421 631.8876 631.8658 631.8727 631.8873 631.8837 631.8408 631.7578 631.6622 631.5991 631.5928 631.6324 631.688 631.7357 631.7794 631.8446 631.9541
-9999 -9999 -9999 -9999 -9999 -9999 -9999 -9999 -9999 -9999 -9999 -9999 -9999 -9999 -9999 -9999 -9999 -9999 -9999 -9999 -9999 -9999 -9999 -9999 -9999 -9999 -9999 634.5292 634.2468 634.1035 634.0318 633.998 633.8671 633.6967 633.4856 633.229 632.7168 632.3773 632.1874 632.0908 632.0549 632.0588 632.0839 632.1138 632.13 632.11 632.0307 631.8656 631.7997 631.8013 631.876 631.9578 631.9857 631.9972 632.0003 631.9662 631.9315 631.9095 631.9052 631.9178 631.9309 631.9139 631.8452 631.7335 631.6157 631.5406 631.5398 631.6077 631.7074 631.7968 631.8535 631.8831 631.9066
-9999 -9999 -9999 -9999 -9999 -9999 -9999 -9999 -9999 -9999 -9999 -9999 -9999 -9999 -9999 -9999 -9999 -9999 -9999 -9999 -9999 -9999 -9999 -9999 -9999 -9999 -9999 -9999 -9999 634.2463 634.0231 633.9256 633.8109 633.6586 633.4375 633.182 632.8129 632.4736 632.2604 632.1373 632.0791 632.0696 632.0927 632.1301 632.1628 632.1651 632.095 631.8206 631.7328 631.7316 631.7993 631.8635 631.9025 631.9265 631.9413 631.9441 631.9448 631.9499 631.9618 631.98 631.9905 631.9658 631.8853 631.7568 631.6228 631.5361 631.5334 631.6149 631.744 631.8665 631.9396 631.9521 631.9238
-9999 -9999 -9999 -9999 -9999 -9999 -9999 -9999 -9999 -9999 -9999 -9999 -9999 -9999 -9999 -9999 -9999 -9999 -9999 -9999 -9999 -9999 -9999 -9999 -9999 -9999 -9999 -9999 -9999 -9999 634.3257 634.0633 633.8813 633.6841 633.3493 633.0133 633.3537 632.6547 632.3592 632.1972 632.1142 632.0877 632.1036 632.1437 632.1858 632.1993 632.1384 631.9506 631.7673 631.7098 631.7397 631.7996 631.8453 631.8784 631.9065 631.9352 631.9675 631.9972 632.0218 632.0433 632.0534 632.0272 631.9429 631.8084 631.6655 631.5699 631.5607 631.6433 631.7855 631.9297 632.0202 632.032 631.9781
-9999 -9999 -9999 -9999 -9999 -9999 -9999 -9999 -9999 -9999 -9999 -9999 -9999 -9999 -9999 -9999 -9999 -9999 -9999 -9999 -9999 -9999 -9999 -9999 -9999 -9999 -9999 -9999 -9999 -9999 -9999 634.5442 634.2435 634.0143 633.5505 633.0253 632.8649 632.5782 632.4031 632.2462 632.152 632.1099 632.1133 632.1505 632.1997 632.2318 632.2095 632.0937 631.836 631.7235 631.7061 631.7455 631.7997 631.8392 631.8765 631.9241 631.9821 632.0353 632.0735 632.0975 632.1058 632.0801 631.999 631.8669 631.724 631.624 631.605 631.6774 631.8167 631.9688 632.0734 632.0941 632.0348
-9999 -9999 -9999 -9999 -9999 -9999 -9999 -9999 -9999 -9999 -9999 -9999 -9999 -9999 -9999 -9999 -9999 -9999 -9999 -9999 -9999 -9999 -9999 -9999 -9999 -9999 -9999 -9999 -9999 -9999 -9999 -9999 634.9701 634.6772 634.0264 633.234 632.7421 632.5495 632.413 632.2903 632.1981 632.1381 632.1215 632.1481 632.1996 632.2478 632.2615 632.211 632.0707 631.8032 631.7055 631.71 631.7528 631.7999 631.842 631.9008 631.9774 632.0491 632.1011 632.1299 632.1376 632.1124 632.0372 631.915 631.7814 631.6851 631.6552 631.7063 631.8258 631.9692 632.0789 632.1121 632.061
-9999 -9999 -9999 -9999 -9999 -9999 -9999 -9999 -9999 -9999 -9999 -9999 -9999 -9999 -9999 -9999 -9999 -9999 -9999 -9999 -9999 -9999 -9999 -9999 -9999 -9999 -9999 -9999 -9999 -9999 -9999 -9999 635.6172 635.1864 634.5486 633.638 632.8222 632.7316 632.5931 632.4164 632.2853 632.1786 632.1283 632.1354 632.1818 632.2369 632.2679 632.2386 632.108 631.8375 631.7173 631.6993 631.7228 631.7588 631.8 631.8604 631.9473 632.026 632.0915 632.1273 632.1385 632.1162 632.048 631.9392 631.8242 631.7468 631.7078 631.7281 631.8119 631.9292 632.03 632.0704 632.0343
-9999 -9999 -9999 -9999 -9999 -9999 -9999 -9999 -9999 -9999 -9999 -9999 -9999 -9999 -9999 -9999 -9999 -9999 -9999 -9999 -9999 -9999 -9999 -9999 -9999 -9999 -9999 -9999 -9999 -9999 -9999 -9999 635.9441 635.3558 634.6815 633.9223 633.3335 633.1813 632.9167 632.6294 632.4012 632.2169 632.1255 632.1127 632.1506 632.2076 632.2518 632.2557 632.1987 632.0717 631.8133 631.7385 631.7219 631.7301 631.7527 631.8004 631.8882 631.9522 632.0336 632.0798 632.1023 632.0878 632.0278 631.9312 631.8361 631.7997 631.761 631.7466 631.7838 631.8606 631.9376 631.9744 631.9503
-9999 -9999 -9999 -9999 -9999 -9999 -9999 -9999 -9999 -9999 -9999 -9999 -9999 -9999 -9999 -9999 -9999 -9999 -9999 -9999 -9999 -9999 -9999 -9999 -9999 -9999 -9999 -9999 -9999 -9999 -9999 -9999 -9999 635.1709 634.3602 633.8785 633.5764 633.4648 633.1491 632.7631 632.4185 632.2075 632.1046 632.0841 632.1151 632.1685 632.2155 632.2332 632.204 632.1099 631.9142 631.7989 631.7374 631.7096 631.6968 631.7133 631.7822 631.7993 631.9215 631.9769 632.0276 632.0287 631.9803 631.894 631.8005 631.8004 631.7999 631.7626 631.7558 631.7856 631.8276 631.8479 631.8262
-9999 -9999 -9999 -9999 -9999 -9999 -9999 -9999 -9999 -9999 -9999 -9999 -9999 -9999 -9999 -9999 -9999 -9999 -9999 -9999 -9999 -9999 -9999 -9999 -9999 -9999 -9999 -9999 -9999 -9999 -9999 -9999 -9999 635.0588 634.1894 633.7883 633.5811 633.4341 633.1925 632.8092 632.4153 632.1946 632.0941 632.0698 632.0917 632.1335 632.1721 632.1871 632.1673 632.1081 631.9465 631.8024 631.747 631.697 631.6291 631.557 631.5085 631.5294 631.7585 631.8013 631.9149 631.939 631.9137 631.8622 631.8 631.7971 631.8 631.7743 631.7418 631.7305 631.7325 631.7262 631.6948
-9999 -9999 -9999 -9999 -9999 -9999 -9999 -9999 -9999 -9999 -9999 -9999 -9999 -9999 -9999 -9999 -9999 -9999 -9999 -9999 -9999 -9999 -9999 -9999 -9999 -9999 -9999 -9999 -9999 -9999 -9999 -9999 -9999 635.0105 634.1379 633.7565 633.5529 633.3087 633.0157 632.8514 632.4312 632.2252 632.1284 632.0937 632.0968 632.1188 632.1399 632.1412 632.1103 632.0688 631.9658 631.8611 631.7998 631.7317 631.621 631.5012 631.4426 631.4304 631.5022 631.5338 631.7629 631.7922 631.7992 631.798 631.77 631.7789 631.7985 631.7999 631.7543 631.713 631.6803 631.643 631.5927
-9999 -9999 -9999 -9999 -9999 -9999 -9999 -9999 -9999 -9999 -9999 -9999 -9999 -9999 -9999 -9999 -9999 -9999 -9999 -9999 -9999 -9999 -9999 -9999 -9999 -9999 -9999 -9999 -9999 -9999 -9999 -9999 -9999 -9999 634.112 633.8148 633.6597 633.3291 633.0007 633.3044 632.6187 632.369 632.2384 632.1675 632.1371 632.1317 632.1343 632.1305 632.1099 632.0632 631.9885 631.9114 631.8542 631.798 631.6787 631.5666 631.4991 631.4409 631.4229 631.4238 631.503 631.5148 631.6005 631.6384 631.6732 631.7216 631.7711 631.8 631.7769 631.7313 631.6792 631.618 631.5465
-9999 -9999 -9999 -9999 -9999 -9999 -9999 -9999 -9999 -9999 -9999 -9999 -9999 -9999 -9999 -9999 -9999 -9999 -9999 -9999 -9999 -9999 -9999 -9999 -9999 -9999 -9999 -9999 -9999 -9999 -9999 -9999 -9999 -9999 -9999 633.9321 633.9326 633.5413 633.0522 633.1467 632.8997 632.6025 632.3979 632.2706 632.1979 632.1616 632.1444 632.1313 632.11 632.0663 632.0067 631.9413 631.876 631.8008 631.7284 631.6429 631.5684 631.4996 631.4403 631.407 631.4238 631.4407 631.4988 631.502 631.5675 631.6442 631.7204 631.7788 631.8 631.7704 631.7184 631.6484 631.5645
-9999 -9999 -9999 -9999 -9999 -9999 -9999 -9999 -9999 -9999 -9999 -9999 -9999 -9999 -9999 -9999 -9999 -9999 -9999 -9999 -9999 -9999 -9999 -9999 -9999 -9999 -9999 -9999 -9999 -9999 -9999 -9999 -9999 -9999 -9999 634.0054 634.0609 633.8442 633.2787 633.0853 632.9497 632.7148 632.5044 632.3503 632.2499 632.1906 632.1569 632.1344 632.11 632.0714 632.0227 631.9688 631.9124 631.8536 631.7996 631.7253 631.6472 631.5699 631.4997 631.442 631.4363 631.4296 631.442 631.4497 631.4999 631.5702 631.6548 631.7346 631.7874 631.8 631.7692 631.7108 631.6328
-9999 -9999 -9999 -9999 -9999 -9999 -9999 -9999 -9999 -9999 -9999 -9999 -9999 -9999 -9999 -9999 -9999 -9999 -9999 -9999 -9999 -9999 -9999 -9999 -9999 -9999 -9999 -9999 -9999 -9999 -9999 -9999 -9999 -9999 634.0896 634.1538 634.1877 634.0487 633.702 633.1134 632.9503 632.741 632.5398 632.382 632.2733 632.2045 632.1628 632.1353 632.11 632.077 632.0379 631.9951 631.9503 631.9044 631.8579 631.7997 631.7268 631.6483 631.5743 631.5016 631.4992 631.4561 631.4307 631.4241 631.4496 631.5002 631.579 631.6708 631.748 631.7923 631.8 631.7716 631.723
-9999 -9999 -9999 -9999 -9999 -9999 -9999 -9999 -9999 -9999 -9999 -9999 -9999 -9999 -9999 -9999 -9999 -9999 -9999 -9999 -9999 -9999 -9999 -9999 -9999 -9999 -9999 -9999 -9999 -9999 -9999 -9999 -9999 633.7133 634.0447 634.1989 634.1775 633.9903 633.6733 633.1165 632.946 632.7151 632.5131 632.3635 632.2626 632.1984 632.1587 632.1324 632.11 632.0829 632.0522 632.019 631.9836 631.9463 631.9058 631.8573 631.7997 631.7325 631.6846 631.6165 631.5729 631.5005 631.4475 631.4198 631.42 631.4454 631.5004 631.5923 631.6871 631.7559 631.7915 631.8 631.7997
-9999 -9999 -9999 -9999 -9999 -9999 -9999 -9999 -9999 -9999 -9999 -9999 -9999 -9999 -9999 -9999 -9999 -9999 -9999 -9999 -9999 -9999 -9999 -9999 -9999 -9999 -9999 -9999 -9999 -9999 -9999 -9999 632.9302 633.2892 633.8764 634.1055 633.9739 633.6272 633.1998 633.1392 632.9065 632.6238 632.4287 632.3034 632.2245 632.1757 632.146 632.1265 632.11 632.0892 632.0657 632.0403 632.0123 631.9809 631.9447 631.9016 631.8513 631.8007 631.7982 631.7301 631.6821 631.5929 631.5007 631.4427 631.4137 631.4056 631.425 631.4992 631.6061 631.6959 631.7545 631.7904 631.8102
-9999 -9999 -9999 -9999 -9999 -9999 -9999 -9999 -9999 -9999 -9999 -9999 -9999 -9999 -9999 -9999 -9999 -9999 -9999 -9999 -9999 -9999 -9999 -9999 -9999 -9999 -9999 -9999 -9999 -9999 -9999 -9999 632.9948 633.1996 633.6251 633.9012 633.6243 633.1187 633.2366 633.35 632.7133 632.4551 632.3132 632.2294 632.1788 632.1486 632.1307 632.1196 632.11 632.0955 632.0787 632.0597 632.0375 632.0112 631.98 631.9438 631.9045 631.8689 631.8488 631.8011 631.7979 631.7064 631.5969 631.5009 631.4366 631.3829 631.334 631.3638 631.4948 631.61 631.6901 631.7511 631.795
-9999 -9999 -9999 -9999 -9999 -9999 -9999 -9999 -9999 -9999 -9999 -9999 -9999 -9999 -9999 -9999 -9999 -9999 -9999 -9999 -9999 -9999 -9999 -9999 -9999 -9999 -9999 -9999 -9999 -9999 -9999 -9999 633.1721 633.1194 633.2932 633.4852 633.552 633.4745 633.4886 633.2937 632.762 632.4155 632.2614 632.1893 632.1516 632.1307 632.1197 632.1141 632.11 632.1014 632.0908 632.0775 632.0604 632.0386 632.0123 631.9831 631.9529 631.9261 631.905 631.8787 631.8628 631.7996 631.7045 631.6038 631.5015 631.3992 631.2419 631.194 631.3236 631.4941 631.6006 631.6921 631.7611
-9999 -9999 -9999 -9999 -9999 -9999 -9999 -9999 -9999 -9999 -9999 -9999 -9999 -9999 -9999 -9999 -9999 -9999 -9999 -9999 -9999 -9999 -9999 -9999 -9999 -9999 -9999 -9999 -9999 -9999 -9999 -9999 633.4243 633.0593 632.9982 633.0997 633.4529 633.5051 633.445 633.1861 632.7572 632.4138 632.2656 632.1942 632.1533 632.1288 632.1158 632.1109 632.11 632.1068 632.1018 632.0937 632.0808 632.0631 632.0413 632.0171 631.9929 631.9713 631.9528 631.9334 631.9123 631.8671 631.8 631.7192 631.6124 631.4791 631.1973 631.1188 631.1939 631.3599 631.5042 631.6304 631.7177
-9999 -9999 -9999 -9999 -9999 -9999 -9999 -9999 -9999 -9999 -9999 -9999 -9999 -9999 -9999 -9999 -9999 -9999 -9999 -9999 -9999 -9999 -9999 -9999 -9999 -9999 -9999 -9999 -9999 -9999 -9999 -9999 633.6978 633.0399 632.8491 632.9547 633.2578 633.396 633.3347 633.0881 632.7318 632.4229 632.3143 632.2366 632.1777 632.1382 632.1163 632.1078 632.1079 632.11 632.1105 632.1069 632.098 632.0837 632.0652 632.0443 632.0232 632.0034 631.9855 631.9668 631.9438 631.9083 631.86 631.7985 631.676 631.4994 631.2224 631.1304 631.1882 631.3024 631.4909 631.592 631.6705
