backend/lakes/data/Reita Lake/reit_dem_tm.asc
ncols         170
nrows         117
xllcorner     793850
yllcorner     6003550
cellsize      50
NODATA_value  -9999
[rows 30 to 59 of 117, columns 66 to 131 of 170]
-9999 -9999 -9999 -9999 -9999 -9999 -9999 -9999 -9999 -9999 -9999 -9999 -9999 -9999 -9999 -9999 -9999 -9999 -9999 -9999 -9999 -9999 -9999 -9999 631.3696 629.8163 627.5872 624.77 621.5029 617.962 614.4304 611.3952 609.368 608.3047 608.0179 608.0514 608.014 607.8075 607.8468 608.1587 608.6497 609.0859 608.5146 608.0551 607.7317 607.4402 607.2158 607.014 606.9855 607.0008 607.0083 607.0063 607.2014 607.5142 607.7244 607.5342 607.3373 607.2941 607.4861 607.9889 609.1028 611.0748 613.2712 614.7859 615.2965 615.0126
-9999 -9999 -9999 -9999 -9999 -9999 -9999 -9999 -9999 -9999 -9999 -9999 -9999 -9999 -9999 -9999 -9999 -9999 -9999 -9999 -9999 -9999 -9999 631.3953 629.8901 627.7639 625.0831 621.9618 618.5776 615.1354 611.9785 609.6019 608.2482 607.6945 607.5001 607.4958 607.5018 607.4789 607.467 607.4825 607.5649 607.6292 607.2715 607.0571 606.9963 606.957 606.8644 606.7741 606.7642 606.7878 606.8196 606.8698 607.006 607.2272 607.3703 607.3337 607.2935 607.3413 607.5165 608.1466 609.542 611.8638 614.2043 615.5544 615.5712 614.7912
-9999 -9999 -9999 -9999 -9999 -9999 -9999 -9999 -9999 -9999 -9999 -9999 -9999 -9999 -9999 -9999 -9999 -9999 -9999 -9999 -9999 -9999 631.3834 629.9228 627.8447 625.2457 622.2344 618.9651 615.6285 612.4784 609.9167 608.2618 607.5311 607.4288 607.2657 607.2119 607.2013 607.186 607.1453 607.0908 607.02 607.0164 606.9227 606.8747 606.9133 606.9994 606.9034 606.8071 606.7639 606.7661 606.8022 606.875 606.9981 607.1255 607.2274 607.2743 607.3443 607.49 607.6256 608.2794 609.9091 612.4443 614.7754 615.7798 615.4685 614.2307
-9999 -9999 -9999 -9999 -9999 -9999 -9999 -9999 -9999 -9999 -9999 -9999 -9999 -9999 -9999 -9999 -9999 -9999 -9999 -9999 -9999 631.2095 629.876 627.8683 625.2986 622.3119 619.0941 615.8516 612.7785 610.167 608.3381 607.3925 607.0286 607.1013 607.0803 607.0576 607.0475 607.0321 607.0005 606.9998 606.9686 606.9999 606.9996 606.9988 606.9999 607.0352 606.9993 606.9199 606.8566 606.8381 606.8649 606.9272 607.0004 607.0948 607.1787 607.2515 607.3502 607.4974 607.6796 608.3827 610.1307 612.746 615.0196 615.7744 615.2122 613.6219
-9999 -9999 -9999 -9999 -9999 -9999 -9999 -9999 -9999 -9999 -9999 -9999 -9999 -9999 -9999 -9999 -9999 -9999 -9999 -9999 630.7488 629.6373 627.8146 625.3353 622.3528 619.0909 615.8249 612.8242 610.261 608.3602 607.2451 606.8975 606.8055 606.989 607.0001 607 607 607 607 607 606.9999 607.0033 607.0192 607.0382 607.0453 607.0511 607.0304 606.9998 606.9414 606.9188 606.941 606.9995 607.0423 607.1035 607.1658 607.2355 607.3389 607.4973 607.7229 608.4763 610.2383 612.8275 614.9861 615.5179 614.7083 612.8565
-9999 -9999 -9999 -9999 -9999 -9999 -9999 -9999 -9999 -9999 -9999 -9999 -9999 -9999 -9999 -9999 -9999 -9999 -9999 629.8164 629.0596 627.5631 625.3182 622.4493 619.1801 615.8141 612.7335 610.2177 608.3413 607.1333 606.5425 606.4915 606.5883 606.8254 606.9513 606.9999 607.0001 607.0003 607.0217 607.0197 606.9974 606.9895 607.0104 607.0444 607.0531 607.035 607.0001 606.9849 606.9608 606.9557 606.9731 607.0002 607.058 607.1095 607.1527 607.2046 607.3012 607.4833 607.7339 608.5559 610.2341 612.7311 614.6483 614.9519 613.8187 611.7946
-9999 -9999 -9999 -9999 -9999 -9999 -9999 -9999 -9999 -9999 -9999 -9999 -9999 -9999 -9999 -9999 -9999 -9999 628.8041 628.1714 626.9874 625.0891 622.4882 619.3663 616.0137 612.8183 610.202 608.3156 607.1151 606.4746 606.2495 606.3386 606.5143 606.8124 606.9993 607.0813 607.1067 607.1146 607.1188 607.0973 607.0479 606.9935 606.9971 607.0427 607.0424 607.0001 606.9554 606.9339 606.9307 606.9563 607.0001 607.0397 607.0835 607.1121 607.1265 607.141 607.1862 607.3064 607.5817 608.4161 609.9866 612.3256 614.1663 614.1473 612.5917 610.5406
-9999 -9999 -9999 -9999 -9999 -9999 -9999 -9999 -9999 -9999 -9999 -9999 -9999 -9999 -9999 -9999 627.5074 627.5121 627.1658 626.2106 624.5897 622.2847 619.4165 616.2269 613.0712 610.348 608.3567 607.118 606.4739 606.2303 606.2764 606.4921 606.7295 606.9906 607.1389 607.22 607.2571 607.2672 607.2554 607.2137 607.1424 607.0552 606.9893 607.0358 606.9993 606.9213 606.8613 606.8341 606.8445 606.9076 606.9991 607.0553 607.0951 607.1028 607.0939 607.0767 607.0816 607.1687 607.4497 608.0919 609.3865 611.3561 613.0088 612.8138 611.1783 609.4124
-9999 -9999 -9999 -9999 -9999 -9999 -9999 -9999 -9999 -9999 -9999 -9999 -9999 -9999 -9999 625.5092 625.7032 625.7177 625.2112 623.9427 621.8901 619.2145 616.2109 613.1559 610.4894 608.4543 607.1523 606.4808 606.2374 606.2804 606.4928 606.748 606.9892 607.1655 607.2829 607.3592 607.4003 607.4072 607.3782 607.3123 607.2141 607.0955 606.9858 606.9685 606.8431 606.7537 606.7019 606.6789 606.6913 606.7793 606.8882 606.9992 607.0691 607.0692 607.0593 607.0295 607.0034 607.0375 607.2197 607.6776 608.7128 610.3031 611.5563 611.2421 609.8601 608.5407
-9999 -9999 -9999 -9999 -9999 -9999 -9999 -9999 -9999 -9999 -9999 -9999 -9999 -9999 -9999 623.4852 623.8103 623.8204 623.0758 621.4218 618.9611 616.025 613.0927 610.5018 608.5053 607.1898 606.4929 606.2444 606.2875 606.4943 606.76 606.9937 607.165 607.2924 607.3875 607.4575 607.497 607.4927 607.4347 607.3233 607.1602 606.9317 606.5826 606.5234 606.5047 606.5002 606.4996 606.4991 606.5045 606.6171 606.7114 606.8601 606.9959 607.0007 607.027 607.0123 606.9803 606.9911 607.131 607.5088 608.2799 609.4828 610.4492 610.0768 608.9709 608.0647
-9999 -9999 -9999 -9999 -9999 -9999 -9999 -9999 -9999 -9999 -9999 -9999 -9999 -9999 621.5052 621.8491 622.1652 621.9651 620.7945 618.6997 615.9648 613.0926 610.4976 608.5087 607.2023 606.5023 606.2529 606.2958 606.4909 606.7288 606.9843 607.137 607.2598 607.3568 607.4324 607.4909 607.5212 607.4952 607.389 607.2041 606.9398 606.5617 606.3171 606.248 606.2526 606.281 606.3133 606.3473 606.3971 606.4954 606.508 606.6616 606.8201 606.9148 606.9995 607.0177 607.001 607.0145 607.1484 607.4842 608.0413 608.7858 609.539 609.0876 608.2778 607.7399
-9999 -9999 -9999 -9999 -9999 -9999 -9999 -9999 -9999 -9999 -9999 -9999 -9999 -9999 620.8289 621.0743 620.9088 620.1014 618.3442 615.8473 613.1007 610.5329 608.5245 607.2065 606.5065 606.2612 606.3056 606.4898 606.6836 606.875 607.0048 607.1514 607.2728 607.3567 607.4074 607.4429 607.4579 607.403 607.2274 606.9448 606.561 606.2921 606.1302 606.0769 606.0862 606.1225 606.1676 606.2174 606.2764 606.3461 606.3885 606.5011 606.6496 606.7867 606.9128 606.9995 607.0218 607.0494 607.1863 607.4987 607.9906 608.5317 608.9083 608.4984 607.877 607.4603
-9999 -9999 -9999 -9999 -9999 -9999 -9999 -9999 -9999 -9999 -9999 -9999 620.3788 620.2759 620.9547 620.6397 619.6945 618.1081 615.7731 613.1163 610.5795 608.5617 607.221 606.5103 606.2673 606.3148 606.4903 606.6551 606.8284 606.9974 607.0613 607.1283 607.2373 607.2997 607.3006 607.2915 607.2913 607.2153 606.9511 606.5586 606.2882 606.1128 606.0135 605.9803 605.9904 606.0231 606.067 606.1177 606.1742 606.2335 606.2903 606.3807 606.5009 606.6409 606.7839 606.9088 606.999 607.0508 607.2043 607.5185 608.0429 608.5342 608.6271 608.0507 607.4651 607.059
-9999 -9999 -9999 -9999 -9999 -9999 -9999 -9999 -9999 -9999 -9999 621.5964 620.6441 620.9305 620.7626 619.8545 618.1714 615.9009 613.2452 610.6787 608.6257 607.2507 606.5192 606.2713 606.3203 606.4909 606.6206 606.7377 606.8513 606.9489 606.997 607.0062 607.1404 607.1774 607.0869 606.9974 606.9897 606.9271 606.5607 606.2545 606.1022 606.0119 605.9595 605.941 605.9481 605.972 606.0073 606.0515 606.1019 606.1553 606.2124 606.2874 606.3839 606.5007 606.6378 606.7759 606.8976 607.0032 607.1967 607.5339 608.0834 608.6381 608.1757 607.5451 607.0471 606.7947
-9999 -9999 -9999 -9999 -9999 -9999 -9999 -9999 -9999 -9999 623.2018 621.9017 621.0697 620.674 619.8426 618.2473 615.9852 613.3489 610.7858 608.7078 607.2932 606.5303 606.2795 606.324 606.4916 606.606 606.6819 606.7396 606.7825 606.7959 606.7868 606.8306 606.9692 606.9608 606.739 606.5231 606.4925 606.4582 606.2277 606.0104 605.9996 605.9811 605.956 605.9424 605.9426 605.9556 605.9801 606.015 606.0575 606.1042 606.155 606.2158 606.2914 606.3851 606.5007 606.6423 606.8015 606.9894 607.1697 607.5135 607.8829 608.015 607.5643 607.0635 606.7627 606.6146
-9999 -9999 -9999 -9999 -9999 -9999 -9999 -9999 -9999 624.4691 623.1188 621.9335 620.906 619.7103 618.0871 615.9009 613.3232 610.7973 608.7185 607.3091 606.5219 606.2534 606.3286 606.4933 606.6058 606.665 606.6861 606.6885 606.6766 606.6138 606.5094 606.5035 606.5245 606.4927 606.2766 606.0394 606.0134 606.0162 605.999 605.9482 605.9796 606 605.9805 605.9637 605.9566 605.9597 605.9741 605.9999 606.0344 606.0734 606.1151 606.1619 606.2181 606.2893 606.3816 606.5001 606.6459 606.8225 607.044 607.4725 607.6548 607.4868 607.0627 606.741 606.5918 606.5005
-9999 -9999 -9999 -9999 -9999 -9999 -9999 -9999 625.34 624.1008 622.8091 621.3736 619.7598 617.8571 615.6411 613.1335 610.679 608.6238 607.1866 606.4517 606.1524 606.2139 606.4833 606.6106 606.6694 606.6763 606.6468 606.6085 606.5852 606.4988 606.3665 606.2874 606.2325 606.1534 606.0049 605.9123 605.919 605.9237 605.9376 605.9536 605.9999 606.0101 605.998 605.984 605.9745 605.972 605.9794 605.9977 606.0246 606.0557 606.0879 606.1213 606.1602 606.2102 606.2783 606.3712 606.4992 606.6862 607.0084 607.347 607.4349 607.0704 606.7326 606.5095 606.4948 606.4188
-9999 -9999 -9999 -9999 -9999 -9999 -9999 625.6357 624.6813 623.3698 621.8752 620.0534 617.8337 615.3677 612.8602 610.486 608.4942 607.0508 606.2313 606.0164 606.0214 606.2189 606.4987 606.6329 606.6691 606.6449 606.5751 606.5016 606.4976 606.3884 606.2534 606.1479 606.0699 606.0005 605.9514 605.9528 605.9995 605.9707 605.9631 605.9768 606 606.0098 606.0054 605.9966 605.989 605.9852 605.9886 606.0015 606.0219 606.0452 606.0681 606.0904 606.1149 606.1476 606.1962 606.2661 606.3689 606.5406 606.9604 607.1556 607.0347 606.752 606.5018 606.3582 606.3325 606.2967
-9999 -9999 -9999 -9999 -9999 -9999 624.8055 624.66 623.7261 622.2082 620.2554 617.9576 615.3082 612.6755 610.2941 608.3661 606.9794 606.1769 605.9465 605.9989 606.0623 606.2532 606.4956 606.6019 606.6166 606.5872 606.5004 606.42 606.3661 606.2657 606.1505 606.0579 606.0001 605.9723 605.9729 605.9999 606.0171 606 605.9915 606 606.0056 606.009 606.0072 606.0028 605.9984 605.9959 605.9982 606.0069 606.0212 606.037 606.0505 606.0642 606.0784 606.0991 606.139 606.2026 606.3105 606.4961 606.7817 606.9741 606.7742 606.51 606.3329 606.2335 606.2026 606.183
-9999 -9999 -9999 -9999 623.5656 623.5316 623.6903 623.4044 622.2383 620.3588 617.9735 615.3217 612.5917 610.1678 608.2562 606.9175 606.1535 605.9424 605.9988 606.0248 606.0856 606.2284 606.3988 606.4983 606.5014 606.4977 606.4103 606.3221 606.2454 606.1541 606.0636 606.0001 605.9789 605.9837 606 606.0125 606.0138 606 605.9974 606 606.003 606.0052 606.0055 606.0045 606.0034 606.0033 606.0055 606.0109 606.0193 606.0276 606.0299 606.0369 606.0435 606.0542 606.0928 606.146 606.2375 606.3685 606.5142 606.6545 606.5104 606.3461 606.2162 606.1391 606.1113 606.0984
-9999 -9999 623.5451 623.1827 622.9839 622.7992 622.5419 621.7689 620.1545 617.8453 615.134 612.4404 610.0491 608.1672 606.864 606.1313 605.9375 605.9988 606.0172 606.0228 606.0575 606.152 606.2573 606.323 606.334 606.3243 606.2697 606.2034 606.1368 606.0628 606.0001 605.9733 605.9778 606 606.0095 606.012 606.0078 606.0015 606 605.9998 606 606.0012 606.0027 606.0042 606.0058 606.0076 606.0098 606.0117 606.0134 606.0154 606.0001 605.9999 605.9999 606.0002 606.0487 606.0847 606.1674 606.2789 606.3964 606.4947 606.3831 606.2476 606.1351 606.0668 606.0491 606.0426
624.0745 623.8339 623.1864 622.8292 622.3688 621.7939 620.9886 619.58 617.4926 614.9277 612.2508 609.9146 608.0878 606.8235 606.1146 605.9324 605.9987 606.0185 606.0114 606 606.0002 606.0611 606.1132 606.1437 606.1505 606.1443 606.1202 606.0883 606.0511 606.0001 605.969 605.9624 605.9768 606 606.0071 606.0056 606 606 605.9998 605.9998 606 605.9997 606.0006 606.0033 606.0065 606.0092 606.0104 606.0078 606 605.9999 605.9625 605.9349 605.9235 605.939 605.998 606.0012 606.0878 606.1886 606.269 606.317 606.2526 606.1586 606.0636 606.0002 605.9999 605.9999
623.2896 623.184 622.581 621.9623 621.1164 620.0238 618.5905 616.7036 614.4054 612.0156 609.7604 608.0049 606.79 606.1056 605.9303 605.9985 606.0222 606.0159 606 605.9969 605.9743 605.9998 606.0001 606.0003 606.0003 606.0003 606.0002 606.0001 605.9999 605.9734 605.9578 605.9592 605.974 605.9919 606 606 605.998 605.9985 605.9991 605.9996 606 605.9995 606 606.0024 606.006 606.0083 606.0077 606 605.9777 605.9475 605.8935 605.8402 605.8051 605.8046 605.8452 605.8969 605.9996 606.0963 606.1378 606.1686 606.125 606.0757 606.0001 605.9489 605.938 605.9404
622.4236 621.7831 620.9594 619.9155 618.6344 617.1223 615.3414 613.3481 611.2789 609.3824 607.8163 606.7285 606.0884 605.9336 605.9985 606.0248 606.0198 605.9999 605.9919 606.0439 605.9666 605.9519 605.9344 605.9348 605.936 605.9399 605.9467 605.9554 605.9626 605.957 605.9542 605.9603 605.9734 605.9873 605.9951 605.9973 605.9976 605.9982 605.9991 606 606.0007 606.0004 606.0001 606.0017 606.004 606.0044 606 605.9834 605.9487 605.8948 605.8184 605.7355 605.6682 605.641 605.666 605.7513 605.8781 605.9962 606.0028 606.0559 606.002 605.9986 605.9344 605.8867 605.8708 605.8763
620.236 619.259 618.08 616.7024 615.1756 613.5435 611.8432 610.1942 608.7084 607.4729 606.5891 606.0464 605.8881 605.9977 606.0283 606.0236 605.9998 605.9697 606.0406 606.2263 606.0502 605.9999 605.9365 605.9381 605.9332 605.9343 605.9374 605.9438 605.9509 605.9537 605.9576 605.9656 605.9769 605.9877 605.9939 605.9967 605.9983 605.9989 606 606.0013 606.0023 606.0021 606.0013 606.0015 606.002 606 605.9926 605.9714 605.9297 605.861 605.7637 605.652 605.5519 605.5002 605.5016 605.5964 605.7206 605.8312 605.9012 605.9913 605.9126 605.8735 605.8297 605.8005 605.7947 605.8106
616.9279 615.7882 614.4255 612.9507 611.5441 610.2264 608.9894 607.8834 607.0297 606.4099 606.0063 605.8458 605.8904 605.9997 606.0178 605.9998 605.9727 606.0717 606.4226 606.491 606.4579 606.2056 606.0048 605.9995 605.9681 605.9617 605.9546 605.9548 605.9587 605.963 605.968 605.9753 605.9841 605.9926 605.9961 605.9979 606 606 606.0013 606.0027 606.0037 606.0035 606.0024 606.0017 606.0015 606 605.9913 605.9717 605.9324 605.8598 605.7505 605.6206 605.5006 605.4592 605.4525 605.5002 605.5824 605.6476 605.6953 605.7354 605.7087 605.7074 605.7001 605.7002 605.7151 605.7489
613.1346 612.0853 610.9089 609.7618 608.7697 607.9426 607.2219 606.6196 606.2344 605.9902 605.8656 605.899 605.9982 606.0138 605.9999 605.9677 606.0666 606.4227 606.5541 606.5005 606.4642 606.2892 606.1193 606.0499 606.0002 605.9999 605.9806 605.9764 605.9775 605.9801 605.9833 605.9875 605.9929 606 606 606 606.002 606.0026 606.0029 606.0038 606.0042 606.0037 606.0026 606.0011 606 605.9988 605.9939 605.9832 605.9591 605.8948 605.7842 605.6558 605.5483 605.4998 605.4691 605.4744 605.4999 605.5004 605.5008 605.5018 605.5027 605.5589 605.58 605.6066 605.6427 605.6968
609.8112 609.096 608.3596 607.7027 607.1966 606.8259 606.4492 606.1437 605.9919 605.8918 605.9007 605.9987 606.02 606.0018 605.9996 606.0654 606.4203 606.599 606.6046 606.5005 606.4351 606.3182 606.1939 606.1104 606.053 606.026 606.0001 606 606 606 606 606 606 606.0044 606.0052 606.0054 606.0052 606.0049 606.0033 606.0034 606.0034 606.0027 606.0016 606 605.9989 606 606 606 605.9999 605.9518 605.8378 605.7083 605.6017 605.538 605.5 605.4794 605.468 605.447 605.4296 605.425 605.4446 605.4996 605.5002 605.538 605.5851 605.6559
607.754 607.36 607.0256 606.7639 606.6053 606.4845 606.1637 605.9954 605.9111 605.8973 605.9446 606 606.0034 605.9998 606.066 606.4196 606.628 606.6902 606.6259 606.5002 606.4247 606.341 606.2485 606.1689 606.1072 606.0656 606.0361 606.0251 606.0198 606.0162 606.0134 606.0111 606.0096 606.0103 606.0096 606.0092 606.0062 606.0049 606 606 606 606 606 605.9992 606 606.0068 606.0139 606.0225 606.0251 605.9993 605.8767 605.7468 605.6417 605.5713 605.5269 605.5 605.4759 605.4479 605.424 605.4135 605.424 605.4519 605.465 605.4999 605.5411 605.6239
606.9927 606.7898 606.6119 606.5148 606.4994 606.4566 606.0317 605.9091 605.8997 605.9418 605.9997 606.0032 605.9999 606.0306 606.4072 606.6307 606.7415 606.738 606.64 606.5015 606.4402 606.3789 606.3024 606.2253 606.1588 606.1079 606.0718 606.0505 606.038 606.0297 606.0236 606.0193 606.0164 606.0132 606.0094 606.0084 606 606 605.9926 605.9907 605.9921 605.9946 605.9973 606 606.007 606.0126 606.0157 606.0198 606 605.9591 605.8653 605.759 605.6689 605.6028 605.5537 605.5211 605.5 605.4735 605.4476 605.4302 605.426 605.4331 605.442 605.4636 605.5003 605.5969
