backend/lakes/data/Reita Lake/reit_dem_tm.asc
ncols         170
nrows         117
xllcorner     793850
yllcorner     6003550
cellsize      50
NODATA_value  -9999
[rows 60 to 89 of 117, columns 66 to 131 of 170]
606.9974 606.8312 606.6699 606.5682 606.4979 606.3214 606.004 605.911 605.9408 605.9998 606.0377 606.0286 606.0117 606.2104 606.5054 606.7057 606.7875 606.768 606.6786 606.5692 606.5 606.4404 606.3605 606.2776 606.204 606.1451 606.1016 606.0719 606.0524 606.0387 606.0287 606.0224 606.0183 606.0104 606 606 605.9834 605.9742 605.969 605.9706 605.9767 605.9845 605.9924 606 606.0128 606.0111 606 605.9999 605.9601 605.9135 605.85 605.7749 605.7092 605.6543 605.5938 605.5447 605.516 605.5 605.4779 605.4573 605.4423 605.4364 605.4395 605.4575 605.4999 605.5866
607.0464 606.9962 606.8541 606.6995 606.4984 606.2502 606.0014 605.9397 605.9995 606.0643 606.1351 606.196 606.2813 606.4844 606.6501 606.7692 606.8131 606.7854 606.71 606.6228 606.556 606.4995 606.4077 606.3165 606.2363 606.1713 606.1218 606.0859 606.0602 606.0411 606.0266 606.017 606.0142 606 605.9792 605.9628 605.9433 605.9319 605.9307 605.9385 605.9515 605.9666 605.9828 606 606.016 606 605.967 605.9404 605.9075 605.8879 605.8766 605.841 605.8066 605.7674 605.6731 605.5853 605.5314 605.509 605.5 605.4832 605.4633 605.4517 605.4523 605.4673 605.5002 605.5842
607.0626 607.0699 606.9997 606.8368 606.507 606.2201 606.0006 605.9449 606.0001 606.108 606.243 606.3738 606.4979 606.6356 606.7414 606.8066 606.8197 606.7835 606.715 606.6379 606.5688 606.5002 606.4192 606.3313 606.2502 606.1825 606.1298 606.0902 606.0598 606.0358 606.016 606 605.9999 605.9744 605.9427 605.9138 605.8903 605.8789 605.8818 605.8958 605.915 605.9354 605.9568 605.9802 605.9998 605.9619 605.9175 605.8864 605.8765 605.9132 605.9998 606.0256 606.0272 606.0056 605.8243 605.6644 605.5643 605.5182 605.5045 605.5 605.4802 605.4703 605.4763 605.4999 605.535 605.6046
607.0416 607.0869 607.0736 606.963 606.5271 606.214 606.0005 605.9446 606.0004 606.132 606.3263 606.496 606.6128 606.7134 606.7816 606.8123 606.8026 606.7574 606.6901 606.6182 606.5547 606.4996 606.4137 606.3256 606.245 606.177 606.1237 606.0836 606.0502 606.0228 606 605.9772 605.9627 605.9333 605.896 605.8599 605.8328 605.8214 605.8274 605.8455 605.8674 605.8876 605.9039 605.9158 605.918 605.8921 605.8668 605.863 605.8975 606.0154 606.2637 606.4608 606.4866 606.4301 606.0736 605.8094 605.6406 605.5508 605.5116 605.5 605.4862 605.4851 605.5 605.5316 605.5751 605.6381
607.0001 607.0431 607.0005 606.8508 606.5082 606.2142 606.0008 605.9392 605.9986 606.1162 606.3726 606.506 606.6514 606.7407 606.7834 606.7893 606.7625 606.7083 606.6381 606.5656 606.5002 606.4468 606.375 606.2964 606.2206 606.1541 606.1021 606.0659 606.0303 606 605.9738 605.9505 605.9309 605.8954 605.8516 605.8092 605.778 605.7656 605.7726 605.7922 605.8135 605.8289 605.8358 605.8352 605.8297 605.8234 605.8395 605.9002 606.0167 606.255 606.4911 606.6242 606.6949 606.6929 606.4774 606.0708 605.7966 605.6332 605.54 605.5 605.4897 605.5 605.5279 605.5701 605.6216 605.6827
606.9976 606.9991 606.9071 606.7498 606.5013 606.2251 606.0006 605.9013 605.9115 606.0343 606.468 606.6198 606.7095 606.7519 606.7605 606.7443 606.7045 606.6431 606.5708 606.5001 606.4404 606.3854 606.3217 606.2516 606.1805 606.1145 606.0626 606.0382 605.9999 605.9702 605.9603 605.9453 605.9307 605.881 605.824 605.7715 605.7339 605.7178 605.723 605.741 605.7588 605.7676 605.765 605.7553 605.7494 605.7651 605.8346 605.9987 606.2743 606.491 606.5675 606.616 606.7527 606.9038 606.9208 606.514 606.0662 605.7845 605.6014 605.515 605.5 605.5188 605.563 605.6186 605.6775 605.7385
606.9473 606.8813 606.7715 606.644 606.491 606.2295 606.0008 605.8783 605.8685 606.0105 606.4236 606.6238 606.7067 606.7192 606.7053 606.6783 606.6355 606.5705 606.5001 606.4369 606.379 606.3229 606.2629 606.1984 606.1301 606.0607 606.0003 605.9993 605.9578 605.957 605.9998 606.0015 605.9991 605.9114 605.829 605.7573 605.7077 605.6843 605.6839 605.6968 605.7089 605.7102 605.6996 605.6839 605.679 605.7089 605.8077 606.0266 606.4651 606.569 606.532 606.5034 606.7319 607.0291 607.1695 606.9371 606.4548 605.9835 605.6775 605.5372 605.5103 605.545 605.6105 605.6819 605.7452 605.8044
606.8542 606.7437 606.6127 606.5019 606.3903 606.1954 605.9988 605.8702 605.8304 605.8921 606.0778 606.4713 606.6172 606.6284 606.6133 606.594 606.5642 606.5002 606.4381 606.3774 606.3184 606.2599 606.2006 606.1392 606.0721 605.9992 605.9234 605.9089 605.9255 606.0043 606.1556 606.1995 606.1688 606.0082 605.8822 605.7753 605.7056 605.6704 605.6604 605.6642 605.6678 605.6616 605.6447 605.6255 605.6234 605.6664 605.7866 606.0264 606.4839 606.5519 606.4998 606.5111 606.8403 607.3799 607.5104 607.2485 606.7022 606.0699 605.7229 605.5681 605.5451 605.5962 605.6804 605.7654 605.8254 605.877
606.7526 606.6344 606.5019 606.4489 606.3572 606.1924 606.0032 605.8994 605.8577 605.8981 606.0071 606.3099 606.4962 606.5012 606.5002 606.5002 606.4995 606.4436 606.3816 606.32 606.2584 606.1962 606.1338 606.0722 605.9991 605.9095 605.8597 605.8969 606.0249 606.2334 606.4907 606.5327 606.4836 606.2466 605.9939 605.8231 605.7292 605.6807 605.6579 605.6483 605.6398 605.6246 605.6025 605.5818 605.5839 605.6455 605.7993 606.054 606.4824 606.5001 606.4493 606.5831 607.1495 607.7436 608.0354 607.7119 607.0174 606.2761 605.8352 605.6509 605.6309 605.6886 605.7792 605.8727 605.9132 605.9471
606.6782 606.6011 606.5288 606.4996 606.4172 606.2778 606.1172 605.9996 605.9413 605.9985 606.064 606.2329 606.3651 606.4005 606.4109 606.4148 606.4093 606.3707 606.3185 606.2611 606.1996 606.1332 606.0636 605.9993 605.9122 605.8535 605.8834 606.0544 606.405 606.5909 606.9376 606.976 606.7917 606.4533 606.0359 605.8701 605.7776 605.7195 605.681 605.6533 605.6268 605.5994 605.5726 605.549 605.5494 605.6306 605.8513 606.1989 606.481 606.4999 606.522 606.9169 607.54 608.2996 608.9587 608.605 607.5543 606.5786 606.0136 605.7965 605.7809 605.826 605.8974 605.9978 606.0002 606.0004
606.6208 606.5852 606.5524 606.5367 606.4995 606.3964 606.2568 606.1109 606.0018 606.0358 606.0944 606.1922 606.2764 606.3146 606.3289 606.3314 606.3224 606.2936 606.2521 606.2028 606.1461 606.0798 606.0005 605.9272 605.8691 605.8891 606.056 606.4292 606.7429 606.9876 607.1946 607.1964 606.9816 606.5517 606.1964 605.9987 605.8774 605.7947 605.7328 605.6827 605.6306 605.5837 605.5524 605.5222 605.4999 605.5646 605.7933 606.0743 606.4772 606.5072 606.7294 607.2271 607.9944 609.0259 610.0477 609.5735 608.1887 606.938 606.2662 606.0052 605.9955 605.9984 606.0021 606.0717 606.0991 606.1055
606.5677 606.5573 606.5449 606.54 606.5425 606.4998 606.4002 606.2523 606.1329 606.1064 606.1259 606.1732 606.2193 606.2451 606.2545 606.2532 606.2423 606.2191 606.1863 606.1474 606.1016 606.0514 605.9991 605.9138 605.9097 606.0623 606.4289 606.7428 607.0172 607.2589 607.369 607.3329 607.124 606.7578 606.38 606.1404 605.999 605.8935 605.8075 605.739 605.65 605.5688 605.5351 605.4995 605.4431 605.5078 605.8574 606.2424 606.5192 606.6458 606.95 607.4858 608.3858 609.651 610.7189 610.1669 608.5786 607.2043 606.5121 606.2571 606.2288 606.1862 606.165 606.2021 606.2562 606.2667
606.5001 606.4999 606.4999 606.5002 606.5452 606.5482 606.4984 606.3508 606.2258 606.1641 606.1493 606.1611 606.1786 606.1885 606.1887 606.1818 606.1696 606.1494 606.1219 606.0923 606.0508 605.9998 605.9407 605.9048 606.0091 606.4103 606.702 606.9874 607.2861 607.4931 607.5019 607.4366 607.2512 606.9557 606.5073 606.2523 606.1034 605.9988 605.8978 605.8333 605.6908 605.5404 605.4992 605.4333 605.4025 605.5132 605.9776 606.4536 606.6211 606.7402 607.0435 607.7297 608.9047 610.454 611.5226 610.3175 608.6071 607.3224 606.7369 606.5042 606.4871 606.3766 606.335 606.3641 606.4878 606.5145
606.3696 606.392 606.4141 606.4448 606.4992 606.4998 606.4479 606.3411 606.2407 606.1774 606.1491 606.1422 606.1421 606.1392 606.1302 606.1169 606.1047 606.0866 606.0597 606.0414 605.9999 605.9437 605.8982 605.9017 606.0345 606.4713 606.812 607.0941 607.4814 607.6414 607.6171 607.4991 607.288 606.9827 606.5389 606.3427 606.2098 606.1078 606.0079 605.9902 605.7838 605.514 605.4337 605.3834 605.4049 605.5269 605.9941 606.4805 606.668 606.8492 607.2672 608.1553 609.5095 611.0751 611.7708 610.2501 608.5527 607.4713 606.9586 606.7015 606.605 606.5044 606.4982 606.5143 606.7262 606.935
606.2132 606.2528 606.2847 606.3175 606.3522 606.3541 606.3193 606.2549 606.1902 606.1446 606.1202 606.1094 606.1027 606.0931 606.0776 606.0569 606.0487 606.0348 606.0002 605.9998 605.9565 605.9199 605.9205 606.0032 606.2172 606.5366 606.9766 607.4221 607.6862 607.7651 607.6827 607.502 607.2771 606.9973 606.6741 606.4957 606.3619 606.2942 606.2383 606.1606 605.9914 605.7181 605.4966 605.4015 605.4952 605.6456 606.011 606.474 606.6935 606.9696 607.541 608.6508 610.1852 611.594 611.7187 610.0881 608.4445 607.4816 607.012 606.836 606.7502 606.7102 606.7395 606.7773 606.9857 607.2515
606.075 606.1136 606.1371 606.1561 606.1718 606.173 606.1576 606.1298 606.101 606.0796 606.0676 606.0615 606.0565 606.0481 606.0323 606.0001 605.9999 605.9996 605.9613 605.9498 605.928 605.9366 606.002 606.1855 606.4634 606.7039 607.054 607.5207 607.8184 607.8601 607.7263 607.5013 607.2574 606.9995 606.7522 606.5951 606.502 606.5001 606.4887 606.3556 606.2201 605.96 605.5592 605.3945 605.5042 605.7507 606.0748 606.4847 606.739 607.0962 607.9365 609.3928 611.1501 612.4167 611.8972 610.0696 608.4027 607.4945 607.1131 606.9948 606.9056 606.9045 606.9891 607.0045 607.2188 607.6083
605.9991 606.0002 606.0001 606.0001 606.0004 606.0004 606.0003 606.0001 606 605.9999 605.9999 605.9999 605.9999 606 605.9998 605.9648 605.9413 605.9269 605.9158 605.9347 605.9366 606.0001 606.126 606.3197 606.5208 606.8492 607.2695 607.7447 607.9957 607.9544 607.7601 607.5007 607.2415 606.9983 606.8046 606.6973 606.6676 606.7095 606.6854 606.545 606.4821 606.235 605.8887 605.5266 605.6882 606.0117 606.4122 606.6382 606.9421 607.5 608.6799 610.4966 612.4391 613.4346 612.3788 610.259 608.4868 607.5706 607.2415 607.0889 607.0002 606.9998 607.0814 607.2134 607.5471 608.1769
605.9092 605.9031 605.8922 605.8838 605.8796 605.8807 605.8872 605.8982 605.9113 605.9215 605.9231 605.9211 605.9237 605.9344 605.9407 605.9415 605.9186 605.9041 605.9183 605.998 606.0041 606.1104 606.2654 606.4858 606.6655 606.9969 607.4828 607.9668 608.1008 608 607.7698 607.4979 607.2433 607.0045 606.8661 606.8177 606.8469 606.9866 607.0264 606.9577 606.7628 606.4753 606.065 605.8073 605.9795 606.2545 606.5032 606.727 607.1055 607.9968 609.6026 611.7274 613.6446 614.3525 612.8903 610.5287 608.6953 607.7944 607.4594 607.2242 607.1088 607.1006 607.2295 607.5076 608.0295 608.8842
605.8646 605.8439 605.8254 605.814 605.8094 605.8117 605.8206 605.8361 605.8572 605.877 605.8765 605.8691 605.8766 605.9122 605.9327 605.9985 606.0019 606.0169 606.0317 606.1577 606.2144 606.2813 606.3643 606.5042 606.7072 607.0126 607.5081 607.9895 608.1073 607.9988 607.7697 607.5078 607.3202 607.1246 607.0032 606.9965 607.0413 607.2628 607.462 607.2845 607.0375 606.7485 606.4215 606.0706 606.1992 606.4731 606.6318 606.9355 607.5389 608.8155 610.7894 612.9847 614.5228 614.6046 613.0409 610.6624 608.9106 607.954 607.5109 607.3287 607.2546 607.272 607.5071 607.9668 608.7062 609.844
605.8872 605.8397 605.8127 605.8015 605.7981 605.8007 605.809 605.8251 605.8544 605.8959 605.8938 605.8824 605.8995 605.9955 606.0287 606.1597 606.2665 606.4451 606.4744 606.4948 606.4956 606.4965 606.5023 606.6155 606.7929 607.0366 607.5032 607.9796 608.095 608.0026 607.831 607.6295 607.4905 607.3201 607.2435 607.2776 607.4436 607.5927 607.8959 607.6027 607.4271 607.0603 606.736 606.4692 606.3876 606.5007 606.7027 607.1263 608.1194 609.8695 612.1314 614.1912 615.1932 614.7811 612.9986 610.6139 608.9374 608.002 607.6038 607.497 607.488 607.5458 607.9489 608.6022 609.6028 610.9672
605.996 605.8969 605.8656 605.8586 605.8576 605.8594 605.8643 605.8747 605.9069 605.9977 606.0002 605.9986 606.0302 606.2164 606.4449 606.5066 606.5367 606.6801 606.7372 606.7416 606.6888 606.6593 606.6774 606.8013 606.9927 607.2313 607.5831 607.9946 608.1567 608.1583 608.0198 607.7886 607.6078 607.5 607.4926 607.536 607.7335 607.9928 608.1755 608.0085 607.7565 607.4168 606.9825 606.6589 606.5008 606.5806 606.9119 607.5994 609.0545 611.2695 613.6467 615.4149 615.8912 614.9633 612.9147 610.4783 608.8648 608.0289 607.7363 607.688 607.7335 607.9795 608.5422 609.4694 610.7669 612.2318
606.1846 606.0124 605.9992 606.0004 606.0009 606.0008 606.0002 605.9989 606.0093 606.1567 606.2031 606.2606 606.4474 606.5815 606.9266 606.9954 606.9935 607.0159 607.0226 606.9878 606.8568 606.8125 606.8429 606.9965 607.187 607.4849 607.9172 608.1671 608.3524 608.5175 608.4894 608.0956 607.7971 607.7084 607.761 607.9369 608.0862 608.4603 608.6085 608.4739 608.0544 607.5668 607.082 606.7836 606.6226 606.7059 607.1213 608.2029 610.1948 612.8243 615.206 616.5887 616.516 615.1699 612.7966 610.3333 608.8364 608.1921 608.0082 607.9797 608.0115 608.4169 609.2254 610.4991 612.0103 613.3104
606.4755 606.2896 606.2417 606.2373 606.2377 606.2349 606.2275 606.2257 606.2764 606.4674 606.5137 606.5763 606.9136 607.0694 607.4306 607.5031 607.5021 607.4995 607.4638 607.2418 607.0374 606.9957 607.0103 607.1845 607.3153 607.5392 607.973 608.2954 608.6224 609.0904 609.2324 608.6677 608.1146 608.0006 608.0275 608.2239 608.5559 609.0671 609.329 609.0988 608.5288 607.9352 607.4136 606.9866 606.7905 606.9438 607.5364 609.0339 611.5271 614.4457 616.7021 617.65 617.08 615.3669 612.7897 610.3542 609.1067 608.5872 608.4522 608.2521 608.2552 608.7383 609.8431 611.3586 612.9606 614.0594
606.679 606.5103 606.4935 606.4954 606.4957 606.495 606.4933 606.4965 606.5358 606.7347 606.9557 607.0602 607.4149 607.5688 607.9251 608.0127 608.0337 608.0082 607.9348 607.585 607.4387 607.2791 607.2885 607.4712 607.5103 607.7121 608.0284 608.4813 609.0814 609.7685 609.8351 609.1553 608.6114 608.4661 608.4584 608.5737 609.0471 609.627 609.8306 609.7162 608.9463 608.123 607.489 607.0153 606.8663 607.0475 607.9267 609.9179 612.8889 615.9221 617.9946 618.4838 617.5872 615.6226 612.9321 610.5455 609.5939 609.2148 608.9528 608.5174 608.4673 609.0894 610.3044 611.9564 613.6157 614.697
606.9881 606.7719 606.7058 606.6929 606.6857 606.6895 606.7213 606.8253 606.9582 607.0652 607.3954 607.5483 607.9021 608.0616 608.4243 608.5891 608.6739 608.5453 608.4047 608.0131 607.7139 607.5311 607.5256 607.6628 607.7534 607.9705 608.2207 608.6583 609.4043 610.0306 610.0669 609.5672 609.1573 608.856 608.7518 608.9685 609.5076 609.9814 610.0423 609.8865 609.2544 608.2914 607.5247 607.066 606.9962 607.2491 608.3436 610.714 613.9634 617.0453 618.9803 619.1888 618.1002 615.9894 613.2319 610.8901 610.173 609.7262 609.1255 608.7052 608.6053 609.3399 610.7307 612.4722 614.0521 614.9504
607.4088 607.0651 607.0179 607.0143 606.9969 607.0087 607.0562 607.2467 607.4258 607.5025 607.751 608.0129 608.3867 608.6223 609.0521 609.3701 609.4297 609.1364 608.7591 608.4034 608.0578 608.0078 607.981 607.9986 608.0187 608.1796 608.486 609.005 609.7189 610.3529 610.3394 609.932 609.6476 609.1777 608.9471 609.2497 609.9875 610.4321 610.4429 610.0712 609.3585 608.3287 607.5067 607.0144 606.9371 607.371 608.6976 611.296 614.6481 617.693 619.5133 619.8066 618.6097 616.4376 613.6744 611.3114 610.5952 609.6354 609.0516 608.9719 609.061 609.8497 611.2603 612.8871 614.1613 614.8901
607.7053 607.5144 607.6081 607.6453 607.5961 607.6561 607.7235 607.8771 607.9827 608.0762 608.3484 608.7002 609.1216 609.5197 610.0671 610.4233 610.4619 609.9913 609.1948 608.7318 608.532 608.6184 608.4841 608.451 608.4485 608.5172 608.84 609.4739 610.2859 610.8668 610.6295 610.0665 609.9153 609.441 609.1799 609.7753 610.6109 610.9832 610.9556 610.4243 609.4662 608.3355 607.4778 606.9612 606.8964 607.4632 608.969 611.6652 614.9772 617.909 619.6563 619.9231 618.8975 616.8597 614.1487 611.539 610.0414 609.1837 609.0923 609.2955 609.5751 610.372 611.813 613.2601 614.0966 614.376
608.0294 608.0704 608.3342 608.5572 608.6157 608.6761 608.7217 608.8011 608.9091 609.0972 609.5086 610.0062 610.5138 611.0651 611.6792 612.0415 611.904 611.0704 609.9528 609.3426 609.1547 609.0679 608.9042 608.8846 608.9756 609.1088 609.424 610.0742 610.8608 611.1132 610.7963 610.1029 610.0001 609.9231 609.7494 610.1367 610.8649 611.3419 611.418 610.8785 609.6682 608.389 607.4832 606.9741 606.916 607.5366 609.159 611.9058 615.0851 617.8096 619.3983 619.7315 618.9282 617.0806 614.5227 611.9136 610.1709 609.3694 609.47 609.8297 610.1033 610.8727 612.2692 613.5775 614.03 614.0131
608.8961 609.1721 609.6464 610.1205 610.347 610.3912 610.3857 610.3973 610.4351 610.6882 611.1826 611.8286 612.4733 613.108 613.724 614.0169 613.6683 612.6204 611.3724 610.6767 610.4578 610.1256 609.787 609.8208 610.0897 610.3273 610.7216 611.257 611.6774 611.3933 610.6876 610.1434 609.9985 609.9852 610.1251 610.5282 611.1468 611.7017 611.9673 611.5012 610.052 608.5738 607.6004 607.126 607.0415 607.6522 609.3455 612.0928 615.1479 617.6426 619.0618 619.3932 618.7766 617.0325 614.5834 612.0774 610.3373 609.5884 609.8817 610.2175 610.5881 611.3022 612.5353 613.7197 614.0016 613.9136
610.7086 611.1685 611.8094 612.4271 612.7421 612.754 612.5981 612.4869 612.4356 612.6245 613.1204 613.8434 614.584 615.2682 615.826 615.9693 615.439 614.3443 613.2054 612.5343 612.3169 611.9058 611.5606 611.7296 612.1635 612.438 612.6697 612.834 612.7114 611.991 610.9857 610.3103 610.0099 610.0872 610.6482 610.9174 611.4634 612.0943 612.5903 612.2422 610.6323 608.9318 607.9014 607.4296 607.2755 607.8591 609.6134 612.3717 615.3234 617.6335 618.8667 619.0415 618.5316 616.7566 614.3382 611.9913 610.4221 609.7982 610.1224 610.5616 611.0108 611.6968 612.7142 613.8011 614.1154 614.0219
