backend/lakes/data/Reita Lake/reit_dem_tm.asc
ncols         170
nrows         117
xllcorner     793850
yllcorner     6003550
cellsize      50
NODATA_value  -9999
[rows 60 to 89 of 117, columns 0 to 65 of 170]
-9999 -9999 -9999 -9999 -9999 -9999 -9999 -9999 -9999 -9999 -9999 -9999 -9999 -9999 -9999 -9999 -9999 -9999 -9999 -9999 -9999 -9999 -9999 -9999 -9999 -9999 -9999 -9999 -9999 -9999 -9999 -9999 -9999 -9999 -9999 -9999 633.1364 632.191 630.9418 629.4689 627.8213 626.0611 624.2649 622.5298 620.8901 619.3927 617.8636 616.1321 614.2806 612.6707 611.5925 610.9731 610.6396 610.5328 610.3918 609.5652 608.7852 608.233 607.9686 607.7177 607.4498 607.1641 607.0413 606.9963 606.9451 606.9998
-9999 -9999 -9999 -9999 -9999 -9999 -9999 -9999 -9999 -9999 -9999 -9999 -9999 -9999 -9999 -9999 -9999 -9999 -9999 -9999 -9999 -9999 -9999 -9999 -9999 -9999 -9999 -9999 -9999 -9999 634.1161 632.7994 631.8716 631.2864 630.9071 630.5311 629.9033 628.8886 627.4911 625.7992 623.9467 622.0863 620.3109 618.6924 617.2679 616.2319 615.1694 613.9009 612.3137 610.7939 609.806 609.3729 609.3898 609.3888 609.1768 608.5872 608.0363 607.7086 607.5903 607.48 607.2441 607.0546 606.9996 606.9706 606.9997 607.0272
-9999 -9999 -9999 -9999 -9999 -9999 -9999 -9999 -9999 -9999 -9999 -9999 -9999 -9999 -9999 -9999 -9999 -9999 -9999 -9999 -9999 -9999 -9999 -9999 -9999 -9999 -9999 635.801 634.2723 632.7662 631.2425 629.8281 628.7752 628.1132 627.7009 627.2855 626.5798 625.4312 623.8467 621.9301 619.9398 618.1554 616.6512 615.4046 614.4189 613.7004 613.0223 612.2123 610.8679 609.5306 608.685 608.5819 608.7734 608.7971 608.5388 608.0743 607.7262 607.5439 607.4954 607.3571 607.1765 607.0453 606.9999 606.9802 607 607.0264
-9999 -9999 -9999 -9999 -9999 -9999 -9999 -9999 -9999 -9999 -9999 -9999 -9999 -9999 -9999 -9999 -9999 -9999 -9999 -9999 -9999 -9999 -9999 -9999 -9999 635.0576 633.6711 632.3276 631.0146 629.6271 628.0928 626.6037 625.4859 624.7971 624.3565 623.8539 623.0212 621.7366 620.0289 617.9914 616.0305 614.5353 613.4071 612.5825 612.0042 611.5794 611.1677 610.668 609.6653 608.6902 608.0837 608.1171 608.4055 608.5127 608.3242 607.9922 607.6706 607.5005 607.4018 607.2756 607.1432 607.0466 607 606.985 606.9879 607.0001
-9999 -9999 -9999 -9999 -9999 -9999 -9999 -9999 -9999 -9999 -9999 -9999 -9999 -9999 -9999 -9999 -9999 -9999 -9999 -9999 -9999 -9999 -9999 -9999 632.562 631.4207 630.1882 628.9346 627.6337 626.1835 624.552 622.9824 621.8453 621.1699 620.7305 620.1661 619.2517 617.9586 616.3562 614.437 612.7866 611.5704 610.798 610.3415 610.0748 609.866 609.6047 609.278 608.7152 608.2236 607.8604 607.83 608.12 608.3135 608.2406 607.9931 607.6508 607.494 607.3422 607.2176 607.119 607.0521 607.0159 607 606.9891 606.99
-9999 -9999 -9999 -9999 -9999 -9999 -9999 -9999 -9999 -9999 -9999 -9999 -9999 -9999 -9999 -9999 -9999 -9999 -9999 -9999 -9999 -9999 -9999 629.8887 629.1701 628.1674 626.95 625.5795 624.0673 622.3986 620.616 618.9828 617.8941 617.2882 616.9064 616.3795 615.5675 614.6066 613.6531 612.1802 610.7512 609.6882 609.1321 608.9144 608.8487 608.7725 608.6284 608.5236 608.3455 608.1705 607.9653 607.881 607.9914 608.1488 608.1646 607.9798 607.5372 607.3683 607.244 607.1504 607.09 607.052 607.0298 607.0151 607 607.0013
-9999 -9999 -9999 -9999 -9999 -9999 -9999 -9999 -9999 -9999 -9999 -9999 -9999 -9999 -9999 -9999 -9999 -9999 -9999 -9999 -9999 -9999 627.0906 626.7732 626.2154 625.2185 623.8203 622.1265 620.2732 618.3611 616.528 614.9658 613.9938 613.4942 613.2473 612.9343 612.548 612.4326 613.0703 612.165 610.8281 609.6028 608.7386 608.503 608.4999 608.5007 608.537 608.5247 608.4534 608.3948 608.2964 608.1381 608.0817 608.1135 608.0946 607.9655 607.5237 607.3008 607.1631 607.0813 607.0537 607.0403 607.0326 607.0278 607.0221 606.9999
-9999 -9999 -9999 -9999 -9999 -9999 -9999 -9999 -9999 -9999 -9999 -9999 -9999 -9999 -9999 -9999 -9999 -9999 -9999 -9999 -9999 624.5674 624.29 624.1193 623.5664 622.393 620.6354 618.534 616.4338 614.5002 612.9165 611.6733 610.8561 610.4291 610.3461 610.444 610.5957 611.1265 612.1176 612.3691 611.4905 610.3833 609.4935 609.0632 608.9198 608.9058 608.9584 608.9434 608.838 608.7432 608.6177 608.4488 608.2622 608.1332 608.0047 607.8364 607.5081 607.2574 607.0901 607.0006 606.9996 606.9999 606.9999 607 606.9996 606.9423
-9999 -9999 -9999 -9999 -9999 -9999 -9999 -9999 -9999 -9999 -9999 -9999 -9999 -9999 -9999 -9999 -9999 -9999 -9999 -9999 -9999 622.2585 622.0057 621.7849 621.0434 619.5623 617.4271 615.1309 613.167 611.559 610.4526 609.5958 608.9606 608.5974 608.6064 608.9407 609.3968 610.1317 611.1345 611.8092 611.7825 611.1051 610.389 609.91 609.6552 609.5541 609.5112 609.4135 609.2396 609.0511 608.8169 608.5862 608.3691 608.1691 607.9882 607.7426 607.4788 607.187 607.0002 606.9093 606.8949 606.8992 606.9042 606.9041 606.8918 606.84
-9999 -9999 -9999 -9999 -9999 -9999 -9999 -9999 -9999 -9999 -9999 -9999 -9999 -9999 -9999 -9999 -9999 -9999 -9999 -9999 621.2814 620.5386 620.1323 619.6251 618.5392 616.752 614.4754 612.3617 610.7025 609.6185 608.946 608.4363 607.9805 607.6681 607.6611 608.1067 608.7416 609.4945 610.3586 611.0797 611.4126 611.3201 610.9474 610.5592 610.288 610.104 609.8906 609.6407 609.389 609.1139 608.8093 608.5132 608.2451 608.0024 607.7708 607.5057 607.2516 607.0054 606.8591 606.7822 606.7655 606.7697 606.7747 606.7731 606.7617 606.734
-9999 -9999 -9999 -9999 -9999 -9999 -9999 -9999 -9999 -9999 -9999 -9999 -9999 -9999 -9999 -9999 -9999 -9999 -9999 621.0037 619.9465 619.1228 618.4475 617.5107 616.0251 614.0358 611.9335 610.2371 609.1334 608.4729 608.159 607.9451 607.6547 607.3866 607.3586 607.6674 608.3263 609.0496 609.762 610.3948 610.8109 610.9807 610.9669 610.7352 610.5038 610.2414 609.6717 609.4426 609.2203 608.9428 608.6212 608.2968 608.0066 607.7545 607.5013 607.2432 607.0051 606.8223 606.7107 606.6399 606.6287 606.6326 606.6353 606.6328 606.6283 606.6378
-9999 -9999 -9999 -9999 -9999 -9999 -9999 -9999 -9999 -9999 -9999 -9999 -9999 -9999 -9999 -9999 -9999 -9999 620.9111 619.723 618.5928 617.6727 616.6961 615.3943 613.6478 611.7169 610.1694 609.0187 608.3892 607.9901 607.9038 607.9124 607.7439 607.5246 607.4736 607.6722 608.0409 608.4975 609.048 609.6146 610.0236 610.2478 610.3416 610.319 610.206 609.9573 609.5114 609.1851 608.9344 608.6473 608.3271 608.013 607.7479 607.4974 607.2419 607.0027 606.8016 606.655 606.5829 606.5017 606.4995 606.4999 606.4999 606.4998 606.5013 606.5581
-9999 -9999 -9999 -9999 -9999 -9999 -9999 -9999 -9999 -9999 -9999 -9999 -9999 -9999 -9999 -9999 -9999 620.8181 619.605 618.2707 617.0338 616.0319 614.8335 613.3652 611.7466 610.2094 609.2381 608.6858 608.3997 608.0455 608.035 608.1846 608.0184 607.8192 607.7863 607.876 607.9955 608.0146 608.2128 608.6669 609.0007 609.2106 609.3669 609.5164 609.5706 609.4621 609.1904 608.901 608.6255 608.3199 608.0158 607.7494 607.4979 607.2446 607.0002 606.8029 606.6312 606.5035 606.496 606.4113 606.3767 606.3669 606.3698 606.3853 606.4227 606.498
-9999 -9999 -9999 -9999 -9999 -9999 -9999 -9999 -9999 -9999 -9999 -9999 -9999 -9999 -9999 -9999 620.8089 619.6094 618.1307 616.61 615.2936 614.2388 613.0546 611.6812 610.5223 609.6408 609.0966 608.9219 608.6697 608.4161 608.4196 608.6792 608.2693 608.0001 608 607.9953 607.848 607.7155 607.7508 607.9607 608.0691 608.1339 608.2801 608.5814 608.7479 608.776 608.6787 608.5142 608.2977 607.9915 607.7491 607.5027 607.2468 606.9947 606.7628 606.6351 606.4996 606.3857 606.3351 606.2727 606.2407 606.2317 606.2367 606.2546 606.2894 606.3403
-9999 -9999 -9999 -9999 -9999 -9999 -9999 -9999 -9999 -9999 -9999 -9999 -9999 -9999 -9999 -9999 619.9724 618.3828 616.5798 614.8712 613.4735 612.3694 611.3439 610.6656 610.0932 609.9606 609.9094 609.8634 609.5853 609.2525 609.0385 609.2682 608.3568 607.9248 607.7939 607.7305 607.6166 607.5098 607.489 607.5491 607.5753 607.5229 607.594 607.9161 608.0122 608.0351 608.0341 608.0173 607.9286 607.5908 607.4534 607.244 606.9659 606.7249 606.5148 606.4942 606.3774 606.262 606.1812 606.1248 606.1064 606.1036 606.1078 606.118 606.1351 606.1625
-9999 -9999 -9999 -9999 -9999 -9999 -9999 -9999 -9999 -9999 -9999 -9999 -9999 -9999 -9999 620.8486 619.3572 617.3475 615.2119 613.3278 611.8678 610.8401 610.3323 610.3478 610.7154 611.1633 611.5244 611.6473 611.4805 611.0193 610.2715 609.6022 608.7036 608.08 607.7904 607.6622 607.6039 607.5602 607.5212 607.4939 607.4994 607.4055 607.3869 607.4968 607.5099 607.4942 607.4803 607.4922 607.4687 607.2537 607.0238 606.9068 606.5712 606.4924 606.3823 606.3425 606.257 606.1509 606.0559 606.0003 605.9999 605.9999 605.9999 605.9999 605.9998 606.002
-9999 -9999 -9999 -9999 -9999 -9999 -9999 -9999 -9999 -9999 -9999 -9999 -9999 -9999 -9999 620.6464 618.9763 616.6674 614.2797 612.2534 610.7885 610.0353 610.0941 610.8901 611.9824 613.0629 613.8555 614.2117 614.1788 613.6968 612.6599 611.3578 610.0595 609.0687 608.4836 608.1989 608.1322 608.0913 607.9557 607.7295 607.6071 607.4946 607.3832 607.329 607.2349 607.122 607.0219 607.0131 607.0024 606.9024 606.5727 606.5027 606.3737 606.3378 606.2969 606.2638 606.1983 606.103 606.0004 605.9484 605.9474 605.9297 605.9238 605.9163 605.9186 605.9385
-9999 -9999 -9999 -9999 -9999 -9999 -9999 -9999 -9999 -9999 -9999 -9999 -9999 -9999 -9999 620.4625 618.7964 616.3595 613.8652 611.7952 610.3641 610.0775 610.7881 612.1318 613.7738 615.3458 616.5098 617.0894 617.2107 616.8268 615.7606 614.1935 612.5035 611.1299 610.2316 609.7327 609.5596 609.3791 608.9249 608.3242 607.9604 607.6774 607.4967 607.3521 607.1759 607.0025 606.9005 606.7924 606.6455 606.5128 606.376 606.3425 606.3097 606.304 606.2946 606.2758 606.2319 606.1614 606.0754 606.0032 605.999 605.9288 605.9129 605.8842 605.8793 605.8862
-9999 -9999 -9999 -9999 -9999 -9999 -9999 -9999 -9999 -9999 -9999 -9999 -9999 -9999 620.7595 620.2274 618.5542 616.2119 613.8738 612.0189 610.8977 611.0282 612.1328 613.8672 615.847 617.6935 619.1 619.8671 620.1385 619.8964 618.9406 617.3803 615.6192 614.0679 612.9573 612.2404 611.8483 611.4203 610.6047 609.5004 608.6198 608.0156 607.6865 607.4843 607.2675 607.1014 606.9952 606.8038 606.5139 606.4008 606.3649 606.3652 606.3668 606.3719 606.373 606.3664 606.3467 606.3127 606.2692 606.2249 606.1723 606.0132 605.9974 605.9146 605.8966 605.8709
-9999 -9999 -9999 -9999 -9999 -9999 -9999 -9999 -9999 -9999 -9999 -9999 -9999 -9999 -9999 619.5302 618.046 616.0835 614.2498 612.8981 612.2732 612.6555 613.9775 615.8931 617.995 619.9276 621.4179 622.2766 622.6559 622.5471 621.7417 620.3423 618.7236 617.1999 615.9954 615.1109 614.4788 613.8375 612.7842 611.1956 609.5977 608.5179 607.9159 607.5251 607.3538 607.2072 607.1047 606.9794 606.677 606.5038 606.4979 606.4992 606.4995 606.4996 606.4997 606.4997 606.4996 606.4993 606.499 606.4991 606.4797 606.2932 606.1907 606.0144 605.9969 605.9119
-9999 -9999 -9999 -9999 -9999 -9999 -9999 -9999 -9999 -9999 -9999 -9999 -9999 -9999 -9999 618.7773 617.5025 616.1003 615.0042 614.3317 614.1659 614.7548 616.1603 618.0676 620.0968 621.9418 -9999 -9999 624.5786 624.533 623.8583 622.688 621.2773 619.8593 618.598 617.5668 616.7651 615.9938 614.9563 613.0818 610.8743 609.1448 608.152 607.7018 607.4868 607.27 607.1262 607.0002 606.8134 606.6837 606.6494 606.6385 606.6329 606.6295 606.6285 606.6309 606.639 606.6529 606.6692 606.6711 606.6238 606.5057 606.4788 606.2899 606.1884 606.014
-9999 -9999 -9999 -9999 -9999 -9999 -9999 -9999 -9999 -9999 -9999 -9999 -9999 -9999 -9999 618.3921 617.3107 616.473 616.0801 616.0311 616.2693 617.0273 618.4224 620.1998 622.0389 -9999 -9999 -9999 -9999 625.6945 625.1863 624.2007 622.9723 621.6546 620.3217 619.1342 618.2017 617.3559 616.7422 614.882 612.2986 609.9742 608.5734 607.9118 607.5053 607.2395 607.0869 606.9999 606.917 606.8501 606.818 606.8013 606.7918 606.7867 606.7848 606.7861 606.7959 606.8064 606.8228 606.8197 606.7455 606.6626 606.6178 606.5092 606.477 606.2852
-9999 -9999 -9999 -9999 -9999 -9999 -9999 -9999 -9999 -9999 -9999 -9999 -9999 -9999 -9999 -9999 618.0814 617.5984 617.5134 617.7948 618.307 619.208 620.546 622.1486 -9999 -9999 -9999 -9999 -9999 -9999 625.761 624.8557 623.6708 622.3842 621.02 619.8333 619.1307 618.9039 618.1638 616.2775 613.4741 610.7266 608.8978 607.9741 607.4839 607.1713 607.0227 606.9843 606.9995 606.9987 606.9981 606.9995 606.9991 606.9992 606.9993 607.0019 607.0245 607.0046 607.0015 606.9938 606.8714 606.8068 606.7814 606.7293 606.6415 606.5088
-9999 -9999 -9999 -9999 -9999 -9999 -9999 -9999 -9999 -9999 -9999 -9999 -9999 -9999 -9999 -9999 -9999 -9999 618.9431 619.385 620.1199 621.152 -9999 -9999 -9999 -9999 -9999 -9999 -9999 -9999 -9999 -9999 623.2086 621.897 620.5329 619.4159 619.0247 619.0383 618.7281 616.9023 614.155 611.3027 609.2038 608.0355 607.4598 607.1205 606.99 606.9868 607.0485 607.1106 607.184 607.2628 607.2902 607.3008 607.2996 607.3099 607.4432 607.3076 607.2346 607.1703 607.0355 607.0205 607.0239 606.9844 606.8284 606.7353
-9999 -9999 -9999 -9999 -9999 -9999 -9999 -9999 -9999 -9999 -9999 -9999 -9999 -9999 -9999 -9999 -9999 -9999 -9999 -9999 -9999 -9999 -9999 -9999 -9999 -9999 -9999 -9999 -9999 -9999 -9999 -9999 -9999 -9999 -9999 -9999 618.1967 618.3067 618.0582 616.5201 614.2407 611.7305 609.6072 608.2469 607.5349 607.1959 607.101 607.1327 607.2491 607.371 607.5396 607.7321 607.7767 607.7828 607.7125 607.5449 607.5941 607.5284 607.5174 607.4936 607.4724 607.4759 607.4504 607.2446 607.045 607.0197
-9999 -9999 -9999 -9999 -9999 -9999 -9999 -9999 -9999 -9999 -9999 -9999 -9999 -9999 -9999 -9999 -9999 -9999 -9999 -9999 -9999 -9999 -9999 -9999 -9999 -9999 -9999 -9999 -9999 -9999 -9999 -9999 -9999 -9999 -9999 -9999 617.1691 617.1606 616.8095 615.7431 614.1082 612.1298 610.2391 608.8258 607.9938 607.5807 607.4866 607.5316 607.7357 607.9313 608.2505 608.5481 608.6105 608.6234 608.4113 608.065 607.9845 607.9715 607.94 607.7806 607.7264 607.7178 607.6771 607.537 607.4977 607.5005
-9999 -9999 -9999 -9999 -9999 -9999 -9999 -9999 -9999 -9999 -9999 -9999 -9999 -9999 -9999 -9999 -9999 -9999 -9999 -9999 -9999 -9999 -9999 -9999 -9999 -9999 -9999 -9999 -9999 -9999 -9999 -9999 -9999 -9999 -9999 -9999 -9999 616.1194 615.9104 615.2286 614.1634 612.6869 611.0511 609.6918 608.8066 608.368 608.1734 608.2249 608.5595 608.9249 609.3428 609.7022 609.853 609.8926 609.4955 608.8889 608.5657 608.421 608.2096 608.0226 607.9921 607.9948 607.9866 607.9635 607.9636 607.9359
-9999 -9999 -9999 -9999 -9999 -9999 -9999 -9999 -9999 -9999 -9999 -9999 -9999 -9999 -9999 -9999 -9999 -9999 -9999 -9999 -9999 -9999 -9999 -9999 -9999 -9999 -9999 -9999 -9999 -9999 -9999 -9999 -9999 -9999 -9999 -9999 -9999 615.7969 615.7856 615.5328 614.9449 613.8645 612.3998 610.9638 609.9401 609.3411 608.9596 608.9904 609.472 610.1091 610.8918 611.6967 612.0731 611.9148 611.1899 610.2365 609.548 609.1332 608.7834 608.6047 608.5495 608.4979 608.3895 608.2878 608.2106 608.1373
-9999 -9999 -9999 -9999 -9999 -9999 -9999 -9999 -9999 -9999 -9999 -9999 -9999 -9999 -9999 -9999 -9999 -9999 -9999 -9999 -9999 -9999 -9999 -9999 -9999 -9999 -9999 -9999 -9999 -9999 -9999 -9999 -9999 -9999 -9999 -9999 -9999 -9999 616.4094 616.5739 616.4352 615.7097 614.4246 612.8919 611.4951 610.509 609.98 609.9625 610.537 611.6627 613.0466 614.2974 614.823 614.4308 613.3472 612.0203 610.9695 610.4162 610.0902 609.9023 609.7942 609.6302 609.348 609.1089 608.9279 608.8444
-9999 -9999 -9999 -9999 -9999 -9999 -9999 -9999 -9999 -9999 -9999 -9999 -9999 -9999 -9999 -9999 -9999 -9999 -9999 -9999 -9999 -9999 -9999 -9999 -9999 -9999 -9999 -9999 -9999 -9999 -9999 -9999 -9999 -9999 -9999 -9999 -9999 -9999 617.8577 618.374 618.4925 618.0131 616.917 615.4277 613.8697 612.6099 611.8232 611.6945 612.3935 613.8227 615.5158 616.9244 617.4348 616.8497 615.5016 613.9398 612.7306 612.2034 612.0341 611.9755 611.912 611.7147 611.3401 610.999 610.6996 610.5714
