backend/lakes/data/Garner Lake/garn_dem_tm.asc
ncols         119
nrows         122
xllcorner     710450
yllcorner     6005200
cellsize      50
NODATA_value  -9999
[rows 30 to 59 of 122, columns 0 to 67 of 119]
-9999 -9999 -9999 -9999 -9999 -9999 -9999 -9999 -9999 -9999 -9999 -9999 -9999 -9999 618.216 614.5443 611.1808 608.1145 605.4694 603.3491 602.3542 602.1111 602.1265 602.1103 601.9344 601.6013 601.2528 601.0059 600.7241 600.2012 599.0735 598.1034 597.4442 597.3096 598.0823 599.874 602.8187 606.7232 611.2935 616.1667 621.1002 625.8997 630.4613 -9999 -9999 -9999 -9999 -9999 -9999 -9999 -9999 -9999 -9999 -9999 -9999 -9999 -9999 -9999 -9999 -9999 -9999 -9999 -9999 -9999 -9999 -9999 -9999 -9999
-9999 -9999 -9999 -9999 -9999 -9999 -9999 -9999 -9999 -9999 -9999 -9999 -9999 -9999 -9999 616.0805 612.7653 609.5623 606.6921 604.3118 602.5837 601.8461 601.5296 601.3722 601.2407 601.0682 600.8707 600.7442 600.4824 599.9174 598.952 597.9827 597.3632 597.0339 597.4342 598.7274 601.0433 604.4019 608.6588 613.3372 618.1151 622.7708 627.1801 -9999 -9999 -9999 -9999 -9999 -9999 -9999 -9999 -9999 -9999 -9999 -9999 -9999 -9999 -9999 -9999 -9999 -9999 -9999 -9999 -9999 -9999 -9999 -9999 -9999
-9999 -9999 -9999 -9999 -9999 -9999 -9999 -9999 -9999 -9999 -9999 -9999 -9999 -9999 -9999 618.0703 614.7483 611.2771 607.9691 605.1912 603.0784 601.8905 601.2629 600.9468 600.7902 600.6901 600.5042 600.4657 600.2123 599.6677 598.7852 597.6849 597.0305 596.7158 596.9258 597.8347 599.6752 602.5345 606.398 610.8285 615.4014 619.8603 624.0903 628.1064 -9999 -9999 -9999 -9999 -9999 -9999 -9999 -9999 -9999 -9999 -9999 -9999 -9999 -9999 -9999 -9999 -9999 -9999 -9999 -9999 -9999 -9999 -9999 -9999
-9999 -9999 -9999 -9999 -9999 -9999 -9999 -9999 -9999 -9999 -9999 -9999 -9999 -9999 -9999 -9999 616.7568 613.0012 609.1672 605.8502 603.3666 601.9167 601.1007 600.672 600.4864 600.4478 600.2434 600.1073 599.8562 599.332 598.4799 597.3585 596.6321 596.4113 596.5897 597.2992 598.6983 601.0332 604.4127 608.4382 612.735 617 621.0721 624.9392 628.6797 -9999 -9999 -9999 -9999 -9999 -9999 -9999 -9999 -9999 -9999 -9999 -9999 -9999 -9999 -9999 -9999 -9999 -9999 -9999 -9999 -9999 -9999 -9999
-9999 -9999 -9999 -9999 -9999 -9999 -9999 -9999 -9999 -9999 -9999 -9999 -9999 -9999 -9999 -9999 618.538 614.543 610.2726 606.4322 603.5596 601.9297 600.999 600.4888 600.2047 600.0396 599.8256 599.6189 599.3646 598.7668 597.7411 596.6736 596.03 596.0878 596.3013 596.788 597.7648 599.5862 602.4097 605.9008 609.8969 613.9877 617.9224 621.6694 625.2967 628.9241 -9999 -9999 -9999 -9999 -9999 -9999 -9999 -9999 -9999 -9999 -9999 -9999 -9999 -9999 -9999 -9999 -9999 -9999 -9999 -9999 -9999 -9999
-9999 -9999 -9999 -9999 -9999 -9999 -9999 -9999 -9999 -9999 -9999 -9999 -9999 -9999 -9999 -9999 620.2122 616.1019 611.517 607.2623 604.0251 602.1163 601.0298 600.4462 599.9877 599.6521 599.351 599.028 598.7704 598.0607 597.0632 596.0876 595.6827 595.8384 596.0522 596.3847 597.038 598.2883 600.4232 603.3264 606.9263 610.8455 614.6459 618.2584 621.7723 625.3052 628.9482 632.7299 -9999 -9999 -9999 -9999 -9999 -9999 -9999 -9999 -9999 -9999 -9999 -9999 -9999 -9999 -9999 -9999 -9999 -9999 -9999 -9999
-9999 -9999 -9999 -9999 -9999 -9999 -9999 -9999 -9999 -9999 -9999 -9999 -9999 -9999 -9999 -9999 621.9225 617.8198 613.0284 608.369 604.6799 602.4342 601.1499 600.4261 599.804 599.3123 598.9174 598.4797 598.0328 597.3013 596.2954 595.5825 595.2355 595.2869 595.6263 595.9545 596.463 597.3879 598.9246 601.1786 604.196 607.7646 611.3267 614.7395 618.0811 621.4975 625.0504 628.7209 632.3777 -9999 -9999 -9999 -9999 -9999 -9999 -9999 -9999 -9999 -9999 -9999 -9999 -9999 -9999 -9999 -9999 -9999 -9999 -9999
-9999 -9999 -9999 -9999 -9999 -9999 -9999 -9999 -9999 -9999 -9999 -9999 -9999 -9999 -9999 -9999 623.5306 619.5792 614.7186 609.738 605.5579 602.8436 601.2912 600.4008 599.644 599.0044 598.4734 597.9395 597.4082 596.7234 595.9343 595.2425 594.7307 594.4697 594.6483 595.2762 595.8574 596.6144 597.7035 599.3956 601.8154 604.8419 608.0236 611.1351 614.2314 617.4785 620.9277 624.5417 628.1578 631.5334 634.4484 -9999 -9999 -9999 -9999 -9999 -9999 -9999 -9999 -9999 -9999 -9999 -9999 -9999 -9999 -9999 -9999 -9999
-9999 -9999 -9999 -9999 -9999 -9999 -9999 -9999 -9999 -9999 -9999 -9999 -9999 -9999 -9999 -9999 624.9448 621.2407 616.4286 611.2623 606.6572 603.3521 601.473 600.3909 599.5731 598.9021 598.1733 597.5101 596.9374 596.3249 595.7701 595.0578 594.3985 593.8544 593.685 594.166 595.1375 595.8898 596.7018 597.9112 599.7657 602.1654 604.8079 607.5105 610.3046 613.3147 616.6065 620.1657 623.8137 627.2701 630.3481 632.9941 635.2958 637.2661 -9999 -9999 -9999 -9999 -9999 -9999 -9999 -9999 -9999 -9999 -9999 -9999 -9999 -9999
-9999 -9999 -9999 -9999 -9999 -9999 -9999 -9999 -9999 -9999 -9999 -9999 -9999 -9999 -9999 -9999 626.1912 622.7302 618.064 612.8271 607.9144 604.1266 601.805 600.4264 599.5309 598.8376 597.974 597.3425 596.6555 595.9821 595.4958 594.9281 594.2952 593.4918 592.9454 593.3164 594.158 595.0015 595.6357 596.535 597.8719 599.7182 601.837 604.0718 606.528 609.2432 612.2884 615.7128 619.3474 622.8869 626.1457 629.0291 631.5763 633.7726 635.574 636.8489 -9999 -9999 -9999 -9999 -9999 -9999 -9999 -9999 -9999 -9999 -9999 -9999
-9999 -9999 -9999 -9999 -9999 -9999 -9999 -9999 -9999 -9999 -9999 -9999 -9999 -9999 -9999 -9999 627.0153 623.8738 619.4714 614.3163 609.2645 605.1089 602.308 600.546 599.517 598.7575 597.7512 597.1927 596.5466 595.9019 595.3904 594.8823 594.3153 593.5218 592.9272 592.9212 593.5205 593.6634 594.1522 594.9863 596.009 597.4545 599.1986 601.1111 603.245 605.5883 608.2718 611.4405 614.9269 618.4229 621.7726 624.8123 627.5601 629.9672 631.8804 633.1435 633.7507 634.1973 -9999 -9999 -9999 -9999 -9999 -9999 -9999 -9999 -9999 -9999
-9999 -9999 -9999 -9999 -9999 -9999 -9999 -9999 -9999 -9999 -9999 -9999 -9999 -9999 -9999 -9999 -9999 624.5874 620.5929 615.7172 610.6752 606.2308 602.9453 600.7969 599.613 598.8252 597.9628 597.3365 596.5956 595.9083 595.3646 594.8726 594.3578 593.6907 593.1271 592.8376 592.5645 592.1277 592.4495 593.1606 594.0198 595.2241 596.687 598.3838 600.3325 602.5087 604.7988 607.5989 610.8267 614.0784 617.3134 620.3043 623.0858 625.5491 627.4973 628.7666 629.3892 629.9005 630.8893 -9999 -9999 -9999 -9999 -9999 -9999 -9999 -9999 -9999
-9999 -9999 -9999 -9999 -9999 -9999 -9999 -9999 -9999 -9999 -9999 -9999 -9999 -9999 -9999 -9999 -9999 624.8148 621.2996 616.8854 612.0177 607.4018 603.6829 601.2341 599.8453 598.9193 598.1224 597.4028 596.6294 595.917 595.3544 594.8595 594.3806 593.8521 593.3163 592.8242 592.2056 591.5496 591.3893 591.5855 592.0929 593.0117 594.1653 595.5917 597.3132 599.2432 601.5118 604.2373 607.2981 610.0786 612.9749 615.598 618.1576 620.4769 622.3611 623.6475 624.4232 625.2086 626.4568 628.2275 630.3575 -9999 -9999 -9999 -9999 -9999 -9999 -9999
-9999 -9999 -9999 -9999 -9999 -9999 -9999 -9999 -9999 -9999 -9999 -9999 -9999 -9999 -9999 -9999 -9999 624.4302 621.3224 617.5092 613.0313 608.4446 604.5401 601.9336 600.2753 599.1238 598.2996 597.4462 596.639 595.9214 595.3345 594.829 594.3884 593.9589 593.5139 593.0651 592.5061 591.4546 590.9026 590.7285 590.8774 591.3345 592.0222 593.1111 594.5653 596.2941 598.5813 601.1917 603.9217 606.4871 609.0723 610.9759 613.0601 615.0519 616.7733 618.0353 618.995 620.1446 621.7664 623.8361 626.1358 628.3268 -9999 -9999 -9999 -9999 -9999 -9999
-9999 -9999 -9999 -9999 -9999 -9999 -9999 -9999 -9999 -9999 -9999 -9999 -9999 -9999 -9999 -9999 -9999 623.3925 620.7156 617.5052 613.5384 609.2049 605.346 602.6567 600.7637 599.4944 598.538 597.4684 596.6055 595.9069 595.2705 594.7287 594.3494 593.9153 593.5294 593.1152 592.5654 591.4594 590.7239 590.3185 590.2014 590.3212 590.7036 591.5723 592.8326 594.2601 596.4871 598.9427 601.1959 603.2022 605.186 606.8279 608.3723 609.8357 611.3057 612.4801 613.5507 614.9719 616.9257 619.2609 621.7341 624.0765 625.8373 626.7797 626.8307 -9999 -9999 -9999
-9999 -9999 -9999 -9999 -9999 -9999 -9999 -9999 -9999 -9999 -9999 -9999 -9999 -9999 -9999 -9999 -9999 -9999 619.7761 616.9918 613.5222 609.53 605.8788 603.3225 601.2876 599.7556 598.4031 597.2526 596.3971 595.7797 595.0919 594.4677 594.0696 593.6636 593.2668 592.8568 592.274 591.3882 590.6561 590.1533 589.9018 589.7947 589.9237 590.7092 592.0595 593.4761 595.6225 597.7542 599.4319 600.7717 601.9633 603.1073 604.3362 605.5239 606.6337 607.5875 608.6396 610.1324 612.1987 614.6125 617.1565 619.6177 621.6287 622.9429 623.4076 623.0731 622.247 621.2493
-9999 -9999 -9999 -9999 -9999 -9999 -9999 -9999 -9999 -9999 -9999 -9999 -9999 -9999 -9999 -9999 -9999 -9999 618.7739 616.3691 613.2114 609.5304 606.1482 603.8848 601.8373 599.9843 598.2404 596.8563 595.9435 595.3481 594.799 594.2952 593.7646 593.2972 592.8749 592.4801 591.9866 591.3271 590.6117 590.0554 589.7814 589.5139 589.5304 590.0761 591.2871 592.8223 594.8392 596.6781 597.9951 598.8273 599.4852 600.1622 600.978 601.9175 602.7721 603.5912 604.5388 605.9428 607.8784 610.1431 612.582 615.0483 617.2703 618.9421 619.8211 619.8596 619.2693 618.2801
-9999 -9999 -9999 -9999 -9999 -9999 -9999 -9999 -9999 -9999 -9999 -9999 -9999 -9999 -9999 -9999 -9999 -9999 618.2415 615.9038 612.9019 609.4224 606.1426 603.7986 601.7329 599.7933 597.8626 596.3182 595.4258 594.8506 594.3511 593.8358 593.3232 592.8635 592.4569 592.0842 591.6975 591.2276 590.5061 589.8615 589.5369 589.298 589.3076 589.7437 590.6249 591.9396 593.6491 595.1774 596.172 596.7713 597.0905 597.4193 597.9277 598.6666 599.4343 600.2546 601.2172 602.5157 604.1829 606.1307 608.2821 610.5914 612.8547 614.7454 615.9749 616.3497 615.9394 615.0073
-9999 -9999 -9999 -9999 -9999 -9999 -9999 -9999 -9999 -9999 -9999 -9999 -9999 -9999 -9999 -9999 -9999 -9999 618.3412 616.0323 613.1099 609.7206 606.396 603.8149 601.5419 599.4153 597.367 595.9192 595.0099 594.4188 593.8734 593.3219 592.8605 592.4415 592.0488 591.6747 591.3339 590.9297 590.3656 589.8123 589.4236 589.1589 589.1036 589.3622 589.973 591.0474 592.2952 593.312 593.8889 594.1939 594.2818 594.4335 594.7992 595.468 596.2848 597.2141 598.2461 599.5444 601.1042 602.7816 604.5875 606.5889 608.6569 610.5436 611.9156 612.5092 612.2778 611.4893
-9999 -9999 -9999 -9999 -9999 -9999 -9999 -9999 -9999 -9999 -9999 -9999 -9999 -9999 -9999 -9999 -9999 -9999 619.0513 616.8 613.986 610.6779 607.2275 604.261 601.6428 599.2924 597.1693 595.7007 594.7432 594.2087 593.5375 592.9252 592.5105 592.132 591.75 591.3569 591.0563 590.7021 590.261 589.8058 589.3929 589.0811 588.9424 589.0437 589.417 590.0785 590.9438 591.4421 591.6438 591.6416 591.4767 591.4445 591.7375 592.4124 593.223 594.1331 595.2693 596.7306 598.4005 600.039 601.6789 603.3688 605.049 606.6942 607.9525 608.5925 608.5639 607.9774
-9999 -9999 -9999 -9999 -9999 -9999 -9999 -9999 -9999 -9999 -9999 -9999 -9999 -9999 -9999 -9999 -9999 -9999 619.8884 617.8522 615.2989 612.1294 608.5881 605.1699 602.1361 599.5115 597.3066 595.6888 594.519 593.8948 593.3301 592.835 592.4111 592.0345 591.6714 591.3191 590.9498 590.5831 590.2007 589.8086 589.3926 589.0375 588.8224 588.7979 588.9814 589.3451 589.77 589.9254 589.8917 589.6914 589.3628 589.1227 589.3903 590.0807 590.6232 591.2962 592.378 593.8224 595.6215 597.4622 599.1177 600.7054 602.2368 603.5919 604.5364 605.1167 605.3042 604.9166
-9999 -9999 -9999 -9999 -9999 -9999 -9999 -9999 -9999 -9999 -9999 -9999 -9999 -9999 -9999 -9999 -9999 -9999 620.7156 618.9313 616.7382 613.7883 610.2236 606.5083 603.0405 600.0928 597.7056 595.9395 594.6647 593.926 593.3735 592.9005 592.5103 592.1208 591.7185 591.3181 590.8979 590.5077 590.1505 589.8101 589.3831 588.9928 588.7243 588.6139 588.6573 588.8101 588.9632 588.9498 588.7791 588.4597 588.1772 588.0211 588.4324 589.1674 588.9615 589.1839 590.0051 591.2174 592.8454 594.6647 596.4311 598.193 599.8247 601.1719 602.1382 602.7914 603.1203 602.8423
-9999 -9999 -9999 -9999 -9999 -9999 -9999 -9999 -9999 -9999 -9999 -9999 -9999 -9999 -9999 -9999 -9999 -9999 -9999 619.8473 618.1358 615.5206 612.0869 608.2328 604.4485 601.1956 598.5797 596.6702 595.3616 594.4019 593.8046 593.3933 592.9053 592.4063 591.8785 591.3315 590.869 590.4316 590.0541 589.7672 589.3025 588.8986 588.6192 588.4753 588.4492 588.4882 588.5182 588.4539 588.2763 588.0082 587.6682 587.4837 587.8101 588.3702 588.1028 588.0615 588.4858 589.3736 590.5684 592.0234 593.675 595.5407 597.4085 598.9478 600.0314 600.7675 601.1473 601.0945
-9999 -9999 -9999 -9999 -9999 -9999 -9999 -9999 -9999 -9999 -9999 -9999 -9999 -9999 -9999 -9999 -9999 -9999 -9999 621.394 619.7758 617.3723 614.1334 610.3167 606.3667 602.8102 599.8907 597.6963 596.15 595.0911 594.4511 594.1333 593.5498 592.8675 592.1946 591.4613 590.9359 590.3701 589.8459 589.4747 589.0638 588.7197 588.4889 588.3669 588.3374 588.3394 588.335 588.2801 588.138 587.9698 587.6902 587.3765 587.3846 587.5742 587.4531 587.4116 587.6623 588.2538 589.0933 590.126 591.3489 592.9738 594.8192 596.4495 597.7213 598.6645 599.1883 599.369
-9999 -9999 -9999 -9999 -9999 -9999 -9999 -9999 -9999 -9999 -9999 -9999 -9999 -9999 -9999 -9999 -9999 -9999 -9999 -9999 621.2186 619.0139 616.0378 612.4534 608.5345 604.7181 601.5505 599.1151 597.3344 596.0355 595.1915 594.6652 594.1251 593.3416 592.6605 591.8956 591.1999 590.4288 589.7883 589.2466 588.8137 588.5205 588.3606 588.2801 588.2936 588.2969 588.2959 588.2798 588.1766 588.063 587.965 587.6693 587.4282 587.321 587.1847 587.1272 587.2642 587.6414 588.2239 588.9259 589.7745 590.8892 592.3586 593.8528 595.1806 596.2303 596.9311 597.3852
-9999 -9999 -9999 -9999 -9999 -9999 -9999 -9999 -9999 -9999 -9999 -9999 -9999 -9999 -9999 -9999 -9999 -9999 -9999 -9999 622.0613 620.0686 617.4343 614.2253 610.5716 606.8192 603.541 600.8858 598.8819 597.3246 596.1257 595.2623 594.4732 593.6553 592.903 592.2753 591.3557 590.4695 589.7382 589.0894 588.6353 588.3781 588.2791 588.208 588.279 588.2893 588.2858 588.28 588.2125 588.1686 588.1465 588.0656 587.8199 587.5587 587.3232 587.1773 587.1827 587.3735 587.7401 588.2349 588.801 589.5229 590.4716 591.6541 592.8588 593.8695 594.7362 595.4506
-9999 -9999 -9999 -9999 -9999 -9999 -9999 -9999 -9999 -9999 -9999 -9999 -9999 -9999 -9999 -9999 -9999 -9999 -9999 -9999 -9999 620.5873 618.2395 615.469 612.3109 608.9159 605.6899 602.9514 600.8073 599.0574 597.5829 596.4008 595.3928 594.4073 593.5032 593.002 591.767 590.7123 589.8148 589.1381 588.6774 588.4108 588.2749 588.137 588.173 588.2791 588.2872 588.2797 588.1948 588.1971 588.2261 588.2412 588.1497 587.9375 587.6702 587.4371 587.3116 587.3365 587.5187 587.8358 588.2465 588.7112 589.3167 590.1163 591.0842 591.9503 592.8701 593.6785
-9999 -9999 -9999 -9999 -9999 -9999 -9999 -9999 -9999 -9999 -9999 -9999 -9999 -9999 -9999 -9999 -9999 -9999 -9999 -9999 -9999 620.5345 618.514 616.3132 613.7923 610.9178 607.9977 605.3468 603.1271 601.3218 599.7366 598.4413 597.2584 596.0912 594.9242 593.9218 592.7793 591.6208 590.5437 589.7927 589.2645 588.9196 588.6667 588.3999 588.3454 588.4241 588.4001 588.284 588.1597 588.177 588.2216 588.2582 588.2427 588.1245 587.9178 587.6813 587.4912 587.4062 587.4533 587.6299 587.9106 588.259 588.6539 589.21 589.9005 590.6581 591.4671 592.2522
-9999 -9999 -9999 -9999 -9999 -9999 -9999 -9999 -9999 -9999 -9999 -9999 -9999 -9999 -9999 -9999 -9999 -9999 -9999 -9999 -9999 -9999 618.9557 617.1606 615.1428 612.7296 610.1672 607.7442 605.6344 603.9089 602.5307 601.4324 600.2651 598.9064 597.5276 596.1996 594.9335 593.757 592.5625 591.5233 590.7908 590.296 589.9386 589.5919 589.3661 589.1992 588.9975 588.7002 588.3455 588.2744 588.2057 588.2072 588.2019 588.1267 587.973 587.7737 587.5836 587.4603 587.4395 587.5334 587.7308 587.9999 588.3049 588.723 589.2302 589.8307 590.5101 591.1707
-9999 -9999 -9999 -9999 -9999 -9999 -9999 -9999 -9999 -9999 -9999 -9999 -9999 -9999 -9999 -9999 -9999 -9999 -9999 -9999 -9999 -9999 -9999 618.0109 616.2004 614.1367 611.9163 609.7398 607.8483 606.4243 605.5219 604.8546 603.9408 602.5867 601.0591 599.537 598.1879 597.0855 595.8505 594.5923 593.5766 592.7804 592.1648 591.6165 591.1712 590.6935 590.2382 589.6964 589.0448 588.5945 588.2867 588.1752 588.1304 588.047 587.911 587.7422 587.5757 587.4541 587.4148 587.4773 587.6469 587.9143 588.2538 588.5037 588.8457 589.2974 589.8232 590.3315
