backend/lakes/data/Garner Lake/garn_dem_tm.asc
ncols         119
nrows         122
xllcorner     710450
yllcorner     6005200
cellsize      50
NODATA_value  -9999
[rows 60 to 89 of 122, columns 0 to 67 of 119]
-9999 -9999 -9999 -9999 -9999 -9999 -9999 -9999 -9999 -9999 -9999 -9999 -9999 -9999 -9999 -9999 -9999 -9999 -9999 -9999 -9999 -9999 -9999 -9999 616.8485 614.9412 612.946 611.0009 609.4177 608.5007 608.2617 608.1676 607.5446 606.2548 604.6481 603.0507 601.647 600.7357 599.5576 598.2604 596.9869 595.9125 595.1127 594.3923 593.7592 592.9952 592.17 591.1422 590.0473 589.1802 588.5972 588.2828 588.1367 587.9762 587.8046 587.6365 587.4893 587.3849 587.349 587.4019 587.5483 587.7759 588.0458 588.2787 588.5491 588.9023 589.3185 589.7117
-9999 -9999 -9999 -9999 -9999 -9999 -9999 -9999 -9999 -9999 -9999 -9999 -9999 -9999 -9999 -9999 -9999 -9999 -9999 -9999 -9999 -9999 -9999 -9999 -9999 614.6129 612.8037 611.258 610.0797 609.8497 610.3216 610.7333 610.3312 609.0248 607.2605 605.6705 604.1121 603.6375 602.7465 601.4325 600.0068 598.7315 597.7984 596.9856 596.2415 595.2952 594.1295 592.7653 591.292 589.9528 589.0625 588.5363 588.2596 587.9766 587.7273 587.522 587.3677 587.2711 587.2422 587.2922 587.4216 587.6143 587.8361 588.0507 588.2813 588.5576 588.8633 589.1273
-9999 -9999 -9999 -9999 -9999 -9999 -9999 -9999 -9999 -9999 -9999 -9999 -9999 -9999 -9999 -9999 -9999 -9999 -9999 -9999 -9999 -9999 -9999 -9999 -9999 613.8917 611.9272 610.4158 609.7448 610.1975 611.4252 612.021 611.7572 610.5281 608.5908 607.2799 606.3216 605.6382 604.9151 603.6189 602.0303 600.623 599.5344 598.6949 597.9006 597.0051 595.8086 594.3141 592.6094 590.8643 589.6409 588.8364 588.317 588.0248 587.7177 587.4572 587.2708 587.161 587.1281 587.1733 587.2921 587.4659 587.6654 587.8662 588.0696 588.2822 588.5089 588.6996
-9999 -9999 -9999 -9999 -9999 -9999 -9999 -9999 -9999 -9999 -9999 -9999 -9999 -9999 -9999 -9999 -9999 -9999 -9999 -9999 -9999 -9999 -9999 -9999 615.3915 612.9559 610.7513 609.1725 608.6231 609.6464 611.2789 612.2899 612.2959 611.2189 609.3337 607.774 606.7781 606.3585 605.9492 604.9246 603.2877 601.8014 600.5102 599.5783 598.8129 598.0285 597.0422 595.6476 593.9269 592.0469 590.4081 589.3164 588.6233 588.2291 587.7977 587.4662 587.235 587.0964 587.0457 587.0802 587.1912 587.3586 587.554 587.7514 587.9412 588.1187 588.2809 588.4222
-9999 -9999 -9999 -9999 -9999 -9999 -9999 -9999 -9999 -9999 -9999 -9999 -9999 -9999 -9999 -9999 -9999 -9999 -9999 -9999 -9999 -9999 -9999 -9999 614.5749 612.0289 609.6645 607.8436 607.159 608.334 610.2614 611.8478 612.1394 610.912 608.8693 607.1641 606.1935 606.3357 606.5764 606.0322 604.4669 602.7009 601.1074 600.0164 599.1556 598.5389 597.7387 596.5723 594.9788 593.1647 591.3364 589.8795 588.9162 588.2822 587.849 587.5121 587.2574 587.0906 587.0173 587.0374 587.142 587.3102 587.5112 587.7162 587.9033 588.062 588.1876 588.2809
-9999 -9999 -9999 -9999 -9999 -9999 -9999 -9999 -9999 -9999 -9999 -9999 -9999 -9999 -9999 -9999 -9999 -9999 -9999 -9999 -9999 -9999 -9999 616.5748 613.8773 611.2228 608.6567 606.6055 605.86 606.9039 609.0792 611.114 611.7164 610.2795 608.1725 606.6538 605.4647 606.1343 607.1578 607.1946 605.7091 603.8043 601.9007 600.514 599.5687 598.8954 598.1597 597.171 595.7078 593.9843 592.1218 590.43 589.2513 588.4012 587.9712 587.6122 587.3273 587.1326 587.0386 587.0477 587.1501 587.324 587.5376 587.7555 587.9479 588.0956 588.2003 588.2798
-9999 -9999 -9999 -9999 -9999 -9999 -9999 -9999 -9999 -9999 -9999 -9999 -9999 -9999 -9999 -9999 -9999 -9999 -9999 -9999 -9999 -9999 -9999 616.034 613.2463 610.4298 607.713 605.4936 604.4468 605.3491 607.6453 609.8624 610.7615 609.3 607.1018 605.4537 604.6581 605.8938 607.4745 607.6989 606.6656 604.8322 602.7108 600.9935 599.8865 599.0206 598.2964 597.3678 596.0081 594.4482 592.7643 591.079 589.7162 588.7665 588.2244 587.7513 587.4125 587.1925 587.0869 587.0944 587.2032 587.3889 587.6179 587.8521 588.0504 588.1791 588.2374 588.27
-9999 -9999 -9999 -9999 -9999 -9999 -9999 -9999 -9999 -9999 -9999 -9999 -9999 -9999 -9999 -9999 -9999 -9999 -9999 -9999 -9999 -9999 -9999 615.5606 612.5676 609.5853 606.7596 604.3507 603.0229 604.0397 606.2183 608.2964 609.1876 607.9606 605.8586 604.2006 603.7656 605.1293 606.8501 607.4563 606.9514 605.625 603.446 601.5512 600.2294 599.1194 598.2999 597.3672 596.0658 594.6556 593.13 591.4013 589.9495 588.972 588.2823 587.7993 587.4605 587.2406 587.1386 587.1555 587.2783 587.4799 587.7251 587.9739 588.1787 588.2796 588.2773 588.2728
-9999 -9999 -9999 -9999 -9999 -9999 -9999 -9999 -9999 -9999 -9999 -9999 -9999 -9999 -9999 -9999 -9999 -9999 -9999 -9999 -9999 -9999 -9999 615.0739 611.8343 608.7 605.8332 603.5264 602.502 603.1818 605.0358 606.7301 607.423 606.2673 604.4273 602.9503 602.7784 603.6467 605.2203 606.253 606.1818 605.3365 603.5122 601.9258 600.441 599.1287 598.1301 597.15 595.8704 594.5316 593.1184 591.475 590.0969 589.1598 588.3262 587.8417 587.5049 587.2838 587.1878 587.2179 587.3567 587.5715 587.8246 588.0765 588.2784 588.3215 588.2801 588.2608
-9999 -9999 -9999 -9999 -9999 -9999 -9999 -9999 -9999 -9999 -9999 -9999 -9999 -9999 -9999 -9999 -9999 -9999 -9999 -9999 -9999 -9999 618.198 614.5979 611.1021 607.8637 605.0726 602.9787 602.1445 602.4493 603.8282 605.1183 605.4495 604.6261 603.2648 602.1152 601.6885 602.0485 602.9688 603.8698 604.1501 603.5944 602.3867 601.1489 599.9354 598.6657 597.5293 596.4604 595.2444 594.0257 592.7662 591.4286 590.3386 589.4948 588.4976 587.9806 587.5922 587.3384 587.2365 587.2775 587.4294 587.6492 587.8933 588.1194 588.2802 588.3251 588.28 588.2126
-9999 -9999 -9999 -9999 -9999 -9999 -9999 -9999 -9999 -9999 -9999 -9999 -9999 -9999 -9999 -9999 -9999 -9999 -9999 -9999 -9999 -9999 617.9746 614.1065 610.4102 607.0915 604.347 602.4796 601.9894 602.1414 602.806 603.5513 603.7177 603.2709 602.4469 601.4457 600.6346 600.4526 600.7654 601.2198 601.4174 601.1373 600.4331 599.5347 598.5433 597.4466 596.4357 595.4166 594.3542 593.2457 592.3306 591.3448 590.4825 589.7006 588.8203 588.2222 587.7065 587.392 587.2795 587.3327 587.4966 587.7156 587.9435 588.1428 588.28 588.3292 588.2798 588.1655
-9999 -9999 -9999 -9999 -9999 -9999 -9999 -9999 -9999 -9999 -9999 -9999 -9999 -9999 -9999 -9999 -9999 -9999 -9999 -9999 -9999 -9999 617.8448 613.7928 609.9232 606.5587 603.9354 602.2448 601.9059 601.9969 602.0795 602.4002 602.8583 602.602 602.0149 601.0455 599.8654 599.1882 599.092 599.1931 599.2099 598.9617 598.3896 597.6285 596.7731 595.9446 595.1893 594.46 593.7482 592.965 592.2936 591.4607 590.6685 589.8141 588.9827 588.2768 587.7255 587.4017 587.3038 587.3807 587.5593 587.7745 587.9826 588.1577 588.2803 588.3405 588.2799 588.1331
-9999 -9999 -9999 -9999 -9999 -9999 -9999 -9999 -9999 -9999 -9999 -9999 -9999 -9999 -9999 -9999 -9999 -9999 -9999 -9999 -9999 -9999 617.8212 613.6746 609.6902 606.2996 603.7659 602.2021 601.9963 601.9996 601.9907 601.9543 602.0868 601.9799 601.6435 600.6375 599.2904 598.5653 598.2667 598.1019 597.8848 597.4896 596.8967 596.1716 595.2514 594.8237 594.4128 594.0866 593.7747 593.3861 592.8769 592.0673 591.131 590.0661 589.1671 588.3013 587.701 587.3806 587.3112 587.4197 587.6141 587.821 588.0037 588.1558 588.28 588.3519 588.2784 588.1234
-9999 -9999 -9999 -9999 -9999 -9999 -9999 -9999 -9999 -9999 -9999 -9999 -9999 -9999 -9999 -9999 -9999 -9999 -9999 -9999 -9999 -9999 617.7989 613.6348 609.5778 606.1619 603.6882 602.1731 601.9125 601.873 601.744 601.5267 601.3687 601.142 600.7907 599.7361 598.9895 598.5094 598.1978 597.8472 597.4329 596.9048 596.2523 595.7903 595.1417 594.8231 594.6405 594.5144 594.4663 594.3284 593.9178 592.9664 591.774 590.6017 589.5027 588.3678 587.6733 587.3425 587.2992 587.4396 587.6477 587.8381 587.9796 588.0856 588.1855 588.2688 588.145 588.074
-9999 -9999 -9999 -9999 -9999 -9999 -9999 -9999 -9999 -9999 -9999 -9999 -9999 -9999 -9999 -9999 -9999 -9999 -9999 -9999 -9999 -9999 617.5446 613.452 609.4294 606.0406 603.6721 602.2513 601.9879 601.8938 601.6586 601.2582 600.87 600.4864 600.1915 600.003 599.5811 599.2399 598.9113 598.3492 597.7856 597.1686 596.3692 596.1405 595.8945 595.7924 595.8143 595.851 595.8221 595.5817 595.0165 594.0227 592.6452 591.1497 589.708 588.3967 587.6259 587.2782 587.2512 587.4182 587.6378 587.8057 587.8887 587.9115 587.9174 587.9142 587.8591 587.9249
-9999 -9999 -9999 -9999 -9999 -9999 -9999 -9999 -9999 -9999 -9999 -9999 -9999 -9999 -9999 -9999 -9999 -9999 -9999 -9999 -9999 -9999 -9999 613.0173 609.2102 606.0242 603.8549 602.5637 602.0378 601.9917 601.7826 601.3245 600.9304 600.7798 601.2981 601.5902 601.3871 600.8684 600.2828 599.4169 598.7759 598.189 597.7407 597.7064 597.6964 597.7155 597.8055 597.808 597.6027 597.0636 596.1653 594.9024 593.2746 591.4578 589.7929 588.3892 587.556 587.1766 587.1465 587.3309 587.5629 587.7137 587.7428 587.6846 587.6064 587.5603 587.584 587.7999
-9999 -9999 -9999 -9999 -9999 -9999 -9999 -9999 -9999 -9999 -9999 -9999 -9999 -9999 -9999 -9999 -9999 -9999 -9999 -9999 -9999 -9999 -9999 612.3362 608.9056 606.0979 604.1956 603.0787 602.4034 602.0341 601.9684 601.5904 601.4767 601.8405 602.7365 603.4176 603.2332 602.4132 601.5718 600.8193 600.2205 599.891 599.9736 600.4631 600.7498 600.7231 600.5706 600.1575 599.5449 598.6599 597.3123 595.6151 593.6277 591.5933 589.8177 588.3688 587.4731 587.0367 586.9752 587.1661 587.4156 587.5668 587.5677 587.4626 587.3438 587.3091 587.4405 587.8348
-9999 -9999 -9999 -9999 -9999 -9999 -9999 -9999 -9999 -9999 -9999 -9999 -9999 -9999 -9999 -9999 -9999 -9999 -9999 -9999 -9999 -9999 -9999 -9999 608.5113 606.1678 604.6683 603.7827 603.026 602.3926 602.012 601.7793 602.0179 602.7667 604.0798 605.0022 604.7467 603.877 602.8813 602.2903 601.9867 602.1228 602.51 603.2507 603.8877 603.6674 602.9676 601.8834 600.6158 599.5803 597.8988 595.882 593.7025 591.6069 589.8186 588.3536 587.3954 586.8809 586.762 586.9495 587.2214 587.3921 587.4014 587.2971 587.1882 587.2083 587.484 588.1258
-9999 -9999 -9999 -9999 -9999 -9999 -9999 -9999 -9999 -9999 -9999 -9999 -9999 -9999 -9999 -9999 -9999 -9999 -9999 -9999 -9999 -9999 -9999 -9999 -9999 606.3408 605.1615 604.4387 603.7001 602.874 602.297 602.0916 602.6676 603.7792 605.2106 606.01 605.9506 605.2682 604.465 604.0006 603.9891 604.3063 604.4912 604.9313 605.6634 605.197 603.8936 602.5129 600.9374 599.4792 597.6499 595.598 593.4438 591.4835 589.7946 588.3511 587.3506 586.7674 586.6145 586.7668 587.0511 587.2518 587.3047 587.2516 587.196 587.2872 587.6763 588.4614
-9999 -9999 -9999 -9999 -9999 -9999 -9999 -9999 -9999 -9999 -9999 -9999 -9999 -9999 -9999 -9999 -9999 -9999 -9999 -9999 -9999 -9999 -9999 -9999 -9999 -9999 605.8008 605.1047 604.1561 603.3607 602.8143 602.7406 603.3525 604.4556 605.8478 606.7667 606.9912 606.5849 606.0922 605.7652 605.735 605.7988 605.161 604.1023 603.2316 603.5292 602.961 601.6664 600.1027 598.5217 596.7272 594.7447 592.7524 591.1537 589.7068 588.3514 587.3597 586.7532 586.5714 586.7516 587.0039 587.2382 587.3743 587.4297 587.4699 587.6574 588.197 589.172
-9999 -9999 -9999 -9999 -9999 -9999 -9999 -9999 -9999 -9999 -9999 -9999 -9999 -9999 -9999 -9999 -9999 -9999 -9999 -9999 -9999 -9999 -9999 -9999 -9999 -9999 606.6561 605.6392 604.6962 603.9548 603.4434 603.4583 604.1171 605.2245 606.4494 607.4676 607.941 607.7964 607.179 606.378 605.6648 604.9016 603.7299 602.5936 601.8771 601.7522 601.0909 599.9554 598.5513 596.9564 595.1852 593.4312 591.7877 590.5543 589.4808 588.3246 587.4122 586.7877 586.5953 586.7719 587.1105 587.4553 587.7393 587.9824 588.1558 588.4312 589.0963 590.3268
-9999 -9999 -9999 -9999 -9999 -9999 -9999 -9999 -9999 -9999 -9999 -9999 -9999 -9999 -9999 -9999 -9999 -9999 -9999 -9999 -9999 -9999 -9999 -9999 -9999 -9999 -9999 606.4849 605.4218 604.6976 604.1757 604.2404 604.9999 606.0929 607.2503 608.0354 608.3568 608.1112 607.3484 606.0161 604.8022 603.8773 602.4183 601.1889 600.5097 600.0931 599.2188 598.0367 596.6846 595.0594 593.39 591.9257 590.746 589.8304 589.0526 588.2748 587.6095 587.1373 586.9599 587.2231 587.6042 588.0862 588.5734 589.1048 589.4624 589.8658 590.5753 592.0242
-9999 -9999 -9999 -9999 -9999 -9999 -9999 -9999 -9999 -9999 -9999 -9999 -9999 -9999 -9999 -9999 -9999 -9999 -9999 -9999 -9999 -9999 -9999 -9999 -9999 -9999 -9999 -9999 -9999 605.6745 605.1879 605.2144 605.8376 606.8236 607.8797 608.2789 608.1729 607.52 606.3182 604.79 603.4392 602.2343 600.9182 599.9331 599.1971 598.5579 597.5003 596.2211 594.7806 593.2095 591.7961 590.6946 589.8309 589.1891 588.6903 588.2741 587.9459 587.78 587.9418 588.1661 588.5604 589.2664 590.0938 590.9335 591.5085 591.9866 592.7717 594.396
-9999 -9999 -9999 -9999 -9999 -9999 -9999 -9999 -9999 -9999 -9999 -9999 -9999 -9999 -9999 -9999 -9999 -9999 -9999 -9999 -9999 -9999 -9999 -9999 -9999 -9999 -9999 -9999 -9999 -9999 -9999 605.8104 606.0798 606.9265 607.864 607.8376 607.2508 606.0671 604.7418 603.2823 601.8926 600.6343 599.5359 598.7983 598.0309 597.1249 595.8998 594.5534 593.0754 591.6907 590.6063 589.7789 589.1411 588.697 588.417 588.2759 588.2663 588.3033 588.6476 589.1595 589.9178 590.9305 592.0314 593.0468 593.7479 594.3798 595.3224 597.1465
-9999 -9999 -9999 -9999 -9999 -9999 -9999 -9999 -9999 -9999 -9999 -9999 -9999 -9999 -9999 -9999 -9999 -9999 -9999 -9999 -9999 -9999 -9999 -9999 -9999 -9999 -9999 -9999 -9999 -9999 606.2587 605.9728 605.8774 606.3135 607.0065 606.5692 605.5573 604.1862 603.0479 601.7795 600.4717 599.333 598.4891 597.7808 596.9096 595.7275 594.3922 593.0606 591.7559 590.6229 589.796 589.1616 588.6844 588.3777 588.2469 588.2885 588.4916 588.8375 589.4458 590.3093 591.482 592.7366 593.9796 595.0464 595.7813 596.6299 597.8896 600.0831
-9999 -9999 -9999 -9999 -9999 -9999 -9999 -9999 -9999 -9999 -9999 -9999 -9999 -9999 -9999 -9999 -9999 -9999 -9999 -9999 -9999 -9999 -9999 -9999 -9999 -9999 -9999 -9999 -9999 -9999 606.3113 605.4918 605.0928 605.1897 605.3545 604.6964 603.7138 602.7126 601.76 600.6596 599.4305 598.4506 597.6406 596.8111 595.6742 594.3691 593.1165 592.0193 591.0203 589.9955 589.3745 588.8745 588.4856 588.257 588.2294 588.4263 588.8574 589.5378 590.5181 591.8177 593.2442 594.481 595.666 596.705 597.55 598.7126 600.5027 603.2469
-9999 -9999 -9999 -9999 -9999 -9999 -9999 -9999 -9999 -9999 -9999 -9999 -9999 -9999 -9999 -9999 -9999 -9999 -9999 -9999 -9999 -9999 -9999 -9999 -9999 -9999 -9999 -9999 -9999 608.9655 606.7023 605.1094 604.1878 603.9102 603.6805 603.0891 602.3093 601.6475 600.9706 600.1488 598.9865 597.8796 596.8741 595.7054 594.4804 593.2637 592.2742 591.4001 590.6458 589.8732 589.39 588.9183 588.5347 588.3314 588.3781 588.7294 589.4285 590.5238 592.0385 593.6184 595.0553 596.082 597.1069 598.1239 599.317 600.9879 603.4711 606.8196
-9999 -9999 -9999 -9999 -9999 -9999 -9999 -9999 -9999 -9999 -9999 -9999 -9999 -9999 -9999 -9999 -9999 -9999 -9999 -9999 -9999 -9999 -9999 -9999 -9999 -9999 -9999 -9999 -9999 610.621 607.5958 605.1639 603.7449 602.9596 602.3762 601.9362 601.4221 600.989 600.5131 599.8153 598.7891 597.5012 596.1586 594.838 593.7926 592.822 592.0125 591.3384 590.7719 590.1615 589.7136 589.1755 588.7499 588.5437 588.6487 589.1538 590.1484 591.7615 593.6336 595.3315 596.655 597.5281 598.4681 599.7134 601.5001 603.8629 607.0104 610.7833
-9999 -9999 -9999 -9999 -9999 -9999 -9999 -9999 -9999 -9999 -9999 -9999 -9999 -9999 -9999 -9999 -9999 -9999 -9999 -9999 -9999 -9999 -9999 -9999 -9999 -9999 -9999 -9999 -9999 612.4037 608.8713 605.8303 603.886 602.6862 601.9244 601.3271 600.9092 600.6692 600.4402 599.8236 598.9254 597.6965 596.293 594.9442 593.8995 592.9752 592.2449 591.6497 591.1591 590.4791 589.8815 589.4225 589.009 588.8046 588.9501 589.5822 590.8347 592.736 594.8113 596.5678 597.8628 598.8872 600.0224 601.7847 604.2531 607.3618 610.9874 614.8674
-9999 -9999 -9999 -9999 -9999 -9999 -9999 -9999 -9999 -9999 -9999 -9999 -9999 -9999 -9999 -9999 -9999 -9999 -9999 -9999 -9999 -9999 -9999 -9999 -9999 -9999 -9999 -9999 -9999 614.1213 610.4085 606.9819 604.5182 602.8785 601.8305 601.0451 600.6301 600.5123 600.4701 600.0942 599.5317 598.6599 597.4023 596.0971 594.8488 593.8273 592.9202 592.1411 591.4425 590.8154 590.2285 589.7429 589.2825 589.0563 589.191 589.8557 591.2713 593.3058 595.5167 597.2892 598.8906 600.3425 602.0244 604.4588 607.6231 611.2395 615.0383 618.752
