backend/lakes/data/McLeod Lake/mcle_dem_tm.asc
ncols         93
nrows         82
xllcorner     455150
yllcorner     6012400
cellsize      50
NODATA_value  -9999
[rows 30 to 59 of 82, columns 0 to 67 of 93]
-9999 -9999 -9999 -9999 -9999 -9999 -9999 -9999 -9999 -9999 -9999 -9999 -9999 -9999 -9999 -9999 -9999 -9999 -9999 -9999 -9999 -9999 -9999 -9999 -9999 -9999 -9999 -9999 878.6266 877.7526 874.7055 869.9899 864.3862 858.8453 854.3531 851.4211 848.7731 847.2441 846.2895 845.455 844.7681 844.3652 844.147 844.055 844.0547 844.1129 844.1888 844.2349 844.2232 844.1854 844.2609 844.5919 844.809 845.2258 845.722 846.2858 847.0103 848.0258 849.5014 851.3973 853.9507 856.9288 860.0962 863.3645 866.7323 869.9536 872.7851 875.1961
-9999 -9999 -9999 -9999 -9999 -9999 -9999 -9999 -9999 -9999 -9999 -9999 -9999 -9999 -9999 -9999 -9999 -9999 -9999 -9999 -9999 -9999 -9999 -9999 -9999 -9999 -9999 874.3364 875.4144 875.0178 872.7759 868.8228 863.8248 858.6005 854.0366 850.8572 848.3583 846.8373 845.8982 844.9763 844.5566 844.2921 844.0881 843.9509 843.9049 843.9373 843.9913 843.9893 843.8701 843.641 843.4169 843.64 844.0234 844.5617 845.1062 845.5627 846.0609 846.6627 847.5695 848.7597 850.5983 853.0281 855.83 858.8015 862.0251 865.3976 868.4506 871.0737
-9999 -9999 -9999 -9999 -9999 -9999 -9999 -9999 -9999 -9999 -9999 -9999 -9999 -9999 -9999 -9999 -9999 -9999 -9999 -9999 -9999 -9999 -9999 -9999 -9999 -9999 870.064 871.024 871.5008 871.0431 869.2592 866.076 861.9551 857.4971 853.3556 850.2327 847.8904 846.3455 845.3455 844.7715 844.5374 844.3627 844.1379 843.9233 843.8031 843.7888 843.8104 843.7549 843.5312 843.1158 842.6335 842.6137 842.9747 843.4431 844.207 844.5789 844.8123 845.1902 845.7202 846.3549 847.4791 849.2037 851.413 854.0244 856.994 860.3363 863.6867 866.6514
-9999 -9999 -9999 -9999 -9999 -9999 -9999 -9999 -9999 -9999 -9999 -9999 -9999 -9999 -9999 -9999 -9999 -9999 -9999 -9999 -9999 -9999 -9999 -9999 -9999 867.8362 867.9983 867.8768 867.4202 866.4818 864.8035 862.2658 859.1463 855.8201 852.5583 849.6744 847.491 845.989 844.9057 844.6316 844.6559 844.5729 844.2899 843.9537 843.7252 843.6469 843.6316 843.506 843.1351 842.4004 841.8318 841.7604 841.8552 842.1774 842.8893 843.2508 843.3961 843.5798 843.9105 844.2247 844.8106 845.8768 847.4066 849.5232 852.2021 855.3432 858.8046 862.1508
-9999 -9999 -9999 -9999 -9999 -9999 -9999 -9999 -9999 -9999 -9999 -9999 -9999 -9999 -9999 -9999 -9999 -9999 -9999 -9999 -9999 -9999 -9999 -9999 867.5891 867.1169 866.3525 865.0607 863.533 861.8801 860.0591 857.9745 855.8162 853.7354 851.7086 849.4169 847.3167 845.8539 844.8339 844.7501 844.9949 844.9291 844.5062 843.9944 843.6281 843.4781 843.4415 843.2303 842.6549 841.8718 841.5546 841.5125 841.5127 841.6647 841.8855 842.2273 842.3898 842.491 842.6233 842.7507 842.9893 843.4551 844.2858 845.8687 848.1454 850.9893 854.3036 857.7969
-9999 -9999 -9999 -9999 -9999 -9999 -9999 -9999 -9999 -9999 -9999 -9999 -9999 -9999 -9999 -9999 -9999 -9999 -9999 -9999 -9999 -9999 -9999 -9999 867.4395 866.5366 864.8221 862.5142 860.0172 857.6557 855.6353 853.873 852.4781 851.4061 850.4296 849.0027 847.5685 846.2738 845.2341 845.1771 845.5939 845.3582 844.6833 843.9701 843.4685 843.2639 843.2488 842.9788 842.4904 841.9591 841.7298 841.7203 841.618 841.7276 841.7365 841.8469 841.9039 841.9144 841.9233 841.9423 841.9976 842.1028 842.3292 843.3782 845.2097 847.6421 850.6041 853.8984
-9999 -9999 -9999 -9999 -9999 -9999 -9999 -9999 -9999 -9999 -9999 -9999 -9999 -9999 -9999 -9999 -9999 -9999 -9999 -9999 -9999 -9999 -9999 -9999 867.0632 865.8198 863.4207 860.3308 857.0921 854.2562 852.2646 850.8301 849.9457 849.2729 848.6966 848.3328 847.84 847.2468 846.4537 845.9656 846.3732 845.5056 844.6105 843.8366 843.2755 843.0784 843.0114 842.8257 842.5088 842.1786 841.9846 841.8831 841.7437 841.8118 841.8261 841.8459 841.8298 841.7758 841.7168 841.6895 841.7015 841.6996 841.5739 842.095 843.5441 845.5359 847.9492 850.6861
-9999 -9999 -9999 -9999 -9999 -9999 -9999 -9999 -9999 -9999 -9999 -9999 -9999 -9999 -9999 -9999 -9999 -9999 -9999 -9999 -9999 -9999 -9999 866.4961 866.5157 865.1469 862.2919 858.6747 855.0234 852.0184 850.123 849.0432 848.3499 847.6779 847.0804 847.4027 848.1252 848.6704 848.3028 847.4726 846.574 845.4155 844.5479 843.8087 843.2695 843.0494 842.9397 842.8311 842.6658 842.483 842.3505 842.2546 842.1558 842.1246 842.0983 842.0739 842.023 841.9377 841.835 841.7631 841.7265 841.552 841.4882 841.9797 843.1741 844.7633 846.6094 848.429
-9999 -9999 -9999 -9999 -9999 -9999 -9999 -9999 -9999 -9999 -9999 -9999 -9999 -9999 -9999 -9999 -9999 -9999 -9999 -9999 -9999 -9999 -9999 865.2439 865.7787 864.2998 861.2618 857.4329 853.6659 850.775 849.1829 848.3156 847.7282 846.9408 846.3395 846.6654 848.0273 849.6182 850.3021 849.5466 848.0654 846.4535 845.1329 844.1994 843.5674 843.2466 843.0498 842.9908 842.9304 842.8568 842.7968 842.7465 842.6726 842.5411 842.4611 842.4197 842.3693 842.277 842.1312 841.9918 841.8699 841.7424 841.8968 842.7074 843.5416 844.756 846.1971 847.0844
-9999 -9999 -9999 -9999 -9999 -9999 -9999 -9999 -9999 -9999 -9999 -9999 -9999 -9999 -9999 -9999 -9999 -9999 -9999 -9999 -9999 -9999 -9999 863.737 864.3904 862.9913 860.0389 856.3467 852.8316 850.3767 849.0675 848.2909 847.7051 846.887 846.2904 846.4104 847.7378 849.767 851.5524 851.3454 849.7986 847.9733 846.3416 845.0341 844.1301 843.5715 843.2687 843.2527 843.2556 843.2571 843.2577 843.2543 843.2088 842.9581 842.8457 842.8159 842.7941 842.7228 842.5354 842.376 842.2766 842.2892 842.5945 843.2166 843.8627 844.7296 845.6445 846.3695
-9999 -9999 -9999 -9999 -9999 -9999 -9999 -9999 -9999 -9999 -9999 -9999 -9999 -9999 -9999 -9999 -9999 -9999 -9999 857.9542 858.2269 859.2087 860.6785 862.1228 862.7042 861.3403 858.5928 855.2617 852.301 850.6174 849.4733 848.6264 847.8802 847.082 846.3071 846.2168 847.0814 849.0656 851.2463 852.3807 851.0923 849.4792 847.84 846.3073 845.0253 844.1469 843.6455 843.5046 843.5406 843.6279 843.673 843.6556 843.55 843.3143 843.2719 843.2755 843.2659 843.2186 842.9579 842.8206 842.774 842.8487 843.2 843.6308 844.1113 844.7479 845.4584 846.1854
-9999 -9999 -9999 -9999 -9999 -9999 -9999 -9999 -9999 -9999 -9999 -9999 -9999 -9999 -9999 -9999 -9999 -9999 858.0703 857.9979 857.9086 858.2955 859.322 860.4509 860.8127 859.4338 856.9029 853.9985 851.7059 850.8852 849.9305 849.0651 848.2877 847.5051 846.4615 846.1414 846.5255 848.0124 850.0467 851.5024 851.6143 850.8053 849.4948 847.9014 846.3156 844.9943 844.1639 843.8474 843.9008 844.0927 844.189 844.1831 844.1055 843.9817 843.9532 843.9224 843.7762 843.588 843.2983 843.2484 843.2418 843.2767 843.5621 843.9634 844.3693 844.8383 845.5013 846.1973
-9999 -9999 -9999 -9999 -9999 -9999 -9999 -9999 -9999 -9999 -9999 -9999 -9999 -9999 -9999 -9999 -9999 857.7019 857.9939 857.8514 857.6709 857.7194 858.1191 858.663 858.6552 857.2244 854.9426 852.4523 850.6177 850.1929 849.8554 849.1949 848.5028 847.748 846.7996 846.2803 846.2161 847.0591 848.9508 850.9348 852.2607 852.4593 851.4594 849.8145 847.9269 846.1512 844.822 844.262 844.3445 844.723 844.925 844.9582 844.9069 844.8022 844.7579 844.6766 844.3529 844.0946 843.8015 843.6787 843.6489 843.7025 843.9475 844.3214 844.7764 845.2273 845.7743 846.2912
-9999 -9999 -9999 -9999 -9999 -9999 -9999 -9999 -9999 -9999 -9999 -9999 -9999 -9999 -9999 -9999 -9999 857.76 857.7762 857.5385 857.2913 856.9991 856.7678 856.7177 856.3053 854.8701 852.9134 850.9457 849.7356 849.4056 849.2719 848.9427 848.4609 847.8079 846.9484 846.2894 846.0426 846.5869 848.3304 850.6762 852.936 854.2095 853.7704 851.9885 849.7932 847.4886 845.5767 844.6639 844.7453 845.4126 846.0167 846.1625 846.0577 845.7368 845.5375 845.3287 844.9107 844.7006 844.3611 844.1852 844.1405 844.1893 844.41 844.8056 845.2667 845.7632 846.2411 846.6227
-9999 -9999 -9999 -9999 -9999 -9999 -9999 -9999 -9999 -9999 -9999 -9999 -9999 -9999 -9999 -9999 858.6165 858.19 857.6843 857.0979 856.6891 855.9745 855.0315 854.5635 853.9424 852.6678 851.0718 849.6487 848.8828 848.6866 848.6855 848.5879 848.3116 847.8088 847.0284 846.3262 846.0735 846.5024 848.1035 850.5554 853.3663 855.4769 855.848 854.2462 851.8758 849.1447 846.672 845.0378 844.8335 845.9268 846.8157 847.1081 846.9823 846.5899 846.3529 846.1458 845.6883 845.3842 845.014 844.8257 844.7903 844.8414 845.0503 845.4667 845.8315 846.2644 846.677 847.1179
-9999 -9999 -9999 -9999 -9999 -9999 -9999 -9999 -9999 -9999 -9999 -9999 -9999 -9999 -9999 -9999 859.8278 859.0043 857.7456 856.6051 855.5923 854.4315 853.4678 852.7283 851.981 850.8772 849.657 848.7246 848.2358 848.1436 848.23 848.2748 848.161 847.8163 847.1479 846.5287 846.2974 846.6433 847.9567 850.1828 853.135 855.7785 856.8838 856.1702 853.9826 850.8578 847.8469 845.6049 844.9301 846.2625 847.62 848.0747 848.0298 847.7075 847.2939 846.9323 846.4559 846.252 846.0428 845.7198 845.6398 845.7526 846.0743 846.2386 846.3137 846.6099 847.0438 847.6342
-9999 -9999 -9999 -9999 -9999 -9999 -9999 -9999 -9999 -9999 -9999 -9999 -9999 -9999 -9999 -9999 860.7992 859.425 857.6801 855.9409 854.3599 853.0722 852.0417 851.2021 850.5126 849.5898 848.7632 848.1483 847.8407 847.8171 847.9395 848.0424 848.0157 847.7997 847.2147 846.6552 846.3931 846.6299 847.6205 849.4456 852.1635 855.046 857.0617 857.3388 855.4364 852.3847 849.0997 846.2823 845.0154 846.7569 848.4908 849.1841 849.1735 848.7188 848.2091 847.8184 847.2855 846.9407 846.6308 846.3245 846.2737 846.2977 846.4382 846.5105 846.576 846.8206 847.2723 847.8923
-9999 -9999 -9999 -9999 -9999 -9999 -9999 -9999 -9999 -9999 -9999 -9999 -9999 -9999 -9999 863.3741 861.3658 859.3398 857.2 855.1268 853.2834 851.8932 850.8748 850.0818 849.4096 848.7724 848.2405 847.86 847.6805 847.6929 847.8049 847.8846 847.8318 847.6199 847.1605 846.6776 846.3993 846.514 847.2096 848.6245 850.9734 853.7383 856.072 857.0884 856.3455 853.891 850.6494 847.4775 845.7607 847.2213 848.7687 849.5256 849.6096 849.3723 849.1882 848.6886 847.9259 847.4617 847.0437 846.7225 846.5858 846.5484 846.5798 846.626 846.7364 847.0276 847.6445 848.4908
-9999 -9999 -9999 -9999 -9999 -9999 -9999 -9999 -9999 -9999 -9999 -9999 -9999 -9999 -9999 864.7746 861.982 859.2119 856.5898 854.2244 852.2605 850.863 849.9317 849.241 848.6522 848.2234 847.9338 847.7533 847.6854 847.7231 847.8064 847.8301 847.725 847.4762 847.076 846.6508 846.3679 846.3928 846.8786 847.9736 849.8406 852.2414 854.543 856.2388 856.843 855.4016 852.6197 849.3861 847.0898 847.5209 848.8832 849.53 849.5713 849.4793 849.4161 849.1013 848.2427 847.7673 847.2947 846.978 846.8155 846.7426 846.7368 846.798 846.996 847.3427 848.1194 849.4968
-9999 -9999 -9999 -9999 -9999 -9999 -9999 -9999 -9999 -9999 -9999 -9999 -9999 -9999 -9999 866.3386 862.9489 859.501 856.3177 853.5831 851.4168 850.0253 849.1915 848.5248 848.053 847.8032 847.722 847.7207 847.7567 847.8154 847.8649 847.8267 847.6136 847.327 846.9689 846.6 846.3325 846.3042 846.6382 847.4572 848.848 850.7639 852.7773 854.6109 856.1003 856.4261 854.6507 851.6983 848.8992 847.7036 848.6125 849.3047 849.135 849.0406 848.9151 848.432 847.868 847.6495 847.4374 847.262 847.1572 847.0928 847.0818 847.2013 847.6064 848.1335 849.3405 851.2959
-9999 -9999 -9999 -9999 -9999 -9999 -9999 -9999 -9999 -9999 -9999 -9999 -9999 -9999 -9999 867.8779 864.1785 860.3277 856.7315 853.6548 851.2228 849.6085 848.6797 848.0403 847.6378 847.4933 847.5599 847.7012 847.8153 847.8632 847.8265 847.6226 847.3554 847.0844 846.8011 846.5183 846.3002 846.2548 846.4838 847.0742 848.067 849.469 851.1205 852.9564 854.8151 856.3092 856.1545 854.0819 851.3143 849.3951 848.2656 849.2626 848.6707 848.5572 848.0061 847.9803 848.0023 848.0515 848.0331 847.9246 847.8368 847.7452 847.7228 847.8975 848.5604 849.6298 851.4041 854.0384
-9999 -9999 -9999 -9999 -9999 -9999 -9999 -9999 -9999 -9999 -9999 -9999 -9999 -9999 -9999 869.0688 865.4396 861.5714 857.8398 854.5402 851.834 849.9576 848.7449 847.9541 847.4985 847.3483 847.4659 847.6903 847.845 847.8306 847.6178 847.2852 846.9747 846.7418 846.5609 846.3979 846.2676 846.2447 846.4191 846.8713 847.6371 848.5455 849.7885 851.3958 853.423 855.4874 856.8839 856.0537 853.7256 851.2741 849.5486 849.2216 849.2033 849.4677 849.4177 849.5436 849.6323 849.7088 849.6451 849.3146 849.0173 848.6843 848.6649 849.1534 850.2832 851.9907 854.4531 857.5643
-9999 -9999 -9999 -9999 -9999 -9999 -9999 -9999 -9999 -9999 -9999 -9999 -9999 -9999 -9999 869.4241 866.2668 862.8337 859.3669 856.0545 853.1641 850.9208 849.3373 848.2719 847.6578 847.4108 847.483 847.7153 847.8777 847.8148 847.398 846.9307 846.5691 846.368 846.2878 846.257 846.2396 846.2676 846.4117 846.7385 847.2704 847.9642 849.0575 850.2468 852.0464 854.2459 855.9337 856.9184 855.7299 853.8604 852.3516 851.711 851.6041 851.7153 851.6426 851.6071 851.7825 851.8734 851.6958 851.1945 850.7131 850.2727 850.3817 851.2943 853.0477 855.4597 858.3577 861.4799
-9999 -9999 -9999 -9999 -9999 -9999 -9999 -9999 -9999 -9999 -9999 -9999 -9999 -9999 -9999 -9999 866.2303 863.6589 860.8806 857.8309 854.8815 852.3905 850.3668 848.9257 848.0671 847.6732 847.6198 847.7669 847.8276 847.5923 847.1224 846.6182 846.2429 846.0697 846.0677 846.1506 846.2472 846.3483 846.5022 846.7813 847.2408 847.9236 849.041 849.8892 851.238 853.188 854.9929 856.5454 856.7673 856.2955 855.7269 855.384 855.1525 854.9338 854.6306 854.4827 854.6114 854.6646 854.3912 853.8459 853.3536 853.0596 853.4066 854.777 857.0538 859.8386 862.7437 865.4812
-9999 -9999 -9999 -9999 -9999 -9999 -9999 -9999 -9999 -9999 -9999 -9999 -9999 -9999 -9999 -9999 865.1101 863.5125 861.7373 859.2764 856.5327 853.9462 851.696 849.8781 848.7095 848.0997 847.8539 847.8272 847.6591 847.3425 846.8891 846.423 846.0837 845.9474 845.9972 846.1545 846.3373 846.5109 846.7058 846.9921 847.4558 848.1525 849.2631 849.7841 850.9221 852.7926 854.7818 856.5221 857.5521 858.1823 858.7119 859.0114 858.9606 858.6335 858.2282 858.0861 858.2083 858.2456 857.9393 857.4074 856.9668 856.8713 857.5111 859.2192 861.7687 864.6539 867.3237 869.4689
-9999 -9999 -9999 -9999 -9999 -9999 -9999 -9999 -9999 -9999 -9999 -9999 -9999 -9999 -9999 -9999 -9999 862.4073 861.3397 859.6846 857.6418 855.437 853.2491 851.2589 849.7113 848.7507 848.2067 847.8457 847.5463 847.1898 846.7748 846.3896 846.1331 846.0551 846.1396 846.3279 846.5504 846.765 846.992 847.2991 847.8027 848.6469 849.7469 849.6721 851.0799 853.09 855.165 856.8575 858.1965 859.5549 860.9026 861.8824 862.261 862.1907 861.9864 862.0042 862.2162 862.3246 862.0695 861.5786 861.1878 861.2327 862.105 864.0497 866.7197 869.5405 871.9222 873.5237
-9999 -9999 -9999 -9999 -9999 -9999 -9999 -9999 -9999 -9999 -9999 -9999 -9999 -9999 -9999 -9999 -9999 860.4158 859.8394 858.9625 857.8707 856.5153 854.8387 852.9651 851.2159 849.8807 849.0018 848.3494 847.8139 847.3141 846.8708 846.558 846.4073 846.4056 846.5125 846.6882 846.8969 847.0994 847.3031 847.5516 847.8824 848.6307 849.5686 850.316 851.7225 853.7701 855.772 857.254 858.6404 860.3275 862.1202 863.6558 864.5812 865.1184 865.402 865.7191 866.1103 866.3961 866.2833 865.8717 865.5145 865.6358 866.6644 868.7443 871.4544 874.1719 876.3574 877.6541
-9999 -9999 -9999 -9999 -9999 -9999 -9999 -9999 -9999 -9999 -9999 -9999 -9999 -9999 -9999 -9999 -9999 -9999 858.2955 858.0433 857.7997 857.2996 856.3397 854.8484 853.1661 851.6846 850.4625 849.4781 848.6315 847.8752 847.2894 846.9963 846.9397 847.0085 847.1058 847.2095 847.3463 847.4818 847.6198 847.816 847.9779 848.509 849.3503 850.4712 852.2811 854.4531 856.3208 857.614 858.8926 860.6085 862.5469 864.4233 865.9833 867.142 868.0617 868.7952 -9999 869.9359 870.0433 869.7931 869.5276 869.74 870.8995 873.0433 875.7244 878.3474 880.4414 -9999
-9999 -9999 -9999 -9999 -9999 -9999 -9999 -9999 -9999 -9999 -9999 -9999 -9999 -9999 -9999 -9999 -9999 -9999 -9999 858.1225 858.37 858.4982 858.022 856.9463 855.5266 854.0364 852.6519 851.3814 850.1912 849.0987 848.2016 847.8334 847.8115 847.9131 847.9186 847.8298 847.8118 847.8207 847.8272 847.8864 848.051 848.5309 849.4387 850.894 853.0293 855.2316 856.9448 858.2123 859.4537 861.0434 -9999 864.8688 866.7388 -9999 -9999 -9999 -9999 -9999 -9999 -9999 872.9639 873.3768 874.6833 876.8486 879.4723 -9999 -9999 -9999
-9999 -9999 -9999 -9999 -9999 -9999 -9999 -9999 -9999 -9999 -9999 -9999 -9999 -9999 -9999 -9999 -9999 -9999 -9999 -9999 860.2461 860.6686 860.4258 859.5856 858.3528 856.9592 855.5792 854.1687 852.6121 851.1486 849.8873 849.2344 849.1071 849.2297 848.9954 848.4561 848.118 847.9813 847.9868 848.133 848.4462 849.0668 850.1485 852.0282 854.3425 856.5089 858.2316 859.5947 860.8443 -9999 -9999 -9999 -9999 -9999 -9999 -9999 -9999 -9999 -9999 -9999 -9999 -9999 -9999 -9999 -9999 -9999 -9999 -9999
