backend/lakes/data/Vincent Lake/vinc_dem_tm.asc
ncols         128
nrows         125
xllcorner     736250
yllcorner     5996600
cellsize      50
NODATA_value  -9999
[rows 60 to 89 of 125, columns 0 to 68 of 128]
-9999 -9999 -9999 -9999 -9999 -9999 -9999 -9999 -9999 -9999 -9999 -9999 -9999 -9999 -9999 -9999 -9999 -9999 -9999 -9999 -9999 -9999 -9999 -9999 651.79 652.6555 652.0636 650.0145 647.024 643.6835 640.5495 637.9993 636.0754 634.3671 632.7793 631.3298 629.8606 628.5128 627.7187 627.363 627.2722 627.2629 627.2803 627.2964 627.2968 627.281 627.2677 627.2751 627.3182 627.4087 627.5446 627.7086 627.8654 627.9648 628.1405 628.3148 628.4965 628.6687 628.7725 628.7921 628.7583 628.7377 628.7798 628.8828 629.0101 629.1243 629.2283 629.3418 629.48
-9999 -9999 -9999 -9999 -9999 -9999 -9999 -9999 -9999 -9999 -9999 -9999 -9999 -9999 -9999 -9999 -9999 -9999 -9999 -9999 -9999 -9999 -9999 -9999 -9999 653.21 653.4201 651.9443 649.2239 645.8028 642.2664 639.1302 636.6634 634.7734 633.2682 631.9798 630.5522 629.1491 628.1177 627.6752 627.5731 627.4983 627.4584 627.4304 627.3892 627.3239 627.269 627.2471 627.2677 627.3512 627.5063 627.7196 627.9541 628.101 628.2843 628.4708 628.6625 628.8448 628.978 629.0182 628.9885 628.9442 628.941 628.9991 629.0956 629.1979 629.2887 629.3778 629.4833
-9999 -9999 -9999 -9999 -9999 -9999 -9999 -9999 -9999 -9999 -9999 -9999 -9999 -9999 -9999 -9999 -9999 -9999 -9999 -9999 -9999 -9999 -9999 -9999 -9999 -9999 654.1876 653.3674 650.9886 647.5588 643.6856 640.0331 637.0757 634.92 633.4301 632.2255 630.8517 629.4877 628.496 627.9952 627.9252 627.7626 627.6857 627.6419 627.5816 627.4629 627.3624 627.3022 627.2763 627.3204 627.4629 627.6921 627.9598 628.188 628.4167 628.6305 628.832 629.0225 629.1671 629.2338 629.2144 629.1538 629.1091 629.1143 629.1669 629.2397 629.3133 629.3858 629.4809
-9999 -9999 -9999 -9999 -9999 -9999 -9999 -9999 -9999 -9999 -9999 -9999 -9999 -9999 -9999 -9999 -9999 -9999 -9999 -9999 -9999 -9999 -9999 -9999 -9999 -9999 654.5202 654.2549 652.267 648.9254 644.8345 640.7064 637.3259 634.9228 633.4148 632.2494 630.9366 629.6564 628.7841 628.2933 628.1047 627.9684 627.9593 627.9684 627.9415 627.7659 627.6262 627.5197 627.3996 627.3506 627.4364 627.6577 627.9575 628.2335 628.5092 628.7596 628.9773 629.1691 629.3229 629.4046 629.4049 629.3446 629.2725 629.2318 629.2374 629.2786 629.3379 629.4073 629.4844
-9999 -9999 -9999 -9999 -9999 -9999 -9999 -9999 -9999 -9999 -9999 -9999 -9999 -9999 -9999 -9999 -9999 -9999 -9999 -9999 -9999 -9999 -9999 -9999 -9999 -9999 654.3265 654.5372 653.0822 649.9708 645.8231 641.4514 637.7682 635.1105 633.4683 632.2798 631.0599 629.9166 629.1179 628.619 628.3756 628.2944 628.3621 628.4885 628.55 628.3546 628.2031 628.0311 627.717 627.4894 627.4559 627.6329 627.9526 628.2515 628.5643 628.8521 629.0858 629.2728 629.4196 629.5121 629.5303 629.4843 629.4071 629.3409 629.3112 629.3217 629.3742 629.4785 629.5901
-9999 -9999 -9999 -9999 -9999 -9999 -9999 -9999 -9999 -9999 -9999 -9999 -9999 -9999 -9999 -9999 -9999 -9999 -9999 -9999 -9999 -9999 -9999 -9999 -9999 -9999 653.5354 654.3766 653.4742 650.7157 646.6901 642.2952 638.4379 635.5347 633.6813 632.4344 631.4069 630.517 629.6222 629.0422 628.7406 628.6883 628.8489 629.1734 629.548 629.572 629.3798 629.0095 628.3042 627.7913 627.562 627.6389 627.9438 628.2588 628.6001 628.9163 629.1613 629.3342 629.4588 629.5432 629.5762 629.5522 629.4897 629.4212 629.3754 629.3589 629.3797 629.4796 629.6652
-9999 -9999 -9999 -9999 -9999 -9999 -9999 -9999 -9999 -9999 -9999 -9999 -9999 -9999 -9999 -9999 -9999 -9999 -9999 -9999 -9999 -9999 -9999 -9999 -9999 -9999 652.286 653.3772 653.3042 651.0313 647.2516 642.943 639.0375 636.0135 633.9938 632.6788 631.7878 630.9928 630.2086 629.5502 629.1587 629.0898 629.2817 629.7728 630.5502 630.7351 630.4478 629.9318 629.1804 628.3251 627.8403 627.7611 627.984 628.3229 628.6626 628.9714 629.2084 629.3583 629.4493 629.5101 629.545 629.5445 629.5104 629.4639 629.4283 629.405 629.3937 629.4888 629.7629
-9999 -9999 -9999 -9999 -9999 -9999 -9999 -9999 -9999 -9999 -9999 -9999 -9999 -9999 -9999 -9999 -9999 -9999 -9999 -9999 -9999 -9999 -9999 -9999 -9999 -9999 -9999 652.2117 652.7148 650.8479 647.4503 643.3992 639.5712 636.5349 634.4091 633.0784 632.2604 631.51 630.8468 630.178 629.6245 629.4637 629.5374 630.0745 630.6456 630.9747 630.9832 630.6331 630.0402 629.2136 628.4627 628.2573 628.4424 628.6348 628.8402 629.0507 629.2296 629.3431 629.3988 629.432 629.4604 629.4786 629.4767 629.4668 629.4712 629.4797 629.4826 629.6776 629.9827
-9999 -9999 -9999 -9999 -9999 -9999 -9999 -9999 -9999 -9999 -9999 -9999 -9999 -9999 -9999 -9999 -9999 -9999 -9999 -9999 -9999 -9999 -9999 -9999 -9999 -9999 -9999 651.0134 651.7582 650.3734 647.5937 644.0303 640.4266 637.3685 635.0629 633.5605 632.6027 631.9314 631.3585 630.835 630.2551 629.8036 629.4962 629.7253 630.2158 630.6837 630.9915 631.0013 630.789 630.1844 629.644 629.4516 629.396 629.2228 629.1644 629.1785 629.2328 629.2838 629.3108 629.3273 629.3561 629.3926 629.4167 629.437 629.4799 629.4938 629.6149 629.9323 630.2896
-9999 -9999 -9999 -9999 -9999 -9999 -9999 -9999 -9999 -9999 -9999 -9999 -9999 -9999 -9999 -9999 -9999 -9999 -9999 -9999 -9999 -9999 -9999 -9999 -9999 -9999 -9999 -9999 651.0046 650.2228 648.2567 645.3028 641.912 638.7283 636.1326 634.2781 633.0884 632.3575 631.7717 631.3214 630.8818 630.3538 629.8638 629.4995 629.7092 630.1639 630.6733 630.9816 631.0591 630.9684 630.8877 630.8636 630.6288 629.9949 629.6292 629.3761 629.2382 629.1914 629.189 629.212 629.2657 629.3386 629.3877 629.4202 629.4791 629.4733 629.6862 630.1855 630.6389
-9999 -9999 -9999 -9999 -9999 -9999 -9999 -9999 -9999 -9999 -9999 -9999 -9999 -9999 -9999 -9999 -9999 -9999 -9999 -9999 -9999 -9999 -9999 -9999 -9999 -9999 -9999 -9999 651.3973 651.1555 649.8798 647.4143 644.1157 640.6392 637.5593 635.2221 633.658 632.665 632.0951 631.7265 631.4149 631.0229 630.6212 630.0027 629.5909 629.6068 629.9171 630.7466 631.1447 631.5396 631.9489 632.2817 632.0743 631.1409 630.3127 629.6764 629.2791 629.0959 629.0535 629.0967 629.2087 629.3658 629.4799 629.5624 629.6179 629.4853 629.6609 630.3787 630.948
-9999 -9999 -9999 -9999 -9999 -9999 -9999 -9999 -9999 -9999 -9999 -9999 -9999 -9999 -9999 -9999 -9999 -9999 -9999 -9999 -9999 -9999 -9999 -9999 -9999 -9999 -9999 -9999 -9999 652.6412 651.9471 649.7994 646.6313 642.9142 639.3367 636.4745 634.4305 633.1729 632.4999 632.1443 631.9436 631.6339 631.2625 630.8138 630.3607 629.8391 630.0948 630.747 631.3587 632.1572 632.9445 633.6382 633.632 632.5715 631.1682 630.0657 629.3812 629.049 628.9452 628.9948 629.1664 629.4581 629.754 630.2644 630.4814 629.8339 629.5439 630.3673 630.8738
-9999 -9999 -9999 -9999 -9999 -9999 -9999 -9999 -9999 -9999 -9999 -9999 -9999 -9999 -9999 -9999 -9999 -9999 -9999 -9999 -9999 -9999 -9999 -9999 -9999 -9999 -9999 -9999 -9999 654.1338 653.7529 651.5869 648.8011 645.1008 641.1656 637.7686 635.2955 633.7657 632.9339 632.5521 632.4479 632.1401 631.7692 631.4026 631.082 630.8643 631.0298 631.5502 632.3651 633.2521 634.1592 634.8177 634.8802 633.9806 632.2536 630.5806 629.5945 629.129 628.9398 628.9445 629.0806 629.3433 629.7512 630.6634 630.8557 630.5051 629.6091 629.7687 630.508
-9999 -9999 -9999 -9999 -9999 -9999 -9999 -9999 -9999 -9999 -9999 -9999 -9999 -9999 -9999 -9999 -9999 -9999 -9999 -9999 -9999 -9999 -9999 -9999 -9999 -9999 -9999 -9999 -9999 -9999 654.784 652.2279 650.2621 646.8344 642.7442 639.0009 636.2363 634.4336 633.4302 632.9338 632.7185 632.4931 632.1703 631.9535 631.8906 632.0871 632.4625 633.1541 634.1221 635.022 635.704 635.9642 635.682 635.1096 633.3746 631.3902 630.0113 629.4308 629.1476 629.0898 629.1386 629.2935 629.6194 630.264 630.7096 630.824 629.9307 629.5776 629.829
-9999 -9999 -9999 -9999 -9999 -9999 -9999 -9999 -9999 -9999 -9999 -9999 -9999 -9999 -9999 -9999 -9999 -9999 -9999 -9999 -9999 -9999 -9999 -9999 -9999 -9999 -9999 -9999 -9999 -9999 655.3029 653.9771 651.6937 648.1187 643.9337 640.0569 637.1001 635.1647 634.0132 633.3636 633.0033 632.7662 632.5574 632.527 632.7125 633.2562 634.0642 635.1954 636.465 637.3403 637.6016 637.2947 636.584 635.6877 634.1529 632.1611 630.6736 629.9441 629.6597 629.6053 629.543 629.4824 629.4984 629.8245 630.3543 630.8286 630.5093 629.7029 629.5994
-9999 -9999 -9999 -9999 -9999 -9999 -9999 -9999 -9999 -9999 -9999 -9999 -9999 -9999 -9999 -9999 -9999 -9999 -9999 -9999 -9999 -9999 -9999 -9999 -9999 -9999 -9999 -9999 -9999 -9999 654.3799 654.091 652.0306 648.6674 644.7122 640.9685 638.005 635.9848 634.702 633.9286 633.4493 633.2393 633.1798 633.3262 633.7701 634.545 635.668 637.1812 638.6989 639.6074 639.5306 638.6973 637.3415 636.016 634.6815 632.7433 631.2399 630.6171 630.6608 630.7346 630.5566 630.2323 629.8372 629.8392 630.4387 630.9742 630.7128 630.1553 629.8004
-9999 -9999 -9999 -9999 -9999 -9999 -9999 -9999 -9999 -9999 -9999 -9999 -9999 -9999 -9999 -9999 -9999 -9999 -9999 -9999 -9999 -9999 -9999 -9999 -9999 -9999 -9999 -9999 -9999 -9999 -9999 653.0428 651.459 648.7047 645.3696 642.0698 639.2425 637.1489 635.6524 634.658 634.0863 633.951 634.0543 634.3789 635.0668 635.9822 637.2224 638.6693 640.1911 641.0994 641.1006 639.9318 638.1935 636.5249 634.9606 633.0975 631.607 631.1736 631.5392 631.9747 631.9706 631.6889 631.2292 630.9893 631.0445 631.0591 630.8548 630.4999 630.176
-9999 -9999 -9999 -9999 -9999 -9999 -9999 -9999 -9999 -9999 -9999 -9999 -9999 -9999 -9999 -9999 -9999 -9999 -9999 -9999 -9999 -9999 -9999 -9999 -9999 -9999 -9999 -9999 -9999 -9999 -9999 651.8461 650.6433 648.666 646.2137 643.615 641.0924 638.853 637.0751 635.7648 634.9973 634.8379 635.1823 635.7851 636.7628 637.7876 638.7631 639.7023 640.7495 641.7095 641.8114 640.6516 638.8751 637.0916 635.2877 633.4653 632.1932 631.9403 632.4277 633.1124 633.5612 633.5317 633.1627 632.7312 632.3116 631.8428 631.3729 630.9814 630.6677
-9999 -9999 -9999 -9999 -9999 -9999 -9999 -9999 -9999 -9999 -9999 -9999 -9999 -9999 -9999 -9999 -9999 -9999 -9999 -9999 -9999 -9999 -9999 -9999 -9999 -9999 -9999 -9999 -9999 -9999 -9999 -9999 650.0961 648.9119 647.3898 645.567 643.5028 641.2643 639.1204 637.4081 636.2661 635.9297 636.3439 637.2433 638.5525 639.7996 640.4525 640.5552 640.8889 641.3689 641.947 641.2297 639.6668 637.8231 635.7773 633.8754 632.5994 632.4751 633.0568 634.0687 634.9637 635.3375 635.2943 634.9387 634.2776 633.2771 632.3547 631.7489 631.4137
-9999 -9999 -9999 -9999 -9999 -9999 -9999 -9999 -9999 -9999 -9999 -9999 -9999 -9999 -9999 -9999 -9999 -9999 -9999 -9999 -9999 -9999 -9999 -9999 -9999 -9999 -9999 -9999 -9999 -9999 -9999 -9999 -9999 649.3481 648.6812 647.6982 646.2205 644.1832 641.8226 639.6577 638.1138 637.4414 637.6284 638.5181 640.0978 641.4697 641.9971 641.6666 641.3889 641.8342 642.3474 642.1985 640.9089 638.9452 636.5753 634.3596 632.8151 632.5753 633.3257 634.7488 636.048 637.0198 637.5264 637.4902 636.7516 635.3564 633.8264 632.8025 632.3017
-9999 -9999 -9999 -9999 -9999 -9999 -9999 -9999 -9999 -9999 -9999 -9999 -9999 -9999 -9999 -9999 -9999 -9999 -9999 -9999 -9999 -9999 -9999 -9999 -9999 -9999 -9999 -9999 -9999 -9999 -9999 -9999 -9999 -9999 649.8035 649.6766 648.8847 647.225 644.8853 642.4006 640.3522 639.2381 639.0475 639.6741 641.1501 642.2651 642.7399 642.6647 642.3388 642.8303 643.519 643.6076 642.4964 640.4464 637.8284 635.2299 633.2617 632.666 633.4097 635.1418 637.0394 638.7665 640.0361 640.4333 639.6953 638.0062 635.8967 634.1634 633.2861
-9999 -9999 -9999 -9999 -9999 -9999 -9999 -9999 -9999 -9999 -9999 -9999 -9999 -9999 -9999 -9999 -9999 -9999 -9999 -9999 -9999 -9999 -9999 -9999 -9999 -9999 -9999 -9999 -9999 -9999 -9999 -9999 -9999 -9999 -9999 651.1433 651.0682 649.9109 647.8423 645.3615 643.0347 641.4371 640.8483 641.2347 642.2033 642.7725 643.0297 643.0356 643.1185 643.8741 644.6568 644.7362 643.9135 642.0237 639.3795 636.5369 634.184 633.0544 633.6749 635.6502 638.1873 640.6979 642.6341 643.4502 642.8477 640.9905 638.4397 636.0028 634.4026
-9999 -9999 -9999 -9999 -9999 -9999 -9999 -9999 -9999 -9999 -9999 -9999 -9999 -9999 -9999 -9999 -9999 -9999 -9999 -9999 -9999 -9999 -9999 -9999 -9999 -9999 -9999 -9999 -9999 -9999 -9999 -9999 -9999 -9999 -9999 -9999 652.3822 651.8063 650.2461 648.1116 645.9216 644.1962 643.2747 643.0787 643.1132 643.0339 642.9813 642.9576 -9999 644.282 645.0638 645.2974 644.7643 643.2992 640.9254 638.1263 635.5905 634.2484 634.537 636.4515 639.3624 642.3853 644.7667 645.9601 645.676 643.9517 641.212 638.2027 635.7239
-9999 -9999 -9999 -9999 -9999 -9999 -9999 -9999 -9999 -9999 -9999 -9999 -9999 -9999 -9999 -9999 -9999 -9999 -9999 -9999 -9999 -9999 -9999 -9999 -9999 -9999 -9999 -9999 -9999 -9999 -9999 -9999 -9999 -9999 -9999 -9999 -9999 652.6896 651.7975 650.2693 648.5063 646.9155 645.7569 644.9239 644.0742 643.1795 642.5348 642.2548 -9999 -9999 644.8307 645.3319 645.2038 644.2717 642.4042 639.8997 637.3042 635.5709 635.6426 637.3254 640.2599 643.433 646.0411 647.5721 647.7654 646.5353 643.9123 640.603 637.4561
-9999 -9999 -9999 -9999 -9999 -9999 -9999 -9999 -9999 -9999 -9999 -9999 -9999 -9999 -9999 -9999 -9999 -9999 -9999 -9999 -9999 -9999 -9999 -9999 -9999 -9999 -9999 -9999 -9999 -9999 -9999 -9999 -9999 -9999 -9999 -9999 -9999 652.9745 652.6625 651.7814 650.5398 649.2013 647.9374 646.6503 645.2097 643.663 642.3661 -9999 -9999 -9999 -9999 644.8856 645.2642 644.952 643.6821 641.6462 639.1799 637.2164 636.8346 638.0483 640.6727 643.6552 646.3038 648.1646 649.049 648.4896 646.2361 642.9141 639.4161
-9999 -9999 -9999 -9999 -9999 -9999 -9999 -9999 -9999 -9999 -9999 -9999 -9999 -9999 -9999 -9999 -9999 -9999 -9999 -9999 -9999 -9999 -9999 -9999 -9999 -9999 -9999 -9999 -9999 -9999 -9999 -9999 -9999 -9999 -9999 -9999 -9999 -9999 -9999 653.0498 652.168 651.0526 649.7648 648.2259 646.4342 -9999 -9999 -9999 -9999 -9999 -9999 -9999 645.0242 645.4065 644.699 643.2755 641.092 639.067 638.095 638.4979 640.4684 642.9838 645.616 647.9186 649.4666 649.5299 647.8967 644.8425 641.247
-9999 -9999 -9999 -9999 -9999 -9999 -9999 -9999 -9999 -9999 -9999 -9999 -9999 -9999 -9999 -9999 -9999 -9999 -9999 -9999 -9999 -9999 -9999 -9999 -9999 -9999 -9999 -9999 -9999 -9999 -9999 -9999 -9999 -9999 -9999 -9999 -9999 -9999 -9999 -9999 -9999 -9999 -9999 -9999 -9999 -9999 -9999 -9999 -9999 -9999 -9999 -9999 644.663 645.7717 645.3494 644.848 643.1396 641.0906 639.9912 639.245 639.946 641.623 643.9967 646.5118 648.5363 649.493 648.6442 646.1787 642.8553
-9999 -9999 -9999 -9999 -9999 -9999 -9999 -9999 -9999 -9999 -9999 -9999 -9999 -9999 -9999 -9999 -9999 -9999 -9999 -9999 -9999 -9999 -9999 -9999 -9999 -9999 -9999 -9999 -9999 -9999 -9999 -9999 -9999 -9999 -9999 -9999 -9999 -9999 -9999 -9999 -9999 -9999 -9999 -9999 -9999 -9999 -9999 -9999 -9999 -9999 -9999 -9999 644.228 645.956 646.6898 646.6523 645.2043 642.9283 640.7416 639.3242 639.1154 640.0591 641.8976 644.3834 646.5747 647.9774 648.0829 646.6863 644.0945
-9999 -9999 -9999 -9999 -9999 -9999 -9999 -9999 -9999 -9999 -9999 -9999 -9999 -9999 -9999 -9999 -9999 -9999 -9999 -9999 -9999 -9999 -9999 -9999 -9999 -9999 -9999 -9999 -9999 -9999 -9999 -9999 -9999 -9999 -9999 -9999 -9999 -9999 -9999 -9999 -9999 -9999 -9999 -9999 -9999 -9999 -9999 -9999 -9999 -9999 -9999 -9999 -9999 646.2139 647.7366 648.2226 647.178 644.8627 642.0314 639.5701 638.4241 638.7079 640.1685 642.2791 644.2912 645.8785 646.7214 646.5779 644.9927
-9999 -9999 -9999 -9999 -9999 -9999 -9999 -9999 -9999 -9999 -9999 -9999 -9999 -9999 -9999 -9999 -9999 -9999 -9999 -9999 -9999 -9999 -9999 -9999 -9999 -9999 -9999 -9999 -9999 -9999 -9999 -9999 -9999 -9999 -9999 -9999 -9999 -9999 -9999 -9999 -9999 -9999 -9999 -9999 -9999 -9999 -9999 -9999 -9999 -9999 -9999 -9999 -9999 646.459 648.4329 649.3718 648.936 646.89 643.8069 640.5811 638.2742 637.7842 638.8621 640.7039 642.2045 643.7153 645.0599 645.8882 645.5336
