backend/lakes/data/Vincent Lake/vinc_dem_tm.asc
ncols         128
nrows         125
xllcorner     736250
yllcorner     5996600
cellsize      50
NODATA_value  -9999
[rows 30 to 59 of 125, columns 0 to 68 of 128]
-9999 -9999 -9999 -9999 -9999 -9999 -9999 -9999 -9999 -9999 -9999 -9999 -9999 -9999 -9999 -9999 -9999 -9999 -9999 -9999 641.087 641.504 641.0267 640.1775 639.2924 638.2819 637.017 635.7758 634.5219 633.4213 632.5745 632.2515 632.2286 632.2188 632.0116 631.3422 630.8146 630.5509 630.4659 630.4126 630.2951 630.1412 629.9398 629.7283 629.546 629.4741 629.533 629.7315 630.1013 630.655 631.3807 632.3091 633.1549 634.0066 634.9389 636.0161 637.2916 638.7883 640.5778 642.3897 643.9843 645.1482 645.7272 645.7425 645.5004 645.5204 645.872 646.0081 645.8334
-9999 -9999 -9999 -9999 -9999 -9999 -9999 -9999 -9999 -9999 -9999 -9999 -9999 -9999 -9999 -9999 -9999 -9999 -9999 -9999 641.2407 641.8408 641.2786 640.4467 639.5234 638.4547 637.4335 636.6025 635.3953 634.0334 632.8257 631.9929 631.3145 631.1634 631.0529 630.6975 630.3488 630.1342 630.0597 630.0579 630.0378 629.9666 629.8351 629.6706 629.525 629.442 629.4584 629.5831 629.8397 630.2817 630.9082 631.6543 632.4383 633.2065 634.01 634.8945 635.9214 637.1941 638.6791 640.2632 641.721 642.8553 643.6188 643.9695 644.0486 644.2854 644.8411 645.1666 645.0403
-9999 -9999 -9999 -9999 -9999 -9999 -9999 -9999 -9999 -9999 -9999 -9999 -9999 -9999 -9999 -9999 -9999 -9999 -9999 -9999 642.0082 642.217 641.7873 640.6335 639.2017 637.9073 637.3734 637.3289 636.3678 634.8917 633.5415 632.3744 631.3256 630.8427 630.5822 630.3176 630.0717 629.9027 629.8384 629.8573 629.8873 629.8654 629.7776 629.6541 629.5377 629.4714 629.4714 629.524 629.6573 629.9668 630.4258 631.024 631.7192 632.4529 633.1841 633.974 634.8415 635.8591 637.066 638.3298 639.5814 640.5686 641.4155 642.0309 642.4474 642.9282 643.703 644.3279 644.3212
-9999 -9999 -9999 -9999 -9999 -9999 -9999 -9999 -9999 -9999 -9999 -9999 -9999 -9999 -9999 -9999 -9999 -9999 -9999 643.3663 643.0341 642.8264 642.3363 640.928 639.0733 637.7056 637.1646 637.9982 637.1458 635.8894 634.5376 633.2283 632.0204 631.0613 630.5322 630.1895 629.9476 629.7891 629.722 629.7346 629.7818 629.7855 629.7225 629.6244 629.5328 629.48 629.4798 629.4791 629.4857 629.6891 629.9673 630.4317 631.0054 631.6656 632.3445 633.0872 633.8929 634.7841 635.7987 636.9167 637.9907 638.6238 639.3378 639.9775 640.5133 641.1316 642.0605 642.9022 643.2708
-9999 -9999 -9999 -9999 -9999 -9999 -9999 -9999 -9999 -9999 -9999 -9999 -9999 -9999 -9999 -9999 -9999 -9999 -9999 644.6155 643.9153 643.3549 642.6458 641.1753 639.102 637.7234 637.124 637.2874 637.2076 636.6792 635.6147 634.2137 632.7623 631.498 630.7155 630.2183 629.9112 629.7338 629.6534 629.651 629.6844 629.6998 629.6525 629.5645 629.4799 629.416 629.3817 629.3535 629.3524 629.4612 629.5327 629.8796 630.2947 630.8434 631.3582 632.1047 632.8588 633.7391 634.6868 635.6599 636.5416 637.1091 637.5729 638.0463 638.5634 639.2958 640.1286 641.019 641.7048
-9999 -9999 -9999 -9999 -9999 -9999 -9999 -9999 -9999 -9999 -9999 -9999 -9999 -9999 -9999 -9999 -9999 -9999 -9999 645.7165 644.9783 644.1788 643.1724 641.59 639.4947 637.8801 637.1409 637.0544 637.1647 637.0104 636.4529 635.1291 633.5848 632.1603 631.0222 630.3099 629.8981 629.6884 629.6008 629.5854 629.6036 629.6057 629.5651 629.4801 629.3872 629.3044 629.2371 629.1792 629.144 629.1658 629.2203 629.4283 629.6116 630.0219 630.4036 630.9495 631.6598 632.5123 633.525 634.4868 635.3586 635.9961 636.425 636.7164 637.2361 637.8217 638.4817 639.2473 639.9649
-9999 -9999 -9999 -9999 -9999 -9999 -9999 -9999 -9999 -9999 -9999 -9999 -9999 -9999 -9999 -9999 -9999 -9999 -9999 646.2526 645.6461 644.7628 643.5406 641.8297 639.733 637.9093 637.1202 636.9352 637.0411 637.0158 636.7086 635.646 634.0638 632.5058 631.1755 630.3398 629.8547 629.6267 629.5481 629.5364 629.5422 629.5298 629.4799 629.3879 629.2784 629.1699 629.0706 628.9792 628.9039 628.8662 628.8793 628.9774 629.1152 629.3689 629.523 629.8248 630.4318 631.1767 632.1712 633.2194 634.1809 635.1014 635.712 636.0623 636.3648 636.6738 637.1014 637.7504 638.5082
-9999 -9999 -9999 -9999 -9999 -9999 -9999 -9999 -9999 -9999 -9999 -9999 -9999 -9999 -9999 -9999 -9999 649.3582 647.313 646.0353 645.2254 644.3962 643.1806 641.6152 639.7534 637.9777 637.0839 636.6948 636.662 636.8025 636.5063 635.4175 633.9884 632.5253 631.193 630.3036 629.7753 629.5564 629.5009 629.5063 629.5109 629.4802 629.4114 629.2987 629.1654 629.0272 628.8953 628.7719 628.6609 628.5797 628.5468 628.5678 628.6381 628.7558 628.8636 629.1083 629.5372 630.0627 630.826 631.7698 632.8657 634.0319 634.9924 635.449 635.6046 635.7125 635.9661 636.5643 637.386
-9999 -9999 -9999 -9999 -9999 -9999 -9999 -9999 -9999 -9999 -9999 -9999 -9999 -9999 -9999 -9999 652.4451 649.4796 646.9932 645.2225 644.0597 643.1326 642.1149 640.9653 639.6027 638.1125 637.035 636.2584 635.8055 635.6675 635.3597 634.4775 633.4011 632.2544 631.092 630.2094 629.6591 629.5001 629.4756 629.4976 629.5085 629.4794 629.363 629.2139 629.0513 628.8834 628.7206 628.5688 628.4326 628.3256 628.2607 628.2224 628.2431 628.2911 628.3829 628.672 629.1356 629.7001 630.1017 630.621 631.5981 632.8308 633.9513 634.5912 634.8389 635.0027 635.2454 635.7195 636.5052
-9999 -9999 -9999 -9999 -9999 -9999 -9999 -9999 -9999 -9999 -9999 -9999 -9999 -9999 -9999 655.2763 652.443 649.3043 646.3657 644.0122 642.3743 641.4075 640.7474 640.1119 639.2655 638.1043 636.9568 635.8065 634.9888 634.4758 634.0987 633.431 632.5869 631.7068 630.8501 630.0551 629.5162 629.4799 629.48 629.4945 629.4799 629.41 629.2778 629.1121 628.9301 628.7409 628.5542 628.3813 628.2307 628.1188 628.0566 627.9647 627.9578 627.9564 627.9916 628.2926 628.6832 629.0748 629.6064 630.1895 630.5786 631.7445 632.9604 633.8026 634.1433 634.4378 634.7415 635.1832 635.8634
-9999 -9999 -9999 -9999 -9999 -9999 -9999 -9999 -9999 -9999 -9999 -9999 -9999 -9999 656.7351 654.8685 652.1695 648.9012 645.5565 642.6589 640.6043 639.6544 639.4783 639.3713 638.9883 638.0545 636.8552 635.4803 634.3558 633.6715 633.1393 632.4968 631.7717 631.0684 630.4528 629.9048 629.5444 629.48 629.4864 629.4799 629.4177 629.3121 629.1653 628.9917 628.8019 628.6035 628.4054 628.2218 628.0652 627.9623 627.9562 627.8429 627.7756 627.7418 627.7653 627.9254 628.0254 628.2832 628.9156 629.3521 629.7891 630.8578 632.1002 633.0397 633.6036 634.0256 634.3833 634.8304 635.4816
-9999 -9999 -9999 -9999 -9999 -9999 -9999 -9999 -9999 -9999 -9999 -9999 -9999 -9999 655.974 654.1902 651.6179 648.3397 644.775 641.528 639.1829 638.1785 638.4053 638.6859 638.6885 637.8472 636.5671 635.0742 633.9102 633.0817 632.4085 631.71 631.0538 630.5168 630.0865 629.7546 629.5431 629.502 629.4798 629.4175 629.3193 629.1917 629.0365 628.8613 628.6724 628.4769 628.2832 628.1075 627.9619 627.8728 627.8177 627.7212 627.6416 627.5837 627.5529 627.5643 627.5727 627.7219 628.0916 628.5458 629.0978 630.0125 631.2419 632.3265 633.0581 633.5916 634.0305 634.4717 635.0488
-9999 -9999 -9999 -9999 -9999 -9999 -9999 -9999 -9999 -9999 -9999 -9999 -9999 -9999 655.0679 653.1921 650.7425 647.6404 644.1586 640.8995 638.5652 637.4473 637.3841 637.7978 637.8564 637.1679 635.9211 634.5323 633.4371 632.5453 631.7375 631.041 630.4847 630.0634 629.7664 629.6054 629.481 629.4784 629.4042 629.306 629.1888 629.0535 628.8998 628.7308 628.5502 628.3651 628.1882 628.043 627.9581 627.8315 627.7262 627.6224 627.5409 627.4723 627.4012 627.3284 627.2738 627.342 627.5836 627.967 628.5296 629.4047 630.539 631.5844 632.4387 633.0804 633.5906 634.0687 634.6523
-9999 -9999 -9999 -9999 -9999 -9999 -9999 -9999 -9999 -9999 -9999 -9999 -9999 -9999 653.9615 651.9107 649.5591 646.77 643.619 640.5355 638.2195 636.989 636.6722 636.8286 636.8256 636.2642 635.2403 634.0258 632.9548 632.0425 631.1422 630.5047 630.0381 629.7098 629.4922 629.4725 629.3755 629.323 629.2423 629.1432 629.0304 628.9045 628.764 628.6091 628.4435 628.2723 628.1064 627.9615 627.8903 627.779 627.6605 627.5507 627.4692 627.4038 627.3188 627.2061 627.1086 627.1127 627.2617 627.5435 627.9899 628.7046 629.6575 630.7109 631.6491 632.4391 633.0652 633.621 634.2099
-9999 -9999 -9999 -9999 -9999 -9999 -9999 -9999 -9999 -9999 -9999 -9999 -9999 -9999 -9999 650.4922 648.1996 645.813 643.1638 640.3768 638.0341 636.6946 636.1268 636.0009 635.7885 635.3393 634.424 633.3851 632.3397 631.3428 630.6099 630.0821 629.7084 629.4756 629.3154 629.2614 629.1874 629.119 629.0397 628.9518 628.8563 628.7512 628.6335 628.5015 628.3588 628.2119 628.0732 627.9597 627.8779 627.7616 627.6284 627.5099 627.4247 627.3663 627.2894 627.168 627.0472 627.0109 627.0874 627.2571 627.5458 628.0342 628.787 629.7077 630.7125 631.6149 632.4166 633.133 633.8782
-9999 -9999 -9999 -9999 -9999 -9999 -9999 -9999 -9999 -9999 -9999 -9999 -9999 -9999 -9999 649.1733 646.978 645.0414 642.9232 640.4823 638.191 636.6985 635.864 635.5637 635.1755 634.6211 633.8403 632.8262 631.7561 630.8682 630.2393 629.8032 629.4909 629.3066 629.1676 629.0781 628.9933 628.9128 628.8342 628.758 628.6819 628.6012 628.5102 628.4066 628.2919 628.1732 628.0592 627.9605 627.9014 627.7822 627.6312 627.5001 627.4083 627.3511 627.2879 627.1806 627.0636 627.0104 627.0385 627.1073 627.2404 627.526 628.0344 628.7765 629.6607 630.6293 631.5506 632.4478 633.3331
-9999 -9999 -9999 -9999 -9999 -9999 -9999 -9999 -9999 -9999 -9999 -9999 -9999 -9999 -9999 648.3164 646.2494 644.7236 643.096 641.0261 638.8391 637.113 635.9402 635.538 634.9171 634.1602 633.3704 632.4147 631.2925 630.5307 630.0198 629.6924 629.4745 629.2542 629.0739 628.9386 628.8272 628.7319 628.6508 628.5824 628.5225 628.4633 628.3973 628.321 628.2365 628.1495 628.0697 628.0072 627.9592 627.825 627.6595 627.516 627.4197 627.3612 627.3049 627.2182 627.1259 627.0823 627.0874 627.0793 627.0783 627.1931 627.5028 628.0101 628.6907 629.5078 630.5346 631.6036 632.7421
-9999 -9999 -9999 -9999 -9999 -9999 -9999 -9999 -9999 -9999 -9999 -9999 -9999 -9999 -9999 -9999 646.1391 644.8932 643.6876 642.0093 639.974 638.0488 636.6061 636.0415 635.0154 634.0449 633.1764 632.2626 631.134 630.3969 629.938 629.6631 629.476 629.2299 629.0068 628.8296 628.6917 628.5834 628.4998 628.4369 628.3888 628.3458 628.2988 628.2438 628.183 628.1226 628.067 628.0187 627.9602 627.8397 627.6861 627.5448 627.4509 627.3972 627.3483 627.2776 627.2139 627.1964 627.2013 627.1458 627.0469 627.0328 627.2018 627.5349 627.9697 628.5009 629.4457 630.6716 632.1167
-9999 -9999 -9999 -9999 -9999 -9999 -9999 -9999 -9999 -9999 -9999 -9999 -9999 -9999 -9999 -9999 646.2274 645.1965 644.4041 643.1443 641.3672 639.4058 637.6262 636.3127 635.1422 634.0678 633.1627 632.2594 631.1507 630.4248 629.9646 629.6821 629.4757 629.2004 628.9434 628.7361 628.5787 628.4624 628.3786 628.3214 628.2833 628.2524 628.2178 628.1749 628.1282 628.0848 628.0443 628.0066 627.9595 627.8381 627.6964 627.5755 627.4908 627.4485 627.4153 627.3649 627.3252 627.3342 627.3514 627.2819 627.1265 627.0363 627.1356 627.4081 627.7642 628.1917 628.7203 629.693 631.2706
-9999 -9999 -9999 -9999 -9999 -9999 -9999 -9999 -9999 -9999 -9999 -9999 -9999 -9999 -9999 -9999 -9999 645.3999 644.8218 644.1225 642.78 640.9777 639.0517 637.2441 635.7133 634.406 633.4022 632.4462 631.3826 630.6221 630.0927 629.7404 629.4736 629.1582 628.8762 628.6509 628.4827 628.3623 628.2795 628.2274 628.1987 628.1786 628.1526 628.115 628.0728 628.0382 628.0015 627.9601 627.907 627.8055 627.6851 627.5892 627.5323 627.504 627.4907 627.4674 627.4543 627.4851 627.5173 627.4631 627.2941 627.1725 627.2479 627.528 627.9108 628.4396 629.0094 629.0101 630.4647
-9999 -9999 -9999 -9999 -9999 -9999 -9999 -9999 -9999 -9999 -9999 -9999 -9999 -9999 -9999 -9999 -9999 645.5718 645.0316 644.6506 644.0125 642.6672 640.8206 638.7768 636.8477 635.2675 634.0306 632.9836 631.9893 631.006 630.3159 629.8391 629.4691 629.1104 628.8088 628.5746 628.402 628.2802 628.1964 628.1449 628.1251 628.1143 628.0959 628.0614 628.0176 627.9943 627.9601 627.923 627.8646 627.7725 627.67 627.5918 627.5607 627.5577 627.5656 627.5682 627.5797 627.6296 627.6793 627.6588 627.5191 627.3989 627.4358 627.6532 627.9851 628.3832 628.5196 628.5127 629.8684
-9999 -9999 -9999 -9999 -9999 -9999 -9999 -9999 -9999 -9999 -9999 -9999 -9999 -9999 -9999 -9999 -9999 -9999 645.2929 644.9933 644.8947 644.2614 642.796 640.752 638.5311 636.5067 634.9088 633.6423 632.4752 631.3818 630.5908 629.9944 629.4788 629.085 628.7666 628.5166 628.3359 628.212 628.1227 628.0624 628.0514 628.0482 628.0375 628.0103 627.9603 627.96 627.9323 627.8956 627.8407 627.7562 627.6647 627.5999 627.5823 627.5996 627.6307 627.6595 627.6908 627.7495 627.8126 627.827 627.764 627.6847 627.6853 627.7866 627.9507 628.1323 628.1971 628.3609 629.3287
-9999 -9999 -9999 -9999 -9999 -9999 -9999 -9999 -9999 -9999 -9999 -9999 -9999 -9999 -9999 -9999 -9999 -9999 -9999 645.3022 645.701 645.6165 644.7398 642.8735 640.4739 638.0353 635.9357 634.3204 633.0564 631.9951 631.013 630.3093 629.609 629.1625 628.7887 628.4931 628.2839 628.1501 628.0474 627.9611 627.9592 627.9597 627.96 627.9595 627.9238 627.9131 627.894 627.8647 627.8196 627.7534 627.6747 627.6182 627.6089 627.6373 627.6821 627.7323 627.7816 627.8429 627.9048 627.9309 627.9595 627.9569 627.9554 627.9583 627.9601 627.9932 628.0296 628.1802 628.8555
-9999 -9999 -9999 -9999 -9999 -9999 -9999 -9999 -9999 -9999 -9999 -9999 -9999 -9999 -9999 -9999 -9999 -9999 -9999 -9999 646.4966 646.8427 646.4306 644.857 642.4119 639.6625 637.1445 635.1885 633.7108 632.5005 631.4727 630.8383 630.0332 629.4134 628.8975 628.501 628.2302 628.0788 627.9569 627.8389 627.7999 627.7994 627.8159 627.8347 627.837 627.8413 627.8392 627.8224 627.7925 627.7467 627.6921 627.649 627.6431 627.6766 627.7284 627.7892 627.8506 627.9113 627.9599 627.9601 628.0142 628.0676 628.0914 628.0724 628.0143 627.9601 627.959 627.9672 628.3629
-9999 -9999 -9999 -9999 -9999 -9999 -9999 -9999 -9999 -9999 -9999 -9999 -9999 -9999 -9999 -9999 -9999 -9999 -9999 -9999 647.3267 647.7556 647.5137 646.392 644.2452 641.4594 638.6615 636.2844 634.512 633.2118 632.1974 631.3076 630.4497 629.6484 629.0452 628.5205 628.1367 627.9457 627.7584 627.6316 627.5859 627.5955 627.6338 627.6794 627.7166 627.7467 627.7637 627.7678 627.7535 627.7303 627.7021 627.6826 627.6879 627.7223 627.7752 627.8381 627.9044 627.96 627.9845 627.9883 628.0359 628.1093 628.1699 628.1713 628.1017 627.9922 627.8894 627.8188 627.9714
-9999 -9999 -9999 -9999 -9999 -9999 -9999 -9999 -9999 -9999 -9999 -9999 -9999 -9999 -9999 -9999 -9999 -9999 -9999 -9999 -9999 648.2988 648.2579 647.6495 646.0708 643.4722 640.4881 637.7948 635.7347 634.2153 633.0789 632.1246 631.1242 630.1746 629.3531 628.594 627.9916 627.6827 627.4835 627.3746 627.3484 627.381 627.4456 627.5187 627.5846 627.6373 627.6757 627.696 627.7052 627.7023 627.7007 627.7095 627.7349 627.7767 627.8292 627.8918 627.9602 628.0151 628.0273 628.0195 628.0526 628.136 628.2288 628.2715 628.2267 628.1057 627.9518 627.813 627.7942
-9999 -9999 -9999 -9999 -9999 -9999 -9999 -9999 -9999 -9999 -9999 -9999 -9999 -9999 -9999 -9999 -9999 -9999 -9999 -9999 -9999 648.7042 648.8139 648.8361 647.9338 645.7366 642.8339 639.8876 637.4127 635.5826 634.1794 633.0422 631.9642 630.8033 629.704 628.7732 627.9697 627.5037 627.2533 627.1463 627.1392 627.1949 627.2826 627.3764 627.4601 627.5275 627.5778 627.6154 627.641 627.6646 627.6899 627.7273 627.7786 627.8363 627.8916 627.9603 628.0439 628.1047 628.1134 628.0901 628.0988 628.1759 628.2917 628.3817 628.3888 628.3015 628.1558 627.9992 627.8851
-9999 -9999 -9999 -9999 -9999 -9999 -9999 -9999 -9999 -9999 -9999 -9999 -9999 -9999 -9999 -9999 -9999 -9999 -9999 -9999 -9999 -9999 649.0923 649.8193 649.7184 648.1052 645.4608 642.4578 639.5869 637.3116 635.5398 634.1097 632.8008 631.4924 630.2863 629.1581 628.077 627.4589 627.1355 627.0075 627.0051 627.073 627.1713 627.2724 627.3594 627.4277 627.4805 627.5244 627.5676 627.6125 627.6678 627.7375 627.8184 627.899 627.9601 628.0448 628.1462 628.2236 628.2413 628.2137 628.1989 628.2546 628.3746 628.4991 628.567 628.5475 628.4626 628.3529 628.2398
-9999 -9999 -9999 -9999 -9999 -9999 -9999 -9999 -9999 -9999 -9999 -9999 -9999 -9999 -9999 -9999 -9999 -9999 -9999 -9999 -9999 -9999 649.2129 650.3948 650.9764 650.1833 648.0541 645.1401 642.0309 639.2792 637.0981 635.4026 633.9333 632.5018 631.0898 629.6932 628.3904 627.6099 627.1776 626.9969 626.9774 627.0392 627.1302 627.2204 627.2937 627.3479 627.39 627.4315 627.483 627.5502 627.6328 627.7338 627.8475 627.9592 628.028 628.1266 628.2537 628.3584 628.3998 628.3789 628.3527 628.3823 628.4882 628.6254 628.7382 628.7926 628.7968 628.7849 628.7643
-9999 -9999 -9999 -9999 -9999 -9999 -9999 -9999 -9999 -9999 -9999 -9999 -9999 -9999 -9999 -9999 -9999 -9999 -9999 -9999 -9999 -9999 -9999 650.4183 651.7825 651.7062 650.2997 647.7202 644.5574 641.4234 638.7626 636.752 635.1227 633.5826 632.0538 630.5413 629.0665 628.004 627.3925 627.1248 627.0686 627.1039 627.1674 627.2274 627.2702 627.2958 627.3152 627.344 627.3961 627.4786 627.5885 627.717 627.8473 627.9597 628.0726 628.2058 628.3641 628.5052 628.5782 628.575 628.5422 628.5483 628.6271 628.7585 628.8887 628.9924 629.0714 629.1587 629.2721
