backend/lakes/data/North Buck Lake/nort_dem_tm.asc
ncols         243
nrows         200
xllcorner     651950
yllcorner     6054150
cellsize      50
NODATA_value  -9999
[rows 93 to 123 of 200, columns 70 to 139 of 243]
609.6827 608.1999 606.9551 606.0841 605.6318 605.4805 605.457 605.1896 604.8428 604.52 604.2867 604.1448 604.0724 604.0506 604.0668 604.1002 604.1562 604.2198 604.2698 604.2945 604.2899 604.2601 604.2012 604.1154 604.0176 603.8757 603.8147 603.9276 604.2916 604.9534 605.8981 607.0694 608.36 608.547 608.379 607.9651 607.4689 606.9379 606.4024 605.8921 605.384 604.7771 604.2806 603.9584 603.8711 603.8594 603.8123 603.7839 603.7488 603.6747 603.5696 603.442 603.311 603.1977 603.137 603.1608 603.2903 603.5401 603.9353 604.5132 605.3781 606.629 608.2537 609.7579 611.1927 612.6334 613.7584 614.5601 615.1075 615.2266
611.0065 608.9602 607.4663 606.4277 605.88 605.7113 605.6873 605.487 605.105 604.7245 604.4545 604.3047 604.231 604.2162 604.2443 604.2897 604.3517 604.4193 604.4766 604.504 604.4825 604.4199 604.3218 604.2011 604.0906 604.036 604.1506 604.5264 605.2393 606.3575 607.8801 609.5328 611.1063 611.9554 612.1415 611.812 611.1741 610.3367 609.3621 608.3162 607.2239 606.0376 605.0697 604.3656 603.9916 603.9454 603.8304 603.8176 603.8159 603.757 603.6743 603.5627 603.4429 603.3391 603.3029 603.3795 603.5895 603.9386 604.4435 605.2133 606.4246 608.3101 610.5861 612.5585 614.3671 615.7817 616.8842 617.6646 618.1969 618.2272
613.5273 610.8939 608.7691 607.281 606.4868 606.2488 606.2465 606.094 605.5689 605.0539 604.7053 604.5325 604.4385 604.412 604.441 604.4832 604.5341 604.5942 604.6498 604.675 604.6355 604.5332 604.3933 604.2524 604.1984 604.3134 604.7144 605.4916 606.7075 608.4656 610.5043 612.618 614.5272 615.9017 616.5704 616.5136 615.8484 614.7245 613.2259 611.4907 609.6811 607.8463 606.2347 605.0809 604.548 604.2937 603.985 603.9497 603.9482 603.8671 603.8102 603.7111 603.6047 603.5065 603.4996 603.6453 603.9563 604.4114 605.0481 605.9962 607.509 609.5801 612.1222 614.5885 616.4388 617.556 618.5054 619.1487 619.7894 619.804
616.7129 613.7036 611.0542 608.9771 607.7196 607.3038 607.2946 607.1752 606.4155 605.6039 605.0999 604.8823 604.7208 604.6486 604.6596 604.6741 604.6949 604.7356 604.7865 604.8018 604.7355 604.5914 604.409 604.2953 604.3707 604.745 605.5507 606.882 608.7554 611.0292 613.4965 615.8832 618.0319 619.7886 620.9366 621.2595 620.7225 619.4074 617.4096 614.9689 612.3717 609.8326 607.5218 605.8315 605.2482 604.8943 604.4399 604.197 604.0618 603.9512 603.9485 603.8593 603.7823 603.6853 603.7212 603.9694 604.424 604.9843 605.748 606.8446 608.2268 609.9528 612.5389 615.0586 616.6299 617.4033 617.9261 618.6071 619.3339 619.7548
620.1364 616.9324 613.9755 611.5411 609.8745 609.0137 608.7866 608.4538 607.4664 606.4222 605.6669 605.3881 605.0803 604.9198 604.9036 604.8605 604.8337 604.8484 604.8927 604.8975 604.7942 604.6021 604.4213 604.3916 604.6602 605.3636 606.6643 608.7026 610.9819 613.5936 616.1906 618.5864 620.8056 622.837 624.4362 625.2076 624.9777 623.6396 621.2942 618.2662 614.926 611.6296 608.6354 606.4567 605.8244 605.2173 604.7276 604.4032 604.1931 604.0575 604.0046 603.9503 603.9475 603.8474 603.9645 604.3822 604.9523 605.5463 606.4196 607.3882 608.4557 609.6379 611.9779 614.263 615.5865 615.9594 616.2778 616.9489 -9999 -9999
623.4892 620.2369 617.1595 614.5725 612.6943 611.501 610.7428 609.8586 608.6445 607.4272 606.497 605.9293 605.4806 605.2134 605.1768 605.0428 604.9639 604.9478 604.9896 604.9926 604.8392 604.6269 604.4966 604.6196 605.1519 606.2277 608.0107 610.3245 612.8676 615.4301 617.7962 619.9319 622.0425 624.2559 626.2818 627.5237 627.8137 626.7167 624.2767 620.8984 617.0185 613.0801 609.4681 606.8588 605.7994 605.1936 604.7884 604.5016 604.2923 604.1451 604.0588 604.0042 603.9817 603.9597 604.2458 604.764 605.3864 605.8103 606.3678 606.9753 607.6401 608.8611 610.9075 612.7897 613.74 613.9567 614.2235 -9999 -9999 -9999
626.4692 623.2883 620.2408 617.6603 615.7314 614.3562 613.0945 611.6199 610.0511 608.6105 607.5231 606.7354 606.0894 605.6035 605.4512 605.2283 605.1296 605.0642 605.1041 605.125 604.905 604.6997 604.7089 605.0927 605.9879 607.5033 609.4522 611.6908 613.9354 615.9847 617.7409 619.4308 621.3637 -9999 -9999 -9999 -9999 628.0524 625.7796 622.3701 618.3369 614.1547 610.2884 607.3599 605.8737 605.1616 604.7761 604.5311 604.3562 604.2258 604.1392 604.0988 604.1152 604.2068 604.5044 604.9683 605.4713 605.7783 606.1199 606.5323 607.0934 608.1245 609.7369 611.1685 611.8094 611.9332 612.2103 -9999 -9999 613.4648
-9999 625.7512 622.8376 620.3917 618.5129 617.0426 615.5479 613.6168 611.7242 610.0453 608.8782 607.9772 607.1667 606.4862 605.9924 605.5715 605.4368 605.2427 605.2493 605.2723 605.0154 604.8987 605.1659 605.9565 607.3425 609.1147 611.0031 612.7219 614.2563 615.5471 616.5398 617.7055 -9999 -9999 -9999 -9999 627.3804 627.2328 625.3611 622.2972 618.5385 614.535 610.7891 607.8722 606.0594 605.2544 604.811 604.5591 604.4121 604.3136 604.2527 604.2378 604.2911 604.4307 604.6938 605.0709 605.4713 605.694 605.9354 606.2585 606.704 607.4496 608.5803 609.6738 610.3109 610.2785 610.4998 -9999 -9999 611.3656
-9999 -9999 624.5732 622.384 620.6216 619.1262 617.7426 615.8749 613.769 611.8903 610.7648 609.8053 608.8058 607.8963 607.0592 606.3718 605.9056 605.532 605.4658 605.4449 605.224 605.3674 606.0661 607.4213 609.1638 611.0414 612.5357 613.4436 614.1068 614.7151 614.8973 -9999 -9999 -9999 -9999 623.2966 624.6081 624.6487 623.1825 620.5859 617.3616 613.9044 610.6205 608.0105 606.2953 605.4358 604.9111 604.6255 604.4901 604.4275 604.4042 604.4189 604.488 604.6215 604.8292 605.1234 605.4666 605.7158 606.0082 606.3549 606.7535 607.3216 608.3112 608.6972 609.5162 609.1871 609.2443 -9999 609.9688 609.8516
-9999 -9999 -9999 623.4123 621.9235 620.4592 619.602 618.1553 616.3583 614.6577 613.424 612.3745 611.1177 609.9445 608.688 607.6504 606.8534 606.2485 605.8734 605.6479 605.7596 606.3949 607.7214 609.5084 611.4718 613.1887 614.0911 614.1262 613.9985 613.8073 -9999 -9999 -9999 -9999 618.608 620.3218 621.3693 621.3151 620.016 617.8119 615.1508 612.3918 609.7906 607.6471 606.1616 605.4083 604.9294 604.696 604.6148 604.5912 604.6034 604.6519 604.7303 604.8271 604.9672 605.2003 605.5156 605.9753 606.4938 607.032 607.5603 608.2468 609.2645 609.4953 609.1816 608.8223 608.7465 -9999 609.1567 609.0305
-9999 -9999 -9999 623.5463 622.9103 622.2886 621.5482 620.2617 618.7271 617.3596 616.398 615.5874 614.3611 612.7537 610.9174 609.4675 608.3451 607.5311 606.9965 606.8918 607.3728 608.4931 610.2576 612.2141 614.0628 615.3721 615.5959 614.8853 613.9307 -9999 -9999 -9999 -9999 614.7725 616.5746 618.0099 618.5848 618.076 616.6048 614.6343 612.5057 610.416 608.5443 606.969 605.7258 605.181 604.9004 604.8005 604.8115 604.8325 604.8657 604.9406 605.0565 605.1074 605.1935 605.4767 605.9629 606.67 607.5104 608.3525 609.0804 609.8716 610.758 610.8973 610.2022 609.3003 -9999 -9999 609.0925 609.0325
-9999 -9999 -9999 -9999 623.7678 623.9868 623.3547 622.0683 620.6127 619.4399 618.8527 618.4824 617.6011 615.9867 613.8809 611.8621 610.3459 609.3486 608.7292 608.8466 609.7562 611.387 613.3813 615.2854 616.6976 617.2878 616.7294 615.3444 -9999 -9999 -9999 -9999 -9999 613.7596 615.4979 616.7652 616.636 615.3585 613.4905 611.6887 610.081 608.533 607.2606 606.0645 605.4092 605.1053 604.9974 605.0189 605.1196 605.1569 605.1773 605.2591 605.4547 605.4657 605.5096 605.9026 606.6526 607.7365 609.0338 610.3338 611.4153 612.1929 612.6803 612.4915 611.584 610.3867 -9999 -9999 609.5385 609.7237
-9999 -9999 -9999 -9999 -9999 -9999 624.9702 623.5756 622.0818 620.9586 620.554 620.4994 620.127 618.8948 616.9122 614.6781 612.708 611.3511 610.9231 611.3468 612.7067 614.6736 616.7625 618.4299 619.165 618.8758 617.6097 -9999 -9999 -9999 -9999 -9999 -9999 613.3813 614.9077 615.9847 615.1342 613.2039 611.0599 609.694 608.837 607.8079 606.8229 605.9658 605.4757 605.245 605.212 605.2875 605.4657 605.4772 605.4739 605.5204 605.7629 605.738 605.9852 606.4849 607.5239 609.0621 610.881 612.6574 613.9539 614.5641 614.5573 613.934 612.9012 -9999 -9999 -9999 610.1041 610.2451
-9999 -9999 -9999 -9999 -9999 -9999 -9999 624.7698 623.2167 622.1146 621.712 621.8887 621.8396 621.1854 619.6081 617.5884 615.712 614.4326 614.0415 614.5117 615.9597 617.967 619.9423 621.2384 621.3046 620.2879 -9999 -9999 -9999 -9999 -9999 -9999 -9999 613.1943 614.2505 614.9287 613.7849 611.7094 610.0092 609.5816 608.7289 607.7803 606.8652 606.1443 605.7024 605.4843 605.4741 605.4922 605.627 605.628 605.6745 605.9639 606.3073 605.9871 606.5388 607.2542 608.6544 610.7181 612.9301 614.8439 616.1188 616.4794 616.0232 615.1445 -9999 -9999 -9999 -9999 610.9781 610.9101
-9999 -9999 -9999 -9999 -9999 -9999 -9999 -9999 -9999 -9999 622.521 622.995 623.3853 623.0791 621.8421 620.1803 618.6385 617.6064 617.2536 617.6097 618.9013 620.6647 622.3417 623.2616 622.8847 -9999 -9999 -9999 -9999 -9999 -9999 -9999 -9999 613.3297 613.8806 613.9673 612.726 610.5923 608.7294 608.3672 608.0431 607.6589 606.8912 606.2919 605.9249 605.7558 605.7627 605.8383 605.9023 605.791 605.8557 606.282 606.9908 606.2159 606.8107 608.3306 610.4003 612.7352 614.9204 616.6477 617.7049 617.8391 617.1756 616.2529 -9999 -9999 -9999 -9999 -9999 611.4684
-9999 -9999 -9999 -9999 -9999 -9999 -9999 -9999 -9999 -9999 -9999 -9999 624.6536 624.537 623.565 622.2195 621.0194 620.2515 619.9131 620.0429 620.9249 622.2255 623.4841 624.0548 -9999 -9999 -9999 -9999 -9999 -9999 -9999 -9999 -9999 613.3894 613.757 613.554 612.2115 610.082 608.4152 607.7321 607.4358 607.1864 606.7245 606.3051 606.0369 605.9423 606.0217 606.2236 606.3494 606.007 606.0176 606.0771 606.2304 606.9476 608.3219 610.3154 612.5797 614.8114 616.7097 618.0816 618.9005 618.9288 -9999 -9999 -9999 -9999 -9999 -9999 -9999 612.0478
-9999 -9999 -9999 -9999 -9999 -9999 -9999 -9999 -9999 -9999 -9999 -9999 -9999 625.3751 624.8088 623.7595 622.8087 622.238 621.8435 621.7433 622.0512 622.6488 -9999 -9999 -9999 -9999 -9999 -9999 -9999 -9999 -9999 -9999 -9999 613.6071 614.039 613.7804 612.2621 610.0721 608.4749 607.6525 607.2646 607.0066 606.6596 606.3073 606.063 605.9893 606.1299 606.4976 606.9511 606.4976 607.0067 607.5268 608.08 609.0759 610.6249 612.6226 614.7501 616.7216 618.3052 619.3373 619.9645 -9999 -9999 -9999 -9999 -9999 -9999 -9999 -9999 -9999
-9999 -9999 -9999 -9999 -9999 -9999 -9999 -9999 -9999 -9999 -9999 -9999 -9999 -9999 -9999 624.9891 624.1526 623.6324 623.1225 622.8555 -9999 -9999 -9999 -9999 -9999 -9999 -9999 -9999 -9999 -9999 -9999 -9999 -9999 614.3614 614.8553 614.4406 612.7158 610.3796 608.606 607.7625 607.3589 607.0526 606.6976 606.3195 606.0208 605.8853 605.9697 606.2699 606.7197 607.4491 608.6455 609.6573 610.5278 611.5521 612.9647 614.7448 616.6401 618.3868 619.7541 -9999 -9999 -9999 -9999 -9999 -9999 -9999 -9999 -9999 -9999 -9999
-9999 -9999 -9999 -9999 -9999 -9999 -9999 -9999 -9999 -9999 -9999 -9999 -9999 -9999 -9999 -9999 -9999 -9999 -9999 -9999 -9999 -9999 -9999 -9999 -9999 -9999 -9999 -9999 -9999 -9999 -9999 -9999 -9999 615.6111 615.791 615.0344 613.2026 610.7131 608.6608 607.868 607.4648 607.0834 606.662 606.2393 605.897 605.7163 605.7866 606.1752 606.9976 608.4309 610.1087 611.4673 612.5478 613.6026 614.873 616.432 618.1639 -9999 -9999 -9999 -9999 -9999 -9999 -9999 -9999 -9999 -9999 -9999 -9999 -9999
-9999 -9999 -9999 -9999 -9999 -9999 -9999 -9999 -9999 -9999 -9999 -9999 -9999 -9999 -9999 -9999 -9999 -9999 -9999 -9999 -9999 -9999 -9999 -9999 -9999 -9999 -9999 -9999 -9999 -9999 -9999 -9999 -9999 616.8098 616.4875 615.5491 613.6758 611.2697 609.35 608.2908 607.6841 607.0746 606.5236 606.072 605.7288 605.5479 605.6296 606.0954 607.1094 608.9315 611.02 612.7188 613.9855 615.1187 -9999 -9999 -9999 -9999 -9999 -9999 -9999 -9999 -9999 -9999 -9999 -9999 -9999 -9999 -9999 -9999
-9999 -9999 -9999 -9999 -9999 -9999 -9999 -9999 -9999 -9999 -9999 -9999 -9999 -9999 -9999 -9999 -9999 -9999 -9999 -9999 -9999 -9999 -9999 -9999 -9999 -9999 -9999 -9999 -9999 -9999 -9999 -9999 -9999 617.3911 616.7035 615.624 614.0198 611.9718 610.0156 608.9225 608.2404 607.2794 606.5388 606.0707 605.748 605.5634 605.645 606.1298 607.164 609.2733 611.7246 613.7365 615.221 616.4884 -9999 -9999 -9999 -9999 -9999 -9999 -9999 -9999 -9999 -9999 -9999 -9999 -9999 -9999 -9999 -9999
-9999 -9999 -9999 -9999 -9999 -9999 -9999 -9999 -9999 -9999 -9999 -9999 -9999 -9999 -9999 -9999 -9999 -9999 -9999 -9999 -9999 -9999 -9999 -9999 -9999 -9999 -9999 -9999 -9999 -9999 -9999 -9999 -9999 617.3591 616.1231 615.0375 614.0475 612.7918 611.1752 609.9443 609.3166 607.941 607.0922 606.6613 606.3325 606.0635 606.0579 606.5541 607.5863 609.8928 612.5695 614.8665 616.6144 618.0181 -9999 -9999 -9999 -9999 -9999 -9999 -9999 -9999 -9999 -9999 -9999 -9999 -9999 -9999 -9999 -9999
-9999 -9999 -9999 -9999 -9999 -9999 -9999 -9999 -9999 -9999 -9999 -9999 -9999 -9999 -9999 -9999 -9999 -9999 -9999 -9999 -9999 -9999 -9999 -9999 -9999 -9999 -9999 -9999 -9999 -9999 -9999 -9999 -9999 -9999 615.3235 614.1625 613.919 613.6354 612.6171 611.4537 610.4595 609.5002 608.8309 608.34 607.8193 607.3047 607.0028 607.2473 608.6524 611.0563 613.7934 616.2739 618.2331 -9999 -9999 -9999 -9999 -9999 -9999 -9999 -9999 -9999 -9999 -9999 -9999 -9999 -9999 -9999 -9999 -9999
-9999 -9999 -9999 -9999 -9999 -9999 -9999 -9999 -9999 -9999 -9999 -9999 -9999 -9999 -9999 -9999 -9999 -9999 -9999 -9999 -9999 -9999 -9999 -9999 -9999 -9999 -9999 -9999 -9999 -9999 -9999 -9999 -9999 -9999 -9999 613.0366 613.2562 613.9335 613.8145 613.2044 612.4762 611.8727 611.4302 610.9696 610.3105 609.5519 608.9598 609.0905 610.4473 612.6614 615.2609 617.7817 619.864 -9999 -9999 -9999 -9999 -9999 -9999 -9999 -9999 -9999 -9999 -9999 -9999 -9999 -9999 -9999 -9999 -9999
-9999 -9999 -9999 -9999 -9999 -9999 -9999 -9999 -9999 -9999 -9999 -9999 -9999 -9999 -9999 -9999 -9999 -9999 -9999 -9999 -9999 -9999 -9999 -9999 -9999 -9999 -9999 -9999 -9999 -9999 -9999 -9999 -9999 -9999 -9999 612.6963 612.9057 614.0708 614.7989 614.864 614.596 614.3422 614.1385 613.8398 613.2172 612.4128 611.7485 611.6808 612.5934 614.3032 616.5195 618.9571 -9999 -9999 -9999 -9999 -9999 -9999 -9999 -9999 -9999 -9999 -9999 -9999 -9999 -9999 -9999 -9999 -9999 -9999
-9999 -9999 -9999 -9999 -9999 -9999 -9999 -9999 -9999 -9999 -9999 -9999 -9999 -9999 -9999 -9999 -9999 -9999 -9999 -9999 -9999 -9999 -9999 -9999 -9999 -9999 -9999 -9999 -9999 -9999 -9999 -9999 -9999 -9999 -9999 -9999 613.9789 615.0909 615.9993 616.4166 616.4703 616.4356 616.3957 616.2769 615.83 615.164 614.6024 614.3445 614.6716 615.6539 617.2623 619.4885 -9999 -9999 -9999 -9999 -9999 -9999 -9999 -9999 -9999 -9999 -9999 -9999 -9999 -9999 -9999 -9999 -9999 -9999
-9999 -9999 -9999 -9999 -9999 -9999 -9999 -9999 -9999 -9999 -9999 -9999 -9999 -9999 -9999 -9999 -9999 -9999 -9999 -9999 -9999 -9999 -9999 -9999 -9999 -9999 -9999 -9999 -9999 -9999 -9999 -9999 -9999 -9999 -9999 -9999 -9999 -9999 617.48 617.7869 617.8577 617.8801 617.9238 617.947 617.7482 617.3176 617.0092 616.679 616.4225 616.5419 617.6024 -9999 -9999 -9999 -9999 -9999 -9999 -9999 -9999 -9999 -9999 -9999 -9999 -9999 -9999 -9999 -9999 -9999 -9999 -9999
-9999 -9999 -9999 -9999 -9999 -9999 -9999 -9999 -9999 -9999 -9999 -9999 -9999 -9999 -9999 -9999 -9999 -9999 -9999 -9999 -9999 -9999 -9999 -9999 -9999 -9999 -9999 -9999 -9999 -9999 -9999 -9999 -9999 -9999 -9999 -9999 -9999 -9999 -9999 -9999 -9999 -9999 -9999 -9999 619.0335 618.86 618.7306 618.3831 617.7064 617.0646 -9999 -9999 -9999 -9999 -9999 -9999 -9999 -9999 -9999 -9999 -9999 -9999 -9999 -9999 -9999 -9999 -9999 -9999 -9999 -9999
-9999 -9999 -9999 -9999 -9999 -9999 -9999 -9999 -9999 -9999 -9999 -9999 -9999 -9999 -9999 -9999 -9999 -9999 -9999 -9999 -9999 -9999 -9999 -9999 -9999 -9999 -9999 -9999 -9999 -9999 -9999 -9999 -9999 -9999 -9999 -9999 -9999 -9999 -9999 -9999 -9999 -9999 -9999 -9999 -9999 -9999 -9999 -9999 -9999 -9999 -9999 -9999 -9999 -9999 -9999 -9999 -9999 -9999 -9999 -9999 -9999 -9999 -9999 -9999 -9999 -9999 -9999 -9999 -9999 -9999
-9999 -9999 -9999 -9999 -9999 -9999 -9999 -9999 -9999 -9999 -9999 -9999 -9999 -9999 -9999 -9999 -9999 -9999 -9999 -9999 -9999 -9999 -9999 -9999 -9999 -9999 -9999 -9999 -9999 -9999 -9999 -9999 -9999 -9999 -9999 -9999 -9999 -9999 -9999 -9999 -9999 -9999 -9999 -9999 -9999 -9999 -9999 -9999 -9999 -9999 -9999 -9999 -9999 -9999 -9999 -9999 -9999 -9999 -9999 -9999 -9999 -9999 -9999 -9999 -9999 -9999 -9999 -9999 -9999 -9999
-9999 -9999 -9999 -9999 -9999 -9999 -9999 -9999 -9999 -9999 -9999 -9999 -9999 -9999 -9999 -9999 -9999 -9999 -9999 -9999 -9999 -9999 -9999 -9999 -9999 -9999 -9999 -9999 -9999 -9999 -9999 -9999 -9999 -9999 -9999 -9999 -9999 -9999 -9999 -9999 -9999 -9999 -9999 -9999 -9999 -9999 -9999 -9999 -9999 -9999 -9999 -9999 -9999 -9999 -9999 -9999 -9999 -9999 -9999 -9999 -9999 -9999 -9999 -9999 -9999 -9999 -9999 -9999 628.3547 627.1602
