backend/lakes/data/North Buck Lake/nort_dem_tm.asc
ncols         243
nrows         200
xllcorner     651950
yllcorner     6054150
cellsize      50
NODATA_value  -9999
[rows 62 to 92 of 200, columns 70 to 139 of 243]
604.7212 604.6172 604.5249 604.441 604.3683 604.3085 604.2563 604.2086 604.1707 604.1362 604.094 604.0303 603.9696 603.9391 603.9286 603.9141 603.8974 603.9438 604.0865 604.3209 604.5701 604.7952 604.9271 604.952 604.913 604.87 604.8749 604.9565 605.1689 605.5417 606.2064 607.1924 608.625 610.454 612.1429 613.1201 613.045 612.4448 611.4164 610.6433 609.5509 608.5502 607.8112 607.207 606.6594 606.2869 606.0031 605.7939 605.6203 605.4747 605.3861 605.3882 605.3252 605.4487 605.4763 605.4749 605.4858 605.7429 606.1671 606.577 607.2288 608.1467 609.2899 610.6028 612.0867 614.6664 617.739 620.6594 623.0726 624.9039
604.7958 604.6985 604.6116 604.5353 604.4678 604.4092 604.3557 604.2999 604.2452 604.1927 604.1342 604.0629 603.9876 603.9426 603.9293 603.9238 603.9196 603.9685 604.1224 604.3646 604.6372 604.8531 604.9862 605.0154 604.9647 604.8981 604.8741 604.923 605.1057 605.4446 605.8146 606.45 607.394 608.6501 609.6978 610.0794 609.8407 609.4464 608.3295 607.5202 606.7858 606.2414 605.8132 605.4756 605.2062 605.032 604.9064 604.8207 604.7646 604.7505 604.7941 604.8972 604.9767 605.1068 605.1847 605.2324 605.2899 605.4772 605.8292 606.192 606.7893 607.4424 608.3839 609.5536 610.9245 612.9883 615.7725 618.6757 621.265 623.3557
604.7804 604.7014 604.6278 604.563 604.5077 604.4602 604.4154 604.3641 604.3036 604.2423 604.1715 604.0941 604.0127 603.9537 603.9313 603.9291 603.9319 603.9744 604.1161 604.3609 604.6324 604.856 604.9857 605.0233 604.9782 604.9081 604.8734 604.906 605.0342 605.2705 605.5199 605.9258 606.4158 607.1458 607.6986 607.5732 607.1207 606.7452 606.2026 605.7097 605.3018 605.0323 604.8567 604.7454 604.6741 604.6371 604.6158 604.6128 604.6261 604.6613 604.7341 604.836 604.9326 605.0204 605.0753 605.114 605.1667 605.2733 605.4557 605.6117 606.0704 606.5971 607.2933 608.249 609.4663 611.1702 613.4559 616.19 618.8356 621.1653
604.7013 604.6438 604.5883 604.5387 604.4973 604.4639 604.4342 604.3975 604.3458 604.2838 604.2153 604.1301 604.0486 603.9833 603.952 603.9407 603.9452 603.9766 604.09 604.3063 604.5691 604.7861 604.9147 604.9567 604.9265 604.864 604.8292 604.8538 604.9468 605.1606 605.4583 605.6208 605.6501 606.0245 606.1535 605.847 605.5197 605.262 605.014 604.799 604.6373 604.5555 604.5416 604.5755 604.6329 604.6939 604.7482 604.8015 604.8573 604.9084 604.9637 605.0253 605.08 605.1067 605.1039 605.0837 605.0773 605.0951 605.1407 605.2288 605.5516 605.9382 606.3672 607.0465 607.9681 609.2769 611.0887 613.3823 615.8246 618.2161
604.6068 604.5648 604.5237 604.4871 604.4573 604.4348 604.4183 604.3981 604.3621 604.3102 604.2484 604.1707 604.083 604.0171 603.9813 603.9694 603.9599 603.9794 604.0592 604.2303 604.4567 604.6582 604.7808 604.8258 604.8066 604.7514 604.7162 604.7245 604.7723 604.8912 605.1393 605.3699 605.262 605.3377 605.1779 604.8937 604.6664 604.5338 604.465 604.4376 604.4412 604.4753 604.5397 604.633 604.7451 604.8604 604.9705 605.0731 605.1669 605.2379 605.2768 605.2944 605.2919 605.261 605.1911 605.1111 605.0222 604.9651 604.9301 604.9459 605.1188 605.4357 605.6412 606.0854 606.6135 607.4481 608.744 610.4316 612.4337 614.6761
604.5316 604.5012 604.4672 604.4371 604.4122 604.3937 604.3819 604.3711 604.3491 604.3092 604.257 604.1917 604.1075 604.0337 603.9965 603.9844 603.9803 603.9791 604.027 604.1481 604.3276 604.4951 604.6036 604.6479 604.6419 604.5895 604.5438 604.524 604.5142 604.4858 604.5396 604.6396 604.5955 604.5673 604.4525 604.3225 604.228 604.2151 604.2657 604.3484 604.4392 604.524 604.6033 604.6895 604.7948 604.9196 605.0594 605.2097 605.3496 605.4557 605.5073 605.5051 605.4623 605.3835 605.2689 605.1306 604.9953 604.8672 604.7865 604.7239 604.7563 604.9218 605.1319 605.3914 605.5325 605.8934 606.7147 607.7901 609.1757 611.0685
604.4777 604.4585 604.4313 604.4019 604.3766 604.3555 604.3396 604.3284 604.3099 604.2778 604.2327 604.1771 604.1047 604.0256 603.9777 603.967 603.9678 603.9717 603.9937 604.0696 604.1974 604.3286 604.4132 604.4509 604.4534 604.4141 604.3541 604.307 604.2423 604.133 603.9736 603.9684 603.9635 603.9625 603.9621 604.0178 604.0263 604.088 604.2004 604.3277 604.4434 604.5299 604.5853 604.6289 604.6901 604.7898 604.9361 605.1199 605.3145 605.4735 605.562 605.5746 605.5226 605.4208 605.2796 605.1174 604.9418 604.788 604.6653 604.5609 604.4899 604.5486 604.6946 604.7782 604.7817 604.938 605.3851 605.9875 606.8885 608.225
604.4243 604.4171 604.3993 604.3714 604.3428 604.3167 604.2937 604.2739 604.2529 604.2184 604.1756 604.1249 604.0632 603.9888 603.9293 603.9087 603.915 603.9264 603.9473 603.9962 604.0824 604.1773 604.2395 604.265 604.2693 604.2499 604.1912 604.1311 604.0596 603.948 603.7867 603.71 603.6987 603.7327 603.8169 603.9482 603.9502 604.022 604.1439 604.2629 604.3586 604.4171 604.4379 604.4383 604.4509 604.5111 604.6443 604.845 605.0789 605.2938 605.4352 605.4812 605.4479 605.3489 605.2049 605.0372 604.8607 604.6816 604.5502 604.4267 604.312 604.3179 604.4401 604.4476 604.3662 604.434 604.7595 605.37 606.1443 607.0071
604.3502 604.354 604.3447 604.3225 604.2915 604.2612 604.2306 604.2025 604.1734 604.1364 604.0879 604.0394 603.9843 603.9213 603.8586 603.8256 603.8257 603.8441 603.8704 603.9135 603.9781 604.0518 604.0989 604.1146 604.1161 604.1088 604.0717 604.0129 603.9499 603.854 603.7345 603.665 603.6514 603.6865 603.764 603.8595 603.8945 603.9503 604.0499 604.1235 604.1747 604.1998 604.1984 604.1805 604.1687 604.1902 604.3028 604.4952 604.743 604.9905 605.176 605.265 605.2574 605.1812 605.0507 604.8969 604.7321 604.567 604.419 604.3011 604.1837 604.1844 604.3152 604.3358 604.2034 604.2057 604.4161 604.9116 605.7253 606.783
604.2476 604.2587 604.2546 604.2375 604.2086 604.1741 604.1382 604.1007 604.0658 604.0255 603.9757 603.9232 603.876 603.8228 603.7703 603.7318 603.7224 603.7369 603.7678 603.8127 603.873 603.9388 603.9887 604.0055 604.0083 604.0054 603.9916 603.9501 603.9075 603.8416 603.7664 603.7199 603.7148 603.738 603.7802 603.8298 603.8611 603.8989 603.9496 603.9507 603.951 603.9515 603.9514 603.9507 603.95 603.9512 604.0417 604.197 604.4197 604.666 604.8696 604.9859 605.0087 604.952 604.8481 604.7159 604.578 604.4316 604.3036 604.1876 604.0808 604.0775 604.2252 604.287 604.153 604.1196 604.2572 604.6205 605.3256 606.2845
604.126 604.1353 604.134 604.1174 604.0914 604.0547 604.0119 603.9663 603.9235 603.8838 603.837 603.7863 603.741 603.7025 603.6617 603.6311 603.6188 603.6267 603.6537 603.6992 603.761 603.8287 603.8889 603.9227 603.9365 603.9479 603.954 603.95 603.9216 603.8798 603.8392 603.8213 603.8322 603.8406 603.8399 603.8419 603.8436 603.8475 603.8485 603.8242 603.802 603.7957 603.8092 603.8362 603.8657 603.8931 603.9498 604.0294 604.1887 604.3988 604.5911 604.7139 604.7518 604.7168 604.6318 604.5271 604.4164 604.3013 604.1923 604.1038 604.0178 603.9888 604.0927 604.164 604.0902 604.046 604.1941 604.4573 605.0007 605.7752
603.9998 603.9995 603.9947 603.9791 603.9504 603.9116 603.8607 603.8053 603.7543 603.7131 603.6749 603.6323 603.5932 603.563 603.5397 603.5203 603.5144 603.5226 603.5452 603.5863 603.6463 603.7186 603.7883 603.8439 603.8789 603.9055 603.9313 603.95 603.9471 603.9276 603.9119 603.9149 603.9497 603.9498 603.9117 603.8735 603.8431 603.8165 603.7872 603.749 603.7185 603.7132 603.7415 603.7962 603.8597 603.9147 603.95 603.9678 604.0597 604.2161 604.3795 604.49 604.5322 604.5087 604.4407 604.3552 604.2709 604.1836 604.1008 604.0384 603.9806 603.9493 603.9651 603.9562 603.9885 603.9742 604.0927 604.3062 604.6341 605.0996
603.8806 603.866 603.8539 603.8357 603.8055 603.7562 603.6958 603.6315 603.5729 603.5294 603.4983 603.469 603.4404 603.42 603.4072 603.4022 603.4059 603.4213 603.4458 603.4841 603.54 603.6118 603.688 603.7579 603.8141 603.8583 603.8973 603.9307 603.95 603.95 603.95 603.95 603.9779 603.9799 603.95 603.9004 603.8535 603.8102 603.7672 603.7242 603.6927 603.6888 603.724 603.7935 603.8779 603.95 603.9548 603.9502 603.9928 604.1008 604.2294 604.3232 604.3608 604.3456 604.2894 604.2192 604.1523 604.0863 604.0231 603.991 603.9501 603.95 603.9495 603.9091 603.95 603.9497 604.0345 604.1273 604.298 604.5363
603.776 603.7457 603.7233 603.7 603.6633 603.6046 603.5281 603.4567 603.3974 603.353 603.3258 603.3078 603.2928 603.2827 603.2797 603.2825 603.2954 603.3198 603.3531 603.3937 603.4477 603.5154 603.5931 603.6684 603.7369 603.795 603.845 603.8877 603.9197 603.9379 603.9506 603.9609 603.9774 603.9758 603.95 603.9155 603.8721 603.825 603.7788 603.7373 603.7085 603.7054 603.7379 603.8042 603.8849 603.95 603.9589 603.95 603.9501 604.0182 604.1171 604.1944 604.2302 604.2203 604.1757 604.1171 604.066 604.0074 603.9503 603.9496 603.9059 603.8717 603.8274 603.7759 603.799 603.8621 603.9453 603.9484 603.9484 603.9626
603.6957 603.6465 603.6125 603.5789 603.531 603.4592 603.3733 603.2955 603.2409 603.2031 603.1781 603.1653 603.1597 603.16 603.1651 603.1742 603.1909 603.2216 603.2644 603.3132 603.3682 603.433 603.5054 603.5812 603.6521 603.717 603.7747 603.8254 603.8679 603.9013 603.9274 603.9479 603.9636 603.9651 603.95 603.9323 603.8994 603.8553 603.8101 603.7725 603.7477 603.7442 603.7692 603.8217 603.8865 603.9371 603.95 603.9376 603.924 603.9503 604.0232 604.0878 604.1212 604.1198 604.0851 604.0345 604.0062 603.95 603.8888 603.8523 603.802 603.7473 603.6699 603.5926 603.5715 603.6056 603.6648 603.6634 603.638 603.6104
603.6527 603.5791 603.528 603.4796 603.4146 603.3292 603.2394 603.1686 603.1224 603.0923 603.0693 603.0557 603.0526 603.0574 603.0691 603.0839 603.104 603.1362 603.1838 603.2401 603.2987 603.3608 603.4272 603.4957 603.5646 603.6295 603.6908 603.7479 603.8004 603.8472 603.8872 603.9197 603.9435 603.9552 603.9554 603.95 603.9288 603.8928 603.8503 603.8157 603.7946 603.7903 603.807 603.8446 603.8926 603.9312 603.9432 603.9321 603.9148 603.9166 603.9503 604.0035 604.0278 604.0306 604.0085 603.9505 603.9494 603.8773 603.796 603.7256 603.6555 603.5876 603.5033 603.4022 603.3317 603.3085 603.3162 603.3217 603.3239 603.3197
603.6575 603.554 603.4786 603.4079 603.3246 603.2299 603.1459 603.0921 603.0618 603.0347 603.0051 602.9852 602.9786 602.9828 602.9952 603.0148 603.0394 603.0734 603.1198 603.1763 603.2356 603.2943 603.3533 603.4136 603.4745 603.5364 603.5983 603.66 603.7213 603.7806 603.8352 603.8817 603.9175 603.9412 603.9536 603.9575 603.95 603.9269 603.892 603.8585 603.8393 603.8342 603.8443 603.87 603.9046 603.9343 603.9462 603.9374 603.921 603.9117 603.9231 603.95 603.9501 603.9501 603.9495 603.8864 603.8398 603.7605 603.6655 603.572 603.4816 603.3995 603.3208 603.2274 603.1324 603.0591 603.0158 602.9961 603.0107 603.0507
603.712 603.5763 603.4716 603.3746 603.274 603.1804 603.1136 603.0834 603.067 603.0334 602.9844 602.9525 602.9402 602.9398 602.9492 602.9688 602.9984 603.0352 603.0785 603.1268 603.1783 603.2297 603.2805 603.3317 603.3844 603.4402 603.5011 603.5667 603.6361 603.7072 603.776 603.8373 603.8866 603.922 603.9446 603.9563 603.9582 603.95 603.9272 603.8977 603.8781 603.8718 603.877 603.8942 603.9189 603.9418 603.9534 603.9487 603.932 603.9161 603.9047 603.8983 603.882 603.8627 603.8356 603.7729 603.7026 603.6147 603.5118 603.403 603.2986 603.205 603.1274 603.0561 602.9785 602.8981 602.8207 602.7715 602.7645 602.809
603.8134 603.6434 603.509 603.3887 603.2802 603.1971 603.155 603.1431 603.1243 603.0571 602.9922 602.9512 602.9352 602.9308 602.9343 602.9493 602.9794 603.0189 603.0582 603.0945 603.1299 603.1681 603.2089 603.2516 603.2964 603.3463 603.4047 603.4734 603.5505 603.6332 603.7157 603.7911 603.8536 603.8999 603.9307 603.9485 603.9557 603.9558 603.95 603.9277 603.9107 603.9031 603.9048 603.9154 603.9321 603.9492 603.9596 603.9575 603.9419 603.9164 603.887 603.8516 603.8086 603.7621 603.7061 603.6312 603.5462 603.4518 603.3477 603.2352 603.1255 603.0284 602.9536 602.9 602.8534 602.8028 602.739 602.6725 602.6355 602.6553
603.9542 603.7518 603.5914 603.457 603.3519 603.2868 603.2606 603.2406 603.1734 603.09 603.0214 602.9797 602.9617 602.9519 602.9505 602.9576 602.9825 603.0192 603.0527 603.0751 603.0928 603.1145 603.1443 603.1793 603.2178 603.262 603.3178 603.3882 603.4722 603.5653 603.6605 603.749 603.8232 603.8787 603.916 603.9382 603.9482 603.95 603.9531 603.9445 603.9347 603.9291 603.9286 603.9344 603.9424 603.9531 603.9613 603.9595 603.9425 603.9094 603.861 603.8009 603.73 603.6521 603.5686 603.476 603.3786 603.2803 603.1821 603.0817 602.9803 602.894 602.8286 602.7914 602.7728 602.7565 602.7295 602.6771 602.6282 602.6055
604.1246 603.897 603.7203 603.5828 603.4874 603.4332 603.3934 603.3093 603.2206 603.1352 603.0702 603.0345 603.0165 602.993 602.9869 602.9876 603.0054 603.0336 603.0557 603.0632 603.0646 603.0742 603.0964 603.1259 603.1588 603.1978 603.2496 603.3202 603.4094 603.5117 603.6178 603.7172 603.8008 603.8634 603.9054 603.9312 603.945 603.95 603.9592 603.9577 603.9518 603.9472 603.9462 603.95 603.9492 603.9527 603.9572 603.953 603.9316 603.8885 603.8237 603.7399 603.6423 603.5361 603.4258 603.3156 603.209 603.1102 603.0233 602.947 602.8764 602.8156 602.777 602.7608 602.7638 602.7738 602.7733 602.751 602.6971 602.6559
604.3159 604.0758 603.894 603.7599 603.6678 603.5945 603.4802 603.3708 603.2802 603.2031 603.1388 603.1031 603.0739 603.0363 603.0208 603.0244 603.0411 603.0602 603.0667 603.057 603.0452 603.0486 603.0719 603.1003 603.1294 603.1623 603.2087 603.2775 603.3699 603.4792 603.5944 603.7023 603.792 603.8585 603.9026 603.9302 603.95 603.9626 603.9742 603.9725 603.9627 603.9545 603.95 603.9514 603.95 603.9501 603.9492 603.9391 603.9091 603.8533 603.7712 603.6671 603.546 603.4154 603.2831 603.1572 603.0452 602.9519 602.8817 602.8372 602.8125 602.8014 602.8051 602.8246 602.8508 602.8754 602.8853 602.8666 602.8202 602.7573
604.5295 604.2882 604.1058 603.9683 603.8524 603.7028 603.5615 603.4515 603.3701 603.3007 603.2253 603.178 603.1191 603.0774 603.0625 603.0695 603.0851 603.0959 603.0869 603.0602 603.0363 603.0372 603.0684 603.1018 603.1316 603.1589 603.1987 603.2639 603.3578 603.4729 603.5952 603.7086 603.8009 603.8669 603.9087 603.9329 603.95 603.9752 603.9885 603.9838 603.9661 603.95 603.9443 603.9472 603.95 603.9507 603.9438 603.9227 603.8792 603.807 603.7067 603.5836 603.4438 603.2946 603.146 603.0095 602.8969 602.8155 602.7693 602.7611 602.7886 602.8416 602.9089 602.9774 603.0342 603.0731 603.0783 603.0441 602.9685 602.8884
604.7811 604.5311 604.3374 604.1712 603.9835 603.8081 603.6636 603.5642 603.4915 603.421 603.3067 603.222 603.1575 603.1232 603.1177 603.1293 603.1379 603.1382 603.1171 603.0775 603.0431 603.036 603.0598 603.1022 603.1533 603.1819 603.2159 603.2772 603.372 603.493 603.6217 603.7381 603.829 603.8903 603.927 603.95 603.9745 603.9969 604.0006 603.9818 603.95 603.9258 603.9227 603.9357 603.95 603.9567 603.9449 603.9106 603.8492 603.7571 603.637 603.4966 603.3423 603.1807 603.0228 602.882 602.7731 602.7087 602.6937 602.7284 602.8091 602.9277 603.0658 603.1964 603.292 603.3503 603.3518 603.2908 603.162 603.0368
605.0328 604.779 604.5528 604.3136 604.1015 603.9268 603.7953 603.6992 603.621 603.5077 603.38 603.2803 603.2157 603.1871 603.1899 603.2067 603.2017 603.1893 603.1603 603.1143 603.0768 603.0658 603.0816 603.1196 603.1718 603.2185 603.2518 603.3105 603.4071 603.535 603.6709 603.7878 603.8718 603.9225 603.95 603.9714 603.9976 604.012 603.9958 603.9499 603.8948 603.8678 603.8776 603.9131 603.95 603.9646 603.9502 603.9041 603.8247 603.7122 603.5724 603.416 603.2505 603.0823 602.9216 602.7831 602.6833 602.638 602.6573 602.7399 602.8771 603.0568 603.259 603.4434 603.5744 603.6669 603.6685 603.6017 603.4028 603.2297
605.2113 604.9979 604.7072 604.4388 604.2275 604.0719 603.9541 603.858 603.7454 603.6125 603.4792 603.3729 603.3057 603.2771 603.2772 603.2841 603.2723 603.2541 603.2242 603.1785 603.144 603.1368 603.1512 603.181 603.2224 603.2635 603.3001 603.3557 603.4536 603.5908 603.7361 603.8501 603.9186 603.95 603.9594 603.9736 604.0023 604.0023 603.9495 603.8563 603.7868 603.7684 603.8029 603.8741 603.9499 603.9675 603.952 603.8982 603.8054 603.6764 603.5204 603.3511 603.178 603.0077 602.8502 602.7195 602.6334 602.6094 602.6608 602.7902 602.985 603.2238 603.4779 603.6938 603.8132 603.9438 603.9496 603.9285 603.6755 603.505
605.5076 605.1719 604.858 604.585 604.3872 604.2497 604.1523 604.053 603.9006 603.7471 603.6069 603.4976 603.4269 603.3939 603.3865 603.3759 603.3591 603.3417 603.3195 603.2825 603.249 603.2483 603.2684 603.2953 603.3245 603.3502 603.372 603.4078 603.4999 603.6487 603.8086 603.9115 603.95 603.953 603.9484 603.95 603.9823 603.9489 603.8253 603.7067 603.6385 603.6382 603.7013 603.8044 603.9049 603.95 603.9454 603.8893 603.7887 603.6499 603.4839 603.3071 603.131 602.9628 602.8129 602.6944 602.6257 602.625 602.7071 602.8767 603.1229 603.4155 603.7103 603.9373 603.9536 604.0377 604.076 604.0755 603.9691 603.9573
606.0553 605.555 605.1313 604.8102 604.5967 604.4689 604.3691 604.2377 604.0653 603.8926 603.7461 603.6329 603.5607 603.5253 603.5175 603.4915 603.4727 603.4613 603.4525 603.4319 603.4058 603.4 603.4208 603.4479 603.468 603.4725 603.4591 603.4521 603.5295 603.6946 603.8798 603.9499 603.9312 603.95 603.95 603.9363 603.9493 603.8256 603.671 603.5532 603.4997 603.5178 603.6056 603.74 603.8736 603.95 603.9435 603.8801 603.7736 603.6312 603.4628 603.2849 603.1111 602.9495 602.8112 602.7091 602.6609 602.6867 602.8014 603.0085 603.2969 603.6301 603.9379 604.1183 604.196 604.3044 604.42 604.5413 604.6594 604.8584
606.8402 606.2886 605.5957 605.1323 604.872 604.7271 604.6 604.4413 604.2448 604.0484 603.8865 603.7668 603.689 603.6489 603.6326 603.6151 603.6111 603.6148 603.6221 603.6207 603.6091 603.6012 603.6059 603.6189 603.6246 603.6007 603.5186 603.4704 603.5342 603.7198 603.9459 603.9207 603.9569 604.0269 604.0267 603.9797 603.9102 603.7683 603.6149 603.5063 603.46 603.4753 603.5625 603.7101 603.8667 603.95 603.9362 603.8661 603.7584 603.6196 603.4564 603.2843 603.1174 602.9664 602.8436 602.7626 602.7409 602.7993 602.9543 603.2076 603.5472 603.9318 604.2638 604.5359 604.7733 605.0361 605.3083 605.6174 605.963 606.3376
607.8945 607.2407 606.2478 605.5244 605.1857 605.0167 604.8639 604.6691 604.434 604.2043 604.0214 603.8949 603.8148 603.7745 603.7623 603.7583 603.776 603.8008 603.8232 603.8374 603.8376 603.8317 603.8186 603.7998 603.7723 603.7155 603.5736 603.4973 603.5603 603.7617 603.9986 604.1273 604.4602 604.5867 604.545 604.4219 604.2557 604.0594 603.8731 603.7382 603.651 603.6008 603.625 603.7389 603.8963 603.95 603.9151 603.8424 603.7435 603.6175 603.4674 603.3069 603.1506 603.0123 602.9084 602.8546 602.8691 602.9729 603.1835 603.5065 603.9341 604.4247 604.9399 605.4626 606.0068 606.5792 607.0944 607.6373 608.2813 608.7689
609.0582 607.8711 606.6968 605.8708 605.468 605.2699 605.148 604.918 604.6304 604.3586 604.1514 604.0165 603.9392 603.9064 603.9067 603.9209 603.9605 604.0082 604.045 604.0667 604.0709 604.0591 604.0266 603.9707 603.8928 603.7725 603.6426 603.6147 603.7684 604.1287 604.6395 605.2339 605.8774 605.9955 605.8661 605.6238 605.3187 604.9998 604.7025 604.455 604.2346 603.998 603.8444 603.8289 603.9494 603.9258 603.8695 603.8086 603.7344 603.6318 603.5024 603.3575 603.2138 603.0887 603.0056 602.9867 603.051 603.2177 603.5084 603.9387 604.5243 605.2904 606.192 607.1609 608.2715 609.3676 610.1906 610.87 611.4651 611.762
