backend/lakes/data/North Buck Lake/nort_dem_tm.asc
ncols         243
nrows         200
xllcorner     651950
yllcorner     6054150
cellsize      50
NODATA_value  -9999
[rows 62 to 92 of 200, columns 140 to 209 of 243]
626.306 -9999 -9999 -9999 -9999 -9999 -9999 -9999 -9999 -9999 -9999 -9999 -9999 -9999 -9999 -9999 -9999 -9999 -9999 -9999 -9999 -9999 -9999 -9999 -9999 -9999 -9999 -9999 -9999 -9999 -9999 -9999 -9999 -9999 -9999 -9999 -9999 -9999 -9999 -9999 -9999 -9999 -9999 -9999 -9999 -9999 -9999 -9999 -9999 -9999 -9999 -9999 -9999 -9999 -9999 -9999 624.6912 623.8655 622.7769 621.0311 618.6068 615.8378 613.2246 611.3276 609.8671 607.9056 605.8832 604.7087 604.3773 604.6172
624.9783 626.3129 -9999 -9999 -9999 -9999 -9999 -9999 -9999 -9999 -9999 -9999 -9999 -9999 -9999 -9999 -9999 -9999 -9999 -9999 -9999 -9999 -9999 -9999 -9999 -9999 -9999 -9999 -9999 -9999 -9999 -9999 -9999 -9999 -9999 -9999 -9999 -9999 -9999 -9999 -9999 -9999 -9999 -9999 -9999 -9999 -9999 -9999 -9999 -9999 -9999 -9999 -9999 -9999 -9999 -9999 623.3208 622.2236 620.742 618.6142 615.9275 613.1488 610.884 609.4512 608.2088 606.7747 605.4443 604.6648 604.5477 604.9933
623.0963 624.6779 625.9506 626.7794 -9999 -9999 -9999 -9999 -9999 -9999 -9999 -9999 -9999 -9999 -9999 -9999 -9999 -9999 -9999 -9999 -9999 -9999 -9999 -9999 -9999 -9999 -9999 -9999 -9999 -9999 -9999 -9999 -9999 -9999 -9999 -9999 -9999 -9999 -9999 -9999 -9999 -9999 -9999 -9999 -9999 -9999 -9999 -9999 -9999 -9999 -9999 -9999 -9999 -9999 -9999 -9999 622.6508 621.168 619.1467 616.528 613.5618 610.8763 609.3341 608.0076 606.7653 605.6987 605.0092 604.7867 605.1 605.8541
620.402 622.3362 624.0126 625.2955 626.0818 626.4793 -9999 -9999 -9999 -9999 -9999 -9999 -9999 -9999 -9999 -9999 -9999 -9999 -9999 -9999 -9999 -9999 -9999 -9999 -9999 -9999 -9999 -9999 -9999 -9999 -9999 -9999 -9999 -9999 -9999 -9999 -9999 -9999 -9999 -9999 -9999 -9999 -9999 -9999 -9999 -9999 -9999 -9999 -9999 -9999 -9999 -9999 -9999 -9999 -9999 -9999 622.7618 620.8218 618.2087 615.1512 612.0478 609.6249 608.6677 607.227 605.8754 605.1409 604.9144 605.269 606.1907 607.5295
616.9798 619.2487 621.3977 623.2534 624.5709 625.2272 625.1221 -9999 -9999 -9999 -9999 -9999 -9999 -9999 -9999 -9999 -9999 -9999 -9999 -9999 -9999 -9999 -9999 -9999 -9999 -9999 -9999 -9999 -9999 -9999 -9999 -9999 -9999 -9999 -9999 -9999 -9999 -9999 -9999 -9999 -9999 -9999 -9999 -9999 -9999 -9999 -9999 -9999 -9999 -9999 -9999 -9999 -9999 -9999 -9999 -9999 623.425 621.0908 618.0402 614.692 611.6174 609.496 608.3488 606.9604 605.6055 605.0779 605.2204 606.1758 607.877 609.7318
613.2842 615.6939 618.1827 620.5513 622.4456 623.5983 623.9692 624.0524 624.2904 -9999 -9999 -9999 -9999 -9999 -9999 -9999 -9999 -9999 -9999 -9999 -9999 -9999 -9999 -9999 -9999 -9999 -9999 -9999 -9999 -9999 -9999 -9999 -9999 -9999 -9999 -9999 -9999 -9999 -9999 -9999 -9999 -9999 -9999 -9999 -9999 -9999 -9999 -9999 -9999 -9999 -9999 -9999 -9999 -9999 -9999 -9999 624.5526 621.9083 618.5398 615.0106 611.9907 610.3398 608.7905 607.2213 605.6465 605.2041 605.8265 607.5101 609.8029 612.0853
610.0071 612.1489 614.6458 617.2955 619.6989 621.4784 622.4988 623.0618 623.585 624.2277 -9999 -9999 -9999 -9999 -9999 -9999 -9999 -9999 -9999 -9999 -9999 -9999 -9999 -9999 -9999 -9999 -9999 -9999 -9999 -9999 -9999 -9999 -9999 -9999 -9999 -9999 -9999 -9999 -9999 -9999 -9999 -9999 -9999 -9999 -9999 -9999 -9999 -9999 -9999 -9999 -9999 -9999 -9999 -9999 -9999 -9999 625.8 623.0013 619.5053 615.8726 612.7231 610.7976 609.053 607.4736 605.6647 605.334 606.7595 609.1033 611.8214 614.3907
607.97 609.2246 611.2639 613.8115 616.4314 618.6906 620.3828 621.6347 622.6513 623.4365 624.1326 624.5995 -9999 -9999 -9999 -9999 -9999 -9999 -9999 -9999 -9999 -9999 -9999 -9999 -9999 -9999 -9999 -9999 -9999 -9999 -9999 -9999 -9999 -9999 -9999 -9999 -9999 -9999 -9999 -9999 -9999 -9999 -9999 -9999 -9999 -9999 -9999 -9999 -9999 -9999 -9999 -9999 -9999 -9999 -9999 -9999 626.7311 623.9333 620.4424 616.7115 613.2128 610.3671 608.0962 606.4328 605.4918 606.1277 608.2629 611.1282 614.1666 616.7516
607.804 607.5281 608.6331 610.5869 612.9742 615.3712 617.5437 619.4274 620.9726 622.0819 622.8502 623.2117 622.9436 -9999 -9999 -9999 -9999 -9999 -9999 -9999 -9999 -9999 -9999 -9999 -9999 -9999 -9999 -9999 -9999 -9999 -9999 -9999 -9999 -9999 -9999 -9999 -9999 -9999 -9999 -9999 -9999 -9999 -9999 -9999 -9999 -9999 -9999 -9999 -9999 -9999 -9999 -9999 -9999 -9999 -9999 -9999 626.9597 624.1823 620.7165 616.874 613.0441 609.615 607.0101 605.6927 605.9385 607.6626 610.41 613.6411 616.7507 619.1921
606.8838 606.4996 606.7148 607.9829 609.8506 611.9789 614.2703 616.5321 618.4382 619.861 620.8445 621.2758 621.0927 620.4612 619.8081 -9999 -9999 -9999 -9999 -9999 -9999 -9999 -9999 -9999 -9999 -9999 -9999 -9999 -9999 -9999 -9999 -9999 -9999 -9999 -9999 -9999 -9999 -9999 -9999 -9999 -9999 -9999 -9999 -9999 -9999 -9999 -9999 -9999 -9999 -9999 -9999 -9999 -9999 -9999 -9999 628.1467 626.1652 623.4231 620.0047 616.118 612.1672 608.6449 606.2815 606.3234 607.5016 609.9526 613.1217 616.4462 619.4004 621.5502
606.0148 605.7035 605.6183 606.2309 607.533 609.1587 611.1318 613.4427 615.3487 616.919 618.1464 618.8451 618.9138 618.5098 618.0526 617.9261 618.2394 -9999 -9999 -9999 -9999 -9999 -9999 -9999 -9999 -9999 -9999 -9999 -9999 -9999 -9999 -9999 -9999 -9999 -9999 -9999 -9999 -9999 -9999 -9999 -9999 -9999 -9999 -9999 -9999 -9999 -9999 -9999 -9999 -9999 -9999 -9999 -9999 -9999 627.777 626.397 624.3301 621.6181 618.3137 614.5428 610.7094 607.4689 605.6714 608.0184 609.8483 612.7021 616.0198 619.2177 621.8378 623.5811
605.2642 605.0753 605.0109 605.5148 606.54 607.2502 608.7629 610.7745 612.1474 613.57 614.9967 616.0711 616.6387 616.7866 616.7639 616.8887 617.2506 618.0122 618.7787 -9999 -9999 -9999 -9999 -9999 -9999 -9999 -9999 -9999 -9999 -9999 -9999 -9999 -9999 -9999 -9999 -9999 -9999 -9999 -9999 -9999 -9999 -9999 -9999 -9999 -9999 -9999 -9999 -9999 -9999 -9999 -9999 628.7239 627.4796 626.3926 625.2595 623.7234 621.6149 618.9637 615.8939 612.4922 609.1643 606.6718 606.1917 608.5645 611.6356 615.1185 618.5591 621.5301 623.7188 625.0613
604.5923 604.4911 604.4812 604.9299 605.6624 605.96 606.6562 607.9091 608.9975 610.2059 611.7191 613.0933 614.1865 614.9904 615.4763 616.0097 616.5448 617.1852 617.8699 618.0826 -9999 -9999 -9999 -9999 -9999 -9999 -9999 -9999 -9999 -9999 -9999 -9999 -9999 -9999 -9999 -9999 -9999 -9999 -9999 -9999 -9999 -9999 -9999 -9999 -9999 -9999 -9999 633.8239 632.1771 630.4072 628.5148 626.6473 624.9 623.3469 621.8766 620.2151 618.134 615.6366 612.9631 610.2505 607.7676 606.3925 606.8249 609.6321 613.2846 617.018 620.3653 623.002 624.7234 625.6455
603.957 603.957 603.9778 604.3664 604.8965 604.9978 605.2419 605.788 606.494 607.5137 608.7656 610.166 611.5282 612.8043 613.8076 614.8522 615.651 616.3475 617.0138 617.4153 617.4319 617.006 -9999 -9999 -9999 -9999 -9999 -9999 -9999 -9999 -9999 -9999 -9999 -9999 -9999 -9999 -9999 -9999 -9999 -9999 -9999 -9999 -9999 -9999 637.2987 635.337 633.3659 631.5665 629.8327 627.9075 625.7662 623.547 621.4332 619.5433 617.8318 616.0854 614.0892 611.8434 609.6396 607.7667 606.4404 606.2367 607.5803 610.7523 614.5263 618.1154 621.1136 623.3488 624.7103 -9999
603.5864 603.6334 603.7061 603.9471 604.2416 604.3199 604.3927 604.6056 605.0111 605.6985 606.6799 607.8301 609.1335 610.4375 611.6273 612.9236 614.0593 615.0783 615.9849 616.7894 617.1961 617.2349 616.9774 -9999 -9999 -9999 -9999 -9999 -9999 -9999 -9999 -9999 -9999 -9999 -9999 -9999 -9999 -9999 -9999 -9999 -9999 638.6808 637.7894 636.3345 634.4557 632.2858 630.0701 628.0508 626.1523 624.1292 621.9145 619.5834 617.3322 615.3127 613.5232 611.8022 609.9499 608.0646 606.43 605.3333 605.176 606.0432 608.1663 611.5166 615.1091 618.2598 620.7357 622.6675 -9999 -9999
603.3454 603.3958 603.5444 603.7355 603.945 604.0095 604.004 604.0449 604.2238 604.6372 605.293 606.0718 607.1956 608.4501 609.644 610.7076 611.9698 613.2497 614.4736 615.7338 616.7997 617.5248 617.8981 617.7393 -9999 -9999 -9999 -9999 -9999 -9999 -9999 -9999 -9999 -9999 -9999 -9999 -9999 -9999 -9999 636.7538 636.3067 635.5243 634.3593 632.7205 630.6387 628.2086 625.7082 623.4502 621.4166 619.3971 617.3083 615.1479 613.0591 611.197 609.5934 608.1186 606.5679 605.2535 604.2993 603.8812 604.2782 605.8665 608.3456 611.7188 615.019 617.6572 619.6447 621.3346 -9999 -9999
603.1044 603.2203 603.3757 603.5905 603.8051 603.9488 603.9291 603.8739 603.8866 604.0605 604.4327 604.9702 605.7828 606.8918 608.0524 608.8865 609.9011 611.1944 612.5596 614.154 615.8146 617.2616 618.111 618.2679 617.8526 -9999 -9999 -9999 -9999 -9999 -9999 -9999 -9999 -9999 -9999 -9999 631.9197 632.9025 633.2631 633.1495 632.5532 631.4999 630.0436 628.1715 625.8755 623.2426 620.5613 618.1877 616.1717 614.3226 612.569 610.8937 609.3192 608.007 606.9923 605.898 604.7169 603.8902 603.4917 603.4524 604.1163 605.9584 608.3607 611.589 614.6043 616.7995 618.3597 619.829 -9999 -9999
602.8992 603.025 603.2146 603.4396 603.6726 603.8622 603.95 603.8986 603.8226 603.8284 603.9949 604.3364 604.8867 605.6474 606.5269 607.2383 608.0146 609.2148 610.5446 612.2703 614.3501 616.4192 617.77 618.1497 617.8195 -9999 -9999 -9999 -9999 -9999 -9999 -9999 -9999 -9999 623.1595 625.2209 626.9758 628.2252 628.8214 628.7339 627.9504 626.6068 624.8776 622.8296 620.4421 617.8016 615.1867 612.9277 611.1911 609.732 608.573 607.6808 607.0576 606.5393 606.1882 604.9933 603.9122 603.452 603.5393 603.7201 604.4153 606.4936 608.7942 611.8111 614.4643 616.2426 617.4154 618.6036 -9999 -9999
602.7307 602.8643 603.0462 603.2723 603.515 603.7371 603.8947 603.95 603.882 603.8046 603.8356 604.0288 604.3914 604.9039 605.5115 606.1085 606.7555 607.6823 609.0298 610.7097 612.7499 615.2158 617.0624 617.4781 617.0455 616.2095 -9999 -9999 -9999 -9999 -9999 -9999 -9999 616.7273 618.3087 620.0886 621.8424 623.246 623.9542 623.7832 622.7585 621.1078 619.1725 617.1257 614.9186 612.6327 610.4429 608.5725 607.452 606.6253 606.2883 606.0676 605.8655 605.5481 605.1185 604.258 603.4941 603.4108 604.0202 604.3113 604.7457 606.7601 609.4945 612.5198 614.9758 616.4835 617.319 618.1143 -9999 -9999
602.6456 602.7484 602.9104 603.1177 603.3525 603.5892 603.7911 603.9218 603.9499 603.8666 603.8353 603.9355 604.1831 604.5568 605.024 605.528 606.0881 606.8879 608.0706 609.5621 611.3477 613.8373 615.9406 616.5479 616.2314 615.7808 -9999 -9999 -9999 -9999 -9999 -9999 612.321 612.9382 614.0082 615.413 617.0083 618.3752 619.0178 618.6523 617.3759 615.5005 613.5519 611.7922 610.1517 608.7682 607.5192 606.2434 605.9675 605.6076 605.4176 605.3962 605.322 605.0032 604.4557 603.8036 603.2503 603.2708 603.9899 604.8895 605.3239 607.475 610.4643 613.5073 615.8169 617.22 617.9163 618.0581 -9999 -9999
602.6481 602.7048 602.8287 603.0061 603.2184 603.4475 603.6694 603.8488 603.9499 603.9254 603.8992 603.9623 604.1514 604.4594 604.8839 605.3975 605.7971 606.4939 607.557 608.9849 610.744 612.6906 614.7864 615.8292 616.0024 615.7499 614.855 -9999 -9999 -9999 -9999 609.9274 609.8606 610.1097 610.7983 611.6253 612.8185 613.9063 614.2944 613.6857 612.3409 610.6687 609.2561 608.1077 607.2491 607.1985 607.5107 606.7713 606.1986 605.6658 605.2299 605.091 605.0131 604.715 604.1564 603.6445 603.2318 603.2198 603.799 604.756 605.9559 608.379 611.4254 614.3478 616.4756 617.7202 617.9854 -9999 -9999 -9999
602.7218 602.7373 602.8187 602.9591 603.1373 603.3396 603.5533 603.75 603.8914 603.95 603.9756 604.0356 604.1915 604.4421 604.7748 605.1646 605.5423 606.244 607.2183 608.5016 610.0215 611.6946 613.7643 615.2881 615.9931 615.8718 614.8853 -9999 610.96 609.2665 608.4837 608.2328 608.1759 608.4962 609.0168 608.9721 609.5046 610.0959 610.1248 609.3999 608.3995 607.611 607.0927 606.6193 606.2628 606.2596 606.3565 605.9943 605.6845 605.48 605.1455 604.8341 604.7186 604.5187 604.0989 603.7565 603.5762 603.6464 604.1544 605.1276 606.8253 609.2341 611.9902 614.4846 616.116 616.9368 617.0042 -9999 -9999 -9999
602.832 602.8245 602.8785 602.9872 603.1273 603.288 603.472 603.6659 603.834 603.9501 604.0333 604.1149 604.2508 604.4634 604.7349 605.0745 605.4905 606.1074 606.9675 608.0956 609.4333 610.9335 612.6718 614.6614 615.7622 615.7725 614.7369 612.7026 610.2676 608.2789 607.2019 606.9041 607.0123 607.3507 607.411 607.1807 607.2451 607.2853 606.9739 606.3524 606.1484 606.7465 606.3394 606.1005 605.9594 605.844 605.6211 605.2471 605.0186 604.9836 604.9169 604.7894 604.6733 604.5621 604.4025 604.308 604.4608 604.8231 605.4971 606.4531 607.8835 609.803 611.9564 613.7947 614.8655 615.1458 -9999 -9999 -9999 -9999
602.9639 602.9519 602.9965 603.085 603.187 603.2971 603.437 603.6127 603.7964 603.95 604.0659 604.1688 604.2977 604.4805 604.7159 605.0216 605.4395 605.9203 606.6682 607.6754 608.8384 610.1868 611.6743 613.6877 615.0457 614.8839 614.1789 612.1139 609.5657 607.4993 606.3702 606.0589 606.4039 606.9794 606.9242 606.3055 606.1692 605.7063 605.1364 604.6646 605.1457 605.9584 605.6719 605.5758 605.578 605.5682 605.3546 605.0518 604.8428 604.8617 605.0015 605.1364 605.2529 605.3531 605.4397 605.8673 606.3999 606.9293 607.4637 608.0842 608.887 609.9959 611.3585 612.5241 612.9394 -9999 -9999 -9999 -9999 -9999
603.1427 603.1368 603.1824 603.2534 603.3058 603.351 603.4326 603.5791 603.7697 603.9505 604.0744 604.1819 604.3062 604.4572 604.6398 604.8613 605.15 605.5276 606.1973 607.118 608.0346 609.1065 610.3694 612.1675 613.658 613.9 613.3785 611.3983 608.9963 607.1237 606.1212 605.998 606.316 606.9495 606.8009 606.4055 605.3857 605.1972 604.2938 604.1481 604.6791 605.2482 605.0876 604.8705 604.9807 605.0905 605.1605 605.1677 605.2671 605.4482 605.7849 606.2559 606.7594 607.301 607.9125 608.566 609.0738 609.3654 609.5533 609.6924 609.795 610.0305 610.5282 611.063 610.9514 -9999 -9999 -9999 -9999 -9999
603.4426 603.4562 603.4858 603.5185 603.4769 603.4232 603.4281 603.5321 603.7249 603.9458 604.0549 604.1544 604.2692 604.3879 604.5135 604.6532 604.8297 605.0971 605.5656 606.2944 607.0731 607.9526 609.0497 610.4666 611.9604 612.8156 612.3036 610.6424 608.6059 607.125 606.5588 606.5182 606.9913 606.6443 606.1617 605.8422 605.1814 604.3773 603.8866 603.9637 604.4025 604.5881 604.4682 604.358 604.451 604.7037 604.991 605.413 605.9963 606.6801 607.3964 608.3389 609.3506 610.4103 611.3224 611.9635 612.1962 612.1218 611.9136 611.5988 611.1023 610.5482 610.0569 609.9469 -9999 -9999 -9999 -9999 -9999 -9999
604.0079 604.063 603.9965 603.9171 603.6936 603.489 603.3945 603.4338 603.5886 603.792 603.9489 604.074 604.1927 604.2809 604.3538 604.4289 604.524 604.6892 605.0096 605.5289 606.1432 606.7928 607.6808 608.7441 609.8215 610.9401 611.0616 610.1714 608.5011 607.2302 606.9026 606.4796 606.2307 605.582 605.0016 604.5204 604.1274 603.6685 603.493 603.6929 603.806 603.8707 603.906 603.9388 604.2731 604.8177 605.4393 606.1808 607.2244 608.532 609.8649 611.4787 613.0901 614.4861 615.4601 615.9063 615.808 615.4136 614.9802 614.3768 613.4043 612.0815 610.7886 -9999 -9999 -9999 -9999 -9999 -9999 -9999
605.114 605.2578 604.8513 604.3732 603.9135 603.5358 603.3412 603.3097 603.4113 603.592 603.7789 603.9493 604.0865 604.1398 604.1681 604.1967 604.2319 604.3055 604.4954 604.9009 605.362 605.7458 606.4671 607.3519 608.2408 609.1049 609.9978 610.0636 608.6069 607.2461 606.5356 605.8663 605.2173 604.4352 604.0159 603.7051 603.4474 603.1615 603.0908 603.2777 603.2473 603.2571 603.4365 603.8074 604.4507 605.4982 606.7286 608.028 609.5729 611.6112 613.764 615.9083 617.8158 619.2907 620.1243 620.2527 619.7963 619.1454 618.5974 617.8283 616.5183 -9999 -9999 -9999 -9999 -9999 -9999 -9999 -9999 -9999
606.7052 606.8571 605.929 604.9593 604.1093 603.6136 603.3369 603.2277 603.2556 603.3896 603.5759 603.7732 603.9426 603.9517 603.9509 603.9498 603.9471 603.9414 603.9911 604.3289 604.652 604.994 605.5278 606.3149 607.2279 608.1835 609.1443 609.5538 608.4019 607.1212 606.0538 605.1555 604.3801 603.8947 603.5575 603.302 603.0804 602.8711 602.803 602.9619 602.9379 603.0019 603.3454 604.0511 605.2158 606.8354 608.8801 611.0524 613.4962 616.098 618.6721 621.0544 623.0342 624.3756 624.9026 624.6067 623.756 622.8588 622.2034 -9999 -9999 -9999 -9999 -9999 -9999 -9999 -9999 -9999 -9999 -9999
608.9998 608.6229 607.308 605.9072 604.7635 603.9836 603.5263 603.2823 603.1906 603.2271 603.3558 603.5197 603.6613 603.7078 603.7057 603.671 603.6174 603.5642 603.5896 603.8384 604.0016 604.3281 604.7368 605.4174 606.347 607.3604 608.2574 608.6281 607.9827 606.8577 605.5163 604.4711 604.2747 603.7788 603.3933 603.1133 602.8927 602.7092 602.6204 602.7267 602.9067 603.2316 603.8757 604.9955 606.7136 608.9921 611.8591 614.9485 618.0464 621.0118 623.7463 626.1465 628.0156 629.0735 629.1669 628.3832 -9999 -9999 -9999 -9999 -9999 -9999 -9999 -9999 -9999 -9999 -9999 -9999 -9999 -9999
611.5432 610.5778 609.004 607.2893 605.7789 604.6897 603.9706 603.5302 603.2708 603.1545 603.1731 603.2671 603.3749 603.4384 603.4388 603.3679 603.2566 603.1339 603.0416 603.1317 603.282 603.601 603.8544 604.4507 605.3873 606.4296 607.2939 607.6569 607.3296 606.3517 604.9462 604.0237 603.7467 603.4768 603.187 602.963 602.781 602.6488 602.626 602.8267 603.2943 604.0304 605.1839 606.9991 609.3414 612.1083 615.4029 618.8816 622.2647 625.3627 628.0538 630.3011 631.9301 632.6024 632.2505 -9999 -9999 -9999 -9999 -9999 -9999 -9999 -9999 -9999 -9999 -9999 -9999 -9999 -9999 -9999
