backend/lakes/data/North Buck Lake/nort_dem_tm.asc
ncols         243
nrows         200
xllcorner     651950
yllcorner     6054150
cellsize      50
NODATA_value  -9999
[rows 93 to 123 of 200, columns 140 to 209 of 243]
614.6317 613.1719 611.1326 608.9698 607.0916 605.6427 604.6573 603.9747 603.5119 603.2023 603.0732 603.0717 603.127 603.1788 603.166 603.0504 602.8737 602.7065 602.4758 602.4476 602.4654 602.5547 602.7483 603.3768 604.3198 605.3618 606.2335 606.672 606.4017 605.3433 604.0706 603.3223 603.077 602.9558 602.8624 602.7651 602.6907 602.6818 602.8435 603.2861 604.1443 605.4591 607.3049 609.7129 612.4731 615.4955 618.8285 622.2639 625.5521 628.4588 630.8619 632.7576 634.0399 -9999 -9999 -9999 -9999 -9999 -9999 -9999 -9999 -9999 -9999 -9999 -9999 -9999 -9999 -9999 -9999 -9999
617.4326 615.709 613.3095 610.7446 608.4495 606.6915 605.4683 604.5738 603.8739 603.3609 603.0816 602.9694 602.9469 602.95 602.8961 602.7061 602.4421 602.3494 602.1403 602.0816 602.0571 602.0627 602.1877 602.6042 603.2779 604.111 604.849 605.1646 604.9077 603.9749 602.9514 602.4908 602.418 602.4526 602.5749 602.5911 602.6035 602.7731 603.2232 604.1022 605.506 607.4963 609.9557 612.7314 615.6231 618.5604 621.5858 624.6559 627.5746 630.0504 631.9127 -9999 -9999 -9999 -9999 -9999 -9999 -9999 -9999 -9999 -9999 -9999 -9999 -9999 -9999 -9999 -9999 -9999 -9999 -9999
619.0182 617.3949 614.869 612.0703 609.5172 607.5323 606.1971 605.1596 604.1853 603.605 603.2287 602.9979 602.8573 602.7542 602.6121 602.272 601.8123 601.7184 601.6919 601.7545 601.811 601.8063 601.8194 601.9683 602.2729 602.7051 603.0817 603.3238 603.2171 602.6707 602.1385 601.897 601.9298 602.1227 602.4118 602.502 602.5818 602.9257 603.7336 605.1814 607.3256 609.9524 612.8669 615.7979 618.5648 621.1533 623.6711 626.1884 628.5958 630.6235 -9999 -9999 -9999 -9999 -9999 -9999 -9999 -9999 -9999 -9999 -9999 -9999 -9999 -9999 -9999 -9999 -9999 -9999 -9999 -9999
619.1189 617.584 615.1237 612.4071 609.9218 607.9751 606.7166 605.6396 604.7918 604.1549 603.6278 603.2223 602.8918 602.5779 602.2582 601.5538 601.0322 601.1156 601.2434 601.3842 601.5209 601.5574 601.498 601.4256 601.3568 601.2847 601.4444 601.788 601.9208 601.761 601.5449 601.4532 601.5455 601.7891 602.1361 602.4249 602.6281 603.2108 604.441 606.5575 609.4199 612.6323 615.8339 618.7473 621.2433 623.4096 625.4113 627.3945 -9999 -9999 -9999 -9999 -9999 -9999 -9999 -9999 -9999 -9999 -9999 -9999 -9999 -9999 -9999 -9999 -9999 -9999 -9999 -9999 -9999 -9999
617.7908 616.2703 614.0541 611.7084 609.6384 608.0452 606.9765 606.1965 605.6383 605.207 604.3807 603.7111 603.1331 602.4628 601.8315 601.0421 600.7655 600.8962 600.9987 601.0627 601.1744 601.2332 601.1901 601.0819 600.8952 600.7137 600.7374 600.9432 601.1729 601.2079 601.15 601.1305 601.2327 601.4877 601.8826 602.3591 602.745 603.7192 605.5145 608.3137 611.7612 615.4008 618.7482 621.5523 623.7483 625.5281 -9999 -9999 -9999 -9999 -9999 -9999 -9999 -9999 -9999 -9999 -9999 -9999 -9999 -9999 -9999 -9999 -9999 -9999 -9999 -9999 -9999 -9999 -9999 -9999
615.4789 614.1417 612.3198 610.5001 608.9539 607.7769 607.0226 606.6703 606.5433 606.3945 605.5052 604.5052 603.7625 602.8096 602.0312 601.3046 600.9172 600.8994 600.8999 600.9 600.8995 600.9026 600.905 600.8943 600.6981 600.5349 600.5323 600.6893 600.8976 600.9675 600.9388 600.9223 601.0039 601.2375 601.6481 602.2085 602.9517 604.4952 606.9313 610.3312 614.2703 618.1689 621.5474 624.2055 626.1503 -9999 -9999 -9999 -9999 -9999 -9999 -9999 -9999 -9999 -9999 -9999 -9999 -9999 -9999 -9999 -9999 -9999 -9999 -9999 -9999 -9999 -9999 -9999 -9999 -9999
612.981 611.9535 610.672 609.3834 608.1824 607.2194 606.8912 606.8771 606.9939 606.9373 606.4308 605.4984 604.653 603.7036 602.7491 601.9645 601.4063 601.1007 600.9026 600.8233 600.7878 600.7842 600.7895 600.7682 600.6379 600.5314 600.5492 600.6847 600.8448 600.9 600.8528 600.814 600.8876 601.1532 601.6724 602.5167 603.8243 605.835 608.7616 612.5804 616.8292 620.8306 624.0886 626.4862 628.2458 -9999 -9999 -9999 -9999 -9999 -9999 -9999 -9999 -9999 -9999 -9999 -9999 -9999 -9999 -9999 -9999 -9999 -9999 -9999 -9999 -9999 -9999 -9999 -9999 -9999
610.8674 610.2439 609.5884 608.7975 607.8576 607.0373 606.787 606.8408 606.9803 607.0042 606.8403 605.9936 605.2408 604.3979 603.6538 602.7713 602.0035 601.4557 601.0966 600.8998 600.8012 600.7957 600.8054 600.7888 600.6899 600.6246 600.6564 600.7848 600.8996 600.8865 600.8158 600.7773 600.8789 601.2393 601.9761 603.2108 605.0395 607.4895 610.8035 614.9285 619.2969 623.1983 626.101 627.9708 -9999 -9999 -9999 -9999 -9999 -9999 -9999 -9999 -9999 -9999 -9999 -9999 -9999 -9999 -9999 -9999 -9999 -9999 -9999 -9999 -9999 -9999 -9999 -9999 -9999 -9999
609.3978 609.0918 608.8293 608.255 607.4883 606.8672 606.6281 606.6322 606.679 606.5912 606.2664 605.5386 604.8882 604.4197 604.0624 603.4937 602.4839 601.7792 601.3229 601.0486 600.9019 600.8993 600.9002 600.8987 600.7953 600.7524 600.7848 600.8988 600.9364 600.8865 600.8046 600.7813 600.9459 601.4417 602.4305 604.0934 606.4141 609.233 612.8879 617.1631 621.45 625.0587 627.4108 -9999 -9999 -9999 -9999 -9999 -9999 -9999 -9999 -9999 -9999 -9999 -9999 -9999 -9999 -9999 -9999 -9999 -9999 -9999 -9999 -9999 -9999 -9999 -9999 -9999 -9999 -9999
608.7548 608.4744 608.175 607.7438 607.0484 606.582 606.3812 606.3366 606.2653 606.0017 605.492 604.7556 604.1479 603.9723 603.8959 603.3673 602.5178 601.924 601.5077 601.2383 601.0916 601.0502 601.0284 600.9914 600.903 600.8989 600.903 600.9821 600.9863 600.9126 600.822 600.8202 601.0552 601.7028 602.9326 605.0646 607.9799 611.0474 614.8505 619.0497 623.0546 626.2867 628.2942 -9999 -9999 -9999 -9999 -9999 -9999 -9999 -9999 -9999 -9999 -9999 -9999 -9999 -9999 -9999 -9999 -9999 -9999 -9999 -9999 -9999 -9999 -9999 -9999 -9999 -9999 -9999
608.7159 608.2695 607.6934 607.0937 606.599 606.2773 606.1328 606.0737 605.9307 605.5347 604.8893 604.1298 603.6971 603.5422 603.4277 603.0439 602.4546 602.0104 601.6726 601.439 601.3047 601.2493 601.2208 601.186 601.14 601.1354 601.14 601.1527 601.0988 600.9788 600.8654 600.8776 601.176 601.9998 603.4521 605.8027 608.9642 612.473 616.3886 620.3218 623.8687 626.65 628.3257 -9999 -9999 -9999 -9999 -9999 -9999 -9999 -9999 -9999 -9999 -9999 -9999 -9999 -9999 -9999 -9999 -9999 -9999 -9999 -9999 -9999 -9999 -9999 -9999 -9999 -9999 -9999
609.1725 608.5287 607.6444 606.8922 606.3822 606.0984 605.9812 605.9238 605.7794 605.3868 604.5771 603.8837 603.4077 603.1819 603.0372 602.785 602.4308 602.1096 601.8427 601.647 601.5303 601.4788 601.4597 601.4468 601.4329 601.4357 601.4363 601.3983 601.2718 601.0767 600.9054 600.8967 601.2108 602.2323 603.8626 606.3324 609.7035 613.5062 617.3442 620.8146 623.7773 626.1485 -9999 -9999 -9999 -9999 -9999 -9999 -9999 -9999 -9999 -9999 -9999 -9999 -9999 -9999 -9999 -9999 -9999 -9999 -9999 -9999 -9999 -9999 -9999 -9999 -9999 -9999 -9999 -9999
609.8869 609.2034 608.1443 607.1095 606.4734 606.1258 605.9632 605.8438 605.6048 605.0713 604.1214 603.4724 603.0555 602.845 602.7333 602.6071 602.4293 602.2143 602.0111 601.8528 601.7567 601.7175 601.7148 601.7276 601.7448 601.764 601.7729 601.7056 601.4993 601.1897 600.8982 600.7548 601.0468 602.2529 604.0358 606.6113 610.1191 614.0081 617.619 620.5264 622.8826 624.9064 -9999 -9999 -9999 -9999 -9999 -9999 -9999 -9999 -9999 -9999 -9999 -9999 -9999 -9999 -9999 -9999 -9999 -9999 -9999 -9999 -9999 -9999 -9999 -9999 -9999 -9999 -9999 -9999
610.4808 609.8396 608.9506 607.7415 606.9249 606.4199 606.1202 605.8357 605.3556 604.3851 603.5966 603.0319 602.6865 602.5306 602.4891 602.4763 602.4299 602.3044 602.1593 602.0379 601.9659 601.944 601.9565 601.9908 602.0356 602.0793 602.1219 602.0601 601.78 601.3284 600.8953 600.669 600.9839 602.2396 604.0529 606.5927 610.014 613.7846 617.1094 619.5123 621.3872 623.1823 -9999 -9999 -9999 -9999 -9999 -9999 -9999 -9999 -9999 -9999 -9999 -9999 -9999 -9999 -9999 -9999 -9999 -9999 -9999 -9999 -9999 -9999 -9999 -9999 -9999 -9999 -9999 -9999
611.0108 610.4585 609.8048 608.8633 607.7899 607.0356 606.525 605.9922 605.2571 604.0886 603.2482 602.6945 602.3835 602.2745 602.2995 602.3783 602.43 602.3711 602.2728 602.1867 602.1416 602.1398 602.1616 602.2057 602.2694 602.3202 602.428 602.4174 602.0914 601.4853 600.8986 600.6396 600.976 602.2305 603.979 606.3174 609.3864 612.8535 615.8593 617.9221 619.4182 621.1094 -9999 -9999 -9999 -9999 -9999 -9999 -9999 -9999 -9999 -9999 -9999 -9999 -9999 -9999 -9999 -9999 -9999 -9999 -9999 -9999 -9999 -9999 -9999 -9999 -9999 -9999 -9999 -9999
611.6351 611.1475 610.7157 609.9938 609.1262 608.0159 607.2656 606.3835 605.3138 604.0214 603.1003 602.5081 602.1935 602.1015 602.1674 602.3093 602.4299 602.4109 602.3456 602.2915 602.2755 602.2997 602.3175 602.3535 602.4283 602.4335 602.5796 602.6115 602.3612 601.6419 600.9402 600.6908 601.0405 602.2577 603.8979 605.9811 608.6353 611.5559 614.1825 615.9158 617.1361 618.788 -9999 -9999 -9999 -9999 -9999 -9999 -9999 -9999 -9999 -9999 -9999 -9999 -9999 -9999 -9999 -9999 -9999 -9999 -9999 -9999 -9999 -9999 -9999 -9999 -9999 -9999 -9999 -9999
612.5372 612.056 611.5298 610.9985 610.3937 609.4128 608.4007 607.1467 605.7004 604.232 603.2126 602.5317 602.1506 602.0275 602.0942 602.2633 602.4291 602.4258 602.3852 602.3594 602.3677 602.4291 602.43 602.4308 602.4998 602.5595 602.6637 602.6652 602.4155 601.7731 601.1499 600.9058 601.2897 602.3529 603.8351 605.6276 607.8249 610.2527 612.5383 614.0101 615.0563 616.6105 618.8651 -9999 -9999 -9999 -9999 -9999 -9999 -9999 -9999 -9999 -9999 -9999 -9999 -9999 -9999 -9999 -9999 -9999 -9999 -9999 -9999 -9999 -9999 -9999 -9999 -9999 -9999 -9999
613.7828 613.213 612.4454 611.9383 611.4243 610.7711 609.7842 608.3868 606.7061 604.993 603.735 602.8375 602.2958 602.0732 602.0892 602.2341 602.3849 602.4301 602.4304 602.4301 602.4312 602.5021 602.5356 602.546 602.5767 602.627 602.6819 602.6462 602.4215 601.8829 601.3816 601.1942 601.5276 602.4265 603.7667 605.2853 607.0821 609.2281 611.3223 612.7358 613.7136 615.0896 617.2013 -9999 -9999 -9999 -9999 -9999 -9999 -9999 -9999 -9999 -9999 -9999 -9999 -9999 -9999 -9999 -9999 -9999 -9999 -9999 -9999 -9999 -9999 -9999 -9999 -9999 -9999 -9999
-9999 614.5573 613.6955 613.0782 612.5579 612.1799 611.3335 609.9555 608.2437 606.3959 604.695 603.4237 602.626 602.2487 602.1849 602.2988 602.4541 602.5541 602.5978 602.6063 602.6028 602.6336 602.6557 602.6553 602.6472 602.6537 602.6476 602.5742 602.4073 601.9717 601.5981 601.4562 601.7054 602.4553 603.6893 604.9854 606.5128 608.566 610.6937 612.3393 613.4252 614.5363 616.2226 -9999 -9999 -9999 -9999 -9999 -9999 -9999 -9999 -9999 -9999 -9999 -9999 -9999 -9999 -9999 -9999 -9999 -9999 -9999 -9999 -9999 -9999 -9999 -9999 -9999 -9999 -9999
-9999 -9999 615.212 614.616 614.1368 613.7963 613.0285 611.6617 609.9183 607.9423 605.9501 604.1617 603.0659 602.522 602.3807 602.4777 602.6528 602.7928 602.858 602.8604 602.8251 602.7994 602.7806 602.7473 602.6953 602.6494 602.577 602.4342 602.2611 602.0246 601.8274 601.7104 601.8724 602.517 603.7335 605.0452 606.5958 608.6279 610.8148 612.5759 613.7472 614.6713 -9999 -9999 -9999 -9999 -9999 -9999 -9999 -9999 -9999 -9999 -9999 -9999 -9999 -9999 -9999 -9999 -9999 -9999 -9999 -9999 -9999 -9999 -9999 -9999 -9999 -9999 -9999 -9999
-9999 -9999 -9999 -9999 616.0745 615.5679 614.7202 613.3521 611.5258 609.3444 606.944 604.8129 603.5024 602.8308 602.6443 602.7518 602.9626 603.132 603.1846 603.1548 603.0714 602.9778 602.8965 602.8171 602.7241 602.6372 602.5376 602.4163 602.1925 602.1359 602.15 602.0012 602.1626 602.8395 604.1078 605.5438 607.1964 609.2433 611.3094 612.8722 613.9205 614.7609 -9999 -9999 -9999 -9999 -9999 -9999 -9999 -9999 -9999 -9999 -9999 -9999 -9999 -9999 -9999 -9999 -9999 -9999 -9999 -9999 -9999 -9999 -9999 -9999 -9999 -9999 -9999 -9999
-9999 -9999 -9999 -9999 -9999 617.3409 616.2726 614.8345 612.9026 610.494 607.8449 605.4731 603.9044 603.1233 602.9304 603.0801 603.3419 603.5376 603.535 603.4448 603.301 603.139 602.9898 602.8569 602.7255 602.5957 602.4338 602.2338 602.0909 602.2546 602.533 602.4082 602.7648 603.7772 605.1016 606.5537 608.2269 610.1556 611.9027 613.0207 613.687 614.2076 -9999 -9999 -9999 -9999 -9999 -9999 -9999 -9999 -9999 -9999 -9999 -9999 -9999 -9999 -9999 -9999 -9999 -9999 -9999 -9999 -9999 -9999 -9999 -9999 -9999 -9999 -9999 -9999
-9999 -9999 -9999 -9999 -9999 618.8744 617.6144 615.9835 613.8137 611.1046 608.2061 605.7559 604.0753 603.3206 603.1927 603.4093 603.7129 603.9322 603.8292 603.6795 603.4773 603.2471 603.0341 602.8532 602.6993 602.5621 602.4227 602.1343 602.0233 602.3616 603.0104 602.9432 603.7948 605.0204 606.3498 607.8518 609.5115 611.1047 612.2303 612.9262 613.253 -9999 -9999 -9999 -9999 -9999 -9999 -9999 -9999 -9999 -9999 -9999 -9999 -9999 -9999 -9999 -9999 -9999 -9999 -9999 -9999 -9999 -9999 -9999 -9999 -9999 -9999 -9999 -9999 -9999
-9999 -9999 -9999 -9999 -9999 620.0338 618.6248 616.777 614.2946 611.299 608.2679 605.8422 604.1721 603.4946 603.4362 603.6964 603.9474 604.0582 603.9534 603.8246 603.582 603.2836 603.0048 602.7764 602.596 602.4244 602.2505 602.0303 601.959 602.2793 602.9204 603.8272 605.0571 606.3939 607.7579 609.3229 610.7643 611.7957 612.2043 612.347 -9999 -9999 -9999 -9999 -9999 -9999 -9999 -9999 -9999 -9999 -9999 -9999 -9999 -9999 -9999 -9999 -9999 -9999 -9999 -9999 -9999 -9999 -9999 -9999 -9999 -9999 -9999 -9999 -9999 -9999
-9999 -9999 -9999 -9999 -9999 620.811 619.1913 617.1603 614.4807 611.3559 608.3671 606.0414 604.4515 603.7727 603.6827 603.9368 604.0739 604.1321 604.0738 603.9448 603.6318 603.2534 602.9001 602.6249 602.42 602.1933 602.0544 602.0165 602.1603 602.7161 603.774 605.0663 606.4775 607.9635 609.5965 611.0541 611.9094 612.105 611.8069 611.3851 -9999 -9999 -9999 -9999 -9999 -9999 -9999 -9999 -9999 -9999 -9999 -9999 -9999 -9999 -9999 -9999 -9999 -9999 -9999 -9999 -9999 -9999 -9999 -9999 -9999 -9999 -9999 -9999 -9999 -9999
-9999 -9999 -9999 -9999 -9999 621.3656 619.6291 617.4389 614.6313 611.4914 608.66 606.5887 605.1449 604.2349 603.8754 603.95 604.061 604.125 604.0953 603.9495 603.6134 603.1744 602.7502 602.4403 602.2048 602.0416 602.032 602.2302 602.7426 603.7563 605.0588 606.5234 608.15 610.0511 611.8947 613.0834 613.0966 612.3085 611.1879 -9999 -9999 -9999 -9999 -9999 -9999 -9999 -9999 -9999 -9999 -9999 -9999 -9999 -9999 -9999 -9999 -9999 -9999 -9999 -9999 -9999 -9999 -9999 -9999 -9999 -9999 -9999 -9999 -9999 -9999 -9999
-9999 -9999 -9999 -9999 -9999 -9999 620.0074 617.7476 614.9038 611.7733 608.978 606.9719 605.65 604.8817 604.045 603.95 604.0154 604.0837 604.0779 603.9465 603.6049 603.1111 602.6296 602.4101 602.1676 602.1538 602.4122 602.8444 603.8095 605.0746 606.5163 608.201 610.2838 612.5579 614.4522 615.1943 614.3263 612.4449 -9999 -9999 -9999 -9999 -9999 -9999 -9999 -9999 -9999 -9999 -9999 -9999 -9999 -9999 -9999 -9999 -9999 -9999 -9999 -9999 -9999 -9999 -9999 -9999 -9999 -9999 -9999 -9999 -9999 -9999 -9999 -9999
-9999 -9999 -9999 -9999 623.2724 621.7156 620.0203 617.824 615.153 612.1127 609.2451 607.057 605.5753 604.6651 604.068 603.95 603.98 604.0459 604.0583 603.952 603.6793 603.139 602.4971 602.2518 602.2571 602.5934 603.2806 604.0595 605.1389 606.4742 608.067 610.1594 612.6665 615.1424 616.7404 616.5295 615.2687 -9999 -9999 -9999 -9999 -9999 -9999 -9999 -9999 -9999 -9999 -9999 -9999 -9999 -9999 -9999 -9999 -9999 -9999 -9999 -9999 -9999 -9999 -9999 -9999 -9999 -9999 -9999 -9999 -9999 -9999 -9999 -9999 -9999
-9999 -9999 625.3984 623.7607 622.1906 620.6543 619.0636 617.0954 614.9183 612.1431 609.2208 606.8107 605.1468 604.1595 603.8975 603.9061 603.9501 604.0281 604.0779 604.0592 603.9281 603.4771 602.8578 602.5242 602.7708 603.5729 604.555 605.4562 606.4717 607.8647 609.765 612.184 614.9282 617.4114 618.6411 617.7356 -9999 -9999 -9999 -9999 -9999 -9999 -9999 -9999 -9999 -9999 -9999 -9999 -9999 -9999 -9999 -9999 -9999 -9999 -9999 -9999 -9999 -9999 -9999 -9999 -9999 -9999 -9999 -9999 -9999 -9999 -9999 -9999 -9999 -9999
627.4539 625.686 623.8109 622.0193 620.3411 618.7759 617.3239 615.7522 613.8523 611.4528 608.6299 606.1304 604.5361 603.9381 603.8716 603.9496 603.9664 604.019 604.0734 604.0947 604.0604 603.8985 603.4808 603.4014 603.9622 604.8887 605.8577 606.5627 607.699 609.3092 611.3558 613.8117 616.4744 618.7528 619.7112 -9999 -9999 -9999 -9999 -9999 -9999 -9999 -9999 -9999 -9999 -9999 -9999 -9999 -9999 -9999 -9999 -9999 -9999 -9999 -9999 -9999 -9999 -9999 -9999 -9999 -9999 -9999 -9999 -9999 -9999 -9999 -9999 -9999 -9999 -9999
625.5037 623.5522 621.5272 619.5875 617.7754 616.1533 614.7565 613.4527 611.9681 609.9473 607.4894 605.3364 604.2299 603.9249 603.9496 603.9572 603.95 603.9836 604.0237 604.033 604.0062 603.9534 603.9422 604.2224 605.1945 606.1656 606.7958 607.6804 608.9602 610.5089 612.3431 614.5331 616.8616 618.8266 619.7068 -9999 -9999 -9999 -9999 -9999 -9999 -9999 -9999 -9999 -9999 -9999 -9999 -9999 -9999 -9999 -9999 -9999 -9999 -9999 -9999 -9999 -9999 -9999 -9999 -9999 -9999 -9999 -9999 -9999 -9999 -9999 -9999 -9999 -9999 -9999
