backend/lakes/data/Snipe Lake/snip_dem_tm.asc
ncols         202
nrows         244
xllcorner     381100
yllcorner     6101850
cellsize      50
NODATA_value  -9999
[rows 87 to 115 of 244, columns 0 to 64 of 202]
-9999 -9999 -9999 -9999 -9999 -9999 -9999 -9999 -9999 -9999 -9999 -9999 -9999 -9999 -9999 -9999 -9999 -9999 -9999 -9999 -9999 -9999 -9999 -9999 -9999 -9999 -9999 -9999 -9999 -9999 -9999 -9999 -9999 -9999 -9999 -9999 -9999 -9999 -9999 746.3279 746.7212 746.6008 745.8552 744.7718 743.6249 742.4048 741.0907 739.8839 738.8749 738.1709 737.7141 737.4165 737.2415 737.1412 737.0961 737.0775 737.0677 737.0503 737.0143 736.9493 736.8379 736.689 736.5087 736.3038 736.0822
-9999 -9999 -9999 -9999 -9999 -9999 -9999 -9999 -9999 -9999 -9999 -9999 -9999 -9999 -9999 -9999 -9999 -9999 -9999 -9999 -9999 -9999 -9999 -9999 -9999 -9999 -9999 -9999 -9999 -9999 -9999 -9999 -9999 -9999 -9999 -9999 -9999 -9999 744.7425 745.2593 745.6852 745.4224 744.4435 743.1765 741.9347 740.733 739.6549 738.7295 738.0425 737.5717 737.2776 737.105 737.0175 736.9827 736.9841 737.0011 737.0128 737.0007 736.9495 736.8481 736.7095 736.5426 736.3529 736.1458 735.9303
-9999 -9999 -9999 -9999 -9999 -9999 -9999 -9999 -9999 -9999 -9999 -9999 -9999 -9999 -9999 -9999 -9999 -9999 -9999 -9999 -9999 -9999 -9999 -9999 -9999 -9999 -9999 -9999 -9999 -9999 -9999 -9999 -9999 -9999 -9999 -9999 -9999 743.791 743.6154 744.0758 744.4362 743.9996 742.9244 741.6748 740.4838 739.4745 738.6418 738.0171 737.5667 737.261 737.0739 736.9756 736.9363 736.9343 736.9535 736.9792 736.9838 736.9496 736.8591 736.7291 736.571 736.3931 736.2008 735.9993 735.7961
-9999 -9999 -9999 -9999 -9999 -9999 -9999 -9999 -9999 -9999 -9999 -9999 -9999 -9999 -9999 -9999 -9999 -9999 -9999 -9999 -9999 -9999 -9999 -9999 -9999 -9999 -9999 -9999 -9999 -9999 -9999 -9999 -9999 -9999 -9999 -9999 744.1749 743.3527 743.0906 743.146 743.1899 742.5438 741.4972 740.366 739.3838 738.5974 738.0297 737.6226 737.3333 737.1378 737.0162 736.9536 736.9339 736.9396 736.9573 736.9744 736.9498 736.8693 736.7474 736.5974 736.4286 736.2471 736.0577 735.8673 735.6854
-9999 -9999 -9999 -9999 -9999 -9999 -9999 -9999 -9999 -9999 -9999 -9999 -9999 -9999 -9999 -9999 -9999 -9999 -9999 -9999 -9999 -9999 -9999 -9999 -9999 -9999 -9999 -9999 -9999 -9999 -9999 -9999 -9999 -9999 746.3911 745.7184 744.8469 743.8165 743.0009 742.4456 741.9666 741.1926 740.2462 739.3406 738.5893 738.0552 737.6837 737.4265 737.2427 737.1107 737.0259 736.9789 736.9596 736.9547 736.95 736.9495 736.8756 736.761 736.6185 736.4575 736.2855 736.1074 735.9273 735.7495 735.5822
-9999 -9999 -9999 -9999 -9999 -9999 -9999 -9999 -9999 -9999 -9999 -9999 -9999 -9999 -9999 -9999 -9999 -9999 -9999 -9999 -9999 -9999 -9999 -9999 -9999 -9999 -9999 -9999 -9999 -9999 -9999 -9999 748.4327 748.0917 747.3416 746.4671 745.4058 744.0756 742.7679 741.6662 740.748 740.0054 739.2529 738.573 738.0724 737.7268 737.4921 737.3285 737.2083 737.1145 737.0469 737.0028 736.9752 736.9499 736.9052 736.8532 736.7566 736.6268 736.4761 736.3132 736.1451 735.9766 735.8113 735.6543 735.5179
-9999 -9999 -9999 -9999 -9999 -9999 -9999 -9999 -9999 -9999 -9999 -9999 -9999 -9999 -9999 -9999 -9999 -9999 -9999 -9999 -9999 -9999 -9999 -9999 -9999 -9999 -9999 -9999 -9999 -9999 -9999 748.7075 749.0403 748.7725 747.8401 746.6386 745.2356 743.6294 742.0281 740.6666 739.718 739.0706 738.5039 738.0472 737.7263 737.5135 737.3683 737.2599 737.1718 737.0999 737.0464 736.9969 736.9498 736.887 736.8135 736.7285 736.6161 736.4796 736.3276 736.1686 736.0092 735.8547 735.7077 735.5671 735.4327
-9999 -9999 -9999 -9999 -9999 -9999 -9999 -9999 -9999 -9999 -9999 -9999 -9999 -9999 -9999 -9999 -9999 -9999 -9999 -9999 -9999 -9999 -9999 -9999 -9999 -9999 -9999 -9999 -9999 -9999 748.0257 748.3199 748.8527 748.4928 747.4086 745.9047 744.2124 742.4629 740.859 739.6261 738.7852 738.3348 737.9421 737.6548 737.4683 737.3491 737.2626 737.1833 737.1074 737.0444 737.0115 736.9499 736.8724 736.7849 736.6917 736.5893 736.4685 736.33 736.1807 736.0281 735.8792 735.7407 735.6193 735.515 735.4277
-9999 -9999 -9999 -9999 -9999 -9999 -9999 -9999 -9999 -9999 -9999 -9999 -9999 -9999 -9999 -9999 -9999 -9999 -9999 -9999 -9999 -9999 -9999 -9999 -9999 -9999 -9999 -9999 -9999 748.0988 747.9601 748.0342 748.1914 747.6494 746.3348 744.576 742.7325 741.0408 739.6809 738.6722 738.0503 737.7152 737.4879 737.342 737.2585 737.2078 737.1586 737.0973 737.022 736.9514 736.9484 736.8666 736.767 736.6622 736.5558 736.4446 736.3215 736.1851 736.0405 735.8946 735.7543 735.6273 735.5227 735.4303 735.3438
-9999 -9999 -9999 -9999 -9999 -9999 -9999 -9999 -9999 -9999 -9999 -9999 -9999 -9999 -9999 -9999 -9999 -9999 -9999 -9999 -9999 -9999 -9999 -9999 -9999 -9999 -9999 -9999 -9999 748.1506 748.0017 747.9137 747.4725 746.4785 744.8457 742.9481 741.1801 739.7491 738.6641 737.9349 737.4973 737.2723 737.158 737.1086 737.0957 737.0897 737.0673 737.0178 736.9498 736.8783 736.8326 736.7485 736.6445 736.533 736.4186 736.3019 736.1793 736.048 735.9111 735.7737 735.6404 735.5192 735.4299 735.3446 735.254
-9999 -9999 -9999 -9999 -9999 -9999 -9999 -9999 -9999 -9999 -9999 -9999 -9999 -9999 -9999 -9999 -9999 -9999 -9999 -9999 -9999 -9999 -9999 -9999 -9999 -9999 -9999 -9999 749.0099 748.5258 748.0286 747.4445 746.4866 745.0099 743.2165 741.4279 739.8785 738.708 737.9253 737.4235 737.1338 736.9977 736.9539 736.96 736.9866 737.0064 736.9961 736.95 736.8771 736.7977 736.723 736.6303 736.5232 736.4088 736.29 736.1687 736.0459 735.9211 735.7953 735.6719 735.5508 735.4318 735.3542 735.2693 735.1738
-9999 -9999 -9999 -9999 -9999 -9999 -9999 -9999 -9999 -9999 -9999 -9999 -9999 -9999 -9999 -9999 -9999 -9999 -9999 -9999 -9999 -9999 -9999 -9999 -9999 -9999 -9999 -9999 749.429 748.8389 747.899 746.7234 745.1367 743.3134 741.5748 740.0287 738.8015 737.9755 737.448 737.1252 736.946 736.8707 736.8621 736.8918 736.9341 736.9619 736.95 736.8932 736.8118 736.721 736.6278 736.5253 736.4132 736.2951 736.173 736.0486 735.9243 735.8045 735.692 735.5907 735.5027 735.4284 735.3185 735.2119 735.1052
-9999 -9999 -9999 -9999 -9999 -9999 -9999 -9999 -9999 -9999 -9999 -9999 -9999 -9999 -9999 -9999 -9999 -9999 -9999 -9999 -9999 -9999 -9999 -9999 -9999 -9999 -9999 750.024 749.6642 748.8174 747.4476 745.7187 743.7148 741.713 740.126 738.9009 738.0724 737.5324 737.2018 737.0055 736.8976 736.8551 736.8571 736.8866 736.9267 736.95 736.9188 736.8482 736.756 736.6538 736.5471 736.4346 736.3162 736.1931 736.0673 735.9406 735.8156 735.6976 735.5934 735.5073 735.4302 735.3574 735.2574 735.1489 735.0385
-9999 -9999 -9999 -9999 -9999 -9999 -9999 -9999 -9999 -9999 -9999 -9999 -9999 -9999 -9999 -9999 -9999 -9999 -9999 -9999 -9999 -9999 -9999 -9999 -9999 -9999 -9999 750.1418 749.6552 748.4942 746.7671 744.6237 742.3586 740.4295 739.0641 738.2208 737.69 737.3523 737.1432 737.0161 736.9408 736.9065 736.9016 736.9167 736.9413 736.95 736.8952 736.8093 736.7063 736.5942 736.4769 736.3549 736.2292 736.1011 735.9714 735.8432 735.7189 735.6027 735.5026 735.4299 735.3594 735.2832 735.1887 735.0827 734.972
-9999 -9999 -9999 -9999 -9999 -9999 -9999 -9999 -9999 -9999 -9999 -9999 -9999 -9999 -9999 -9999 -9999 -9999 -9999 -9999 -9999 -9999 -9999 -9999 -9999 -9999 -9999 749.8072 749.1663 747.912 745.9772 743.587 741.2534 739.4972 738.5146 737.9502 737.6025 737.376 737.2162 737.1035 737.026 736.9807 736.9597 736.9529 736.95 736.927 736.8607 736.766 736.6558 736.5365 736.4113 736.2811 736.1486 736.0159 735.8849 735.7578 735.6376 735.5273 735.4309 735.3691 735.2996 735.2189 735.1241 735.0187 734.9083
-9999 -9999 -9999 -9999 -9999 -9999 -9999 -9999 -9999 -9999 -9999 -9999 -9999 -9999 -9999 -9999 -9999 -9999 -9999 -9999 -9999 -9999 -9999 -9999 -9999 -9999 -9999 748.9797 748.466 747.2411 745.1971 742.7242 740.5227 739.0916 738.4026 738.0005 737.725 737.5216 737.3555 737.2184 737.1137 737.0449 737.0049 736.9789 736.9501 736.9005 736.8193 736.7157 736.5992 736.4749 736.3442 736.2089 736.0712 735.9354 735.8056 735.6841 735.5748 735.4852 735.4292 735.3436 735.257 735.1659 735.0665 734.9595 734.8484
-9999 -9999 -9999 -9999 -9999 -9999 -9999 -9999 -9999 -9999 -9999 -9999 -9999 -9999 -9999 -9999 -9999 -9999 -9999 -9999 -9999 -9999 -9999 -9999 -9999 -9999 748.1373 748.14 747.7565 746.5214 744.424 741.9723 739.9764 739.144 738.6217 738.2419 737.9427 737.6996 737.4972 737.3193 737.1786 737.0809 737.0211 736.9863 736.9496 736.8676 736.7673 736.6542 736.5327 736.405 736.2717 736.1336 735.9941 735.8577 735.7308 735.6177 735.5188 735.4307 735.3798 735.3024 735.2126 735.116 735.0131 734.9045 734.7925
-9999 -9999 -9999 -9999 -9999 -9999 -9999 -9999 -9999 -9999 -9999 -9999 -9999 -9999 -9999 -9999 -9999 -9999 -9999 -9999 -9999 -9999 -9999 -9999 -9999 -9999 747.825 747.7363 747.194 745.8666 743.6989 741.3113 739.5884 739.3198 738.8727 738.4607 738.1184 737.8294 737.5859 737.3813 737.2117 737.0839 736.9966 736.9499 736.8903 736.8007 736.694 736.5769 736.4534 736.3252 736.192 736.0543 735.9153 735.7812 735.6593 735.5585 735.4852 735.4294 735.3495 735.2609 735.1659 735.0658 734.9608 734.8517 734.7397
-9999 -9999 -9999 -9999 -9999 -9999 -9999 -9999 -9999 -9999 -9999 -9999 -9999 -9999 -9999 -9999 -9999 -9999 -9999 -9999 -9999 -9999 -9999 -9999 -9999 -9999 747.9067 747.6422 746.8274 745.2321 742.9754 740.6685 739.0932 738.7953 738.7196 738.4426 738.1328 737.8539 737.6066 737.3911 737.2117 737.0666 736.9509 736.8907 736.8165 736.7192 736.6074 736.4879 736.3638 736.2365 736.1056 735.9711 735.8357 735.705 735.5872 735.4917 735.43 735.3748 735.2986 735.2097 735.1135 735.0125 734.9077 734.7996 734.6893
-9999 -9999 -9999 -9999 -9999 -9999 -9999 -9999 -9999 -9999 -9999 -9999 -9999 -9999 -9999 -9999 -9999 -9999 -9999 -9999 -9999 -9999 -9999 -9999 -9999 748.7303 748.2793 747.7684 746.5744 744.6302 742.2932 740.1534 738.6985 738.2422 738.214 738.1974 737.9996 737.7709 737.5532 737.3566 737.1892 737.0542 736.9502 736.8573 736.7549 736.6406 736.5195 736.3954 736.2699 736.1433 736.0156 735.8868 735.7584 735.6349 735.5233 735.4307 735.3773 735.3181 735.2419 735.1532 735.0569 734.9562 734.8528 734.7473 734.6402
-9999 -9999 -9999 -9999 -9999 -9999 -9999 -9999 -9999 -9999 -9999 -9999 -9999 -9999 -9999 -9999 -9999 -9999 -9999 -9999 -9999 -9999 -9999 -9999 -9999 749.3492 748.8533 747.9204 746.3382 744.0715 741.6856 739.7418 738.4673 737.8899 737.8004 737.8903 737.7917 737.6317 737.4595 737.2906 737.1411 737.022 736.9485 736.8284 736.7002 736.5685 736.4363 736.306 736.1776 736.0509 735.9264 735.8048 735.687 735.5767 735.4844 735.4294 735.3514 735.2731 735.1882 735.0958 734.9984 734.8981 734.7964 734.6942 734.5912
-9999 -9999 -9999 -9999 -9999 -9999 -9999 -9999 -9999 -9999 -9999 -9999 -9999 -9999 -9999 -9999 -9999 -9999 -9999 -9999 -9999 -9999 -9999 -9999 -9999 749.9209 749.2962 748.0197 746.0476 743.5873 741.1643 739.39 738.3617 737.7767 737.5695 737.58 737.5872 737.4885 737.3593 737.2188 737.0797 736.9517 736.8815 736.7727 736.6405 736.4996 736.3586 736.2218 736.0896 735.9624 735.8409 735.7269 735.6212 735.5221 735.4308 735.3804 735.3077 735.2241 735.1335 735.0378 734.9391 734.8392 734.7394 734.6404 734.5421
-9999 -9999 -9999 -9999 -9999 -9999 -9999 -9999 -9999 -9999 -9999 -9999 -9999 -9999 -9999 -9999 -9999 -9999 -9999 -9999 -9999 -9999 -9999 -9999 -9999 750.3988 749.6334 748.0069 745.7637 743.2429 740.9194 739.3096 738.4143 737.8827 737.5902 737.4736 737.4272 737.3741 737.277 737.1672 737.0541 736.9498 736.8507 736.7282 736.5859 736.4354 736.2856 736.1421 736.0059 735.8776 735.7588 735.6531 735.5635 735.489 735.4293 735.3484 735.2621 735.1713 735.0765 734.9788 734.8794 734.7803 734.6825 734.5868 734.4933
-9999 -9999 -9999 -9999 -9999 -9999 -9999 -9999 -9999 -9999 -9999 -9999 -9999 -9999 -9999 -9999 -9999 -9999 -9999 -9999 -9999 -9999 -9999 -9999 -9999 750.842 749.8231 747.9371 745.5256 743.0061 740.8113 739.3197 738.4515 737.998 737.7206 737.5366 737.4103 737.3134 737.222 737.1304 737.0382 736.9502 736.834 736.6927 736.536 736.3737 736.2148 736.0645 735.9247 735.7954 735.6777 735.5766 735.4976 735.4301 735.369 735.2908 735.2035 735.1111 735.0155 734.9178 734.8194 734.7218 734.6265 734.5341 734.445
-9999 -9999 -9999 -9999 -9999 -9999 -9999 -9999 -9999 -9999 -9999 -9999 -9999 -9999 -9999 -9999 -9999 -9999 -9999 -9999 -9999 -9999 -9999 -9999 -9999 750.8998 749.7795 747.7484 745.2392 742.7423 740.6821 739.3204 738.5348 738.1595 737.8723 737.6455 737.4648 737.3173 737.1975 737.0973 737.0113 736.9485 736.813 736.6537 736.483 736.3098 736.1423 735.9867 735.8451 735.7164 735.5996 735.499 735.4299 735.3645 735.2983 735.2211 735.1354 735.0444 734.9504 734.8549 734.7592 734.6644 734.5724 734.4838 734.3991
-9999 -9999 -9999 -9999 -9999 -9999 -9999 -9999 -9999 -9999 -9999 -9999 -9999 -9999 -9999 -9999 -9999 -9999 -9999 -9999 -9999 -9999 -9999 -9999 -9999 750.6323 749.4368 747.3981 744.8885 742.4306 740.4965 739.3129 738.6866 738.4201 738.0813 737.7925 737.5529 737.3539 737.1923 737.0632 736.9513 736.8807 736.7557 736.5952 736.4181 736.238 736.0649 735.9066 735.767 735.6447 735.5339 735.4311 735.368 735.3009 735.2285 735.149 735.0636 734.9745 734.8832 734.7912 734.6995 734.609 734.5213 734.4371 734.3569
-9999 -9999 -9999 -9999 -9999 -9999 -9999 -9999 -9999 -9999 -9999 -9999 -9999 -9999 -9999 -9999 -9999 -9999 -9999 -9999 -9999 -9999 -9999 -9999 -9999 749.944 748.9299 746.9886 744.5181 742.1306 740.3239 739.2574 738.717 738.475 738.2175 737.9366 737.6581 737.4091 737.2051 737.0567 736.9502 736.8387 736.6945 736.5242 736.3405 736.1555 735.9796 735.8215 735.6881 735.5814 735.4963 735.429 735.3351 735.2473 735.163 735.0782 734.9918 734.9041 734.8159 734.7281 734.6415 734.5565 734.474 734.3949 734.3198
-9999 -9999 -9999 -9999 -9999 -9999 -9999 -9999 -9999 -9999 -9999 -9999 -9999 -9999 -9999 -9999 -9999 -9999 -9999 -9999 -9999 -9999 -9999 -9999 -9999 749.3329 748.5182 746.6653 744.2333 741.9017 740.1841 739.1703 738.6777 738.4821 738.3363 738.0696 737.7549 737.454 737.2074 737.0368 736.9467 736.7938 736.623 736.4398 736.2502 736.0625 735.8857 735.7292 735.6014 735.5068 735.4301 735.3617 735.2749 735.1847 735.0958 735.0083 734.9215 734.8355 734.7507 734.6675 734.5867 734.5081 734.4316 734.3584 734.2889
-9999 -9999 -9999 -9999 -9999 -9999 -9999 -9999 -9999 -9999 -9999 -9999 -9999 -9999 -9999 -9999 -9999 -9999 -9999 -9999 -9999 -9999 -9999 -9999 -9999 748.9448 748.1614 746.3519 743.9877 741.7144 740.0385 739.0443 738.6094 738.5157 738.4698 738.1731 737.8078 737.4551 737.1642 736.9565 736.8474 736.6995 736.5259 736.3394 736.1487 735.962 735.7876 735.634 735.5107 735.4299 735.3582 735.2867 735.2043 735.1163 735.0276 734.94 734.8542 734.7705 734.6894 734.6112 734.5362 734.4641 734.3948 734.3282 734.2649
