backend/lakes/data/Snipe Lake/snip_dem_tm.asc
ncols         202
nrows         244
xllcorner     381100
yllcorner     6101850
cellsize      50
NODATA_value  -9999
[rows 29 to 57 of 244, columns 65 to 129 of 202]
-9999 -9999 -9999 -9999 -9999 -9999 -9999 -9999 -9999 -9999 -9999 -9999 -9999 -9999 -9999 -9999 -9999 -9999 -9999 -9999 -9999 -9999 -9999 -9999 -9999 -9999 -9999 -9999 -9999 -9999 -9999 -9999 -9999 746.7699 746.8242 746.2527 745.0369 743.4983 742.0571 741.0957 740.3282 739.8358 739.5922 739.3944 739.3488 739.4714 739.6676 739.8716 739.9959 740.0146 739.9715 739.6862 739.2578 738.7869 738.462 738.2498 738.1671 738.1653 738.2012 738.1772 738.137 738.1051 738.0769 738.0364 737.9904
-9999 -9999 -9999 -9999 -9999 -9999 -9999 -9999 -9999 -9999 -9999 -9999 -9999 -9999 -9999 -9999 -9999 -9999 -9999 -9999 -9999 -9999 -9999 -9999 -9999 -9999 -9999 -9999 -9999 -9999 -9999 -9999 746.5222 746.1993 746.1626 745.5051 744.1729 742.574 741.2118 740.2193 739.4898 738.9878 738.6517 738.5274 738.5757 738.8345 739.1191 739.3944 739.5966 739.6829 739.6357 739.3719 738.9551 738.532 738.3152 738.1674 738.0826 738.0428 738.0212 737.9692 737.9048 737.8535 737.8178 737.7871 737.7585
-9999 -9999 -9999 -9999 -9999 -9999 -9999 -9999 -9999 -9999 -9999 -9999 -9999 -9999 -9999 -9999 -9999 -9999 -9999 -9999 -9999 -9999 -9999 -9999 -9999 -9999 -9999 -9999 -9999 -9999 -9999 -9999 746.1326 745.8524 745.5609 744.6084 743.1115 741.6775 740.4635 739.5511 738.8932 738.4479 738.155 738.075 738.1857 738.4608 738.7445 739.0532 739.2946 739.4141 739.3754 739.1387 738.7531 738.4633 738.2434 738.1008 738.0103 737.9475 737.8969 737.8357 737.7583 737.6932 737.656 737.6361 737.6277
-9999 -9999 -9999 -9999 -9999 -9999 -9999 -9999 -9999 -9999 -9999 -9999 -9999 -9999 -9999 -9999 -9999 -9999 -9999 -9999 -9999 -9999 -9999 -9999 -9999 -9999 -9999 -9999 -9999 -9999 -9999 746.3323 745.9522 745.4559 744.7813 743.6328 742.147 740.8378 739.7692 738.9952 738.4615 738.0905 737.8764 737.8448 737.981 738.2348 738.5069 738.8401 739.0854 739.2074 739.1808 738.9648 738.5416 738.3199 738.1479 738.024 737.932 737.8589 737.7959 737.7349 737.6638 737.5903 737.5459 737.5393 737.5544
-9999 -9999 -9999 -9999 -9999 -9999 -9999 -9999 -9999 -9999 -9999 -9999 -9999 -9999 -9999 -9999 -9999 -9999 -9999 -9999 -9999 -9999 -9999 -9999 -9999 -9999 -9999 -9999 -9999 -9999 746.5138 745.9489 745.6105 744.8579 743.8694 742.6196 741.2485 740.0911 739.1566 738.5118 738.1105 737.8486 737.7175 737.735 737.8977 738.1699 738.4798 738.7556 738.9342 739.0042 738.9625 738.7646 738.4691 738.2279 738.0537 737.9319 737.8411 737.7625 737.6953 737.6366 737.5793 737.5164 737.4683 737.4667 737.5081
-9999 -9999 -9999 -9999 -9999 -9999 -9999 -9999 -9999 -9999 -9999 -9999 -9999 -9999 -9999 -9999 -9999 -9999 -9999 -9999 -9999 -9999 -9999 -9999 -9999 -9999 -9999 -9999 -9999 747.061 746.1801 745.6048 744.8947 743.9221 742.7906 741.5546 740.4106 739.4369 738.6594 738.1744 737.8624 737.677 737.6032 737.6539 737.8333 738.1207 738.4578 738.6695 738.7526 738.7205 738.5502 738.4628 738.2664 738.0739 737.9224 737.811 737.7265 737.6526 737.5854 737.5316 737.4854 737.4398 737.4012 737.4031 737.4675
-9999 -9999 -9999 -9999 -9999 -9999 -9999 -9999 -9999 -9999 -9999 -9999 -9999 -9999 -9999 -9999 -9999 -9999 -9999 -9999 -9999 -9999 -9999 -9999 -9999 -9999 -9999 -9999 747.7394 746.6193 745.6738 744.8527 743.8951 742.782 741.6548 740.6139 739.6914 738.9464 738.4016 737.9756 737.7003 737.5425 737.486 737.5344 737.6924 737.941 738.2265 738.4441 738.4793 738.4384 738.2535 738.1256 737.9856 737.8545 737.7455 737.6591 737.5878 737.5253 737.4678 737.4203 737.3857 737.3539 737.3291 737.3348 737.4115
-9999 -9999 -9999 -9999 -9999 -9999 -9999 -9999 -9999 -9999 -9999 -9999 -9999 -9999 -9999 -9999 -9999 -9999 -9999 -9999 -9999 -9999 -9999 -9999 -9999 -9999 -9999 747.8491 747.0485 746.0253 744.9592 743.897 742.7628 741.5809 740.6222 739.7907 739.0671 738.5067 738.1024 737.7782 737.5477 737.4077 737.3475 737.3642 737.4686 737.6368 737.8261 737.9678 737.9985 737.9547 737.8357 737.7334 737.6475 737.5872 737.5321 737.4821 737.4349 737.3877 737.345 737.3116 737.2885 737.2697 737.2527 737.2627 737.3339
-9999 -9999 -9999 -9999 -9999 -9999 -9999 -9999 -9999 -9999 -9999 -9999 -9999 -9999 -9999 -9999 -9999 -9999 -9999 -9999 -9999 -9999 -9999 -9999 -9999 -9999 747.6985 747.1104 746.3575 745.3308 744.102 742.8558 741.6439 740.546 739.7852 739.157 738.5952 738.189 737.8645 737.5977 737.3943 737.2599 737.1895 737.158 737.2015 737.2811 737.37 737.4357 737.4518 737.4268 737.3688 737.3169 737.2869 737.3059 737.3066 737.2919 737.2774 737.2522 737.2258 737.2109 737.2035 737.196 737.1858 737.1893 737.2502
-9999 -9999 -9999 -9999 -9999 -9999 -9999 -9999 -9999 -9999 -9999 -9999 -9999 -9999 -9999 -9999 -9999 -9999 -9999 -9999 -9999 -9999 -9999 -9999 -9999 747.8736 747.1962 746.552 745.7134 744.554 743.1698 741.7942 740.6096 739.7766 739.2075 738.7732 738.4045 738.0045 737.6853 737.433 737.2388 737.106 737.0426 736.9546 736.949 736.9515 736.9563 736.9615 736.9622 736.9594 736.954 736.9514 736.9646 737.0711 737.1041 737.1093 737.13 737.1292 737.1194 737.1222 737.1318 737.1353 737.1321 737.13 737.1659
-9999 -9999 -9999 -9999 -9999 -9999 -9999 -9999 -9999 -9999 -9999 -9999 -9999 -9999 -9999 -9999 -9999 -9999 -9999 -9999 -9999 -9999 -9999 -9999 747.9352 747.4296 746.8495 746.0471 744.9683 743.6132 742.1324 740.7918 739.8477 739.209 738.788 738.4578 738.126 737.7888 737.5016 737.2689 737.0845 736.9546 736.9437 736.8311 736.7599 736.713 736.6794 736.6586 736.6516 736.6595 736.6837 736.7296 736.8112 736.9432 736.9506 736.9525 737.0134 737.0288 737.0278 737.0488 737.0687 737.0812 737.0868 737.0837 737.0972
-9999 -9999 -9999 -9999 -9999 -9999 -9999 -9999 -9999 -9999 -9999 -9999 -9999 -9999 -9999 -9999 -9999 -9999 -9999 -9999 -9999 -9999 -9999 747.8671 747.2911 746.9425 746.3728 745.4746 744.1473 742.599 741.1435 740.0754 739.3135 738.7994 738.4612 738.1541 737.8531 737.5637 737.3134 737.1096 736.9494 736.8324 736.7744 736.6803 736.598 736.5344 736.4892 736.4609 736.4524 736.4656 736.5033 736.5681 736.6624 736.7704 736.822 736.8713 736.9485 736.9501 736.9504 736.9902 737.0096 737.0214 737.042 737.0441 737.0436
-9999 -9999 -9999 -9999 -9999 -9999 -9999 -9999 -9999 -9999 -9999 -9999 -9999 -9999 -9999 -9999 -9999 -9999 -9999 -9999 -9999 -9999 747.8287 747.2242 746.8291 746.4605 745.7947 744.6777 743.1402 741.6346 740.511 739.6319 738.9776 738.518 738.1924 737.8923 737.6083 737.3495 737.129 736.95 736.8083 736.6989 736.619 736.5337 736.4563 736.3948 736.351 736.3257 736.3198 736.3353 736.3746 736.4392 736.5252 736.6176 736.6895 736.7584 736.8295 736.8649 736.8988 736.9494 736.95 736.9505 736.9934 737.0018 736.9987
-9999 -9999 -9999 -9999 -9999 -9999 -9999 -9999 -9999 -9999 -9999 -9999 -9999 -9999 -9999 -9999 -9999 -9999 -9999 -9999 -9999 747.7065 747.1082 746.6764 746.3783 745.9585 745.1492 743.7678 742.2156 741.1274 740.1981 739.3974 738.7933 738.407 738.0103 737.675 737.389 737.1475 736.9503 736.7933 736.6677 736.5659 736.4814 736.4027 736.3334 736.2796 736.2432 736.224 736.2224 736.239 736.275 736.3311 736.4037 736.4826 736.5565 736.6284 736.6985 736.7541 736.8054 736.8536 736.8757 736.9017 736.9495 736.9501 736.9502
-9999 -9999 -9999 -9999 -9999 -9999 -9999 -9999 -9999 -9999 -9999 -9999 -9999 -9999 -9999 -9999 -9999 -9999 -9999 -9999 -9999 746.9256 746.3441 746.0577 745.8137 745.2834 744.2769 742.9216 741.7404 740.8837 740.0166 739.2069 738.5712 738.1542 737.7722 737.4442 737.1711 736.9503 736.7765 736.6398 736.5297 736.4379 736.3574 736.2852 736.224 736.1785 736.1501 736.1381 736.1409 736.1582 736.1896 736.236 736.2948 736.3606 736.4274 736.4948 736.5617 736.6244 736.683 736.7349 736.7725 736.8085 736.8503 736.8735 736.9029
-9999 -9999 -9999 -9999 -9999 -9999 -9999 -9999 -9999 -9999 -9999 -9999 -9999 -9999 -9999 -9999 -9999 -9999 -9999 -9999 746.8551 746.2076 745.7285 745.4193 745.0417 744.1779 743.1673 742.1327 741.1877 740.3947 739.6219 738.9286 738.3909 737.913 737.5189 737.2019 736.951 736.7567 736.6058 736.4886 736.3942 736.3136 736.2416 736.1766 736.1227 736.0841 736.0624 736.0562 736.0631 736.0814 736.1095 736.1473 736.1941 736.2473 736.3038 736.3629 736.4236 736.4846 736.5441 736.5991 736.6458 736.6871 736.7277 736.7635 736.8032
-9999 -9999 -9999 -9999 -9999 -9999 -9999 -9999 -9999 -9999 -9999 -9999 -9999 -9999 -9999 -9999 -9999 -9999 -9999 746.9626 746.2033 745.5685 745.0298 744.5531 743.8478 742.767 742.1193 741.3813 740.6014 739.8591 739.1325 738.5151 738.0286 737.598 737.2372 736.9523 736.7367 736.5704 736.4413 736.3408 736.2606 736.1919 736.1295 736.0728 736.0253 735.9918 735.9746 735.9725 735.9824 736.0017 736.028 736.0601 736.0978 736.1399 736.1854 736.2346 736.2875 736.3422 736.3981 736.4521 736.5033 736.55 736.593 736.6342 736.678
-9999 -9999 -9999 -9999 -9999 -9999 -9999 -9999 -9999 -9999 -9999 -9999 -9999 -9999 -9999 -9999 -9999 -9999 -9999 746.3484 745.6313 744.9561 744.2588 743.5078 742.6772 741.9073 741.3919 740.7595 740.0638 739.3514 738.6558 738.1067 737.6517 737.2671 736.9538 736.7161 736.5353 736.3952 736.2855 736.1993 736.1302 736.072 736.0195 735.9716 735.9305 735.9009 735.8859 735.8856 735.8972 735.917 735.942 735.9706 736.0021 736.036 736.0715 736.1105 736.1542 736.2021 736.2512 736.3017 736.3521 736.4036 736.4524 736.4979 736.5446
-9999 -9999 -9999 -9999 -9999 -9999 -9999 -9999 -9999 -9999 -9999 -9999 -9999 -9999 -9999 -9999 -9999 -9999 746.5981 745.9236 745.1638 744.4064 743.5758 742.6406 741.8826 741.2211 740.6879 740.1503 739.5588 738.9342 738.3421 737.7632 737.3038 736.9544 736.6949 736.4996 736.3501 736.2332 736.1398 736.0649 736.0046 735.9545 735.9113 735.8727 735.8387 735.8129 735.7988 735.7979 735.8087 735.8279 735.8519 735.8779 735.9055 735.9339 735.9618 735.9909 736.0251 736.0652 736.1088 736.153 736.2004 736.2527 736.3088 736.3618 736.412
-9999 -9999 -9999 -9999 -9999 -9999 -9999 -9999 -9999 -9999 -9999 -9999 -9999 -9999 -9999 -9999 747.0514 746.6818 746.1454 745.5149 744.7668 743.9022 743.0044 741.9749 741.2714 740.6631 740.093 739.5462 739.0094 738.4517 737.8925 737.372 736.9619 736.673 736.4623 736.3039 736.1813 736.0837 736.0037 735.9378 735.8838 735.8401 735.8047 735.7758 735.7504 735.7293 735.7162 735.7135 735.7214 735.7378 735.7589 735.7822 735.8071 735.8329 735.8561 735.8774 735.902 735.9336 735.9712 736.0116 736.0538 736.1036 736.1631 736.2261 736.2838
-9999 -9999 -9999 -9999 -9999 -9999 -9999 -9999 -9999 -9999 -9999 -9999 -9999 -9999 -9999 747.0406 746.7393 746.3591 745.8134 745.0227 744.1016 743.1487 742.1614 741.3875 740.7448 740.1559 739.5753 739.0029 738.4543 737.9175 737.4108 736.9728 736.655 736.4261 736.2578 736.1298 736.0284 735.9459 735.8763 735.8175 735.7689 735.7297 735.7004 735.6804 735.6646 735.6503 735.6393 735.6351 735.6392 735.6504 735.6669 735.686 735.7081 735.7328 735.7545 735.7714 735.7878 735.8097 735.8405 735.8777 735.9174 735.9625 736.0203 736.0894 736.158
-9999 -9999 -9999 -9999 -9999 -9999 -9999 -9999 -9999 -9999 -9999 -9999 -9999 -9999 747.0456 746.791 746.446 745.9553 745.2369 744.2772 743.1277 742.0643 741.3435 740.8018 740.2034 739.6291 739.0493 738.475 737.9211 737.4122 736.9733 736.6387 736.3923 736.2125 736.0785 735.9744 735.8898 735.8186 735.7576 735.7048 735.6617 735.6266 735.6003 735.588 735.5811 735.5741 735.567 735.563 735.5639 735.5697 735.5793 735.5922 735.61 735.6364 735.6584 735.6731 735.6841 735.6968 735.7183 735.7524 735.7915 735.8334 735.8864 735.9546 736.0314
-9999 -9999 -9999 -9999 -9999 -9999 -9999 -9999 -9999 -9999 -9999 -9999 -9999 746.9998 746.851 746.5675 746.0761 745.3655 744.4077 743.1503 741.8582 741.0351 740.4832 740.0422 739.5703 739.0442 738.4891 737.9393 737.42 736.9711 736.6244 736.3637 736.1711 736.0284 735.9203 735.8351 735.7637 735.7017 735.6481 735.6015 735.5668 735.5361 735.5081 735.5021 735.5016 735.5002 735.4977 735.4956 735.4952 735.4967 735.5 735.5048 735.5155 735.5477 735.5712 735.5837 735.5906 735.5961 735.6082 735.6379 735.6766 735.7168 735.7641 735.8274 735.9052
-9999 -9999 -9999 -9999 -9999 -9999 -9999 -9999 -9999 -9999 -9999 -9999 746.7117 746.7312 746.6058 746.2362 745.5696 744.5604 743.3403 741.9239 740.8555 740.1396 739.6715 739.2914 738.9233 738.4553 737.9368 737.4291 736.9744 736.617 736.3418 736.1348 735.981 735.866 735.778 735.7092 735.65 735.5961 735.5513 735.5092 735.4891 735.4679 735.4303 735.4299 735.43 735.43 735.43 735.43 735.43 735.43 735.43 735.4299 735.4304 735.4756 735.4962 735.504 735.5066 735.5072 735.5118 735.541 735.5752 735.611 735.655 735.7103 735.7848
-9999 -9999 -9999 -9999 -9999 -9999 -9999 -9999 -9999 -9999 -9999 746.4011 746.359 746.3515 746.1394 745.5754 744.6005 743.4021 742.2231 741.0107 740.0327 739.3577 738.9446 738.5861 738.3139 737.8923 737.422 736.9756 736.6139 736.3281 736.1077 735.9401 735.8148 735.7211 735.6492 735.5981 735.5522 735.5049 735.4744 735.4304 735.43 735.4297 735.3928 735.3762 735.3688 735.3654 735.364 735.3635 735.3634 735.3638 735.3656 735.3716 735.3884 735.4296 735.4301 735.43 735.43 735.4299 735.4304 735.4698 735.4924 735.5149 735.5583 735.6058 735.6738
-9999 -9999 -9999 -9999 -9999 -9999 -9999 -9999 -9999 -9999 746.118 745.9389 745.8796 745.7611 745.3358 744.4561 743.2476 742.0568 741.2407 740.174 739.2756 738.6469 738.3212 737.9585 737.6509 737.3441 736.9675 736.6147 736.3204 736.088 735.9084 735.7699 735.6663 735.5927 735.5327 735.5049 735.4773 735.4305 735.4296 735.3896 735.3727 735.3616 735.3363 735.318 735.3073 735.3011 735.2977 735.2958 735.295 735.2957 735.2989 735.3071 735.3233 735.3458 735.3489 735.3494 735.353 735.363 735.3853 735.4296 735.4299 735.4305 735.479 735.5129 735.5758
-9999 -9999 -9999 -9999 -9999 -9999 -9999 -9999 -9999 745.9807 745.572 745.234 745.0427 744.7371 744.0464 742.9924 741.7651 740.8406 740.1035 739.2844 738.5598 738.0502 737.7086 737.37 737.0576 736.8924 736.6016 736.3165 736.0753 735.8854 735.7399 735.6235 735.5369 735.4894 735.4308 735.4299 735.4294 735.3846 735.3604 735.3269 735.303 735.2848 735.2646 735.2487 735.2382 735.2316 735.2274 735.2246 735.2232 735.2233 735.226 735.2323 735.2428 735.254 735.2576 735.2605 735.2687 735.2856 735.3135 735.3489 735.365 735.3849 735.4294 735.4306 735.4926
-9999 -9999 -9999 -9999 -9999 -9999 -9999 -9999 745.9476 745.5182 745.0332 744.588 744.126 743.5266 742.5734 741.4717 740.5503 739.8102 739.1703 738.5311 737.9857 737.5676 737.2527 736.9515 736.689 736.5035 736.2803 736.0568 735.8633 735.7127 735.6039 735.5071 735.4312 735.429 735.3776 735.3563 735.3414 735.3073 735.2767 735.2458 735.2202 735.1996 735.1815 735.1678 735.1589 735.1534 735.1498 735.1472 735.1455 735.145 735.1462 735.1496 735.1547 735.1595 735.1621 735.1659 735.1765 735.1964 735.2254 735.2585 735.2859 735.3149 735.3506 735.3742 735.4299
-9999 -9999 -9999 -9999 -9999 -9999 -9999 -9999 745.5092 745.0379 744.5299 743.955 743.2363 742.3149 741.2228 740.3431 739.6211 739.02 738.4858 737.9886 737.5621 737.2122 736.9407 736.666 736.4205 736.22 736.0248 735.8407 735.6824 735.5649 735.5045 735.43 735.3666 735.3403 735.3007 735.2707 735.2449 735.2131 735.1819 735.1525 735.1273 735.1064 735.0896 735.0773 735.0696 735.0653 735.0629 735.0613 735.0602 735.0598 735.0603 735.0618 735.0634 735.0646 735.0657 735.0697 735.0804 735.1011 735.1305 735.1645 735.198 735.2329 735.2706 735.309 735.3636
