backend/lakes/data/Snipe Lake/snip_dem_tm.asc
ncols         202
nrows         244
xllcorner     381100
yllcorner     6101850
cellsize      50
NODATA_value  -9999
[rows 87 to 115 of 244, columns 65 to 129 of 202]
735.8515 735.6287 735.4363 735.3348 735.2285 735.1357 735.0618 735.0023 734.9487 734.8937 734.8336 734.7673 734.6949 734.6172 734.5344 734.4478 734.3582 734.2669 734.1755 734.0859 733.999 733.9163 733.8384 733.7655 733.6982 733.637 733.582 733.534 733.4928 733.4579 733.4292 733.4061 733.3878 733.3735 733.3625 733.3545 733.3488 733.3452 733.3433 733.343 733.3439 733.3457 733.3478 733.35 733.3523 733.3552 733.3594 733.3654 733.374 733.3859 733.4015 733.4211 733.4445 733.4717 733.5023 733.536 733.5729 733.6141 733.6595 733.7091 733.7644 733.8259 733.8944 733.9707 734.0547
735.7203 735.5408 735.4254 735.2802 735.1497 735.0405 734.9532 734.8823 734.821 734.763 734.7047 734.6442 734.5806 734.5138 734.4433 734.3689 734.2911 734.2107 734.1292 734.0481 733.9685 733.8917 733.8182 733.7487 733.6841 733.6248 733.5715 733.5247 733.4847 733.4512 733.424 733.4025 733.386 733.3737 733.365 733.3593 733.3559 733.3547 733.3553 733.3574 733.3607 733.3647 733.369 733.3732 733.3771 733.3811 733.3857 733.3918 733.4001 733.4116 733.4264 733.4447 733.467 733.493 733.5222 733.5546 733.5899 733.6293 733.6731 733.7211 733.7742 733.8339 733.9015 733.9775 734.0615
735.6038 735.4348 735.3296 735.192 735.0525 734.9281 734.8247 734.7402 734.6697 734.6078 734.5508 734.4967 734.4433 734.389 734.3323 734.272 734.208 734.1408 734.0714 734.001 733.931 733.8622 733.7952 733.7308 733.6699 733.6136 733.5626 733.5177 733.4795 733.4476 733.4222 733.4027 733.3884 733.3783 733.3717 733.3684 733.3677 733.3689 733.3719 733.3765 733.3823 733.3883 733.3947 733.4009 733.4065 733.4117 733.417 733.4232 733.4312 733.4419 733.4558 733.473 733.4938 733.5185 733.5461 733.5768 733.6108 733.6483 733.6903 733.7366 733.7878 733.8456 733.9122 733.9879 734.0718
735.53 735.4257 735.272 735.1099 734.9532 734.8129 734.6938 734.5955 734.5146 734.4475 734.3906 734.3412 734.2964 734.2536 734.2101 734.1639 734.1139 734.0605 734.0042 733.9459 733.8867 733.8273 733.7682 733.7103 733.6545 733.6022 733.5543 733.5121 733.4763 733.4468 733.4236 733.4063 733.3943 733.3867 733.3827 733.3819 733.3837 733.3875 733.3929 733.3997 733.4077 733.4163 733.4247 733.4329 733.4401 733.4465 733.4524 733.4587 733.4663 733.4763 733.4893 733.5052 733.5247 733.5477 733.5739 733.6027 733.6349 733.6709 733.7108 733.7551 733.8046 733.861 733.9262 734.0011 734.0847
735.4336 735.3369 735.192 735.0252 734.8589 734.7065 734.5745 734.4637 734.3728 734.2991 734.2399 734.1923 734.153 734.1185 734.0855 734.0513 734.0139 733.9734 733.9298 733.8839 733.8361 733.7867 733.7366 733.6862 733.6366 733.5892 733.5457 733.507 733.4742 733.4475 733.427 733.4125 733.4031 733.3983 733.3972 733.399 733.4036 733.41 733.4178 733.4271 733.4373 733.448 733.4585 733.4684 733.4772 733.4847 733.4914 733.4979 733.5051 733.5143 733.5264 733.541 733.559 733.5804 733.6047 733.6318 733.6619 733.696 733.734 733.7761 733.8236 733.8785 733.9426 734.0166 734.0994
735.427 735.2872 735.1249 734.9502 734.7769 734.6161 734.4746 734.3541 734.2543 734.1736 734.1099 734.0607 734.0229 733.9927 733.9663 733.9404 733.9131 733.8834 733.8511 733.8165 733.7799 733.741 733.7002 733.658 733.6155 733.5742 733.5358 733.5015 733.4725 733.4491 733.4319 733.4205 733.4143 733.4126 733.4146 733.4196 733.4269 733.436 733.4465 733.4581 733.4705 733.4832 733.4955 733.507 733.517 733.5255 733.5329 733.5397 733.5467 733.5553 733.5663 733.5797 733.5961 733.6158 733.6383 733.6633 733.6912 733.723 733.7591 733.799 733.8441 733.8972 733.9601 734.0333 734.1149
735.348 735.2175 735.0571 734.8828 734.7079 734.5434 734.3962 734.2692 734.1622 734.0747 734.0052 733.952 733.9123 733.8823 733.8583 733.8367 733.8157 733.7937 733.7705 733.7459 733.7195 733.6905 733.6592 733.6257 733.5911 733.5567 733.5243 733.4952 733.4707 733.4514 733.438 733.4303 733.4277 733.4293 733.4347 733.4427 733.4529 733.4649 733.4781 733.4922 733.5067 733.5212 733.5352 733.548 733.5591 733.5685 733.5764 733.5835 733.5905 733.5986 733.6086 733.6208 733.6355 733.6533 733.6737 733.6963 733.722 733.7512 733.7848 733.8226 733.8654 733.9162 733.9777 734.0499 734.1306
735.3 735.1541 734.9923 734.8213 734.6495 734.4857 734.3367 734.2059 734.0941 734.001 733.9258 733.8672 733.8231 733.7902 733.765 733.7441 733.7257 733.7085 733.6917 733.6747 733.6567 733.6368 733.6146 733.59 733.5636 733.5369 733.5111 733.4882 733.469 733.4545 733.4454 733.4418 733.4429 733.4483 733.457 733.4683 733.4814 733.4964 733.5123 733.5288 733.5453 733.5615 733.5769 733.5907 733.6027 733.6129 733.6213 733.6288 733.6359 733.6436 733.6526 733.6635 733.6765 733.6921 733.7102 733.7303 733.7531 733.7799 733.8106 733.8458 733.8865 733.9349 733.9941 734.0649 734.1449
735.2238 735.0823 734.9266 734.763 734.598 734.4386 734.291 734.1591 734.0446 733.9474 733.8674 733.8037 733.7545 733.717 733.6885 733.6656 733.647 733.6313 733.618 733.6063 733.5948 733.5825 733.5684 733.5522 733.5342 733.5153 733.4969 733.4807 733.4675 733.4584 733.4542 733.455 733.4602 733.4692 733.4814 733.4957 733.5121 733.5298 733.5482 733.567 733.5854 733.6031 733.6196 733.6345 733.6473 733.6581 733.6671 733.6748 733.6819 733.6893 733.6977 733.7075 733.7188 733.7321 733.7474 733.7646 733.7839 733.8076 733.8358 733.868 733.906 733.9521 734.009 734.0778 734.1565
735.1409 735.0081 734.8618 734.7076 734.5514 734.3986 734.2547 734.1239 734.0083 733.9087 733.8252 733.7574 733.7035 733.6614 733.6285 733.6024 733.5817 733.5656 733.5534 733.5442 733.5371 733.5306 733.5236 733.515 733.5048 733.4935 733.4828 733.4736 733.4669 733.4636 733.4647 733.4701 733.4796 733.4923 733.5078 733.5253 733.5444 733.5647 733.5854 733.6064 733.6267 733.6458 733.6631 733.6785 733.6919 733.7031 733.7125 733.7206 733.7278 733.735 733.7429 733.7516 733.7612 733.7719 733.7842 733.7979 733.8136 733.8335 733.8588 733.8882 733.9229 733.9662 734.0209 734.0879 734.1651
735.0631 734.9379 734.8014 734.6573 734.5103 734.3647 734.2255 734.0968 733.9814 733.8807 733.795 733.7242 733.6667 733.6208 733.5842 733.5549 733.5315 733.5135 733.5006 733.4922 733.4875 733.4849 733.4832 733.4808 733.4776 733.4739 733.4705 733.4681 733.4679 733.4708 733.4772 733.4873 733.501 733.5175 733.5361 733.5565 733.5781 733.6007 733.6235 733.6462 733.668 733.688 733.706 733.7219 733.7356 733.7472 733.757 733.7651 733.7723 733.7792 733.7866 733.7946 733.8025 733.8103 733.819 733.829 733.8407 733.8566 733.8781 733.905 733.9368 733.9768 734.0289 734.0942 734.1702
734.9927 734.8724 734.7449 734.6112 734.4738 734.3362 734.2023 734.0766 733.9621 733.861 733.7739 733.701 733.6412 733.5928 733.5535 733.5217 733.4961 733.4761 733.4617 733.4529 733.4489 733.4484 733.4502 733.4528 733.4556 733.4584 733.4615 733.4658 733.4719 733.4805 733.4922 733.5071 733.525 733.5448 733.5663 733.5891 733.6129 733.6373 733.6616 733.6855 733.7083 733.7289 733.7473 733.7634 733.7772 733.7889 733.799 733.8072 733.8138 733.8199 733.8268 733.8344 733.8412 733.8457 733.8503 733.8563 733.8639 733.8757 733.8934 733.9172 733.9464 733.983 734.032 734.0953 734.1707
734.9259 734.8101 734.6903 734.5667 734.4397 734.311 734.1838 734.062 733.9492 733.8481 733.7603 733.6861 733.6248 733.5748 733.5342 733.5012 733.4742 733.4528 733.437 733.4272 733.4231 733.4236 733.4275 733.4336 733.4409 733.4491 733.458 733.4681 733.4799 733.4939 733.5105 733.5298 733.5512 733.5742 733.5981 733.6227 733.6479 733.6736 733.6992 733.7238 733.7468 733.7677 733.786 733.8018 733.8153 733.8269 733.8369 733.8451 733.8504 733.8551 733.861 733.8683 733.8751 733.8755 733.8761 733.8783 733.8823 733.8898 733.9037 733.9242 733.9506 733.9843 734.03 734.0908 734.1653
734.8605 734.7484 734.6353 734.5208 734.4041 734.2856 734.1669 734.0507 733.9411 733.8412 733.7532 733.6781 733.6158 733.5651 733.524 733.4908 733.4637 733.442 733.4258 733.4153 733.4106 733.4114 733.4165 733.4249 733.4355 733.4478 733.4613 733.4761 733.4927 733.5112 733.5321 733.5551 733.5798 733.6052 733.631 733.6569 733.6832 733.7095 733.7354 733.7601 733.783 733.8033 733.8208 733.8356 733.8481 733.8593 733.8684 733.8767 733.8799 733.8822 733.8859 733.8918 733.9 733.8953 733.8932 733.8932 733.8944 733.898 733.9081 733.9257 733.9493 733.9804 734.0227 734.0806 734.1538
734.7971 734.6871 734.579 734.4718 734.3644 734.2561 734.1471 734.0389 733.9348 733.838 733.7511 733.6758 733.6129 733.5618 733.5209 733.4882 733.4619 733.4412 733.4255 733.4153 733.4108 733.4116 733.4174 733.4272 733.4402 733.4554 733.4724 733.491 733.5112 733.5334 733.5577 733.5837 733.6107 733.6381 733.6649 733.6915 733.7181 733.7442 733.7697 733.7939 733.8158 733.8348 733.8506 733.8637 733.8743 733.8839 733.8906 733.9 733.9 733.9 733.9 733.9 733.9036 733.9 733.9 733.9 733.9 733.9 733.9066 733.9213 733.9427 733.9711 734.0103 734.0652 734.1364
734.7368 734.6276 734.5222 734.4202 734.3201 734.221 734.122 734.0234 733.927 733.8356 733.7516 733.6776 733.615 733.5639 733.5233 733.4915 733.4668 733.4478 733.434 733.425 733.4213 733.4229 733.4294 733.4403 733.4547 733.4719 733.4913 733.5126 733.5355 733.5602 733.5869 733.615 733.6436 733.6719 733.6993 733.7258 733.7517 733.7772 733.8016 733.8245 733.8448 733.8618 733.8746 733.8854 733.8921 733.9 733.9 733.9076 733.9099 733.9097 733.9083 733.9064 733.9055 733.9023 733.9004 733.8987 733.8971 733.8961 733.9 733.912 733.9312 733.9569 733.993 734.0447 734.1134
734.6804 734.5712 734.4667 734.3676 734.2728 734.1812 734.0913 734.0024 733.915 733.831 733.7526 733.6818 733.6208 733.5704 733.5304 733.4996 733.4766 733.46 733.4485 733.4418 733.4399 733.4429 733.4506 733.4624 733.4779 733.4965 733.5174 733.5403 733.5651 733.5914 733.6193 733.6483 733.6775 733.7059 733.7332 733.7589 733.7836 733.8074 733.83 733.851 733.8693 733.8837 733.8916 733.9 733.9 733.906 733.9084 733.9128 733.9146 733.9139 733.9117 733.9086 733.9052 733.9008 733.8965 733.8929 733.89 733.8885 733.8911 733.9 733.9161 733.9388 733.9724 734.0206 734.0861
734.6277 734.5184 734.4144 734.3168 734.2252 734.1388 734.0563 733.9763 733.8983 733.8229 733.7517 733.6863 733.6287 733.5802 733.5414 733.5118 733.4905 733.4761 733.4673 733.4634 733.4641 733.4692 733.4784 733.4915 733.508 733.5275 733.5493 733.5731 733.5988 733.6257 733.6541 733.683 733.7119 733.7396 733.7657 733.79 733.8127 733.8341 733.8541 733.8724 733.8883 733.9 733.9 733.9059 733.9078 733.9112 733.9135 733.9155 733.9158 733.9144 733.9114 733.9071 733.902 733.896 733.8897 733.8843 733.8804 733.8787 733.8804 733.8873 733.9 733.9186 733.9503 733.9951 734.0563
734.5787 734.4703 734.3665 734.2695 734.1799 734.097 734.0199 733.9471 733.8776 733.8109 733.7477 733.6892 733.6369 733.592 733.5557 733.5279 733.5083 733.4958 733.4895 733.4884 733.4918 733.4995 733.5107 733.5251 733.5427 733.5629 733.5854 733.6096 733.6353 733.6621 733.6901 733.7181 733.7458 733.772 733.7963 733.8185 733.8386 733.8571 733.8738 733.8883 733.9 733.9078 733.9092 733.9116 733.9131 733.9146 733.9154 733.9154 733.9142 733.9115 733.9076 733.9022 733.8959 733.8885 733.8808 733.874 733.8694 733.8674 733.8691 733.8751 733.8856 733.9 733.9304 733.9705 734.0259
734.5326 734.4265 734.324 734.2278 734.1393 734.0585 733.9849 733.9174 733.8547 733.7959 733.7408 733.69 733.6443 733.6046 733.572 733.547 733.5295 733.5189 733.5148 733.5161 733.5221 733.5321 733.5453 733.5615 733.5802 733.6012 733.6239 733.6479 733.6733 733.6995 733.7262 733.7528 733.7784 733.8024 733.824 733.8435 733.8608 733.876 733.8892 733.9 733.9081 733.913 733.9143 733.9149 733.915 733.9147 733.914 733.9124 733.9095 733.9056 733.9006 733.8943 733.887 733.8787 733.8701 733.8624 733.8572 733.8555 733.8578 733.8655 733.8795 733.9 733.9185 733.948 733.996
734.4882 734.3861 734.2867 734.1925 734.1051 734.0257 733.9542 733.8901 733.8323 733.7799 733.7319 733.6885 733.6498 733.6162 733.5887 733.5674 733.5527 733.5446 733.5426 733.5461 733.5542 733.5663 733.5815 733.5991 733.6188 733.6403 733.6631 733.6869 733.7114 733.7365 733.7614 733.7859 733.809 733.83 733.8484 733.8647 733.8787 733.8904 733.9 733.9072 733.9122 733.9148 733.9153 733.9146 733.9131 733.9114 733.9092 733.9061 733.9018 733.8966 733.8907 733.8838 733.8759 733.8671 733.858 733.8499 733.8442 733.8425 733.8452 733.8531 733.8664 733.8835 733.9 733.9229 733.9659
734.4447 734.3481 734.2535 734.1628 734.0778 733.9999 733.9299 733.8678 733.8131 733.7652 733.7228 733.6855 733.6534 733.6262 733.6041 733.5875 733.5767 733.5717 733.572 733.5776 733.5876 733.6015 733.618 733.637 733.6575 733.6792 733.7018 733.725 733.7484 733.7718 733.7947 733.8165 733.8365 733.8541 733.8689 733.8814 733.8918 733.9 733.9059 733.9098 733.9121 733.9128 733.912 733.9101 733.9074 733.9044 733.9009 733.8964 733.891 733.8848 733.8782 733.8707 733.8626 733.8537 733.8447 733.8363 733.8304 733.8284 733.8311 733.8389 733.8511 733.8663 733.8818 733.9001 733.9391
734.4016 734.3114 734.2231 734.1376 734.0565 733.9813 733.913 733.8524 733.7997 733.7544 733.7158 733.6833 733.6565 733.6348 733.6182 733.6067 733.6002 733.5988 733.6022 733.6101 733.6219 733.6371 733.6548 733.6744 733.6953 733.7169 733.739 733.7612 733.7831 733.8044 733.8247 733.8436 733.8604 733.8741 733.8847 733.8933 733.9 733.9044 733.9071 733.9081 733.9078 733.9066 733.9044 733.9015 733.8978 733.8937 733.8892 733.8839 733.8774 733.8705 733.8633 733.8557 733.8477 733.8391 733.8303 733.8221 733.816 733.8137 733.8163 733.824 733.8365 733.8534 733.8741 733.9 733.9221
734.3592 734.2758 734.1945 734.1155 734.0397 733.9684 733.9028 733.8441 733.7928 733.7493 733.713 733.6837 733.6605 733.6431 733.6312 733.6244 733.6224 733.625 733.6318 733.6423 733.656 733.6725 733.691 733.7111 733.7319 733.7529 733.774 733.7949 733.8148 733.8336 733.8512 733.8666 733.8799 733.8898 733.8954 733.9 733.903 733.9039 733.9037 733.9021 733.8997 733.8968 733.8932 733.889 733.8845 733.8796 733.8744 733.8684 733.8617 733.8542 733.8466 733.839 733.8313 733.8232 733.8151 733.8075 733.8014 733.7988 733.8011 733.8088 733.8217 733.8392 733.8602 733.882 733.9001
734.3186 734.2416 734.1674 734.0955 734.0259 733.9597 733.8981 733.842 733.7925 733.7503 733.7155 733.688 733.6674 733.653 733.6447 733.6415 733.6435 733.6499 733.6602 733.6736 733.6893 733.707 733.7262 733.7463 733.7666 733.7867 733.8064 733.8252 733.8428 733.8587 733.8727 733.8843 733.8937 733.9 733.9 733.901 733.9006 733.8987 733.8959 733.8922 733.8878 733.8833 733.8784 733.8734 733.8682 733.8628 733.8571 733.8508 733.844 733.8365 733.8286 733.821 733.8137 733.8065 733.7994 733.7926 733.7869 733.7842 733.7861 733.7934 733.8064 733.8246 733.8473 733.8727 733.9
734.2814 734.21 734.1421 734.0769 734.0139 733.9539 733.897 733.8446 733.7979 733.7573 733.7238 733.6975 733.6783 733.6659 733.6598 733.6595 733.6645 733.6741 733.6873 733.7031 733.7208 733.7399 733.7596 733.7795 733.7991 733.8177 733.8354 733.8517 733.8662 733.8786 733.8884 733.8955 733.9 733.9016 733.8994 733.8967 733.8933 733.8889 733.8839 733.8784 733.8725 733.8666 733.8607 733.855 733.8493 733.8435 733.8376 733.8315 733.8248 733.8176 733.8098 733.8023 733.7954 733.7892 733.7832 733.7773 733.7723 733.7698 733.7713 733.7781 733.7908 733.8091 733.832 733.8571 733.8809
734.249 734.1827 734.1205 734.0612 734.0045 733.9503 733.8989 733.8509 733.8075 733.7694 733.7374 733.712 733.6937 733.6823 733.6775 733.6791 733.6863 733.6981 733.7135 733.7313 733.7506 733.7705 733.7905 733.8101 733.8284 733.8452 733.8603 733.8733 733.8843 733.8927 733.8978 733.9 733.8997 733.897 733.8922 733.8866 733.8806 733.8742 733.8675 733.8607 733.8538 733.8469 733.8403 733.8341 733.8281 733.8223 733.8164 733.8105 733.8043 733.7976 733.7903 733.7831 733.7768 733.7714 733.7665 733.7618 733.7576 733.7552 733.7565 733.7627 733.7748 733.793 733.8162 733.8426 733.8706
734.2232 734.1616 734.1041 734.0499 733.9987 733.9498 733.9034 733.8601 733.8204 733.7851 733.755 733.7308 733.713 733.7022 733.6984 733.7011 733.7096 733.7229 733.7397 733.7584 733.7783 733.7985 733.8181 733.8367 733.8534 733.8679 733.8799 733.8893 733.8961 733.9 733.9 733.8971 733.8922 733.8859 733.8784 733.8705 733.8625 733.8546 733.8467 733.8391 733.8316 733.8245 733.8177 733.8114 733.8055 733.7999 733.7944 733.7889 733.7833 733.7773 733.7709 733.7643 733.7582 733.7534 733.7494 733.746 733.7427 733.7407 733.7415 733.7471 733.7588 733.7764 733.7992 733.8254 733.853
734.2048 734.1482 734.0951 734.045 733.998 733.9536 733.9117 733.8723 733.8361 733.8035 733.7754 733.7524 733.7354 733.7251 733.7218 733.7253 733.7347 733.7487 733.7661 733.785 733.8046 733.8241 733.8425 733.8593 733.8737 733.8853 733.8934 733.8984 733.9 733.8982 733.8934 733.8862 733.8776 733.8682 733.8584 733.8486 733.8392 733.8302 733.8218 733.8138 733.8063 733.7994 733.793 733.7871 733.7817 733.7767 733.7719 733.767 733.7621 733.7572 733.7517 733.7458 733.74 733.7355 733.7321 733.7295 733.7274 733.7258 733.7265 733.7316 733.7424 733.7593 733.7813 733.8071 733.8358
