backend/lakes/data/Snipe Lake/snip_dem_tm.asc
ncols         202
nrows         244
xllcorner     381100
yllcorner     6101850
cellsize      50
NODATA_value  -9999
[rows 87 to 115 of 244, columns 130 to 194 of 202]
734.1449 734.2395 734.3372 734.4365 734.5375 734.6395 734.7402 734.8373 734.9314 735.0236 735.114 735.2013 735.2844 735.3613 735.4324 735.5987 735.7964 735.9982 736.1885 736.363 736.5259 736.6801 736.8273 736.9589 737.2466 737.7004 738.3754 739.2292 740.1846 741.248 743.0166 745.2172 747.6017 750.0474 -9999 -9999 -9999 -9999 -9999 -9999 -9999 -9999 -9999 -9999 -9999 -9999 -9999 -9999 -9999 -9999 -9999 -9999 -9999 -9999 -9999 -9999 -9999 -9999 -9999 -9999 -9999 -9999 -9999 -9999 -9999
734.1517 734.2467 734.3456 734.4467 734.5502 734.6561 734.7622 734.8654 734.9644 735.0604 735.1539 735.2448 735.3345 735.4285 735.5098 735.6677 735.8687 736.0792 736.2776 736.4567 736.6223 736.783 736.945 737.0374 737.2343 737.5792 738.1027 738.8103 739.8647 741.1299 742.9468 745.0425 747.2626 749.6077 -9999 -9999 -9999 -9999 -9999 -9999 -9999 -9999 -9999 -9999 -9999 -9999 -9999 -9999 -9999 -9999 -9999 -9999 -9999 -9999 -9999 -9999 -9999 -9999 -9999 -9999 -9999 -9999 -9999 -9999 -9999
734.1622 734.2574 734.3568 734.4597 734.5658 734.6754 734.7871 734.8967 735.0017 735.1018 735.1973 735.2871 735.3671 735.4319 735.5671 735.7476 735.9589 736.1768 736.3787 736.5535 736.703 736.8339 736.9501 737.0602 737.2178 737.4859 737.9296 738.6113 739.7248 741.1549 742.9731 744.8945 746.8669 749.0445 -9999 -9999 -9999 -9999 -9999 -9999 -9999 -9999 -9999 -9999 -9999 -9999 -9999 -9999 -9999 -9999 -9999 -9999 -9999 -9999 -9999 -9999 -9999 -9999 -9999 -9999 -9999 -9999 -9999 -9999 -9999
734.175 734.2704 734.3702 734.4747 734.5837 734.6971 734.814 734.9301 735.0413 735.1458 735.2435 735.3364 735.4286 735.5077 735.653 735.8451 736.0637 736.2865 736.4883 736.6546 736.7825 736.8791 736.9506 737.0688 737.2295 737.4606 737.8771 738.5558 739.6476 741.0828 742.7884 744.4701 746.1635 748.1241 750.4251 -9999 -9999 -9999 -9999 -9999 -9999 -9999 -9999 -9999 -9999 -9999 -9999 -9999 -9999 -9999 -9999 -9999 -9999 -9999 -9999 -9999 -9999 -9999 -9999 -9999 -9999 -9999 -9999 -9999 -9999
734.189 734.2842 734.3844 734.4905 734.6028 734.7208 734.8428 734.965 735.082 735.1899 735.2864 735.3683 735.4319 735.5651 735.7414 735.9509 736.1779 736.4033 736.6041 736.7616 736.8713 736.9496 737.005 737.0844 737.2527 737.5039 737.876 738.514 739.4724 740.7606 742.232 743.6796 745.1518 746.918 749.1104 -9999 -9999 -9999 -9999 -9999 -9999 -9999 -9999 -9999 -9999 -9999 -9999 -9999 -9999 -9999 -9999 -9999 -9999 -9999 -9999 -9999 -9999 -9999 -9999 -9999 -9999 -9999 -9999 -9999 -9999
734.2032 734.2974 734.3979 734.5059 734.6218 734.7449 734.873 735.0015 735.1241 735.2362 735.3362 735.4288 735.5076 735.6503 735.8401 736.0612 736.2947 736.5208 736.7178 736.8652 736.95 737.0067 737.0563 737.1379 737.2655 737.5052 737.8763 738.4051 739.1219 740.1371 741.3189 742.6309 743.9662 745.5855 747.7148 750.2649 -9999 -9999 -9999 -9999 -9999 -9999 -9999 -9999 -9999 -9999 -9999 -9999 -9999 -9999 -9999 -9999 -9999 -9999 -9999 -9999 -9999 -9999 -9999 -9999 -9999 -9999 -9999 -9999 -9999
734.2175 734.3101 734.4099 734.5194 734.6393 734.7683 734.9031 735.0382 735.166 735.279 735.3694 735.4317 735.5597 735.7306 735.9363 736.1665 736.4045 736.6282 736.8152 736.9484 737.0032 737.049 737.1009 737.1784 737.3041 737.4979 737.79 738.1892 738.6831 739.4807 740.4168 741.5693 742.8035 744.3558 746.5209 749.2995 752.2622 -9999 -9999 -9999 -9999 -9999 -9999 -9999 -9999 -9999 -9999 -9999 -9999 -9999 -9999 -9999 -9999 -9999 -9999 -9999 -9999 -9999 -9999 -9999 -9999 -9999 -9999 -9999 -9999
734.2307 734.3218 734.4203 734.5304 734.6538 734.7887 734.9308 735.0732 735.2073 735.3263 735.429 735.4977 735.6262 735.8058 736.0214 736.2573 736.4965 736.7139 736.8768 736.9506 737.0135 737.069 737.1343 737.2184 737.3381 737.5145 737.7634 738.0875 738.4971 739.0472 739.7388 740.6329 741.7645 743.3016 745.5782 748.5947 751.9062 754.8877 -9999 -9999 -9999 -9999 -9999 -9999 -9999 -9999 -9999 -9999 -9999 -9999 -9999 -9999 -9999 -9999 -9999 -9999 -9999 -9999 -9999 -9999 -9999 -9999 -9999 -9999 -9999
734.2415 734.3314 734.4288 734.5387 734.6642 734.8044 734.9535 735.1028 735.2399 735.3503 735.4302 735.5288 735.673 735.8625 736.0858 736.3258 736.5652 736.7825 736.9481 736.997 737.0365 737.0874 737.1593 737.2526 737.3741 737.5393 737.7675 738.0663 738.4326 738.7561 739.2324 739.9197 740.8919 742.3904 744.7533 747.9169 751.4188 754.6469 -9999 -9999 -9999 -9999 -9999 -9999 -9999 -9999 -9999 -9999 -9999 -9999 -9999 -9999 -9999 -9999 -9999 -9999 -9999 -9999 -9999 -9999 -9999 -9999 -9999 -9999 -9999
734.249 734.3381 734.4345 734.5437 734.6699 734.8133 734.9686 735.1263 735.2715 735.3812 735.4308 735.5447 735.702 735.8998 736.1269 736.3673 736.6008 736.8047 736.9501 737.0143 737.054 737.1038 737.1758 737.2733 737.396 737.5518 737.7522 737.9994 738.2697 738.5098 738.8591 739.3771 740.1966 741.6052 743.9473 747.0988 750.6096 753.9317 756.6008 -9999 -9999 -9999 -9999 -9999 -9999 -9999 -9999 -9999 -9999 -9999 -9999 -9999 -9999 -9999 -9999 -9999 -9999 -9999 -9999 -9999 -9999 -9999 -9999 -9999 -9999
734.2531 734.3411 734.4364 734.5442 734.6694 734.813 734.9712 735.1354 735.2944 735.4285 735.4622 735.5637 735.7214 735.9216 736.1497 736.3872 736.6149 736.8104 736.95 737.0243 737.0699 737.119 737.1855 737.2772 737.3942 737.5388 737.7148 737.928 738.1747 738.4477 738.6668 739.0828 739.8209 741.0818 743.1836 746.1138 749.4803 752.7832 755.5601 757.5192 -9999 -9999 -9999 -9999 -9999 -9999 -9999 -9999 -9999 -9999 -9999 -9999 -9999 -9999 -9999 -9999 -9999 -9999 -9999 -9999 -9999 -9999 -9999 -9999 -9999
734.2531 734.3403 734.4341 734.5396 734.6619 734.8022 734.9565 735.1149 735.2617 735.3744 735.431 735.5574 735.7255 735.9289 736.1562 736.3903 736.6134 736.8076 736.9504 737.0284 737.0785 737.1289 737.1868 737.2633 737.3657 737.4917 737.6423 737.8175 738.0207 738.2545 738.5041 738.9498 739.6922 740.817 742.5192 745.0826 748.1658 751.334 754.145 756.2947 -9999 -9999 -9999 -9999 -9999 -9999 -9999 -9999 -9999 -9999 -9999 -9999 -9999 -9999 -9999 -9999 -9999 -9999 -9999 -9999 -9999 -9999 -9999 -9999 -9999
734.2479 734.335 734.4275 734.5302 734.6487 734.7839 734.9323 735.0839 735.2242 735.3389 735.4301 735.5569 735.7221 735.9226 736.1459 736.3741 736.5926 736.7895 736.9482 737.0157 737.0658 737.1216 737.1752 737.2321 737.3121 737.4136 737.5343 737.6746 737.8455 738.0814 738.4234 738.9012 739.7346 740.7953 742.1562 744.2259 746.8462 749.7647 752.5665 754.907 756.6277 -9999 -9999 -9999 -9999 -9999 -9999 -9999 -9999 -9999 -9999 -9999 -9999 -9999 -9999 -9999 -9999 -9999 -9999 -9999 -9999 -9999 -9999 -9999 -9999
734.2368 734.3246 734.4167 734.5171 734.6315 734.762 734.9057 735.0542 735.1957 735.3206 735.4301 735.552 735.7074 735.8997 736.1148 736.3328 736.5386 736.7219 736.8668 736.9502 737.0161 737.0916 737.1477 737.1865 737.2375 737.3115 737.3989 737.5017 737.6324 737.8328 738.1584 738.7017 739.7362 740.8909 742.1821 743.6237 745.5846 748.1151 750.8453 753.3741 755.4639 -9999 -9999 -9999 -9999 -9999 -9999 -9999 -9999 -9999 -9999 -9999 -9999 -9999 -9999 -9999 -9999 -9999 -9999 -9999 -9999 -9999 -9999 -9999 -9999
734.2194 734.3083 734.4012 734.5002 734.6115 734.7381 734.8785 735.027 735.1739 735.3105 735.4302 735.537 735.6774 735.8581 736.062 736.2666 736.4578 736.6293 736.7722 736.8754 736.9515 737.0508 737.1106 737.1334 737.1537 737.1968 737.2521 737.3166 737.4045 737.5527 737.8209 738.3062 739.1368 740.3531 741.6986 743.049 744.2553 746.3519 748.9716 751.6769 754.1721 756.3019 -9999 -9999 -9999 -9999 -9999 -9999 -9999 -9999 -9999 -9999 -9999 -9999 -9999 -9999 -9999 -9999 -9999 -9999 -9999 -9999 -9999 -9999 -9999
734.1957 734.2855 734.3795 734.4786 734.5878 734.7114 734.8492 734.9974 735.1487 735.2957 735.4283 735.5027 735.6282 735.7976 735.9885 736.1783 736.3557 736.5208 736.6753 736.817 736.9479 737.0237 737.0707 737.0782 737.0731 737.0865 737.1134 737.1447 737.1925 737.2889 737.4872 737.8811 738.5556 739.5831 740.767 741.7104 742.6654 744.4968 747.0322 749.9084 752.8136 755.4593 -9999 -9999 -9999 -9999 -9999 -9999 -9999 -9999 -9999 -9999 -9999 -9999 -9999 -9999 -9999 -9999 -9999 -9999 -9999 -9999 -9999 -9999 -9999
734.1666 734.2565 734.3514 734.4512 734.5594 734.6803 734.8146 734.9594 735.1068 735.2462 735.3606 735.432 735.5627 735.7218 735.8973 736.0707 736.2333 736.391 736.551 736.7094 736.8525 736.9502 737.0125 737.0231 737.0052 736.9952 736.9996 737.0057 737.0204 737.0721 737.204 737.4944 737.9934 738.7145 739.6086 740.4439 741.3849 742.8992 745.2838 748.2408 751.5088 754.6772 757.2803 -9999 -9999 -9999 -9999 -9999 -9999 -9999 -9999 -9999 -9999 -9999 -9999 -9999 -9999 -9999 -9999 -9999 -9999 -9999 -9999 -9999 -9999
734.1338 734.2225 734.3177 734.4182 734.5257 734.6442 734.7744 734.9141 735.0568 735.1943 735.3187 735.4283 735.5153 735.6398 735.7912 735.9475 736.0962 736.2443 736.4042 736.5726 736.7324 736.8612 736.95 736.9781 736.9615 736.9361 736.9214 736.9092 736.9 736.9173 737.0015 737.2067 737.573 738.0986 738.7622 739.5564 740.5176 741.8696 743.9199 746.8047 750.3103 753.9016 756.9541 -9999 -9999 -9999 -9999 -9999 -9999 -9999 -9999 -9999 -9999 -9999 -9999 -9999 -9999 -9999 -9999 -9999 -9999 -9999 -9999 -9999 -9999
734.0986 734.1849 734.2795 734.3803 734.4872 734.6034 734.7291 734.8628 734.9989 735.1301 735.2495 735.3503 735.4303 735.5364 735.6687 735.8152 735.9553 736.0942 736.2496 736.4252 736.6041 736.7646 736.8881 736.9501 736.9485 736.9149 736.8828 736.8561 736.8313 736.824 736.8794 737.0398 737.3219 737.7452 738.3453 739.0754 740.0889 741.3671 742.9545 745.642 749.2522 753.1339 756.5062 -9999 -9999 -9999 -9999 -9999 -9999 -9999 -9999 -9999 -9999 -9999 -9999 -9999 -9999 -9999 -9999 -9999 -9999 -9999 -9999 -9999 -9999
734.063 734.1455 734.2386 734.339 734.4453 734.559 734.6807 734.8082 734.9374 735.0612 735.1734 735.2674 735.3444 735.4301 735.541 735.6888 735.8273 735.9583 736.1051 736.2809 736.4753 736.6661 736.8325 736.9494 736.9604 736.9252 736.8791 736.8384 736.8044 736.7833 736.8175 736.9604 737.1998 737.532 738.0344 738.7536 739.8898 741.1837 742.2965 744.732 748.3698 752.4548 756.0804 758.6545 -9999 -9999 -9999 -9999 -9999 -9999 -9999 -9999 -9999 -9999 -9999 -9999 -9999 -9999 -9999 -9999 -9999 -9999 -9999 -9999 -9999
734.028 734.1063 734.1968 734.2958 734.4012 734.5127 734.6308 734.7533 734.8765 734.995 735.1034 735.1971 735.2748 735.3486 735.4333 735.5917 735.7305 735.8519 735.9849 736.1511 736.3488 736.5559 736.7457 736.8884 736.95 736.9425 736.8989 736.8459 736.804 736.7789 736.8015 736.9329 737.1697 737.46 737.8893 738.5692 739.5911 740.5296 741.6491 744.0061 747.6431 751.8376 755.6408 758.3842 -9999 -9999 -9999 -9999 -9999 -9999 -9999 -9999 -9999 -9999 -9999 -9999 -9999 -9999 -9999 -9999 -9999 -9999 -9999 -9999 -9999
733.9954 734.0686 734.1555 734.2523 734.3564 734.4661 734.5811 734.6996 734.8186 734.9347 735.0436 735.144 735.2352 735.3262 735.4301 735.5549 735.6718 735.7773 735.894 736.0433 736.2313 736.4406 736.6429 736.807 736.9096 736.95 736.9283 736.8738 736.821 736.795 736.8139 736.9333 737.1782 737.4784 737.8591 738.439 739.1985 740.092 741.3643 743.583 747.0768 751.2084 755.0321 757.8522 -9999 -9999 -9999 -9999 -9999 -9999 -9999 -9999 -9999 -9999 -9999 -9999 -9999 -9999 -9999 -9999 -9999 -9999 -9999 -9999 -9999
733.9675 734.0334 734.1154 734.2092 734.3116 734.4194 734.5316 734.6471 734.7633 734.8783 734.9894 735.0968 735.2017 735.3099 735.4285 735.5179 735.6168 735.7149 735.8221 735.9563 736.1273 736.3279 736.5341 736.7152 736.8484 736.9281 736.95 736.9114 736.8547 736.8231 736.8436 736.9498 737.1791 737.5007 737.8901 738.4105 739.0424 739.9817 741.3748 743.4921 746.6835 750.5673 754.2677 757.0821 758.802 -9999 -9999 -9999 -9999 -9999 -9999 -9999 -9999 -9999 -9999 -9999 -9999 -9999 -9999 -9999 -9999 -9999 -9999 -9999 -9999
733.9409 734.0002 734.0765 734.1664 734.2662 734.3721 734.4817 734.5945 734.7086 734.8223 734.9341 735.0427 735.1495 735.2527 735.3502 735.4308 735.533 735.6397 735.7505 735.8786 736.0338 736.2195 736.4218 736.6146 736.7715 736.8844 736.95 736.9453 736.8981 736.8612 736.8816 736.9772 737.1719 737.4703 737.8594 738.3907 739.0151 740.1234 741.6635 743.7244 746.4151 749.9131 753.4094 756.1954 758.02 -9999 -9999 -9999 -9999 -9999 -9999 -9999 -9999 -9999 -9999 -9999 -9999 -9999 -9999 -9999 -9999 -9999 -9999 -9999 -9999
733.9233 733.9712 734.0399 734.1243 734.2201 734.3232 734.4304 734.5404 734.6522 734.7638 734.8739 734.9799 735.0817 735.1766 735.261 735.3384 735.4307 735.543 735.6632 735.7937 735.9408 736.1115 736.3044 736.5013 736.6748 736.8095 736.9043 736.95 736.9372 736.906 736.9169 737.0083 737.1699 737.4038 737.7406 738.2343 738.9858 740.3574 741.9725 743.9247 746.0984 749.218 752.532 755.3259 757.3169 -9999 -9999 -9999 -9999 -9999 -9999 -9999 -9999 -9999 -9999 -9999 -9999 -9999 -9999 -9999 -9999 -9999 -9999 -9999 -9999
733.9001 733.9434 734.0052 734.0833 734.1737 734.2726 734.3764 734.4833 734.5923 734.7014 734.8081 734.9102 735.005 735.093 735.1709 735.2441 735.3282 735.4307 735.5535 735.6879 735.8344 735.9965 736.1787 736.3731 736.5568 736.7073 736.8225 736.9058 736.95 736.944 736.946 737.0274 737.1724 737.3594 737.6226 738.082 738.9061 740.4054 741.9058 743.5864 745.4685 748.4011 751.6741 754.5845 756.8158 758.2977 -9999 -9999 -9999 -9999 -9999 -9999 -9999 -9999 -9999 -9999 -9999 -9999 -9999 -9999 -9999 -9999 -9999 -9999 -9999
733.9 733.9249 733.9753 734.0447 734.1279 734.2205 734.3193 734.4221 734.5276 734.634 734.7373 734.8353 734.9242 735.0054 735.0801 735.151 735.2281 735.3206 735.4307 735.5607 735.7051 735.8687 736.0424 736.23 736.4173 736.5803 736.71 736.8163 736.9005 736.9499 736.9657 737.0265 737.1635 737.3252 737.5251 737.8758 738.5438 739.682 741.0208 742.569 744.4893 747.4401 750.8006 753.9243 756.4246 758.1151 -9999 -9999 -9999 -9999 -9999 -9999 -9999 -9999 -9999 -9999 -9999 -9999 -9999 -9999 -9999 -9999 -9999 -9999 -9999
733.879 733.9001 733.9476 734.0087 734.0828 734.1672 734.2593 734.3571 734.4583 734.5615 734.6622 734.7562 734.8417 734.9167 734.9885 735.0588 735.1334 735.2184 735.3174 735.4303 735.5612 735.7306 735.9011 736.0739 736.2574 736.4298 736.5729 736.6937 736.804 736.894 736.9504 737.0298 737.1349 737.2832 737.4414 737.675 738.1217 738.8902 740.0482 741.5409 743.5599 746.4034 749.8152 753.149 755.9208 757.7802 -9999 -9999 -9999 -9999 -9999 -9999 -9999 -9999 -9999 -9999 -9999 -9999 -9999 -9999 -9999 -9999 -9999 -9999 -9999
733.8666 733.9 733.9301 733.9763 734.0385 734.1134 734.1974 734.2886 734.3853 734.4845 734.5831 734.6741 734.7565 734.8293 734.8969 734.9675 735.0438 735.129 735.2245 735.3279 735.4355 735.6063 735.7656 735.9146 736.0806 736.2571 736.4152 736.5508 736.6829 736.8188 736.9479 737.0197 737.1116 737.2365 737.3753 737.5387 737.8343 738.3871 739.2669 740.5891 742.4995 745.1666 748.5233 751.9638 754.9598 757.1035 758.3761 -9999 -9999 -9999 -9999 -9999 -9999 -9999 -9999 -9999 -9999 -9999 -9999 -9999 -9999 -9999 -9999 -9999 -9999
