backend/lakes/data/Moose Lake/moos_dem_tm.asc
ncols         277
nrows         246
xllcorner     759100
yllcorner     6009850
cellsize      50
NODATA_value  -9999
[rows 120 to 149 of 246, columns 69 to 137 of 277]
-9999 -9999 -9999 -9999 -9999 -9999 -9999 -9999 -9999 537.0216 536.5723 536.0796 535.3583 533.7997 532.45 531.8694 531.0673 529.8481 528.839 528.1382 527.6863 527.4159 527.2729 527.2159 527.2178 527.2609 527.3279 527.3952 527.4357 527.4343 527.389 527.2974 527.0769 526.9203 526.9506 527.3008 528.1052 529.3087 530.9207 531.874 532.0843 532.0001 532 532.0121 532.0155 532.0181 532.0165 531.9884 531.8826 531.6129 531.1291 530.6391 530.3492 530.3492 530.707 531.2748 531.8412 532.2584 532.5262 532.6439 532.568 532.2482 531.6293 530.725 529.972 529.3651 528.7792 528.0781 527.3039
-9999 -9999 -9999 -9999 -9999 -9999 -9999 -9999 537.5321 537.1605 536.6448 535.8883 534.7264 532.9949 532.1892 531.7976 530.9116 529.7999 528.8663 528.2583 527.8508 527.5917 527.4457 527.3815 527.3781 527.4202 527.4873 527.5493 527.5695 527.5354 527.4463 527.2997 527.0789 526.9282 526.9689 527.2991 527.9907 529.0687 530.5598 531.7304 531.9659 532.0005 532.0002 532.0142 532.056 532.0989 532.0978 532.0181 531.8492 531.3577 530.8086 530.3617 530.2238 530.455 531.159 531.8217 532.2612 532.535 532.6438 532.5742 532.292 531.7423 530.8033 530.0563 529.4 528.7756 528.0989 527.4185 526.8589
-9999 -9999 -9999 -9999 -9999 -9999 -9999 -9999 537.72 537.3478 536.6675 535.6652 534.2562 532.5608 532.0271 531.7255 530.86 530.0098 528.9901 528.4767 528.1053 527.8651 527.7335 527.6766 527.6753 527.7157 527.7751 527.8163 527.7815 527.6769 527.5126 527.2993 527.0548 526.9054 526.9624 527.3019 527.9468 528.9913 530.3573 531.3602 531.5557 531.8543 531.8963 531.9067 532.0258 532.1234 532.0997 531.8913 531.5376 531.015 530.5618 530.3492 530.4293 531.0453 531.7722 532.2368 532.5137 532.6369 532.5807 532.3232 531.8506 531.1334 530.2584 529.4534 528.7685 528.0686 527.3888 526.8339 526.2993
-9999 -9999 -9999 -9999 -9999 -9999 -9999 -9999 537.993 537.6049 536.6487 535.3563 533.6747 532.279 531.8582 531.3076 530.4927 529.8365 529.1752 528.7995 528.454 528.2701 528.1996 528.1749 528.179 528.2025 528.228 528.226 528.0872 527.8747 527.6057 527.2988 526.9965 526.825 526.8872 527.261 527.8876 529.0138 530.1802 530.4862 530.7636 531.014 531.0723 531.5599 531.9137 532.1031 532.0737 531.8114 531.215 530.663 530.3497 530.3776 531.0007 531.7369 532.2 532.4521 532.5582 532.5443 532.3195 531.8637 531.1985 530.3762 529.498 528.6806 528.0089 527.3434 526.7611 526.2328 525.625
-9999 -9999 -9999 -9999 -9999 -9999 -9999 538.0183 538.1644 537.803 536.418 534.6898 532.8973 532.1018 531.8052 531.0059 530.2979 529.7073 529.2585 529.0077 528.8463 528.8631 528.9648 529.0126 529.0153 528.9709 528.8763 528.7833 528.4716 528.1295 527.7352 527.2975 526.9009 526.6669 526.6788 527.0002 527.6976 529.2177 530.5179 531.4382 531.6146 531.8299 531.6254 531.7609 531.9382 532.0376 531.8505 531.3563 530.7595 530.355 530.3314 530.7046 531.6195 532.145 532.3958 532.4396 532.365 532.251 531.8507 531.1866 530.3922 529.5164 528.5939 527.7031 527.23 526.6495 526.1083 525.5524 524.7965
538.9398 -9999 -9999 -9999 -9999 -9999 -9999 538.3988 538.2994 537.6445 535.9265 533.9864 532.399 531.9583 531.7145 530.627 529.9962 529.5838 529.3585 529.3262 529.4542 529.7985 530.262 530.4321 530.4172 530.1982 529.7415 529.348 528.8726 528.4387 527.9215 527.3017 526.7843 526.48 526.4578 526.7771 527.5307 529.0226 530.5314 531.7242 532.0298 532.0865 531.964 531.9427 531.8828 531.8354 531.382 530.8119 530.3632 530.2952 530.6812 531.5098 532.0316 532.3177 532.3832 532.2224 531.94 531.7569 531.1243 530.2953 529.4886 528.6043 527.6841 527.0627 526.5909 525.9877 525.431 524.7427 523.7347
539.4952 539.0905 538.7548 538.5778 -9999 538.665 538.6869 538.5752 538.1663 537.1223 535.1517 533.283 532.1127 531.8927 531.634 530.499 529.885 529.6064 529.5742 529.7585 530.1105 530.7311 531.509 531.752 531.6899 531.2227 530.4421 529.9119 529.3805 528.8456 528.2104 527.3374 526.6611 526.2861 526.2634 526.6229 527.4412 528.8643 530.356 531.4524 531.8722 531.8959 531.8789 531.8555 531.6259 531.3278 530.8187 530.3737 530.2449 530.5334 531.4811 531.9647 532.1428 532.2422 532.2 531.8932 531.4854 530.9694 530.1221 529.13 528.4661 527.6485 527.1149 526.5621 526.0889 525.4503 524.6139 523.6558 522.5751
539.2534 538.8123 538.5828 538.4623 538.5713 538.702 538.7034 538.4297 537.7058 536.1984 534.1894 532.5602 531.9372 531.8682 531.4336 530.4971 529.994 529.851 529.9779 530.3478 530.801 531.6031 531.9879 532.0519 531.9427 531.6561 530.7938 530.3086 529.7933 529.2584 528.5783 527.4039 526.5144 526.0623 526.0496 526.4399 527.267 528.5377 529.9199 530.8842 531.2819 531.3276 531.2964 531.2396 531.0729 530.7949 530.3873 530.2755 530.3729 530.946 531.8275 532.0453 531.9042 531.8905 531.8206 531.3833 530.8348 530.0287 528.9024 527.8688 527.3251 526.7683 526.3224 525.7687 525.2634 524.3099 523.2794 522.426 521.4839
538.1485 537.9363 538.0978 538.1217 538.3614 538.4784 538.4044 537.9631 536.9683 535.3445 533.3839 532.201 531.8381 531.8772 531.5781 530.9349 530.4539 530.4052 530.6348 531.16 531.6924 531.9451 531.9191 531.6884 531.4104 531.0134 530.5539 530.3375 529.9656 529.4515 528.6748 527.3643 526.2747 525.7819 525.7782 526.1136 526.7511 527.6553 528.8691 529.9096 530.2698 530.3011 530.2753 530.2864 530.3413 530.3259 530.2328 530.3461 530.5508 531.0231 531.741 531.7502 531.4462 531.2894 531.0778 530.5424 529.92 528.8486 527.7043 526.8676 526.3292 525.7642 525.2993 524.5319 523.9299 522.9968 522.1117 521.3695 520.8086
536.3654 536.5146 537.4312 537.7533 537.9797 537.885 537.7275 537.25 536.2426 534.5618 532.7686 531.9503 531.745 531.8522 531.8682 531.5359 531.3022 531.3483 531.6746 531.8663 532.0133 531.9515 531.6511 531.2009 531.0025 530.8259 531.3743 530.6146 530.1288 529.5422 528.6673 527.2624 525.9799 525.5309 525.5241 525.7762 526.1962 526.7527 527.6109 528.505 528.8229 528.8517 528.8522 528.99 529.3892 529.6342 529.8171 530.0732 530.3194 530.4796 530.8728 530.6862 530.4999 530.3948 530.1525 529.5356 528.6801 527.5601 526.6174 525.8475 525.2789 524.4698 523.8895 523.1 522.5438 521.9088 521.2733 520.8163 520.5049
534.2962 534.9333 536.2877 537.2259 537.1884 536.5538 536.3745 536.4021 535.8267 534.2224 532.863 532.0763 531.7885 531.813 531.8989 531.8785 531.8672 531.8772 531.999 532.063 532.0618 531.9215 531.5766 531.0515 531.3746 531.7639 531.8424 531.0859 530.3492 529.6144 528.665 527.2542 525.9874 525.5206 525.4356 525.5394 525.7511 525.9243 526.5181 527.1003 527.3596 527.4026 527.4471 527.7168 528.4036 528.7502 529.0928 529.4645 529.7068 529.865 530.09 529.8849 529.6563 529.3967 528.9129 528.2614 527.28 526.2299 525.4616 524.6738 523.9417 523.0215 522.4595 521.8883 521.4163 521.189 520.8719 520.6246 520.4803
532.7565 533.3489 534.8279 535.6462 535.353 534.7434 534.9184 535.6987 535.9333 534.9283 533.5684 532.5714 532.0221 531.8263 531.8204 531.8499 531.8837 531.9094 531.9562 531.9824 531.9967 532.0046 531.9673 531.7129 531.9449 532.0004 531.8807 531.2168 530.3976 529.6234 528.6814 527.3692 526.3369 525.781 525.5441 525.4384 525.433 525.4865 525.7538 525.974 526.2837 526.3846 526.4781 526.7939 527.2709 527.576 528.0576 528.5345 528.7141 528.7814 528.8369 528.7285 528.5101 528.156 527.4267 526.6655 525.7935 524.9507 524.1735 523.441 522.6597 521.7963 521.386 521.22 521.0582 520.885 520.795 520.679 520.6306
531.9366 532.467 533.405 534.0846 533.3058 532.7818 533.3708 534.7549 535.953 535.9758 534.8362 533.4115 532.4521 531.9227 531.7257 531.6819 531.6918 531.7213 531.7629 531.8019 531.8616 531.9976 532.1133 532.2097 532.2646 532.0059 531.8588 531.2148 530.3906 529.614 528.7165 527.5433 526.7363 526.1292 525.756 525.4612 525.3031 525.259 525.3591 525.5164 525.7504 525.7796 525.8196 526.1194 526.3917 526.5977 526.8884 527.1838 527.2845 527.3069 527.2994 527.1714 526.829 526.4489 525.8119 525.1885 524.4434 523.7891 523.0161 522.4803 521.8849 521.2449 521.155 521.065 520.975 521.0612 520.9893 520.939 520.9229
531.8134 532.1955 532.6553 532.7048 532.0425 532.2958 533.188 534.5772 536.4113 537.2996 536.2963 534.6082 533.0332 532.0757 531.6578 531.5065 531.4731 531.5187 531.6169 531.7269 531.8509 532.107 532.5804 533.2823 532.9115 532.1138 531.8353 531.173 530.3758 529.616 528.8002 527.8774 527.1627 526.4167 525.8276 525.5202 525.3099 525.2017 525.213 525.2974 525.4202 525.4712 525.5533 525.7575 525.7847 525.7899 525.8289 525.889 525.9055 525.8965 525.8525 525.6929 525.3214 524.9862 524.498 524.1641 523.5676 522.8959 522.4978 522.1986 521.9818 521.8387 521.2748 521.21 521.2099 521.2095 521.209 521.2087 521.2098
532.4208 532.8174 533.1351 533.2501 533.1676 533.4969 534.3145 535.6525 537.3175 537.8969 537.2325 535.3984 533.507 532.1553 531.6095 531.3888 531.3284 531.426 531.6799 532.0134 532.3635 533.0349 533.8352 534.3464 533.7342 532.4499 531.8346 531.1223 530.3593 529.6006 528.8282 528.0103 527.2932 526.6672 526.1434 525.7778 525.4807 525.2961 525.2504 525.2606 525.301 525.3309 525.3755 525.4358 525.3909 525.3073 525.2371 525.1941 525.1541 525.0941 524.9657 524.7163 524.3431 524.2447 524.0291 523.849 523.5374 523.131 522.7324 522.3843 522.1855 521.9432 521.4899 521.313 521.2755 521.2822 521.3022 521.3237 521.3369
533.718 534.5569 535.5901 535.975 535.9798 535.7178 536.0299 537.0942 537.6461 537.611 536.7869 534.9749 533.2053 532.0873 531.5983 531.3586 531.2876 531.4633 531.9683 532.763 533.5614 534.2668 535.116 535.5471 534.5806 532.9595 531.8965 531.0923 530.3406 529.5492 528.8206 528.0479 527.3594 526.9359 526.5355 526.1744 525.7924 525.5152 525.4392 525.3687 525.3295 525.3169 525.3141 525.2968 525.22 525.1114 525.0099 524.9413 524.9017 524.8584 524.736 524.5543 524.3817 524.3486 524.3518 524.3622 524.2933 524.0553 523.5116 522.9625 522.6649 522.2368 521.7916 521.5247 521.4029 521.3584 521.3518 521.3613 521.364
535.1937 536.8299 538.1157 538.6405 538.3987 537.6719 537.3719 537.379 537.032 536.415 535.293 533.7373 532.8082 532.1161 531.6946 531.4262 531.3282 531.5407 532.1976 533.489 534.5015 535.3235 535.9996 536.1013 535.1143 533.0847 531.8855 531.0609 530.2916 529.3967 528.75 528.0776 527.5676 527.2832 526.9791 526.7054 526.2795 525.8465 525.7606 525.5727 525.4484 525.4005 525.3732 525.3319 525.2562 525.1591 525.0692 525.0203 525.0383 525.1075 525.0697 525.0454 525.174 525.5108 525.6626 525.7148 525.7009 525.454 524.7757 524.1293 523.4366 522.756 522.1984 521.8235 521.599 521.4701 521.4053 521.3798 521.3628
535.8969 537.9588 539.5582 539.7726 539.3568 538.0776 537.3713 536.665 535.5905 534.5636 534.4769 533.556 532.84 532.2808 531.8616 531.5665 531.4709 531.7507 532.5307 534.0121 535.225 536.0522 536.5516 536.3989 535.3196 533.1974 531.9202 531.082 530.199 529.0642 528.4391 527.9501 527.6154 527.4371 527.3056 527.2552 526.8737 526.3945 526.0767 525.7827 525.601 525.5558 525.5366 525.5065 525.4591 525.3995 525.3425 525.3243 525.4174 525.6956 525.7811 525.9429 526.3177 526.9568 527.2373 527.3174 527.3096 527.1295 526.5175 525.6091 524.5134 523.5391 522.7634 522.2329 521.8774 521.6323 521.4827 521.4055 521.3629
535.605 537.6461 539.1002 538.9084 537.9105 536.4105 535.4303 534.5807 533.6226 533.4641 533.7526 533.3353 532.8423 532.3849 531.9852 531.7125 531.7137 532.2098 533.3149 534.8033 535.9315 536.6036 536.8517 536.485 535.3563 533.368 532.0686 531.2619 530.2175 528.9608 528.2417 527.8065 527.5699 527.4814 527.4655 527.4653 527.2697 526.8003 526.3801 526.0258 525.7884 525.7775 525.7794 525.7798 525.779 525.7772 525.7719 525.7798 525.8779 526.311 526.6913 527.2424 527.8654 528.5061 528.8403 528.9427 528.9581 528.8463 528.3504 527.2391 525.8607 524.5528 523.532 522.7851 522.2472 521.8419 521.5829 521.4408 521.3654
534.3503 536.042 537.1403 536.7464 535.6555 534.2214 533.4221 533.2015 532.817 532.8569 533.144 532.9749 532.6837 532.3409 532.0042 531.8024 531.9772 532.7913 534.3015 535.6399 536.3843 536.8088 536.8167 536.2172 534.9852 533.2152 532.2476 531.5964 530.329 528.9581 528.1399 527.6889 527.4833 527.4347 527.4573 527.457 527.3021 526.9697 526.6046 526.2908 526.0908 526.0481 526.0634 526.1023 526.151 526.2185 526.2957 526.4471 526.6733 527.1701 527.6671 528.4986 529.1904 529.7997 530.3163 530.4941 530.532 530.4604 530.004 528.7758 527.2656 525.7611 524.4363 523.4934 522.6673 522.0612 521.6882 521.4766 521.3593
533.0031 534.1262 534.9333 534.6276 533.8702 533.4182 533.4884 533.0497 532.6468 532.5439 532.6637 532.5581 532.4288 532.2117 531.9761 531.8761 532.2964 533.6671 535.2581 535.9125 536.2493 536.5287 536.3909 535.5129 533.9688 532.5617 532.1213 531.694 530.3839 528.9634 528.084 527.6046 527.3973 527.3555 527.3854 527.3978 527.3 527.0505 526.7646 526.5276 526.3864 526.3505 526.3849 526.4681 526.5647 526.7186 526.8788 527.2201 527.5235 528.0629 528.7465 529.5567 530.289 530.8463 531.568 531.8202 531.8606 531.7836 531.3237 530.0268 528.4923 526.8829 525.2999 524.132 522.8817 522.1979 521.7767 521.5095 521.3386
531.8994 532.4711 533.0201 533.0026 532.817 532.6816 532.7208 532.5851 532.4993 532.3089 532.2381 532.1793 532.1465 532.0907 531.9998 532.0223 532.7082 533.9103 535.1047 535.2402 535.3026 535.7344 535.6489 534.4873 532.8976 532.1706 532.0275 531.72 530.4023 528.9623 528.0585 527.5646 527.3491 527.2986 527.3212 527.3422 527.2985 527.0873 526.8741 526.7284 526.6663 526.6595 526.7225 526.8616 526.9822 527.248 527.4426 527.9977 528.5486 528.9761 529.6842 530.4853 531.228 531.7797 532.2332 532.4758 532.4988 532.3759 531.9722 530.994 529.5156 527.757 525.918 524.317 522.992 522.3557 521.8958 521.5684 521.3516
531.5286 531.7673 532.0381 532.2537 532.3162 532.2272 532.1058 532.0002 532.0201 532.0381 531.9335 531.9012 531.9502 532.0001 532.0074 532.3516 533.5378 533.5411 533.6177 533.6813 533.6465 534.5349 534.6533 533.6566 532.2993 531.9362 531.9733 531.7264 530.4024 528.96 528.0727 527.5909 527.3759 527.3112 527.3077 527.3 527.2432 527.0802 526.9498 526.9076 526.9525 526.9684 527.0472 527.2668 527.3436 527.7178 528.155 528.7499 529.28 529.8116 530.5292 531.3143 531.8308 532.0502 532.3189 532.5601 532.5984 532.502 532.2897 531.727 530.6136 528.7308 526.5304 524.5717 523.3 522.643 522.0593 521.6455 521.3732
531.4816 531.6439 531.7689 532.0521 532.2273 532.1575 531.9048 531.6676 531.5885 531.6328 531.6635 531.7076 531.8239 531.9961 532.0353 532.6561 533.8529 532.9562 532.2615 532.3673 532.4861 533.0284 533.9514 533.2551 532.1093 531.8774 531.968 531.7246 530.3943 528.9767 528.16 527.7207 527.5208 527.4463 527.4167 527.3798 527.2982 527.1255 527.0544 527.0967 527.281 527.3006 527.3448 527.598 527.8297 528.267 528.8062 529.3408 529.881 530.5045 531.308 531.843 531.7938 531.7136 531.903 532.2077 532.3511 532.3246 532.3033 532.0939 531.3129 529.4525 526.9832 524.7764 523.4595 522.7112 522.1301 521.7144 521.4402
531.7024 531.9546 532.0355 532.2408 532.5023 532.5146 532.2095 531.8302 531.5271 531.4404 531.5096 531.5397 531.6494 531.8268 531.9884 532.1832 533.0423 533.9025 532.8412 532.2388 532.0861 532.5103 533.8801 533.2285 532.1116 531.915 531.9921 531.7229 530.4117 529.0886 528.3849 527.9933 527.8181 527.7432 527.696 527.6342 527.515 527.3291 527.3016 527.3364 527.5786 527.7568 527.9539 528.1405 528.3732 528.8622 529.448 529.8958 530.4344 531.1457 531.8167 531.8179 531.3356 531.046 531.2139 531.6542 531.9806 532.0354 532.0834 532.0225 531.3846 529.7709 527.2227 524.8796 523.5128 522.717 522.1712 521.8226 521.6542
532.1506 532.5886 532.7867 533.1406 533.4305 533.5559 533.4234 532.6274 531.9512 531.5261 531.3612 531.3459 531.4215 531.5927 531.8181 532.1412 532.8014 533.3627 532.8433 532.2745 532.0376 532.376 533.6721 533.168 532.1588 531.9991 532.0323 531.7422 530.5317 529.4636 528.8006 528.4058 528.2689 528.2156 528.185 528.1598 528.0917 527.9905 527.9477 527.9769 528.1315 528.3525 528.7045 528.819 528.9772 529.5641 530.1805 530.4689 530.9986 531.5531 531.8802 531.6398 530.7951 530.4099 530.5833 531.1583 531.6993 531.8557 531.8448 531.723 531.0634 529.4559 527.0163 524.7916 523.4812 522.7136 522.21 521.9694 521.9641
533.1384 533.9861 534.6031 534.7787 535.1381 535.5037 535.2441 534.146 532.8522 531.9607 531.4225 531.2057 531.2145 531.3719 531.6527 532.0369 532.5431 532.8783 532.6478 532.2559 532.0574 532.2867 532.9451 532.9128 532.3326 532.1289 532.0837 531.806 530.8062 529.8823 529.2137 528.8443 528.8036 528.8162 528.8676 528.9653 528.9835 528.9334 528.8277 528.7896 528.8199 528.9559 529.359 529.5533 529.7672 530.2887 530.7655 531.1071 531.5199 531.8746 531.9852 531.6785 530.4686 530.1711 530.3317 530.9162 531.5845 531.8796 531.7304 531.364 530.5104 528.6982 526.488 524.5568 523.39 522.7161 522.272 522.1549 522.3215
534.488 535.5829 536.3124 536.7164 537.1945 537.3853 536.962 535.8563 534.2665 532.6772 531.7145 531.2294 531.1259 531.1953 531.4791 531.8875 532.2961 532.528 532.4305 532.1607 531.9468 531.947 532.1111 532.2668 532.1378 532.0804 532.0781 531.9633 531.4926 530.4052 529.6583 529.2977 529.2662 529.4079 529.7115 530.1019 530.2024 530.099 529.7541 529.6027 529.6161 529.8154 530.2252 530.3655 530.4852 530.8954 531.2739 531.5857 531.872 532.005 531.9999 531.7228 531.0663 530.6973 530.6604 531.0168 531.5925 531.9424 531.6526 530.9119 529.6177 527.6395 525.7021 524.2041 523.2549 522.7256 522.4393 522.401 522.778
535.8138 536.9111 537.7449 538.1275 538.349 538.1622 537.4949 536.9022 535.6788 533.6927 532.1705 531.3402 531.031 531.0401 531.3201 531.7261 532.103 532.2948 532.2461 532.0406 531.82 531.7022 531.7227 531.8348 531.8938 531.9604 531.9932 531.9736 531.7318 530.7599 530.0675 529.7535 529.7343 529.9174 530.3328 530.7565 530.9177 530.7625 530.4238 530.3471 530.4255 530.6641 531.0638 531.2323 531.3249 531.5099 531.6941 531.8785 531.9998 532 532.009 531.9473 531.873 531.533 531.3419 531.4364 531.7056 531.8171 531.4033 530.2955 528.5013 526.5098 524.817 523.7592 523.1208 522.8088 522.724 522.8353 523.4398
536.7727 537.8506 538.7238 539.1821 539.2574 538.9791 538.5731 537.9509 536.753 534.5518 532.5219 531.4608 531.0234 530.9855 531.2341 531.6169 531.9653 532.1414 532.1188 531.9524 531.7339 531.5653 531.5259 531.6238 531.7942 531.9906 532.0394 532.0007 531.8635 531.4672 530.6748 530.3739 530.3265 530.4369 530.8693 531.3509 531.559 531.3803 531.1125 531.1061 531.3668 531.736 531.8953 531.9431 531.9484 531.9547 531.9409 531.9999 532.0272 532 531.986 532.0036 532.1791 532.1685 532.0498 531.9705 531.9225 531.6526 530.7637 529.2569 527.4756 525.7682 524.3818 523.561 523.1411 523.0439 523.1981 523.5656 524.2426
