backend/lakes/data/Moose Lake/moos_dem_tm.asc
ncols         277
nrows         246
xllcorner     759100
yllcorner     6009850
cellsize      50
NODATA_value  -9999
[rows 150 to 179 of 246, columns 69 to 137 of 277]
537.3814 538.3855 539.4093 539.959 540.0355 539.9365 539.4791 538.5745 537.1299 534.8109 532.7105 531.5925 531.0947 531.0206 531.2269 531.577 531.899 532.0474 532.0409 531.916 531.7158 531.5395 531.4993 531.6517 531.9738 532.3898 532.8312 532.5421 532.2819 532.0009 531.6527 531.3431 531.1937 531.2804 531.5412 531.9524 532.2642 532.0094 531.684 531.6437 531.8983 532.0009 532.0014 532.0804 532.0916 532.0513 532 532 532 531.9999 532.0003 532.1605 532.4127 532.5936 532.6019 532.4293 532.0936 531.4415 529.9701 528.3091 526.6502 525.2827 524.2449 523.578 523.297 523.3702 523.7257 524.2452 524.9182
538.0269 538.9825 539.892 540.2979 540.3898 540.2941 539.7569 538.496 536.8015 534.5328 532.7864 531.7355 531.22 531.1242 531.3047 531.6189 531.9093 532.0001 532.0055 531.9366 531.7756 531.6278 531.6593 531.9753 532.5964 533.7464 534.5504 534.236 533.7431 533.0625 532.7776 532.5292 532.3166 532.4246 532.5225 532.8281 532.9908 532.8076 532.3239 532.0468 532.0184 532.0649 532.0507 532.066 532.0563 532.0002 531.9563 531.923 531.8983 531.9064 531.9854 532.2297 532.5673 532.8057 532.8854 532.636 532.0227 530.9163 529.22 527.5485 526.0564 524.9913 524.2256 523.6762 523.4897 523.6791 524.1809 524.7502 525.3401
538.5269 539.162 539.7064 539.9912 540.0372 539.8766 539.0459 537.6093 535.8163 533.9064 532.6296 531.7984 531.3553 531.2555 531.4163 531.7141 531.9963 532 532 531.9997 531.8931 531.7976 531.9883 532.6358 533.7815 535.3061 536.182 536.1157 535.6068 534.8561 534.3353 533.9244 533.7693 533.8837 534.2965 534.927 535.1121 534.5724 533.7741 533.0198 532.5498 532.2842 532.1138 532.0305 531.9999 531.9529 531.8987 531.8394 531.7943 531.8025 531.9179 532.1879 532.5732 532.8653 532.9111 532.6107 531.7949 530.3425 528.6299 527.1202 525.8277 524.8912 524.2344 523.7773 523.6655 523.91 524.4142 525.1599 525.7537
538.7522 538.8893 538.9908 539.0829 539.0928 538.8014 537.7869 536.2385 534.7428 533.4735 532.5068 531.854 531.5065 531.4273 531.5324 531.7562 531.9495 531.9999 532.0156 532 531.9996 531.9497 532.343 533.3846 535.1186 536.7065 537.6668 537.7056 537.0972 536.2684 535.6237 534.9979 534.782 535.0164 535.7264 536.6362 537.0302 536.3181 535.1899 534.001 533.1459 532.5632 532.1929 532.0004 531.9569 531.9257 531.8691 531.7946 531.7386 531.7469 531.8654 532.1255 532.4769 532.781 532.8012 532.3887 531.4273 529.7072 527.9401 526.7067 525.7299 524.9032 524.2779 523.931 523.9304 524.3276 525.0106 525.7057 526.1387
538.6531 538.1235 537.6874 537.5977 537.6827 537.4722 536.3292 534.8106 534.0953 533.2241 532.4084 531.913 531.7259 531.7095 531.7234 531.8389 531.9174 531.9434 531.999 531.9991 531.9984 532.0016 532.6464 534.1202 536.1198 537.6865 538.4318 538.431 537.8743 536.9238 536.0354 535.4573 535.276 535.5389 536.3027 537.6092 538.0602 537.6064 536.309 534.7426 533.6145 532.776 532.2484 532.0005 531.9583 531.9432 531.8882 531.8074 531.7496 531.7634 531.8766 532.097 532.3846 532.6105 532.5751 532.0525 530.9047 529.1694 527.5458 526.489 525.7324 525.0748 524.5651 524.2845 524.386 524.988 525.6702 526.1353 526.4389
538.1336 536.804 535.6505 535.5349 535.8959 535.9929 534.9301 533.4927 533.6924 533.0681 532.2734 531.9998 532.1495 532.2881 532.0712 531.9966 531.9254 531.8426 531.8353 531.8207 531.833 532.0557 533.0338 535.1224 537.077 538.2352 538.7108 538.5934 538.009 537.1133 536.1716 535.6805 535.5495 535.7789 536.511 537.8591 538.3918 538.101 537.018 535.3223 533.8638 532.8049 532.2064 532.0004 531.9922 531.9971 531.9456 531.8634 531.8119 531.8337 531.9386 532.1083 532.2984 532.4329 532.2968 531.6879 530.4462 528.8864 527.4063 526.4418 525.8005 525.3779 525.048 524.9408 525.173 525.6902 526.1064 526.4124 526.6289
537.0809 534.9852 533.4033 533.098 533.8987 534.8343 533.6263 532.4545 532.7094 532.6799 532.0249 532.232 533.1829 533.5655 532.7514 532.0366 531.995 531.915 532.0238 532.1431 532.2612 532.7119 533.9389 536.0969 537.6235 538.442 538.6868 538.4968 -9999 -9999 536.6454 536.1344 536.0139 536.1647 -9999 537.9457 538.3006 537.9352 536.5487 534.7947 533.4388 532.483 532.0116 532 532.0473 532.0609 532.0055 531.9242 531.8838 531.912 531.9997 532.1031 532.1665 532.1997 531.9424 531.1572 530.0662 528.7613 527.4006 526.5304 526.02 525.7592 525.5189 525.5002 525.75 526.0493 526.3201 526.54 526.7147
535.7334 533.9232 532.9504 533.7994 535.5941 534.1633 532.7344 532.0748 532.1068 532.1323 532.0234 532.7573 533.8779 533.4908 532.8318 532.0738 532.1854 532.4163 533.0161 533.5856 533.8442 534.1217 535.4666 537.164 538.0623 538.4741 538.5045 538.2865 -9999 -9999 -9999 -9999 -9999 -9999 -9999 537.9385 538.0253 537.598 536.0663 534.2496 532.8521 532.0259 531.8278 531.9996 532.1051 532.1052 532.0231 531.9407 531.9194 531.9448 532.0008 532.0237 531.8971 531.8416 531.5114 530.5918 529.7097 528.6845 527.4221 526.6281 526.1709 525.9308 525.78 525.7809 525.9531 526.1641 526.3696 526.556 526.724
534.7739 533.3571 532.8163 533.5588 534.4901 533.668 532.673 532.1262 531.9656 531.9358 532.016 532.5962 533.3041 532.5444 532.467 532.5333 533.0981 533.8725 534.7271 535.6171 536.0717 536.2073 536.8815 537.8282 538.2 538.338 538.2285 -9999 -9999 -9999 -9999 -9999 -9999 -9999 537.6647 537.9072 537.8645 536.9825 535.4041 533.5828 532.1759 531.5103 531.5801 531.99 532.1497 532.1127 531.9734 531.8804 531.8798 531.8797 531.8799 531.8423 531.4963 531.1144 530.5758 529.9642 529.3156 528.547 527.4144 526.7017 526.2784 526.0447 525.9242 525.9174 526.0177 526.1658 526.3357 526.5155 526.6975
533.96 532.9645 532.6796 533.1218 533.4924 533.0526 532.5312 532.1893 532.0168 531.9481 531.9998 532.0262 532.1483 532.1027 532.5619 533.3387 534.4725 535.645 536.7251 537.683 538.0995 537.943 537.7883 537.9388 538.0078 538.1221 538.0018 -9999 -9999 -9999 -9999 -9999 -9999 -9999 537.4902 537.4854 537.182 536.1328 534.4376 532.6854 531.5948 531.0237 531.2491 531.7906 532.1016 532.0758 531.8825 531.7983 531.7434 531.6593 531.5256 531.3035 530.8938 530.3877 529.8642 529.3564 528.8213 528.1615 527.3351 526.7518 526.3719 526.1462 526.0273 525.9965 526.0419 526.1399 526.284 526.4716 526.689
533.2985 532.6509 532.5413 532.7617 532.8902 532.6209 532.2428 532.1093 532.0299 531.9749 532 531.9999 531.9692 532.2502 533.2379 534.6144 535.9634 537.0891 538.1943 539.2183 539.6392 539.062 538.1321 537.7958 537.7927 537.9874 -9999 -9999 -9999 -9999 -9999 -9999 -9999 -9999 536.8723 536.8142 536.4751 535.4577 533.7869 532.2383 531.498 531.1489 531.0024 530.9924 531.8741 532.0178 531.8805 531.7534 531.6099 531.4097 531.1305 530.765 530.3411 529.8147 529.2792 528.8251 528.3737 527.863 527.2969 526.8176 526.4788 526.2659 526.1437 526.0874 526.088 526.1414 526.2606 526.4607 526.7379
532.7302 532.4142 532.4225 532.5332 532.5511 532.3535 532.0916 531.9304 531.9076 531.92 531.9605 531.9996 532.3567 533.276 534.63 536.1052 537.1998 537.6139 538.842 539.8932 540.0864 539.3975 538.0615 537.3229 537.3281 537.6718 537.9211 -9999 -9999 -9999 -9999 -9999 -9999 -9999 536.0496 536.0292 535.7327 534.6225 533.0566 531.8839 531.656 531.6503 531.3595 530.2352 531.5947 531.9385 531.8798 531.7426 531.5371 531.2445 530.8531 530.3777 529.9722 529.4467 528.8655 528.4448 528.0652 527.6814 527.2886 526.9001 526.6085 526.4238 526.3094 526.2354 526.2022 526.2111 526.2943 526.4922 526.8265
532.5387 532.3585 532.3252 532.3761 532.369 532.2211 532.0271 531.8824 531.8068 531.8314 531.9917 532.1789 533.3253 534.5648 535.9094 537.278 537.9081 538.477 539.1051 539.6359 539.4879 538.3724 537.1086 536.3583 536.7126 537.5209 538.2531 539.0932 -9999 -9999 -9999 -9999 -9999 -9999 535.4547 535.3379 534.9067 533.8445 532.2839 531.1855 531.6974 531.9606 531.5965 531.5581 531.9783 532.0171 531.8817 531.7775 531.5616 531.2422 530.8343 530.3693 529.9767 529.43 528.8117 528.3298 527.9606 527.6381 527.3087 527.0228 526.7801 526.6399 526.5499 526.467 526.4202 526.3909 526.4246 526.5884 526.9172
532.6709 532.4808 532.3411 532.2771 532.2352 532.1244 531.9914 531.8613 531.7335 531.684 531.8429 532.257 533.6112 535.0332 536.0999 537.1563 537.9098 538.4401 538.7533 538.697 537.9868 536.7602 535.7371 535.3908 536.1403 537.596 538.933 539.9286 -9999 -9999 -9999 -9999 -9999 535.1703 534.9875 534.7806 534.2716 533.314 532.0134 531.0538 531.6448 531.2066 531.1259 531.8779 532.0009 532.0217 531.952 531.8779 531.67 531.3801 531.0355 530.672 530.3109 529.7144 528.9584 528.4506 528.0881 527.8345 527.5854 527.296 527.0269 526.9327 526.8789 526.785 526.7715 526.7332 526.734 526.8903 527.3036
532.7737 532.5533 532.3835 532.2644 532.1558 532.0454 531.9434 531.8336 531.6709 531.5471 531.6887 532.1296 533.001 533.9746 535.05 536.0491 536.8585 537.4935 537.7327 537.3312 536.1909 534.8425 533.9999 534.0975 535.3911 537.3879 539.3694 540.4121 540.5917 -9999 -9999 -9999 -9999 534.8302 534.5936 534.274 533.6263 532.5448 531.9767 531.4052 530.6822 530.2797 531.4318 531.9475 532.0001 532 531.959 531.8806 531.7687 531.5555 531.293 531.0164 530.7126 530.2639 529.5623 528.8936 528.4519 528.2532 528.0679 527.6982 527.3317 527.2888 527.274 527.1454 527.2572 527.2761 527.3138 527.5161 528.0998
532.894 532.6771 532.4836 532.3202 532.1626 532.0023 531.9016 531.8051 531.6202 531.4406 531.5121 531.8146 532.1781 532.5312 533.3341 534.4865 535.1064 535.6046 536.1064 535.5507 534.4414 533.2631 532.4459 532.7907 534.5463 537.0297 539.3756 540.5233 540.6398 -9999 -9999 -9999 535.1008 534.4985 534.1882 533.7141 532.8669 532.1097 531.7609 530.6134 530.0209 530.683 531.7686 532.0128 532 532 531.9781 531.9364 531.8787 531.7155 531.517 531.308 531.0702 530.7347 530.2435 529.5724 528.9807 528.8268 528.7184 528.253 527.8087 527.6361 527.5715 527.4991 527.7699 527.9878 528.2942 528.7348 529.3815
533.064 532.8593 532.6578 532.4513 532.246 532.03 531.8824 531.7895 531.6027 531.3891 531.392 531.6509 531.8446 532.106 532.8398 533.7809 533.2848 533.4578 534.0621 533.8389 533.2416 532.3839 531.8433 532.2786 533.9109 536.5688 539.094 540.3486 540.4161 -9999 -9999 -9999 534.7867 534.0621 533.6433 532.8649 532.1671 531.9996 531.925 531.1875 530.9633 531.6309 532.007 532.0001 531.993 532 531.9855 531.9471 531.8804 531.8036 531.6689 531.5122 531.3315 531.0848 530.7317 530.2709 529.7356 529.4084 529.1659 528.7842 528.3563 528.2327 528.3304 528.5898 528.8216 529.0864 529.633 530.2444 530.9719
533.2372 533.0796 532.8715 532.6307 532.38 532.1235 531.9208 531.8097 531.6375 531.4008 531.3226 531.5709 531.7493 531.9064 532.438 533.159 532.8748 532.8546 533.2588 533.5663 532.8224 532.0134 531.597 532.0157 533.4358 535.9995 538.5883 540.0308 540.0034 -9999 -9999 535.7135 534.3747 533.6111 532.808 532.1382 531.9987 532 531.9514 531.6636 531.63 531.9864 532.1097 532.0562 532.0001 532 531.9933 531.968 531.926 531.8796 531.7659 531.6396 531.4976 531.3116 531.0499 530.7056 530.3113 529.9242 529.67 529.3972 529.1243 529.2371 529.5293 530.0211 530.3013 530.6329 531.3102 531.8854 532.5422
533.35 533.2662 533.0828 532.8224 532.5375 532.2499 532.004 531.87 531.725 531.4713 531.2997 531.4229 531.6296 531.6846 531.9254 532.353 532.4418 532.4001 532.501 532.6227 532.2227 531.6717 531.4047 531.8281 532.9778 535.4629 538.1403 539.8563 539.8091 538.3439 536.6414 535.2983 534.2115 533.4238 532.2884 531.9778 531.9999 532 532.0072 531.9153 531.9012 532.0007 532.0747 532.0524 532.0149 532.0049 532.0017 531.9808 531.9379 531.8801 531.804 531.7086 531.5981 531.4549 531.2567 530.9933 530.6838 530.3926 530.3496 530.4007 530.5786 531.1028 531.5153 531.8813 532.0917 532.4219 533.103 533.653 534.2054
533.4208 533.3718 533.228 532.9845 532.6932 532.399 532.1251 531.9589 531.8451 531.6089 531.3612 531.2333 531.3925 531.4392 531.5376 531.806 532.021 531.9916 531.9399 531.9429 531.7609 531.4126 531.2048 531.5291 532.6738 535.1309 537.7972 539.5413 539.3942 538.0613 536.3359 534.9118 533.8507 532.9272 532.0734 531.9984 531.977 532 532.0443 532.0278 532 531.9994 532.0144 532.0078 531.9993 532 532.0093 531.9922 531.9446 531.8801 531.8339 531.7598 531.6707 531.5631 531.4228 531.2495 531.0775 530.9968 531.1674 531.5948 532.2108 533.1117 533.6802 533.942 534.0735 534.3955 535.1475 535.714 536.044
533.4274 533.4315 533.3153 533.098 532.8281 532.554 532.2849 532.0782 531.9686 531.7949 531.491 531.2581 531.1295 531.2147 531.3622 531.5909 531.8148 531.8949 531.8376 531.8047 531.7324 531.5051 531.3104 531.5273 532.621 534.9496 537.3444 538.7509 538.7527 537.7011 536.0402 534.4229 533.3115 532.4951 531.9857 531.85 531.8477 531.912 531.9987 531.9993 531.9448 531.9077 531.9036 531.9221 531.9597 532 532.0223 532.008 531.9644 531.9138 531.8798 531.8112 531.7394 531.6614 531.5726 531.4811 531.4291 531.4987 531.8016 532.4089 533.5425 534.6685 535.4749 535.7546 535.8483 536.1198 536.8049 537.4974 537.7988
533.3818 533.4391 533.3662 533.184 532.9476 532.7129 532.4807 532.248 532.0953 531.9596 531.7091 531.3914 531.1859 531.1695 531.3744 531.7296 532.1924 532.5063 532.5699 532.5565 532.4815 532.2446 531.9675 531.9907 532.9893 535.0195 536.8793 537.9503 537.9528 537.0347 535.5792 533.959 532.7679 532.0359 531.6992 531.6072 531.6303 531.7025 531.7734 531.7826 531.7457 531.7172 531.7292 531.7892 531.8899 531.9996 532.0278 532.012 531.9664 531.9162 531.88 531.8452 531.803 531.7562 531.7054 531.6707 531.6996 531.8524 532.2245 533.2428 534.5446 535.8553 536.7044 537.0027 537.1088 537.3988 538.0482 538.7518 539.1464
533.3069 533.4159 533.3857 533.2452 533.0525 532.8688 532.6974 532.4788 532.2582 532.0889 531.9003 531.6409 531.4412 531.489 531.87 532.5063 533.4221 534.1589 534.6774 534.7806 534.5717 533.9996 533.3242 533.0194 534.0488 535.5209 536.6007 537.1582 536.9909 536.1001 534.7302 533.2334 532.1989 531.6767 531.4324 531.3657 531.3943 531.4554 531.5038 531.5084 531.4814 531.4672 531.5048 531.608 531.7624 531.9171 531.9928 531.9912 531.943 531.893 531.8737 531.88 531.8647 531.8438 531.8157 531.8058 531.8774 532.0394 532.9008 534.2331 535.7024 536.9476 537.7803 538.0222 538.1141 538.4187 539.106 539.819 540.215
533.238 533.3807 533.3843 533.2832 533.1403 533.0119 532.9056 532.7455 532.4874 532.2238 532.0172 531.8506 531.7819 532.0253 532.7891 534.0929 535.5724 536.6729 537.2609 537.3805 537.0977 536.261 535.3478 534.7463 535.3582 535.8973 536.2558 536.3185 535.9407 534.9541 533.6318 532.4231 531.9075 531.4758 531.2485 531.1755 531.1919 531.2386 531.2684 531.2587 531.2267 531.2169 531.2751 531.4205 531.635 531.8494 531.9685 531.9727 531.9052 531.8408 531.8344 531.8801 531.9113 531.917 531.8955 531.8802 531.9948 532.1985 533.5665 535.2626 536.7583 537.9414 538.6992 539.029 539.2545 -9999 -9999 -9999 -9999
533.2075 533.3589 533.3783 533.3048 533.2061 533.1385 533.0895 532.9941 532.7506 532.4144 532.1079 531.944 532.0057 532.4562 533.5165 535.6234 537.5955 538.8421 539.1885 539.2593 539.129 538.2417 537.1062 536.232 536.0665 535.9452 535.7056 535.3316 534.7456 533.4268 532.4248 531.8318 531.5348 531.2793 531.1103 531.0435 531.0566 531.1016 531.1283 531.1082 531.0607 531.0398 531.105 531.2879 531.5701 531.8553 531.9993 531.9993 531.8906 531.7789 531.7689 531.8786 531.9377 531.9656 531.934 531.879 531.9839 532.321 533.9968 536.0155 537.7302 538.9459 539.7358 -9999 -9999 -9999 -9999 -9999 -9999
533.1741 533.3232 533.3513 533.2992 533.2402 533.2301 533.2502 533.1899 532.9885 532.6136 532.2261 531.9851 532.0901 532.7632 534.2421 536.6977 538.8051 539.8273 540.0219 540.0193 540.0807 539.5605 538.3012 537.229 536.4033 535.7075 534.943 534.1744 533.4148 532.6001 531.9716 531.6027 531.3826 531.1923 531.0492 530.9867 531.0123 531.0887 531.15 531.1403 531.0809 531.038 531.0901 531.2927 531.6371 531.9767 532.0627 532.1196 531.9868 531.7666 531.6633 531.735 531.8785 531.9501 531.8707 531.6655 531.7933 532.5317 534.5914 536.9473 538.8306 540.165 -9999 -9999 -9999 -9999 -9999 -9999 -9999
533.1423 533.2813 533.3097 533.2701 533.2401 533.2758 533.3556 533.3537 533.1454 532.7684 532.3091 531.9722 531.9978 532.6542 534.1797 536.6675 538.6893 539.8453 540.0681 540.0155 540.1963 539.8489 538.6923 537.4824 536.1495 535.0864 534.0552 533.239 532.6112 532.1354 531.8163 531.5909 531.3981 531.2083 531.0584 531.001 531.0667 531.2297 531.4024 531.4591 531.4181 531.3586 531.3803 531.576 531.9633 532.2422 532.5515 533.0866 532.4454 532.0113 531.718 531.6687 531.7671 531.8777 531.6425 531.5294 531.9236 533.1511 535.5347 538.1668 540.3527 541.9332 542.9905 -9999 -9999 -9999 -9999 -9999 -9999
533.109 533.233 533.2589 533.2227 533.2115 533.2755 533.394 533.4314 533.2535 532.8379 532.3239 531.8844 531.7605 532.2209 533.4814 535.9022 537.9008 539.0653 539.5133 539.6223 539.691 539.1699 538.072 536.6653 535.0426 533.6706 532.9699 532.3463 531.934 531.7664 531.7654 531.6732 531.4904 531.2769 531.1078 531.0604 531.1967 531.5178 531.9366 532.1871 532.2524 532.2188 532.2161 532.4054 532.9592 533.5518 533.9456 534.14 533.5977 532.8539 532.2674 532.0305 531.9323 531.8525 531.7412 531.9264 532.7653 534.6371 537.3174 540.1194 542.4499 544.0132 -9999 -9999 -9999 -9999 -9999 -9999 -9999
533.0706 533.1777 533.1985 533.1644 533.1597 533.2413 533.375 533.428 533.2618 532.8531 532.2903 531.7739 531.5443 531.8723 533.0042 535.3268 537.1224 538.1658 538.6703 538.7216 538.4511 538.0359 537.0666 535.6045 533.7292 532.9818 532.3225 531.6968 531.3562 531.4042 531.774 531.7947 531.6002 531.3578 531.1758 531.1455 531.3538 531.8577 532.6875 533.4812 533.8407 533.9074 533.932 534.1177 534.6104 535.2468 535.6887 535.6666 535.0204 534.2888 533.7736 533.3763 533.0824 532.8677 532.8943 533.4025 534.7435 537.0428 539.8695 542.6563 544.8454 546.0671 -9999 -9999 -9999 -9999 -9999 -9999 -9999
533.0126 533.1045 533.1224 533.0898 533.0887 533.1754 533.3148 533.3622 533.1952 532.7908 532.2301 531.6901 531.4291 531.7316 532.8467 535.0998 536.6914 537.6229 538.023 538.0121 537.6938 537.1499 536.1945 534.8403 532.9417 532.3583 531.8048 531.3042 530.9769 531.1166 531.9083 531.9451 531.7086 531.453 531.2865 531.2902 531.5314 532.0536 532.9794 534.3739 535.335 535.7104 535.9484 536.2803 536.8419 537.3457 537.6729 537.5346 536.8962 536.4103 536.1321 535.9298 535.7563 535.6255 535.777 536.4294 537.8988 540.1905 542.895 545.4506 547.2825 548.0648 -9999 -9999 -9999 -9999 -9999 -9999 -9999
