backend/lakes/data/Moose Lake/moos_dem_tm.asc
ncols         277
nrows         246
xllcorner     759100
yllcorner     6009850
cellsize      50
NODATA_value  -9999
[rows 60 to 89 of 246, columns 69 to 137 of 277]
-9999 -9999 -9999 -9999 -9999 -9999 -9999 -9999 -9999 -9999 545.7756 542.9039 539.3878 536.1226 533.7042 532.1989 531.7924 532.1559 533.8149 536.2048 539.0411 542.0323 544.8273 -9999 -9999 -9999 -9999 -9999 -9999 -9999 -9999 -9999 -9999 -9999 -9999 -9999 -9999 -9999 -9999 -9999 -9999 -9999 -9999 -9999 -9999 -9999 -9999 -9999 -9999 -9999 -9999 -9999 -9999 -9999 -9999 -9999 -9999 -9999 -9999 -9999 -9999 548.4445 548.4218 547.9558 546.8475 544.9658 542.6199 539.8665 537.5073
-9999 -9999 -9999 -9999 -9999 -9999 -9999 -9999 -9999 -9999 546.54 543.4792 539.679 536.1046 533.4103 532.0784 531.9919 532.1655 533.6357 535.8222 538.2943 540.8425 543.3985 -9999 -9999 -9999 -9999 -9999 -9999 -9999 -9999 -9999 -9999 -9999 -9999 -9999 -9999 -9999 -9999 -9999 -9999 -9999 -9999 -9999 -9999 -9999 -9999 -9999 -9999 -9999 -9999 -9999 -9999 -9999 -9999 -9999 -9999 -9999 -9999 -9999 549.4281 549.0387 548.2936 546.9595 544.8552 542.3825 539.902 537.7724 535.9526
-9999 -9999 -9999 -9999 -9999 -9999 -9999 -9999 -9999 -9999 547.3375 544.1475 540.116 536.2288 533.2792 531.8857 531.6028 531.9135 533.1756 535.2502 537.4014 539.3754 541.6276 543.8723 -9999 -9999 -9999 -9999 -9999 -9999 -9999 -9999 -9999 -9999 -9999 -9999 -9999 -9999 -9999 -9999 -9999 -9999 -9999 -9999 -9999 -9999 -9999 -9999 -9999 -9999 -9999 -9999 -9999 -9999 -9999 -9999 -9999 -9999 -9999 549.8984 549.7365 549.1511 547.6959 545.363 542.4661 539.5748 537.5688 535.9871 534.629
-9999 -9999 -9999 -9999 -9999 -9999 -9999 -9999 -9999 -9999 547.9514 544.8953 540.7819 536.7111 533.5383 531.8641 531.2994 531.4862 532.4574 534.2914 536.1605 538.0063 540.0933 542.3857 -9999 -9999 -9999 -9999 -9999 -9999 -9999 -9999 -9999 -9999 -9999 -9999 -9999 -9999 -9999 -9999 -9999 -9999 -9999 -9999 -9999 -9999 -9999 -9999 -9999 -9999 -9999 -9999 -9999 -9999 -9999 -9999 -9999 -9999 -9999 549.3235 548.6143 548.544 546.5759 543.5297 540.1652 537.6213 535.868 534.5526 533.5236
-9999 -9999 -9999 -9999 -9999 -9999 -9999 -9999 -9999 -9999 548.4037 545.5024 541.4713 537.3259 533.9422 532.0276 531.2161 531.1604 531.7626 533.0278 534.915 536.8112 538.9797 541.6006 544.384 -9999 -9999 -9999 -9999 -9999 -9999 -9999 -9999 -9999 -9999 -9999 -9999 -9999 -9999 -9999 -9999 -9999 -9999 -9999 -9999 -9999 -9999 -9999 -9999 -9999 -9999 -9999 -9999 -9999 -9999 -9999 -9999 -9999 550.246 549.7457 548.9871 547.5212 544.9168 541.559 538.2485 536.1747 534.6781 533.5393 532.6125
-9999 -9999 -9999 -9999 -9999 -9999 -9999 -9999 -9999 -9999 548.585 545.8755 542.0155 537.8964 534.4107 532.3675 531.3954 531.1161 531.382 532.2563 533.8992 535.9785 538.478 541.5207 544.8262 -9999 -9999 -9999 -9999 -9999 -9999 -9999 -9999 -9999 -9999 -9999 -9999 -9999 -9999 -9999 -9999 -9999 -9999 -9999 -9999 -9999 -9999 -9999 -9999 -9999 -9999 -9999 -9999 -9999 -9999 -9999 -9999 -9999 550.2638 549.5246 548.0622 545.919 543.0314 539.84 537.3021 535.4508 534.019 532.8906 531.958
-9999 -9999 -9999 -9999 -9999 -9999 -9999 -9999 -9999 550.1207 548.7351 545.9528 542.2277 538.2537 534.8592 532.8095 531.7927 531.3904 531.407 531.9865 533.3206 535.5311 538.3506 541.7834 545.5123 548.9236 -9999 -9999 -9999 -9999 -9999 -9999 -9999 -9999 -9999 -9999 -9999 -9999 -9999 -9999 -9999 -9999 -9999 -9999 -9999 -9999 -9999 -9999 -9999 -9999 -9999 -9999 -9999 -9999 -9999 -9999 -9999 -9999 549.5004 548.2733 546.4816 544.1208 541.2641 538.7612 536.7995 535.1031 533.6658 532.4974 531.567
-9999 -9999 -9999 -9999 -9999 -9999 -9999 -9999 -9999 551.0111 549.0114 545.9158 542.1161 538.246 535.1135 533.2181 532.2753 531.8665 531.7373 532.0287 533.0129 535.2459 538.2955 541.9404 545.9102 549.6066 -9999 -9999 -9999 -9999 -9999 -9999 -9999 -9999 -9999 -9999 -9999 -9999 -9999 -9999 -9999 -9999 -9999 -9999 -9999 -9999 -9999 -9999 -9999 -9999 -9999 -9999 -9999 -9999 -9999 -9999 -9999 -9999 548.0302 546.6208 544.8059 542.4586 539.715 537.7457 536.3372 534.7821 533.3137 532.0614 531.038
-9999 -9999 -9999 -9999 -9999 -9999 -9999 -9999 -9999 551.7332 549.205 545.6808 541.6364 537.8005 535.2059 533.5625 532.7219 532.3951 532.2881 532.5004 533.297 535.1051 538.1652 541.8817 545.9612 549.8162 552.5087 -9999 -9999 -9999 -9999 -9999 -9999 -9999 -9999 -9999 -9999 -9999 -9999 -9999 -9999 -9999 -9999 -9999 -9999 -9999 -9999 -9999 -9999 -9999 -9999 -9999 -9999 -9999 -9999 -9999 -9999 -9999 546.5298 545.0641 543.2159 540.8279 538.1808 536.4584 535.2776 534.1389 532.8257 531.6887 530.5391
-9999 -9999 -9999 -9999 -9999 -9999 -9999 -9999 -9999 551.6465 548.9072 545.0466 540.799 537.035 535.1448 533.8627 533.059 532.7921 532.82 533.1361 533.7859 535.2175 538.0989 541.7211 545.7502 549.6362 552.5185 -9999 -9999 -9999 -9999 -9999 -9999 -9999 -9999 -9999 -9999 -9999 -9999 -9999 -9999 -9999 -9999 -9999 -9999 -9999 -9999 -9999 -9999 -9999 -9999 -9999 -9999 -9999 -9999 -9999 -9999 -9999 545.1736 543.618 541.6932 539.3101 536.7543 535.151 534.0917 533.17 532.1492 531.2549 530.248
-9999 -9999 -9999 -9999 -9999 -9999 -9999 -9999 -9999 551.4921 548.383 544.2618 539.9626 536.5114 535.2454 534.2457 533.3386 532.962 533.0782 533.6259 534.2526 535.5931 538.3436 541.7582 545.57 549.3085 552.2474 -9999 -9999 -9999 -9999 -9999 -9999 -9999 -9999 -9999 -9999 -9999 -9999 -9999 -9999 -9999 -9999 -9999 -9999 -9999 -9999 -9999 -9999 -9999 -9999 -9999 -9999 -9999 -9999 -9999 -9999 -9999 543.8738 542.2825 540.4417 538.1846 535.7507 534.1355 533.146 532.4393 531.7823 531.023 530.1683
-9999 -9999 -9999 -9999 -9999 -9999 -9999 -9999 -9999 550.9914 547.5183 543.2204 538.912 535.6903 535.2864 534.5193 533.5775 532.9469 532.8934 533.2654 533.9307 536.1349 538.9305 542.0536 545.5379 549.0591 551.963 -9999 -9999 -9999 -9999 -9999 -9999 -9999 -9999 -9999 -9999 -9999 -9999 -9999 -9999 -9999 -9999 -9999 -9999 -9999 -9999 -9999 -9999 -9999 -9999 -9999 -9999 -9999 -9999 -9999 -9999 -9999 542.5891 541.2634 539.7542 537.7556 535.5199 533.581 532.5399 531.9252 531.3775 530.7543 530.069
-9999 -9999 -9999 -9999 -9999 -9999 -9999 -9999 -9999 549.926 546.3384 542.0673 537.8655 534.8142 534.2439 534.1711 533.605 532.9662 532.8353 533.3417 534.5392 536.9379 539.5426 542.3439 545.4973 548.7396 -9999 -9999 -9999 -9999 -9999 -9999 -9999 -9999 -9999 -9999 -9999 -9999 -9999 -9999 -9999 -9999 -9999 -9999 -9999 -9999 -9999 -9999 -9999 -9999 -9999 -9999 -9999 -9999 -9999 -9999 -9999 -9999 541.358 540.32 539.1303 537.4364 535.4435 533.4254 532.2746 531.7586 531.1102 530.4213 529.7476
-9999 -9999 -9999 -9999 -9999 -9999 -9999 -9999 -9999 548.6054 544.9923 540.8848 536.8449 533.78 533.1365 533.4849 533.3094 532.9493 532.8759 533.512 535.0498 537.4973 539.9116 542.5065 545.3711 548.2314 -9999 -9999 -9999 -9999 -9999 -9999 -9999 -9999 -9999 -9999 -9999 -9999 -9999 -9999 -9999 -9999 -9999 -9999 -9999 -9999 -9999 -9999 -9999 -9999 -9999 -9999 -9999 -9999 -9999 -9999 -9999 -9999 -9999 539.0789 537.9595 536.7231 535.2502 533.4211 532.1125 531.543 530.9663 530.3193 529.6011
-9999 -9999 -9999 -9999 -9999 -9999 -9999 -9999 549.817 547.0869 543.6072 539.7609 536.0536 533.1129 532.2565 532.5422 532.7611 532.688 532.7172 533.3214 534.7952 537.1986 539.8123 542.4721 545.2321 547.7943 -9999 -9999 -9999 -9999 -9999 -9999 -9999 -9999 -9999 -9999 -9999 -9999 -9999 -9999 -9999 -9999 -9999 -9999 -9999 -9999 -9999 -9999 -9999 -9999 -9999 -9999 -9999 -9999 -9999 -9999 -9999 -9999 -9999 537.4271 536.5666 535.9476 535.0574 533.8139 532.535 531.8118 531.1196 530.3372 529.5668
-9999 -9999 -9999 -9999 -9999 -9999 -9999 -9999 548.0909 545.513 542.3223 538.7846 535.4623 532.8038 531.8965 532.0898 532.3782 532.2839 532.2993 532.7602 533.9774 536.5054 539.376 542.222 544.9708 547.2944 -9999 -9999 -9999 -9999 -9999 -9999 -9999 -9999 -9999 -9999 -9999 -9999 -9999 -9999 -9999 -9999 -9999 -9999 -9999 -9999 -9999 -9999 -9999 -9999 -9999 -9999 -9999 -9999 -9999 -9999 -9999 -9999 -9999 -9999 535.7569 535.6103 535.3243 534.6567 533.6442 532.5497 531.6393 530.5573 529.6541
-9999 -9999 -9999 -9999 -9999 -9999 -9999 548.2994 546.2228 543.7957 540.917 537.7736 534.8276 532.5848 531.9005 532.0537 532.0567 531.9022 531.8535 532.2179 533.3269 535.5217 538.5925 541.6614 544.4306 546.5313 -9999 -9999 -9999 -9999 -9999 -9999 -9999 -9999 -9999 -9999 -9999 -9999 -9999 -9999 -9999 -9999 -9999 -9999 -9999 -9999 -9999 -9999 -9999 -9999 -9999 -9999 -9999 -9999 -9999 -9999 -9999 -9999 -9999 -9999 535.6476 535.8542 536.1261 535.9274 535.0307 533.827 532.489 531.1646 529.946
-9999 -9999 -9999 -9999 551.1493 550.0182 548.3082 546.3435 544.2299 541.9169 539.3295 536.5619 533.9872 532.3 531.8948 531.9586 531.9094 531.7079 531.5803 531.7893 532.6311 534.3969 537.497 540.7353 543.5674 545.6556 546.8996 -9999 -9999 -9999 -9999 -9999 -9999 -9999 -9999 -9999 -9999 -9999 -9999 -9999 -9999 -9999 -9999 -9999 -9999 -9999 -9999 -9999 -9999 -9999 -9999 -9999 -9999 -9999 -9999 -9999 -9999 -9999 -9999 -9999 -9999 536.6483 537.4218 537.4266 536.491 535.2021 533.6555 531.9663 530.3614
-9999 -9999 550.0013 549.8745 549.3718 548.0009 546.1533 544.1308 542.0241 539.803 537.4473 535.0953 533.0271 532.0782 531.9183 531.9708 531.9434 531.7508 531.5662 531.6421 532.2042 533.5566 536.2891 539.4969 542.4381 544.6136 545.9645 -9999 -9999 -9999 -9999 -9999 -9999 549.4801 -9999 -9999 -9999 -9999 -9999 -9999 -9999 -9999 -9999 -9999 -9999 -9999 -9999 -9999 -9999 -9999 -9999 -9999 -9999 -9999 -9999 -9999 -9999 -9999 -9999 -9999 -9999 537.915 538.3192 538.3199 537.6583 536.3007 534.5175 532.5875 530.741
550.0555 549.2198 548.4904 547.8821 546.9427 545.3505 543.4432 541.4738 539.4764 537.3986 535.2681 533.3844 532.0233 531.6556 531.7186 531.8661 531.9703 531.8772 531.7437 531.8016 532.1779 533.1484 535.085 538.1797 541.2043 543.5278 545.0065 -9999 -9999 546.6608 547.5831 548.2632 548.6581 548.5577 548.3384 548.8788 549.5744 549.978 550.0531 549.5684 -9999 -9999 -9999 -9999 -9999 -9999 -9999 -9999 -9999 -9999 -9999 -9999 -9999 -9999 -9999 -9999 -9999 -9999 -9999 -9999 -9999 538.3192 538.6189 538.5808 537.9929 536.7964 534.78 532.6829 530.8733
548.8502 547.7285 546.5085 545.2773 543.8323 541.9585 540.0446 538.2582 536.542 534.7696 532.9501 531.6073 530.6793 530.4736 530.6549 531.2213 531.8014 531.9591 531.9762 532.1353 532.4225 533.0448 534.3664 537.0034 539.9235 542.3409 543.9885 544.9186 545.2976 545.538 546.0132 546.565 547.2378 547.4285 547.2977 547.3304 547.6371 547.8235 547.8565 547.5978 546.9183 546.2219 545.9021 545.7165 545.2631 -9999 -9999 -9999 -9999 -9999 -9999 -9999 -9999 -9999 -9999 -9999 -9999 -9999 -9999 -9999 537.7888 537.8713 538.3027 538.2096 537.4863 536.0631 534.0612 532.5227 531.0311
546.9246 545.4374 543.7366 541.91 540.0359 537.9893 536.1939 534.6896 533.4565 532.3066 531.311 530.3876 529.8077 529.6837 529.903 530.4561 531.2056 531.793 532.0335 532.2969 532.7279 533.1344 533.7938 535.8391 538.6036 541.1834 542.9852 544.0219 544.382 544.2487 544.2289 544.4715 544.9882 545.1968 544.9874 544.6426 544.7963 544.8272 544.9118 544.9822 544.7468 544.2938 544.0951 543.9637 543.553 542.6174 541.8524 541.2908 540.8864 -9999 -9999 -9999 -9999 -9999 -9999 -9999 -9999 -9999 -9999 -9999 536.5338 536.6602 537.6328 537.4597 536.5385 534.739 533.5772 532.5195 531.4442
544.0847 542.2842 540.1315 538.0563 536.0176 534.1869 532.7994 531.7256 530.9995 530.4838 529.9896 529.4774 529.2063 529.1584 529.3183 529.7932 530.4601 531.1831 531.7834 532.2079 532.751 533.4581 534.1715 534.9731 537.4224 540.042 541.9727 543.069 543.373 542.7858 542.1207 541.8091 541.8777 542.0357 541.9713 541.6642 541.3909 541.1832 541.3027 541.6501 541.8057 541.7712 541.8514 541.9193 541.7452 541.2174 540.7432 540.3239 540.2675 539.6243 -9999 -9999 -9999 -9999 -9999 -9999 -9999 -9999 -9999 -9999 536.0396 536.3594 537.0111 536.7086 535.5367 534.2689 533.3414 532.5179 531.6265
540.4442 538.429 536.3463 534.365 532.6396 531.3586 530.5439 529.9871 529.6007 529.3969 529.1835 528.8693 528.8159 528.8143 528.8541 529.238 529.803 530.4543 531.1796 531.8698 532.3948 532.8901 533.3717 534.1262 536.5327 539.1127 540.9183 541.784 541.6796 540.7134 539.4465 538.5179 538.0637 538.0958 538.0851 537.8609 537.5265 537.2911 537.4776 538.002 538.4455 538.8072 539.2449 539.6254 539.7859 539.7305 539.6858 539.6036 539.6302 538.9735 538.1058 -9999 -9999 -9999 -9999 -9999 -9999 -9999 -9999 535.9795 536.2112 536.8364 537.6448 536.7927 535.3267 534.1987 533.3322 532.5519 531.7021
536.5867 534.7217 533.0447 531.6899 530.5055 529.7491 529.3717 529.1262 528.8618 528.8127 528.7781 528.5464 528.4613 528.456 528.5325 528.8256 529.2589 529.8284 530.5419 531.5127 532.0873 532.426 532.7362 533.4641 535.7693 538.1812 539.7601 540.1501 539.5199 538.0328 536.3887 535.0495 534.4791 534.5427 534.6082 534.5079 534.3097 534.1722 534.2699 534.8283 535.4206 536.0048 536.5901 537.204 537.7039 538.0883 538.1625 538.3701 538.4147 538.0187 537.5647 537.5007 -9999 -9999 -9999 -9999 -9999 -9999 536.0641 536.3604 537.1752 538.24 538.3369 537.1101 535.4976 534.3831 533.515 532.7302 531.921
533.5154 531.9946 530.9116 530.2087 529.2249 528.8306 528.7818 528.7373 528.4312 528.3052 528.2585 528.169 528.1263 528.1425 528.2369 528.4678 528.8195 529.2695 529.9103 530.8062 531.8466 532.3063 532.6051 533.3398 535.0893 537.3768 538.6089 538.5437 537.3197 535.329 533.6401 532.489 531.9829 531.9399 531.986 531.9789 531.9702 532.1052 532.4652 533.0253 533.7625 534.5236 534.8043 534.9891 535.3497 535.8779 536.3055 536.8679 537.0723 536.8752 536.7794 536.9764 537.4706 -9999 -9999 -9999 -9999 536.2034 536.5729 537.7903 538.8787 539.8378 538.9269 537.2768 535.7429 534.6495 533.8195 533.1013 532.4354
530.764 529.9508 529.2474 528.8563 528.3722 528.1742 528.1661 528.1099 527.8768 527.7762 527.7587 527.7953 527.8187 527.8724 527.977 528.1611 528.437 528.8297 529.4603 530.4644 531.7285 532.3371 532.613 533.15 534.4544 536.5765 537.5612 537.11 535.4837 533.5592 532.0287 531.0099 530.4485 530.3201 530.3329 530.3815 530.5283 530.9487 531.4545 531.9191 532.6433 533.324 533.6739 533.9153 534.28 534.8198 535.3372 535.1642 535.2542 535.4871 535.8426 536.3727 537.0074 537.6685 -9999 -9999 -9999 536.961 538.0233 539.1933 539.3295 538.9106 537.4346 536.3553 535.4233 534.6759 534.0499 533.4719 532.9323
529.0591 528.6847 528.3092 528.0475 527.7712 527.683 527.6764 527.5947 527.337 527.2969 527.317 527.485 527.5537 527.6523 527.7728 527.9299 528.1501 528.4839 529.0485 530.1901 531.4347 532.1731 532.4588 532.7031 533.4271 535.3214 536.3999 535.471 533.7955 532.2925 531.0559 530.2338 529.665 529.449 529.4369 529.5422 529.7919 530.2251 530.5087 531.0491 531.8089 532.5022 532.954 533.2901 533.6389 534.0608 534.4564 534.4273 533.9393 534.3752 535.0654 535.8927 536.6738 537.3911 537.977 -9999 538.2059 538.5077 539.4014 539.4882 538.7687 537.3835 535.5833 535.1592 534.8447 534.5021 534.1244 533.6903 533.1973
528.1024 527.8733 527.7223 527.5686 527.3221 527.2906 527.2958 527.2665 527.0411 526.9738 527.0543 527.2764 527.3084 527.4724 527.626 527.7789 527.9713 528.2745 528.7994 529.6547 530.764 531.7985 532.16 532.2418 532.5299 533.7975 534.6119 533.7289 532.7999 531.7615 530.5602 529.7806 529.2598 529.0303 529.015 529.1232 529.3397 529.6506 529.9437 530.3757 531.0703 531.8118 532.3448 532.741 533.0666 533.3492 533.6343 533.7533 533.5168 533.7855 534.6996 535.658 536.5079 537.2869 538.0329 538.7815 539.3271 539.7599 539.6936 538.9931 537.6971 535.6805 534.7632 534.4681 534.3756 534.2598 534.0461 533.6904 533.1617
527.3774 527.2886 527.2787 527.2198 526.9536 526.844 526.8078 526.7605 526.6376 526.5931 526.6714 526.8693 527.0379 527.2919 527.4968 527.6674 527.8455 528.0934 528.4894 529.1285 530.29 531.4745 531.9641 531.9954 532.0508 532.4796 533.0021 532.7164 532.2609 531.5759 530.4515 529.6062 529.0618 528.8292 528.829 528.9357 529.0923 529.3159 529.5677 529.9227 530.4001 531.054 531.6255 532.0449 532.4145 532.6172 532.8302 532.9823 532.9486 532.8776 534.2845 535.4515 536.3879 537.2615 538.1852 539.3332 539.9645 539.8995 539.1788 537.873 536.1866 534.6599 534.0212 533.8844 533.9302 533.947 533.8204 533.4717 532.8453
