backend/lakes/data/Moose Lake/moos_dem_tm.asc
ncols         277
nrows         246
xllcorner     759100
yllcorner     6009850
cellsize      50
NODATA_value  -9999
[rows 150 to 179 of 246, columns 138 to 206 of 277]
525.6464 526.126 526.4788 526.7517 527.0005 527.3163 527.9269 528.7212 529.5057 530.3284 530.9075 531.2427 531.3534 531.2919 531.1008 530.7942 530.3858 529.99 529.5302 529.1017 528.83 528.641 528.4991 528.306 527.9504 527.367 526.4922 525.1664 523.3391 521.5217 520.3871 519.9842 519.9998 520.2797 520.6603 520.9946 521.2163 521.4246 521.5664 521.6659 521.7579 521.8567 521.9657 522.0963 522.2284 522.3876 522.4952 522.7234 523.058 523.5464 524.1835 524.9156 525.5626 526.1395 526.9772 527.6649 528.5561 529.1515 529.9421 530.4183 530.9166 531.3087 531.565 531.7177 531.8794 532.459 534.3839 537.175 540.5457
525.8309 526.2871 526.612 526.8568 527.0859 527.3627 528.0587 528.8621 529.7598 530.4276 531.0167 531.3776 531.5237 531.4983 531.3411 531.0766 530.7282 530.3461 529.8882 529.4439 529.0955 528.8313 528.6297 528.4347 528.1316 527.7273 527.1511 526.0715 524.4271 522.4838 521.0709 520.3861 520.2712 520.5292 520.9114 521.204 521.348 521.4832 521.6082 521.7344 521.8693 522.0196 522.1724 522.3581 522.4998 522.7101 522.7386 522.9654 523.3542 523.9161 524.6485 525.649 526.4768 527.2625 528.1542 529.0306 529.9091 530.3489 530.7986 531.1226 531.4204 531.6474 531.7863 531.8766 531.9915 532.7648 534.9647 537.703 540.916
526.1416 526.4699 526.7317 526.9741 527.282 527.6699 528.3466 529.0864 530.1304 530.7294 531.2048 531.5245 531.6782 531.6878 531.5889 531.4056 531.1525 530.8172 530.3555 529.8715 529.4618 529.1338 528.8335 528.5887 528.3 528.0009 527.5999 526.8508 525.4004 523.5234 521.8163 520.8756 520.6097 520.8357 521.1911 521.377 521.4861 521.588 521.7116 521.8739 522.056 522.2682 522.4417 522.7034 522.7676 522.955 523.0632 523.3181 523.8088 524.5377 525.5259 526.4745 527.343 528.2221 529.1693 530.098 530.6863 531.0135 531.2857 531.5081 531.6991 531.8259 531.8798 531.8943 532.199 533.3128 535.5187 538.0599 541.0217
526.422 526.6445 526.8314 527.0256 527.312 527.8989 528.709 529.4493 530.3151 530.9072 531.3489 531.6464 531.8004 531.8362 531.7966 531.7051 531.5771 531.3591 530.9241 530.4072 529.9674 529.6252 529.2245 528.8575 528.5651 528.3169 527.9528 527.3229 526.2139 524.6265 522.8597 521.5468 521.033 521.1882 521.3991 521.554 521.6788 521.7853 521.9305 522.1547 522.3808 522.6823 522.8296 523.212 523.3738 523.4922 523.5881 523.8652 524.5161 525.4929 526.4227 527.2934 528.1396 529.0102 530.036 530.6506 531.0246 531.2554 531.4559 531.6466 531.8098 531.8862 531.8797 531.9631 532.6016 534.3546 536.3678 538.5988 541.2129
526.6417 526.7992 526.9429 527.1064 527.3452 528.0006 528.8035 529.5734 530.3503 530.9653 531.4249 531.7253 531.8716 531.908 531.9074 531.8801 531.8798 531.8544 531.5219 531.1309 530.6824 530.4056 529.8976 529.4695 529.0946 528.8989 528.4652 527.8947 527.0477 525.6982 524.0235 522.5481 521.6247 521.6604 521.7362 521.8551 522.0324 522.1599 522.3363 522.6707 522.9194 523.3046 523.6101 524.0686 524.2403 524.3437 524.3979 524.6564 525.5079 526.4073 527.2355 527.9741 528.7298 529.5131 530.3188 530.7655 531.0288 531.2208 531.4214 531.6422 531.8337 531.8792 531.7898 532.0914 533.2313 535.2789 537.4064 539.5739 541.9754
526.7887 526.9263 527.0765 527.2885 527.5784 528.1482 528.8307 529.5923 530.3404 530.9744 531.4653 531.7748 531.8915 531.8802 531.8793 531.8465 531.8728 531.921 531.8793 531.8503 531.7427 531.5002 530.8065 530.4932 530.2365 529.964 529.1924 528.5042 527.7192 526.6216 525.0301 523.6026 522.7148 522.5245 522.2991 522.3429 522.6467 522.8329 523.0256 523.5059 524.0037 524.3228 524.5294 524.899 525.1742 525.5027 525.6153 525.8148 526.467 527.207 527.8315 528.4083 528.9458 529.6943 530.3334 530.6799 530.9048 531.1154 531.3659 531.6492 531.8747 531.7614 531.6863 532.2094 533.8357 536.1393 538.4388 540.7136 543.1859
526.8625 527.0033 527.1529 527.321 527.7666 528.356 528.9188 529.6509 530.3386 530.9868 531.5089 531.8237 531.8799 531.7786 531.688 531.6409 531.6811 531.7778 531.8597 531.9443 531.9507 531.8979 531.7625 531.6202 531.2615 530.8853 530.1581 529.21 528.307 527.1772 525.7844 524.4863 523.6053 523.2286 522.9275 522.9843 523.483 524.0332 524.3399 524.7326 525.2698 525.6817 525.829 525.9406 526.069 526.3757 526.5305 526.7296 527.2311 527.7463 528.2454 528.7728 529.2764 529.9026 530.353 530.6641 530.9307 531.2333 531.5854 531.9476 532.165 531.9733 531.8945 532.6616 534.5641 537.0424 539.5754 542.0136 544.4918
526.8856 527.0637 527.2932 527.538 528.0369 528.7227 529.3029 529.9032 530.4209 531.061 531.5844 531.8788 531.8059 531.6104 531.462 531.4283 531.5303 531.7151 531.8615 531.9896 531.9988 531.9987 532.0056 532.0055 531.9189 531.7193 531.0509 530.139 529.0166 527.7343 526.5079 525.3898 524.4573 524.1641 524.0623 524.1577 524.6095 525.396 525.8608 526.264 526.6244 527.0399 527.1674 527.1893 527.2054 527.2676 527.2851 527.348 527.7017 528.0969 528.4867 528.8933 529.5204 530.2235 530.6216 531.0089 531.4435 531.9745 532.5428 533.1311 533.3531 532.9482 532.7499 533.8704 535.8603 538.2437 540.7089 543.1093 -9999
526.8758 527.059 527.2979 527.6526 528.1866 528.8675 529.6816 530.3108 530.764 531.2626 531.6853 531.88 531.6979 531.4495 531.3251 531.3994 531.6974 532.1317 532.4161 532.5736 532.6152 532.626 532.6478 532.6808 532.7117 532.4109 531.8228 530.9604 529.8908 528.5706 527.2817 526.1114 525.2792 524.9719 524.9517 525.1554 525.7363 526.5112 527.077 527.3248 527.5536 527.8041 527.9095 527.914 527.8837 527.8573 527.8353 527.8871 528.1229 528.4484 528.8218 529.2546 529.8597 530.541 531.2083 531.955 532.8053 533.8353 534.767 535.3685 535.5807 534.8549 534.5648 535.6893 537.551 539.6396 541.6904 543.7413 -9999
526.9061 527.093 527.3229 527.801 528.3923 529.0863 530.0975 530.6524 531.0571 531.4584 531.7861 531.8787 531.62 531.3997 531.4208 531.7443 532.4565 533.4731 534.3397 534.7568 534.8888 534.897 534.8394 534.6654 534.1935 533.3362 532.5771 531.6437 530.4733 529.231 528.1124 527.067 526.1328 525.7758 525.7411 525.902 526.4948 527.1881 527.5884 527.8068 527.9879 528.1598 528.2548 528.2747 528.253 528.2241 528.2173 528.2894 528.4982 528.8251 529.2488 529.8123 530.5916 531.5901 532.4836 533.7997 535.4067 537.1144 538.104 538.3381 538.042 537.352 537.1039 537.9286 539.4136 541.0184 542.4838 -9999 -9999
527.0481 527.2983 527.6321 528.1851 528.8505 529.5994 530.384 530.9196 531.2864 531.6245 531.8755 531.8345 531.6605 531.5962 531.8979 532.6284 534.0398 535.6509 536.9236 537.6238 537.8743 537.8585 537.6464 537.1789 536.2084 534.5073 533.5182 532.3025 531.1661 530.1149 529.0412 528.0173 527.1555 526.614 526.4564 526.5824 526.9557 527.3193 527.661 527.8947 528.0787 528.2374 528.3465 528.4016 528.421 528.4331 528.4724 528.5895 528.8277 529.2063 529.771 530.5788 531.7428 533.118 534.3588 536.2836 538.8295 541.1295 542.3644 542.4878 541.8806 540.9431 540.2954 540.4915 541.3245 542.2616 543.2876 -9999 -9999
527.261 527.5707 528.0292 528.721 529.5143 530.2909 530.9357 531.3517 531.5997 531.8494 531.9969 532.1291 532.1732 532.2845 532.8286 534.139 535.9951 537.8785 539.5012 540.5426 540.9441 540.8948 540.4596 539.6413 538.1969 536.2537 534.9426 533.3085 531.8861 530.8242 529.9022 528.7482 527.8418 527.255 526.9836 527.0485 527.2881 527.438 527.6339 527.8298 528.0147 528.1816 528.3162 528.4146 528.4868 528.5554 528.6546 528.829 529.1161 529.5764 530.3098 531.4297 532.8374 534.7469 536.306 539.1169 542.4361 545.2443 546.8224 547.0422 546.2781 545.0439 543.929 543.4111 543.4564 543.8215 -9999 -9999 -9999
527.3401 527.8525 528.4778 529.2694 530.3069 531.0914 531.7178 532.1003 532.2305 532.3694 532.687 533.4053 533.7428 534.0067 534.6827 536.0938 538.0045 540.0286 541.8738 543.2067 543.7698 543.7548 543.2213 542.1432 540.3729 537.8589 536.0042 534.1563 532.4202 531.2219 530.1659 528.9388 528.1334 527.6212 527.308 527.2977 527.3842 527.4583 527.5823 527.7504 527.9357 528.1145 528.2733 528.4126 528.5372 528.6658 528.8307 529.0692 529.4125 529.9164 530.6679 531.8281 533.2777 535.2482 538.0728 541.8556 545.8134 549.078 551.0387 551.4706 550.681 549.2751 547.8205 546.7293 546.1057 -9999 -9999 -9999 -9999
527.8649 528.492 529.3141 530.3494 531.3984 532.0408 532.6172 533.3942 533.7225 533.9562 534.3563 535.1899 535.7287 536.1555 536.955 538.2385 540.0113 541.9915 543.8967 545.3726 -9999 546.2392 545.8233 544.6945 542.8211 540.1271 537.4194 535.2095 533.1298 531.5763 530.236 528.9605 528.2674 527.8922 527.6461 527.5382 527.5168 527.5363 527.616 527.7594 527.9376 528.1196 528.2915 528.4645 528.6394 528.8314 529.0779 529.3961 529.8268 530.4368 531.3897 532.4443 534.0245 536.5081 540.1594 544.5146 548.8387 552.399 554.6833 555.4025 554.7808 553.4384 551.9102 550.54 -9999 -9999 -9999 -9999 -9999
528.8597 529.5696 530.6583 531.5877 532.4038 533.1056 533.7894 534.4616 535.0208 535.5453 536.0583 536.8868 537.6826 538.2891 539.1693 540.2776 541.8137 543.6021 -9999 -9999 -9999 548.3024 548.0914 547.0872 545.0909 542.0847 538.786 536.2682 533.9923 531.9339 530.3169 529.0406 528.47 528.1223 527.9731 527.8621 527.7914 527.77 527.808 527.9172 528.0735 528.244 528.4041 528.6033 528.8304 529.0985 529.4255 529.8343 530.3663 531.0566 531.9688 533.2076 535.1144 538.2977 542.4229 546.9711 551.3411 554.9586 557.4047 558.5536 558.3955 557.446 -9999 -9999 -9999 -9999 -9999 -9999 -9999
530.3549 531.0524 531.894 532.6378 533.5305 534.0203 534.5496 535.1561 535.8513 536.5215 537.3475 538.3762 539.4376 540.1831 540.9944 -9999 -9999 -9999 -9999 -9999 -9999 -9999 549.769 548.9262 546.8264 543.4937 539.6062 536.179 533.8502 531.9074 530.3746 529.2937 528.7742 528.3786 528.1718 528.1735 528.168 528.1428 528.1425 528.2087 528.3376 528.4933 528.6039 528.8275 529.1099 529.4515 529.8607 530.369 531.0317 531.8046 532.7736 534.2338 536.5724 540.2286 544.5426 548.9636 553.0957 556.5657 -9999 -9999 -9999 -9999 -9999 -9999 -9999 -9999 -9999 -9999 -9999
531.847 532.4084 533.0646 533.7307 534.2281 534.5706 534.9371 535.4048 536.0631 537.0294 538.3095 539.7227 540.9357 -9999 -9999 -9999 -9999 -9999 -9999 -9999 -9999 -9999 550.24 549.5902 547.655 544.2049 540.0035 536.2157 533.7281 531.8276 530.3724 529.3813 528.8219 528.4902 528.328 528.3264 528.4183 528.4695 528.4841 528.5246 528.6429 528.8166 528.8434 529.1035 529.4563 529.8728 530.3525 530.941 531.6978 532.5089 533.5806 535.2146 537.8579 541.7907 546.1323 550.3008 554.1191 -9999 -9999 -9999 -9999 -9999 -9999 -9999 -9999 -9999 -9999 -9999 -9999
533.3804 533.7833 534.0299 534.353 534.6373 534.8785 535.1376 535.4789 536.1378 -9999 -9999 -9999 -9999 -9999 -9999 -9999 -9999 -9999 -9999 -9999 -9999 -9999 550.0229 549.5693 547.6422 544.319 540.1629 536.5063 533.8053 531.8141 530.3552 529.4091 528.8434 528.597 528.4579 528.4764 528.573 528.6444 528.6843 528.7102 528.8308 529.0072 529.1666 529.4696 529.8797 530.3544 530.8592 531.4178 532.1144 533.0936 534.2498 535.9066 538.7144 542.8058 547.1161 551.0479 554.5929 -9999 -9999 -9999 -9999 -9999 -9999 -9999 -9999 -9999 -9999 -9999 -9999
534.6979 534.8433 534.801 534.8398 534.9772 535.1756 -9999 -9999 -9999 -9999 -9999 -9999 -9999 -9999 -9999 -9999 -9999 -9999 -9999 -9999 -9999 -9999 549.8956 549.2275 547.3839 544.1815 540.1923 536.6655 533.8673 531.8124 530.3477 529.4628 528.9989 528.8172 528.647 528.6317 528.6984 528.7608 528.8288 528.8328 528.9999 529.2346 529.5123 529.8937 530.3735 530.9052 531.3995 531.9255 532.7086 533.6689 534.7472 536.1897 539.1945 543.4559 547.7751 551.6 555.0733 -9999 -9999 -9999 -9999 -9999 -9999 -9999 -9999 -9999 -9999 -9999 -9999
536.1509 535.9355 535.5605 535.3921 535.4412 -9999 -9999 -9999 -9999 -9999 -9999 -9999 -9999 -9999 -9999 -9999 -9999 -9999 -9999 -9999 -9999 -9999 549.7113 548.9319 547.1378 544.0533 540.2158 536.7267 533.8727 531.7892 530.3677 529.5316 529.1292 528.9457 528.8301 528.8264 528.829 528.8311 528.9127 529.0153 529.2332 529.533 529.91 530.3826 530.9493 531.4647 531.8557 532.2634 533.0109 533.8815 534.8519 535.9191 539.3203 543.837 548.3146 552.2769 555.9327 -9999 -9999 -9999 -9999 -9999 -9999 -9999 -9999 -9999 -9999 -9999 -9999
537.7476 537.1565 536.5097 536.2462 -9999 -9999 -9999 -9999 -9999 -9999 -9999 -9999 -9999 -9999 -9999 -9999 -9999 -9999 -9999 -9999 -9999 -9999 549.698 548.8361 547.0236 544.0557 540.3676 536.7049 533.8773 531.8348 530.4835 529.792 529.3491 529.1418 529.0417 529.0187 528.9961 528.9995 529.0875 529.2516 529.5321 529.9064 530.3773 530.9497 531.493 531.8599 531.9224 532.0533 532.4441 532.9785 533.6879 535.7271 539.5508 544.2713 548.9736 553.2299 557.1661 -9999 -9999 -9999 -9999 -9999 -9999 -9999 -9999 -9999 -9999 -9999 -9999
539.2518 538.6008 -9999 -9999 -9999 -9999 -9999 -9999 -9999 -9999 -9999 -9999 -9999 -9999 -9999 -9999 -9999 -9999 -9999 -9999 -9999 -9999 -9999 549.1474 547.3123 544.4048 540.8212 537.1589 534.2275 532.1998 530.9781 530.2764 529.7875 529.466 529.334 529.2844 529.241 529.2455 529.3594 529.5706 529.917 530.3693 530.9264 531.4773 531.8644 531.9084 531.7844 531.7746 532.0845 532.7883 533.9663 536.4731 540.287 544.9479 549.7695 554.3149 558.5386 -9999 -9999 -9999 -9999 -9999 -9999 -9999 -9999 -9999 -9999 -9999 -9999
540.4887 -9999 -9999 -9999 -9999 -9999 -9999 -9999 -9999 -9999 -9999 -9999 -9999 -9999 -9999 -9999 -9999 -9999 -9999 -9999 -9999 -9999 -9999 549.8165 547.8293 545.0156 541.6782 538.1987 535.0848 533.0845 531.7969 530.9371 530.3231 529.9167 529.7728 529.7001 529.5787 529.5822 529.7523 530.0015 530.4026 530.9109 531.4453 531.8617 531.9933 531.8989 531.7861 531.8651 532.4155 533.6042 535.3692 537.8915 541.3984 545.8152 550.6533 555.4075 -9999 -9999 -9999 -9999 -9999 -9999 -9999 -9999 -9999 -9999 -9999 -9999 -9999
-9999 -9999 -9999 -9999 -9999 -9999 -9999 -9999 -9999 -9999 -9999 -9999 -9999 -9999 -9999 -9999 -9999 -9999 -9999 -9999 -9999 -9999 -9999 550.6479 548.5646 545.8836 542.8622 539.7012 536.7054 534.4781 532.9053 531.7891 530.9751 530.438 530.3386 530.2799 530.0318 530.0273 530.3225 530.6182 531.0786 531.4658 531.8429 532.0061 532.0748 532.0465 532.2183 532.6459 533.7985 535.3727 537.2391 539.5402 542.644 546.7328 551.4807 -9999 -9999 -9999 -9999 -9999 -9999 -9999 -9999 -9999 -9999 -9999 -9999 -9999 -9999
-9999 -9999 -9999 -9999 -9999 -9999 -9999 -9999 -9999 -9999 -9999 -9999 -9999 -9999 -9999 -9999 -9999 -9999 -9999 -9999 -9999 -9999 -9999 -9999 549.4302 546.924 544.2646 541.4961 538.7257 536.1794 534.2163 532.7286 531.738 531.1726 531.0109 530.8722 530.5754 530.6151 531.0908 531.6005 531.8102 531.8641 531.9215 532.0914 532.3568 532.5904 533.3221 534.2588 535.6916 537.3554 539.0967 541.0963 543.8508 547.6331 -9999 -9999 -9999 -9999 -9999 -9999 -9999 -9999 -9999 -9999 -9999 -9999 -9999 -9999 -9999
-9999 -9999 -9999 -9999 -9999 -9999 -9999 -9999 -9999 -9999 -9999 -9999 -9999 -9999 -9999 -9999 -9999 -9999 -9999 -9999 -9999 -9999 -9999 -9999 550.5545 548.2577 545.7991 543.2493 540.6577 538.1023 535.6177 533.6267 532.3148 531.8425 531.7983 531.7751 531.6768 531.6722 531.7872 531.8875 532.0149 532.1736 532.3438 532.7062 533.3811 534.1405 535.2036 536.2557 537.6812 539.2175 540.7341 542.5448 545.056 -9999 -9999 -9999 -9999 -9999 -9999 -9999 -9999 -9999 -9999 -9999 -9999 -9999 -9999 -9999 -9999
-9999 -9999 -9999 -9999 -9999 -9999 -9999 -9999 -9999 -9999 -9999 -9999 -9999 -9999 -9999 -9999 -9999 -9999 -9999 -9999 -9999 -9999 -9999 -9999 -9999 549.7014 547.2124 544.6478 542.0722 539.5545 536.8712 534.4645 532.8287 532.4352 532.4703 532.505 532.4186 532.2711 532.1802 532.3444 532.7949 533.5177 534.0372 534.6729 535.3749 536.1044 537.1419 538.1666 539.4803 540.8433 542.3147 544.1014 -9999 -9999 -9999 -9999 -9999 -9999 -9999 -9999 -9999 -9999 -9999 -9999 -9999 -9999 -9999 -9999 -9999
-9999 -9999 -9999 -9999 -9999 -9999 -9999 -9999 -9999 -9999 -9999 -9999 -9999 -9999 -9999 -9999 -9999 -9999 -9999 -9999 -9999 -9999 -9999 -9999 -9999 551.0137 548.4911 545.9023 543.2434 540.496 537.7502 535.4598 533.9783 533.5891 533.6801 533.7326 533.635 533.454 533.5225 533.9793 534.7286 535.5159 536.1174 536.8304 537.353 537.8696 538.701 539.7523 540.9944 542.3812 543.9517 -9999 -9999 -9999 -9999 -9999 -9999 -9999 -9999 -9999 -9999 -9999 -9999 -9999 -9999 -9999 -9999 -9999 -9999
-9999 -9999 -9999 -9999 -9999 -9999 -9999 -9999 -9999 -9999 -9999 -9999 -9999 -9999 -9999 -9999 -9999 -9999 -9999 -9999 -9999 -9999 -9999 -9999 -9999 -9999 549.5447 546.8551 544.0131 541.0649 538.2972 536.2421 535.2268 535.4608 535.8108 535.9156 535.8159 535.6302 535.7161 536.1934 537.0322 537.6701 538.0803 538.4785 538.7988 539.199 539.9703 541.0627 542.41 -9999 -9999 -9999 -9999 -9999 -9999 -9999 -9999 -9999 -9999 -9999 -9999 -9999 -9999 -9999 -9999 -9999 -9999 -9999 -9999
-9999 -9999 -9999 -9999 -9999 -9999 -9999 -9999 -9999 -9999 -9999 -9999 -9999 -9999 -9999 -9999 -9999 -9999 -9999 -9999 -9999 -9999 -9999 -9999 -9999 -9999 -9999 547.5015 544.5967 541.5312 538.7698 536.9972 536.3613 537.026 537.3618 537.4964 537.5281 537.6484 537.9155 538.4678 539.3113 539.8303 540.0464 540.1479 540.2361 540.4857 541.2152 -9999 -9999 -9999 -9999 -9999 -9999 -9999 -9999 -9999 -9999 -9999 -9999 -9999 -9999 -9999 -9999 -9999 -9999 -9999 -9999 -9999 -9999
