backend/lakes/data/South Heart Reservoir/sout_dem_tm.asc
ncols         281
nrows         188
xllcorner     397700
yllcorner     6168550
cellsize      50
NODATA_value  -9999
[rows 128 to 159 of 188, columns 72 to 143 of 281]
632.8534 633.033 632.9092 632.6008 632.7397 633.8883 -9999 -9999 -9999 -9999 -9999 -9999 -9999 -9999 -9999 -9999 -9999 -9999 -9999 -9999 -9999 -9999 -9999 -9999 -9999 633.8182 634.2419 634.0295 633.298 631.9845 629.7637 627.0438 624.5276 622.8456 621.9261 621.5355 621.4912 621.5663 621.6096 621.6323 621.7532 622.1234 622.8762 624.1414 626.0261 628.4362 630.6243 631.5533 631.2071 631.4955 632.4312 632.1902 633.4191 634.332 632.9597 630.7347 628.33 626.1246 624.1848 622.7065 622.2273 622.1607 622.5747 623.368 624.3114 624.1166 623.9882 623.5535 623.115 622.7985 622.5638 622.3771
633.2233 633.9808 634.2258 634.0374 633.94 634.6127 635.4698 -9999 -9999 -9999 -9999 -9999 -9999 -9999 -9999 -9999 -9999 -9999 -9999 -9999 -9999 -9999 -9999 631.2501 632.3364 633.5367 633.875 633.4264 632.3341 630.6528 628.4697 626.0871 623.9059 622.3344 621.6102 621.4084 621.504 621.6678 621.7506 621.7631 621.8198 622.0632 622.5997 623.5323 624.9994 627.0938 629.1713 630.1298 629.7979 629.847 630.9413 632.1228 633.4886 633.7368 632.5422 630.5264 628.1851 626.0939 624.2167 623.0497 622.6031 622.6597 623.1703 624.0638 625.6273 624.3602 623.975 623.6477 623.3407 623.1849 623.1018 623.1202
633.3712 634.2815 634.6667 634.9628 634.9185 635.1377 635.5075 -9999 -9999 -9999 -9999 -9999 -9999 -9999 -9999 -9999 -9999 -9999 -9999 -9999 -9999 632.1657 630.7827 630.2184 631.0864 632.2388 632.6063 631.9506 630.5965 628.7437 626.673 624.7039 622.9659 621.9368 621.4718 621.4108 621.5814 621.7819 621.8767 621.8754 621.8708 621.9738 622.2603 622.7714 623.6434 625.3558 627.1032 627.8924 627.5095 627.3773 628.5754 630.2568 631.6207 631.8564 630.968 629.2678 627.1857 626.0483 624.7332 623.7169 623.2583 623.3329 623.8483 624.6842 625.6327 624.6752 624.2145 623.9984 623.7913 623.8257 623.8362 623.9337
631.9613 632.6843 633.6004 634.4933 634.95 635.1085 635.2151 635.7874 -9999 -9999 -9999 -9999 -9999 -9999 -9999 -9999 -9999 -9999 -9999 -9999 634.0784 631.8998 630.1461 629.3946 629.5935 630.283 630.4708 629.7379 628.28 626.4347 624.675 623.2111 622.2794 621.7316 621.4974 621.5212 621.7015 621.8892 621.9739 621.9629 621.9338 621.9462 622.092 622.3521 622.8448 623.8353 625.3846 626.2707 626.4851 626.637 626.4352 627.7636 628.8173 629.0642 628.6682 627.3247 625.7189 625.8892 625.0757 624.2186 623.7831 623.8751 624.3855 625.2352 626.2562 625.0672 624.7054 624.8216 624.7222 624.9244 624.7889 624.7092
629.4384 630.3558 631.6405 633.1676 634.1177 634.6051 634.7999 634.9676 634.6748 634.6147 -9999 -9999 -9999 -9999 -9999 -9999 -9999 -9999 636.9608 635.728 633.8245 631.6172 629.7067 628.603 628.1156 628.0534 627.9211 627.1118 625.8465 624.3472 623.059 622.3545 621.968 621.7505 621.6636 621.7081 621.8436 621.9762 622.0306 622.0157 621.9999 621.9799 622.1355 622.3363 622.6699 623.3693 624.4496 625.2845 625.7076 625.7537 625.5826 626.024 626.3173 626.2903 626.2123 625.3636 624.6239 624.7562 624.7152 624.2168 623.8932 624.0426 624.5597 625.4944 627.3871 625.2719 625.3242 626.2833 626.897 626.7304 625.9196 625.3351
626.5359 627.6436 629.1842 631.0678 632.635 633.5354 633.8133 633.7457 633.6577 634.0622 634.9916 636.2796 637.3713 637.1422 636.466 636.614 -9999 636.8797 636.2067 635.0438 633.3413 631.2997 629.339 627.7927 626.6503 625.9069 625.5082 624.6509 623.8317 622.78 622.175 621.9888 621.9476 621.9174 621.8947 621.9158 621.9776 622.0341 622.0417 622 621.9611 622.0198 622.3234 622.5826 622.8556 623.3465 624.0793 624.7291 625.1165 625.1863 625.1328 625.2858 625.4486 625.5115 624.8677 623.7213 623.4368 623.5307 623.6777 623.7257 623.5662 623.8169 624.2444 624.7782 626.4613 625.863 625.8763 627.1772 628.4277 628.4566 626.8545 625.7556
624.062 625.1146 626.5978 628.7543 630.7156 631.8929 632.1899 632.1413 632.1425 632.8864 634.0531 635.3779 636.3586 636.2683 635.9269 635.9374 636.0084 635.8486 635.1555 634.0062 632.3915 630.4429 628.4479 626.6364 625.1192 624.2583 623.9047 623.1178 622.4012 621.8806 621.6713 621.7703 621.9937 622.0662 622.0614 622.0539 622.0557 622.0531 622.0381 621.9944 622.0018 622.3065 622.6304 622.8954 623.1439 623.4999 623.9807 624.4146 624.6874 624.8322 624.8942 624.9951 625.0658 624.9933 624.5387 623.8855 623.2664 622.9167 622.7983 622.8125 622.9621 623.4904 624.0938 624.9579 625.9105 626.2058 626.2676 627.1802 629.1468 629.3362 627.6357 626.1607
622.0576 623.0342 624.3694 626.2535 628.0465 629.2484 629.7804 630.0706 630.1517 631.0704 632.3077 633.571 634.5238 634.7325 634.5808 634.5018 634.4142 634.1922 633.5463 632.3598 630.6599 628.6901 626.7332 624.9603 623.509 622.5762 622.2281 621.8978 621.5567 621.3477 621.3193 621.5238 621.7916 621.9823 621.9951 621.9932 621.9974 622.0003 622.0315 622.0283 622.0434 622.5064 622.7126 622.9337 623.184 623.4834 623.7537 624.0339 624.2855 624.5247 624.7241 624.8816 624.9254 624.7528 624.3171 623.7918 623.2412 622.8141 622.4382 622.297 622.5023 623.0764 623.3397 624.0684 625.3098 626.4303 627.0278 626.6183 628.2841 629.417 627.8205 626.1873
620.5629 621.3017 622.1678 623.4394 624.7598 625.8332 626.7501 627.5938 627.9511 628.7087 629.7021 630.7272 631.4911 631.8311 631.8793 631.8617 631.807 631.6505 631.1171 629.9581 628.2354 626.3987 624.6127 623.0519 621.9915 621.2729 621.0569 621.0035 620.9832 620.9855 621.0123 621.2371 621.4129 621.5201 621.5385 621.5628 621.6815 621.8303 621.9979 622.1296 622.2349 622.2667 622.1 622.1846 622.5836 622.9896 623.3252 623.6173 623.8772 624.235 624.5881 624.8513 624.9041 624.6472 624.1364 623.5394 623.0447 622.6726 622.3795 622.0963 622.1031 622.4711 622.4334 623.2866 624.0795 624.8212 625.1602 626.0682 627.3145 627.7191 626.7709 625.1987
619.4365 619.8154 620.1829 620.8226 621.6409 622.5042 623.5336 624.7527 625.5192 625.9937 626.4676 627.066 627.5154 627.8065 628.0062 628.1356 628.2164 628.2366 627.929 626.9956 625.5777 624.0906 622.6566 621.5577 620.9502 620.5443 620.4216 620.455 620.5438 620.6495 620.7772 620.978 621.0084 621.0141 621.011 621.0414 621.2822 621.5392 621.7737 621.9833 622.0065 621.9609 621.746 621.7609 622.0422 622.4719 622.8779 623.2457 623.5011 623.965 624.4817 624.8849 624.9506 624.5828 623.9411 623.2457 622.6609 622.2966 622.0681 621.9537 621.8237 621.9255 622.0181 622.4933 622.9078 623.5408 624.0863 625.0206 625.9689 626.1913 625.3972 624.1934
619.1946 619.0714 619.0083 619.1543 619.5664 620.0901 620.8966 622.1519 623.1653 623.4142 623.6386 623.5127 623.4251 623.554 623.8129 624.0275 624.1785 624.3749 624.3651 623.8874 622.9564 622.0779 621.2241 620.6846 620.381 620.1738 620.1035 620.1415 620.2366 620.3527 620.4794 620.6108 620.6582 620.6908 620.7283 620.8102 621.0042 621.2339 621.3976 621.568 621.5756 621.4627 621.3499 621.4188 621.6765 622.0359 622.4489 622.9265 623.1351 623.7343 624.3851 624.9373 624.9911 624.4476 623.6913 622.9302 622.3206 621.9261 621.6479 621.6644 622.1599 622.4221 622.3103 622.3339 622.4837 622.8149 623.2132 623.8783 624.3432 624.2761 623.7159 622.8724
620.2703 619.5764 619.1075 618.9358 619.0299 619.2358 619.4526 620.3949 621.033 621.1256 621.0876 620.9174 620.7601 620.8565 620.9805 621.0143 620.9152 620.9952 621.1579 621.0809 620.7919 620.5665 620.2506 620.1761 620.1136 620.0031 619.9408 619.9464 620.0014 620.0789 620.1643 620.2534 620.3314 620.4397 620.5408 620.6655 620.8295 620.9913 621.0232 621.1894 621.1852 621.0217 621.0049 621.1703 621.486 621.8521 622.0715 622.5642 622.9838 623.5226 624.1181 624.755 624.702 624.0421 623.3132 622.6678 622.2228 621.8837 621.487 621.6842 622.5926 622.9659 622.5629 622.3234 622.2838 622.4125 622.6907 622.9702 622.9341 622.6072 622.2875 621.978
622.8172 621.6766 620.7348 620.1748 620.0654 620.2482 620.2567 620.423 620.4351 620.4351 620.3953 620.701 621.1646 621.4083 621.2951 620.7027 619.7886 619.3847 619.5515 619.5787 619.4574 619.5121 619.4991 619.7786 619.8689 619.8215 619.7734 619.7523 619.7659 619.795 619.8307 619.8846 619.9755 620.1806 620.3378 620.5005 620.6398 620.7604 620.8547 620.9955 620.9943 620.8578 620.8376 621.0027 621.3845 621.9225 622.1157 622.3646 622.7444 623.1395 623.4828 623.727 623.5428 623.1392 622.7748 622.5413 622.9541 622.3391 621.6791 621.2905 621.7841 622.0692 621.986 621.9189 621.9041 621.9698 622.2477 622.3021 621.9752 621.657 621.4731 621.298
626.202 624.9171 623.5773 622.6123 622.2675 622.4902 622.3816 622.5035 622.777 622.3373 622.1978 622.6045 623.3417 623.2486 623.0342 622.0339 621.0958 620.6088 620.4913 620.3737 619.9117 619.479 619.0389 619.0184 619.1017 619.409 619.4805 619.4633 619.4614 619.4596 619.4582 619.4867 619.5287 619.826 620.0167 620.2408 620.3632 620.4683 620.6165 620.7349 620.743 620.6647 620.6458 620.7579 621.0519 621.5619 621.9425 622.0415 622.3497 622.5698 622.608 622.4003 622.1639 622.0562 622.1409 622.0942 622.4901 622.2758 621.7985 621.2268 621.0736 621.0963 621.0746 621.0607 621.0798 621.2402 621.7716 621.7734 621.2298 621.012 620.9817 620.9499
630.2563 628.9852 627.388 625.9586 625.1353 624.9756 625.0437 625.2261 625.3455 625.1252 625.0024 625.1733 625.4489 625.2903 624.8979 624.0399 623.1608 622.389 621.7974 621.2745 620.7531 620.137 619.6408 619.1245 619.0289 619.0291 619.1046 619.0225 619.0248 619.0246 619.0237 619.1316 619.0559 619.1085 619.4695 619.8099 619.9048 620.0239 620.2709 620.3971 620.4267 620.391 620.371 620.4492 620.7025 621.0618 621.4552 621.631 621.8713 621.9276 621.853 621.5267 621.1714 621.2152 621.741 621.8831 621.9534 621.7996 621.2353 620.9669 620.7163 620.5927 620.5294 620.5176 620.5723 620.7413 621.0264 621.0234 620.749 620.5832 620.5378 620.5046
634.6203 633.4068 631.7886 630.1451 629.0058 628.5599 628.6002 628.7463 628.801 628.7063 628.6379 628.6761 628.6973 628.4843 628.007 627.1353 626.0139 624.7577 623.5235 622.4769 621.7225 620.9569 620.3329 619.9193 619.8464 619.7941 619.5709 619.8005 619.8672 619.868 619.7953 619.4871 619.1112 619.0216 619.0197 619.0489 619.1141 619.4423 619.8083 619.9141 619.9813 619.9863 619.9734 620.0326 620.317 620.616 620.9517 621.0275 621.0798 621.0844 621.0579 620.964 620.7585 620.7814 621.024 621.0864 621.0991 621.0457 620.8182 620.6443 620.455 620.3124 620.2256 620.2028 620.2498 620.3719 620.5142 620.5094 620.3654 620.2537 620.1987 620.1602
638.1923 637.2709 635.963 634.4644 633.28 632.6674 632.5178 632.4952 632.4426 632.3936 632.3938 632.4323 632.4186 632.2344 631.7495 630.8502 629.5451 627.8752 626.0217 624.2686 622.993 621.9517 621.102 620.5227 620.245 620.0908 619.9669 620.0974 620.1956 620.2282 620.1772 620.0034 619.8271 619.4727 619.1154 618.9941 618.8986 618.9985 619.0515 619.1159 619.3439 619.3843 619.3558 619.5292 619.845 620.0698 620.3996 620.5179 620.5981 620.614 620.6057 620.5845 620.5212 620.5438 620.6404 620.6724 620.6737 620.6427 620.5417 620.4279 620.2921 620.1669 620.0762 620.0411 620.0679 620.1394 620.2079 620.1946 620.1184 620.0256 619.9822 619.9749
640.3855 640.0093 639.2108 638.0763 637.0237 636.3404 635.9141 635.5944 635.3556 635.2949 635.3763 635.5177 635.6368 635.5804 635.1568 634.3326 633.0493 631.2417 629.0351 626.7303 624.8013 623.3425 622.1899 621.2169 620.6234 620.3052 620.1647 620.1997 620.2704 620.3198 620.3223 620.2633 620.1749 619.9955 619.8329 619.4778 619.1252 619.0199 618.8926 618.8988 618.9804 618.8073 618.6077 618.8151 619.0411 619.4623 619.8871 620.0442 620.2487 620.2982 620.3033 620.359 620.397 620.4376 620.4797 620.4869 620.4733 620.4452 620.3845 620.3032 620.2022 620.1002 620.0175 619.9777 619.9864 620.0256 620.0586 620.0464 620.0004 619.939 619.9122 619.9965
642.3824 641.8605 641.2645 640.4383 639.595 638.8619 638.1284 637.4555 636.9764 636.8667 637.0458 637.3644 637.7299 637.838 637.4996 636.884 635.8714 634.3087 632.1255 629.602 627.1896 625.2322 623.7889 622.2821 621.1754 620.5919 620.3254 620.2469 620.2487 620.2775 620.3062 620.3184 620.3072 620.2478 620.1655 619.9937 619.8418 619.4887 619.1313 618.9913 618.7661 618.1555 617.9856 618.0192 618.1876 618.7589 619.2075 619.5688 619.9329 619.9958 620.0121 620.1824 620.3203 620.4019 620.4343 620.4235 620.39 620.3478 620.2947 620.229 620.1506 620.0715 620.0039 619.9694 619.9705 619.9924 620.0064 620.0098 620 619.9993 620.0407 620.2369
643.4797 642.8302 642.1554 641.5369 -9999 -9999 -9999 -9999 -9999 -9999 -9999 -9999 -9999 638.8745 638.7002 638.2703 637.6679 636.6765 634.8734 632.4551 629.841 627.4836 625.7162 623.5699 621.9514 621.0165 620.5696 620.3481 620.2423 620.2101 620.2225 620.2538 620.2838 620.2911 620.2743 620.2173 620.1473 619.9882 619.8543 619.5591 619.3583 618.8068 618.1592 617.8488 617.7983 618.0587 618.4778 618.91 619.3486 619.5298 619.6545 619.9698 620.2136 620.3594 620.4115 620.3964 620.3466 620.2865 620.2257 620.1663 620.1051 620.0504 620.0051 619.9843 619.9854 620 620 620 620.0014 620.2173 620.677 621.4085
-9999 -9999 -9999 -9999 -9999 -9999 -9999 -9999 -9999 -9999 -9999 -9999 -9999 -9999 -9999 -9999 638.6323 638.2633 637.0092 634.9152 632.2869 629.5144 626.8893 624.5616 622.6809 621.5377 620.9416 620.5679 620.3276 620.2032 620.1604 620.1671 620.1937 620.2145 620.2263 620.2322 620.2354 620.2126 620.1859 620.0789 619.9755 619.6786 618.9582 618.2435 617.8601 617.804 617.9252 618.1697 618.726 618.9424 619.0818 619.5145 619.9591 620.2258 620.3445 620.348 620.2917 620.2196 620.152 620.0986 620.0527 620.0234 620 620 620 620 620 619.9874 620.0375 620.3375 620.9778 621.947
-9999 -9999 -9999 -9999 -9999 -9999 -9999 -9999 -9999 -9999 -9999 -9999 -9999 -9999 -9999 -9999 -9999 639.1495 638.4319 636.7673 634.347 631.5123 628.6077 625.9092 623.7849 622.2854 621.4214 620.9292 620.5548 620.3284 620.2028 620.1443 620.1237 620.1149 620.1158 620.1362 620.1835 620.2506 620.3251 620.3716 620.3782 620.2268 619.803 619.1243 618.3688 618.0317 617.8192 617.8354 618.0419 618.28 618.5182 618.9819 619.4934 619.9447 620.1932 620.2515 620.2063 620.1354 620.0704 620.0338 620.0001 620 619.9788 620.0002 620.0162 620.0007 619.9944 619.9836 620.0261 620.2892 620.9103 621.9324
-9999 -9999 -9999 -9999 -9999 -9999 -9999 -9999 -9999 -9999 -9999 -9999 -9999 -9999 -9999 -9999 -9999 -9999 639.3519 637.9917 635.8964 633.3162 630.495 627.6918 625.3207 623.4708 622.2161 621.453 620.9941 620.677 620.4429 620.2795 620.1658 620.0842 620.0359 620.0333 620.086 620.1941 620.3418 620.4849 620.5762 620.5313 620.2785 619.8292 619.3159 618.8279 618.2228 618.05 618.022 617.9996 618.1079 618.5265 619.0111 619.4713 619.9647 620.1154 620.0963 620.0486 620.0001 620 619.9818 619.9999 620.001 620.096 620.13 620.0812 620.0538 620.0386 620.0452 620.215 620.6958 621.6357
-9999 -9999 -9999 -9999 -9999 -9999 -9999 -9999 -9999 -9999 -9999 -9999 -9999 -9999 -9999 -9999 -9999 -9999 640.1256 638.9338 637.249 635.1236 632.6281 629.9396 627.3536 625.1768 623.5862 622.4648 621.854 621.388 620.9933 620.6779 620.4215 620.2238 620.0881 620.0215 620.0345 620.139 620.318 620.5173 620.6599 620.6908 620.5764 620.3353 620.042 619.7249 619.1565 618.951 618.7422 618.1954 618.0929 618.4757 618.8929 619.1793 619.7477 619.9974 620.0002 620 620 620 620.0003 620.065 620.1519 620.2833 620.3466 620.2831 620.2332 620.21 620.2072 620.3401 620.6882 621.5858
-9999 -9999 -9999 -9999 -9999 -9999 -9999 -9999 -9999 -9999 -9999 -9999 -9999 -9999 -9999 -9999 -9999 -9999 -9999 639.9424 638.5969 636.8833 634.8038 632.4181 629.9229 627.6111 625.6863 624.2133 623.2668 622.5177 621.9587 621.4629 621.0096 620.6499 620.3862 620.2108 620.1226 620.1672 620.3359 620.5598 620.7191 620.783 620.7415 620.6309 620.476 620.2757 620.0012 619.8992 619.6898 619.122 618.9584 619.1013 619.4685 619.8334 619.9952 620.0007 620 620 620.0209 620.0558 620.113 620.2152 620.3516 620.5084 620.6007 620.5779 620.5552 620.5269 620.5645 620.8334 621.201 622.2756
-9999 -9999 -9999 -9999 -9999 -9999 -9999 -9999 -9999 -9999 -9999 -9999 -9999 -9999 -9999 -9999 -9999 -9999 -9999 -9999 639.8254 638.4725 636.7882 634.8127 632.6441 630.5044 628.5818 626.915 625.5172 624.3575 623.5496 622.7878 622.0753 621.5004 621.0728 620.7284 620.4501 620.3555 620.4597 620.6921 620.8185 620.8682 620.8341 620.7833 620.715 620.6077 620.485 620.4111 620.2563 619.9803 619.8996 619.9319 620.0439 620.1857 620.2053 620.1411 620.0886 620.0666 620.0885 620.1535 620.2625 620.4126 620.5846 620.7495 620.8275 620.8619 620.9658 620.9607 621.0533 621.5654 622.4736 624.1494
-9999 -9999 -9999 -9999 -9999 -9999 -9999 -9999 -9999 -9999 -9999 -9999 -9999 -9999 -9999 -9999 -9999 -9999 -9999 -9999 -9999 639.8058 638.4694 636.8904 635.1691 633.4055 631.7139 630.1007 628.5846 627.1928 625.9859 624.8275 623.7591 622.897 622.3485 621.7349 621.1271 620.7819 620.729 620.9673 621.0042 620.9975 620.9041 620.8784 620.8566 620.7841 620.7258 620.6847 620.5922 620.4639 620.4082 620.4019 620.4213 620.4324 620.3773 620.2828 620.2029 620.1637 620.184 620.2706 620.4187 620.6133 620.8198 620.9921 620.9984 621.006 621.1977 621.4403 621.8798 622.8371 624.4217 626.8647
-9999 -9999 -9999 -9999 -9999 -9999 -9999 -9999 -9999 -9999 -9999 -9999 -9999 -9999 -9999 -9999 -9999 -9999 -9999 -9999 -9999 -9999 639.868 638.5966 637.2722 635.9272 634.5941 633.2286 631.8578 630.4774 629.0938 627.5922 626.0494 624.8124 624.2729 623.3665 622.3065 621.5496 621.1742 621.2996 621.3314 621.197 621.0143 620.9999 620.9968 620.8925 620.8571 620.8425 620.7753 620.7128 620.6754 620.6612 620.6448 620.6002 620.5111 620.4034 620.3179 620.2759 620.299 620.3972 620.5737 620.7928 620.9977 621.1066 621.1503 621.2874 621.7172 622.3828 623.2614 624.7724 627.0832 630.0095
-9999 -9999 -9999 -9999 -9999 -9999 -9999 -9999 -9999 -9999 -9999 -9999 -9999 -9999 -9999 -9999 -9999 -9999 -9999 -9999 -9999 -9999 -9999 640.0067 638.8824 637.8503 636.9224 635.9063 634.8131 633.6017 632.2346 630.6419 628.8853 627.2505 626.0906 625.2057 623.85 622.7888 622.2122 622.1394 622.0419 621.678 621.4073 621.257 621.1677 621.0212 621.0027 620.9964 620.8926 620.855 620.8159 620.8045 620.7833 620.7158 620.616 620.509 620.431 620.4056 620.4456 620.5508 620.7546 621.0016 621.2041 621.304 621.4449 621.8142 622.6785 624.0472 625.5463 627.5507 630.2045 633.1276
-9999 -9999 -9999 -9999 -9999 -9999 -9999 -9999 -9999 -9999 -9999 -9999 -9999 -9999 -9999 -9999 -9999 -9999 -9999 -9999 -9999 -9999 -9999 -9999 -9999 639.2169 638.6279 637.9514 637.176 636.2092 635.0106 633.5494 631.8376 630.0385 628.3978 626.9648 625.5106 624.3127 623.6844 623.5093 623.1586 622.3448 621.938 621.6453 621.5488 621.459 621.3246 621.1927 621.0176 620.9961 620.9109 620.9033 620.8904 620.8098 620.712 620.6228 620.5612 620.5671 620.6559 620.7657 621.0201 621.3188 621.541 621.6379 621.936 622.6168 624.2069 626.4392 628.2225 630.5821 633.2386 635.8786
-9999 -9999 -9999 -9999 -9999 -9999 -9999 -9999 -9999 -9999 -9999 -9999 -9999 -9999 -9999 -9999 -9999 -9999 -9999 -9999 -9999 -9999 -9999 -9999 -9999 -9999 -9999 639.5085 638.9948 638.2745 637.2974 636.0692 634.5511 632.8314 631.0565 629.3287 627.5915 626.0839 625.2502 624.8909 624.0466 623.1149 622.4609 622.0383 621.9789 621.9495 621.7159 621.5554 621.3956 621.2015 621.0048 620.9993 620.9987 620.9014 620.8262 620.7703 620.7385 620.7811 620.9802 621.0923 621.462 621.7295 621.96 622.0163 622.497 623.5829 625.4839 628.0002 630.6053 633.2751 635.8063 638.0252
-9999 -9999 -9999 -9999 -9999 -9999 -9999 -9999 -9999 -9999 -9999 -9999 -9999 -9999 -9999 -9999 -9999 -9999 -9999 -9999 -9999 -9999 -9999 -9999 -9999 -9999 -9999 -9999 -9999 -9999 639.1023 638.129 636.8057 635.2557 633.5754 631.8568 630.0891 628.3203 626.8267 625.7131 624.8246 623.8907 623.0903 622.5093 622.2258 622.1177 622.0073 621.994 621.9294 621.5699 621.2323 621.0925 621.048 621.001 620.9978 620.9956 620.9951 621.0577 621.4243 621.6595 621.9555 621.9973 622.0973 622.3744 623.1537 624.6357 626.8353 629.7144 632.6986 635.4194 637.6653 639.4831
