backend/lakes/data/South Heart Reservoir/sout_dem_tm.asc
ncols         281
nrows         188
xllcorner     397700
yllcorner     6168550
cellsize      50
NODATA_value  -9999
[rows 96 to 127 of 188, columns 144 to 215 of 281]
628.9426 626.7021 624.3466 622.7657 621.988 621.6738 621.5848 621.5925 621.6403 621.7139 621.8156 621.9435 622.0863 622.2275 622.3505 622.4443 622.5018 622.5186 622.4915 622.4211 622.3099 622.1653 621.9844 621.5471 621.1848 620.9974 620.8885 620.8661 620.8915 620.9402 621.0003 621.0944 621.1874 621.2791 621.3831 621.519 621.7095 621.9946 622.4159 622.922 622.9579 623.2927 622.3976 622.1643 621.8787 621.1927 620.7363 620.5087 620.5273 620.7234 620.993 621.1161 621.1122 620.9991 620.8557 621.1362 621.8873 622.552 623.0448 623.1147 622.9086 622.86 623.4517 625.3935 628.0189 630.7145 633.0314 634.7122 -9999 -9999 -9999 -9999
629.0767 626.7443 624.3521 622.8345 622.0688 621.7606 621.6785 621.6921 621.7428 621.816 621.9164 622.045 622.1909 622.3343 622.4544 622.5363 622.5726 622.5604 622.4973 622.3813 622.2125 622.0056 621.8711 621.5674 621.239 621.0015 620.9133 620.9131 620.9515 620.9999 621.0434 621.1057 621.1681 621.2317 621.307 621.4125 621.5655 621.7803 622.0527 622.4442 622.376 622.3074 622.1208 621.9781 621.5858 621.0125 620.627 620.4557 620.4902 620.6649 620.8789 620.9992 621.0001 620.9575 621.0056 621.4755 622.1438 622.9978 623.7646 624.0831 624.0482 624.209 625.0635 626.9523 629.4056 631.7288 633.5392 634.7288 -9999 -9999 -9999 -9999
627.6533 625.7987 623.819 622.556 621.9849 621.7877 621.7592 621.7961 621.8551 621.9276 622.0231 622.1469 622.2896 622.4301 622.5449 622.6158 622.6349 622.6013 622.5171 622.3829 622.2043 622.0034 621.8759 621.5982 621.2668 621.0013 620.9259 620.9526 620.9999 621.0409 621.0756 621.1106 621.1454 621.1804 621.2258 621.2955 621.4056 621.5656 621.7681 621.9829 622.0027 621.9983 621.9872 621.7819 621.424 620.9967 620.66 620.4988 620.5083 620.6298 620.7743 620.8589 620.8704 620.8833 621.0555 621.7483 622.3448 623.2223 624.179 624.9466 625.222 625.7513 626.9341 628.957 631.1746 633.0579 634.236 634.7799 -9999 -9999 -9999 -9999
625.7755 624.5809 623.1998 622.1665 621.8707 621.8185 621.8494 621.9087 621.9755 622.0468 622.1336 622.2454 622.3758 622.5051 622.61 622.6702 622.6778 622.6343 622.5472 622.4237 622.2758 622.1255 621.9908 621.6667 621.3027 621.0026 620.9249 620.9781 621.0004 621.062 621.0895 621.0997 621.1067 621.1197 621.1398 621.1763 621.2485 621.3666 621.5145 621.6547 621.7061 621.7275 621.7084 621.5515 621.2935 620.9996 620.7242 620.5732 620.5591 620.6342 620.7275 620.7788 620.7906 620.828 621.0089 621.4711 622.0538 623.0364 624.2443 625.3107 626.2102 627.3581 629.0391 631.0793 633.0259 634.4916 635.1807 635.1832 -9999 -9999 -9999 -9999
624.1704 623.6655 622.8604 622.1295 621.9702 621.9537 621.9857 622.0391 622.1028 622.1702 622.2457 622.3382 622.446 622.5533 622.6393 622.6861 622.6853 622.641 622.562 622.4572 622.3315 622.1858 622.0002 621.694 621.3328 621.0055 620.8712 620.9935 621.0667 621.1055 621.0964 621.0737 621.0548 621.0547 621.0587 621.0686 621.1055 621.1982 621.3097 621.408 621.4615 621.4773 621.4441 621.3279 621.16 620.9952 620.7775 620.6497 620.6301 620.6809 620.7489 620.7815 620.7831 620.8218 620.9929 621.2693 621.762 622.7589 624.3369 625.8021 627.3668 629.2524 631.1824 633.0554 634.6326 635.6918 636.0782 -9999 -9999 -9999 -9999 -9999
622.8931 622.7386 622.5166 622.4854 622.2629 622.1669 622.1511 622.1776 622.2281 622.289 622.3524 622.4216 622.4977 622.5715 622.6279 622.654 622.6437 622.6026 622.5398 622.4586 622.3536 622.2095 622.0007 621.7034 621.346 620.9827 620.6016 620.7047 620.9861 621.0885 621.0676 621.0332 621.0001 621.0056 621.0045 620.9968 621.0003 621.0806 621.1661 621.233 621.2677 621.268 621.2245 621.127 621.0016 620.9078 620.7891 620.7169 620.7139 620.7617 620.8268 620.8632 620.8467 620.8535 620.9972 621.2938 621.9096 623.1323 624.893 626.7689 629.0732 631.2611 633.1224 634.6611 635.8067 636.5325 636.9189 -9999 -9999 -9999 -9999 -9999
622.1522 622.0372 622.0256 622.2526 622.2941 622.2871 622.282 622.296 622.335 622.3883 622.4409 622.4872 622.5273 622.5593 622.5765 622.5726 622.5475 622.5098 622.4698 622.4218 622.3461 622.2159 622.0003 621.6788 621.2742 620.8152 620.1158 620.2588 620.7152 620.9952 621.0002 621 620.9879 621 621.0016 620.9939 621 621.0428 621.0917 621.1254 621.1357 621.1208 621.0753 621.0003 620.9307 620.877 620.8234 620.7986 620.8094 620.8569 620.9319 620.9987 620.9976 621.0031 621.1954 621.6222 622.5275 624.2223 626.3604 628.6986 631.1039 633.158 634.7007 635.8124 636.566 637.1125 -9999 -9999 -9999 -9999 -9999 -9999
621.95 621.9214 621.9962 622.1988 622.3251 622.3746 622.3801 622.3804 622.4044 622.447 622.4899 622.5199 622.528 622.517 622.4908 622.4507 622.4026 622.3638 622.3538 622.3499 622.3156 622.2124 621.9981 621.6244 621.1222 620.5305 619.9716 620.0281 620.6125 620.9009 620.9609 621 621.0001 621.0223 621.0305 621.0225 621.0272 621.0507 621.0685 621.0719 621.0609 621.0367 621 620.9545 620.9211 620.9 620.8901 620.8994 620.9036 620.928 620.9995 621.0746 621.1853 621.3752 621.7413 622.382 623.5867 625.6725 628.0724 630.6721 632.9742 634.6869 635.8306 636.5743 637.1547 -9999 -9999 -9999 -9999 -9999 -9999 -9999
622.0338 622.0575 622.1514 622.3036 622.4172 622.4586 622.439 622.4039 622.4042 622.4308 622.4669 622.4976 622.4878 622.4438 622.3809 622.3068 622.2305 622.1804 622.207 622.2561 622.2703 622.201 621.998 621.5997 621.0635 620.4723 619.9807 620.1891 620.8818 621.0046 621.0031 621.0546 621.0624 621.0675 621.0664 621.0422 621.0522 621.0726 621.0736 621.0536 621.0274 621 620.973 620.951 620.949 620.9483 620.9627 620.9997 620.9758 620.9473 620.9999 621.1781 621.5258 622.0645 622.7675 623.6551 625.2106 627.4081 629.8824 632.4357 634.4604 635.7752 636.5578 637.1499 -9999 -9999 -9999 -9999 -9999 -9999 -9999 -9999
622.1994 622.2571 622.3484 622.4539 622.5182 622.5034 622.4104 622.3008 622.272 622.2835 622.3247 622.3955 622.3933 622.3367 622.2585 622.1698 622.0741 622.0016 622.0677 622.1653 622.2202 622.1819 622.0002 621.6001 621.0522 620.4608 620.0113 620.723 621.1457 621.2501 621.2256 621.1852 621.1177 621.0704 621.055 621.0005 621.0463 621.0963 621.0895 621.0491 621.0166 621 620.9784 620.9697 620.9999 621.0002 621.0002 621.0294 620.9997 620.933 620.9995 621.3434 621.9986 623.084 624.4583 625.5568 627.0554 629.1653 631.634 633.8878 635.5023 636.4121 637.0001 -9999 -9999 -9999 -9999 -9999 -9999 -9999 -9999 -9999
622.2911 622.3798 622.4597 622.5253 622.5367 622.4417 622.2181 621.9548 621.8969 621.9094 622.0026 622.2001 622.2333 622.1903 622.1322 622.0702 622 621.9567 622.0003 622.1068 622.1681 622.1372 621.9889 621.5828 621.0313 620.4136 620.0176 620.7396 621.1635 621.3461 621.3471 621.239 621.0575 620.9148 620.8871 620.8478 621.0024 621.1191 621.1034 621.0354 621 620.9896 621 621.0008 621.0665 621.0811 621.0503 620.9967 620.9227 620.907 621.0385 621.5718 622.428 623.8325 625.4863 627.1031 628.7226 631.0233 633.2776 635.007 636.1037 636.7338 637.1794 -9999 -9999 -9999 -9999 -9999 -9999 -9999 -9999 -9999
622.1835 622.3096 622.3655 622.3957 622.3739 622.2106 621.8006 621.2117 621.0677 621.1235 621.4686 621.9241 622.0018 622.0013 622.0002 621.9999 621.9762 621.9606 622 622.0793 622.0953 622.0017 621.8204 621.4574 620.9148 620.1241 619.8428 620.1828 620.8168 621.1836 621.2588 621.1306 620.8141 620.4805 620.1569 620.4318 620.9656 621.1458 621.0964 621.0004 620.993 621.0002 621.0746 621.1141 621.1248 621.0518 620.8923 620.7307 620.7898 620.9924 621.3926 622.0572 623.0645 624.4809 626.1611 627.993 630.0336 632.5037 634.5134 635.8458 636.5746 636.9963 -9999 -9999 -9999 -9999 -9999 -9999 -9999 -9999 -9999 -9999
621.7719 621.9285 621.9461 621.9478 621.9312 621.7717 621.1844 620.8311 620.7532 620.8456 621.0467 621.4861 621.7034 621.8051 621.8768 621.9386 621.9719 621.9719 622.0002 622.0529 621.9978 621.8177 621.5811 621.2381 620.7251 620.0018 619.6954 619.8127 620.184 620.756 620.8914 620.829 620.5102 620.213 619.9703 620.0886 620.7618 621.0593 621.0022 620.9623 620.9998 621.0499 621.1512 621.1597 621.038 620.7422 620.1887 620.2597 620.6553 621.077 621.8078 622.6405 623.6791 625.0004 626.5632 628.3822 630.6443 633.1624 634.9783 636.123 636.7173 637.0191 -9999 -9999 -9999 -9999 -9999 -9999 -9999 -9999 -9999 -9999
621.0063 621.076 621.0765 621.0733 621.0779 621.0349 620.8318 620.7319 620.8041 620.9894 621.1133 621.3381 621.5059 621.6302 621.749 621.8771 621.9866 622.0006 622.0356 621.9958 621.7984 621.541 621.2661 620.9091 620.2087 619.8175 619.6563 619.6941 619.8411 620.0217 620.0469 620.0579 620.2151 620.1757 620.0446 619.9519 620.1915 620.7479 620.6871 620.7461 620.8779 621.0051 621.1472 621.0577 620.7305 620.144 620.007 620.1769 620.8521 621.3412 622.0674 623.1177 624.1726 625.3752 626.703 628.2189 630.4222 632.7938 634.4185 635.8875 636.5905 -9999 -9999 -9999 -9999 -9999 -9999 -9999 -9999 -9999 -9999 -9999
620.4319 620.4302 620.4248 620.4326 620.5066 620.6168 620.7085 620.8542 621.0899 621.2781 621.3083 621.3345 621.3766 621.4592 621.5822 621.7633 621.9957 622.0836 621.9913 621.7711 621.5035 621.2288 621.0025 620.7836 620.4012 620.1041 620.0344 620.0353 620.0515 620.0531 620.046 620.1115 620.4548 620.5107 620.4363 620.1051 619.9984 620.0289 619.9777 620.2911 620.6096 620.955 621.0446 620.7546 620.1458 620.141 620.4772 620.9063 621.3224 621.6807 622.3096 623.3926 624.5145 625.6436 626.7241 627.7576 629.3866 631.8564 633.981 635.5781 636.3564 636.66 -9999 -9999 -9999 -9999 -9999 -9999 -9999 -9999 -9999 -9999
620.0974 620.008 619.9957 620.0072 620.1646 620.4536 620.8097 621.2338 621.79 621.7508 621.5436 621.345 621.2322 621.2488 621.3217 621.4718 621.7567 621.9345 621.6473 621.4023 621.1956 621.0018 620.9706 621.0674 621.0607 620.996 620.9375 620.9384 620.9828 620.9832 620.975 620.9969 621.0811 621.0699 620.9784 620.764 620.1636 619.6139 619.1971 619.6984 619.9868 620.3652 620.5992 620.1608 620.1787 620.5555 621.2029 621.7582 621.9637 622.162 622.8283 623.7781 624.8053 625.7955 626.6175 626.9841 627.8881 630.4694 633.0118 634.8643 635.9086 636.3504 -9999 -9999 -9999 -9999 -9999 -9999 -9999 -9999 -9999 -9999
619.999 619.8439 619.7799 619.8154 620.012 620.4556 621.0509 621.824 622.1598 622.002 621.619 621.2476 621.0088 620.9939 620.9974 621.0378 621.2928 621.3488 621.0701 621.0015 620.9977 620.9862 621.212 621.7821 621.9211 621.8899 621.7139 621.7114 621.8863 621.926 621.9258 621.892 621.7193 621.5494 621.3149 621.0677 620.6351 619.6972 619.0658 618.9848 619.0391 619.3885 619.6699 619.9063 620.4763 621.1095 621.8331 622.2285 622.4379 622.7441 623.3337 624.091 624.9084 625.6022 625.9865 626.2484 627.1326 629.2547 631.933 634.0351 635.2999 635.9503 -9999 -9999 -9999 -9999 -9999 -9999 -9999 -9999 -9999 -9999
619.9892 619.7686 619.683 619.7554 620.0066 620.4711 621.1029 621.9214 622.2101 621.9803 621.4557 621.0025 620.7493 620.6997 620.7234 620.808 620.99 620.9951 620.8386 620.8226 620.9422 621.2003 621.7861 621.982 622.0625 622.085 622.0032 622.0045 622.1202 622.1583 622.1835 622.1653 622.0072 621.7823 621.3407 621.0132 620.6248 619.8831 619.0005 618.3995 618.1504 618.5182 619.103 619.763 620.7568 621.4258 622.0133 622.4197 622.6923 623.0532 623.547 624.1044 624.6915 625.0303 625.2049 625.4531 626.3159 628.1826 630.9863 633.403 634.9148 635.5076 -9999 -9999 -9999 -9999 -9999 -9999 -9999 -9999 -9999 -9999
619.8844 619.664 619.5939 619.6985 619.9825 620.3609 620.9041 621.5645 621.8712 621.5542 620.9705 620.563 620.391 620.403 620.4776 620.5929 620.728 620.7699 620.7529 620.8593 621.19 621.7806 621.9872 621.9228 622.0123 622.1392 622.1696 622.1655 622.1609 622.0849 622.1165 622.1796 622.1096 621.8569 621.1448 620.8591 620.528 619.9081 618.9015 618.0593 617.7705 618.0775 618.9387 619.9079 620.9031 621.5392 622.024 622.4393 622.6792 622.9527 623.2946 623.6803 624.0339 624.2194 624.3329 624.6397 625.5422 627.3723 630.2288 632.8358 634.5533 635.135 -9999 -9999 -9999 -9999 -9999 -9999 -9999 -9999 -9999 -9999
619.9829 619.6174 619.4863 619.5394 619.7289 619.9788 620.2433 620.8275 621.0098 620.8069 620.2277 620.014 620.007 620.1461 620.279 620.4336 620.5925 620.7094 620.8196 621.0897 621.7585 622.1395 622.246 622.1674 622.4268 622.4342 622.4713 622.431 622.3214 622.0258 622.0005 622.0914 621.9808 621.5224 621.0094 620.7042 620.381 619.814 618.7076 617.9346 617.6929 618.0365 619.0009 620.0186 620.9527 621.5671 622.0088 622.3797 622.5446 622.6857 622.8459 623.0574 623.2485 623.3505 623.4847 623.9143 624.9589 626.8979 629.7104 632.2885 634.0125 634.7349 -9999 -9999 -9999 -9999 -9999 -9999 -9999 -9999 -9999 -9999
620.0723 619.5808 619.3717 619.3474 619.4359 619.5785 619.7512 620.0223 620.0953 620.0156 619.7612 619.6807 619.7764 619.9905 620.1396 620.3461 620.5771 620.7955 621.0099 621.3921 621.9696 622.4209 622.735 622.9823 623.269 622.9052 623.0467 623.0481 622.918 622.4756 622.2051 622.1007 621.873 621.1735 620.7678 620.4561 620.0918 619.5577 618.5427 617.9088 617.8146 618.2397 619.3067 620.2067 620.9875 621.5773 622.0001 622.2741 622.4012 622.4084 622.413 622.4525 622.5304 622.6036 622.8307 623.4664 624.7468 626.9457 629.6041 631.9853 633.4991 634.059 -9999 -9999 -9999 -9999 -9999 -9999 -9999 -9999 -9999 -9999
620.1185 619.5546 619.2845 619.1882 619.1967 619.2607 619.362 619.4885 619.5322 619.5001 619.416 619.4296 619.5704 619.7939 620.0083 620.3097 620.6411 620.9761 621.2793 621.6521 622.0786 622.6459 623.1466 623.5794 623.8508 623.1689 623.9671 624.3625 623.72 622.8873 622.2979 621.9609 621.5173 620.9821 620.5488 620.1467 619.6077 618.8817 618.2213 617.9301 618.1656 618.7962 619.7554 620.42 621.0123 621.5758 621.9965 622.1678 622.2247 622.1835 622.12 622.0568 622.0793 622.1944 622.6028 623.5583 625.2431 627.4523 629.8748 632.0308 633.4398 633.9938 -9999 -9999 -9999 -9999 -9999 -9999 -9999 -9999 -9999 -9999
620.0946 619.5612 619.2584 619.0996 619.0393 619.0455 619.0914 619.1518 619.178 619.1714 619.1614 619.2268 619.4016 619.673 619.9979 620.3344 620.7357 621.0891 621.5693 621.987 622.3824 622.8772 623.3685 623.7617 623.8954 623.631 625.0541 625.4457 624.1025 622.8719 622.0624 621.5795 621.0893 620.6967 620.311 619.8986 619.2362 618.2809 618.0693 618.1581 618.7589 619.5762 620.1394 620.571 621.0165 621.5736 621.9948 622.0797 622.0465 621.9829 621.9645 621.9634 622.0707 622.3645 623.0931 624.3314 626.1402 628.2889 630.5182 632.4829 633.7816 634.3149 -9999 -9999 -9999 -9999 -9999 -9999 -9999 -9999 -9999 -9999
620.2388 619.7021 619.3278 619.0919 618.9662 618.9225 618.9293 618.954 618.964 618.9598 618.9706 619.0493 619.2335 619.5386 619.9551 620.3382 620.954 621.5198 621.9795 622.3043 622.6217 623.0182 623.4437 623.801 623.9736 623.8149 624.4008 623.9943 623.1627 622.2522 621.6829 621.2822 620.9487 620.5006 620.0925 619.7625 619.1859 618.6415 618.6741 619.028 619.6514 620.0862 620.3948 620.6654 621.0173 621.5906 621.9948 622.0116 621.8952 621.8634 621.9398 622.1813 622.6104 623.4164 624.1012 625.3194 627.1394 629.2719 631.3367 633.0214 634.0724 -9999 -9999 -9999 -9999 -9999 -9999 -9999 -9999 -9999 -9999 -9999
620.759 619.9935 619.4629 619.1384 618.959 618.8789 618.8573 618.8562 618.8467 618.8281 618.8276 618.887 619.0396 619.3019 619.6719 620.1357 621.0128 621.8649 622.2596 622.49 622.7175 623.027 623.3784 623.6136 623.4268 622.5913 622.6194 622.5858 622.2036 621.778 621.3838 621.0197 620.7008 620.2722 619.7961 619.3458 619.782 619.7562 619.7921 619.9292 620.1801 620.3949 620.5746 620.7736 621.083 621.6875 621.9981 621.9503 621.8162 621.8525 622.0865 622.6319 623.2919 624.1329 625.0544 626.3112 628.0513 630.0368 631.8516 633.1724 -9999 -9999 -9999 -9999 -9999 -9999 -9999 -9999 -9999 -9999 -9999 -9999
620.917 620.066 619.5215 619.1876 619.0001 618.9092 618.8707 618.8462 618.811 618.7666 618.7412 618.7727 618.8907 619.1188 619.486 620.0538 621.0135 621.936 622.323 622.4969 622.6682 622.9534 623.3541 623.756 623.7183 622.6675 622.0459 622.0245 621.9885 621.644 621.2931 620.9942 620.6355 620.2637 619.9947 619.9376 620.1227 620.2026 620.2566 620.3335 620.4584 620.6056 620.7816 621.0204 621.4242 621.9506 622.0117 621.908 621.8175 621.9609 622.5303 623.4635 624.1583 625.0313 626.0253 627.2087 628.6768 630.2902 -9999 -9999 -9999 -9999 -9999 -9999 -9999 -9999 -9999 -9999 -9999 -9999 -9999 -9999
620.9322 620.0671 619.564 619.2675 619.1121 619.036 618.9885 618.9355 618.8662 618.7875 618.7362 618.7507 618.8561 619.0723 619.4456 620.0491 621.0288 621.9336 622.2581 622.3746 622.5189 622.8365 623.3867 624.2498 624.7071 623.8172 622.4728 622.0486 621.9669 621.571 621.2147 620.9812 620.613 620.2559 620.0035 620.0701 620.2262 620.3383 620.4172 620.5032 620.6375 620.8364 621.1092 621.3929 621.7056 622.0242 621.9695 621.9026 621.8959 622.2961 623.3624 624.2849 624.9802 625.838 626.824 627.882 628.99 -9999 -9999 -9999 -9999 -9999 -9999 -9999 -9999 -9999 -9999 -9999 -9999 -9999 -9999 -9999
620.9322 620.1086 619.6857 619.4389 619.3485 619.3105 619.2588 619.1611 619.043 618.9155 618.8418 618.8636 618.994 619.2247 619.614 620.2067 621.1834 621.9458 622.14 622.1956 622.3447 622.7422 623.4682 625.1064 626.2925 624.6657 622.9124 622.0376 621.6998 621.3505 621.0186 620.8363 620.5753 620.3116 620.1434 620.1689 620.2738 620.3783 620.4852 620.629 620.8577 621.2233 621.7822 621.8511 622.0146 622.4456 622.0395 621.9985 622.0486 622.736 623.8566 624.7744 625.3259 626.0718 627.0341 628.0343 -9999 -9999 -9999 -9999 -9999 -9999 -9999 -9999 -9999 -9999 -9999 -9999 -9999 -9999 -9999 -9999
620.9709 620.3339 619.9764 619.7628 619.7855 619.8103 619.7566 619.5819 619.3934 619.1826 619.0844 619.1444 619.3557 619.6309 620.0891 620.749 621.6923 621.9958 622.0313 622.04 622.2136 622.7848 623.8197 625.2891 624.9282 623.7642 622.4373 621.7518 621.4171 621.1757 620.9944 620.7982 620.5924 620.4052 620.2899 620.2871 620.3505 620.442 620.5889 620.835 621.2188 621.819 622.0476 621.9997 622.0267 622.5164 622.2538 622.0654 622.2296 622.9501 623.9365 624.608 625.0899 625.8418 626.7872 627.7602 -9999 -9999 -9999 -9999 -9999 -9999 -9999 -9999 -9999 -9999 -9999 -9999 -9999 -9999 -9999 -9999
621.0189 620.5775 620.3523 620.2839 620.5259 620.6283 620.5839 620.2808 619.9888 619.6162 619.4822 619.6078 619.9814 620.292 620.7902 621.397 621.9603 622.0123 622.0719 622.054 622.0559 622.5416 623.3199 623.9703 623.6077 622.6545 621.8688 621.417 621.1659 621.0014 620.8978 620.7746 620.6415 620.5238 620.4504 620.4448 620.4933 620.5812 620.7963 621.2093 621.821 622.1198 622.142 622.036 622.1257 622.9596 622.412 622.0046 622.1926 622.9218 623.8209 624.2767 624.6544 625.1567 625.9564 626.9149 627.6766 -9999 -9999 -9999 -9999 -9999 -9999 -9999 -9999 -9999 -9999 -9999 -9999 -9999 -9999 -9999
621.2511 621.0211 621.0888 621.4007 621.7162 621.8249 621.8287 621.4397 620.8833 620.2258 620.0597 620.2419 620.8902 621.3362 621.7597 621.9744 622.0756 622.0994 622.7608 622.7782 622.0601 622.2759 622.7424 622.9946 622.6585 621.971 621.4139 621.1595 621.0005 620.9088 620.8536 620.7917 620.7244 620.6691 620.6334 620.6451 620.7125 620.7917 621.1021 621.7879 622.1478 622.2587 622.1661 622.0161 622.0784 622.7594 622.1284 621.8391 622.0366 622.7943 623.5825 624.0135 624.4247 624.7825 625.2081 625.9713 626.6409 -9999 -9999 -9999 -9999 -9999 -9999 -9999 -9999 -9999 -9999 -9999 -9999 -9999 -9999 -9999
621.6753 621.7228 622.1104 622.622 622.7795 622.663 622.7862 622.4192 621.7621 621.0768 620.9236 621.0917 621.7119 621.8787 622.0026 622.1066 622.1443 622.2489 622.5532 623.4739 622.3533 622.229 622.3911 622.4192 622.0452 621.439 621.0283 620.9938 620.9177 620.8785 620.8649 620.8453 620.8307 620.8348 620.8264 620.8568 620.9861 621.0296 621.4146 621.974 622.2438 622.3016 622.1829 622.0011 621.9657 622.0538 621.8171 621.7769 622.136 623.0132 623.8527 624.3318 624.8988 625.2604 625.5105 625.6377 625.9153 -9999 -9999 -9999 -9999 -9999 -9999 -9999 -9999 -9999 -9999 -9999 -9999 -9999 -9999 -9999
