backend/lakes/data/South Heart Reservoir/sout_dem_tm.asc
ncols         281
nrows         188
xllcorner     397700
yllcorner     6168550
cellsize      50
NODATA_value  -9999
[rows 32 to 63 of 188, columns 144 to 215 of 281]
-9999 -9999 -9999 -9999 -9999 -9999 -9999 -9999 -9999 -9999 -9999 -9999 -9999 -9999 -9999 -9999 -9999 -9999 -9999 -9999 -9999 -9999 -9999 -9999 -9999 -9999 -9999 -9999 -9999 -9999 -9999 -9999 -9999 -9999 -9999 -9999 -9999 -9999 -9999 -9999 -9999 -9999 -9999 -9999 -9999 -9999 -9999 -9999 -9999 -9999 -9999 -9999 -9999 -9999 -9999 632.9536 632.2792 631.7518 631.0138 630.0519 628.6249 627.2162 625.4421 623.8266 623.0942 622.7601 622.6273 622.5742 622.5232 622.4328 622.2946 622.127
-9999 -9999 -9999 -9999 -9999 -9999 -9999 -9999 -9999 -9999 -9999 -9999 -9999 -9999 636.0059 637.0699 -9999 -9999 -9999 -9999 -9999 -9999 -9999 -9999 -9999 -9999 -9999 -9999 -9999 -9999 -9999 -9999 -9999 -9999 -9999 -9999 -9999 -9999 -9999 -9999 -9999 -9999 -9999 -9999 -9999 -9999 -9999 -9999 -9999 -9999 -9999 -9999 -9999 -9999 -9999 632.676 632.0628 631.4635 630.406 628.7558 626.9492 626.0414 624.9406 623.9054 623.3644 623.1351 623.0518 622.9969 622.9005 622.7388 622.5232 622.2827
-9999 -9999 -9999 -9999 -9999 -9999 -9999 -9999 -9999 631.765 631.4325 631.2758 632.3149 634.0621 635.79 636.8405 636.9285 636.8992 637.0818 -9999 -9999 -9999 -9999 -9999 -9999 -9999 -9999 -9999 -9999 -9999 -9999 -9999 -9999 -9999 -9999 -9999 -9999 -9999 -9999 -9999 -9999 -9999 -9999 -9999 -9999 -9999 -9999 -9999 -9999 -9999 -9999 -9999 -9999 -9999 -9999 632.2162 631.382 630.5557 629.004 627.0659 625.6289 624.8846 624.2757 623.7711 623.5125 623.4325 623.4232 623.3898 623.2691 623.0485 622.7589 622.4464
-9999 -9999 -9999 -9999 -9999 -9999 -9999 632.1797 632.0146 632.2047 632.2197 632.1231 633.0967 634.5117 635.7614 636.4545 636.651 636.7645 637.0823 637.5526 638.0807 638.2999 -9999 -9999 -9999 -9999 -9999 -9999 -9999 -9999 -9999 -9999 -9999 -9999 -9999 -9999 -9999 -9999 -9999 -9999 -9999 -9999 -9999 -9999 -9999 -9999 -9999 -9999 -9999 -9999 -9999 -9999 -9999 -9999 632.8356 631.8049 630.7162 629.3749 627.4615 625.4416 624.3312 623.8599 623.6429 623.5405 623.5509 623.6292 623.704 623.7045 623.5779 623.3164 622.9634 622.5865
-9999 -9999 -9999 -9999 -9999 -9999 630.6523 631.0497 631.8842 632.6974 632.9928 632.9061 633.4537 634.4058 635.0803 635.5598 635.8737 636.1926 636.8017 637.3367 637.7408 637.5711 636.8314 635.9488 -9999 -9999 -9999 -9999 -9999 -9999 -9999 -9999 -9999 -9999 -9999 -9999 -9999 -9999 -9999 -9999 -9999 -9999 -9999 -9999 -9999 -9999 -9999 629.0727 630.0573 630.697 -9999 -9999 -9999 -9999 632.3196 631.3149 630.0884 628.418 626.242 624.129 623.2522 623.0403 623.1215 623.3081 623.5328 623.7448 623.8924 623.9241 623.7977 623.5101 623.1084 622.6768
-9999 -9999 -9999 -9999 -9999 -9999 628.8882 630.1125 631.4897 632.5691 632.2521 631.5133 631.7137 632.4924 633.191 633.7134 634.1698 634.7499 635.5152 636.1341 636.3298 635.931 635.0684 634.1266 633.5846 -9999 -9999 -9999 -9999 -9999 -9999 -9999 -9999 -9999 -9999 -9999 -9999 -9999 -9999 -9999 -9999 -9999 -9999 -9999 629.4635 628.0973 627.3983 627.931 628.9799 630.045 630.8176 631.2659 631.7926 632.0649 631.6349 630.7834 629.5192 627.7347 625.5408 623.511 622.5865 622.4894 622.7531 623.1235 623.4938 623.8029 624.0024 624.0532 623.9247 623.6174 623.1815 622.7061
-9999 -9999 -9999 -9999 -9999 -9999 627.7779 629.4977 631.112 631.594 630.6967 629.0679 629.0494 629.6252 630.278 630.7994 631.368 632.1677 633.0218 633.6588 633.8126 633.3995 632.6029 631.7548 631.2872 -9999 -9999 -9999 -9999 -9999 -9999 -9999 -9999 -9999 -9999 -9999 -9999 -9999 -9999 -9999 -9999 -9999 -9999 629.0935 628.1227 627.1281 626.5658 626.7141 627.5778 628.7086 629.8232 630.584 630.9013 630.8648 630.4153 629.6519 628.4554 626.7789 624.8257 623.0475 622.1196 622.1448 622.5187 622.9895 623.4427 623.8121 624.0452 624.105 623.9713 623.6499 623.1932 622.6893
-9999 -9999 -9999 -9999 -9999 -9999 627.6509 629.6908 631.2202 630.8239 629.2126 627.6797 627.2267 627.4299 627.8137 627.7296 628.2516 628.9262 629.6868 630.3718 630.6781 630.4338 629.7769 629.0813 628.6648 -9999 -9999 -9999 -9999 -9999 -9999 -9999 -9999 -9999 -9999 -9999 -9999 -9999 -9999 -9999 -9999 -9999 627.5147 627.2371 626.7657 626.1521 625.6575 625.4545 626.0497 627.0525 628.2265 629.022 629.2272 628.9932 628.4971 627.8168 626.7823 625.3693 623.8435 622.562 621.9914 622.0353 622.4105 622.8969 623.3748 623.7687 624.019 624.0842 623.9486 623.6263 623.1722 622.6749
-9999 -9999 -9999 -9999 -9999 626.1454 627.9842 630.0518 630.9692 630.027 627.8737 626.3974 625.7424 625.5926 625.5891 625.448 625.603 625.8987 626.2869 627.0455 627.6169 627.6149 627.128 626.5727 626.1979 -9999 -9999 -9999 -9999 -9999 -9999 -9999 -9999 -9999 -9999 -9999 -9999 -9999 -9999 -9999 -9999 626.3687 625.6692 625.557 625.3869 625.0529 624.4875 624.2089 624.5328 625.3555 626.3647 626.9882 627.0429 626.6561 626.1115 625.5258 624.7896 623.8757 622.8519 622.0726 621.8228 621.962 622.3417 622.8136 623.2799 623.67 623.9215 623.9891 623.8589 623.5529 623.1334 622.6979
-9999 -9999 -9999 -9999 -9999 626.0128 627.7952 629.6669 630.2999 628.7484 626.3003 625.1354 624.5394 624.2208 623.9873 623.7509 623.6533 623.679 623.8818 624.4982 625.2278 625.3933 625.1193 624.6887 624.3901 -9999 -9999 -9999 -9999 -9999 -9999 -9999 -9999 -9999 -9999 -9999 -9999 -9999 -9999 -9999 -9999 625.1201 624.4135 624.3834 624.1813 623.8589 623.2457 622.9372 623.0003 623.8155 624.5964 624.924 624.7895 624.3153 623.7827 623.3525 623.0381 623.0705 622.4407 621.9207 621.7665 621.9238 622.2799 622.7205 623.1554 623.5203 623.7568 623.8201 623.6973 623.4154 623.041 622.6688
-9999 -9999 -9999 -9999 -9999 625.403 626.7934 628.2025 628.4929 627.0195 624.9634 624.2274 623.7367 623.3425 622.995 622.6866 622.473 622.3607 622.4329 623.1514 623.8107 623.9532 623.8846 623.6395 623.5111 -9999 -9999 -9999 -9999 -9999 -9999 -9999 -9999 -9999 -9999 -9999 -9999 -9999 -9999 -9999 625.2814 624.2944 623.875 623.8623 623.5217 623.0462 622.2963 622.0995 622.2395 622.7959 623.2087 623.3995 623.0117 622.551 622.2057 621.9952 622.0641 622.36 622.07 621.7782 621.7101 621.8771 622.2058 622.6076 623.0022 623.3278 623.5347 623.5846 623.4653 623.2069 622.8748 622.5568
-9999 -9999 -9999 -9999 -9999 624.8601 625.6045 626.4347 626.402 625.2548 624.0809 623.7374 623.2678 622.847 622.4731 622.173 621.9871 621.9369 622.0683 622.8058 623.1554 623.1075 623.1783 623.1287 623.1729 -9999 -9999 -9999 -9999 -9999 -9999 -9999 -9999 -9999 -9999 -9999 -9999 -9999 -9999 625.2742 624.5586 623.9098 623.5071 623.3395 623.0773 622.8057 622.0557 621.7637 621.7968 622.0631 622.2644 622.2849 621.9969 621.671 621.3999 621.2503 621.4169 621.7629 621.7148 621.6274 621.6491 621.8243 622.1235 622.4806 622.8262 623.1029 623.2693 623.2964 623.1766 622.9377 622.6437 622.3778
625.7534 -9999 -9999 -9999 624.1935 624.4371 624.7383 624.9579 624.5943 623.7134 622.8312 622.9446 622.7736 622.5149 622.2321 622.0076 621.9175 621.9968 622.1452 622.6186 622.9696 622.9304 622.9937 623.0079 -9999 -9999 -9999 -9999 -9999 -9999 -9999 -9999 -9999 -9999 -9999 -9999 -9999 -9999 -9999 624.527 623.9818 623.4471 623.1375 622.8995 622.5701 622.4229 621.9308 621.6384 621.5697 621.6435 621.7042 621.657 621.4668 621.2678 621.1173 620.9977 621.0991 621.3652 621.5007 621.5781 621.6599 621.8138 622.061 622.3578 622.6411 622.86 622.9799 622.9805 622.858 622.6375 622.3807 622.1723
624.7258 623.8348 623.5898 623.7338 623.9601 624.0013 623.9973 623.8307 623.2544 622.6053 622.0809 622.2404 622.3348 622.2832 622.1315 621.981 621.928 621.9999 622.1466 622.4309 622.6703 622.7413 622.8461 -9999 -9999 -9999 -9999 -9999 -9999 -9999 -9999 -9999 -9999 -9999 -9999 -9999 -9999 -9999 -9999 623.8787 623.4748 623.0437 622.9132 622.6805 622.1065 622.0056 621.7676 621.5686 621.4708 621.4503 621.4338 621.3715 621.2591 621.1522 621.1061 621.0898 621.1568 621.3608 621.5693 621.7266 621.7991 621.8781 622.0373 622.2515 622.4594 622.6145 622.6909 622.6708 622.5524 622.3561 622.1403 622.002
623.9774 623.4186 623.293 623.3531 623.4702 623.4764 623.338 622.9386 622.3059 621.9828 621.7689 621.9042 622.0863 622.1589 622.1071 622.0081 621.9598 621.9999 622.0958 622.2633 622.451 622.6244 622.8778 -9999 -9999 -9999 -9999 -9999 -9999 -9999 -9999 -9999 -9999 -9999 -9999 -9999 -9999 -9999 -9999 623.2324 623.1411 623.0001 623 622.9396 622.3887 621.998 621.743 621.5731 621.4666 621.4017 621.3525 621.2957 621.2363 621.2023 621.2217 621.2943 621.4119 621.6008 621.8245 621.9927 621.9987 621.976 622.0355 622.1583 622.2852 622.3793 622.4254 622.4025 622.3063 622.1547 622.0016 622
623.3533 623.0399 623.0431 623.0082 623.0124 622.9838 622.829 622.441 621.9622 621.7307 621.651 621.7719 621.9651 622.0959 622.1075 622.0445 621.9916 622 622.0403 622.123 622.2954 622.5764 623.0356 -9999 -9999 -9999 -9999 -9999 -9999 -9999 -9999 -9999 -9999 -9999 -9999 -9999 -9999 -9999 -9999 623.0002 623.0248 623.0001 622.9554 622.6816 622.095 621.9045 621.7457 621.6185 621.5206 621.4395 621.376 621.3303 621.307 621.3219 621.3806 621.495 621.6484 621.8272 621.9973 622 622.0134 622 622.0175 622.0701 622.1227 622.1652 622.2029 622.1986 622.1454 622.0642 622 622
622.8231 622.8094 622.9997 622.9075 622.7191 622.4715 622.1287 621.9489 621.7198 621.5983 621.5938 621.7069 621.885 622.0366 622.0912 622.0596 622.0081 622 621.9999 622.0009 622.1436 622.4601 622.9557 -9999 -9999 -9999 -9999 625.6569 625.0933 624.6826 624.0691 623.4657 -9999 -9999 -9999 -9999 -9999 -9999 -9999 623 623.0599 623.0762 622.993 622.6178 622.1606 621.9952 621.8293 621.7069 621.6121 621.5262 621.4538 621.4126 621.4097 621.4508 621.5357 621.6537 621.7994 621.9354 622.0001 622.0035 622 621.9944 621.9955 622.0049 622.0001 622.0009 622.048 622.0663 622.051 622.0192 621.9973 622
622.3655 622.5425 622.9896 622.8433 622.5332 622.2283 621.9854 621.771 621.6202 621.5503 621.558 621.6423 621.7926 621.9491 622.0383 622.0405 622 621.9888 621.9756 621.9508 622.004 622.2546 622.6183 -9999 -9999 624.4142 625.0787 625.3889 625.3146 625.1199 624.6921 623.7827 623.0543 -9999 -9999 -9999 -9999 -9999 -9999 -9999 623.1299 623.137 622.9952 622.5687 622.1344 621.9999 621.892 621.8003 621.7184 621.6365 621.5599 621.5138 621.5148 621.5638 621.654 621.771 621.8958 621.9997 622 622.0021 622 621.9955 621.995 622 621.9935 622 622 622.0105 622.0094 622.0012 621.9971 622
621.998 622.1309 622.7632 622.613 622.2926 622.0078 621.8363 621.6912 621.6065 621.5804 621.5883 621.632 621.7327 621.8693 621.9757 622.012 622 622 622 621.9783 621.9998 622.1096 622.3263 -9999 623.0524 623.6086 624.1777 624.8113 624.9853 624.8441 624.2625 623.3321 622.8682 622.7828 622.7773 -9999 -9999 -9999 -9999 -9999 623.1697 623.1673 622.9928 622.5146 622.0272 621.9998 621.9513 621.8885 621.8246 621.7535 621.6794 621.6257 621.6165 621.6568 621.7371 621.8375 621.9348 622 622 622.001 622 621.9976 621.9976 622 622 622.0005 622 622 622 621.9988 622 622
621.9236 621.8997 622.0829 622.1689 622.0068 621.877 621.7861 621.7094 621.6739 621.6809 621.6975 621.7132 621.7606 621.8549 621.9513 622 622 622.0033 622.0076 622 621.9781 622.0004 -9999 -9999 622.5951 622.9574 623.2981 623.9128 624.2065 624.1314 623.4288 622.8785 622.5966 622.5384 622.5719 -9999 -9999 -9999 -9999 -9999 -9999 623.1425 622.9832 622.5413 622.1345 622.0004 621.9999 621.9575 621.9139 621.8611 621.7986 621.743 621.7192 621.7399 621.7991 621.8774 621.9501 621.9945 622 622.0006 622 622 621.9993 622 622.0001 622 622.0001 622 622 622 622 622
622.1803 621.9069 621.9092 621.9957 621.9037 621.8356 621.8113 621.7992 621.8047 621.834 621.861 621.861 621.8629 621.9049 621.9664 621.9981 622 622 622.0044 622 621.9701 621.957 622.0001 622.1082 622.2751 622.4836 622.7053 623.0056 623.1059 623.0045 622.7021 622.4482 622.3208 622.3131 622.3755 622.4783 -9999 -9999 -9999 -9999 -9999 622.9958 622.8136 622.4829 622.1833 622.0367 622 621.9863 621.9708 621.9427 621.9016 621.8544 621.8219 621.8217 621.8555 621.9094 621.9622 621.9946 622 622 622 622 622 622 622 622.0009 622.0016 622.0013 622.0009 622 621.9999 621.9999
622.121 621.8593 621.8088 621.847 621.8309 621.8248 621.8543 621.9031 621.9539 622.0009 622.0299 622.017 621.9816 621.976 622 622.0034 622 621.9982 622 622 621.9796 621.9545 621.9581 622.0001 622.0825 622.1819 622.2817 622.3648 622.3096 622.1308 622.1511 622.1224 622.1106 622.1418 622.2134 622.3177 -9999 -9999 -9999 -9999 -9999 622.7367 622.5762 622.3458 622.1504 622.0402 622 622 622 621.9891 621.974 621.9463 621.9148 621.8997 621.9104 621.9413 621.9767 622 622 622 621.9999 622 622 622.001 622.0019 622.0033 622.0043 622.0037 622.0021 622.0004 621.9998 621.9998
622.1024 621.8723 621.8035 621.8105 621.8184 621.8458 621.9057 621.9907 622.077 622.1394 622.1588 622.1199 622.0455 622 621.9951 622 622.0109 622 622 622.0037 622 621.9745 621.9666 621.9795 622 622.0308 622.0594 622.0638 622.0019 621.9409 621.9992 622.0001 622.0142 622.0448 622.1006 622.1837 622.2887 -9999 -9999 -9999 -9999 -9999 622.3278 622.1686 622.073 622.0208 622 621.9996 622.0009 622 622.0115 622.0065 621.9863 621.9651 621.959 621.9705 621.9893 622 622 622 622.0001 622.0016 622.0031 622.0042 622.0052 622.0066 622.0072 622.0055 622.0024 621.9998 621.9987 621.9991
622.2681 622.043 621.9313 621.8881 621.8787 621.8986 621.9608 622.053 622.1506 622.2169 622.2139 622.1262 622.0003 621.9275 621.933 621.9994 622.0265 621.9991 622 622 621.9956 621.9878 621.9904 622 621.9844 621.9813 621.99 622.0024 621.9999 621.9617 621.981 622 622 622.0069 622.0336 622.0844 622.1565 -9999 -9999 -9999 -9999 -9999 622.1158 622.0016 621.9999 622 621.9969 621.9985 622 622.0086 622.027 622.0359 622.0271 622.0083 621.9937 621.9919 622 622.0015 622 621.9998 622 622.0034 622.0069 622.0088 622.0096 622.0102 622.0093 622.0056 622.0004 621.9966 621.9956 621.9974
622.7173 622.3846 622.1801 622.0521 621.9861 621.9727 621.9999 622.064 622.1432 622.1918 622.1534 621.9934 621.8111 621.7159 621.7301 621.8532 621.9978 622.0386 622.0339 622.0001 621.9901 621.9913 622 621.9983 621.9806 621.973 621.9797 622 622.0057 622 621.9955 622.0005 622 621.9952 621.9995 622.0205 622.0602 622.1098 622.1515 622.1656 622.1401 622.0776 622.0002 621.9562 621.9716 621.9906 621.9966 622 621.9998 622.0071 622.024 622.038 622.0386 622.0256 622.0094 622 622.0007 622 621.9998 622 622 622.0056 622.0108 622.0133 622.0135 622.0126 622.0093 622.0027 621.995 621.99 621.9896 621.9933
623.564 622.9506 622.5255 622.2487 622.0938 622.0272 622.0091 622.0001 621.9979 621.9709 621.8708 621.6108 621.4427 621.369 621.3923 621.5702 621.8102 621.9974 622.0521 622.0353 622.0001 621.9938 622 621.9971 621.9814 621.9781 621.9801 621.9907 622 622 622.0001 622.0012 622 621.9939 621.9873 621.9881 622.0031 622.0287 622.0524 622.059 622.0396 622.0001 621.9681 621.9607 621.9815 622 622 622 621.9969 622.0002 622.0118 622.025 622.0303 622.0239 622.0109 622 622 621.9996 622 622.0012 622.0039 622.0098 622.0148 622.0164 622.015 622.0117 622.0054 621.9956 621.9854 621.9795 621.9807 621.9877
624.129 623.4443 622.8401 622.4211 622.1823 622.0668 621.9999 621.8889 621.6818 621.382 621.1124 621.0172 620.9998 620.9963 621.0147 621.2395 621.547 621.8219 621.9985 622.0475 622.0296 622 621.9976 622 621.986 622 622 622.0001 622.0001 622.01 622.0103 622.0052 622 621.9965 621.9884 621.98 621.9806 621.9913 622.0037 622.0084 622 621.9844 621.9758 621.9832 622 622 621.9999 621.9982 621.9951 621.9956 622.002 622.0107 622.0159 622.0137 622.0063 622 622.0001 622 622.0005 622.0025 622.0072 622.0133 622.0175 622.0168 622.0124 622.0057 621.9962 621.9835 621.9714 621.9659 621.9698 621.9807
624.5268 623.7291 622.9403 622.431 622.1682 622.0586 621.9999 621.8628 621.5262 621.0475 620.8424 620.7579 620.7592 620.7753 620.832 621.0122 621.3163 621.6105 621.8488 621.999 622.0316 622 622 622.0001 622.0004 622.0466 622.0709 622.0762 622.0696 622.0592 622.0396 622.017 622 621.9994 621.9949 621.986 621.984 621.9889 621.9941 621.9976 622 621.9938 621.9922 622 622.0013 622 622.0031 622.0023 621.9996 621.9988 622.0009 622.004 622.0051 622.0027 621.9984 621.9968 622 622.0015 622.0012 622.0033 622.0087 622.0145 622.017 622.0133 622.0045 621.9934 621.9806 621.9662 621.9544 621.9514 621.9594 621.9743
624.6649 623.4462 622.6804 622.2445 622.0469 622.0042 622.0244 621.995 621.7184 621.2981 620.9966 620.8049 620.7691 620.7439 620.8027 620.9927 621.1724 621.4062 621.6509 621.8616 621.9989 622.0239 622.0519 622.0834 622.1168 622.1619 622.1868 622.1865 622.1659 622.1291 622.0811 622.0355 622 622 622.0002 621.9954 622.0038 622.0134 622.0096 622 622 622 621.9992 622 622 622.0087 622.0159 622.0164 622.0134 622.0109 622.0095 622.0069 622.0016 621.9945 621.9888 621.9883 621.9937 622 622 622.0023 622.0074 622.0118 622.0115 622.0038 621.99 621.9738 621.9581 621.9442 621.9358 621.9383 621.9521 621.9705
624.2657 623.1455 622.3611 622.005 621.8838 621.9047 621.995 622.0629 621.9869 621.6729 621.3218 621.0397 620.988 620.834 620.7897 620.8826 621.0012 621.1884 621.4222 621.6646 621.8719 622.001 622.0966 622.1816 622.2517 622.299 622.3117 622.2943 622.2559 622.1934 622.1165 622.058 622.0001 621.99 622 622 622.037 622.0684 622.0502 622.0001 621.9905 621.9922 622 622.005 622.0135 622.0275 622.0381 622.0398 622.0359 622.031 622.0255 622.017 622.0044 621.9901 621.9797 621.9775 621.9834 621.9921 621.9969 622 622.0035 622.0042 621.9996 621.9872 621.9679 621.9463 621.9283 621.9175 621.9168 621.9292 621.9514 621.9727
624.0016 623.0071 622.1431 621.8662 621.7688 621.8026 621.9196 622.0439 622.0878 621.9869 621.7263 621.5282 621.3764 621.0363 620.849 620.8568 620.8947 621.0009 621.1963 621.4487 621.7271 621.9908 622.1123 622.2539 622.3643 622.4128 622.399 622.3505 622.2976 622.2163 622.1144 622.0908 622.054 622.0001 621.988 622 622.0905 622.1764 622.1479 622.053 622 621.9865 621.9958 622.0115 622.0306 622.051 622.0654 622.0692 622.0647 622.0568 622.0464 622.0315 622.0115 621.99 621.9742 621.9701 621.9772 621.989 621.9982 622.0015 622 621.9932 621.9826 621.965 621.9392 621.9115 621.8915 621.8862 621.8981 621.9258 621.9595 621.9833
623.9537 623.1195 622.3604 621.9796 621.7668 621.7391 621.8331 621.9701 622.0715 622.0834 622.004 621.9932 621.9219 621.4967 621.0717 620.9941 620.8948 620.8896 621 621.2116 621.4921 621.7903 622.012 622.2629 622.4252 622.4667 622.3987 622.2876 622.2283 622.144 622.0062 622.0828 622.1128 622.056 622 622.0008 622.1648 622.3561 622.2927 622.1027 622.0001 621.9845 622.0013 622.0281 622.0559 622.0808 622.0974 622.1019 622.0964 622.0854 622.0701 622.0493 622.0228 621.9955 621.976 621.9716 621.9817 621.9987 622.0118 622.0131 622 621.9849 621.9671 621.9434 621.9091 621.8729 621.8501 621.8522 621.8811 621.9297 621.9766 622
