backend/lakes/data/South Heart Reservoir/sout_dem_tm.asc
ncols         281
nrows         188
xllcorner     397700
yllcorner     6168550
cellsize      50
NODATA_value  -9999
[rows 64 to 95 of 188, columns 144 to 215 of 281]
623.9377 623.2581 622.5717 622.0513 621.8138 621.7264 621.7728 621.891 622.0175 622.1088 622.1625 622.2223 622.1984 621.9629 621.572 621.2832 621.0076 620.8705 620.8676 621.0004 621.243 621.584 621.9594 622.2312 622.4161 622.4305 622.2654 622.0204 621.9371 621.8839 621.7667 621.9302 622.0765 622.0505 622 622.0433 622.2307 622.618 622.4655 622.1133 621.9999 622 622.0286 622.0648 622.0976 622.1228 622.1372 622.1392 622.1305 622.1156 622.0958 622.0702 622.0394 622.0092 621.9891 621.9873 622.0032 622.028 622.0483 622.0529 622.0353 622.0001 621.9672 621.9345 621.8861 621.8372 621.8107 621.8224 621.8729 621.9465 621.9999 622.0093
623.7931 623.3627 622.873 622.4407 622.0983 621.8423 621.7827 621.841 621.9545 622.0786 622.1934 622.2925 622.3192 622.2106 621.98 621.6542 621.2952 621.0115 620.8692 620.8878 621.0038 621.2648 621.5716 621.976 622.2527 622.262 621.9827 621.5352 621.1585 621.0047 620.9727 621.1854 621.7427 621.8818 621.9983 622.0316 622.1307 622.8508 622.5886 622.0511 621.9999 622.0376 622.0867 622.1295 622.1617 622.1825 622.1904 622.1849 622.1693 622.1483 622.1238 622.0952 622.0632 622.0339 622.0169 622.0205 622.0438 622.0782 622.1092 622.1232 622.1093 622.0643 622.0003 621.952 621.8782 621.8117 621.7846 621.8151 621.8979 622.0001 622.0255 622.0002
623.7437 623.4942 623.2108 622.9672 622.7495 622.1013 621.8724 621.8276 621.8937 622.012 622.1431 622.2601 622.3265 622.3052 622.1891 621.9841 621.6682 621.4012 621.1192 621.0058 620.9233 620.9946 621.0742 621.4995 621.8719 621.8812 621.497 620.9389 620.4749 620.1211 620.0536 620.2619 620.9222 621.4257 621.8219 621.998 622.0046 622.1738 622.4949 622.2534 622.1624 622.1664 622.1992 622.2301 622.2511 622.2618 622.2598 622.2437 622.2169 622.1867 622.1565 622.1261 622.0958 622.0709 622.0598 622.0699 622.1003 622.1428 622.1849 622.2124 622.2095 622.166 622.088 621.9994 621.8822 621.7994 621.7858 621.8648 622.0245 622.1724 622.123 622.0746
623.7737 623.6138 623.4275 623.2325 622.9702 622.3837 621.9958 621.8278 621.8344 621.9294 622.0531 622.1729 622.2616 622.2966 622.264 622.1624 622.0107 621.9738 621.8514 621.4792 621.0381 620.8907 620.8665 621.0034 621.0873 621.0569 620.7908 620.2127 619.9267 619.6188 619.5388 619.7476 620.3048 621.1855 621.6724 621.9065 622.012 622.1627 622.3953 622.3709 622.3324 622.3301 622.345 622.3572 622.3616 622.3584 622.3445 622.3158 622.2755 622.2335 622.196 622.1643 622.1373 622.1184 622.1138 622.1285 622.1611 622.2043 622.2529 622.2927 622.3027 622.2612 622.1563 622.001 621.8668 621.793 621.8202 622.0077 622.4369 622.5261 622.2184 622.1224
623.8665 623.7158 623.5289 623.3073 622.9932 622.4849 622.0053 621.7957 621.7803 621.856 621.9604 622.0675 622.1632 622.2333 622.2668 622.2626 622.2418 622.2522 622.1794 621.9221 621.3848 621.0123 620.845 620.7401 620.5775 620.3862 620.059 619.6915 619.4568 619.2721 619.2482 619.4659 619.971 620.693 621.3788 621.748 622.0106 622.2313 622.4239 622.483 622.4907 622.4962 622.5012 622.4967 622.4846 622.4679 622.4414 622.3988 622.3433 622.2879 622.2426 622.2094 622.1852 622.1703 622.168 622.181 622.2057 622.2329 622.277 622.322 622.3454 622.315 622.1984 622.0023 621.8358 621.7935 621.864 622.095 622.6301 622.9039 622.1536 622.0853
-9999 623.829 623.584 623.3201 623.0099 622.6116 622.0708 621.8253 621.7924 621.8335 621.8982 621.9744 622.0591 622.1444 622.2181 622.2722 622.3068 622.3188 622.2373 622.0009 621.6077 621.2596 620.9995 620.7141 620.2952 619.9897 619.6365 619.3406 619.1604 619.0686 619.0951 619.2825 619.6506 620.1527 620.8712 621.4564 621.9615 622.2884 622.4971 622.5959 622.6342 622.6503 622.6512 622.6358 622.6116 622.5836 622.5449 622.4873 622.4152 622.3456 622.2924 622.2573 622.2335 622.2157 622.2047 622.2037 622.2056 622.1848 622.2086 622.2435 622.2703 622.2543 622.1271 621.8953 621.7196 621.8185 622.0121 622.4461 622.9064 622.372 622.105 621.9585
-9999 -9999 623.6147 623.3313 623.1425 622.9536 622.4967 622.0562 621.9463 621.899 621.8856 621.9092 621.9679 622.0511 622.1415 622.2209 622.2729 622.2764 622.1936 622.0015 621.751 621.5022 621.2584 620.9167 620.2363 619.8235 619.4035 619.1268 619 618.9905 619.0628 619.2505 619.561 619.9888 620.5695 621.1428 621.9207 622.3339 622.5707 622.6946 622.7548 622.7831 622.7855 622.765 622.734 622.6982 622.6479 622.5741 622.4838 622.3998 622.3395 622.3024 622.2743 622.2406 622.1992 622.1616 622.1281 622.0026 621.993 621.9959 621.9946 621.9655 621.7454 621.2048 621.3861 621.8783 622.1164 622.1537 622.1411 622.0043 621.9269 621.5452
-9999 -9999 623.5211 623.2233 623.1498 623.1172 622.9417 622.5074 622.2437 622.0336 621.9096 621.8701 621.8977 621.9703 622.0638 622.1508 622.2067 622.2089 622.1376 622.0001 621.854 621.7045 621.5291 621.2473 620.7587 619.98 619.2975 618.9969 618.9219 618.9993 619.1239 619.3495 619.6692 620.0504 620.6001 621.1486 621.9246 622.3649 622.6245 622.77 622.8487 622.8912 622.9008 622.8802 622.8463 622.8049 622.7433 622.6514 622.5414 622.4436 622.3783 622.3408 622.3047 622.2381 622.1278 622.0023 621.9276 621.6328 621.573 621.5458 621.4709 621.3613 621.0756 620.949 621.3388 622.313 622.8459 622.1677 621.9892 621.7139 621.4328 621.0235
-9999 -9999 -9999 623.0076 623.05 623.1127 623.0414 622.7698 622.4793 622.126 621.9211 621.8438 621.8529 621.9165 622.0071 622.0955 622.153 622.1593 622.1038 622.0005 621.9262 621.8424 621.7147 621.4421 620.9189 619.986 619.1042 618.8384 618.8529 618.998 619.2156 619.5343 619.9558 620.4548 620.9914 621.5148 622.0222 622.418 622.675 622.8309 622.9231 622.978 622.9973 622.981 622.946 622.8993 622.8248 622.7126 622.5822 622.4717 622.4055 622.373 622.3326 622.226 622.0039 621.6677 621.3696 621.0638 621.1369 621.1404 621.0199 620.9852 620.8527 621.0187 621.7639 622.5174 622.6766 622.4036 621.9888 621.5019 621.0511 620.6631
-9999 -9999 -9999 622.8979 622.9995 623.0905 623.0779 622.8944 622.5485 622.1107 621.9048 621.8339 621.8417 621.9003 621.9857 622.0726 622.1343 622.1523 622.1229 622.0607 622.0001 621.9338 621.821 621.5272 620.9445 619.9724 619.056 618.7928 618.8629 619.0076 619.3173 619.7073 620.1325 620.8489 621.4169 621.9268 622.2498 622.5289 622.7419 622.8897 622.9871 623.0509 623.0791 623.0676 623.0317 622.9784 622.8893 622.755 622.6034 622.4822 622.4197 622.4006 622.3704 622.2507 621.9647 621.3795 621.0137 620.8954 620.9984 620.9985 620.8689 620.7747 620.7632 621.0792 622.0082 623.0507 623.9885 622.9327 622.019 621.366 620.9557 620.5302
-9999 -9999 -9999 -9999 622.9995 623.0848 623.124 623.0627 622.8517 622.1488 621.9542 621.8842 621.8793 621.9246 622.0013 622.0842 622.1494 622.1801 622.1725 622.1357 622.0811 622.0015 621.9025 621.5704 620.9434 619.9616 619.0507 618.8248 618.993 619.1526 619.4822 619.9534 620.4225 621.0165 621.6401 622.0331 622.3653 622.6149 622.8049 622.9462 623.0464 623.1157 623.151 623.1425 623.1028 623.0405 622.9362 622.7803 622.608 622.4774 622.4207 622.4184 622.4021 622.2718 621.9232 621.1736 620.8976 620.8694 620.938 620.9388 620.8618 620.754 620.825 621.2156 621.9714 622.4727 622.6968 622.1898 621.5922 621.0574 620.7615 620.4934
-9999 -9999 -9999 -9999 622.9999 623.056 623.1053 623.0745 622.8928 622.4745 622.1794 622.0211 621.9606 621.9757 622.0383 622.1171 622.1851 622.2251 622.2321 622.2106 622.1683 622.1058 621.9953 621.602 620.9416 619.9615 619.0564 618.8229 618.9959 619.2006 619.5399 620.0173 620.6147 621.1406 621.8929 622.2466 622.5002 622.7009 622.8679 623.0039 623.1055 623.1765 623.2151 623.207 623.1597 623.0854 622.9669 622.7932 622.6036 622.4649 622.4138 622.4282 622.4281 622.3064 621.9773 621.4342 620.9827 620.9615 621 621.0004 620.9959 620.8914 621.1317 621.803 622.1398 622.015 622.0185 621.6948 621.2649 620.9777 620.7505 620.6712
-9999 -9999 -9999 -9999 -9999 623.0001 623.0461 623.0277 622.8824 622.6064 622.342 622.1378 622.0299 622.0184 622.0713 622.1495 622.2219 622.2684 622.2811 622.2577 622.2001 622.1119 621.9879 621.5748 620.95 620.043 619.1929 618.8837 618.9993 619.2204 619.5573 620.057 620.8137 621.3005 621.9746 622.3492 622.5852 622.7655 622.9246 623.062 623.1663 623.2354 623.2719 623.261 623.2025 623.1132 622.983 622.7993 622.5994 622.455 622.4073 622.4337 622.4454 622.3268 621.9755 621.3721 620.7817 620.9941 621.0857 621.1118 621.1044 621.091 621.6173 622.2571 622.4973 622.1915 621.9831 621.5181 621.0186 620.8057 620.8173 621.09
-9999 -9999 -9999 -9999 -9999 -9999 623 622.9783 622.8555 622.6421 622.4536 622.1759 622.0433 622.0247 622.0788 622.1633 622.2432 622.2966 622.3105 622.2759 622.1787 622.0057 621.8196 621.4608 620.9904 620.3505 619.7621 619.1949 619.2007 619.3361 619.5898 620.0148 620.6638 621.2045 621.9548 622.3713 622.6185 622.8024 622.9698 623.1178 623.2271 623.2915 623.3187 623.3005 623.2289 623.1227 622.9843 622.8009 622.6017 622.4559 622.409 622.4388 622.4539 622.3192 621.8869 620.9399 620.1484 620.798 621.0799 621.2407 621.3779 621.5661 621.9637 622.1266 622.0444 622.0644 621.9859 621.5369 621.0284 620.8241 621.0441 621.7831
-9999 -9999 -9999 -9999 -9999 -9999 623 622.9634 622.8222 622.5129 622.0601 622.0123 621.9808 621.9925 622.0568 622.1504 622.2399 622.3019 622.321 622.2863 622.1855 621.999 621.6697 621.2899 620.9845 620.5708 620.1936 619.8866 619.6588 619.5844 619.6881 620.0149 620.671 621.3999 622.0018 622.3805 622.6204 622.8126 622.999 623.1658 623.2821 623.3383 623.3481 623.3165 623.2311 623.1086 622.9656 622.7933 622.6086 622.4694 622.4221 622.4486 622.4617 622.3167 621.8349 620.7682 620.109 620.4387 620.9417 621.2797 621.5724 621.8371 621.9998 622.0005 621.9669 622.0116 621.998 621.7299 621.3861 621.1236 621.4312 622.6267
-9999 -9999 -9999 -9999 -9999 622.9585 622.9938 623.0001 622.9398 622.7378 622.4472 622.1456 621.9961 621.9668 622.0195 622.114 622.2103 622.2788 622.3005 622.262 622.1516 621.9623 621.4865 621.04 620.8539 620.6373 620.407 620.1906 619.9901 619.8186 619.8184 620.0343 620.6464 621.3915 621.9945 622.348 622.5778 622.7831 622.9988 623.1935 623.3199 623.3645 623.3481 623.2936 623.1948 623.0605 622.917 622.7649 622.6079 622.486 622.441 622.4658 622.4871 622.3746 621.9535 621.0524 620.1791 620.0554 620.7726 621.1896 621.6282 621.992 622 622 621.9774 622.015 622.0411 621.9965 621.9564 621.9012 622.1923 623.5734
-9999 -9999 -9999 -9999 -9999 622.9625 623.0001 623.0663 623.0648 622.8729 622.4728 622.1228 621.9508 621.9139 621.9645 622.0594 622.1586 622.2291 622.2469 622.1875 622.0092 621.7145 621.2753 620.9922 620.814 620.6653 620.5111 620.3407 620.1602 620.0023 619.999 620.1626 620.5837 621.1447 621.8842 622.2323 622.4617 622.6908 622.9518 623.1874 623.3282 623.356 623.3031 623.2134 623.0997 622.9637 622.8273 622.701 622.5808 622.4865 622.4497 622.4769 622.5252 622.5023 622.2717 621.7321 620.8613 620.1096 620.3957 620.8715 621.496 621.9893 622.0001 621.9999 622.0294 622.1035 622.1353 622.0694 622.0265 621.958 622.2137 622.9871
-9999 -9999 -9999 -9999 622.9633 622.9816 623.0001 623.0645 623.067 622.796 622.14 621.905 621.8226 621.8315 621.8998 621.9987 622.0962 622.1636 622.1801 622.1301 621.9721 621.5237 621.0331 620.8729 620.7826 620.6956 620.5878 620.4583 620.3196 620.2095 620.1995 620.3118 620.5947 621.0226 621.5992 621.991 622.2513 622.5178 622.8472 623.1416 623.3013 623.3047 623.2015 623.0602 622.9255 622.8031 622.6904 622.595 622.5131 622.4485 622.4225 622.4492 622.5224 622.5867 622.5253 622.2189 621.6115 620.6215 620.018 620.5232 621.3374 621.9663 622.0494 622.0175 622.2202 622.4529 622.5883 622.5113 622.5552 622.1359 622.1771 622.4468
-9999 -9999 -9999 623.0007 622.9952 623.0265 623.0002 622.8996 622.7831 622.2161 621.8489 621.7169 621.7057 621.759 621.847 621.9479 622.0378 622.0897 622.0817 622.0001 621.7937 621.4028 621.0084 620.8895 620.8279 620.7643 620.6843 620.5881 620.4912 620.426 620.4265 620.4926 620.6719 620.9936 621.3928 621.7266 621.9952 622.2793 622.7019 623.0717 623.2501 623.217 623.045 622.8327 622.6633 622.5737 622.5107 622.455 622.4065 622.3643 622.3411 622.3552 622.4303 622.5504 622.5902 622.3837 621.8034 620.6714 620.1266 620.5163 621.3788 622.017 622.2958 622.441 622.7615 623.2427 623.7145 623.8826 623.4358 623.0836 622.9849 623.1276
-9999 -9999 -9999 623.0001 623.0295 623.0719 622.9859 622.5107 622.118 621.8214 621.6408 621.593 621.6309 621.7142 621.8171 621.9194 622.0012 622.0371 622.0004 621.8969 621.6829 621.3754 621.1021 620.9991 620.9305 620.8636 620.7983 620.7322 620.6718 620.6499 620.6877 620.7114 620.7928 621.0048 621.2993 621.5554 621.7778 622.0397 622.5825 623.0239 623.2042 623.1174 622.8593 622.5582 622.3329 622.2985 622.3112 622.3076 622.2858 622.2529 622.2174 622.1978 622.2393 622.3897 622.4775 622.285 621.6816 620.5569 620.1448 620.634 621.6785 622.3826 622.7916 623.0646 623.5243 624.3507 625.3484 625.934 625.6047 625.2596 624.8868 624.8514
-9999 -9999 623.0015 622.9739 623.0093 623.0366 622.9133 622.2119 621.8824 621.6656 621.5538 621.5432 621.6025 621.6993 621.8093 621.9133 621.9935 622.0308 621.9998 621.855 621.6288 621.3633 621.1418 621.0327 620.9998 620.9434 620.9032 620.8743 620.8445 620.859 620.9871 621.0012 621.0261 621.2051 621.402 621.5798 621.7808 622.0589 622.6292 623.0613 623.1953 623.0372 622.6959 622.3129 622.0146 622.054 622.1393 622.1873 622.1891 622.1587 622.1044 622.0372 622.0049 622.1638 622.2626 621.9889 621.2198 620.1875 620.0234 620.8095 621.9039 622.8771 623.4902 623.8472 624.4012 625.618 627.3419 628.6313 628.7842 628.2938 627.5975 627.3533
-9999 -9999 622.9996 622.9332 622.8931 622.8491 622.7217 622.3997 621.943 621.6694 621.552 621.5457 621.6082 621.7063 621.8157 621.9174 621.9938 622.028 621.9991 621.8252 621.5874 621.3351 621.1257 621.0004 620.979 620.9656 620.9728 620.9995 620.9991 621.0132 621.2232 621.3759 621.4979 621.5944 621.6792 621.7778 622.0031 622.3623 622.8379 623.1675 623.2102 622.9814 622.6007 622.2266 621.9988 621.9747 622.0483 622.1162 622.141 622.1248 622.0759 622.0001 621.9536 622.0024 622.0486 621.6226 620.6513 620.0267 620.079 620.9526 622.1555 623.5411 624.455 624.8871 625.4635 627.0409 629.5504 631.4374 632.0541 631.4163 630.4978 630.08
-9999 622.9886 622.9307 622.8107 622.6772 622.5302 622.3281 622.0359 621.7973 621.6284 621.554 621.5624 621.6276 621.7234 621.8285 621.9235 621.9884 622 621.9428 621.7725 621.5385 621.2952 621.1015 621.0001 620.9648 620.963 621 621.0791 621.1714 621.3029 621.5383 621.7642 621.9723 621.9968 621.9949 622.0092 622.2596 622.6316 623.0156 623.2323 623.1816 622.9001 622.5123 622.1626 621.9646 621.9323 622.0004 622.0781 622.1304 622.1503 622.1374 622.0829 622.0012 621.9839 621.7687 620.8875 619.9835 619.9276 620.4319 621.3167 622.5605 624.2218 625.6768 626.3896 627.3158 629.2249 631.9194 634.085 634.9965 634.4622 633.4199 633.0034
-9999 622.9998 622.8615 622.663 622.4439 622.2189 622.006 621.8149 621.6719 621.5801 621.5502 621.5782 621.649 621.7436 621.8444 621.9344 621.9943 621.9999 621.9108 621.7332 621.4971 621.2505 621.0602 620.9998 620.9519 620.9474 621.0002 621.1411 621.3248 621.5488 621.8064 622.0038 622.1626 622.1895 622.1801 622.222 622.4382 622.7578 623.0474 623.166 623.0491 622.7529 622.4041 622.1118 621.9484 621.9081 621.9819 622.0558 622.129 622.1956 622.2339 622.2131 622.0975 621.8344 621.1294 619.944 619.1712 619.8482 620.8007 621.8387 623.208 624.9088 626.6448 628.0603 629.7227 631.6731 634.0176 636.0854 637.1184 636.88 636.0545 635.3885
623.0697 622.9991 622.7928 622.5297 622.259 622.0095 621.8348 621.689 621.5903 621.542 621.5436 621.5891 621.6667 621.7622 621.8603 621.9456 622 621.9999 621.903 621.7264 621.4896 621.2283 621.0029 620.9612 620.9282 620.9308 621.0004 621.1825 621.4236 621.7064 621.9949 622.1519 622.2353 622.2456 622.2447 622.294 622.4625 622.7046 622.8998 622.9408 622.7979 622.5425 622.3051 622.1395 622.0479 621.9456 621.9996 622.0354 622.1099 622.2117 622.2832 622.2579 622.0513 621.5732 620.4073 619.2924 619.2015 620.0486 621.1025 622.222 623.785 625.5818 627.7269 629.8605 631.6444 633.2501 635.0121 636.7526 637.7861 638.0134 637.6435 636.812
623.1509 622.9977 622.7313 622.4273 622.1543 621.9914 621.7811 621.6296 621.5439 621.5164 621.5376 621.5963 621.6809 621.7791 621.8773 621.96 622.0083 622.0001 621.9259 621.7697 621.5488 621.3013 621.0905 620.9995 620.929 620.9247 621.0005 621.1897 621.4349 621.7195 621.9971 622.1401 622.1747 622.1733 622.2006 622.246 622.3616 622.5166 622.621 622.6034 622.4733 622.3239 622.304 622.3828 622.465 622.1716 622.0177 621.9999 622.0625 622.1808 622.2473 622.1541 621.7369 620.9435 619.7258 619.1391 619.5344 620.5629 621.4604 622.3928 623.9177 626.1536 628.6913 630.9279 632.2672 633.2665 634.4266 635.8919 637.2109 637.9669 638.0352 637.2366
623.2482 622.9941 622.6891 622.3411 622.0101 621.8485 621.6909 621.5731 621.5104 621.5012 621.5366 621.6056 621.6968 621.7994 621.9017 621.9893 622.0452 622.0526 621.9998 621.866 621.662 621.4157 621.1743 621.0002 620.912 620.9158 621.0005 621.1603 621.356 621.5979 621.838 621.9953 622.0015 622.0034 622.0903 622.13 622.2073 622.285 622.3128 622.2606 622.1776 622.194 622.5532 623.0531 623.5615 623.1384 622.4035 622.0346 622.0337 622.1312 622.1526 621.9819 621.3022 620.1516 619.1538 619.0641 619.8804 620.9106 621.8061 622.4194 623.5427 625.7048 628.2067 630.3587 631.5486 632.1187 632.9498 634.3099 635.8202 637.0754 637.7294 637.0195
623.3917 623.0252 622.7344 622.3556 622.0001 621.7726 621.6182 621.5239 621.4849 621.4946 621.5441 621.6229 621.7213 621.8298 621.9385 622.035 622.1039 622.1307 622.1013 621.9996 621.816 621.5638 621.2673 621.0007 620.8817 620.8944 620.999 621.1 621.2031 621.3901 621.5901 621.7411 621.8137 621.8872 621.9976 622.0015 622.0706 622.1022 622.0797 622.0341 622.0455 622.2659 623.2568 624.4976 625.1664 624.5113 623.4046 622.5304 622.1458 622.0993 622.0089 621.8121 620.8758 619.6348 619.0616 619.4371 620.2919 621.1498 621.9236 622.2639 622.9761 624.4025 626.5089 628.5173 629.718 630.3448 631.2137 632.6777 634.3707 635.877 636.8118 -9999
623.7836 623.3472 622.9476 622.4302 621.9974 621.7172 621.5599 621.4858 621.4701 621.4991 621.5633 621.6532 621.7601 621.8757 621.9913 622.0966 622.1782 622.223 622.2181 622.1494 622.0002 621.7554 621.3958 621.0024 620.8318 620.8269 620.9106 620.998 621.0047 621.1613 621.3364 621.4902 621.6079 621.7224 621.8419 621.9145 621.9996 622.0167 621.9781 621.9889 622.1946 622.7006 623.7339 624.8696 625.013 625.3052 623.9124 622.6759 622.0403 621.97 621.7911 621.4355 620.5363 619.3107 619.0056 619.7863 620.7562 621.4773 621.9806 622.0153 622.4064 623.3176 624.6333 626.4607 627.9412 629.045 630.1351 631.7551 633.6119 -9999 -9999 -9999
624.5724 623.8389 623.1011 622.4162 621.9089 621.6331 621.5048 621.4613 621.4712 621.5197 621.5983 621.7 621.8165 621.9396 622.0609 622.1716 622.2611 622.3182 622.3336 622.2982 622.1957 621.9919 621.5928 621.0207 620.795 620.7618 620.8105 620.8674 620.8979 621.0001 621.1341 621.2866 621.4247 621.5574 621.6911 621.8095 621.9248 621.9999 621.9866 622.0374 622.3716 622.7809 623.1996 623.4493 623.9456 624.0825 623.14 622.1001 621.5997 621.5096 621.4708 621.2719 620.6956 619.5895 619.1107 620.0146 620.9918 621.6847 621.9984 621.933 622.0289 622.6298 623.4644 624.9831 626.8672 628.6717 630.4191 632.221 634.0106 -9999 -9999 -9999
625.9705 624.6432 623.3536 622.2368 621.7565 621.5466 621.4713 621.464 621.4969 621.5614 621.6527 621.7655 621.8919 622.0219 622.1462 622.257 622.3455 622.4029 622.4243 622.4056 622.3379 622.1887 621.8705 621.1245 620.8405 620.7672 620.7744 620.805 620.8407 620.9097 621.0018 621.1531 621.2933 621.426 621.5617 621.703 621.8504 621.9988 622.1199 622.2554 622.7939 623.0018 622.9478 622.894 623.0067 622.8018 622.0305 621.2524 621.0055 621.0197 621.1668 621.1938 620.9277 620.1987 619.722 620.5694 621.3373 621.9424 622.1243 622.0021 621.8932 622.0853 622.7235 624.3525 626.6172 629.0738 631.3441 633.2582 634.7855 -9999 -9999 -9999
627.6613 625.8009 623.8943 622.4125 621.802 621.566 621.5002 621.5096 621.5545 621.6267 621.7261 621.8483 621.984 622.1201 622.2448 622.3491 622.4261 622.4691 622.475 622.4434 622.3722 622.2402 621.9792 621.3912 621.0077 620.8682 620.8164 620.8163 620.8472 620.9088 620.9995 621.1093 621.2234 621.3375 621.4623 621.6058 621.7831 622.0201 622.4714 623.0622 623.8942 623.4548 622.8083 622.5134 622.3132 621.8488 621.1692 620.7497 620.666 620.7922 621.0042 621.1569 621.1152 620.8767 620.5352 620.9567 621.5836 622.0844 622.4174 622.3632 622.1432 622.1114 622.6506 624.5129 627.08 629.8494 632.3398 634.2254 635.4102 -9999 -9999 -9999
