backend/lakes/data/Antler Lake/antl_dem_tm.asc
ncols         75
nrows         86
xllcorner     631900
yllcorner     5924750
cellsize      50
NODATA_value  -9999
[rows 31 to 61 of 86, columns 0 to 69 of 75]
-9999 -9999 -9999 -9999 -9999 -9999 -9999 -9999 -9999 -9999 -9999 -9999 -9999 -9999 -9999 -9999 736.9828 736.6727 736.4531 736.3907 736.4293 736.4073 736.1515 735.486 734.7036 734.1251 733.662 733.3508 733.2122 733.2335 733.368 733.5436 733.6786 733.7231 733.7252 733.7064 733.6392 733.4935 733.3805 733.3163 733.2312 733.1372 733.0885 733.1117 733.1873 733.2659 733.3166 733.3812 733.5346 733.8679 734.4213 735.2465 736.5203 738.2166 740.0201 741.3048 741.4095 741.0129 741.1833 -9999 -9999 -9999 -9999 -9999 -9999 -9999 -9999 -9999 -9999 -9999
-9999 -9999 -9999 -9999 -9999 -9999 -9999 -9999 -9999 -9999 -9999 -9999 -9999 -9999 -9999 737.2629 736.9723 736.5742 736.2753 736.1113 736.0199 735.9105 735.6125 735.0837 734.4927 734.0244 733.6456 733.3658 733.2102 733.1744 733.2144 733.2537 733.2065 733.0434 732.9951 732.9844 732.9752 732.9591 732.9701 733.0685 733.068 733.0345 733.0365 733.0822 733.1438 733.1775 733.1678 733.1655 733.2536 733.5101 733.9795 734.72 735.9342 737.4964 739.1746 740.6519 741.2278 741.4187 742.1151 -9999 -9999 -9999 -9999 -9999 -9999 -9999 -9999 -9999 -9999 -9999
-9999 -9999 -9999 -9999 -9999 -9999 -9999 -9999 -9999 -9999 -9999 -9999 -9999 -9999 -9999 737.5144 736.9734 736.4895 736.1639 736.0021 735.988 735.7175 735.3544 734.9088 734.4605 734.0652 733.7307 733.4565 733.261 733.1544 733.1128 733.0723 732.9403 732.7203 732.5933 732.5487 732.5616 732.6259 732.7531 732.9371 732.9503 732.9504 732.998 733.0646 733.1267 733.1419 733.1052 733.0769 733.1389 733.3605 733.7891 734.4943 735.5819 737.0123 738.6401 740.3742 741.5699 742.4716 743.545 -9999 -9999 -9999 -9999 -9999 -9999 -9999 -9999 -9999 -9999 -9999
-9999 -9999 -9999 -9999 -9999 -9999 -9999 -9999 -9999 -9999 -9999 -9999 -9999 -9999 -9999 737.9628 737.0752 736.4949 736.1547 735.9966 735.9037 735.6187 735.2593 734.8727 734.4938 734.1892 733.8827 733.5953 733.3499 733.1644 733.0393 732.94 732.7244 732.4944 732.3397 732.2725 732.2846 732.3702 732.5204 732.6941 732.7867 732.8593 732.9493 733.0261 733.0993 733.1187 733.0924 733.0851 733.1635 733.3767 733.7745 734.4392 735.4479 736.8638 738.6409 740.6444 742.3531 743.8303 745.1483 -9999 -9999 -9999 -9999 -9999 -9999 -9999 -9999 -9999 -9999 -9999
-9999 -9999 -9999 -9999 -9999 -9999 -9999 -9999 -9999 -9999 -9999 -9999 -9999 -9999 -9999 738.5631 737.4223 736.7319 736.3217 736.0401 735.9698 735.6678 735.3324 735.0134 734.7106 734.4495 734.1227 733.7929 733.4791 733.195 732.9528 732.7457 732.5142 732.3032 732.1541 732.078 732.078 732.154 732.2931 732.4583 732.5999 732.7297 732.8547 732.9525 733.0562 733.0985 733.1167 733.1719 733.3027 733.5157 733.859 734.4479 735.4257 736.9014 738.8998 741.1929 743.312 745.1091 746.4329 -9999 -9999 -9999 -9999 -9999 -9999 -9999 -9999 -9999 -9999 -9999
-9999 -9999 -9999 -9999 -9999 -9999 -9999 -9999 -9999 -9999 -9999 -9999 -9999 -9999 -9999 739.3274 738.1921 737.4093 736.9568 736.5428 736.1786 735.9178 735.6169 735.3566 735.0725 734.7787 734.4584 734.0908 733.6967 733.2943 732.9356 732.6115 732.3517 732.1542 732.016 731.9343 731.9147 731.9656 732.0823 732.2395 732.4081 732.5848 732.7693 732.9461 733.0321 733.0883 733.172 733.3217 733.5346 733.7524 734.013 734.4827 735.4672 737.0308 739.2935 741.7712 744.0554 745.8594 746.9468 -9999 -9999 -9999 -9999 -9999 -9999 -9999 -9999 -9999 -9999 -9999
-9999 -9999 -9999 -9999 -9999 -9999 -9999 -9999 -9999 -9999 -9999 -9999 -9999 -9999 -9999 740.099 739.281 738.6834 738.1978 737.6691 737.1102 736.6017 736.2838 736.0339 735.6914 735.3126 734.9631 734.5901 734.0895 733.5008 732.9477 732.5459 732.2681 732.075 731.936 731.8383 731.789 731.8045 731.8911 732.0331 732.2086 732.4072 732.6173 732.8137 732.9492 733.0505 733.2074 733.4623 733.7924 734.0531 734.248 734.5774 735.6478 737.3622 739.7691 742.2776 744.4852 746.0806 746.8137 -9999 -9999 -9999 -9999 -9999 -9999 -9999 -9999 -9999 -9999 -9999
-9999 -9999 -9999 -9999 -9999 -9999 -9999 -9999 -9999 -9999 -9999 -9999 -9999 -9999 -9999 -9999 740.6514 740.383 739.9935 739.4185 738.7578 738.1545 737.7014 737.2244 736.6669 736.1127 735.7477 735.485 734.8047 733.9404 733.1264 732.6344 732.3188 732.1035 731.9376 731.8022 731.7073 731.6762 731.7236 731.8413 732.0082 732.2102 732.4296 732.6385 732.8082 732.9468 733.0898 733.3657 733.7988 734.3013 734.5743 734.8013 736.0416 737.9544 740.3832 742.7801 744.7613 745.9399 746.0294 -9999 -9999 -9999 -9999 -9999 -9999 -9999 -9999 -9999 -9999 -9999
-9999 -9999 -9999 -9999 -9999 -9999 -9999 -9999 -9999 -9999 -9999 -9999 -9999 -9999 -9999 -9999 -9999 742.1662 741.943 741.3911 740.7717 740.2045 739.6201 738.8517 737.9965 737.155 736.7409 736.5811 735.9174 734.7125 733.6801 732.9774 732.5518 732.2657 732.0328 731.8317 731.6737 731.5862 731.5876 731.6736 731.8213 732.014 732.233 732.4497 732.6394 732.7986 732.9575 733.2069 733.6362 734.2627 734.9172 735.1924 736.6545 738.7324 741.1516 743.3927 745.116 745.7833 745.3782 -9999 -9999 -9999 -9999 -9999 -9999 -9999 -9999 -9999 -9999 -9999
-9999 -9999 -9999 -9999 -9999 -9999 -9999 -9999 -9999 -9999 -9999 -9999 -9999 -9999 -9999 -9999 -9999 -9999 743.511 743.0638 742.6294 742.1907 741.5146 740.4874 739.3997 738.5709 738.2286 738.0999 737.1653 735.6736 734.4099 733.5054 732.9318 732.542 732.2069 731.9164 731.6831 731.5347 731.4893 731.542 731.6662 731.841 732.0518 732.271 732.471 732.6793 732.9302 733.1084 733.4514 734.0229 734.7712 735.6537 737.4695 739.6996 742.0076 743.9898 745.4338 745.7261 745.0107 -9999 -9999 -9999 -9999 -9999 -9999 -9999 -9999 -9999 -9999 -9999
-9999 -9999 -9999 -9999 -9999 -9999 -9999 -9999 -9999 -9999 -9999 -9999 -9999 -9999 -9999 -9999 -9999 -9999 -9999 744.057 743.8859 743.5941 742.884 741.7979 740.6016 739.9111 739.8519 739.7823 738.6077 736.918 735.2997 734.1272 733.3589 732.8623 732.4139 732.0312 731.723 731.5173 731.4313 731.4562 731.5602 731.7134 731.9053 732.1157 732.308 732.4849 732.7272 732.9908 733.4103 734.0138 734.9292 736.4161 738.4984 740.8222 742.9152 744.563 745.6807 745.6379 -9999 -9999 -9999 -9999 -9999 -9999 -9999 -9999 -9999 -9999 -9999 -9999
-9999 -9999 -9999 -9999 -9999 -9999 -9999 -9999 -9999 -9999 -9999 -9999 -9999 -9999 -9999 -9999 -9999 -9999 -9999 -9999 744.2787 744.1191 743.6047 742.5301 741.4191 740.9341 741.3058 741.2933 740.0163 738.2021 736.3688 734.8286 733.7853 733.0624 732.5945 732.1499 731.7795 731.5289 731.4152 731.4241 731.5172 731.6534 731.8198 732.0118 732.1934 732.3573 732.5656 732.9561 733.5688 734.3361 735.4785 737.2997 739.5602 741.8198 743.5953 744.7133 745.2011 745.2166 -9999 -9999 -9999 -9999 -9999 -9999 -9999 -9999 -9999 -9999 -9999 -9999
-9999 -9999 -9999 -9999 -9999 -9999 -9999 -9999 -9999 -9999 -9999 -9999 -9999 -9999 -9999 -9999 -9999 -9999 -9999 -9999 -9999 -9999 -9999 742.9103 742.176 742.0156 742.4729 742.2833 741.1793 739.3892 737.4756 735.6545 734.321 733.4208 732.8454 732.28 731.8451 731.5653 731.4418 731.4506 731.5459 731.678 731.8226 731.9866 732.1608 732.3319 732.5601 732.9746 733.8285 734.8336 736.2498 738.157 740.451 742.4615 743.8885 744.6753 744.9364 744.603 -9999 -9999 -9999 -9999 -9999 -9999 -9999 -9999 -9999 -9999 -9999 -9999
-9999 -9999 -9999 -9999 -9999 -9999 -9999 -9999 -9999 -9999 -9999 -9999 -9999 -9999 -9999 -9999 -9999 -9999 -9999 -9999 -9999 -9999 -9999 -9999 742.7713 742.862 743.0813 742.937 742.0419 740.5432 738.6846 736.6418 734.8654 733.6985 732.9326 732.3309 731.8929 731.6221 731.5133 731.5393 731.6502 731.7927 731.9291 732.0651 732.2249 732.4112 732.6933 733.1799 734.1791 735.3965 736.9021 738.8159 740.7882 742.4326 743.599 744.2191 744.3932 744.0871 743.8048 -9999 -9999 -9999 -9999 -9999 -9999 -9999 -9999 -9999 -9999 -9999
-9999 -9999 -9999 -9999 -9999 -9999 -9999 -9999 -9999 -9999 -9999 -9999 -9999 -9999 -9999 -9999 -9999 -9999 -9999 -9999 -9999 -9999 -9999 -9999 -9999 743.006 743.2179 743.2675 742.7641 741.5298 739.6686 737.3698 735.2473 733.8607 732.9601 732.3602 731.9544 731.7172 731.6389 731.6934 731.8301 731.9907 732.1309 732.249 732.3869 732.5709 732.9103 733.495 734.4836 735.7394 737.1554 738.6471 740.1345 741.4499 742.504 743.3479 743.8315 743.9346 744.0514 -9999 -9999 -9999 -9999 -9999 -9999 -9999 -9999 -9999 -9999 -9999
-9999 -9999 -9999 -9999 -9999 -9999 -9999 -9999 -9999 -9999 -9999 -9999 -9999 -9999 -9999 -9999 -9999 -9999 -9999 -9999 -9999 -9999 -9999 -9999 743.1233 743.003 743.0242 743.1689 742.8536 741.8823 740.0037 737.5743 735.3325 733.8878 732.9709 732.4277 732.0726 731.8756 731.8301 731.9133 732.079 732.2607 732.3969 732.5066 732.6238 732.7341 733.0092 733.6127 734.4686 735.5131 736.5777 737.6676 738.7574 739.8506 740.9421 742.0974 743.0435 743.7874 744.3567 745.369 -9999 -9999 -9999 -9999 -9999 -9999 -9999 -9999 -9999 -9999
-9999 -9999 -9999 -9999 -9999 -9999 -9999 -9999 -9999 -9999 -9999 -9999 -9999 -9999 -9999 -9999 -9999 -9999 -9999 -9999 -9999 -9999 742.3817 742.864 743.0164 742.8611 742.4705 742.5315 742.1092 741.0798 739.2262 736.9335 735.0219 733.787 733.0063 732.5906 732.2841 732.1191 732.0966 732.1946 732.3778 732.5861 732.6865 732.7748 732.927 732.9692 733.233 733.6758 734.2108 734.8065 735.5939 736.3483 737.252 738.4235 739.5536 741.032 742.3406 743.5156 744.5593 745.8405 -9999 -9999 -9999 -9999 -9999 -9999 -9999 -9999 -9999 -9999
-9999 -9999 -9999 -9999 -9999 -9999 -9999 -9999 -9999 -9999 -9999 -9999 -9999 -9999 -9999 -9999 -9999 -9999 -9999 -9999 -9999 741.2294 741.482 742.0361 742.3484 742.0442 741.4574 741.12 740.4183 739.2781 737.6352 735.8577 734.5419 733.679 733.1655 732.8987 732.6074 732.4671 732.4536 732.5325 732.6926 732.9202 732.9475 732.959 733.1173 733.2722 733.5259 733.8249 734.0637 734.3071 734.6887 735.3396 736.3105 737.5867 738.8326 740.5337 742.0984 743.5436 744.9088 746.4253 -9999 -9999 -9999 -9999 -9999 -9999 -9999 -9999 -9999 -9999
-9999 -9999 -9999 -9999 -9999 -9999 -9999 -9999 -9999 -9999 -9999 -9999 -9999 -9999 -9999 -9999 -9999 -9999 -9999 -9999 741.5659 740.7386 740.427 740.7997 740.9026 740.4698 739.8508 739.2355 738.3026 737.1273 735.8946 734.8518 734.0873 733.6177 733.3718 733.2296 733.0319 732.9624 732.9509 732.953 732.9763 733.095 733.1339 733.1885 733.3547 733.5852 733.8711 734.1108 734.0988 734.0713 734.2189 734.6902 735.6678 736.9783 738.4835 740.3898 742.1816 743.8325 745.3942 747.0813 -9999 -9999 -9999 -9999 -9999 -9999 -9999 -9999 -9999 -9999
-9999 -9999 -9999 -9999 -9999 -9999 -9999 -9999 -9999 -9999 -9999 -9999 -9999 -9999 -9999 -9999 -9999 -9999 -9999 -9999 741.727 740.3764 739.4937 739.3633 739.0972 738.557 737.9269 737.2325 736.3165 735.3809 734.6606 734.1245 733.8026 733.7018 733.7615 733.8577 733.8124 733.7588 733.7068 733.5959 733.4577 733.3976 733.3738 733.4398 733.6248 733.884 734.1933 734.4579 734.2277 734.0178 734.0509 734.475 735.382 736.6996 738.3575 740.3916 742.3459 744.2045 745.9817 -9999 -9999 -9999 -9999 -9999 -9999 -9999 -9999 -9999 -9999 -9999
-9999 -9999 -9999 -9999 -9999 -9999 -9999 -9999 -9999 -9999 -9999 -9999 -9999 -9999 -9999 -9999 -9999 -9999 -9999 742.7859 741.9744 740.4106 739.1462 738.342 737.6287 736.8895 736.2692 735.6002 734.8676 734.2974 733.9182 733.726 733.7347 733.9568 734.3596 734.8187 734.8972 734.8517 734.759 734.4731 734.09 733.8383 733.7051 733.7595 733.9578 734.1687 734.3561 734.4786 734.226 734.0104 734.0313 734.451 735.3372 736.6621 738.3804 740.4611 742.5078 744.5012 746.4265 -9999 -9999 -9999 -9999 -9999 -9999 -9999 -9999 -9999 -9999 -9999
-9999 -9999 -9999 -9999 -9999 -9999 -9999 -9999 -9999 -9999 -9999 -9999 -9999 -9999 -9999 -9999 -9999 -9999 -9999 742.8026 742.3562 740.7358 739.0282 737.723 736.7529 735.9429 735.2083 734.5826 734.0835 733.7466 733.588 733.6178 733.8517 734.3148 735.0654 736.1311 736.3409 736.2957 736.1615 735.5676 734.854 734.4112 734.1445 734.2244 734.5029 734.6479 734.6161 734.4982 734.2452 734.0994 734.1571 734.5869 735.5118 736.8458 738.5795 740.6301 742.7087 744.7445 746.6678 -9999 -9999 -9999 -9999 -9999 -9999 -9999 -9999 -9999 -9999 -9999
-9999 -9999 -9999 -9999 -9999 -9999 -9999 -9999 -9999 -9999 -9999 -9999 -9999 -9999 -9999 -9999 -9999 -9999 741.1805 742.2947 742.5094 740.8926 738.8319 737.1923 736.3086 735.4771 734.6552 734.1333 733.787 733.5956 733.5657 733.7227 734.0918 734.6647 735.5994 736.6741 737.4516 737.5214 737.3138 736.6548 735.7953 735.0824 734.7136 734.9392 735.4769 735.7039 735.4961 734.9962 734.5254 734.4477 734.5779 735.101 736.0186 737.3143 739.0279 740.9818 743.0482 745.0359 746.8067 -9999 -9999 -9999 -9999 -9999 -9999 -9999 -9999 -9999 -9999 -9999
-9999 -9999 -9999 -9999 -9999 -9999 -9999 -9999 -9999 -9999 -9999 -9999 -9999 -9999 -9999 -9999 -9999 -9999 741.2226 742.1196 742.3192 740.6887 738.489 736.6982 735.7892 735.1998 734.4874 734.0602 733.8272 733.7225 733.7353 733.9377 734.4002 735.0496 735.9327 736.9027 737.86 738.175 738.0872 737.5927 736.6689 735.8024 735.5908 736.0741 736.7356 736.771 736.5193 735.661 735.0198 735.0628 735.4031 735.9867 736.8998 738.1719 739.8184 741.634 743.5356 745.2943 746.8402 -9999 -9999 -9999 -9999 -9999 -9999 -9999 -9999 -9999 -9999 -9999
-9999 -9999 -9999 -9999 -9999 -9999 -9999 -9999 -9999 -9999 -9999 -9999 -9999 -9999 -9999 -9999 -9999 -9999 741.5971 742.1018 741.7719 740.183 738.084 736.3005 735.2642 734.6356 734.321 734.1548 734.0693 734.0219 733.9778 734.101 734.5172 735.2872 736.1379 737.0775 737.9626 738.4294 738.4673 738.0692 737.2881 736.1979 736.1587 736.9777 737.8873 737.1887 737.241 736.1043 735.4849 735.9293 736.5325 737.1823 738.1328 739.4282 740.9524 742.5706 744.1353 745.4896 -9999 -9999 -9999 -9999 -9999 -9999 -9999 -9999 -9999 -9999 -9999 -9999
-9999 -9999 -9999 -9999 -9999 -9999 -9999 -9999 -9999 -9999 -9999 -9999 -9999 -9999 -9999 -9999 -9999 -9999 741.545 741.904 741.2328 739.7274 737.826 736.1251 735.0765 734.6084 734.4946 734.4977 734.4779 734.4279 734.2397 734.2112 734.533 735.3336 736.2154 737.1893 738.0105 738.5325 738.6285 738.2391 737.411 736.2825 736.2285 737.2204 737.0312 736.6847 736.5235 736.0685 736.3671 737.137 737.8286 738.598 739.6965 740.9444 742.3164 743.5842 744.6274 745.4305 -9999 -9999 -9999 -9999 -9999 -9999 -9999 -9999 -9999 -9999 -9999 -9999
-9999 -9999 -9999 -9999 -9999 -9999 -9999 -9999 -9999 -9999 -9999 -9999 -9999 -9999 -9999 -9999 -9999 -9999 741.0496 741.3775 740.8427 739.4786 737.7501 736.1492 735.1377 734.913 735.0766 735.1708 734.9968 734.7288 734.4646 734.3123 734.564 735.3259 736.2268 737.2384 738.0928 738.6785 738.7976 738.3705 737.3592 736.4455 736.139 736.27 736.123 736.0178 736.066 736.5849 737.4688 738.3749 739.2518 740.2435 741.3632 742.5284 743.654 744.464 744.9891 -9999 -9999 -9999 -9999 -9999 -9999 -9999 -9999 -9999 -9999 -9999 -9999 -9999
-9999 -9999 -9999 -9999 -9999 -9999 -9999 -9999 -9999 -9999 -9999 -9999 -9999 -9999 -9999 -9999 -9999 -9999 740.5212 740.9814 740.6012 739.4324 737.8254 736.2859 735.3212 735.4575 736.0001 736.1862 735.7243 735.1561 734.7533 734.5342 734.8293 735.5212 736.4609 737.566 738.4183 739.027 739.2108 738.816 737.6503 736.6547 736.1552 735.9735 735.7556 735.7834 736.2227 737.3493 738.5632 739.6362 740.6703 741.7647 742.8659 743.9261 744.8383 745.3508 -9999 -9999 -9999 -9999 -9999 -9999 -9999 -9999 -9999 -9999 -9999 -9999 -9999 -9999
-9999 -9999 -9999 -9999 -9999 -9999 -9999 -9999 -9999 -9999 -9999 -9999 -9999 -9999 -9999 -9999 -9999 -9999 740.1652 740.7875 740.6049 739.5537 737.986 736.3969 735.5974 736.1329 737.1661 737.4736 736.743 735.8835 735.2977 735.0645 735.2316 735.7356 736.5206 737.5751 738.6289 739.454 739.9397 739.3779 738.1486 736.9106 736.2335 735.8408 735.65 735.849 736.6321 738.0599 739.546 740.8248 741.9539 743.0264 744.038 744.9524 745.7023 -9999 -9999 -9999 -9999 -9999 -9999 -9999 -9999 -9999 -9999 -9999 -9999 -9999 -9999 -9999
-9999 -9999 -9999 -9999 -9999 -9999 -9999 -9999 -9999 -9999 -9999 -9999 -9999 -9999 -9999 -9999 -9999 -9999 740.4182 740.9884 740.8581 739.8258 738.2458 736.6249 735.8418 736.6469 738.1109 738.5291 737.6276 736.4437 735.7892 735.5817 735.6132 735.8787 736.3625 737.1721 738.5789 739.75 739.659 738.897 738.0782 737.2648 736.3931 735.8856 735.764 736.1271 737.177 738.79 740.4572 741.884 743.0529 744.0554 744.8868 745.512 -9999 -9999 -9999 -9999 -9999 -9999 -9999 -9999 -9999 -9999 -9999 -9999 -9999 -9999 -9999 -9999
-9999 -9999 -9999 -9999 -9999 -9999 -9999 -9999 -9999 -9999 -9999 -9999 -9999 -9999 -9999 -9999 -9999 -9999 740.838 741.1396 740.865 739.8608 738.2346 736.6162 736.0605 737.0101 738.4301 738.7695 738.1181 736.8549 736.1104 735.9733 735.9025 735.994 736.2006 736.8667 738.0635 739.3143 738.6874 737.6996 737.1989 736.7062 736.1898 735.9412 736.0984 736.7751 738.1473 739.8559 741.5389 742.957 744.0816 -9999 -9999 -9999 -9999 -9999 -9999 -9999 -9999 -9999 -9999 -9999 -9999 -9999 -9999 -9999 -9999 -9999 -9999 -9999
