backend/lakes/data/Mitsue Lake/mits_dem_tm.asc
ncols         122
nrows         109
xllcorner     521700
yllcorner     6117400
cellsize      50
NODATA_value  -9999
[rows 30 to 59 of 109, columns 0 to 66 of 122]
-9999 -9999 -9999 -9999 -9999 -9999 -9999 -9999 -9999 -9999 -9999 -9999 -9999 -9999 -9999 -9999 -9999 -9999 -9999 -9999 -9999 -9999 -9999 -9999 -9999 -9999 -9999 -9999 578.2568 577.7269 577.2819 576.6536 575.712 574.7526 574.2211 573.9241 573.7488 573.6536 573.5627 573.4415 573.2856 573.1765 573.0887 573.0266 572.9801 572.9324 572.8296 572.7041 572.5761 572.4563 572.3384 572.2179 572.1029 572.0059 571.9387 571.9083 571.9136 571.9436 571.9963 572.0754 572.2124 572.404 572.6279 572.9925 573.4209 573.928 574.7543
-9999 -9999 -9999 -9999 -9999 -9999 -9999 -9999 -9999 -9999 -9999 -9999 -9999 -9999 -9999 -9999 -9999 -9999 -9999 -9999 -9999 -9999 -9999 -9999 -9999 -9999 -9999 578.2053 577.6069 577.0749 576.7101 576.0558 575.2329 574.4837 573.988 573.7031 573.5477 573.4645 573.4009 573.3387 573.2785 573.1686 573.0812 573.0223 572.9799 572.9088 572.8028 572.679 572.5515 572.4288 572.3094 572.1816 572.0509 571.9338 571.8474 571.796 571.7811 571.7931 571.8273 571.8861 571.9799 572.1128 572.2864 572.5406 572.853 573.0836 573.5896
-9999 -9999 -9999 -9999 -9999 -9999 -9999 -9999 -9999 -9999 -9999 -9999 -9999 -9999 -9999 -9999 -9999 -9999 -9999 -9999 -9999 -9999 -9999 -9999 -9999 -9999 -9999 577.5054 576.8758 576.2991 575.9527 575.4072 574.7183 574.1899 573.7946 573.5451 573.4163 573.358 573.3213 573.2802 573.2372 573.1548 573.0739 573.0144 572.9796 572.8912 572.7804 572.6581 572.5342 572.4136 572.2975 572.1739 572.0396 571.9102 571.8066 571.7393 571.7067 571.7048 571.7266 571.7723 571.848 571.9578 572.0982 572.2722 572.4602 572.6306 572.9453
-9999 -9999 -9999 -9999 -9999 -9999 -9999 -9999 -9999 -9999 -9999 -9999 -9999 -9999 -9999 -9999 -9999 -9999 -9999 -9999 -9999 -9999 -9999 -9999 -9999 -9999 577.2731 576.7742 576.1993 575.7677 575.3846 574.9437 574.4523 574.0077 573.6747 573.4569 573.3445 573.3047 573.2944 573.2799 573.2227 573.1431 573.0581 572.9803 572.9355 572.8574 572.7548 572.6402 572.5231 572.4091 572.2999 572.1884 572.063 571.9338 571.8195 571.7372 571.6902 571.6763 571.6887 571.7278 571.7975 571.9026 572.0305 572.1639 572.2899 572.4181 572.6182
-9999 -9999 -9999 -9999 -9999 -9999 -9999 -9999 -9999 -9999 -9999 -9999 -9999 -9999 -9999 -9999 -9999 -9999 -9999 -9999 -9999 -9999 -9999 -9999 -9999 576.8712 576.5284 576.1439 575.8498 575.4879 575.0057 574.5451 574.1722 573.8453 573.5883 573.4126 573.3176 573.287 573.28 573.261 573.2084 573.1355 573.0562 572.9799 572.9126 572.8318 572.7353 572.6287 572.5202 572.415 572.3145 572.217 572.1104 571.9937 571.8828 571.7924 571.7316 571.7039 571.7069 571.7408 571.8111 571.9196 572.0504 572.1737 572.2737 572.363 572.4702
-9999 -9999 -9999 -9999 -9999 -9999 -9999 -9999 -9999 -9999 -9999 -9999 -9999 -9999 -9999 -9999 -9999 -9999 -9999 -9999 -9999 -9999 -9999 -9999 576.0225 575.9988 575.987 575.9139 575.8047 575.4626 574.8145 574.3334 573.9836 573.717 573.5204 573.3872 573.3115 573.287 573.28 573.2472 573.1948 573.1283 573.0552 572.98 572.902 572.8168 572.7242 572.626 572.5267 572.4318 572.3413 572.2548 572.1686 572.0745 571.9793 571.8948 571.8301 571.7896 571.7789 571.8022 571.8708 571.9863 572.1273 572.2562 572.3519 572.4233 572.4861
-9999 -9999 -9999 -9999 -9999 -9999 -9999 -9999 -9999 -9999 -9999 -9999 -9999 -9999 -9999 -9999 -9999 -9999 -9999 -9999 -9999 -9999 -9999 -9999 575.1918 575.3459 575.5798 575.7697 575.8458 575.5251 574.6995 574.192 573.8553 573.6205 573.46 573.3584 573.3013 573.28 573.2597 573.225 573.176 573.1165 573.0509 572.98 572.8982 572.8102 572.7207 572.6318 572.5436 572.4589 572.3798 572.303 572.2305 572.159 572.0887 572.0231 571.9675 571.9269 571.9054 571.9128 571.9677 572.0821 572.2327 572.3721 572.4706 572.5379 572.5891
-9999 -9999 -9999 -9999 -9999 -9999 -9999 -9999 -9999 -9999 -9999 -9999 -9999 -9999 -9999 -9999 -9999 -9999 -9999 -9999 -9999 -9999 -9999 -9999 574.8782 575.0072 575.2729 575.5088 575.6196 574.9989 574.4521 574.0408 573.7474 573.5446 573.4111 573.3297 573.2801 573.2565 573.2313 573.1973 573.1522 573.0986 573.0413 572.98 572.8973 572.8072 572.7212 572.6426 572.5682 572.496 572.428 572.3622 572.2981 572.2405 572.1914 572.1521 572.1182 572.0917 572.073 572.0702 572.1053 572.2013 572.345 572.4857 572.5826 572.6375 572.6699
-9999 -9999 -9999 -9999 -9999 -9999 -9999 -9999 -9999 -9999 -9999 -9999 -9999 -9999 -9999 -9999 -9999 -9999 -9999 -9999 -9999 -9999 -9999 574.9912 574.8278 574.8657 574.9921 575.0166 574.9034 574.5714 574.2114 573.8982 573.6537 573.4803 573.3701 573.3121 573.2799 573.239 573.204 573.1682 573.1254 573.0741 573.0215 572.9796 572.8918 572.8005 572.7204 572.6545 572.5959 572.5386 572.4816 572.4284 572.3728 572.3219 572.2833 572.2632 572.2548 572.252 572.2513 572.2523 572.2746 572.3454 572.462 572.5771 572.6517 572.67 572.6451
-9999 -9999 -9999 -9999 -9999 -9999 -9999 -9999 -9999 -9999 -9999 -9999 -9999 -9999 -9999 -9999 -9999 -9999 -9999 -9999 -9999 -9999 575.2772 574.9916 574.8412 574.801 574.7761 574.6815 574.5096 574.2786 574.0213 573.7776 573.5731 573.4221 573.3253 573.28 573.2443 573.2067 573.173 573.1396 573.0995 573.0458 572.9803 572.9354 572.8608 572.7799 572.7126 572.6642 572.6238 572.5812 572.5361 572.4915 572.4495 572.4047 572.3694 572.3558 572.3636 572.382 572.4041 572.4222 572.4453 572.4963 572.5787 572.6439 572.67 572.6285 572.5546
-9999 -9999 -9999 -9999 -9999 -9999 -9999 -9999 -9999 -9999 -9999 -9999 -9999 -9999 -9999 -9999 -9999 -9999 -9999 -9999 -9999 -9999 575.16 574.935 574.8757 574.8093 574.6776 574.5072 574.3198 574.1041 573.8822 573.677 573.5035 573.3722 573.2805 573.2383 573.2033 573.171 573.1431 573.1163 573.0842 573.0396 572.9799 572.9094 572.8262 572.7487 572.6962 572.67 572.6497 572.6201 572.5842 572.5477 572.5139 572.483 572.453 572.4376 572.4479 572.4757 572.5119 572.5459 572.5766 572.6177 572.6697 572.67 572.6302 572.5447 572.4342
-9999 -9999 -9999 -9999 -9999 -9999 -9999 -9999 -9999 -9999 -9999 -9999 -9999 -9999 -9999 -9999 -9999 -9999 -9999 -9999 -9999 575.8788 575.2805 575.0073 574.9977 574.8964 574.6592 574.4846 574.2314 573.9918 573.7742 573.5854 573.4369 573.3386 573.2795 573.2158 573.1705 573.139 573.1166 573.0972 573.0735 573.0377 572.98 572.8887 572.7893 572.7083 572.67 572.6674 572.67 572.6523 572.6213 572.5908 572.5647 572.5425 572.5251 572.5135 572.5185 572.5422 572.5789 572.6166 572.645 572.67 572.6814 572.6475 572.5705 572.4572 572.3228
-9999 -9999 -9999 -9999 -9999 -9999 -9999 -9999 -9999 -9999 -9999 -9999 -9999 -9999 -9999 -9999 -9999 -9999 -9999 -9999 576.2116 575.7062 575.3159 575.126 575.088 574.9624 574.5485 574.3303 574.0997 573.873 573.6678 573.4928 573.3572 573.28 573.2266 573.1742 573.1339 573.1072 573.0904 573.0762 573.0573 573.0276 572.9791 572.8643 572.7515 572.6702 572.6534 572.6622 572.6732 572.67 572.6459 572.6185 572.5989 572.5854 572.5762 572.5728 572.5786 572.5954 572.6213 572.6512 572.67 572.6802 572.6681 572.6168 572.5247 572.399 572.2544
-9999 -9999 -9999 -9999 -9999 -9999 -9999 -9999 -9999 -9999 -9999 -9999 -9999 -9999 -9999 -9999 -9999 -9999 -9999 -9999 575.971 575.5477 575.2711 575.1338 575.057 574.8193 574.4531 574.1874 573.9585 573.7495 573.5638 573.4081 573.2816 573.2208 573.173 573.1298 573.0963 573.075 573.062 573.0479 573.0231 572.98 572.9133 572.8104 572.716 572.6699 572.6544 572.6614 572.6714 572.67 572.655 572.6344 572.6187 572.6119 572.6108 572.6129 572.6201 572.6341 572.6512 572.67 572.6783 572.6768 572.6543 572.5999 572.5114 572.3906 572.2504
-9999 -9999 -9999 -9999 -9999 -9999 -9999 -9999 -9999 -9999 -9999 -9999 -9999 -9999 -9999 -9999 -9999 -9999 -9999 576.2061 575.7202 575.3838 575.1488 575.014 574.9236 574.5548 574.2588 574.0163 573.8069 573.6222 573.4673 573.3545 573.279 573.1959 573.1356 573.0918 573.0614 573.0431 573.0326 573.0148 572.9799 572.9202 572.8414 572.7487 572.6703 572.6519 572.652 572.662 572.6707 572.67 572.6563 572.6421 572.6306 572.6274 572.6318 572.639 572.6465 572.6556 572.6646 572.67 572.6727 572.6679 572.6458 572.6001 572.5294 572.4309 572.3123
-9999 -9999 -9999 -9999 -9999 -9999 -9999 -9999 -9999 -9999 -9999 -9999 -9999 -9999 -9999 -9999 -9999 -9999 576.3948 575.96 575.5782 575.2422 574.9634 574.7367 574.5341 574.2904 574.0559 573.8452 573.6597 573.4977 573.3655 573.2801 573.2182 573.1517 573.0969 573.0564 573.0284 573.0114 573.0045 572.98 572.9316 572.8627 572.7827 572.7084 572.6699 572.6537 572.6565 572.6656 572.67 572.6649 572.6545 572.6429 572.6378 572.6381 572.6446 572.655 572.6639 572.6697 572.6722 572.67 572.6667 572.6627 572.6439 572.6132 572.5676 572.5034 572.4208
-9999 -9999 -9999 -9999 -9999 -9999 -9999 -9999 -9999 -9999 -9999 -9999 -9999 -9999 -9999 -9999 -9999 -9999 576.2136 575.9269 575.5028 575.126 574.7994 574.521 574.3126 574.0982 573.8915 573.7021 573.5366 573.3964 573.2814 573.2183 573.1627 573.1069 573.0598 573.0245 572.9988 572.98 572.9799 572.9455 572.8891 572.8164 572.7375 572.6701 572.6543 572.6536 572.6624 572.67 572.6678 572.6596 572.6498 572.6436 572.641 572.6461 572.6556 572.666 572.6755 572.6809 572.6821 572.6785 572.67 572.67 572.6519 572.6361 572.6157 572.5881 572.5491
-9999 -9999 -9999 -9999 -9999 -9999 -9999 -9999 -9999 -9999 -9999 -9999 -9999 -9999 -9999 -9999 -9999 576.2894 575.9709 575.6583 575.2975 574.9783 574.6854 574.4776 574.2112 573.974 573.769 573.5934 573.4484 573.341 573.2792 573.1963 573.1276 573.0712 573.0291 572.9999 572.98 572.9633 572.9498 572.9139 572.8579 572.7892 572.7201 572.67 572.6575 572.6597 572.67 572.6716 572.6665 572.6575 572.6488 572.6447 572.6472 572.6539 572.6652 572.6768 572.6846 572.689 572.6934 572.6981 572.6947 572.688 572.67 572.67 572.67 572.67 572.67
-9999 -9999 -9999 -9999 -9999 -9999 -9999 -9999 -9999 -9999 -9999 -9999 -9999 -9999 -9999 -9999 576.0911 575.9073 575.6085 575.3091 575.0249 574.8068 574.5162 574.3141 574.0837 573.8632 573.6695 573.507 573.3773 573.2808 573.2286 573.1594 573.0927 573.0387 573.0028 572.98 572.965 572.9503 572.9308 572.8948 572.8424 572.7797 572.7173 572.67 572.67 572.67 572.6761 572.676 572.67 572.6616 572.6543 572.6522 572.6561 572.6648 572.675 572.6848 572.6898 572.6888 572.6949 572.7158 572.7218 572.7223 572.7161 572.7216 572.7325 572.7462 572.7623
-9999 -9999 -9999 -9999 -9999 -9999 -9999 -9999 -9999 -9999 -9999 -9999 -9999 -9999 -9999 576.0005 575.6902 575.4714 575.2286 575.0145 574.8607 574.7214 574.4315 574.1934 573.9728 573.7692 573.5902 573.4424 573.3352 573.2793 573.2023 573.1268 573.0594 573.0073 572.98 572.9644 572.9545 572.9428 572.9231 572.89 572.8438 572.7906 572.7401 572.7041 572.6957 572.6931 572.6934 572.6898 572.6826 572.6747 572.6689 572.6672 572.671 572.678 572.6851 572.6895 572.6863 572.67 572.6701 572.7141 572.7264 572.7443 572.7482 572.7624 572.782 572.8022 572.8239
-9999 -9999 -9999 -9999 -9999 -9999 -9999 -9999 -9999 -9999 -9999 -9999 -9999 -9999 -9999 575.6725 575.4009 575.194 575.0065 574.9139 574.7413 574.517 574.2974 574.0814 573.8787 573.6938 573.5302 573.391 573.2808 573.2274 573.162 573.0934 573.0304 572.98 572.9619 572.9539 572.949 572.941 572.9247 572.8965 572.858 572.815 572.7753 572.7467 572.7336 572.7268 572.7217 572.7147 572.7059 572.6978 572.6929 572.6916 572.693 572.6948 572.6932 572.6863 572.6699 572.6237 572.6072 572.6588 572.6705 572.7296 572.7404 572.772 572.8048 572.8292 572.8538
-9999 -9999 -9999 -9999 -9999 -9999 -9999 -9999 -9999 -9999 -9999 -9999 -9999 -9999 -9999 575.5186 575.2887 575.1158 575.019 574.9918 574.7542 574.4929 574.2332 574.0094 573.8149 573.6445 573.4972 573.375 573.2798 573.2039 573.1341 573.0702 573.0173 572.98 572.9606 572.9528 572.9495 572.9445 572.9321 572.91 572.8796 572.8459 572.8149 572.7916 572.777 572.7669 572.7578 572.748 572.7385 572.7305 572.7264 572.7255 572.7244 572.7183 572.7015 572.6699 572.6173 572.5316 572.4413 572.3845 572.51 572.6638 572.6711 572.7396 572.7948 572.8212 572.8491
-9999 -9999 -9999 -9999 -9999 -9999 -9999 -9999 -9999 -9999 -9999 -9999 -9999 -9999 -9999 575.7419 575.4467 575.2148 575.0789 574.9867 574.7626 574.4647 574.1976 573.9769 573.7894 573.6271 573.4882 573.3732 573.2799 573.1914 573.1155 573.0543 573.009 572.98 572.9644 572.9573 572.9544 572.9512 572.9429 572.9268 572.9039 572.8782 572.8543 572.8353 572.8209 572.8091 572.798 572.7867 572.777 572.7705 572.7682 572.769 572.7682 572.7579 572.7281 572.6703 572.6021 572.4911 572.3697 572.3025 572.371 572.4922 572.545 572.6674 572.7515 572.7711 572.8096
-9999 -9999 -9999 -9999 -9999 -9999 -9999 -9999 -9999 -9999 -9999 -9999 -9999 -9999 -9999 576.5049 575.9782 575.5474 575.2845 575.1324 574.9332 574.5071 574.2249 574.0087 573.8197 573.6516 573.5052 573.3821 573.2798 573.1806 573.1003 573.0414 573.0023 572.98 572.9711 572.9648 572.9617 572.9595 572.9546 572.9438 572.9277 572.9091 572.8911 572.8757 572.8627 572.8505 572.8385 572.8269 572.818 572.8137 572.8147 572.8198 572.825 572.822 572.8007 572.7505 572.6701 572.5325 572.3713 572.2919 572.3124 572.3687 572.3746 572.5167 572.6635 572.6718 572.741
-9999 -9999 -9999 -9999 -9999 -9999 -9999 -9999 -9999 -9999 -9999 -9999 -9999 -9999 -9999 577.8813 576.9272 576.1514 575.6753 575.4114 575.0881 574.6163 574.3644 574.1418 573.9261 573.7301 573.5563 573.4047 573.2796 573.1692 573.0867 573.0308 572.9976 572.9827 572.98 572.9733 572.9692 572.9675 572.9653 572.9594 572.9492 572.9364 572.9236 572.9117 572.9005 572.8889 572.8767 572.8657 572.8578 572.8556 572.8602 572.871 572.8853 572.897 572.897 572.871 572.8131 572.6678 572.4877 572.3779 572.3416 572.308 572.3025 572.3712 572.4902 572.5687 572.6693
-9999 -9999 -9999 -9999 -9999 -9999 -9999 -9999 -9999 -9999 -9999 -9999 -9999 -9999 -9999 -9999 578.1826 577.0739 576.327 576.0128 575.7094 575.1483 574.7448 574.4113 574.1125 573.8645 573.6488 573.4489 573.2787 573.1614 573.0795 573.0252 572.9944 572.9818 572.98 572.9775 572.9749 572.9744 572.9745 572.9725 572.9675 572.9598 572.9514 572.9427 572.9335 572.9227 572.911 572.9001 572.8931 572.8919 572.8983 572.9127 572.9336 572.9581 572.9799 572.9802 572.9761 572.8364 572.6913 572.6497 572.521 572.381 572.3356 572.3192 572.37 572.4579 572.5704
-9999 -9999 -9999 -9999 -9999 -9999 -9999 -9999 -9999 -9999 -9999 -9999 -9999 -9999 -9999 -9999 -9999 578.2184 577.2679 576.7808 576.3097 575.7559 575.1733 574.7217 574.3304 574.0433 573.7985 573.5409 573.2905 573.1794 573.0923 573.0322 572.9977 572.9827 572.9796 572.98 572.9786 572.9792 572.9816 572.9832 572.9824 572.9791 572.9745 572.9686 572.9612 572.9514 572.9399 572.9289 572.9211 572.9193 572.9245 572.9373 572.9565 572.98 573.0004 573.02 573.0293 572.9811 572.9687 572.8754 572.78 572.6588 572.5192 572.3802 572.3257 572.3698 572.4552
-9999 -9999 -9999 -9999 -9999 -9999 -9999 -9999 -9999 -9999 -9999 -9999 -9999 -9999 -9999 -9999 -9999 -9999 578.2937 577.4589 576.7649 576.0229 575.4185 574.9325 574.522 574.2567 574.0338 573.75 573.4591 573.2738 573.1377 573.0567 573.0115 572.9895 572.9813 572.98 572.9789 572.9811 572.9858 572.991 572.994 572.9945 572.993 572.9897 572.9838 572.9747 572.963 572.9509 572.9415 572.9368 572.9379 572.9445 572.9552 572.9677 572.98 573.0105 573.0396 573.0453 573.0409 572.9816 572.9764 572.8772 572.7603 572.64 572.3953 572.3326 572.3699
-9999 -9999 -9999 -9999 -9999 -9999 -9999 -9999 -9999 -9999 -9999 -9999 -9999 -9999 -9999 -9999 -9999 -9999 -9999 578.1105 577.0604 576.1937 575.6251 575.1603 574.7659 574.513 574.3477 574.0149 573.6257 573.3004 573.1753 573.0905 573.0369 573.0056 572.9882 572.98 572.977 572.9796 572.9868 572.9951 573.0018 573.0059 573.0073 573.0063 573.0017 572.9928 572.9803 572.9666 572.9543 572.9455 572.9407 572.9398 572.9419 572.9465 572.9561 572.98 573.0201 573.0556 573.0667 573.0502 573.0433 572.98 572.8951 572.7982 572.6419 572.3745 572.3316
-9999 -9999 -9999 -9999 -9999 -9999 -9999 -9999 -9999 -9999 -9999 -9999 -9999 -9999 -9999 -9999 -9999 -9999 -9999 -9999 577.5402 576.5889 575.9572 575.4467 574.9831 574.7372 574.6948 574.2804 573.8193 573.4602 573.2749 573.1493 573.0786 573.035 573.0034 572.98 572.9746 572.9762 572.9843 572.9954 573.0055 573.0128 573.0172 573.0183 573.0146 573.0057 572.9921 572.9761 572.9604 572.947 572.936 572.9276 572.9215 572.9191 572.9241 572.9435 572.9802 573.0327 573.0483 573.0462 573.0381 572.9801 572.8995 572.7981 572.6572 572.3771 572.3284
