backend/lakes/data/Mitsue Lake/mits_dem_tm.asc
ncols         122
nrows         109
xllcorner     521700
yllcorner     6117400
cellsize      50
NODATA_value  -9999
[rows 60 to 89 of 109, columns 0 to 66 of 122]
-9999 -9999 -9999 -9999 -9999 -9999 -9999 -9999 -9999 -9999 -9999 -9999 -9999 -9999 -9999 -9999 -9999 -9999 -9999 -9999 578.285 577.1266 576.3475 575.7577 575.0679 574.5261 574.8631 574.3579 573.8959 573.54 573.2878 573.1902 573.129 573.0809 573.037 572.9998 572.98 572.9738 572.9799 572.9923 573.0054 573.0157 573.0228 573.0258 573.0229 573.0137 572.9987 572.9802 572.9611 572.943 572.926 572.9102 572.8957 572.8846 572.8812 572.8921 572.925 572.9783 572.9801 572.9803 572.9794 572.9105 572.8051 572.67 572.5245 572.3698 572.333
-9999 -9999 -9999 -9999 -9999 -9999 -9999 -9999 -9999 -9999 -9999 -9999 -9999 -9999 -9999 -9999 -9999 -9999 -9999 -9999 -9999 577.7699 576.7909 576.0554 575.3981 574.8068 574.2732 574.0729 573.8523 573.6089 573.3888 573.2792 573.2056 573.1465 573.0856 573.0265 572.98 572.9708 572.9746 572.9871 573.0019 573.0148 573.0243 573.0289 573.0269 573.0173 573.0009 572.98 572.9576 572.9352 572.9126 572.8898 572.8667 572.8446 572.8265 572.8154 572.8143 572.825 572.8539 572.8732 572.8656 572.792 572.6682 572.5033 572.3724 572.3116 572.308
-9999 -9999 -9999 -9999 -9999 -9999 -9999 -9999 -9999 -9999 -9999 -9999 -9999 -9999 -9999 -9999 -9999 -9999 -9999 -9999 -9999 578.5129 577.384 576.5692 575.9062 575.2709 574.6893 574.3823 574.0104 573.7064 573.4797 573.3511 573.2798 573.2193 573.1443 573.0687 573.0078 572.98 572.9731 572.9822 572.997 573.0114 573.0225 573.0283 573.027 573.0172 572.9996 572.9767 572.9516 572.9254 572.8981 572.8693 572.8387 572.8066 572.774 572.7416 572.7076 572.6719 572.7291 572.7604 572.7544 572.67 572.534 572.3733 572.3032 572.2832 572.2975
-9999 -9999 -9999 -9999 -9999 -9999 -9999 -9999 -9999 -9999 -9999 -9999 -9999 -9999 -9999 -9999 -9999 -9999 -9999 -9999 -9999 -9999 578.1807 577.2587 576.5323 575.8781 575.2232 574.6462 574.1912 573.8251 573.5654 573.4103 573.3282 573.2794 573.197 573.1095 573.0324 572.98 572.9708 572.978 572.9922 573.0069 573.0186 573.0249 573.0243 573.0145 572.9964 572.9723 572.9448 572.9156 572.8847 572.8518 572.8162 572.7778 572.7377 572.699 572.6699 572.6417 572.6696 572.6704 572.6686 572.5815 572.4697 572.3698 572.3118 572.2982 572.3124
-9999 -9999 -9999 -9999 -9999 -9999 -9999 -9999 -9999 -9999 -9999 -9999 -9999 -9999 -9999 -9999 -9999 -9999 -9999 -9999 -9999 -9999 578.8774 578.0512 577.23 576.4995 575.8286 575.1342 574.4781 573.9961 573.6752 573.4766 573.3585 573.2805 573.2279 573.1439 573.0614 573.0027 572.98 572.9788 572.9894 573.0027 573.0137 573.0199 573.0196 573.0105 572.9928 572.9683 572.9392 572.9077 572.8743 572.8389 572.8011 572.7604 572.7162 572.67 572.6364 572.6055 572.5957 572.5781 572.5526 572.491 572.4176 572.3699 572.3406 572.3371 572.348
-9999 -9999 -9999 -9999 -9999 -9999 -9999 -9999 -9999 -9999 -9999 -9999 -9999 -9999 -9999 -9999 -9999 -9999 -9999 -9999 -9999 -9999 -9999 578.6685 577.9228 577.0543 576.3235 575.621 574.7759 574.2195 573.843 573.5943 573.4349 573.3358 573.279 573.175 573.0842 573.0204 572.9882 572.98 572.9875 572.999 573.0087 573.014 573.0138 573.0061 572.9899 572.9658 572.936 572.9028 572.8677 572.8314 572.7938 572.7549 572.7139 572.6699 572.618 572.5675 572.5269 572.4893 572.4501 572.4136 572.3701 572.3669 572.3756 572.3913 572.4038
-9999 -9999 -9999 -9999 -9999 -9999 -9999 -9999 -9999 -9999 -9999 -9999 -9999 -9999 -9999 -9999 -9999 -9999 -9999 -9999 -9999 -9999 -9999 578.7365 578.361 577.4862 576.7418 576.0212 575.2539 574.5973 574.1326 573.8033 573.5695 573.3994 573.2792 573.178 573.0919 573.0278 572.9915 572.98 572.9854 572.9953 573.0036 573.0079 573.0077 573.0016 572.9878 572.9655 572.9359 572.9014 572.8649 572.8281 572.7916 572.7549 572.7159 572.6699 572.6039 572.5321 572.4678 572.4171 572.3703 572.3699 572.3629 572.3862 572.4244 572.4617 572.4811
-9999 -9999 -9999 -9999 -9999 -9999 -9999 -9999 -9999 -9999 -9999 -9999 -9999 -9999 -9999 -9999 -9999 -9999 -9999 -9999 -9999 -9999 -9999 -9999 578.7791 578.0641 577.2715 576.5646 575.8753 575.1912 574.5908 574.1409 573.7969 573.5143 573.2877 573.193 573.1012 573.0298 572.9883 572.9744 572.98 572.9899 572.9979 573.0017 573.0016 572.9971 572.9862 572.9665 572.9376 572.9025 572.8651 572.828 572.7927 572.7574 572.7185 572.6699 572.5961 572.5046 572.4183 572.3696 572.3263 572.3292 572.3552 572.4092 572.4788 572.5426 572.5765
-9999 -9999 -9999 -9999 -9999 -9999 -9999 -9999 -9999 -9999 -9999 -9999 -9999 -9999 -9999 -9999 -9999 -9999 -9999 -9999 -9999 -9999 -9999 -9999 -9999 578.5692 577.9322 577.2133 576.5417 575.8945 575.2355 574.6254 574.1464 573.7439 573.4407 573.2753 573.125 573.0286 572.9779 572.9609 572.9661 572.98 572.9904 572.9951 572.9954 572.9926 572.9844 572.9674 572.9401 572.9052 572.8674 572.8308 572.7972 572.7643 572.725 572.6702 572.6067 572.4966 572.3702 572.3085 572.2787 572.2936 572.3428 572.424 572.525 572.6193 572.6699
-9999 -9999 -9999 -9999 -9999 -9999 -9999 -9999 -9999 -9999 -9999 -9999 -9999 -9999 -9999 -9999 -9999 -9999 -9999 -9999 -9999 -9999 -9999 -9999 -9999 578.9714 578.5386 577.9415 577.239 576.5949 575.9415 575.2482 574.5726 573.9969 573.564 573.2827 573.1128 573.012 572.96 572.9423 572.9473 572.9635 572.98 572.9879 572.9896 572.9878 572.9817 572.9673 572.9419 572.908 572.8708 572.8358 572.8063 572.7809 572.7545 572.7203 572.6693 572.5463 572.3742 572.2938 572.2565 572.2738 572.3279 572.421 572.546 572.6697 572.723
-9999 -9999 -9999 -9999 -9999 -9999 -9999 -9999 -9999 -9999 -9999 -9999 -9999 -9999 -9999 -9999 -9999 -9999 -9999 -9999 -9999 -9999 -9999 -9999 -9999 -9999 578.9869 578.5592 577.9237 577.2368 576.5432 575.7711 574.934 574.1667 573.6281 573.2841 573.0989 572.9964 572.9445 572.9261 572.9301 572.9465 572.9658 572.98 572.9843 572.9833 572.9781 572.9655 572.9423 572.91 572.8743 572.8414 572.8159 572.7985 572.7855 572.7703 572.7411 572.6675 572.515 572.3712 572.2877 572.29 572.3175 572.3933 572.5206 572.668 572.7339
-9999 -9999 -9999 -9999 -9999 -9999 -9999 -9999 -9999 -9999 -9999 -9999 -9999 -9999 -9999 -9999 -9999 -9999 -9999 -9999 -9999 -9999 -9999 -9999 -9999 -9999 -9999 578.8829 578.2878 577.7197 576.8944 575.8743 574.8211 574.0956 573.5964 573.2803 573.0989 572.9966 572.9426 572.9209 572.9216 572.9359 572.9551 572.9714 572.98 572.9799 572.9749 572.9633 572.9421 572.912 572.8777 572.8462 572.8225 572.8082 572.8017 572.7972 572.7854 572.7485 572.666 572.512 572.3851 572.3691 572.3252 572.3442 572.4346 572.5608 572.6691
-9999 -9999 -9999 -9999 -9999 -9999 -9999 -9999 -9999 -9999 -9999 -9999 -9999 -9999 -9999 -9999 -9999 -9999 -9999 -9999 -9999 -9999 -9999 -9999 -9999 -9999 -9999 578.5824 578.0941 577.6496 576.9143 575.8306 574.7108 573.9958 573.5436 573.2773 573.1179 573.0202 572.9615 572.9329 572.9274 572.9373 572.9541 572.97 572.9794 572.98 572.9743 572.9629 572.9435 572.9155 572.8824 572.8503 572.8243 572.8062 572.7964 572.7913 572.7855 572.7686 572.7302 572.6707 572.657 572.5342 572.3736 572.3151 572.3528 572.4327 572.5373
-9999 -9999 -9999 -9999 -9999 -9999 -9999 -9999 -9999 -9999 -9999 -9999 -9999 -9999 -9999 -9999 -9999 -9999 -9999 -9999 -9999 -9999 -9999 -9999 -9999 -9999 -9999 578.1106 577.8353 577.5009 576.8704 575.7942 574.6589 573.9415 573.5165 573.282 573.1664 573.0747 573.0063 572.9657 572.9507 572.9542 572.9673 572.9811 572.9894 572.9888 572.98 572.9674 572.9492 572.9235 572.8909 572.8561 572.8229 572.793 572.7693 572.752 572.7401 572.7296 572.719 572.7134 572.7231 572.6675 572.5166 572.3833 572.3752 572.3702 572.3983
-9999 -9999 -9999 -9999 -9999 -9999 -9999 -9999 -9999 -9999 -9999 -9999 -9999 -9999 -9999 -9999 -9999 -9999 -9999 -9999 -9999 -9999 -9999 -9999 -9999 -9999 -9999 577.8091 577.6457 577.3994 576.8634 575.8309 574.6758 573.9599 573.5629 573.3686 573.2772 573.1677 573.0775 573.0193 572.9924 572.9889 572.9973 573.0079 573.0138 573.0104 572.9973 572.98 572.9614 572.9377 572.9054 572.8661 572.8212 572.7723 572.7244 572.6827 572.6511 572.6305 572.6246 572.6381 572.6674 572.6801 572.6698 572.6653 572.6566 572.5114 572.3793
-9999 -9999 -9999 -9999 -9999 -9999 -9999 -9999 -9999 -9999 -9999 -9999 -9999 -9999 -9999 -9999 -9999 -9999 -9999 -9999 -9999 -9999 -9999 -9999 -9999 -9999 -9999 577.6768 577.5538 577.3673 576.9188 575.9871 574.7819 574.0635 573.6862 573.5089 573.3994 573.2798 573.1675 573.0903 573.0511 573.0413 573.0447 573.051 573.0532 573.0448 573.025 573.0015 572.98 572.9578 572.9265 572.8822 572.8232 572.7504 572.6694 572.5912 572.5263 572.4794 572.4591 572.47 572.5079 572.5582 572.6125 572.6666 572.6976 572.6698 572.6633
-9999 -9999 -9999 -9999 -9999 -9999 -9999 -9999 -9999 -9999 -9999 -9999 -9999 -9999 -9999 -9999 -9999 -9999 -9999 -9999 -9999 -9999 -9999 -9999 -9999 -9999 -9999 -9999 577.543 577.3892 577.038 576.2975 575.0009 574.2662 573.9026 573.7366 573.5927 573.432 573.2808 573.1782 573.1243 573.1105 573.1074 573.1082 573.1055 573.0908 573.0608 573.0272 573 572.98 572.9528 572.9056 572.8331 572.7366 572.616 572.4908 572.3809 572.2955 572.2473 572.2425 572.2766 572.3408 572.4248 572.5153 572.5924 572.6428 572.687
-9999 -9999 -9999 -9999 -9999 -9999 -9999 -9999 -9999 -9999 -9999 -9999 -9999 -9999 -9999 -9999 -9999 -9999 -9999 -9999 -9999 -9999 -9999 -9999 -9999 -9999 -9999 -9999 577.5452 577.4078 577.1341 576.5241 575.2846 574.5619 574.2111 574.0605 573.8506 573.6221 573.4213 573.2802 573.2052 573.1929 573.1793 573.1732 573.1665 573.1467 573.1031 573.0551 573.0175 572.9947 572.9799 572.9372 572.8562 572.7472 572.5835 572.4029 572.2397 572.1094 572.0264 571.9982 572.0197 572.0838 572.1801 572.2936 572.4066 572.5063 572.5889
-9999 -9999 -9999 -9999 -9999 -9999 -9999 -9999 -9999 -9999 -9999 -9999 -9999 -9999 -9999 -9999 -9999 -9999 -9999 -9999 -9999 -9999 -9999 -9999 -9999 -9999 -9999 -9999 577.5139 577.3705 577.1461 576.6761 575.724 574.9828 574.5906 574.4298 574.1003 573.7971 573.5524 573.3809 573.2811 573.2794 573.2455 573.2347 573.2288 573.2114 573.1534 573.0917 573.0428 573.0118 572.9973 572.9794 572.9001 572.8093 572.6016 572.363 572.1451 571.9687 571.8485 571.7921 571.7942 571.8484 571.9459 572.0719 572.2087 572.3417 572.4579
-9999 -9999 -9999 -9999 -9999 -9999 -9999 -9999 -9999 -9999 -9999 -9999 -9999 -9999 -9999 -9999 -9999 -9999 -9999 -9999 -9999 -9999 -9999 -9999 -9999 -9999 -9999 -9999 577.4683 577.259 577.0021 576.5138 576.0013 575.6413 575.0514 574.551 574.1935 573.8901 573.6443 573.4731 573.3704 573.323 573.2802 573.28 573.28 573.2796 573.213 573.1554 573.111 573.08 573.0613 573.0399 572.987 572.9599 572.71 572.4293 572.1704 571.9512 571.7877 571.6949 571.6682 571.701 571.788 571.9152 572.0641 572.2178 572.36
-9999 -9999 -9999 -9999 -9999 -9999 -9999 -9999 -9999 -9999 -9999 -9999 -9999 -9999 -9999 -9999 -9999 -9999 -9999 -9999 -9999 -9999 -9999 -9999 -9999 -9999 -9999 -9999 -9999 577.1401 576.8497 576.1985 575.8745 575.5645 575.1201 574.55 574.2076 573.9198 573.6937 573.5388 573.4428 573.3698 573.3228 573.3087 573.3062 573.307 573.2808 573.2809 573.2864 573.2922 573.3026 573.304 573.2682 573.148 572.9604 572.7134 572.4431 572.1808 571.9517 571.7991 571.7234 571.7123 571.7703 571.8831 572.0293 572.1914 572.3472
-9999 -9999 -9999 -9999 -9999 -9999 -9999 -9999 -9999 -9999 -9999 -9999 -9999 -9999 -9999 -9999 -9999 -9999 -9999 -9999 -9999 -9999 -9999 -9999 -9999 -9999 -9999 -9999 -9999 577.0505 576.71 576.1303 575.7507 575.2642 574.7655 574.3416 574.186 573.9144 573.7084 573.5757 573.4834 573.4097 573.3619 573.3381 573.3378 573.3687 573.4242 573.5264 573.6619 573.7725 573.8812 573.9304 573.881 573.7064 573.6165 573.4684 573.1891 572.8463 572.4863 572.2198 572.0579 571.9581 571.9548 572.0299 572.1509 572.3063 572.4586
-9999 -9999 -9999 -9999 -9999 -9999 -9999 -9999 -9999 -9999 -9999 -9999 -9999 -9999 -9999 -9999 -9999 -9999 -9999 -9999 -9999 -9999 -9999 -9999 -9999 -9999 -9999 -9999 -9999 -9999 576.9495 576.4448 575.827 574.9774 574.2482 574.4915 574.3439 573.9212 573.7155 573.6235 573.5475 573.4706 573.4136 573.3757 573.3732 573.4344 573.5685 573.7817 574.077 574.3348 574.6252 574.8171 574.9266 574.9862 575.1075 575.0997 574.7431 574.1962 573.5763 573.0926 572.7756 572.5134 572.404 572.4045 572.4628 572.595 572.7176
-9999 -9999 -9999 -9999 -9999 -9999 -9999 -9999 -9999 -9999 -9999 -9999 -9999 -9999 -9999 -9999 -9999 -9999 -9999 -9999 -9999 -9999 -9999 -9999 -9999 -9999 -9999 -9999 -9999 -9999 577.2035 576.7578 575.919 574.9204 574.1066 574.2256 574.358 573.8373 573.7679 573.732 573.6664 573.5764 573.4951 573.4276 573.4026 573.4669 573.6448 573.9095 574.2639 574.7264 575.2883 575.6972 576.0736 576.473 577.0229 577.3826 577.145 576.439 575.4641 574.5822 573.9279 573.4515 573.1838 573.0488 572.9763 573.0811 573.1464
-9999 -9999 -9999 -9999 -9999 -9999 -9999 -9999 -9999 -9999 -9999 -9999 -9999 -9999 -9999 -9999 -9999 -9999 -9999 -9999 -9999 -9999 -9999 -9999 -9999 -9999 -9999 -9999 -9999 -9999 -9999 576.7901 575.9647 575.0596 574.3331 574.0215 573.9478 574.0073 574.0559 573.9772 573.8535 573.7253 573.6082 573.4971 573.4272 573.4614 573.6363 573.9122 574.2437 574.689 575.3464 576.1544 576.9083 577.7605 578.9789 579.7911 579.677 579.0464 578.0038 576.8119 575.8008 574.9905 574.3974 573.9632 573.6761 573.7397 573.803
-9999 -9999 -9999 -9999 -9999 -9999 -9999 -9999 -9999 -9999 -9999 -9999 -9999 -9999 -9999 -9999 -9999 -9999 -9999 -9999 -9999 -9999 -9999 -9999 -9999 -9999 -9999 -9999 -9999 -9999 -9999 -9999 576.0398 575.4181 574.8624 574.4854 574.4286 574.6244 574.5702 574.3124 574.076 573.9025 573.7527 573.5995 573.4693 573.4484 573.577 573.8342 574.129 574.4517 574.9961 575.8265 576.9083 578.6622 580.4907 581.6354 581.367 581.2182 580.4761 579.3389 578.0491 576.91 575.9738 575.2396 574.7799 574.6445 574.5292
-9999 -9999 -9999 -9999 -9999 -9999 -9999 -9999 -9999 -9999 -9999 -9999 -9999 -9999 -9999 -9999 -9999 -9999 -9999 -9999 -9999 -9999 -9999 -9999 -9999 -9999 -9999 -9999 -9999 -9999 -9999 -9999 576.3926 575.9892 575.507 575.1174 575.0746 575.2382 575.1182 574.6028 574.2552 574.0818 573.943 573.7755 573.5876 573.4968 573.5631 573.7703 574.0411 574.2957 574.7423 575.6485 577.1796 579.2081 581.2755 582.7051 582.3942 582.5347 582.2626 581.5809 580.434 579.0711 577.8029 576.7261 575.9921 575.6492 575.2218
-9999 -9999 -9999 -9999 -9999 -9999 -9999 -9999 -9999 -9999 -9999 -9999 -9999 -9999 -9999 -9999 -9999 -9999 -9999 -9999 -9999 -9999 -9999 -9999 -9999 -9999 -9999 -9999 -9999 -9999 -9999 -9999 -9999 576.8625 576.3547 575.9474 575.7584 575.8421 575.4606 574.7466 574.3811 574.287 574.2255 574.0874 573.862 573.6934 573.7228 573.9007 574.1344 574.3862 574.8064 575.8312 577.3721 579.2783 581.1824 582.6578 583.3259 583.5721 583.6138 583.3785 582.663 581.4053 579.8899 578.4504 577.3215 576.5423 576.1508
-9999 -9999 -9999 -9999 -9999 -9999 -9999 -9999 -9999 -9999 -9999 -9999 -9999 -9999 -9999 -9999 -9999 -9999 -9999 -9999 -9999 -9999 -9999 -9999 -9999 -9999 -9999 -9999 -9999 -9999 -9999 -9999 -9999 -9999 577.4719 576.8162 576.3069 576.1 575.7961 575.1134 574.6018 574.6259 574.6912 574.6032 574.37 574.1221 574.1389 574.4124 574.6907 574.895 575.3455 576.2238 577.5569 579.1699 580.8211 582.2308 583.2191 583.9675 584.4941 584.8396 584.6743 583.7661 582.3663 580.8353 579.5248 578.5366 577.9695
-9999 -9999 -9999 -9999 -9999 -9999 -9999 -9999 -9999 -9999 -9999 -9999 -9999 -9999 -9999 -9999 -9999 -9999 -9999 -9999 -9999 -9999 -9999 -9999 -9999 -9999 -9999 -9999 -9999 -9999 -9999 -9999 -9999 -9999 578.5277 577.8655 577.1058 576.4797 576.0247 575.371 574.8353 575.1782 575.5195 575.3394 575.1238 574.8223 574.8889 575.3577 575.8397 576.1161 576.2932 576.9418 577.991 579.3016 580.7148 582.0289 -9999 584.1364 585.0422 585.932 586.3099 585.8763 584.7978 583.4382 582.1459 581.0679 580.2985
