backend/lakes/data/Upper Kananaskis Lake/uppk_dem_tm.asc
ncols         137
nrows         101
xllcorner     485750
yllcorner     5602850
cellsize      50
NODATA_value  -9999
[rows 60 to 89 of 101, columns 68 to 135 of 137]
1639.873 1638.203 1637.979 1640.084 1643.392 1647.141 1650.206 1652.26 1653.94 1655.622 1656.199 1655.388 1652.75 1647.791 1642.776 1640.08 1641.364 1646.726 1654.458 1662.787 1670.326 1676.627 1681.839 1686.219 1689.5 1690.604 1691.136 1694.901 1704.197 1717.694 1732.297 1743.924 1748.233 1744.358 1736.395 1727.787 1721.024 1717.215 1715.348 1714.625 1712.951 1709.56 1705.009 1700.436 1697.603 1695.956 1694.991 1693.911 -9999 -9999 -9999 -9999 -9999 -9999 -9999 -9999 -9999 -9999 -9999 -9999 -9999 -9999 -9999 -9999 -9999 -9999 -9999 -9999
1633.853 1632.528 1631.623 1632.565 1635.109 1638.753 1642.231 1645.381 1648.438 1651.593 1653.617 1651.973 1644.616 1632.968 1621.493 1613.981 1613.244 1620.273 1632.186 1645.542 1657.201 1665.59 1671.474 1676.447 1680.665 1682.993 1684.137 1686.087 1692.265 1702.972 1716.472 1729.679 1738.027 1739.05 1734.598 1727.505 1720.522 1715.299 1712.038 1710.679 1709.709 1707.415 1704.303 1700.282 1697.617 1695.829 1694.991 1694.349 1694.046 1694.275 -9999 -9999 -9999 -9999 -9999 -9999 -9999 -9999 -9999 -9999 -9999 -9999 -9999 -9999 -9999 -9999 -9999 -9999
1628.134 1627.079 1625.83 1625.801 1627.426 1630.5 1634.134 1638.01 1642.019 1646.404 1650.201 1649.996 1639.551 1622.151 1604.737 1591.563 1586.725 1594.082 1609.87 1628.651 1645.052 1655.799 1662.007 1666.489 1670.579 1673.506 1675.504 1677.175 1681.251 1689.121 1700.556 1713.637 1724.535 1730.007 1729.556 1724.95 1718.872 1712.931 1708.933 1706.967 1706.002 1704.322 1702.59 1700.094 1698.394 1696.601 1695.562 1694.627 1694.953 1695.298 1695.406 -9999 -9999 -9999 -9999 -9999 -9999 -9999 -9999 -9999 -9999 -9999 -9999 -9999 -9999 -9999 -9999 -9999
1622.23 1621.12 1619.753 1619.16 1620.241 1622.8 1626.19 1630.329 1634.873 1640.047 1645.278 1647.971 1640.009 1621.92 1604.978 1587.357 1574.552 1579.88 1596.983 1618.738 1637.95 1650.011 1655.879 1658.929 1661.477 1663.855 1666.179 1668.103 1671.061 1676.654 1685.699 1697.459 1709.391 1718.37 1722.084 1720.484 1716.214 1710.992 1706.256 1704.256 1703.243 1702.353 1700.995 1700.344 1701.104 1701.606 1698.12 1696.092 1697.331 1699.106 1699.583 1699.852 -9999 -9999 -9999 -9999 -9999 -9999 -9999 -9999 -9999 -9999 -9999 -9999 -9999 -9999 -9999 -9999
1615.775 1614.628 1613.487 1612.75 1613.667 1615.965 1619.359 1623.605 1628.341 1633.658 1639.516 1644.614 1644.518 1634.917 1621.92 1605.167 1592.064 1591.697 1603.662 1620.919 1638.463 1648.82 1652.658 1653.922 1654.658 1655.757 1657.539 1659.391 1661.605 1665.579 1672.519 1682.584 1694.455 1705.499 1712.954 1715.087 1713.393 1708.706 1704.439 1701.897 1699.744 1697.602 1696.462 1698.749 1702.52 1707.787 1703.414 1700.484 1701.08 1703.645 1704.661 1704.993 -9999 -9999 -9999 -9999 -9999 -9999 -9999 -9999 -9999 -9999 -9999 -9999 -9999 -9999 -9999 -9999
1609.193 1608.402 1607.83 1607.328 1607.927 1609.807 1613.62 1618.176 1622.866 1627.793 1633.304 1639.397 1643.918 1644.669 1641.15 1628.448 1618.27 1615.736 1621.466 1632.586 1642.649 1647.87 1649.16 1649.459 1649.387 1649.547 1650.367 1651.731 1653.302 1656.122 1661.403 1669.73 1680.8 1692.808 1703.024 1708.757 1709.441 1705.974 1702.257 1699.539 1696.782 1694.549 1694.637 1695.502 1697.87 1702.153 1703.289 1703.5 1705.008 1707.644 1709.598 1710.547 -9999 -9999 -9999 -9999 -9999 -9999 -9999 -9999 -9999 -9999 -9999 -9999 -9999 -9999 -9999 -9999
1604.189 1604.034 1604.012 1603.96 1604.182 1605.251 1608.536 1613.322 1618.131 1622.619 1627.198 1632.737 1637.971 1641.15 1643.003 1639.455 1635.219 1634.167 1636.634 1640.849 1642.883 1643.541 1643.606 1643.788 1643.735 1643.723 1644.23 1645.36 1646.641 1648.837 1652.758 1659.347 1669.102 1681.303 1693.658 1702.931 1706.173 1703.056 1699.916 1697.137 1694.411 1692.497 1692.009 1692.184 1693.762 1697.133 1701.403 1704.907 1708.014 1711.09 1714.088 1715.77 -9999 -9999 -9999 -9999 -9999 -9999 -9999 -9999 -9999 -9999 -9999 -9999 -9999 -9999 -9999 -9999
1601.934 1602.132 1602.467 1602.939 1603.723 1604.305 1605.093 1609.23 1614.306 1618.734 1622.584 1626.842 1631.674 1636.123 1639.403 1639.353 1639.163 1639.747 1639.977 1639.029 1637.935 1637.215 1637.39 1637.847 1638.106 1638.258 1638.938 1639.969 1641.217 1643.371 1646.603 1651.65 1659.753 1671.401 1684.969 1696.727 1702.133 1700.68 1698.2 1695.829 1693.38 1690.955 1689.869 1689.896 1690.952 1694.32 1699.866 1705.74 1710.364 1714.321 1717.543 1719.865 -9999 -9999 -9999 -9999 -9999 -9999 -9999 -9999 -9999 -9999 -9999 -9999 -9999 -9999 -9999 -9999
1601.97 1602.285 1602.643 1603.051 1603.326 1603.985 1605.05 1608.183 1612.973 1617.396 1620.633 1623.386 1627.127 1632.479 1637.529 1639.123 1639.283 1638.879 1636.763 1634.913 1633.318 1632.413 1632.784 1633.276 1633.933 1634.171 1635.006 1636.042 1637.188 1639.148 1642.239 1646.328 1652.773 1663.196 1676.891 1690.501 1699.425 1700.965 1698.179 1694.907 1691.589 1688.72 1687.141 1687.543 1688.407 1692.172 1698.634 1705.832 1711.661 1715.884 1719.642 1722.572 -9999 -9999 -9999 -9999 -9999 -9999 -9999 -9999 -9999 -9999 -9999 -9999 -9999 -9999 -9999 -9999
1603.646 1604.174 1604.392 1604.576 1605.01 1606.437 1608.486 1611.776 1616.025 1619.601 1621.184 1622.799 1625.882 1631.86 1638.883 1643.785 1642.59 1640.078 1636.489 1633.564 1632.125 1630.891 1630.685 1631.141 1631.981 1632.055 1632.842 1633.911 1634.901 1636.288 1638.998 1642.509 1647.576 1656.191 1668.579 1682.432 1694.039 1700.015 1699.795 1696.151 1691.241 1686.849 1684.44 1684.868 1686.01 1689.734 1696.592 1704.577 1711.302 1716.14 1720.419 1724.433 1727.712 -9999 -9999 -9999 -9999 -9999 -9999 -9999 -9999 -9999 -9999 -9999 -9999 -9999 -9999 -9999
1608.315 1609.518 1610.146 1610.587 1611.265 1612.879 1615.111 1617.853 1620.848 1623.099 1624.15 1625.466 1628.448 1634.421 1640.896 1644.78 1645.661 1644.4 1640.531 1637.15 1634.349 1632.267 1630.993 1631.015 1632.071 1631.803 1631.998 1632.741 1633.893 1634.945 1637.035 1639.796 1643.627 1650.251 1660.242 1672.812 1685.419 1694.73 1697.784 1694.819 1689.517 1685.028 1683.319 1683.153 1684.023 1687.264 1693.754 1702.022 1709.694 1715.799 1721.11 1726.047 1730.62 -9999 -9999 -9999 -9999 -9999 -9999 -9999 -9999 -9999 -9999 -9999 -9999 -9999 -9999 -9999
1616.941 1618.352 1619.017 1619.47 1620.242 1621.731 1623.756 1625.935 1628.01 1629.418 1630.24 1631.704 1634.939 1639.969 1644.778 1647.438 1648.671 1648.615 1646.971 1644.364 1640.872 1636.972 1633.741 1632.465 1633.652 1632.175 1631.712 1632.008 1632.964 1634.062 1635.835 1637.74 1640.321 1645.201 1652.803 1663.198 1675.49 1686.648 1692.373 1690.839 1686.607 1683.6 1682.37 1682.593 1683.143 1685.652 1691.65 1699.949 1708.669 1716.435 1723.137 1728.825 1734.11 -9999 -9999 -9999 -9999 -9999 -9999 -9999 -9999 -9999 -9999 -9999 -9999 -9999 -9999 -9999
1628.343 1629.25 1629.344 1629.508 1630.383 1631.913 1633.907 1636.035 1637.856 1639.16 1640.028 1641.276 1643.7 1647.139 1650.395 1652.876 1654.594 1655.547 1655.351 1653.359 1649.656 1644.766 1639.52 1635.723 1633.669 1632.092 1631.985 1632.295 1632.999 1633.96 1634.819 1636.089 1638.158 1641.795 1647.28 1655.433 1666.426 1677.985 1684.939 1684.525 1681.302 1680.947 1682.042 1683.727 1684.218 1686.244 1691.634 1699.671 1708.641 1717.058 1724.378 1730.548 1736.41 -9999 -9999 -9999 -9999 -9999 -9999 -9999 -9999 -9999 -9999 -9999 -9999 -9999 -9999 -9999
1640.828 1641.053 1640.562 1640.427 1641.375 1642.934 1644.818 1646.753 1648.376 1649.613 1650.429 1651.262 1652.798 1655.137 1657.783 1660.506 1662.926 1664.602 1665.028 1663.309 1659.517 1654.083 1647.758 1642.04 1637.648 1634.547 1633.855 1633.908 1634.089 1634.271 1634.611 1635.839 1637.666 1640.599 1644.875 1651.243 1660.475 1671.297 1678.566 1677.367 1675.041 1678.706 1682.718 1686.274 1687.62 1689.199 1694.127 1701.722 1710.305 1718.627 1726.049 1732.626 1738.934 -9999 -9999 -9999 -9999 -9999 -9999 -9999 -9999 -9999 -9999 -9999 -9999 -9999 -9999 -9999
1652.777 1652.624 1651.901 1651.632 1652.409 1653.788 1655.397 1657.073 1658.488 1659.584 1660.353 1660.913 1661.978 1663.964 1666.595 1669.699 1672.65 1674.685 1675.23 1673.517 1669.576 1663.799 1656.929 1649.936 1643.937 1639.128 1637.316 1637.197 1637.397 1636.481 1635.637 1635.957 1637.799 1641.378 1646.151 1651.89 1658.852 1666.825 1672.936 1672.656 1675.089 1680.664 1686.15 1690.455 1692.673 1694.327 1699.006 1706.06 1714.312 1722.473 1729.533 1735.61 1741.556 -9999 -9999 -9999 -9999 -9999 -9999 -9999 -9999 -9999 -9999 -9999 -9999 -9999 -9999 -9999
1663.877 1663.854 1663.221 1662.774 1663.22 1664.407 1665.794 1667.275 1668.571 1669.59 1670.425 1670.856 1671.563 1673.364 1676.16 1679.594 1682.675 1684.699 1685.116 1683.247 1679.194 1673.309 1666.06 1658.516 1651.389 1645.474 1642.366 1642.761 1643.46 1642.238 1640.028 1639.477 1641.904 1646.257 1651.795 1657.387 1662.737 1668.197 1672.836 1675.209 1679.535 1685.233 1690.774 1695.284 1698.041 1700.282 1704.879 1711.845 1720.254 1728.07 1734.484 1739.976 1745.295 -9999 -9999 -9999 -9999 -9999 -9999 -9999 -9999 -9999 -9999 -9999 -9999 -9999 -9999 -9999
1674.689 1674.964 1674.505 1673.824 1673.817 1674.814 1676.165 1677.506 1678.652 1679.648 1680.569 1680.918 1681.259 1682.714 1685.607 1689.249 1692.255 1694.049 1694.288 1692.303 1688.188 1682.47 1675.427 1667.971 1660.705 1654.624 1651.231 1651.282 1652.348 1651.756 1649.593 1648.676 1650.702 1655.381 1661.034 1665.963 1669.979 1673.668 1677.081 1680.612 1685.261 1690.575 1695.8 1700.244 1703.369 1706.461 1711.334 1718.538 1726.661 1733.895 1739.767 1744.906 -9999 -9999 -9999 -9999 -9999 -9999 -9999 -9999 -9999 -9999 -9999 -9999 -9999 -9999 -9999 -9999
1685.719 1686.064 1685.65 1684.781 1684.312 1684.958 1686.336 1687.676 1688.716 1689.659 1690.504 1690.86 1691.027 1692.101 1694.697 1698.267 1701.196 1702.891 1703.113 1701.248 1697.419 1692.216 1686.006 1679.391 1672.9 1667.42 1664.443 1664.204 1665.091 1664.799 1663.155 1662.147 1663.418 1667.22 1671.759 1675.51 1678.371 1681.006 1683.736 1687.105 1691.551 1696.451 1701.442 1705.878 1709.368 1713.312 1718.854 1725.983 1733.208 1739.448 1744.785 1749.716 -9999 -9999 -9999 -9999 -9999 -9999 -9999 -9999 -9999 -9999 -9999 -9999 -9999 -9999 -9999 -9999
1697.815 1697.931 1697.388 1696.338 1695.523 1695.749 1696.986 1698.365 1699.329 1700.067 1700.641 1701.058 1701.493 1702.463 1704.591 1707.589 1710.237 1712.137 1712.678 1711.246 1708.146 1703.919 1698.944 1693.679 1688.312 1683.75 1681.137 1680.546 1680.728 1680.148 1678.724 1677.606 1678.086 1680.359 1683.012 1685.222 1686.871 1688.659 1690.889 1694.292 1698.784 1703.744 1708.863 1713.595 1717.807 1722.272 1727.701 1733.9 1739.745 1744.861 1749.666 -9999 -9999 -9999 -9999 -9999 -9999 -9999 -9999 -9999 -9999 -9999 -9999 -9999 -9999 -9999 -9999 -9999
1712.514 1712.162 1711.394 1710.24 1709.302 1709.246 1710.171 1711.433 1712.204 1712.597 1712.836 1713.177 1713.838 1715.01 1716.888 1719.403 1721.918 1723.917 1724.598 1723.654 1721.354 1718.373 1714.744 1710.747 1706.417 1702.477 1699.855 1698.62 1697.745 1696.251 1694.361 1692.975 1692.928 1693.989 1695.013 1695.751 1696.218 1697.199 1699.141 1702.747 1707.717 1713.069 1718.535 1723.747 1728.379 1732.849 1737.749 1742.79 1747.291 1751.272 -9999 -9999 -9999 -9999 -9999 -9999 -9999 -9999 -9999 -9999 -9999 -9999 -9999 -9999 -9999 -9999 -9999 -9999
1731.078 1730.203 1729.238 1728.155 1727.356 1727.229 1727.799 1728.585 1728.911 1728.832 1728.71 1728.899 1729.606 1730.9 1732.658 1734.68 1736.756 1738.365 1738.945 1738.383 1736.914 1735.129 1732.822 1729.878 1726.279 1722.601 1719.638 1717.486 1715.267 1712.348 1709.309 1707.579 1707.457 1708.148 1708.514 1708.462 1708.306 1708.757 1710.538 1714.136 1719.244 1724.854 1730.369 1735.588 1740.238 1744.626 1749.155 1753.465 1757.119 -9999 -9999 -9999 -9999 -9999 -9999 -9999 -9999 -9999 -9999 -9999 -9999 -9999 -9999 -9999 -9999 -9999 -9999 -9999
1753.813 1752.438 1751.285 1750.301 1749.63 1749.426 1749.625 1749.835 1749.605 1748.999 1748.516 1748.53 1749.187 1750.389 1751.832 1753.107 1754.232 1755.043 1755.35 1755.105 1754.437 1753.624 1752.298 1750.041 1746.718 1742.931 1739.4 1736.211 1732.599 1728.28 1724.224 1722.221 1722.212 1723.034 1723.41 1723.302 1723.174 1723.72 1725.624 1729.2 1734.032 1739.234 1744.145 1748.714 1753.005 1757.378 1761.865 -9999 -9999 -9999 -9999 -9999 -9999 -9999 -9999 -9999 -9999 -9999 -9999 -9999 -9999 -9999 -9999 -9999 -9999 -9999 -9999 -9999
1779.923 1778.071 1776.63 1775.548 1774.797 1774.396 1774.216 1773.945 1773.281 1772.313 1771.612 1771.537 1772.11 1773.034 1773.82 1773.997 1773.835 1773.721 1773.698 1773.665 1773.527 1773.201 1772.207 1770.024 1766.514 1762.253 1757.968 1753.748 1749.048 1743.818 1739.195 1737.073 1737.249 1738.205 1738.832 1739.171 1739.708 1741.01 1743.563 1747.321 1751.729 1756.063 1759.906 1763.548 1767.407 -9999 -9999 -9999 -9999 -9999 -9999 -9999 -9999 -9999 -9999 -9999 -9999 -9999 -9999 -9999 -9999 -9999 -9999 -9999 -9999 -9999 -9999 -9999
1808.365 1806.052 1804.199 1802.764 1801.664 1800.882 1800.286 1799.651 1798.781 1797.783 1797.135 1797.136 1797.623 1798.068 1797.86 1796.661 -9999 -9999 -9999 -9999 1793.628 1793.077 1791.572 1788.664 1784.423 1779.281 1774.066 1768.917 1763.614 1758.098 1753.415 1751.433 1751.936 1753.138 1754.318 1755.595 1757.421 1760.028 1763.58 1767.649 1771.65 1775.129 1777.995 -9999 -9999 -9999 -9999 -9999 -9999 -9999 -9999 -9999 -9999 -9999 -9999 -9999 -9999 -9999 -9999 -9999 -9999 -9999 -9999 -9999 -9999 -9999 -9999 -9999
-9999 -9999 -9999 1831.365 1829.734 1828.409 1827.312 -9999 -9999 -9999 -9999 -9999 -9999 -9999 -9999 -9999 -9999 -9999 -9999 -9999 -9999 -9999 -9999 -9999 -9999 1792.925 1786.561 1780.471 1774.934 1769.741 1765.606 1764.368 1765.645 1767.646 1769.995 1772.782 1776.357 1780.591 1785.254 1789.648 1793.303 1796.171 -9999 -9999 -9999 -9999 -9999 -9999 -9999 -9999 -9999 -9999 -9999 -9999 -9999 -9999 -9999 -9999 -9999 -9999 -9999 -9999 -9999 -9999 -9999 -9999 -9999 -9999
-9999 -9999 -9999 -9999 -9999 -9999 -9999 -9999 -9999 -9999 -9999 -9999 -9999 -9999 -9999 -9999 -9999 -9999 -9999 -9999 -9999 -9999 -9999 -9999 -9999 -9999 -9999 -9999 1781.988 1777.722 1775.126 1775.77 1778.685 1782.313 -9999 -9999 -9999 -9999 -9999 -9999 -9999 -9999 -9999 -9999 -9999 -9999 -9999 -9999 -9999 -9999 -9999 -9999 -9999 -9999 -9999 -9999 -9999 -9999 -9999 -9999 -9999 -9999 -9999 -9999 -9999 -9999 -9999 -9999
-9999 -9999 -9999 -9999 -9999 -9999 -9999 -9999 -9999 -9999 -9999 -9999 -9999 -9999 -9999 -9999 -9999 -9999 -9999 -9999 -9999 -9999 -9999 -9999 -9999 -9999 -9999 -9999 -9999 -9999 -9999 -9999 -9999 -9999 -9999 -9999 -9999 -9999 -9999 -9999 -9999 -9999 -9999 -9999 -9999 -9999 -9999 -9999 -9999 -9999 -9999 -9999 -9999 -9999 -9999 -9999 -9999 -9999 -9999 -9999 -9999 -9999 -9999 -9999 -9999 -9999 -9999 -9999
-9999 -9999 -9999 -9999 -9999 -9999 -9999 -9999 -9999 -9999 -9999 -9999 -9999 -9999 -9999 -9999 -9999 -9999 -9999 -9999 -9999 -9999 -9999 -9999 -9999 -9999 -9999 -9999 -9999 -9999 -9999 -9999 -9999 -9999 -9999 -9999 -9999 -9999 -9999 -9999 -9999 -9999 -9999 -9999 -9999 -9999 -9999 -9999 -9999 -9999 -9999 -9999 -9999 -9999 -9999 -9999 -9999 -9999 -9999 -9999 -9999 -9999 -9999 -9999 -9999 -9999 -9999 -9999
-9999 -9999 -9999 -9999 -9999 -9999 -9999 -9999 -9999 -9999 -9999 -9999 -9999 -9999 -9999 -9999 -9999 -9999 -9999 -9999 -9999 -9999 -9999 -9999 -9999 -9999 -9999 -9999 -9999 -9999 -9999 -9999 -9999 -9999 -9999 -9999 -9999 -9999 -9999 -9999 -9999 -9999 -9999 -9999 -9999 -9999 -9999 -9999 -9999 -9999 -9999 -9999 -9999 -9999 -9999 -9999 -9999 -9999 -9999 -9999 -9999 -9999 -9999 -9999 -9999 -9999 -9999 -9999
-9999 -9999 -9999 -9999 -9999 -9999 -9999 -9999 -9999 -9999 -9999 -9999 -9999 -9999 -9999 -9999 -9999 -9999 -9999 -9999 -9999 -9999 -9999 -9999 -9999 -9999 -9999 -9999 -9999 -9999 -9999 -9999 -9999 -9999 -9999 -9999 -9999 -9999 -9999 -9999 -9999 -9999 -9999 -9999 -9999 -9999 -9999 -9999 -9999 -9999 -9999 -9999 -9999 -9999 -9999 -9999 -9999 -9999 -9999 -9999 -9999 -9999 -9999 -9999 -9999 -9999 -9999 -9999
