backend/lakes/data/Upper Kananaskis Lake/uppk_dem_tm.asc
ncols         137
nrows         101
xllcorner     485750
yllcorner     5602850
cellsize      50
NODATA_value  -9999
[rows 30 to 59 of 101, columns 0 to 67 of 137]
-9999 -9999 -9999 -9999 -9999 -9999 -9999 -9999 -9999 -9999 -9999 -9999 -9999 -9999 -9999 -9999 -9999 -9999 -9999 -9999 1736.322 1729.952 1725.356 1723.213 1722.645 1722.906 1723.181 1723.108 1722.647 1721.765 1719.231 1713.529 1707.984 1704.119 1702.563 1702.744 1704.504 1708.622 1712.304 1713.82 1712.817 1709.376 1705.436 1701.696 1698.266 1695.546 1694.758 1693.693 1691.22 1687.866 1684.11 1681.309 1679.701 1678.189 1677.712 1676.333 1675.881 1674.099 1671.2 1667.452 1666.325 1667.173 1667.591 1667.206 1666.797 1665.852 1665.263 1664.978
-9999 -9999 -9999 -9999 -9999 -9999 -9999 -9999 -9999 -9999 -9999 -9999 -9999 -9999 -9999 -9999 -9999 -9999 1742.524 1740.62 1736.386 1730.092 1724.934 1722.128 1721.542 1721.977 1722.322 1722.158 1721.651 1721.118 1719.22 1713.406 1707.532 1702.609 1700.469 1699.907 1700.549 1703.506 1706.414 1707.784 1707.366 1705.183 1702.078 1698.466 1694.898 1692.295 1691.175 1690.399 1688.32 1685.879 1683.092 1681.12 1680.408 1679.985 1679.914 1679.038 1678.699 1677.062 1674.395 1670.543 1667.076 1664.589 1663.385 1662.136 1661.685 1659.727 1658.516 1657.778
-9999 -9999 -9999 -9999 -9999 -9999 -9999 -9999 -9999 -9999 -9999 -9999 -9999 -9999 -9999 -9999 1739.573 1741.503 1740.11 1738.816 1734.33 1728.137 1722.949 1719.997 1719.978 1720.978 1721.558 1721.218 1720.294 1719.866 1719.064 1713.459 1707.566 1702.302 1699.886 1698.74 1698.589 1700.007 1701.828 1702.738 1702.545 1701.674 1699.135 1695.251 1691.781 1689.759 1688.158 1687.224 1685.902 1683.957 1681.824 1680.112 1679.943 1679.968 1679.995 1679.987 1679.999 1679.89 1678.55 1675.941 1672.568 1669.333 1666.845 1663.685 1660.211 1656.877 1655.292 1653.671
-9999 -9999 -9999 -9999 -9999 -9999 -9999 -9999 -9999 -9999 -9999 -9999 -9999 -9999 -9999 1731.628 1735.361 1738.275 1737.976 1735.087 1730.078 1724.255 1719.422 1716.718 1717.917 1719.881 1720.951 1720.869 1719.97 1718.207 1718.177 1712.945 1707.348 1701.854 1699.126 1697.806 1696.852 1697.02 1697.875 1698.375 1698.112 1698.232 1695.834 1692.412 1689.656 1687.808 1686.129 1685.161 1683.862 1681.949 1680.105 1678.824 1678.074 1677.974 1678 1678.029 1678.314 1679.892 1680.371 1679.898 1678.394 1675.956 1673.351 1669.76 1665.235 1660.91 1657.209 1653.53
-9999 -9999 -9999 -9999 -9999 -9999 -9999 -9999 -9999 -9999 -9999 -9999 -9999 -9999 -9999 1728.009 1730.305 1732.273 1731.96 1728.8 1723.742 1718.378 1714.758 1714.116 1715.908 1718.076 1719.693 1719.76 1719.681 1718.797 1715.877 1711.188 1706.666 1701.465 1698.017 1695.831 1694.22 1693.994 1694.172 1694.076 1693.228 1693.598 1692.162 1689.885 1687.82 1686.109 1684.863 1683.764 1682.059 1680.224 1678.845 1677.89 1676.566 1676.03 1676.01 1675.983 1676.14 1677.871 1679.798 1681.325 1681.871 1680.839 1679.517 1676.918 1672.911 1668.583 1663.821 1659.001
-9999 -9999 -9999 -9999 -9999 -9999 -9999 -9999 -9999 -9999 -9999 -9999 -9999 -9999 1723.744 1724.835 1725.497 1725.963 1724.881 1721.276 1716.282 1711.373 1709.049 1709.704 1713.046 1715.199 1716.572 1715.938 1715.723 1715.173 1712.757 1709.252 1705.578 1701.309 1697.458 1694.35 1692.52 1691.992 1691.955 1691.661 1690.255 1690.126 1689.349 1687.765 1686.184 1685.136 1683.977 1682.224 1680.909 1679.657 1678.018 1677.122 1676.103 1675.967 1675.839 1675.276 1674.642 1675.155 1677.125 1680.345 1681.99 1681.01 1683.259 1682.862 1680.172 1676.703 1672.162 1667.114
-9999 -9999 -9999 -9999 -9999 -9999 -9999 -9999 -9999 -9999 -9999 -9999 -9999 -9999 1722.673 1722.916 1722.969 1722.481 1720.175 1715.53 1710.648 1707.66 1706.427 1707.102 1709.585 1712.212 1714.33 1713.787 1713.104 1712.027 1710.069 1707.837 1705.059 1702 1698.84 1695.076 1692.084 1690.933 1690.442 1690.016 1689.201 1688.803 1687.956 1686.188 1685.981 1684.961 1683.865 1681.937 1679.999 1678.157 1677.526 1677.984 1678.605 1678.801 1678.611 1677.279 1675.284 1674.197 1674.552 1678.143 1682.255 1685.771 1686.704 1687.481 1685.556 1683.116 1679.386 1674.998
-9999 -9999 -9999 -9999 -9999 -9999 -9999 -9999 -9999 -9999 -9999 -9999 -9999 -9999 1722.693 1722.499 1722.628 1722.421 1720.209 1715.716 1710.901 1707.939 1706.402 1706.257 1707.625 1709.423 1711.569 1711.924 1711.39 1710.095 1708.203 1706.679 1704.776 1702.754 1700.719 1696.806 1692.73 1690.973 1690.01 1689.63 1689.145 1688.72 1687.919 1686.033 1685.326 1684.343 1683.083 1681.575 1679.93 1678.316 1678.125 1680.096 1682.784 1684.793 1685.228 1683.244 1679.874 1677.061 1675.87 1677.062 1680.095 1682.906 1684.343 1685.585 1687.789 1687.224 1683.648 1680.507
-9999 -9999 -9999 -9999 -9999 -9999 -9999 -9999 -9999 -9999 -9999 -9999 -9999 -9999 -9999 1723.372 1723.849 1724.773 1723.754 1719.812 1714.76 1710.376 1707.742 1706.142 1706.726 1708.029 1709.894 1710.756 1710.757 1709.919 1708.011 1706.377 1704.569 1702.606 1700.609 1698.306 1694.342 1691.913 1690.522 1689.994 1689.486 1688.932 1687.952 1686.04 1685.022 1684.022 1682.896 1681.375 1679.995 1679.209 1680.077 1683.236 1687.679 1691.737 1693.301 1691.519 1687.636 1683.849 1680.94 1678.874 1678.065 1679.792 1681.086 1682.056 1684.536 1687.549 1686.603 1682.331
-9999 -9999 -9999 -9999 -9999 -9999 -9999 -9999 -9999 -9999 -9999 -9999 -9999 -9999 -9999 1725.52 1725.711 1726.946 1726.509 1723.601 1718.256 1712.305 1707.856 1705.129 1705.01 1706.97 1708.641 1710.036 1710.578 1710.002 1708.248 1706.594 1705.05 1703.649 1701.843 1699.256 1695.262 1692.116 1690.588 1690.001 1689.69 1689.104 1687.959 1686.044 1684.987 1683.931 1682.128 1680.901 1680 1679.986 1682.009 1686.309 1692.134 1697.51 1699.463 1698.745 1695.937 1692.028 1687.465 1682.956 1679.384 1678.057 1677.447 1678.348 1680.923 1684.487 1687.609 1684.986
-9999 -9999 -9999 -9999 -9999 -9999 -9999 -9999 -9999 -9999 -9999 -9999 -9999 -9999 -9999 -9999 1729.955 1729.805 1728.223 1724.563 1718.591 1711.934 1706.597 1703.405 1703.357 1707.855 1708.175 1709.846 1710.826 1710.742 1709.474 1706.535 1706.254 1704.739 1701.865 1698.016 1693.768 1691.138 1689.9 1689.682 1689.813 1689.249 1687.949 1686.038 1685.041 1683.941 1682.022 1680.729 1679.998 1680.103 1683.039 1688.131 1694.637 1700.977 1704.829 1702.878 1702.349 1699.683 1694.019 1687.65 1682.109 1677.987 1675.782 1675.986 1678.072 1681.241 1684.524 1685.91
-9999 -9999 -9999 -9999 -9999 -9999 -9999 -9999 -9999 -9999 -9999 -9999 -9999 -9999 -9999 -9999 1735.051 1732.704 1729.27 1723.702 1716.517 1709.841 1704.948 1702.091 1702.243 1705.549 1707.807 1709.729 1710.869 1710.703 1709.184 1705.405 1707.718 1705.975 1701.739 1696.942 1692.422 1689.649 1688.131 1689.024 1689.996 1689.474 1687.94 1686.108 1685.256 1683.953 1682.024 1680.722 1679.999 1680.122 1683.177 1688.085 1693.987 1699.743 1703.952 1706.385 1704.865 1704.648 1698.297 1690.616 1683.529 1677.852 1674.326 1674.488 1676.263 1679.149 1681.6 1681.892
-9999 -9999 -9999 -9999 -9999 -9999 -9999 -9999 -9999 -9999 -9999 -9999 -9999 -9999 -9999 -9999 1740.925 1736.307 1730.449 1722.847 1714.588 1708.415 1704.158 1701.916 1701.917 1702.374 1704.175 1708.127 1710.077 1709.987 1709.057 1707.881 1708.584 1707.086 1702.374 1697.276 1691.89 1688.328 1687.777 1689.031 1690.197 1689.96 1688.255 1686.957 1685.884 1684.013 1682.033 1680.755 1680.002 1679.946 1682.503 1686.453 1691.028 1695.685 1699.604 1702.891 1704.372 1702.521 1696.858 1689.671 1682.779 1677.322 1674.023 1673.982 1675.731 1677.88 1679.671 1679.588
-9999 -9999 -9999 -9999 -9999 -9999 -9999 -9999 -9999 -9999 -9999 -9999 -9999 -9999 -9999 -9999 1748.56 1742.515 1734.643 1725.281 1715.919 1709.243 1704.568 1701.863 1700.656 1700.323 1701.193 1705.562 1708.65 1708.395 1708.032 1708.034 1707.943 1705.99 1701.858 1697.141 1691.327 1687.722 1688.006 1689.882 1691.047 1691.049 1689.865 1688.003 1686.023 1683.99 1682.032 1680.654 1679.69 1678.228 1680.071 1683.183 1686.904 1690.774 1694.043 1696.877 1698.728 1697.373 1692.711 1686.595 1680.761 1676.086 1672.948 1672.71 1674.075 1676.035 1678.053 1679.721
-9999 -9999 -9999 -9999 -9999 -9999 -9999 -9999 -9999 -9999 -9999 -9999 -9999 -9999 -9999 -9999 1757.594 1751.057 1742.083 1731.708 1721.448 1713.325 1707.096 1702.885 1700.761 1699.966 1699.745 1702.334 1706.537 1706.59 1707.471 1707.258 1706.149 1703.856 1700.28 1695.562 1690.004 1686.334 1687.788 1690.044 1691.727 1692.002 1691.035 1688.83 1686.107 1683.964 1681.956 1680.003 1678.173 1677.194 1678.045 1680.023 1682.503 1685.817 1688.185 1690.551 1692.211 1691.575 1687.33 1682.036 1677.216 1673.153 1670.398 1670.884 1672.33 1674.078 1676.064 1678.061
-9999 -9999 -9999 -9999 -9999 -9999 -9999 -9999 -9999 -9999 -9999 -9999 -9999 -9999 -9999 -9999 1766.898 1760.549 1751.475 1740.901 1730.284 1720.782 1713.05 1707.389 1703.15 1700.495 1699.6 1701.065 1704.637 1707.504 1708.023 1706.497 1703.973 1701.017 1697.39 1693.136 1688.578 1685.748 1686.739 1689.508 1691.825 1692.513 1691.891 1689.374 1686.388 1684.059 1681.95 1679.92 1677.97 1676.892 1676.961 1677.849 1678.78 1681.224 1682.936 1684.972 1686.256 1685.741 1681.956 1677.591 1673.778 1670.469 1668.203 1669.05 1670.901 1672.428 1674.041 1675.734
-9999 -9999 -9999 -9999 -9999 -9999 -9999 -9999 -9999 -9999 -9999 -9999 -9999 -9999 -9999 -9999 1775.628 1769.604 1761.117 1751.042 1740.732 1731.117 1722.729 1715.858 1709.804 1704.981 1701.583 1700.772 1702.417 1705.82 1707.547 1705.392 1701.99 1698.72 1694.751 1690.175 1686.122 1683.818 1683.798 1686.804 1689.999 1692.036 1692.389 1690.814 1687.859 1684.922 1682.137 1679.896 1678.027 1677.036 1676.557 1676.658 1676.991 1678.156 1679.532 1680.955 1681.567 1681.001 1677.541 1673.875 1670.683 1668.17 1667.149 1668.032 1669.888 1670.986 1671.918 1672.895
-9999 -9999 -9999 -9999 -9999 -9999 -9999 -9999 -9999 -9999 -9999 -9999 -9999 -9999 -9999 -9999 -9999 1777.744 1769.931 1760.861 1751.366 1742.436 1734.491 1727.176 1719.742 1712.705 1706.592 1701.964 1700.097 1702.995 1704.621 1703.965 1701.886 1698.783 1693.806 1688.58 1684.459 1682.057 1681.945 1684.196 1688.075 1691.665 1692.707 1691.813 1689.069 1686.085 1683.011 1680.262 1678.721 1677.96 1677.019 1676.751 1676.839 1677.3 1678.016 1678.673 1678.438 1676.935 1673.835 1670.674 1668.184 1667.008 1667.07 1668.19 1669.935 1670.006 1670.038 1670.265
-9999 -9999 -9999 -9999 -9999 -9999 -9999 -9999 -9999 -9999 -9999 -9999 -9999 -9999 -9999 -9999 -9999 1785.561 1777.885 1769.679 1761.259 1753.313 1746.215 1739.071 1730.95 1722.284 1713.858 1706.65 1701.755 1701.031 1702.082 1702.559 1701.786 1699.056 1694.838 1690.098 1685.553 1682.178 1681.155 1682.445 1686.452 1690.832 1692.629 1692.069 1690.179 1687.864 1685.007 1682.142 1680.315 1679.671 1678.162 1677.973 1677.977 1678.05 1678.357 1677.878 1676.618 1673.96 1670.841 1668.214 1666.999 1667.052 1668.128 1669.785 1670.346 1670.173 1669.986 1669.474
-9999 -9999 -9999 -9999 -9999 -9999 -9999 -9999 -9999 -9999 -9999 -9999 -9999 -9999 -9999 -9999 -9999 -9999 -9999 1777.692 1769.951 1762.835 1756.499 1749.852 1741.767 1732.435 1722.506 1713.149 1705.846 1701.667 1701.001 1701.28 1700.604 1698.796 1695.79 1691.937 1687.657 1684.062 1682.041 1682.567 1686.129 1690.736 1693.164 1693.185 1691.961 1690.057 1687.729 1685.074 1683.068 1681.796 1680.272 1680.041 1679.972 1680.013 1679.889 1678.028 1675.319 1672.331 1669.437 1667.673 1667.259 1668.093 1669.815 1670.904 1670.489 1669.974 1669.408 1669.188
-9999 -9999 -9999 -9999 -9999 -9999 -9999 -9999 -9999 -9999 -9999 -9999 -9999 -9999 -9999 -9999 -9999 -9999 -9999 -9999 -9999 1770.933 1764.871 1758.769 1751.364 1742.146 1731.417 1720.249 1710.725 1704.517 1701.534 1700.22 1698.994 1697.512 1695.968 1693.791 1690.746 1687.159 1684.096 1683.12 1686.066 1690.82 1693.832 1694.122 1693.431 1691.979 1690.133 1687.967 1685.998 1684.17 1683.101 1682.735 1682.12 1681.982 1681.666 1679.393 1676.434 1673.823 1671.386 1669.241 1668.869 1669.893 1671.154 1671.922 1670.167 1668.919 1668.559 1668.797
-9999 -9999 -9999 -9999 -9999 -9999 -9999 -9999 -9999 -9999 -9999 -9999 -9999 -9999 -9999 -9999 -9999 -9999 -9999 -9999 -9999 -9999 -9999 1765.938 1759.316 1750.741 1739.753 1727.383 1716.068 1708.312 1704.018 1700.169 1697.908 1696.112 1695.593 1694.821 1693.554 1690.711 1686.89 1683.558 1685.422 1690.077 1693.144 1694.014 1694.058 1692.961 1691.853 1690.083 1688.651 1686.648 1685.795 1684.82 1684.02 1683.004 1681.955 1681.474 1678.903 1676.104 1673.868 1672.133 1671.72 1671.936 1672.258 1672.424 1670.568 1668.261 1668 1668.405
-9999 -9999 -9999 -9999 -9999 -9999 -9999 -9999 -9999 -9999 -9999 -9999 -9999 -9999 -9999 -9999 -9999 -9999 -9999 -9999 -9999 -9999 -9999 -9999 1765.465 1757.433 1746.659 1733.783 1721.152 1711.239 1704.469 1700.264 1698.022 1696.159 1695.533 1694.898 1694.709 1693.552 1690.669 1686.589 1684.168 1687.391 1691.719 1693.696 1693.894 1692.204 1691.283 1690.454 1689.831 1688.859 1687.593 1686.188 1685.797 1684.285 1683.214 1682.632 1680.843 1678.203 1676.141 1675.034 1674.253 1674.163 1674.724 1673.806 1670.894 1669.621 1668.213 1668.031
-9999 -9999 -9999 -9999 -9999 -9999 -9999 -9999 -9999 -9999 -9999 -9999 -9999 -9999 -9999 -9999 -9999 -9999 -9999 -9999 -9999 -9999 -9999 -9999 1769.383 1761.468 1751.32 1738.807 1725.625 1714.403 1706.639 1701.89 1699.701 1697.654 1695.73 1694.101 1694.398 1693.853 1692.884 1690.51 1686.761 1685.065 1688.806 1692.021 1691.923 1690.377 1689.105 1688.831 1688.739 1688.202 1687.843 1687.153 1686.521 1685.774 1684.064 1683.265 1681.984 1679.912 1678.134 1677.799 1676.942 1676.329 1676.557 1675.721 1672.697 1669.805 1668.286 1667.825
-9999 -9999 -9999 -9999 -9999 -9999 -9999 -9999 -9999 -9999 -9999 -9999 -9999 -9999 -9999 -9999 -9999 -9999 -9999 -9999 -9999 -9999 -9999 -9999 1770.03 1762.592 1753.746 1742.343 1729.375 1717.464 1709.066 1704.284 1700.538 1697.069 1694.309 1693.344 1693.848 1693.02 1693.218 1692.714 1690.108 1685.912 1686.272 1688.489 1688.263 1687.173 1685.546 1685.207 1685.218 1685.127 1685.293 1685.981 1685.862 1684.375 1683.506 1682.873 1681.891 1680.041 1678.665 1678.19 1677.865 1677.84 1676.894 1675.874 1673.855 1671.515 1669.156 1668.153
-9999 -9999 -9999 -9999 -9999 -9999 -9999 -9999 -9999 -9999 -9999 -9999 -9999 -9999 -9999 -9999 -9999 -9999 -9999 -9999 -9999 -9999 -9999 -9999 -9999 1761.474 1754.339 1744.487 1732.335 1720.362 1711.334 1706.543 1701.08 1696.35 1693.165 1691.996 1692.294 1693.93 1693.095 1692.219 1691.531 1686.928 1684.312 1684.754 1684.269 1683.17 1682.184 1682.043 1682.075 1682.101 1682.431 1683.749 1683.964 1683.014 1681.981 1680.961 1679.788 1678.033 1676.709 1675.774 1675.163 1674.341 1673.57 1672.823 1671.896 1670.947 1670.05 1669.925
-9999 -9999 -9999 -9999 -9999 -9999 -9999 -9999 -9999 -9999 -9999 -9999 -9999 -9999 -9999 -9999 -9999 -9999 -9999 -9999 -9999 -9999 -9999 -9999 -9999 1759.492 1753.924 1745.712 1734.542 1722.632 1712.788 1706.461 1700.723 1695.726 1692.202 1690.988 1691.125 1692.344 1693.958 1693.069 1691.906 1686.983 1683.371 1682.193 1681.689 1680.339 1679.977 1679.955 1679.995 1679.988 1680.049 1680.753 1680.919 1680.399 1678.934 1677.33 1675.733 1673.84 1672.135 1670.632 1669.575 1668.528 1667.78 1667.507 1667.532 1667.82 1667.711 1667.13
-9999 -9999 -9999 -9999 -9999 -9999 -9999 -9999 -9999 -9999 -9999 -9999 -9999 -9999 -9999 -9999 -9999 -9999 -9999 -9999 -9999 -9999 -9999 -9999 -9999 1756.732 1752.404 1745.688 1735.529 1723.783 1713.317 1705.998 1700.046 1695.139 1691.956 1690.772 1690.932 1692.042 1693.987 1693.213 1690.697 1685.612 1682.156 1680.733 1679.917 1679.048 1678.49 1678.084 1677.947 1677.69 1677.17 1677.052 1676.424 1675.734 1674.244 1672.547 1670.518 1668.601 1667.095 1665.655 1664.582 1663.454 1662.619 1662.438 1662.528 1662.873 1662.546 1661.583
-9999 -9999 -9999 -9999 -9999 -9999 -9999 -9999 -9999 -9999 -9999 -9999 -9999 -9999 -9999 -9999 -9999 -9999 -9999 -9999 -9999 -9999 -9999 -9999 1760.064 1755.33 1750.766 1744.401 1734.748 1723.317 1712.956 1705.486 1699.698 1694.978 1692.118 1691.369 1691.434 1692.034 1693.983 1693.115 1689.808 1684.405 1681.146 1679.69 1678.226 1677.877 1676.947 1675.944 1674.958 1673.981 1673.114 1672.318 1670.933 1669.984 1668.578 1667.015 1665.193 1663.564 1662.609 1661.937 1661.443 1660.2 1658.929 1658.313 1657.62 1657.21 1656.378 1655.23
-9999 -9999 -9999 -9999 -9999 -9999 -9999 -9999 -9999 -9999 -9999 -9999 -9999 -9999 -9999 -9999 -9999 -9999 -9999 -9999 -9999 -9999 -9999 1763.665 1758.759 1754.052 1749.006 1742.056 1732.13 1721.132 1711.781 1705.012 1699.855 1695.609 1693.414 1693.055 1692.915 1692.211 1693.974 1693.407 1690.211 1684.523 1680.318 1678.202 1677.006 1675.977 1674.235 1672.491 1670.604 1668.847 1667.729 1666.404 1664.687 1663.614 1662.372 1660.942 1659.532 1658.239 1657.388 1657.406 1657.523 1656.844 1654.739 1653.225 1651.534 1650.481 1649.445 1648.374
