backend/lakes/data/Lac la Nonne/nonn_dem_tm.asc
ncols         159
nrows         165
xllcorner     540650
yllcorner     5970450
cellsize      50
NODATA_value  -9999
[rows 31 to 61 of 165, columns 0 to 68 of 159]
-9999 -9999 -9999 -9999 -9999 -9999 -9999 -9999 -9999 -9999 -9999 -9999 -9999 -9999 -9999 -9999 -9999 -9999 -9999 -9999 -9999 -9999 -9999 -9999 -9999 -9999 -9999 -9999 -9999 -9999 -9999 -9999 -9999 -9999 681.0904 679.988 679.8154 680.4282 681.527 682.7877 683.8942 684.4977 684.2578 682.9789 680.7119 677.6512 674.0231 670.0549 666.082 662.6605 660.2008 658.8597 658.4066 658.4168 658.5675 658.6372 658.6746 658.7036 658.7659 658.8516 659.0383 659.4374 660.1368 661.2734 661.9681 662.4597 662.9182 663.2578 664.0894
-9999 -9999 -9999 -9999 -9999 -9999 -9999 -9999 -9999 -9999 -9999 -9999 -9999 -9999 -9999 -9999 -9999 -9999 -9999 -9999 -9999 -9999 -9999 -9999 -9999 -9999 -9999 -9999 -9999 -9999 -9999 -9999 -9999 680.6575 678.4836 677.181 676.9111 677.5283 678.6319 679.8122 680.7052 680.9921 680.4043 678.8217 676.3478 673.1945 669.6177 665.9341 662.6249 660.0958 658.4943 657.8203 657.7688 658.0426 658.3903 658.4309 658.4299 658.4346 658.5363 658.6479 658.8785 659.3472 660.1166 661.2666 661.9236 662.338 662.69 663.0995 664.0551
-9999 -9999 -9999 -9999 -9999 -9999 -9999 -9999 -9999 -9999 -9999 -9999 -9999 -9999 -9999 -9999 -9999 -9999 -9999 -9999 -9999 -9999 -9999 -9999 -9999 -9999 -9999 -9999 -9999 -9999 -9999 683.8492 681.111 678.3124 675.9221 674.3674 673.8596 674.2694 675.1389 676.0259 676.559 676.4572 675.5587 673.8123 671.3312 668.3063 665.061 662.0558 659.6093 657.9644 657.1788 657.1324 657.3597 657.7236 658.0667 658.2058 658.2588 658.309 658.4255 658.5264 658.7856 659.332 660.1359 661.2718 661.8962 662.3005 662.7075 663.324 664.5432
-9999 -9999 -9999 -9999 -9999 -9999 -9999 -9999 -9999 -9999 -9999 -9999 -9999 -9999 -9999 -9999 -9999 -9999 -9999 -9999 -9999 -9999 -9999 -9999 -9999 -9999 -9999 -9999 -9999 685.9267 684.0998 681.6835 678.8641 675.9293 673.3062 671.3901 670.4325 670.3624 670.7769 671.2181 671.3192 670.8597 669.7788 668.0884 665.8807 663.3358 660.8461 658.814 657.3285 656.5185 656.4 656.7859 657.1345 657.511 657.8389 658.0347 658.1385 658.2059 658.2814 658.4233 658.7411 659.4265 660.243 661.3098 661.9065 662.3712 662.9788 663.9588 665.5221
-9999 -9999 -9999 -9999 -9999 -9999 -9999 -9999 -9999 -9999 -9999 -9999 -9999 -9999 -9999 -9999 -9999 -9999 -9999 -9999 -9999 -9999 -9999 -9999 -9999 680.3966 682.8344 684.2957 684.4427 683.4042 681.5811 679.1879 676.3542 673.2916 670.3807 668.0103 666.4684 665.7636 665.5994 665.5575 665.3003 664.6783 663.6317 662.2452 660.5925 658.8306 657.3076 656.2372 655.6015 655.4492 655.7736 656.3497 656.9085 657.3491 657.7073 657.9559 658.1125 658.2075 658.236 658.3757 658.8148 659.7285 660.5534 661.4014 661.9183 662.4458 663.2928 664.7204 666.7006
-9999 -9999 -9999 -9999 -9999 -9999 -9999 -9999 -9999 -9999 -9999 -9999 -9999 -9999 -9999 -9999 -9999 -9999 -9999 -9999 -9999 -9999 -9999 673.08 675.4627 678.1886 680.42 681.5883 681.4974 680.3848 678.5643 676.1778 673.3096 670.1085 666.9219 664.1516 662.0964 660.8492 660.1908 659.7822 659.3709 658.8115 658.0696 657.1714 656.2086 655.3252 654.7562 654.5574 654.5259 654.7673 655.3016 655.9608 656.6989 657.2014 657.6497 657.9863 658.2236 658.4111 658.4429 658.6694 659.4459 660.1663 660.8478 661.4538 661.8555 662.3802 663.361 665.1813 667.3776
-9999 -9999 -9999 -9999 -9999 -9999 -9999 -9999 -9999 -9999 -9999 -9999 -9999 -9999 -9999 -9999 -9999 -9999 -9999 -9999 -9999 -9999 671.1295 671.6929 673.6166 675.8817 677.6585 678.3923 678.0275 676.7769 674.8652 672.4089 669.4897 666.2214 662.9277 660.014 657.7379 656.222 655.3378 654.7865 654.3964 654.0448 653.7188 653.3541 653.0506 652.9533 653.1744 653.567 653.8475 654.249 654.7841 655.4242 656.1904 656.9531 657.6516 658.1468 658.4779 658.7592 658.9714 659.3556 660.0104 660.6022 661.1222 661.4762 661.7308 662.1625 663.0731 664.9376 667.0699
-9999 -9999 -9999 -9999 -9999 -9999 -9999 -9999 -9999 -9999 -9999 -9999 -9999 -9999 -9999 -9999 -9999 -9999 -9999 -9999 673.1187 671 670.3201 670.6272 671.9055 673.4308 674.5164 674.6807 673.9507 672.4854 670.421 667.8689 664.9673 661.8091 658.694 655.9459 653.7775 652.3329 651.5347 651.0882 650.8596 650.767 650.8161 650.8666 651.0602 651.5175 652.1592 652.7839 653.2832 653.7999 654.3018 654.9058 655.7003 656.7972 657.8046 658.5313 659.0636 659.3824 659.7059 660.2233 660.7982 661.1101 661.4412 661.5392 661.6519 661.9566 662.5945 664.1285 666.0545
-9999 -9999 -9999 -9999 -9999 -9999 -9999 -9999 -9999 -9999 -9999 -9999 -9999 -9999 -9999 -9999 -9999 -9999 -9999 674.4891 672.3604 670.4768 669.5918 669.4961 670.0621 670.7332 670.9992 670.5266 669.3938 667.7207 665.57 663.0997 660.392 657.5427 654.7902 652.4026 650.606 649.5594 649.1326 648.9349 648.9097 648.9871 649.178 649.4214 649.908 650.6222 651.4161 652.1964 652.7881 653.3367 653.8456 654.4347 655.3269 656.6064 657.9965 659.0818 659.8088 660.1578 660.5898 661.3699 661.8298 661.6112 661.6538 661.6694 661.7577 662.0888 662.518 663.4978 665.0209
-9999 -9999 -9999 -9999 -9999 -9999 -9999 -9999 -9999 -9999 -9999 -9999 -9999 -9999 -9999 -9999 -9999 -9999 675.2527 673.8678 672.0274 670.1523 668.8237 668.084 667.898 667.7828 667.3063 666.363 664.9489 663.2199 661.1811 658.9002 656.4544 653.956 651.6036 649.645 648.3898 647.9963 648.1451 647.9384 648.0323 648.1693 648.3803 648.7006 649.2355 649.953 650.8428 651.6798 652.3864 652.9816 653.451 653.9295 654.7407 656.0276 657.7382 659.327 660.3185 660.9918 661.5989 662.4309 662.9719 662.2604 662.1214 662.08 662.1347 662.6254 662.8566 663.4667 664.7932
-9999 -9999 -9999 -9999 -9999 -9999 -9999 -9999 -9999 -9999 -9999 -9999 -9999 -9999 -9999 -9999 -9999 676.1178 675.1811 673.9154 672.0272 669.8307 667.8064 666.1879 665.4083 664.7736 663.889 662.7716 661.339 659.6575 657.7453 655.6491 653.4456 651.2546 649.224 647.5972 646.6596 646.7588 647.2329 647.4132 647.7128 647.8883 648.0804 648.3728 648.8381 649.496 650.4929 651.3593 652.2428 652.8664 653.2817 653.5972 654.1429 655.3312 657.0895 658.9016 660.222 661.2292 661.8271 662.2145 661.7522 662.5048 662.9685 662.9957 662.8939 663.2451 663.7234 664.5242 665.9422
-9999 -9999 -9999 -9999 -9999 -9999 -9999 -9999 -9999 -9999 -9999 -9999 -9999 -9999 -9999 -9999 677.8337 676.7297 675.7405 674.2811 672.085 669.4517 666.8487 664.7348 663.2719 662.3174 661.3735 660.2179 658.8229 657.1868 655.3306 653.3365 651.3344 649.4293 647.6744 646.2157 645.3744 645.7684 646.3953 646.879 647.3768 647.7596 647.9941 648.2704 648.6897 649.3056 650.1779 651.0972 652.2058 652.97 653.3933 653.5203 653.7725 654.4872 655.9452 657.7291 659.3274 660.5159 661.1777 661.1491 662.0991 663.2512 663.8742 663.9512 663.9639 664.5563 665.2722 666.2696 667.756
-9999 -9999 -9999 -9999 -9999 -9999 -9999 -9999 -9999 -9999 -9999 -9999 -9999 -9999 -9999 680.5161 678.7885 677.451 675.8646 674.1012 671.4903 668.4345 665.5271 663.2473 661.7723 660.7338 659.746 658.6031 657.2612 655.6208 653.7485 651.8436 650.0498 648.401 646.8862 645.5747 644.8247 644.9404 645.7015 646.3455 647.052 647.6703 647.9485 648.246 648.6591 649.2652 650.0903 651.1316 652.3785 653.3077 653.7831 653.7013 653.6752 653.9316 654.7269 656.2037 657.9144 659.4135 660.4725 661.1556 661.9564 662.7785 663.3812 663.6462 663.8158 664.2822 665.7144 667.2617 669.0906
-9999 -9999 -9999 -9999 -9999 -9999 -9999 -9999 -9999 -9999 -9999 -9999 -9999 -9999 -9999 680.9016 679.1656 677.588 675.5446 673.0185 669.9258 666.7357 663.9595 661.9926 660.6796 659.7161 658.7325 657.6667 656.3547 654.6158 652.7575 651.0042 649.412 648.011 646.7705 645.5384 644.6798 644.5159 644.9536 645.7913 646.6228 647.3407 647.7924 648.1909 648.6208 649.2259 650.0862 651.3955 652.7883 653.7849 654.218 654.1208 653.9709 653.8127 654.0334 654.9375 656.4836 658.1334 659.6063 660.63 661.3857 661.8752 662.4448 662.8997 663.3766 664.158 665.4255 666.9865 669.3539
-9999 -9999 -9999 -9999 -9999 -9999 -9999 -9999 -9999 -9999 -9999 -9999 -9999 -9999 -9999 680.5818 678.6054 676.6165 674.1304 671.085 667.8005 664.79 662.4877 660.8796 659.8095 658.9943 658.1961 657.1444 655.7925 654.0074 652.2758 650.712 649.3262 648.194 647.1605 645.8829 644.7678 644.3514 644.511 645.1172 646.1685 647.0582 647.7327 648.14 648.518 649.0444 649.8959 651.4799 653.1425 654.2359 654.9094 655.1832 655.0201 654.3487 654.0521 654.5677 655.6554 657.0954 658.7979 660.0502 660.8022 661.2177 661.6021 662.1092 662.7493 663.71 665.0579 666.7891 669.117
-9999 -9999 -9999 -9999 -9999 -9999 -9999 -9999 -9999 -9999 -9999 -9999 -9999 -9999 682.3259 679.6909 677.3802 675.0175 672.2215 668.9493 665.6741 663.1029 661.1982 659.9087 659.0449 658.4151 657.7479 656.8077 655.4487 653.6328 652.0529 650.6976 649.5085 648.5443 647.504 646.1778 644.9683 644.4042 644.3695 644.8394 645.8607 646.7869 647.6083 648.0244 648.3754 648.8556 649.6969 651.2849 653.0218 654.3254 655.3776 656.1082 656.2644 655.6331 655.115 655.0293 655.5598 656.7498 658.4015 659.7564 660.4413 660.7744 661.0479 661.4714 662.1545 663.2718 664.7566 666.5656 668.7654
-9999 -9999 -9999 -9999 -9999 -9999 -9999 -9999 -9999 -9999 -9999 -9999 -9999 -9999 681.4725 678.5999 675.9833 673.365 670.42 667.1453 664.0833 661.8618 660.2488 659.2073 658.5081 658.0314 657.4869 656.6501 655.2336 653.4872 652.0568 650.8989 649.9677 649.0801 647.9727 646.6379 645.4414 644.6674 644.405 644.6829 645.4089 646.3629 647.2426 647.794 648.1908 648.6416 649.3934 650.7141 652.3337 653.8458 655.2629 656.4736 656.892 656.817 656.4584 656.0024 656.0894 657.134 658.5256 659.748 660.2942 660.5162 660.6891 661.0292 661.7159 663.0394 664.7344 666.6859 668.8964
-9999 -9999 -9999 -9999 -9999 -9999 -9999 -9999 -9999 -9999 -9999 -9999 -9999 -9999 680.6875 677.6616 674.8599 672.145 669.2401 666.0953 663.3041 661.2976 659.8733 658.9474 658.3853 657.9278 657.4243 656.6453 655.2693 653.6287 652.3154 651.3147 650.5349 649.6792 648.6964 647.3714 646.0207 644.9351 644.4688 644.4959 644.9955 646.0735 646.9794 647.663 648.0233 648.4121 649.0082 649.9655 651.4195 652.8938 654.3709 655.8375 656.8514 657.5665 657.8464 657.4759 657.3549 658.0591 658.979 659.8729 660.2731 660.4147 660.5345 660.8643 661.6371 663.15 665.0557 667.1976 669.4684
-9999 -9999 -9999 -9999 -9999 -9999 -9999 -9999 -9999 -9999 -9999 -9999 -9999 -9999 680.0114 677.0056 674.2162 671.6139 668.9435 666.0907 663.4348 661.3793 659.9156 658.9877 658.4333 658.0306 657.5732 656.8664 655.6658 654.2089 652.8795 651.8613 651.0021 650.2042 649.2552 647.9889 646.6002 645.4174 644.6721 644.4565 644.8289 645.8348 646.6744 647.3599 647.7958 648.1981 648.7098 649.4615 650.5804 651.8143 653.1798 654.6426 656.1489 657.5181 658.1861 658.2878 658.348 658.6711 659.2677 659.9431 660.2994 660.4354 660.5645 660.9347 661.8149 663.5336 665.5902 667.8568 670.2137
-9999 -9999 -9999 -9999 -9999 -9999 -9999 -9999 -9999 -9999 -9999 -9999 -9999 -9999 -9999 676.5313 673.9327 671.5663 669.1985 666.648 664.0375 661.8764 660.3029 659.33 658.7612 658.4062 658.0247 657.5105 656.5968 655.3139 653.9726 652.7661 651.7848 650.9116 649.9764 648.8002 647.3773 645.9714 644.8453 644.4482 644.6818 645.4009 646.3064 647.0967 647.6867 648.0453 648.5114 649.1631 649.9392 650.8866 651.9767 653.3043 654.7964 656.3971 657.6692 658.2587 658.4933 658.7031 659.2109 659.9341 660.3526 660.5441 660.7289 661.1765 662.1776 664.061 666.1548 668.4753 670.8829
-9999 -9999 -9999 -9999 -9999 -9999 -9999 -9999 -9999 -9999 -9999 -9999 -9999 -9999 -9999 676.0534 673.8188 671.7772 669.7329 667.4796 665.0137 662.7822 661.1183 659.9966 659.363 659.0334 658.7451 658.455 657.712 656.5721 655.2659 653.9434 652.7545 651.7976 650.7998 649.5677 648.1062 646.5542 645.1806 644.5094 644.479 644.9781 646.0193 646.8201 647.415 647.8108 648.2762 648.8195 649.4176 650.1746 651.026 652.0562 653.3733 654.8517 656.349 657.5023 657.9733 658.1484 658.769 659.7994 660.3724 660.6678 660.9344 661.4673 662.5824 664.3494 666.4666 669.1019 671.3674
-9999 -9999 -9999 -9999 -9999 -9999 -9999 -9999 -9999 -9999 -9999 -9999 -9999 -9999 -9999 -9999 673.8181 672.1397 670.3549 668.3396 666.0339 663.7903 662.0662 660.8998 660.2267 659.9587 659.8312 659.5795 658.8224 657.6572 656.318 654.9318 653.6602 652.6447 651.6451 650.4711 649.0708 647.4734 645.8959 644.7742 644.4401 644.7652 645.7089 646.5198 647.1798 647.7026 648.0942 648.5908 649.1663 649.7033 650.342 651.1383 652.1287 653.3683 654.7208 656.0374 656.941 657.1727 658.2241 659.4854 660.2458 660.6816 661.0441 661.6296 662.8439 664.5879 666.8177 669.358 671.4084
-9999 -9999 -9999 -9999 -9999 -9999 -9999 -9999 -9999 -9999 -9999 -9999 -9999 -9999 -9999 -9999 673.9135 672.5253 671.0095 669.2179 667.067 664.998 663.3408 662.0762 661.3962 660.9482 660.6615 660.1734 659.423 658.1312 656.6456 655.0239 653.769 653.0506 652.0968 651.0345 649.8845 648.3456 646.5803 645.1443 644.5004 644.5233 645.0964 646.0956 646.8525 647.4216 647.8242 648.3018 648.7859 649.2609 649.7995 650.478 651.2725 652.0928 653.1576 654.2974 655.3994 656.2931 657.4072 658.7155 659.7816 660.4342 660.9557 661.6431 662.8796 664.4767 666.6339 668.9123 670.7289
-9999 -9999 -9999 -9999 -9999 -9999 -9999 -9999 -9999 -9999 -9999 -9999 -9999 -9999 -9999 -9999 674.3986 673.1656 671.8615 670.2966 668.3423 666.3249 664.7603 663.4111 662.609 661.922 661.2209 660.2047 659.1213 657.7236 655.8718 653.9907 652.7017 652.0114 651.578 651.1194 650.4631 649.1372 647.3762 645.7848 644.7475 644.4565 644.7873 645.7141 646.5299 647.1947 647.7079 648.0608 648.422 648.8293 649.3068 649.9298 650.6425 651.1152 651.7419 652.5303 653.4575 654.5455 655.8914 657.3868 658.7806 659.7322 660.4756 661.3046 662.5498 663.9341 665.7928 667.7254 669.324
-9999 -9999 -9999 -9999 -9999 -9999 -9999 -9999 -9999 -9999 -9999 -9999 -9999 -9999 -9999 -9999 675.4371 674.1794 672.9071 671.4597 669.6696 667.7284 665.9596 664.4773 663.4377 662.4897 661.2881 659.9476 658.5081 656.9207 654.7698 652.7249 651.36 650.6899 650.556 650.5917 650.4464 649.5868 648.0639 646.4165 645.1005 644.5156 644.543 645.1122 646.1591 646.9247 647.4427 647.7682 648.0713 648.441 648.8534 649.3303 649.8467 650.1727 650.5622 651.0134 651.6312 652.5513 653.7921 655.3177 656.9952 658.3801 659.3568 660.188 661.415 662.772 664.299 665.8273 667.2315
-9999 -9999 -9999 -9999 -9999 -9999 -9999 -9999 -9999 -9999 -9999 -9999 -9999 -9999 -9999 -9999 -9999 675.5768 674.1699 672.7302 671.095 669.3082 667.5078 665.7521 664.1082 662.5497 660.9691 659.6042 658.1863 656.4069 654.1151 651.973 650.1824 649.2868 649.1456 649.3779 649.8321 649.35 648.3798 646.9347 645.6312 644.7208 644.4965 644.9001 645.9958 646.7328 647.2247 647.5458 647.7934 648.1426 648.4753 648.8483 649.2126 649.3946 649.713 650.0116 650.4517 651.0954 652.001 653.161 654.7327 656.3135 657.591 658.6532 659.8108 661.079 662.3694 663.6116 664.7239
-9999 -9999 -9999 -9999 -9999 -9999 -9999 -9999 -9999 -9999 -9999 -9999 -9999 -9999 -9999 -9999 -9999 -9999 675.7104 674.1749 672.611 670.9721 669.1954 667.1516 664.8035 662.4987 660.626 659.3311 658.0555 656.2963 653.9894 651.5886 649.585 648.316 648.2247 648.178 648.3845 648.2884 647.7382 646.8877 645.9221 644.8449 644.5193 644.8344 645.8373 646.5215 647.0186 647.4041 647.7387 647.9701 648.1504 648.4204 648.6704 648.8597 649.1431 649.3273 649.6735 650.0691 650.6615 651.4718 652.5864 654.0074 655.4053 656.6234 657.8058 659.0567 660.2954 661.4619 662.499
-9999 -9999 -9999 -9999 -9999 -9999 -9999 -9999 -9999 -9999 -9999 -9999 -9999 -9999 -9999 -9999 -9999 -9999 677.5807 675.9106 674.3115 672.7125 670.9116 668.6053 665.7194 662.7967 660.6161 659.2877 658.106 656.5162 654.4406 652.0499 649.7628 648.0921 647.3905 646.952 646.858 646.9661 646.7355 646.4635 645.8605 644.8581 644.5146 644.7137 645.3936 646.1355 646.6865 647.1284 647.4891 647.7329 647.7963 648.0366 648.1902 648.3005 648.4822 648.7618 649.1382 649.348 649.7433 650.2336 651.0103 652.0362 653.2933 654.5352 655.7546 657.0296 658.3121 659.6464 660.8958
-9999 -9999 -9999 -9999 -9999 -9999 -9999 -9999 -9999 -9999 -9999 -9999 -9999 -9999 -9999 -9999 -9999 -9999 -9999 677.9661 676.2076 674.4987 672.546 669.9556 666.6797 663.3582 660.9327 659.5225 658.3096 656.9218 655.1798 653.038 650.6466 648.5844 647.2402 646.344 646.1742 646.2061 645.8741 645.9322 645.4342 644.7587 644.4335 644.4941 644.893 645.6025 646.2249 646.7179 647.0958 647.3409 647.5044 647.7183 647.7549 647.7642 647.8478 648.1863 648.5447 648.7956 649.1318 649.3862 649.954 650.774 651.7581 652.8464 654.0544 655.339 656.7045 658.2106 659.845
-9999 -9999 -9999 -9999 -9999 -9999 -9999 -9999 -9999 -9999 -9999 -9999 -9999 -9999 -9999 -9999 -9999 -9999 -9999 680.2726 678.2363 676.236 674.0178 671.1743 667.6734 664.1805 661.6021 660.105 658.7454 657.5517 656.1817 654.3631 652.0858 649.814 647.9811 646.6963 646.3419 646.2822 645.9102 645.3626 644.993 644.6339 644.291 644.2977 644.6515 645.176 645.7399 646.2433 646.6356 646.8574 647.0681 647.2283 647.2765 647.3303 647.4641 647.7601 648.0707 648.2645 648.5284 648.8026 649.2842 650.0256 650.997 651.7845 652.8422 654.0269 655.4215 657.1168 659.0892
-9999 -9999 -9999 -9999 -9999 -9999 -9999 -9999 -9999 -9999 -9999 -9999 -9999 -9999 -9999 -9999 -9999 -9999 -9999 682.6159 680.2428 677.8546 675.326 672.3398 668.8623 665.3786 662.6638 660.8259 659.4554 658.3307 657.1557 655.7189 653.741 651.5148 649.4571 647.8806 647.2291 647.1155 646.6216 645.6636 644.7974 644.2544 643.9318 643.936 644.2307 644.6997 645.2322 645.7451 646.1616 646.3217 646.5898 646.7241 646.7875 646.9208 647.111 647.4038 647.7095 647.8032 648.0618 648.347 648.7472 649.3243 650.0892 650.8788 651.9094 653.0164 654.3564 656.1365 658.3345
