backend/lakes/data/Lac la Nonne/nonn_dem_tm.asc
ncols         159
nrows         165
xllcorner     540650
yllcorner     5970450
cellsize      50
NODATA_value  -9999
[rows 62 to 92 of 165, columns 0 to 68 of 159]
-9999 -9999 -9999 -9999 -9999 -9999 -9999 -9999 -9999 -9999 -9999 -9999 -9999 -9999 -9999 -9999 -9999 -9999 -9999 -9999 681.9941 679.2597 676.4806 673.4688 670.192 666.9731 664.2634 662.1909 660.5637 659.3243 658.2062 656.9409 655.3344 653.3725 651.3279 649.532 648.3864 648.101 647.0249 645.7772 644.6716 643.8906 643.5121 643.5129 643.7649 644.1948 644.7065 645.2067 645.615 645.8725 646.1638 646.2378 646.2897 646.5192 646.718 647.0136 647.3045 647.5002 647.7534 648.0116 648.3234 648.7565 649.3316 650.0652 651.0311 652.1722 653.5028 655.2441 657.4378
-9999 -9999 -9999 -9999 -9999 -9999 -9999 -9999 -9999 -9999 -9999 -9999 -9999 -9999 -9999 -9999 -9999 -9999 -9999 -9999 683.276 680.3901 677.5874 674.7703 671.8632 669.0024 666.3889 664.1217 662.191 660.6016 659.3027 658.1157 656.7648 655.1547 653.2899 651.3914 649.738 648.4728 647.2388 645.8977 644.628 643.6425 643.192 643.1794 643.3744 643.7593 644.2326 644.7064 645.0908 645.321 645.5787 645.7161 645.8644 646.1509 646.2875 646.613 646.9451 647.2189 647.4912 647.7534 648.0028 648.342 648.7939 649.4175 650.3662 651.4458 652.7225 654.3696 656.387
-9999 -9999 -9999 -9999 -9999 -9999 -9999 -9999 -9999 -9999 -9999 -9999 -9999 -9999 -9999 -9999 -9999 -9999 -9999 -9999 -9999 681.2305 678.7358 676.3693 673.9858 671.5563 669.1072 666.6516 664.3116 662.265 660.5195 659.2149 658.072 656.718 655.1572 653.3824 651.5383 649.7891 648.1348 646.5707 645.0569 643.8138 643.2317 643.0519 643.1925 643.5074 643.8964 644.3037 644.6558 644.7787 645.0403 645.1741 645.3105 645.5824 645.8289 646.2114 646.5955 646.9384 647.2493 647.5322 647.7771 648.0771 648.4436 648.9459 649.6868 650.8144 652.0735 653.5413 655.2744
-9999 -9999 -9999 -9999 -9999 -9999 -9999 -9999 -9999 -9999 -9999 -9999 -9999 -9999 -9999 -9999 -9999 -9999 -9999 -9999 -9999 681.8964 679.9037 678.1357 676.3538 674.4028 672.1163 669.4899 666.7401 664.1387 661.912 660.3387 659.2952 658.138 656.8497 655.413 653.6959 651.8639 650.022 648.2029 646.5261 645.0758 644.0814 643.5258 643.4957 643.5862 643.7703 644.0211 644.2747 644.4535 644.677 644.7127 644.7652 645.0409 645.2939 645.7092 646.1924 646.613 646.9999 647.3719 647.7303 647.9519 648.2509 648.6718 649.3104 650.2884 651.3198 652.5267 653.9769
-9999 -9999 -9999 -9999 -9999 -9999 -9999 -9999 -9999 -9999 -9999 -9999 -9999 -9999 -9999 -9999 -9999 -9999 -9999 -9999 -9999 -9999 -9999 679.8077 678.6487 677.166 675.0524 672.3502 669.3012 666.2305 663.5267 661.6381 660.6104 659.4441 658.4445 657.4316 656.0513 654.4082 652.5963 650.7253 648.9117 647.2445 645.8736 644.8728 644.3881 644.0331 643.8892 643.9221 644.0486 644.1863 644.3273 644.3859 644.4699 644.6734 644.7762 645.1675 645.6703 646.1896 646.6516 647.0886 647.4893 647.7832 648.1055 648.4502 648.9097 649.5587 650.4785 651.5115 652.6818
-9999 -9999 -9999 -9999 -9999 -9999 -9999 -9999 -9999 -9999 -9999 -9999 -9999 -9999 -9999 -9999 -9999 -9999 -9999 -9999 -9999 -9999 -9999 -9999 -9999 679.4268 677.5906 675.0063 671.9133 668.6471 665.6215 663.3355 661.8318 660.6966 659.98 659.3526 658.4098 657.0862 655.473 653.6878 651.791 649.8918 648.0932 646.5682 645.4767 644.693 644.214 644.0198 644.0115 644.0621 644.1315 644.1766 644.2407 644.3524 644.4573 644.7255 645.1453 645.6494 646.1974 646.711 647.2168 647.6945 647.9962 648.274 648.6029 649.0461 649.6711 650.6157 651.5868
-9999 -9999 -9999 -9999 -9999 -9999 -9999 -9999 -9999 -9999 -9999 -9999 -9999 -9999 -9999 -9999 -9999 -9999 -9999 -9999 -9999 -9999 -9999 -9999 -9999 680.8429 679.5308 677.4006 674.6148 671.4519 668.3425 665.7785 663.8698 662.5169 661.7502 661.2283 660.5543 659.5161 658.172 656.5439 654.6439 652.5984 650.5056 648.5128 646.8347 645.5895 644.7615 644.3389 644.2003 644.1313 644.1221 644.1155 644.1379 644.1971 644.2836 644.4581 644.7278 645.1221 645.6671 646.2292 646.7706 647.2968 647.7291 648.0536 648.3582 648.7265 649.2363 649.9188 650.7112
-9999 -9999 -9999 -9999 -9999 -9999 -9999 -9999 -9999 -9999 -9999 -9999 -9999 -9999 -9999 -9999 -9999 -9999 -9999 -9999 -9999 -9999 -9999 -9999 -9999 681.854 681.072 679.7089 677.5541 674.738 671.6935 668.9018 666.6704 665.0505 663.9795 663.1982 662.3952 661.3662 660.2135 658.7603 656.897 654.8787 652.8645 650.6533 648.5239 646.7908 645.6149 644.9277 644.645 644.3981 644.3062 644.2141 644.1868 644.2145 644.2795 644.3989 644.5699 644.7591 645.2446 645.7633 646.2635 646.7784 647.2759 647.7244 648.083 648.4279 648.83 649.3269 649.9668
-9999 -9999 -9999 -9999 -9999 -9999 -9999 -9999 -9999 -9999 -9999 -9999 -9999 -9999 -9999 -9999 -9999 -9999 -9999 -9999 -9999 -9999 -9999 -9999 -9999 -9999 682.605 682.1578 680.7831 678.4552 675.6237 672.7987 670.3546 668.411 666.8865 665.5496 664.2133 662.8616 661.5528 660.2324 658.4634 656.4122 654.9102 652.8062 650.4283 648.3079 646.7762 645.8906 645.274 644.8079 644.6603 644.4478 644.3799 644.3904 644.4361 644.5291 644.7017 644.799 645.087 645.4603 645.8554 646.2718 646.752 647.2506 647.7197 648.1037 648.4647 648.8572 649.341
-9999 -9999 -9999 -9999 -9999 -9999 -9999 -9999 -9999 -9999 -9999 -9999 -9999 -9999 -9999 -9999 -9999 -9999 -9999 -9999 -9999 -9999 -9999 -9999 -9999 -9999 -9999 684.8669 684.2033 682.406 679.8994 677.1953 674.6543 672.4261 670.4332 668.4805 666.4771 664.5341 662.7836 661.245 659.6172 658.004 656.6595 654.6969 652.2705 649.933 648.1204 646.9219 646.0914 645.4496 645.063 644.7697 644.7087 644.7073 644.7076 644.7169 644.8151 644.8965 645.0667 645.3079 645.5869 645.8984 646.2673 646.7313 647.2325 647.714 648.1052 648.4615 648.8555
-9999 -9999 -9999 -9999 -9999 -9999 -9999 -9999 -9999 -9999 -9999 -9999 -9999 -9999 -9999 -9999 -9999 -9999 -9999 -9999 -9999 -9999 -9999 -9999 -9999 -9999 -9999 -9999 687.3246 686.1187 684.1005 681.6885 679.184 676.7548 674.3585 671.8683 669.2532 666.6549 664.2637 662.2046 660.4397 659.0366 657.8027 656.0787 653.8131 651.469 649.4985 648.0297 646.9728 646.1947 645.6703 645.3849 645.2277 645.1591 645.0962 645.0496 645.0488 645.0689 645.1464 645.2792 645.4506 645.6588 645.9203 646.263 646.7142 647.2166 647.7097 648.0945 648.4529
-9999 -9999 -9999 -9999 -9999 -9999 -9999 -9999 -9999 -9999 -9999 -9999 -9999 -9999 -9999 -9999 -9999 -9999 -9999 -9999 -9999 -9999 -9999 -9999 -9999 -9999 -9999 -9999 -9999 688.8943 687.6656 685.7978 683.5191 681.0315 678.3635 675.4743 672.3665 669.1656 666.0887 663.4055 661.233 659.693 658.4683 657.0128 654.9688 652.7775 650.8474 649.2612 647.9843 647.0235 646.3661 646.0837 645.8063 645.6853 645.55 645.4493 645.3649 645.3088 645.3045 645.3477 645.4271 645.5409 645.7042 645.9379 646.2625 646.7078 647.2327 647.7141 648.0844
-9999 -9999 -9999 -9999 -9999 -9999 -9999 -9999 -9999 -9999 -9999 -9999 -9999 -9999 -9999 -9999 -9999 -9999 -9999 -9999 -9999 -9999 -9999 -9999 -9999 -9999 -9999 -9999 -9999 -9999 -9999 -9999 -9999 684.9056 682.1361 678.9994 675.522 671.8065 668.0844 664.696 662.0052 660.1589 658.9298 657.7278 655.9968 654.0214 652.1943 650.583 649.1813 648.0013 647.1498 646.6312 646.2792 646.1808 645.9734 645.8573 645.7091 645.5836 645.514 645.4861 645.4889 645.5242 645.6062 645.7567 645.988 646.3068 646.7987 647.2893 647.7262
-9999 -9999 -9999 -9999 -9999 -9999 -9999 -9999 -9999 -9999 -9999 -9999 -9999 -9999 -9999 -9999 -9999 -9999 -9999 -9999 -9999 -9999 -9999 -9999 -9999 -9999 -9999 -9999 -9999 -9999 -9999 -9999 -9999 -9999 685.3679 682.1083 678.3615 674.23 669.9651 665.9781 662.7398 660.549 659.278 658.2657 656.9568 655.3274 653.5722 651.9345 650.481 649.1646 648.0449 647.2621 646.7474 646.4723 646.2576 646.2141 646.0201 645.8481 645.7458 645.667 645.6071 645.5769 645.5963 645.6941 645.8959 646.2095 646.5215 646.9388 647.379
-9999 -9999 -9999 -9999 -9999 -9999 -9999 -9999 -9999 -9999 -9999 -9999 -9999 -9999 -9999 -9999 -9999 -9999 -9999 -9999 -9999 -9999 -9999 -9999 -9999 -9999 -9999 -9999 -9999 -9999 -9999 -9999 -9999 -9999 687.7166 684.4119 680.4543 676.0068 671.367 666.9971 663.4102 660.9678 659.6188 658.7603 657.9001 656.6392 655.0289 653.3416 651.8229 650.4443 649.1642 648.0708 647.3141 646.8498 646.5714 646.4186 646.2361 646.0628 645.9816 645.867 645.7524 645.6634 645.6232 645.661 645.7961 646.0197 646.2712 646.6838 647.1876
-9999 -9999 -9999 -9999 -9999 -9999 -9999 -9999 -9999 -9999 -9999 -9999 -9999 -9999 -9999 -9999 -9999 -9999 -9999 -9999 -9999 -9999 -9999 -9999 -9999 -9999 -9999 -9999 -9999 -9999 -9999 -9999 -9999 -9999 688.7274 685.4372 681.35 676.7337 671.9593 667.5261 663.9497 661.4371 659.9561 659.1593 658.5654 657.7892 656.524 654.9243 653.2804 651.7977 650.4426 649.1781 648.103 647.4028 646.9922 646.6921 646.4415 646.2524 646.2277 646.0681 645.9026 645.7614 645.6636 645.6387 645.7144 645.9052 646.205 646.525 647.0763
-9999 -9999 -9999 -9999 -9999 -9999 -9999 -9999 -9999 -9999 -9999 -9999 -9999 -9999 -9999 -9999 -9999 -9999 -9999 -9999 -9999 -9999 -9999 -9999 -9999 -9999 -9999 -9999 -9999 -9999 -9999 -9999 -9999 -9999 687.9268 684.7716 680.7865 676.2935 671.6883 667.5062 664.2077 661.767 660.251 659.4984 659.0376 658.5464 657.7678 656.4935 654.9037 653.282 651.8307 650.5041 649.2435 648.2224 647.634 647.1409 646.7827 646.554 646.4179 646.2395 646.05 645.8679 645.7156 645.6227 645.6228 645.7384 645.9691 646.3026 646.9758
-9999 -9999 -9999 -9999 -9999 -9999 -9999 -9999 -9999 -9999 -9999 -9999 -9999 -9999 -9999 -9999 -9999 -9999 -9999 -9999 -9999 -9999 -9999 -9999 -9999 -9999 -9999 -9999 -9999 -9999 -9999 -9999 -9999 -9999 685.5493 682.6341 679.0381 675.0273 670.9665 667.4416 664.5228 662.2469 660.7887 659.9551 659.4603 659.0675 658.5703 657.7729 656.4957 654.9301 653.3679 651.9954 650.6385 649.4096 648.4973 647.7852 647.2856 646.9792 646.7097 646.4596 646.2374 646.0128 645.8031 645.6407 645.5671 645.6232 645.8372 646.2532 646.9874
-9999 -9999 -9999 -9999 -9999 -9999 -9999 -9999 -9999 -9999 -9999 -9999 -9999 -9999 -9999 -9999 -9999 -9999 -9999 -9999 -9999 -9999 -9999 -9999 -9999 -9999 -9999 -9999 -9999 -9999 -9999 -9999 -9999 -9999 682.3348 679.8339 676.9102 673.6936 670.4357 667.6442 665.1673 663.1047 661.6129 660.6316 659.9691 659.5063 659.1154 658.6113 657.7931 656.5325 655.0414 653.5962 652.1804 650.8176 649.6446 648.7073 648.0173 647.605 647.1528 646.7852 646.5043 646.2353 645.9623 645.7274 645.5853 645.5956 645.8063 646.2863 647.132
-9999 -9999 -9999 -9999 -9999 -9999 -9999 -9999 -9999 -9999 -9999 -9999 -9999 -9999 -9999 -9999 -9999 -9999 -9999 -9999 -9999 -9999 -9999 -9999 -9999 -9999 -9999 -9999 -9999 -9999 -9999 -9999 -9999 -9999 679.2745 677.3472 675.3528 673.2203 670.8865 668.5532 666.3246 664.3444 662.8015 661.636 660.7284 660.0454 659.5995 659.2269 658.6659 657.8219 656.6049 655.201 653.8085 652.4135 651.1488 649.9897 649.1352 648.406 647.7629 647.2715 646.9357 646.5798 646.2303 645.9142 645.7009 645.6713 645.8661 646.3903 647.4233
-9999 -9999 -9999 -9999 -9999 -9999 -9999 -9999 -9999 -9999 -9999 -9999 -9999 -9999 -9999 -9999 -9999 -9999 -9999 -9999 -9999 -9999 -9999 -9999 -9999 -9999 -9999 -9999 -9999 -9999 -9999 -9999 -9999 -9999 677.379 676.0886 675.1042 673.8126 672.2022 670.2394 668.0107 665.9518 664.3638 663.0806 661.8817 660.9381 660.2632 659.8585 659.3384 658.6981 657.8679 656.7368 655.4604 654.109 652.8532 651.6566 650.5836 649.5401 648.671 648.0287 647.6509 647.1285 646.6342 646.2314 645.9323 645.8665 646.0006 646.4644 647.463
-9999 -9999 -9999 -9999 -9999 -9999 -9999 -9999 -9999 -9999 -9999 -9999 -9999 -9999 -9999 -9999 -9999 -9999 -9999 -9999 -9999 -9999 -9999 -9999 -9999 -9999 -9999 -9999 -9999 -9999 -9999 -9999 -9999 -9999 -9999 676.8313 676.3041 675.3675 673.9868 672.148 670.0239 667.824 666.2371 664.9323 663.5134 662.2996 661.4251 660.7114 660.033 659.4028 658.7604 658.0077 657.0211 655.8286 654.6946 653.5465 652.3537 651.1249 650.0281 649.2672 648.7499 647.9421 647.2406 646.7263 646.3069 646.2128 646.2483 646.6096 647.2625
-9999 -9999 -9999 -9999 -9999 -9999 -9999 -9999 -9999 -9999 -9999 -9999 -9999 -9999 -9999 -9999 -9999 -9999 -9999 -9999 -9999 -9999 -9999 -9999 -9999 -9999 -9999 -9999 -9999 -9999 -9999 -9999 -9999 -9999 -9999 678.7135 678.3747 677.4551 676.0317 674.2094 672.145 670.0983 668.3045 666.8099 665.4143 664.1821 663.0725 662.002 661.0538 660.2325 659.573 658.9932 658.3162 657.4636 656.559 655.5361 654.4149 653.1728 651.9316 650.8964 650.2817 649.0823 648.093 647.4901 646.9399 646.6552 646.5854 646.7599 647.1219
-9999 -9999 -9999 -9999 -9999 -9999 -9999 -9999 -9999 -9999 -9999 -9999 -9999 -9999 -9999 -9999 -9999 -9999 -9999 -9999 -9999 -9999 -9999 -9999 -9999 -9999 -9999 -9999 -9999 -9999 -9999 -9999 -9999 -9999 -9999 -9999 680.6513 679.7085 678.1523 676.2267 674.1407 672.1331 670.4204 668.8575 667.5388 666.4858 665.2592 663.9149 662.6169 661.5565 660.6279 660.0482 659.5477 658.9071 658.2811 657.5182 656.576 655.4868 654.2216 652.8701 651.6586 650.3143 649.2025 648.364 647.6985 647.252 647.0477 647.0045 647.1216
-9999 -9999 -9999 -9999 -9999 -9999 -9999 -9999 -9999 -9999 -9999 -9999 -9999 -9999 -9999 -9999 -9999 -9999 -9999 -9999 -9999 -9999 -9999 -9999 -9999 -9999 -9999 -9999 -9999 -9999 -9999 -9999 -9999 -9999 -9999 -9999 -9999 681.9023 680.2709 678.1413 675.8684 673.7995 672.1843 671.0793 670.2664 669.3025 667.9331 666.3494 664.8208 663.4865 662.2115 661.3549 660.705 660.1959 659.8387 659.3376 658.5255 657.7684 656.6946 655.31 653.8107 652.192 650.7385 649.5731 648.6903 648.0963 647.7488 647.4296 647.3091
-9999 -9999 -9999 -9999 -9999 -9999 -9999 -9999 -9999 -9999 -9999 -9999 -9999 -9999 -9999 -9999 -9999 -9999 -9999 -9999 -9999 -9999 -9999 -9999 -9999 -9999 -9999 -9999 -9999 -9999 -9999 -9999 -9999 -9999 -9999 -9999 -9999 -9999 682.3048 679.9673 677.3876 675.0858 673.4734 672.642 672.5739 672.0919 670.8029 669.0037 667.2718 665.7633 664.1193 662.8805 661.9996 661.5377 661.309 661.0199 660.4992 659.9272 659.0466 657.7977 656.2711 654.5032 652.7693 651.2158 650.0883 649.4244 648.8297 648.087 647.7157
-9999 -9999 -9999 -9999 -9999 -9999 -9999 -9999 -9999 -9999 -9999 -9999 -9999 -9999 -9999 -9999 -9999 -9999 -9999 -9999 -9999 -9999 -9999 -9999 -9999 -9999 -9999 -9999 -9999 -9999 -9999 -9999 -9999 -9999 -9999 -9999 -9999 -9999 -9999 681.643 678.7962 676.2589 674.5996 674.1049 674.44 674.434 673.4349 671.6916 669.6918 667.8696 666.0416 664.608 663.5755 662.9746 662.6802 662.4536 662.1305 661.6945 660.996 659.9026 658.5333 656.8423 655.0349 653.3203 651.9119 650.8929 650.1801 649.0482 648.3115
-9999 -9999 -9999 -9999 -9999 -9999 -9999 -9999 -9999 -9999 -9999 -9999 -9999 -9999 -9999 -9999 -9999 -9999 -9999 -9999 -9999 -9999 -9999 -9999 -9999 -9999 -9999 -9999 -9999 -9999 -9999 -9999 -9999 -9999 -9999 -9999 -9999 -9999 -9999 -9999 -9999 677.5298 675.7904 675.3619 675.9274 676.3276 675.775 674.381 672.459 670.3423 668.2373 666.6217 665.3676 664.5443 664.132 663.9033 663.6752 663.3364 662.7496 661.7812 660.5116 658.9937 657.2858 655.5771 653.976 652.4943 651.1474 649.8979 649.0779
-9999 -9999 -9999 -9999 -9999 -9999 -9999 -9999 -9999 -9999 -9999 -9999 -9999 -9999 -9999 -9999 -9999 -9999 -9999 -9999 -9999 -9999 -9999 -9999 -9999 -9999 -9999 -9999 -9999 -9999 -9999 -9999 -9999 -9999 -9999 -9999 -9999 -9999 -9999 -9999 -9999 -9999 -9999 676.7217 677.3492 677.995 677.8532 676.955 675.3912 673.3654 671.1451 669.1236 667.4846 666.3466 665.8168 665.5638 665.39 665.1475 664.6936 663.809 662.5217 661.038 659.4316 657.7669 656.0862 654.3786 652.6907 651.203 650.1401
-9999 -9999 -9999 -9999 -9999 -9999 -9999 -9999 -9999 -9999 -9999 -9999 -9999 -9999 -9999 -9999 -9999 -9999 -9999 -9999 -9999 -9999 -9999 -9999 -9999 -9999 -9999 -9999 -9999 -9999 -9999 -9999 -9999 -9999 -9999 -9999 -9999 -9999 -9999 -9999 -9999 -9999 -9999 -9999 678.8036 679.5262 679.709 679.2802 678.1422 676.3338 674.1716 671.9779 669.9649 668.5031 667.908 667.6074 667.4781 667.3618 667.1139 666.2578 664.9225 663.2794 661.6031 659.9102 658.2012 656.4619 654.6341 652.913 651.5484
-9999 -9999 -9999 -9999 -9999 -9999 -9999 -9999 -9999 -9999 -9999 -9999 -9999 -9999 -9999 -9999 -9999 -9999 -9999 -9999 -9999 -9999 -9999 -9999 -9999 -9999 -9999 -9999 -9999 -9999 -9999 -9999 -9999 -9999 -9999 -9999 -9999 -9999 -9999 -9999 -9999 -9999 -9999 -9999 -9999 680.9097 681.3693 681.2644 680.4652 678.8772 676.8517 674.7665 672.8884 671.449 670.6006 670.1379 670.0585 670.1965 670.0999 669.2875 667.8089 665.9902 664.0736 662.2408 660.4261 658.6525 656.8357 654.9875 653.3577
