backend/lakes/data/Lac la Nonne/nonn_dem_tm.asc
ncols         159
nrows         165
xllcorner     540650
yllcorner     5970450
cellsize      50
NODATA_value  -9999
[rows 62 to 92 of 165, columns 69 to 137 of 159]
659.6235 661.3954 662.6251 662.7509 662.0667 662.05 662.3156 662.6064 663.2191 664.0215 664.3503 664.1115 663.6742 663.2924 663.0721 663.0298 663.1219 663.2837 663.2301 662.633 662.0654 661.7287 661.4482 661.0908 660.9455 661.0531 661.3423 661.8763 662.5788 663.7079 665.1439 666.7919 668.2931 669.4124 669.8959 669.6422 668.9677 -9999 -9999 -9999 -9999 -9999 -9999 -9999 -9999 -9999 -9999 -9999 -9999 -9999 -9999 -9999 -9999 -9999 -9999 -9999 -9999 -9999 -9999 -9999 -9999 -9999 -9999 -9999 -9999 -9999 -9999 -9999 -9999
658.4765 660.3219 661.8016 662.6293 662.0896 662.5018 662.8771 662.7004 662.5502 662.8423 663.0178 662.7807 662.2991 661.7832 661.4956 661.4451 661.5732 661.774 661.5929 660.8742 660.2468 659.9106 659.7099 659.515 659.5279 659.7386 660.0519 660.5428 661.1986 662.2648 663.8564 665.6164 667.3871 668.624 669.1343 669.2527 668.9995 -9999 -9999 -9999 -9999 -9999 -9999 -9999 -9999 -9999 -9999 -9999 -9999 -9999 -9999 -9999 -9999 -9999 -9999 -9999 -9999 -9999 -9999 -9999 -9999 -9999 -9999 -9999 -9999 -9999 -9999 -9999 -9999
657.1619 658.952 660.52 661.7715 662.4948 662.9254 663.1444 662.9979 662.6887 662.5754 662.4339 662.0431 661.4301 660.7396 660.1968 659.9703 659.9819 660.0425 659.9014 659.4479 658.833 658.5443 658.4695 658.4908 658.6904 658.9414 659.4347 659.9274 660.5254 661.6245 663.2286 665.0123 667.0763 668.3851 668.8383 668.9551 668.8818 -9999 -9999 -9999 -9999 -9999 -9999 -9999 -9999 -9999 -9999 -9999 -9999 -9999 -9999 -9999 -9999 -9999 -9999 -9999 -9999 -9999 -9999 -9999 -9999 -9999 -9999 -9999 -9999 -9999 -9999 -9999 -9999
655.6212 657.3201 658.8938 660.2593 661.3401 662.0449 662.6787 662.8481 662.6135 662.3767 662.0525 661.5013 660.7032 659.849 659.1077 658.623 658.4906 658.4362 658.3542 658.1581 657.8501 657.7177 657.7996 658.0162 658.3619 658.5626 659.2677 659.8391 660.4758 661.778 663.5087 665.4142 667.5494 668.6327 668.5778 668.3263 668.5657 -9999 -9999 -9999 -9999 -9999 -9999 -9999 -9999 -9999 -9999 -9999 -9999 -9999 -9999 -9999 -9999 -9999 -9999 -9999 -9999 -9999 -9999 -9999 -9999 -9999 -9999 -9999 -9999 -9999 -9999 -9999 -9999
654.05 655.5311 656.9888 658.3203 659.4954 660.4066 661.2409 661.7059 661.7979 661.7034 661.3649 660.7273 659.7523 658.7661 657.9545 657.3688 657.1404 657.0298 657.0272 657.0573 657.1504 657.2587 657.5068 657.8055 658.1696 658.585 658.9227 659.9723 661.2176 662.7633 664.5653 666.5083 668.1953 668.988 668.1345 667.3896 667.4013 -9999 -9999 -9999 -9999 -9999 -9999 -9999 -9999 -9999 -9999 -9999 -9999 -9999 -9999 -9999 -9999 -9999 -9999 -9999 -9999 -9999 -9999 -9999 -9999 -9999 -9999 -9999 -9999 -9999 -9999 -9999 -9999
652.6398 653.8007 654.9417 656.1227 657.25 658.2521 659.1561 659.8359 660.1721 660.2623 659.9345 659.1213 658.1813 657.2673 656.4558 655.9091 655.7736 655.9492 656.1924 656.5167 656.8885 657.2106 657.558 657.8987 658.2307 658.708 659.5492 660.8777 662.4952 664.2514 666.0138 667.7546 668.6288 668.4602 667.2394 666.2641 -9999 -9999 -9999 -9999 -9999 -9999 -9999 -9999 -9999 -9999 -9999 -9999 -9999 -9999 -9999 -9999 -9999 -9999 -9999 -9999 -9999 -9999 -9999 -9999 -9999 -9999 -9999 -9999 -9999 -9999 -9999 -9999 -9999
651.5331 652.3574 653.1328 654.0356 654.936 655.8552 656.6821 657.3175 657.6759 657.7982 657.5329 656.8306 656.1362 655.5258 655.0962 654.9072 654.9917 655.3257 655.7281 656.2995 656.8738 657.416 657.9718 658.48 658.8807 659.6254 660.7533 662.3184 664.1934 666.1548 667.9817 669.2618 669.1886 668.0819 666.4557 665.3617 665.3737 -9999 -9999 -9999 -9999 -9999 -9999 -9999 -9999 -9999 -9999 -9999 -9999 -9999 -9999 -9999 -9999 -9999 -9999 -9999 -9999 -9999 -9999 -9999 -9999 -9999 -9999 -9999 -9999 -9999 -9999 -9999 -9999
650.6879 651.3562 651.9357 652.4908 653.0457 653.7038 654.3126 654.751 654.9879 655.0493 654.8671 654.4473 654.0885 653.8874 653.9177 654.1534 654.4664 654.9214 655.4866 656.3135 656.9822 657.7132 658.5468 659.4403 660.0637 660.8752 662.1238 663.8484 665.9365 668.0766 669.7665 670.5399 669.7258 667.9689 666.0968 665.087 665.0562 665.8777 666.8387 667.9982 -9999 -9999 -9999 -9999 -9999 -9999 -9999 -9999 -9999 -9999 -9999 -9999 -9999 -9999 -9999 -9999 -9999 -9999 -9999 -9999 -9999 -9999 -9999 -9999 -9999 -9999 -9999 -9999 -9999
649.9752 650.6633 651.2141 651.6392 652.0068 652.382 652.6802 652.8105 652.8733 652.8628 652.7499 652.5668 652.4692 652.5703 653.0046 653.616 654.1298 654.7622 655.5422 656.5903 657.2129 657.9164 658.9032 659.9568 660.9812 661.8827 663.1911 665.0337 667.2959 669.3883 670.7637 670.9436 669.7489 667.7458 665.8828 665.0046 665.0442 665.9034 666.9141 668.0353 669.547 671.5068 -9999 -9999 -9999 -9999 -9999 -9999 -9999 -9999 -9999 -9999 -9999 -9999 -9999 -9999 -9999 -9999 -9999 -9999 -9999 -9999 -9999 -9999 -9999 -9999 -9999 -9999 -9999
649.3632 650.0485 650.7598 651.2001 651.4883 651.7004 651.8245 651.8347 651.7832 651.6872 651.5596 651.4544 651.4802 651.7362 652.2857 653.0067 653.8336 654.7227 655.6757 656.7266 657.1918 657.6803 658.6132 659.8124 661.0423 662.1688 663.6348 665.622 667.7816 669.6408 670.7013 670.642 669.2253 667.2167 665.5004 664.805 664.957 665.7258 666.6722 667.7192 669.0501 670.8452 672.9673 -9999 -9999 -9999 -9999 -9999 -9999 -9999 -9999 -9999 -9999 -9999 -9999 -9999 -9999 -9999 -9999 -9999 -9999 -9999 -9999 -9999 -9999 -9999 -9999 -9999 -9999
648.8896 649.5023 650.3806 650.9431 651.2576 651.4254 651.4845 651.4443 651.33 651.1658 650.9918 650.8801 650.926 651.2092 651.7653 652.5526 653.6658 654.8333 655.9628 656.8179 657.0038 657.1569 658.0162 659.1404 660.381 661.7157 663.2411 665.0453 667.0626 668.7372 669.6459 669.4459 668.0065 666.1826 664.7924 664.2344 664.3308 664.9023 665.7734 666.8586 668.2391 670.0752 672.225 -9999 -9999 -9999 -9999 -9999 -9999 -9999 -9999 -9999 -9999 -9999 -9999 -9999 -9999 -9999 -9999 -9999 -9999 -9999 -9999 -9999 -9999 -9999 -9999 -9999 -9999
648.4762 649.0183 649.7467 650.6619 651.1152 651.3307 651.3982 651.3529 651.2151 651.0101 650.7911 650.6461 650.6737 650.9528 651.529 652.4237 653.7146 655.1356 656.298 656.8922 656.9001 656.885 657.2872 658.3184 659.5769 660.9217 662.28 663.7625 665.4894 666.9322 667.7051 667.4652 666.171 664.6317 663.6097 663.3334 663.3875 663.7399 664.5382 665.7636 667.3687 669.3969 671.5872 673.4977 -9999 -9999 -9999 -9999 -9999 -9999 -9999 -9999 -9999 -9999 -9999 -9999 -9999 -9999 -9999 -9999 -9999 -9999 -9999 -9999 -9999 -9999 -9999 -9999 -9999
648.1124 648.6487 649.376 650.3484 650.9515 651.2604 651.3705 651.3439 651.2115 650.9994 650.7592 650.5906 650.6024 650.879 651.4697 652.4082 653.7225 655.3077 656.587 656.9906 656.9005 656.7888 656.9215 657.5651 658.585 659.7892 661.0076 662.1663 663.5045 664.6481 665.3196 665.2225 664.406 663.4047 662.6846 662.4094 662.421 662.7179 663.4301 664.773 666.6841 668.9181 671.0517 672.7075 -9999 -9999 -9999 -9999 -9999 -9999 -9999 -9999 -9999 -9999 -9999 -9999 -9999 -9999 -9999 -9999 -9999 -9999 -9999 -9999 -9999 -9999 -9999 -9999 -9999
647.8035 648.3484 648.9885 649.748 650.7083 651.15 651.3018 651.2949 651.1863 651.0014 650.7695 650.6016 650.6207 650.9097 651.5068 652.4427 653.7941 655.2587 656.4714 656.9274 656.9007 656.8044 656.7656 657.0184 657.776 658.6985 659.7336 660.715 661.7579 662.5606 663.1472 663.214 662.8533 662.3747 661.9476 661.7311 661.7592 662.0997 662.8827 664.2719 666.407 668.7625 670.7313 672.0347 -9999 -9999 -9999 -9999 -9999 -9999 -9999 -9999 -9999 -9999 -9999 -9999 -9999 -9999 -9999 -9999 -9999 -9999 -9999 -9999 -9999 -9999 -9999 -9999 -9999
647.7322 648.2606 648.848 649.5519 650.6236 651.0615 651.1895 651.1845 651.1174 650.9998 650.7897 650.6329 650.6819 651.008 651.6098 652.4738 653.7142 654.8553 655.8165 656.6014 656.879 656.9 656.8189 656.9091 657.374 658.0101 658.7719 659.7383 660.5786 661.1256 661.5478 661.7042 661.6946 661.6895 661.5123 661.3941 661.4976 661.9507 662.8851 664.4267 666.7394 669.1227 670.8657 671.7561 672.3051 -9999 -9999 -9999 -9999 -9999 -9999 -9999 -9999 -9999 -9999 -9999 -9999 -9999 -9999 -9999 -9999 -9999 -9999 -9999 -9999 -9999 -9999 -9999 -9999
647.7263 648.3232 648.9471 649.6337 650.6505 651.0015 651.0742 651.0884 651.1143 651.1338 650.9017 650.7081 650.7822 651.1774 651.8105 652.5541 653.5917 654.3899 655.1454 655.8416 656.5721 656.8582 656.9006 657.0023 657.2657 657.6523 658.1459 658.7643 659.5176 660.0341 660.5132 660.8583 661.1714 661.4633 661.4144 661.3979 661.6207 662.2448 663.4021 665.1851 667.6659 670.0378 671.5709 672.0569 672.386 -9999 -9999 -9999 -9999 -9999 -9999 -9999 -9999 -9999 -9999 -9999 -9999 -9999 -9999 -9999 -9999 -9999 -9999 -9999 -9999 -9999 -9999 -9999 -9999
647.7318 648.453 649.2034 649.9539 650.7496 650.9813 651.0334 651.1835 651.4613 651.7459 651.3359 650.9109 650.9365 651.4226 652.1538 652.7947 653.4493 653.9568 654.5593 655.1664 655.8174 656.5532 656.8842 657.077 657.2694 657.5055 657.8118 658.2004 658.6698 659.2864 659.873 660.3411 660.8633 661.3237 661.4811 661.6418 662.043 662.8806 664.3031 666.3876 669.0259 671.3181 672.5805 672.6525 672.6667 -9999 -9999 -9999 -9999 -9999 -9999 -9999 -9999 -9999 -9999 -9999 -9999 -9999 -9999 -9999 -9999 -9999 -9999 -9999 -9999 -9999 -9999 -9999 -9999
647.759 648.5338 649.3105 650.1019 650.7854 650.9764 651.1213 651.7115 652.8326 653.3165 652.5851 651.3444 651.1352 651.6875 652.457 653.1414 653.5509 653.8507 654.189 654.6276 655.1646 655.7981 656.5425 656.9557 657.2183 657.4384 657.6835 658.0069 658.4274 658.9438 659.4841 660.0182 660.7277 661.3978 661.717 662.068 662.6777 663.7378 665.408 667.8082 670.5526 672.6659 673.5717 673.1386 672.8774 -9999 -9999 -9999 -9999 -9999 -9999 -9999 -9999 -9999 -9999 -9999 -9999 -9999 -9999 -9999 -9999 -9999 -9999 -9999 -9999 -9999 -9999 -9999 -9999
647.8479 648.5928 649.3253 650.0743 650.7265 650.932 651.2099 652.5024 654.0722 654.4338 653.4742 651.8398 651.3107 652.1033 653.1089 653.8199 653.881 653.86 653.958 654.2251 654.6311 655.1526 655.7773 656.5309 656.9916 657.3143 657.6078 657.9622 658.4097 658.8748 659.39 659.9627 660.7161 661.4379 661.9865 662.594 663.4559 664.7435 666.6038 669.3674 672.094 673.8773 674.3019 673.555 -9999 -9999 -9999 -9999 -9999 -9999 -9999 -9999 -9999 -9999 -9999 -9999 -9999 -9999 -9999 -9999 -9999 -9999 -9999 -9999 -9999 -9999 -9999 -9999 -9999
648.04 648.6254 649.2341 649.806 650.3579 650.7408 651.108 652.3181 653.7899 654.4701 653.2559 651.6939 651.1741 652.5284 654.0179 654.8773 654.4514 654.0336 653.86 653.9716 654.2444 654.6522 655.157 655.7604 656.5236 657.0521 657.4617 657.903 658.4168 658.95 659.5212 660.117 660.8933 661.5889 662.3345 663.1974 664.3416 665.9125 668.0179 670.8439 673.3678 674.6526 674.7579 673.6097 -9999 -9999 -9999 -9999 -9999 -9999 -9999 -9999 -9999 -9999 -9999 -9999 -9999 -9999 -9999 -9999 -9999 -9999 -9999 -9999 -9999 -9999 -9999 -9999 -9999
648.0054 648.454 648.9014 649.3353 649.8314 650.2767 650.7411 651.4759 652.4904 652.9467 651.9719 650.9819 651.7708 653.4504 655.1824 656.1612 655.5178 654.4366 653.9211 653.8592 654.0095 654.3259 654.7291 655.2084 655.8059 656.6513 657.2201 657.7988 658.4288 659.1329 659.8769 660.6363 661.3724 662.0175 662.7974 663.8153 665.193 667.0051 669.2128 671.9467 674.1226 674.7483 674.2565 673.0297 -9999 -9999 -9999 -9999 -9999 -9999 -9999 -9999 -9999 -9999 -9999 -9999 -9999 -9999 -9999 -9999 -9999 -9999 -9999 -9999 -9999 -9999 -9999 -9999 -9999
647.7509 648.1287 648.4984 648.8783 649.3032 649.7584 650.228 650.764 651.2524 651.4849 650.9063 651.0734 652.3246 654.0283 655.7654 656.6146 656.2209 654.9323 653.9817 653.7747 653.8682 654.159 654.4972 654.9084 655.4506 656.2147 656.95 657.7202 658.4873 659.3754 660.2316 661.1645 661.8027 662.4167 663.2047 664.3033 665.8298 667.827 670.0424 672.5381 674.2495 674.29 673.3482 672.3151 -9999 -9999 -9999 -9999 -9999 -9999 -9999 -9999 -9999 -9999 -9999 -9999 -9999 -9999 -9999 -9999 -9999 -9999 -9999 -9999 -9999 -9999 -9999 -9999 -9999
647.4658 647.7681 648.0956 648.4474 648.8413 649.2807 649.7532 650.2683 650.7462 650.9545 650.8453 651.2501 652.3303 653.8301 655.3908 656.066 655.4845 654.3993 653.7659 653.6531 653.842 654.0778 654.3619 654.731 655.276 655.9438 656.8596 657.8287 658.7266 659.7765 660.7194 661.5065 662.1132 662.7081 663.4775 664.5718 666.0949 668.0245 670.4537 672.648 673.7238 673.3159 672.4639 671.928 671.8192 672.1878 -9999 -9999 -9999 -9999 -9999 -9999 -9999 -9999 -9999 -9999 -9999 -9999 -9999 -9999 -9999 -9999 -9999 -9999 -9999 -9999 -9999 -9999 -9999
647.2923 647.4973 647.7588 648.0673 648.4243 648.8325 649.2876 649.8085 650.3405 650.7508 650.8996 651.1813 651.8328 652.8384 653.9203 654.3985 654.0809 653.5203 653.2115 653.2615 653.4994 653.8066 654.1053 654.4473 654.9464 655.6649 656.8688 658.1495 659.2131 660.2025 661.2022 661.8577 662.3958 662.948 663.6692 664.7293 666.2913 668.2608 670.5417 672.278 672.7245 672.2427 671.8097 671.7352 672.021 672.717 -9999 -9999 -9999 -9999 -9999 -9999 -9999 -9999 -9999 -9999 -9999 -9999 -9999 -9999 -9999 -9999 -9999 -9999 -9999 -9999 -9999 -9999 -9999
647.276 647.3406 647.5095 647.7572 648.0573 648.4079 648.7944 649.2668 649.8022 650.2615 650.6563 650.7847 651.0499 651.704 652.3206 652.6035 652.5788 652.4348 652.418 652.6435 652.8686 653.1532 653.605 654.0549 654.6786 655.6113 657.0239 658.5114 659.72 660.6268 661.4483 662.0917 662.6534 663.2024 663.8622 664.8386 666.4689 668.4303 670.1398 671.1896 671.1548 670.8305 670.9658 671.4585 672.089 672.9406 -9999 -9999 -9999 -9999 -9999 -9999 -9999 -9999 -9999 -9999 -9999 -9999 -9999 -9999 -9999 -9999 -9999 -9999 -9999 -9999 -9999 -9999 -9999
647.4382 647.3288 647.3804 647.5344 647.7607 648.025 648.2625 648.5981 649.1003 649.4579 649.8811 650.0594 650.2578 650.6878 651.0038 651.214 651.4438 651.5344 651.6554 651.9238 652.0129 652.163 652.6942 653.534 654.4919 655.7819 657.4058 658.9976 660.0958 660.8735 661.5366 662.2307 662.9066 663.5417 664.1849 665.0176 666.8169 668.3521 669.0908 669.2501 668.9185 669.0284 669.894 671.0992 672.0602 672.9692 673.7484 -9999 -9999 -9999 -9999 -9999 -9999 -9999 -9999 -9999 -9999 -9999 -9999 -9999 -9999 -9999 -9999 -9999 -9999 -9999 -9999 -9999 -9999
647.786 647.5001 647.4285 647.4536 647.5782 647.7424 647.7662 647.8831 648.2932 648.6479 649.0829 649.2546 649.4302 649.8421 650.1729 650.4224 650.6939 650.7932 650.8414 650.9011 650.9133 651.0894 651.8554 653.0399 654.4942 656.243 658.0036 659.475 660.3323 660.9606 661.5472 662.2716 663.0833 663.9482 664.7841 665.7104 667.1208 667.7123 667.5739 667.0509 666.8684 667.2747 668.8518 670.6722 671.8928 672.7081 673.2662 -9999 -9999 -9999 -9999 -9999 -9999 -9999 -9999 -9999 -9999 -9999 -9999 -9999 -9999 -9999 -9999 -9999 -9999 -9999 -9999 -9999 -9999
648.4103 647.9461 647.738 647.5653 647.5257 647.5179 647.4807 647.5194 647.7269 647.8876 648.2523 648.4728 648.7738 649.2096 649.5809 649.8101 650.0438 650.2331 650.4058 650.5753 650.7896 651.2373 652.0867 653.327 655.11 656.9292 658.3662 659.4559 660.1489 660.7559 661.3998 662.1144 663.0281 664.0812 665.122 666.0084 666.6558 666.3552 665.6909 665.2534 665.4437 666.4564 668.6504 670.7552 671.9905 672.6473 673.0319 -9999 -9999 -9999 -9999 -9999 -9999 -9999 -9999 -9999 -9999 -9999 -9999 -9999 -9999 -9999 -9999 -9999 -9999 -9999 -9999 -9999 -9999
649.3792 648.8727 648.3786 647.9683 647.7616 647.5729 647.4514 647.376 647.408 647.5017 647.7208 647.8352 648.1698 648.5613 649.0417 649.2538 649.5308 649.8746 650.3285 650.84 651.4609 652.3129 653.3452 654.7306 656.3812 657.7869 658.3718 658.6439 659.3738 660.1089 660.8513 661.6292 662.6509 663.9332 665.2882 666.0887 665.5338 664.591 663.8524 663.7893 664.5667 666.6202 669.2821 671.3677 672.4342 672.8191 672.9976 -9999 -9999 -9999 -9999 -9999 -9999 -9999 -9999 -9999 -9999 -9999 -9999 -9999 -9999 -9999 -9999 -9999 -9999 -9999 -9999 -9999 -9999
650.5922 649.8474 649.274 648.884 648.4154 647.9942 647.7538 647.5056 647.3591 647.3271 647.3965 647.4961 647.7254 647.882 648.2703 648.5649 649.0681 649.6395 650.51 651.5638 652.9073 654.2206 655.4205 656.5975 657.7455 658.3491 657.9873 657.4992 658.1307 659.1696 660.129 660.9886 661.8861 663.0101 664.0955 664.4816 663.6559 662.678 662.2569 662.9242 664.6583 667.4626 670.4034 672.4244 673.131 673.0505 -9999 -9999 -9999 -9999 -9999 -9999 -9999 -9999 -9999 -9999 -9999 -9999 -9999 -9999 -9999 -9999 -9999 -9999 -9999 -9999 -9999 -9999 -9999
652.0303 650.9668 650.202 649.7092 649.262 648.9079 648.4338 647.9512 647.5892 647.3986 647.3126 647.3265 647.4528 647.5792 647.7532 647.8911 648.4739 649.4282 650.8085 652.4511 654.2377 655.8279 657.1187 657.9147 658.4531 658.4716 657.8599 657.2769 657.2205 658.1738 659.4658 660.4179 661.177 661.8235 662.3599 662.5155 661.9606 661.4561 661.5205 662.6438 665.1638 668.4735 671.5295 673.3428 673.8692 673.1423 -9999 -9999 -9999 -9999 -9999 -9999 -9999 -9999 -9999 -9999 -9999 -9999 -9999 -9999 -9999 -9999 -9999 -9999 -9999 -9999 -9999 -9999 -9999
