backend/lakes/data/Lac la Nonne/nonn_dem_tm.asc
ncols         159
nrows         165
xllcorner     540650
yllcorner     5970450
cellsize      50
NODATA_value  -9999
[rows 93 to 123 of 165, columns 69 to 137 of 159]
653.7429 652.3346 651.2565 650.6027 650.0408 649.6201 649.2293 648.8024 648.1271 647.7506 647.4603 647.3505 647.4257 647.5623 647.6245 647.6807 648.1391 649.3514 650.9578 652.7072 654.5627 656.1954 657.5597 658.4153 658.7484 658.6263 658.3104 657.8232 657.5735 657.774 659.1273 660.1387 660.8093 661.2246 661.437 661.3807 661.0137 660.811 661.2344 662.7055 665.5928 669.1186 672.1726 673.7469 673.8741 673.056 -9999 -9999 -9999 -9999 -9999 -9999 -9999 -9999 -9999 -9999 -9999 -9999 -9999 674.2854 674.9805 675.1481 675.0026 674.9536 674.9052 674.9917 675.1617 675.1235 -9999
655.7642 654.014 652.6069 651.5967 650.8419 650.2991 649.9154 649.5046 648.9868 648.3776 647.8156 647.5358 647.5679 647.752 647.7588 647.7628 648.2289 649.3384 650.8425 652.2512 653.982 655.7219 657.2921 658.4039 658.6508 658.3113 658.137 658.4233 658.251 658.5099 659.5549 660.2711 660.757 661.0068 661.0398 660.8773 660.6151 660.5678 661.1699 662.7698 665.649 669.1271 672.1141 673.5491 673.1451 -9999 -9999 -9999 -9999 -9999 -9999 -9999 -9999 -9999 -9999 -9999 672.903 673.3089 673.9084 674.3663 674.9436 675.1344 675.0677 674.9447 674.7063 674.5916 674.5423 674.194 674.2543
657.9825 656.0477 654.2667 652.8914 651.876 651.1026 650.6586 650.196 649.7294 649.1177 648.4098 647.8763 647.7636 647.7893 647.762 647.8055 648.2095 649.0745 650.1555 651.3761 652.8892 654.8779 656.8646 658.2618 658.3767 657.4328 657.1717 657.7491 658.3632 658.9862 659.8451 660.3766 660.7511 660.939 660.9218 660.7486 660.5486 660.5806 661.1814 662.6544 665.28 668.5224 671.3507 672.6461 672.3444 672.0195 -9999 -9999 -9999 -9999 -9999 673.7892 672.8717 671.8487 671.6088 671.9871 672.8939 673.3563 673.741 674.0693 674.4522 674.6109 674.4417 674.0914 673.7563 673.5324 673.35 673.1132 673.098
660.1724 658.2802 656.3713 654.6885 653.3375 652.2651 651.527 650.9725 650.554 649.9251 649.2304 648.61 648.2738 648.0671 647.9067 647.8671 648.1042 648.6715 649.4698 650.5688 651.9543 654.0472 656.3538 658.064 658.3636 657.3387 656.9753 657.3768 658.346 659.153 659.8807 660.2753 660.6082 660.8267 660.8713 660.776 660.6583 660.7227 661.2523 662.5004 664.6329 667.4888 670.1511 671.6235 671.9244 671.9243 -9999 672.9722 673.8518 674.1722 673.8976 673.0787 672.0183 671.1985 671.7017 672.5945 673.0463 673.0814 673.0284 673.099 673.2004 673.0203 672.6325 672.1697 671.7892 671.613 671.6993 671.8884 671.92
662.1979 660.4687 658.6363 656.8392 655.1946 653.7488 652.7053 652.0266 651.4824 650.9105 650.2769 649.6105 649.1295 648.7045 648.3546 648.141 648.1895 648.5556 649.242 650.2496 651.4747 653.4033 655.7685 657.6934 658.401 657.9072 657.4841 658.0449 658.6742 659.2582 659.7224 659.9813 660.3014 660.5906 660.7612 660.8148 660.8212 660.9155 661.296 662.1846 663.774 666.1532 668.6378 670.4089 671.3184 671.6885 671.9892 672.589 673.2017 673.51 673.0336 672.1298 671.1858 670.6955 671.827 672.4882 672.5849 672.0565 671.4191 671.0707 670.8063 670.3256 669.7678 669.2889 669.0413 669.1575 669.8629 670.6851 670.9318
664.2092 662.5497 660.8218 659.0386 657.2554 655.5956 654.2988 653.4397 652.7282 652.2303 651.6771 651.0364 650.4327 649.7891 649.2313 648.7949 648.6503 648.8474 649.4406 650.4948 651.5794 653.2441 655.3893 657.0422 657.9476 658.244 658.376 658.5916 658.9531 659.3273 659.6157 659.7908 659.9764 660.2747 660.5585 660.7929 660.9747 661.134 661.3472 661.7865 662.7569 664.579 666.9197 668.9815 670.3459 670.9689 671.2504 671.619 671.9531 672.0045 671.5108 670.7277 670.092 670.1385 670.7559 671.2239 670.8962 669.9106 668.8447 668.0936 667.5385 666.9039 666.3622 666.0403 666.123 666.8845 668.2319 669.7852 670.4303
666.3774 664.6345 662.8566 661.0689 659.2825 657.5659 656.1369 655.1939 654.258 653.7266 653.2482 652.6778 652.1404 651.4239 650.6184 649.9577 649.6629 649.7016 650.154 651.0017 652.1195 653.7618 655.434 656.3744 656.74 657.1294 657.8829 658.4209 658.88 659.2526 659.509 659.6638 659.793 659.9741 660.2901 660.6819 661.0721 661.3643 661.4778 661.522 662.0704 663.2069 665.0892 667.1393 668.7338 669.5804 669.8643 669.9501 669.9137 669.619 669.0413 668.3162 667.7321 667.743 668.222 668.5364 668.1016 667.0239 665.9314 665.1003 664.4865 664.0508 663.8244 663.8558 664.3011 665.4007 667.483 669.6603 670.8215
668.7784 666.7747 664.8073 662.9237 661.1397 659.4453 657.9066 656.6701 655.649 654.999 654.3964 653.8502 653.4855 653.0626 652.395 651.7618 651.4525 651.376 651.5347 652.1951 653.4321 654.8276 655.7366 656.1409 656.2371 656.4062 656.8704 657.7563 658.4558 658.9852 659.3381 659.5459 659.6748 659.7952 659.9987 660.4543 661.0204 661.4705 661.5024 661.3832 661.4597 662.0182 663.1953 664.8741 666.4132 667.3466 667.5709 667.4036 667.015 666.3861 665.681 664.9672 664.3659 664.2194 664.5427 664.9453 664.778 664.0185 663.155 662.5387 662.1484 661.9734 662.1606 662.6104 663.4219 664.8056 667.3807 670.0546 671.6707
671.2825 668.9342 666.6875 664.659 662.838 661.1782 659.6309 658.2214 656.9614 655.9625 655.3169 654.8113 654.5228 654.2451 653.8188 653.5113 653.4002 653.4053 653.506 654.022 654.9991 655.7376 656.1307 656.1401 656.0248 655.9698 656.173 656.7632 657.7298 658.5079 659.0526 659.3817 659.5554 659.6528 659.7787 660.0691 660.6495 661.1476 661.097 660.8561 660.4764 660.561 661.1732 662.2617 663.4927 664.3182 664.4401 664.1067 663.5669 662.8381 662.1258 661.5311 661.0955 661.0579 661.2302 661.6319 661.8311 661.5193 661.2021 660.9982 660.907 661.0145 661.4675 662.2704 663.4233 664.9608 667.7005 670.5323 672.2398
673.7795 671.1696 668.569 666.3558 664.4651 662.8017 661.2523 659.7611 658.3491 657.1255 656.2528 655.6525 655.3769 655.1834 654.8643 654.798 654.9733 655.2285 655.4158 655.7612 656.1895 656.4559 656.4619 656.1288 655.8912 655.6939 655.6715 655.9821 656.7012 657.801 658.6061 659.1059 659.3446 659.4131 659.4195 659.4919 659.7664 659.9396 659.8237 659.342 658.9011 658.7413 658.9614 659.5635 660.3302 660.9149 661.0463 660.7724 660.3226 659.7115 659.1808 658.8637 658.77 658.8342 659.0366 659.4719 660.1322 660.0926 660.0563 660.1988 660.3666 660.7087 661.4222 662.5615 664.0709 665.6088 668.3381 671.1227 672.835
676.0428 673.3658 670.6053 668.1385 666.1243 664.4171 662.8264 661.2839 659.7939 658.4297 657.3289 656.6458 656.152 655.8236 655.5781 655.7266 656.1183 656.5504 656.7341 656.8257 656.8877 656.8206 656.4925 655.6998 655.5802 655.4473 655.3146 655.3775 655.803 656.8393 657.9503 658.6498 658.9465 658.9633 658.783 658.4896 658.3618 658.1903 657.8385 657.3611 657.0081 656.8826 657.0243 657.4205 657.7566 657.9783 658.0156 657.8819 657.6865 657.3714 657.1663 657.1682 657.3734 657.4968 657.6515 657.9992 658.5992 659.0137 659.3672 659.8176 660.1565 660.6829 661.5762 662.9581 664.5957 666.3972 669.1743 671.8951 673.593
677.8787 675.3514 672.6794 670.1553 667.9156 666.0601 664.4095 662.7823 661.2654 659.8226 658.5583 657.6162 656.9323 656.5218 656.395 656.6425 656.779 657.0176 657.1567 657.1488 656.9738 656.5665 655.83 655.3135 655.2342 655.1827 655.0665 655.0269 655.2645 655.9324 657.0383 657.9462 658.2564 658.2211 657.8857 657.2169 656.799 656.4127 655.9963 655.66 655.5152 655.6714 656.284 656.8268 656.6979 656.4268 656.0927 655.965 656.0311 656.043 656.1541 656.4387 656.8227 656.8892 656.8961 657.0427 657.5754 658.2158 658.7659 659.3438 659.9548 660.7396 661.8271 663.4152 665.1786 667.1378 669.9609 672.6094 674.2609
679.3169 677.1336 674.7267 672.3119 669.9958 667.8639 665.9974 664.2896 662.734 661.2515 659.866 658.6826 657.8126 657.2493 656.9607 656.9102 656.8997 657.0067 657.0752 656.9502 656.5356 655.7908 655.2717 654.9902 654.887 654.8741 654.8467 654.849 655.0217 655.48 656.2794 656.9175 657.1078 657.0134 656.6191 655.908 655.4582 655.1449 654.8665 654.6943 654.7803 655.2286 655.9819 656.2884 656.1375 655.7716 655.4039 655.2794 655.3878 655.5127 655.8075 656.2411 656.6368 656.7397 656.6876 656.67 656.9327 657.4843 658.196 658.9334 659.8221 660.8582 662.0947 663.5822 665.2547 667.627 670.524 673.0291 674.4695
680.6932 678.8829 676.7665 674.5164 672.2465 670.0211 667.9163 665.9457 664.2704 662.6884 661.2237 659.916 658.8846 658.324 657.7098 657.2802 656.9536 656.9016 656.8259 656.4742 655.7389 655.1731 654.8273 654.6764 654.6609 654.7031 654.7515 654.8228 655.0081 655.3732 655.8192 656.1619 656.2238 656.0162 655.5609 655.0441 654.627 654.3679 654.2506 654.2577 654.4811 654.9385 655.4642 655.7661 655.749 655.4924 655.212 655.1532 655.3643 655.4701 655.9331 656.5594 657.0751 657.2051 657.0521 656.7426 656.6544 656.9199 657.5689 658.572 659.8162 661.1166 662.4426 663.9194 665.5631 668.082 670.9372 673.3232 674.7743
682.3046 680.7222 678.7805 676.6534 674.4655 672.2463 669.994 667.7861 665.9174 664.1508 662.5515 661.1717 659.9831 659.0695 658.47 657.9279 657.5134 657.1824 656.7458 655.8592 655.3123 654.8821 654.5835 654.4832 654.5049 654.592 654.713 654.8583 655.0706 655.3668 655.5558 655.6931 655.6559 655.4023 655.0112 654.5905 654.2373 654.0164 653.9777 654.1631 654.4691 654.812 655.0043 655.2448 655.3486 655.2592 655.0983 655.0696 655.2528 655.5365 656.3534 657.3342 658.2477 658.4572 658.1395 657.2468 656.716 656.6579 657.1812 658.4476 659.8715 661.3052 662.7533 664.3232 666.1022 668.6682 671.3127 673.3668 674.6721
-9999 -9999 680.5596 678.531 676.4682 674.3651 672.122 669.7758 667.5165 665.5458 663.8021 662.3777 661.1917 660.1997 659.5396 658.8566 658.3957 657.8434 657.1965 656.2801 655.5936 655.0556 654.7061 654.52 654.4891 654.5686 654.7156 654.8961 655.1001 655.2926 655.3814 655.4471 655.3758 655.1295 654.7949 654.4415 654.1682 654.0099 653.9777 654.1627 654.2721 654.4101 654.5052 654.7098 654.9009 654.9617 654.9415 655.0215 655.3572 655.9755 657.0141 658.2801 659.262 658.9583 659.0869 658.0161 657.0615 656.7516 657.2722 658.6936 660.0944 661.5293 663.14 664.929 666.9165 669.5132 671.8494 673.3342 674.1335
-9999 -9999 -9999 679.8781 678.0474 676.2155 674.1349 671.7477 669.1865 666.744 664.9193 663.5044 662.3265 661.3568 660.6309 660.0475 659.5439 658.8424 658.2106 657.3102 656.4678 655.7241 655.2253 654.861 654.6857 654.6846 654.7993 654.9825 655.1879 655.3435 655.3962 655.3797 655.2429 655.0181 654.7424 654.4637 654.2616 654.1484 654.0134 654.0117 654.1011 654.2117 654.2902 654.4312 654.5911 654.6934 654.7599 654.944 655.4346 656.3967 657.5973 658.8134 659.4996 659.413 659.4362 658.7164 657.5175 657.0833 657.7363 659.1581 660.4846 661.848 663.4936 665.4152 667.9625 670.6887 672.6523 673.4483 673.5446
-9999 -9999 -9999 -9999 679.0684 677.651 675.8453 673.5338 670.8095 668.058 666.0331 664.569 663.3229 662.2957 661.571 661.1339 660.6034 660.0029 659.4709 658.6606 657.9004 657.0071 656.2301 655.571 655.1469 654.9811 654.9916 655.145 655.374 655.5128 655.5084 655.3999 655.2053 654.9849 654.7582 654.5398 654.367 654.2228 654.0748 654.0068 654.0668 654.201 654.3384 654.4694 654.5928 654.66 654.7124 654.9272 655.5649 656.8759 658.3549 659.3038 659.7787 659.8268 659.8705 659.4529 658.3824 657.6212 658.3134 659.6091 660.9972 662.4506 664.2321 666.4449 669.424 672.2537 673.9026 673.813 672.9919
-9999 -9999 -9999 -9999 -9999 678.6759 677.1706 675.0258 672.3062 669.3924 667.0613 665.4983 664.0521 662.9429 662.1954 661.7406 661.3663 660.9227 660.5284 659.9445 659.3356 658.4738 657.6101 656.7721 655.9908 655.5529 655.3334 655.377 655.6602 655.7686 655.6735 655.478 655.2355 655.009 654.8124 654.629 654.4689 654.3174 654.1818 654.0886 654.1168 654.2576 654.4509 654.636 654.7858 654.8557 654.8611 655.0366 655.7526 657.2623 658.8524 659.6959 660.0925 660.2083 660.2909 660.0427 659.4211 658.7628 659.0995 660.0483 661.4249 663.1484 665.2485 667.8807 671.1405 674.0403 675.4164 674.3693 672.5714
-9999 -9999 -9999 -9999 -9999 679.507 678.2675 676.3226 673.6929 670.6841 667.9076 666.0499 664.5526 663.3781 662.5657 662.057 661.7289 661.4843 661.3222 660.8979 660.4374 659.7935 659.0798 658.2966 657.4141 656.5307 655.8867 655.6517 656.041 656.0325 655.7956 655.5364 655.2855 655.0792 654.9023 654.7493 654.5842 654.436 654.2915 654.1893 654.1898 654.3401 654.5739 654.813 655.037 655.1957 655.1836 655.276 656.1122 657.7587 659.3191 660.013 660.3743 660.5656 660.6866 660.5489 660.153 659.787 659.858 660.4932 661.8004 663.8273 666.2327 669.2512 672.7314 675.6452 676.7945 675.0263 672.4699
-9999 -9999 -9999 -9999 -9999 680.5367 679.4028 677.532 675.0601 672.1925 669.3628 667.0325 665.2993 663.9124 662.9143 662.3168 661.969 661.7971 661.713 661.5236 661.3071 660.8408 660.3668 659.8173 659.0219 657.9174 656.7167 655.9422 656.4233 656.0128 655.6687 655.4984 655.33 655.2095 655.0505 654.8917 654.717 654.5485 654.4073 654.2933 654.264 654.4314 654.658 654.9285 655.2421 655.5909 655.6501 655.5972 656.6949 658.2911 659.5613 660.1299 660.5308 660.8495 661.0347 660.9705 660.6534 660.3061 660.2159 660.7174 661.9943 664.2893 666.8517 670.17 673.7208 676.4431 677.072 675.3013 -9999
-9999 -9999 -9999 -9999 -9999 -9999 680.455 678.6533 676.3655 673.7579 671.12 668.7094 666.5976 664.8441 663.5162 662.7521 662.3276 662.1656 662.1494 662.1368 662.0376 661.7391 661.4977 661.1462 660.4348 659.4311 658.1213 656.872 656.0491 655.6537 655.4017 655.3878 655.4881 655.4498 655.2494 655.0359 654.8434 654.655 654.5076 654.3972 654.3404 654.3878 654.5481 654.8154 655.1818 655.657 656.1285 656.0656 657.2882 658.7686 659.5362 660.0573 660.5703 661.0479 661.351 661.3553 661.077 660.7211 660.5404 660.8179 661.8484 663.9493 666.9374 670.5087 674.0561 676.6328 677.1887 675.484 -9999
-9999 -9999 -9999 -9999 -9999 -9999 681.2582 679.5666 677.491 675.2029 672.8497 670.574 668.4143 666.4113 664.7211 663.5684 662.9977 662.8429 662.8904 663.0162 663.0325 662.877 662.6805 662.348 661.7051 660.8748 659.6857 658.3659 657.1252 656.1367 655.5803 655.5096 655.838 655.7466 655.4158 655.1398 654.9131 654.7301 654.5848 654.4712 654.3647 654.3425 654.4302 654.649 654.9718 655.3666 655.8362 656.7355 658.1242 659.3394 659.6289 660.0734 660.6527 661.249 661.6776 661.7538 661.4995 661.1462 660.8939 660.9717 661.7454 663.5595 666.6907 670.3795 673.8179 676.2553 677.1257 675.4836 -9999
-9999 -9999 -9999 -9999 -9999 -9999 -9999 680.0785 678.2301 676.2658 674.2427 672.1971 670.1464 668.079 666.1673 664.7823 664.0485 664.0094 664.1647 664.4073 664.4234 664.2582 664.0254 663.6379 662.9137 662.0676 661.1024 660.0151 658.8526 657.6656 656.6575 655.9631 656.2886 655.7532 655.338 655.0416 654.8474 654.7186 654.6112 654.5107 654.4113 654.3794 654.453 654.6656 655.0258 655.5253 656.3513 657.5115 658.8796 659.7498 660.0972 660.4123 660.9312 661.5293 662.0105 662.1958 661.9384 661.6007 661.3313 661.2564 661.7782 663.3905 666.4733 670.0685 673.2603 675.3961 676.1599 675.0621 -9999
-9999 -9999 -9999 -9999 -9999 -9999 -9999 -9999 678.4065 676.7991 675.133 673.3538 671.4615 669.4125 667.459 666.1071 665.6314 665.8668 666.3422 666.5248 666.3539 665.976 665.5807 665.0289 663.9898 662.9875 662.0844 661.2602 660.4545 659.3782 658.1231 656.902 656.0826 655.6093 655.4049 655.1192 654.956 654.8878 654.8303 654.73 654.5833 654.5439 654.6537 654.9453 655.4511 656.2035 657.237 658.5021 659.652 660.2678 660.5987 660.97 661.4042 661.9407 662.3964 662.6161 662.3566 662.009 661.7259 661.4401 661.8506 663.4296 666.428 669.8217 672.7684 674.6312 675.2329 674.8286 -9999
-9999 -9999 -9999 -9999 -9999 -9999 -9999 -9999 -9999 676.9386 675.5698 674.096 672.4104 670.4589 668.5927 667.4554 667.463 668.1983 668.9419 669.2195 668.9784 668.3077 667.3787 666.2693 664.8875 663.6996 662.7562 662.0571 661.4693 660.7401 659.6159 658.3177 657.2446 656.715 656.3607 655.7803 655.5259 655.4456 655.3972 655.2656 654.9696 654.8585 654.9858 655.4023 656.1069 657.0234 658.2245 659.4092 660.2225 660.7181 661.0886 661.5546 662.0527 662.5507 662.917 663.0829 662.76 662.2794 661.7706 661.4672 661.8918 663.5461 666.3792 669.6036 672.4206 674.2452 675.0131 674.7883 -9999
-9999 -9999 -9999 -9999 -9999 -9999 -9999 -9999 -9999 677.1179 675.9115 674.6904 673.2332 671.4355 669.7118 668.8802 669.3795 670.4824 671.4563 671.8987 671.7319 670.9656 669.6555 667.9167 666.0009 664.5197 663.3818 662.6631 662.1675 661.6418 660.8775 659.7932 658.7742 658.205 657.7111 657.105 656.7772 656.5585 656.3538 656.0253 655.6049 655.3932 655.4415 655.8932 656.6776 657.588 658.7932 659.7948 660.5412 661.1029 661.5811 662.2009 663.0253 663.6104 663.8048 663.5906 663.0005 662.5076 661.9919 661.6193 662.0215 664.0183 666.5361 669.4561 672.1018 673.9588 674.8812 674.5116 -9999
-9999 -9999 -9999 -9999 -9999 -9999 -9999 -9999 -9999 -9999 676.2768 675.0955 673.8426 672.343 670.9926 670.4706 671.2142 672.4286 673.5035 674.1152 674.1195 673.4908 672.1346 670.1993 667.9541 665.911 664.3471 663.4404 662.8887 662.4221 661.8481 661.0985 660.272 659.7609 659.2456 658.6637 658.3173 658.0114 657.6924 657.1966 656.7329 656.2826 656.121 656.3002 656.8304 657.5754 658.752 659.8013 660.7593 661.6182 662.4949 663.6401 664.9363 665.8434 666.176 665.7822 664.9676 664.0946 663.03 662.1986 662.3228 664.6556 666.7838 669.4207 671.8337 673.5326 674.3104 673.9089 -9999
-9999 -9999 -9999 -9999 -9999 -9999 -9999 -9999 -9999 -9999 676.8856 675.5518 674.4362 673.2732 672.3511 672.1935 672.9629 674.0431 675.0077 675.6634 675.8185 675.4592 674.3401 672.5974 670.4128 668.1517 666.1694 664.7802 663.9476 663.3551 662.8102 662.2256 661.6226 661.2186 660.7971 660.2355 659.936 659.6815 659.285 658.6558 658.0728 657.3501 656.9243 656.672 656.741 657.134 658.2284 659.6076 661.0045 662.2936 663.6625 665.3367 666.9915 668.0505 668.6615 668.1218 667.144 665.9869 664.4238 662.9488 662.3408 664.4343 666.9548 669.6706 671.8934 673.2318 673.7458 673.0875 -9999
-9999 -9999 -9999 -9999 -9999 -9999 -9999 -9999 -9999 -9999 -9999 675.7188 674.8113 674.2277 673.9328 674.1349 674.8159 675.5882 676.1743 676.5504 676.7355 676.6989 675.9717 674.6968 672.8818 670.7748 668.6664 666.8704 665.5037 664.578 663.8948 663.3403 662.8071 662.3688 661.9803 661.5623 661.3326 661.0905 660.6117 660.0485 659.4532 658.6615 658.0128 657.3073 656.9713 656.9595 657.6579 659.1296 660.8094 662.5416 664.3691 666.3549 668.0679 668.7731 669.9253 669.0359 667.81 666.6161 664.8552 663.4905 662.7834 664.7636 667.6224 670.426 672.3917 673.1334 672.9597 -9999 -9999
-9999 -9999 -9999 -9999 -9999 -9999 -9999 -9999 -9999 -9999 -9999 -9999 675.5867 675.611 675.9448 676.4195 676.9171 677.2462 -9999 -9999 -9999 677.3256 677.0528 676.3552 675.004 673.2206 671.2117 669.2203 667.4537 666.0536 665.0801 664.4498 663.8813 663.4073 663.0248 662.6301 662.3516 662.0721 661.6443 661.2252 660.6397 659.9709 659.2638 658.5104 657.9093 657.363 657.7571 658.7183 660.1148 661.9545 663.9238 665.8696 667.4297 668.2617 668.5693 667.7136 666.4327 665.1127 663.4263 662.3243 662.7275 665.2834 668.4835 671.2242 672.7604 672.9028 672.091 -9999 -9999
