backend/lakes/data/Nipisi Lake/nipi_dem_tm.asc
ncols         203
nrows         161
xllcorner     496200
yllcorner     6174700
cellsize      50
NODATA_value  -9999
[rows 93 to 123 of 161, columns 70 to 139 of 203]
647.7247 647.6111 647.4987 647.3907 647.2886 647.1918 647.0975 647 646.8926 646.7744 646.6484 646.5197 646.3932 646.2745 646.1691 646.083 646.0238 646 645.9817 645.9735 645.9728 645.9774 645.9853 646 646.0352 646.0817 646.1365 646.1973 646.2628 646.3318 646.4031 646.4778 646.5566 646.6356 646.7092 646.7722 646.8237 646.8667 646.9008 646.9263 646.96 647 647.0483 647.1009 647.1469 647.1812 647.2065 647.2332 647.2782 647.3525 647.4514 647.5811 647.6801 647.8099 647.9849 647.9996 647.9991 647.9992 648.0005 648.0458 648.0776 648.1229 648.206 648.2754 648.3192 648.3475 648.3414 648.4932 649.1777 650.8521
647.7336 647.6185 647.5028 647.3912 647.286 647.188 647.0952 647 646.8895 646.7648 646.6327 646.4998 646.3713 646.2524 646.1475 646.0614 646.0001 645.9818 645.9723 645.9701 645.9753 645.9866 646 646.0248 646.0679 646.124 646.1887 646.2592 646.3335 646.4095 646.4862 646.5642 646.6431 646.7174 646.7821 646.8347 646.8768 646.9132 646.9429 646.9565 647 647.057 647.124 647.1957 647.2575 647.3027 647.3353 647.3732 647.4545 647.5908 647.75 647.9767 648.0521 648.1141 648.209 648.1945 648.1711 648.1575 648.1535 648.1819 648.2446 648.3558 648.4825 648.5977 648.7502 648.9501 648.9763 649.0217 649.5269 651.1482
647.7455 647.6288 647.5085 647.3907 647.2791 647.1769 647.0862 647.0002 646.8849 646.7521 646.6141 646.4785 646.35 646.2332 646.1323 646.0527 646 645.9772 645.9691 645.9698 645.98 646 646.0215 646.0579 646.1106 646.176 646.2499 646.3291 646.4113 646.493 646.5725 646.6501 646.7256 646.7932 646.8478 646.8894 646.9238 646.96 646.9998 647.0007 647.0657 647.1458 647.2357 647.3306 647.4121 647.469 647.5105 647.5577 647.7014 647.9615 648.2284 648.6688 648.8224 648.8884 648.7162 648.5614 648.498 648.4776 648.4742 648.4946 648.5881 648.8082 649.0304 649.1865 649.4099 649.7513 649.7811 649.7504 650.1023 651.5088
647.7633 647.6445 647.5184 647.3916 647.2687 647.1553 647.0616 646.9988 646.8701 646.7294 646.5885 646.453 646.3269 646.2142 646.1193 646.0466 646 645.98 645.973 645.9734 645.9826 646.0001 646.0411 646.0944 646.1598 646.2351 646.318 646.4051 646.4932 646.5786 646.658 646.7314 646.7997 646.8588 646.9036 646.9349 646.9624 647.0001 647.0589 647.105 647.1795 647.2727 647.3832 647.5026 647.6064 647.6747 647.7334 647.7758 648.0075 648.4644 649.0693 649.7261 649.7733 649.7435 649.3965 649.1584 649.082 649.048 649.0422 649.0554 649.1837 649.5945 650.0305 650.3664 650.6326 650.7573 650.5356 650.343 650.739 652.0887
647.7875 647.6658 647.5338 647.3972 647.2602 647.1259 647.0011 646.9293 646.8188 646.6884 646.5533 646.4224 646.3013 646.1945 646.1061 646.04 646 645.9885 645.9847 645.9854 646 646.0271 646.0757 646.1394 646.2155 646.3003 646.3911 646.4843 646.576 646.6622 646.7382 646.8041 646.8625 646.9121 646.9484 646.973 647 647.0551 647.1367 647.2188 647.31 647.417 647.5481 647.6931 647.8163 647.8823 647.9852 648.0203 648.3954 649.0724 649.9794 650.9197 650.8616 650.6913 650.3995 650.229 650.0752 649.9145 649.8658 649.8911 650.1124 650.73 651.4166 652.0354 652.3189 652.2128 651.8344 651.6938 652.2047 653.5507
647.8139 647.6906 647.5547 647.412 647.2676 647.1274 646.9998 646.8913 646.7734 646.6456 646.5156 646.3901 646.2747 646.1741 646.0926 646.0334 646 646 646 646 646.0223 646.0612 646.1185 646.1914 646.2765 646.3695 646.4668 646.5637 646.6561 646.7397 646.8088 646.8644 646.9122 646.9526 646.9815 647 647.027 647.103 647.2115 647.3228 647.4323 647.5536 647.7036 647.8684 647.9951 647.9999 648.0993 648.3447 648.9459 649.8788 651.0321 652.2414 652.8907 652.8788 652.4203 651.7897 651.1323 650.6273 650.3959 650.4392 650.8674 651.7164 652.7653 653.7564 654.2495 654.1853 653.8579 653.8133 654.4101 655.6495
647.8333 647.7143 647.5784 647.4325 647.2832 647.1373 646.9999 646.8695 646.7399 646.6095 646.4816 646.3602 646.2499 646.155 646.0801 646.028 646.0007 645.9983 646.0043 646.0177 646.0496 646.0993 646.1664 646.248 646.3411 646.4407 646.5423 646.6403 646.7304 646.8079 646.8671 646.9111 646.9484 646.9803 647 647.0016 647.0348 647.1342 647.2717 647.4092 647.5371 647.6741 647.8376 647.9958 648.0544 648.1078 648.3386 648.8797 649.869 651.2704 653.0392 654.6879 655.6657 655.6686 654.8503 653.5714 652.262 651.2518 650.7466 650.6843 651.1613 652.3431 653.8308 655.2302 656.0477 656.2097 656.104 656.2532 656.9174 657.9537
647.8502 647.7369 647.6025 647.4546 647.3005 647.1476 646.9999 646.856 646.7169 646.5828 646.455 646.3359 646.2292 646.1389 646.069 646.0225 645.9992 645.9973 646.0099 646.036 646.0795 646.1406 646.2178 646.308 646.408 646.5121 646.6155 646.7115 646.7961 646.8645 646.9126 646.9457 646.9746 647 647.0068 647.003 647.041 647.1601 647.3239 647.4878 647.6413 647.8086 648.0065 648.1511 648.2261 648.408 648.8947 649.8325 651.3478 653.3771 655.5762 657.4265 658.4434 658.2026 656.8951 655.0569 653.2331 651.832 650.9849 650.7445 651.1855 652.488 654.2391 655.9362 656.9048 657.3967 657.689 658.2137 659.0456 659.8879
647.8688 647.7601 647.6265 647.4758 647.3165 647.1564 646.9999 646.8477 646.7026 646.5654 646.4373 646.3196 646.2152 646.1279 646.0616 646.0189 645.9993 646.0007 646.0205 646.0576 646.1131 646.1855 646.2726 646.3706 646.4758 646.5824 646.6845 646.7758 646.8522 646.9099 646.9475 646.973 647.0001 647.0292 647.0369 647.0352 647.0751 647.2087 647.396 647.5909 647.7861 648.0275 648.3728 648.5397 648.6697 649.0652 649.9631 651.4926 653.5193 655.8508 658.0961 659.823 660.548 659.8242 657.9562 655.6717 653.5873 652.0279 651.0347 650.7107 651.0935 652.2595 653.847 655.4915 -9999 -9999 -9999 659.2509 660.2333 660.8684
647.8928 647.7852 647.6499 647.4951 647.3298 647.1628 647 646.8435 646.6959 646.5574 646.4291 646.3123 646.2094 646.1241 646.0604 646.0204 646.0043 646.0106 646.0378 646.0854 646.1523 646.2356 646.3314 646.4357 646.5439 646.6505 646.7487 646.8326 646.8989 646.9459 646.9754 647 647.0367 647.0726 647.092 647.1052 647.1558 647.306 647.5195 647.7532 647.9964 648.3774 648.9343 649.1836 649.4308 650.179 651.6737 653.7347 655.9897 658.2455 660.1856 661.414 661.4541 660.1963 657.924 655.5054 653.5154 652.108 -9999 -9999 -9999 -9999 -9999 -9999 -9999 -9999 -9999 -9999 -9999 -9999
647.9217 647.8113 647.6728 647.5127 647.3408 647.1672 647 646.8429 646.696 646.5585 646.4308 646.3147 646.2126 646.1289 646.0671 646.0297 646.0172 646.0291 646.0643 646.1219 646.1993 646.2922 646.3949 646.5031 646.6115 646.7152 646.8076 646.8833 646.9384 646.9755 647 647.0293 647.0732 647.1153 647.1545 647.1992 647.2833 647.4611 647.7135 647.9714 648.184 648.6035 649.257 649.9377 650.5177 651.8768 653.8815 656.1319 658.3384 660.2757 661.6634 662.1825 661.621 659.8198 -9999 -9999 -9999 -9999 -9999 -9999 -9999 -9999 -9999 -9999 -9999 -9999 -9999 -9999 -9999 -9999
647.9377 647.8346 647.6952 647.5298 647.3503 647.1699 647 646.8456 646.7029 646.5683 646.4419 646.3264 646.2252 646.1428 646.083 646.0486 646.0403 646.0582 646.1016 646.1688 646.2556 646.356 646.4631 646.5718 646.6775 646.7757 646.861 646.9281 646.972 647 647.0188 647.0635 647.121 647.1677 647.226 647.3168 647.4651 647.6929 648.0125 648.217 648.4666 648.9568 649.7484 650.7443 652.1409 654.0843 656.278 658.4551 660.3845 661.8256 662.5399 662.3961 -9999 -9999 -9999 -9999 -9999 -9999 -9999 -9999 -9999 -9999 -9999 -9999 -9999 -9999 -9999 -9999 -9999 -9999
647.9598 647.8627 647.7213 647.5495 647.3611 647.1722 646.9999 646.8531 646.7178 646.5872 646.462 646.3467 646.2462 646.1654 646.1083 646.0776 646.0747 646.0994 646.1509 646.2269 646.3215 646.4269 646.5353 646.641 646.7402 646.8302 646.9077 646.9678 647 647.0189 647.0462 647.1144 647.1996 647.2609 647.3389 647.4902 647.7465 648.1021 648.6094 648.8337 649.1779 649.8856 651.0339 652.5675 654.4778 656.5674 658.636 660.5071 661.9847 662.8502 662.9377 -9999 -9999 -9999 -9999 -9999 -9999 -9999 -9999 -9999 -9999 -9999 -9999 -9999 -9999 -9999 -9999 -9999 -9999 -9999
647.9996 647.8976 647.7532 647.5758 647.3779 647.1772 646.9996 646.87 646.7443 646.6157 646.49 646.3741 646.2742 646.1954 646.1422 646.1168 646.1202 646.1524 646.2122 646.2958 646.3959 646.5032 646.6096 646.7091 646.7986 646.8768 646.9445 646.9999 647.0217 647.0422 647.0865 647.1806 647.3077 647.4067 647.5195 647.7515 648.192 648.798 649.4477 649.8672 650.5308 651.8002 653.4354 655.2858 657.2137 659.0289 660.6705 662.0478 662.8923 663.177 -9999 -9999 -9999 -9999 -9999 -9999 -9999 -9999 -9999 -9999 -9999 -9999 -9999 -9999 -9999 -9999 -9999 -9999 -9999 -9999
648 647.9198 647.788 647.6133 647.4105 647.1981 647.0037 646.9095 646.7872 646.6534 646.5234 646.4059 646.3071 646.2317 646.1835 646.1646 646.1758 646.2163 646.2838 646.3732 646.476 646.5824 646.6838 646.7747 646.8523 646.9154 646.9651 647.0001 647.0383 647.0793 647.1458 647.2587 647.428 647.5845 647.7552 648.0673 648.8204 649.4475 650.1035 650.9319 652.46 654.3057 656.3214 658.2955 659.9099 661.1182 662.1014 662.8774 663.1276 -9999 -9999 -9999 -9999 -9999 -9999 -9999 -9999 -9999 -9999 -9999 -9999 -9999 -9999 -9999 -9999 -9999 -9999 -9999 -9999 -9999
648.0001 647.95 647.8345 647.6682 647.4711 647.2695 647.0994 646.9973 646.8414 646.6915 646.556 646.4383 646.3424 646.2721 646.2306 646.2197 646.2394 646.2883 646.3624 646.4554 646.5582 646.6608 646.755 646.837 646.9048 646.9567 647 647.0348 647.08 647.1411 647.2258 647.3531 647.5391 647.7449 647.9738 648.2463 648.9955 649.981 650.9625 652.652 654.7118 657.0627 659.2888 661.0985 662.157 662.5792 662.85 662.9417 -9999 -9999 -9999 -9999 -9999 -9999 -9999 -9999 -9999 -9999 -9999 -9999 -9999 -9999 -9999 -9999 -9999 -9999 -9999 -9999 -9999 -9999
648.0334 647.9995 647.8916 647.7326 647.5386 647.3346 647.1501 647.0005 646.8528 646.7109 646.5809 646.4683 646.3782 646.3151 646.2822 646.2803 646.309 646.3653 646.4443 646.5386 646.6384 646.7342 646.8196 646.8933 646.9559 647 647.0442 647.0913 647.1495 647.2307 647.3312 647.4666 647.6359 647.8287 647.9974 648.2861 649.0718 650.326 652.2363 654.6578 657.147 659.6992 661.8608 663.3061 663.7629 663.4246 663.0432 -9999 -9999 -9999 -9999 -9999 -9999 -9999 -9999 -9999 -9999 -9999 -9999 -9999 -9999 -9999 -9999 -9999 -9999 -9999 -9999 -9999 -9999 -9999
648.0492 648.0003 647.9359 647.7958 647.6038 647.3884 647.1794 647.0001 646.8551 646.724 646.6031 646.4977 646.415 646.3606 646.3372 646.3447 646.3817 646.444 646.5258 646.6187 646.7128 646.7994 646.8736 646.9374 646.9998 647.0427 647.0989 647.1678 647.2473 647.3464 647.4684 647.6132 647.787 647.9886 648.191 648.6153 649.6158 651.3171 653.8204 656.681 659.4719 661.9335 663.7315 664.6794 664.8085 664.0848 -9999 -9999 -9999 -9999 -9999 -9999 -9999 -9999 -9999 -9999 -9999 -9999 -9999 -9999 -9999 -9999 -9999 -9999 -9999 -9999 -9999 -9999 -9999 -9999
648.0822 648.0463 647.9988 647.8637 647.6703 647.4401 647.2039 646.9996 646.8649 646.7443 646.6299 646.5301 646.4543 646.4083 646.3943 646.4108 646.4545 646.5208 646.6027 646.6918 646.7788 646.8555 646.9161 646.9601 647.0002 647.0749 647.1639 647.2632 647.3708 647.4884 647.63 647.7903 647.987 648.1991 648.641 649.3762 650.7576 652.993 655.8134 658.7462 661.3951 663.4648 664.7179 665.2767 665.1567 -9999 -9999 -9999 -9999 -9999 -9999 -9999 -9999 -9999 -9999 -9999 -9999 -9999 -9999 -9999 -9999 -9999 -9999 -9999 -9999 -9999 -9999 -9999 -9999 -9999
648.1145 648.0701 648.0008 647.9165 647.7403 647.5039 647.244 647.0062 646.9016 646.7833 646.6664 646.5673 646.4961 646.4578 646.4521 646.476 646.5246 646.5923 646.672 646.7559 646.8358 646.9056 646.9609 646.9999 647.0485 647.1375 647.2546 647.3834 647.5151 647.6522 647.8063 647.9894 648.2041 648.5928 649.2877 650.5067 652.4006 654.9342 657.7542 660.4576 662.7103 664.2501 665.0377 665.2883 -9999 -9999 -9999 -9999 -9999 -9999 -9999 -9999 -9999 -9999 -9999 -9999 -9999 -9999 -9999 -9999 -9999 -9999 -9999 -9999 -9999 -9999 -9999 -9999 -9999 -9999
648.1559 648.1146 648.061 647.9976 647.8279 647.5974 647.3433 647.1222 646.9964 646.8405 646.7086 646.6068 646.5392 646.5076 646.5091 646.5383 646.5895 646.6563 646.7317 646.8088 646.8815 646.9454 646.9998 647.0376 647.1055 647.2198 647.3677 647.5262 647.6758 647.8256 647.9917 648.2017 648.5536 649.2473 650.3834 652.1251 654.3087 656.8559 659.4406 661.7534 663.5555 664.667 665.0619 -9999 -9999 -9999 -9999 -9999 -9999 -9999 -9999 -9999 -9999 -9999 -9999 -9999 -9999 -9999 -9999 -9999 -9999 -9999 -9999 -9999 -9999 -9999 -9999 -9999 -9999 -9999
648.1996 648.1548 648.0912 648.0015 647.8971 647.6935 647.4399 647.1929 647.0001 646.8606 646.74 646.644 646.5818 646.556 646.5631 646.596 646.6475 646.7112 646.7807 646.8502 646.9146 646.9673 647.0001 647.0632 647.1641 647.313 647.4967 647.6841 647.843 647.9936 648.17 648.507 649.1763 650.2642 651.9674 654.0637 656.3293 658.6043 660.7677 662.6639 664.094 664.9326 -9999 -9999 -9999 -9999 -9999 -9999 -9999 -9999 -9999 -9999 -9999 -9999 -9999 -9999 -9999 -9999 -9999 -9999 -9999 -9999 -9999 -9999 -9999 -9999 -9999 -9999 -9999 -9999
648.2455 648.2008 648.1427 648.0735 647.996 647.798 647.5391 647.2595 647.0077 646.8957 646.7806 646.6857 646.6258 646.6034 646.6136 646.6481 646.6984 646.7579 646.8214 646.8839 646.9434 646.9998 647.0336 647.1074 647.233 647.4122 647.6293 647.8465 647.9952 648.1313 648.4218 649.0237 650.0661 651.7153 653.741 655.9689 658.0552 659.907 661.6106 663.122 664.3453 -9999 -9999 -9999 -9999 -9999 -9999 -9999 -9999 -9999 -9999 -9999 -9999 -9999 -9999 -9999 -9999 -9999 -9999 -9999 -9999 -9999 -9999 -9999 -9999 -9999 -9999 -9999 -9999 -9999
648.2891 648.244 648.1843 648.1069 648.0022 647.8805 647.6536 647.3827 647.1382 646.9948 646.8423 646.7356 646.6731 646.6504 646.661 646.6956 646.7441 646.7994 646.8572 646.912 646.9597 647.0001 647.0628 647.1614 647.3091 647.5066 647.7421 647.987 648.1014 648.3295 648.843 649.7976 651.3438 653.262 655.3648 657.3289 659.0063 660.4504 661.7595 663.0016 -9999 -9999 -9999 -9999 -9999 -9999 -9999 -9999 -9999 -9999 -9999 -9999 -9999 -9999 -9999 -9999 -9999 -9999 -9999 -9999 -9999 -9999 -9999 -9999 -9999 -9999 -9999 -9999 -9999 -9999
648.3282 648.2843 648.2279 648.1594 648.0808 647.9946 647.7794 647.5116 647.2399 647.0079 646.8835 646.7887 646.7258 646.6991 646.7072 646.741 646.7888 646.8405 646.8963 646.9504 646.9999 647.0462 647.1218 647.2393 647.4016 647.5991 647.809 648.0032 648.2432 648.6945 649.5347 650.9372 652.7446 654.6424 656.2625 657.5467 658.6753 659.826 661.022 662.207 -9999 -9999 -9999 -9999 -9999 -9999 -9999 -9999 -9999 -9999 -9999 -9999 -9999 -9999 -9999 -9999 -9999 -9999 -9999 -9999 -9999 -9999 -9999 -9999 -9999 -9999 -9999 -9999 -9999 -9999
648.3606 648.3187 648.2647 648.1978 648.1138 648.0025 647.8739 647.6477 647.3912 647.1589 646.9997 646.8796 646.7969 646.7545 646.7555 646.7889 646.8389 646.8854 646.9429 646.9999 647.0533 647.1173 647.2134 647.3538 647.5375 647.7527 647.9822 648.2119 648.6327 649.3893 650.6377 652.3095 654.1796 655.6788 656.5049 656.8682 657.4659 658.4703 659.7596 -9999 -9999 -9999 -9999 -9999 -9999 -9999 -9999 -9999 -9999 -9999 -9999 -9999 -9999 -9999 -9999 -9999 -9999 -9999 -9999 -9999 -9999 -9999 -9999 -9999 -9999 -9999 -9999 -9999 -9999 -9999
648.3854 648.3466 648.2966 648.2363 648.1642 648.0819 647.9946 647.7883 647.5576 647.3359 647.1509 647.0001 646.8875 646.8185 646.8103 646.8452 646.9045 646.9374 646.9998 647.0601 647.1284 647.2167 647.3411 647.5123 647.728 647.9775 648.2451 648.6747 649.4122 650.5815 652.129 653.9897 655.7675 656.9066 656.9006 656.152 656.3242 657.047 -9999 -9999 -9999 -9999 -9999 -9999 -9999 -9999 -9999 -9999 -9999 -9999 -9999 -9999 -9999 -9999 -9999 -9999 -9999 -9999 -9999 -9999 -9999 -9999 -9999 -9999 -9999 -9999 -9999 -9999 -9999 -9999
648.4032 648.368 648.3232 648.2692 648.2021 648.1157 648.0023 647.8809 647.7094 647.5132 647.3195 647.1437 646.9993 646.8953 646.8813 646.9147 646.9984 647.0013 647.0684 647.1437 647.2332 647.3506 647.5093 647.7189 647.9757 648.2736 648.755 649.5522 650.7671 652.2914 654.0836 655.9548 657.5798 658.4838 658.0781 656.8986 656.1005 -9999 -9999 -9999 -9999 -9999 -9999 -9999 -9999 -9999 -9999 -9999 -9999 -9999 -9999 -9999 -9999 -9999 -9999 -9999 -9999 -9999 -9999 -9999 -9999 -9999 -9999 -9999 -9999 -9999 -9999 -9999 -9999 -9999
648.4158 648.3845 648.3461 648.3012 648.2456 648.1742 648.0883 647.9992 647.8636 647.6918 647.5005 647.3102 647.1393 647.0056 646.9987 647.0043 647.0913 647.1369 647.1969 647.2711 647.3746 647.5217 647.7199 647.9738 648.2806 648.7942 649.6669 651.0248 652.684 654.5403 656.3932 658.097 659.4183 660.0316 659.4312 658.0643 -9999 -9999 -9999 -9999 -9999 -9999 -9999 -9999 -9999 -9999 -9999 -9999 -9999 -9999 -9999 -9999 -9999 -9999 -9999 -9999 -9999 -9999 -9999 -9999 -9999 -9999 -9999 -9999 -9999 -9999 -9999 -9999 -9999 -9999
648.4262 648.3984 648.3662 648.3313 648.2888 648.2331 648.1664 648.0946 647.9993 647.8614 647.6901 647.5111 647.3571 647.2527 647.2316 647.2437 647.2971 647.3381 647.3786 647.4379 647.5499 647.7294 647.9728 648.2731 648.7894 649.6788 651.1138 652.9913 655.0411 657.0255 658.755 660.1506 660.9388 661.0424 660.3667 -9999 -9999 -9999 -9999 -9999 -9999 -9999 -9999 -9999 -9999 -9999 -9999 -9999 -9999 -9999 -9999 -9999 -9999 -9999 -9999 -9999 -9999 -9999 -9999 -9999 -9999 -9999 -9999 -9999 -9999 -9999 -9999 -9999 -9999 -9999
648.4373 648.4112 648.3835 648.3566 648.3234 648.2764 648.2173 648.1545 648.0863 647.999 647.8669 647.7175 647.6009 647.5337 647.5206 647.5358 647.5659 647.585 647.5956 647.6292 647.7529 647.9764 648.2716 648.7828 649.6661 651.0763 652.9688 655.2577 657.4426 659.2812 660.6628 661.7634 662.0315 -9999 -9999 -9999 -9999 -9999 -9999 -9999 -9999 -9999 -9999 -9999 -9999 -9999 -9999 -9999 -9999 -9999 -9999 -9999 -9999 -9999 -9999 -9999 -9999 -9999 -9999 -9999 -9999 -9999 -9999 -9999 -9999 -9999 -9999 -9999 -9999 -9999
