backend/lakes/data/Nipisi Lake/nipi_dem_tm.asc
ncols         203
nrows         161
xllcorner     496200
yllcorner     6174700
cellsize      50
NODATA_value  -9999
[rows 93 to 123 of 161, columns 0 to 69 of 203]
-9999 -9999 -9999 -9999 -9999 -9999 -9999 -9999 -9999 -9999 -9999 -9999 -9999 -9999 -9999 -9999 -9999 -9999 -9999 -9999 -9999 -9999 -9999 -9999 -9999 -9999 -9999 -9999 -9999 -9999 -9999 -9999 -9999 -9999 -9999 -9999 -9999 -9999 -9999 -9999 -9999 -9999 -9999 -9999 -9999 -9999 655.4115 655.3051 655.0064 654.1763 653.0253 651.7634 650.5874 649.9504 649.6199 649.4103 649.2115 648.9937 648.7158 648.4778 648.2997 648.1782 648.1029 648.0623 648.0441 648.035 648.0233 647.9999 647.9287 647.8334
-9999 -9999 -9999 -9999 -9999 -9999 -9999 -9999 -9999 -9999 -9999 -9999 -9999 -9999 -9999 -9999 -9999 -9999 -9999 -9999 -9999 -9999 -9999 -9999 -9999 -9999 -9999 -9999 -9999 -9999 -9999 -9999 -9999 -9999 -9999 -9999 -9999 -9999 -9999 -9999 -9999 -9999 -9999 -9999 -9999 -9999 656.1144 655.8842 655.454 654.2535 652.6478 651.0883 650.087 649.5398 649.2792 649.1613 649.0887 648.9986 648.8066 648.6075 648.4373 648.3052 648.2091 648.1431 648.0986 648.0669 648.0381 648 647.9328 647.8413
-9999 -9999 -9999 -9999 -9999 -9999 -9999 -9999 -9999 -9999 -9999 -9999 -9999 -9999 -9999 -9999 -9999 -9999 -9999 -9999 -9999 -9999 -9999 -9999 -9999 -9999 -9999 -9999 -9999 -9999 -9999 -9999 -9999 -9999 -9999 -9999 -9999 -9999 -9999 -9999 -9999 -9999 -9999 -9999 -9999 656.8387 656.0463 655.6592 654.912 653.6023 651.9666 650.6136 649.7594 649.3041 649.1044 649.0414 649.0291 648.9997 648.8691 648.705 648.545 648.4069 648.296 648.2103 648.1448 648.0933 648.0481 648 647.9366 647.8508
-9999 -9999 -9999 -9999 -9999 -9999 -9999 -9999 -9999 -9999 -9999 -9999 -9999 -9999 -9999 -9999 -9999 -9999 -9999 -9999 -9999 -9999 -9999 -9999 -9999 -9999 -9999 -9999 -9999 -9999 -9999 -9999 -9999 -9999 -9999 -9999 -9999 655.9908 656.5469 657.3826 658.5544 659.6257 659.6588 658.8466 657.4423 656.0349 655.1269 654.6304 653.8489 652.5602 651.0541 650.0874 649.4943 649.1788 649.0446 649.0101 649.0124 648.9999 648.9102 648.7731 648.6221 648.4809 648.36 648.2609 648.1803 648.1134 648.0548 648 647.945 647.8663
-9999 -9999 -9999 -9999 -9999 -9999 -9999 -9999 -9999 -9999 -9999 -9999 -9999 -9999 -9999 -9999 -9999 -9999 -9999 -9999 -9999 -9999 -9999 -9999 -9999 -9999 -9999 -9999 -9999 -9999 -9999 -9999 -9999 -9999 -9999 654.1935 655.2993 656.3762 657.0414 657.8136 658.6448 659.0956 658.7829 657.6247 656.1226 654.8182 654.1078 653.5944 652.7836 651.5532 650.375 649.7219 649.3549 649.1638 649.0775 649.0458 649.0305 649.0001 648.9454 648.8234 648.6749 648.5303 648.4028 648.2956 648.2063 648.1302 648.0626 648.0002 647.9629 647.89
-9999 -9999 -9999 -9999 -9999 -9999 -9999 -9999 -9999 -9999 -9999 -9999 -9999 -9999 -9999 -9999 -9999 -9999 -9999 -9999 -9999 -9999 -9999 -9999 -9999 -9999 -9999 -9999 -9999 -9999 -9999 -9999 -9999 -9999 652.8186 653.4625 654.4894 655.5366 656.2473 656.7792 657.2554 657.4182 656.9155 655.8033 654.5775 653.6877 653.1358 652.7028 651.9185 650.8018 650.0216 649.5835 649.3644 649.2478 649.177 649.1283 649.0883 649.0486 648.9991 648.8644 648.709 648.5596 648.4281 648.3174 648.2253 648.1486 648.0848 648.0348 647.9998 647.9188
-9999 -9999 -9999 -9999 -9999 -9999 -9999 -9999 -9999 -9999 -9999 -9999 -9999 -9999 -9999 -9999 -9999 -9999 -9999 -9999 -9999 -9999 -9999 -9999 -9999 -9999 -9999 -9999 -9999 -9999 -9999 -9999 651.9828 652.0437 652.3265 652.722 653.28 653.9179 654.3458 654.6605 654.9404 655.0283 654.6437 653.8322 653.0788 652.5553 652.1922 651.8108 651.2788 650.4931 649.8821 649.5798 649.4519 649.3643 649.2823 649.2061 649.1357 649.0713 649 648.8733 648.722 648.5726 648.4399 648.3284 648.2367 648.1611 648.0991 648.0483 648.0001 647.9296
-9999 -9999 -9999 -9999 -9999 -9999 -9999 -9999 -9999 -9999 -9999 -9999 -9999 -9999 -9999 -9999 -9999 -9999 -9999 -9999 -9999 -9999 -9999 -9999 -9999 -9999 -9999 -9999 -9999 -9999 -9999 -9999 651.6884 651.7037 651.8419 651.9127 651.9857 652.0594 652.1521 652.2991 652.5269 652.7357 652.6565 652.1084 651.6662 651.4049 651.1844 650.7371 650.2749 649.7917 649.6833 649.5822 649.4735 649.3776 649.2905 649.2133 649.1447 649.0792 648.9999 648.8746 648.7259 648.5773 648.4442 648.3325 648.2413 648.1667 648.1049 648.0518 648 647.9373
-9999 -9999 -9999 -9999 -9999 -9999 -9999 -9999 -9999 -9999 -9999 -9999 -9999 -9999 -9999 -9999 -9999 -9999 -9999 -9999 -9999 -9999 -9999 -9999 -9999 -9999 -9999 -9999 652.6959 652.2811 651.9792 651.6234 651.3829 651.2733 651.1191 651.0125 650.8231 650.5263 650.4631 650.5552 650.9009 651.4556 651.8871 651.2854 650.5246 650.207 650.1259 650.0085 649.9241 650.0452 649.9706 649.7516 649.5432 649.3838 649.2688 649.1876 649.1278 649.073 648.9999 648.8758 648.7278 648.5792 648.4452 648.3326 648.2415 648.1674 648.1053 648.0509 648 647.9474
-9999 -9999 -9999 -9999 -9999 -9999 -9999 -9999 -9999 -9999 -9999 -9999 -9999 -9999 -9999 -9999 -9999 -9999 -9999 -9999 -9999 -9999 653.5933 653.6348 653.8556 654.1537 654.1829 653.7932 653.1668 652.4502 651.9169 651.3873 651.0406 650.9365 650.6604 650.3811 650.0438 649.7357 649.6559 649.6713 649.9139 650.5494 651.2123 650.8428 650.1761 650.004 650.38 650.5712 650.849 651.1252 650.6854 650.0981 649.6869 649.418 649.2511 649.1552 649.1013 649.0602 648.9998 648.8787 648.7311 648.5812 648.4453 648.3311 648.2393 648.166 648.1051 648.051 648.0001 647.9656
-9999 -9999 -9999 -9999 -9999 -9999 -9999 -9999 -9999 -9999 -9999 -9999 -9999 -9999 -9999 -9999 -9999 -9999 -9999 654.8756 654.3952 654.0995 653.9702 653.9205 654.2995 654.9342 655.2153 654.7377 653.6292 652.4206 651.6018 651.0323 650.7144 650.5328 650.2821 650.0037 649.6808 649.3782 649.2994 649.2979 649.3699 649.8204 650.3904 650.4546 650.0089 650.2225 650.8329 651.34 651.8349 651.9788 651.3903 650.47 649.8788 649.4879 649.2548 649.1335 649.079 649.0479 648.9998 648.8839 648.7371 648.5847 648.4452 648.3282 648.2358 648.1644 648.1084 648.0634 648.0277 647.9998
-9999 -9999 -9999 -9999 -9999 -9999 -9999 -9999 -9999 -9999 -9999 -9999 -9999 -9999 -9999 -9999 -9999 655.585 655.8992 655.8224 655.3313 654.7632 654.2384 654.1047 654.903 655.7764 655.7325 655.1304 653.7466 652.2678 651.2067 650.6816 650.4156 650.2216 650.0018 649.7941 649.5482 649.2826 649.1415 649.188 649.2063 649.4771 649.8602 649.8199 650.0498 650.5214 651.1652 651.9019 652.5546 652.7917 652.1759 651.1169 650.1864 649.6091 649.2901 649.1367 649.0752 649.0447 648.9996 648.8944 648.7484 648.5907 648.4449 648.3237 648.2301 648.1607 648.1093 648.0696 648.036 648
-9999 -9999 -9999 -9999 -9999 -9999 -9999 -9999 -9999 -9999 -9999 -9999 -9999 -9999 -9999 -9999 655.2617 655.8494 655.9944 655.8663 655.441 654.8804 654.1101 654.0736 654.7659 655.3773 655.0652 654.2122 652.8517 651.5194 650.6711 650.3218 650.1697 649.9923 649.7792 649.6353 649.4978 649.3038 649.1235 649.1033 649.1953 649.4218 649.5811 649.8816 650.3406 650.9427 651.5801 652.2224 652.9271 653.1415 652.7441 651.6545 650.4179 649.7246 649.3491 649.1743 649.1084 649.069 649.001 648.921 648.769 648.598 648.4421 648.3157 648.221 648.1537 648.1066 648.0711 648.0386 648.0001
-9999 -9999 -9999 -9999 -9999 -9999 -9999 -9999 -9999 -9999 -9999 -9999 -9999 -9999 -9999 -9999 654.9918 655.1711 655.1865 654.9875 654.5067 653.7535 653.0631 653.0969 653.5527 653.8384 653.4716 652.572 651.499 650.5189 650.0532 649.9941 649.9872 649.7817 649.5587 649.4404 649.41 649.335 649.1801 649.0638 649.0785 649.1936 649.3577 649.6945 650.2551 651.1843 651.9421 652.5219 653.0034 653.1581 652.9017 651.8871 650.6487 649.8726 649.4504 649.2623 649.2039 649.1722 649.1088 648.9966 648.7964 648.599 648.4312 648.3008 648.207 648.1436 648.1022 648.0739 648.0513 648.0287
-9999 -9999 -9999 -9999 -9999 -9999 -9999 -9999 -9999 -9999 -9999 -9999 -9999 -9999 -9999 654.6871 654.3011 653.9371 653.5795 653.1757 652.6696 651.9731 651.3923 651.4808 651.8185 651.9165 651.5905 651.2137 650.6211 650.0767 649.8368 649.8375 649.824 649.6367 649.4099 649.2745 649.2865 649.327 649.2644 649.1329 649.0653 649.1333 649.3464 649.7722 650.4603 651.5419 652.2308 652.7014 652.9868 653.0046 652.866 651.9612 650.8176 650.0417 649.5999 649.3993 649.3512 649.3109 649.2114 649.0027 648.7803 648.5736 648.4038 648.2762 648.1877 648.1309 648.0962 648.0743 648.057 648.0361
-9999 -9999 -9999 -9999 -9999 -9999 -9999 -9999 -9999 -9999 -9999 -9999 -9999 -9999 -9999 654.1421 653.3353 652.4953 651.8732 651.3577 650.9491 650.5769 650.3199 650.433 650.71 650.8752 650.8574 650.7262 650.4026 650.1367 650.0638 650.1008 650.0077 649.7342 649.4617 649.2901 649.2723 649.3527 649.3888 649.3127 649.2292 649.276 649.5538 650.1107 650.9608 651.8369 652.447 652.8329 653.0233 653.0004 652.7683 652.0692 651.1721 650.3579 649.8444 649.5805 649.5339 649.449 649.2659 649.0006 648.7449 648.5292 648.3632 648.2445 648.166 648.1182 648.0912 648.0751 648.0609 648.0391
-9999 -9999 -9999 -9999 -9999 -9999 -9999 -9999 -9999 -9999 -9999 -9999 -9999 -9999 -9999 653.0978 652.111 651.2726 650.6936 650.2252 650.0284 649.86 649.8248 650.0448 650.393 650.7113 651.0245 651.1327 650.9188 650.792 650.9116 651.0063 650.6606 650.173 649.8132 649.615 649.5656 649.6119 649.6633 649.6631 649.619 649.6633 649.9548 650.5909 651.5407 652.1948 652.6537 652.9451 653.0785 653.0439 652.8237 652.3552 651.7694 651.0386 650.2319 649.7729 649.7115 649.6113 649.3472 648.9992 648.6995 648.4751 648.3175 648.2124 648.1472 648.1104 648.0917 648.0818 648.0726 648.0575
-9999 -9999 -9999 -9999 -9999 -9999 -9999 -9999 -9999 -9999 -9999 -9999 -9999 -9999 -9999 652.004 651.1429 650.581 650.256 650.0682 649.9999 649.8983 649.9956 650.3873 650.9113 651.4081 652.077 652.4437 652.3115 652.0125 651.9 651.8219 651.5885 651.0351 650.5497 650.3613 650.3132 650.319 650.3383 650.3416 650.3384 650.3941 650.684 651.4211 652.041 652.5027 652.8163 653.017 653.109 653.07 652.8696 652.4813 651.9463 651.2866 650.6183 649.9344 650.0457 649.928 649.5129 649.008 648.6545 648.4249 648.2797 648.1904 648.139 648.1129 648.1019 648.0972 648.0909 648.077
-9999 -9999 -9999 -9999 -9999 -9999 -9999 -9999 -9999 -9999 -9999 -9999 -9999 -9999 -9999 651.1334 650.6157 650.3947 650.4232 650.5799 650.7281 650.6505 650.853 651.4722 652.2949 653.1598 653.9151 654.2364 653.859 653.1664 652.6813 652.4262 652.2244 651.95 651.7424 651.6505 651.6271 651.6242 651.6269 651.6271 651.6232 651.6524 651.7979 652.1281 652.4717 652.7648 652.9286 653.0397 -9999 -9999 652.8707 652.4876 651.9257 651.2368 650.554 650.0786 650.6793 650.4559 649.7778 649.0464 648.634 648.4011 648.2672 648.1906 648.1495 648.1309 648.1249 648.1232 648.1187 648.1062
-9999 -9999 -9999 -9999 -9999 -9999 -9999 -9999 -9999 -9999 -9999 -9999 -9999 -9999 -9999 650.7723 650.5723 650.6541 651.0417 651.5444 651.9506 652.1918 652.5152 653.1696 654.0898 654.8657 655.31 655.422 654.9315 653.9491 653.1548 652.8033 652.6445 652.5547 652.5158 652.4469 652.4097 652.4 652.3986 652.3967 652.4012 652.4332 652.5259 652.6479 652.8013 652.99 653.0007 653.0231 -9999 -9999 652.8572 652.467 651.8712 651.1858 650.621 650.4909 651.6058 651.0151 650.0389 649.1126 648.6661 648.4297 648.2971 648.2227 648.1837 648.1667 648.1617 648.1602 648.1553 648.1414
-9999 -9999 -9999 -9999 -9999 -9999 -9999 -9999 -9999 -9999 -9999 -9999 -9999 -9999 -9999 -9999 651.0427 651.2933 651.9772 652.7285 653.2669 653.6602 654.0344 654.5977 655.3954 655.8384 655.9292 655.8349 655.0737 654.1308 653.4142 653.0115 652.8819 652.8889 652.9735 652.8723 652.804 652.7891 652.7993 652.804 652.8141 652.8644 652.9776 653.0013 653.0276 653.1456 653.0911 -9999 653.0052 653.0024 652.8546 652.4622 651.8287 651.1475 650.7159 650.7557 651.1218 650.9329 650.0971 649.1976 648.7762 648.5245 648.3735 648.2866 648.2402 648.2188 648.2106 648.2067 648.1995 648.1837
-9999 -9999 -9999 -9999 -9999 -9999 -9999 -9999 -9999 -9999 -9999 -9999 -9999 -9999 -9999 -9999 -9999 652.3187 652.9974 653.6965 654.1315 654.5011 654.8844 655.1995 655.6213 655.9058 655.61 655.2229 654.6427 653.9911 -9999 -9999 653.0012 653.0044 653.0818 653.0029 652.9355 652.925 652.9547 652.9631 652.9615 653.0004 653.1434 653.2837 653.4025 653.473 653.2804 653.0032 652.9668 652.9756 652.8475 652.4435 651.7359 650.9957 650.6591 651.0884 651.9938 651.0748 650.198 649.4249 648.9732 648.6613 648.4749 648.368 648.3096 648.2803 648.2666 648.2585 648.2483 648.2299
-9999 -9999 -9999 -9999 -9999 -9999 -9999 -9999 -9999 -9999 -9999 -9999 -9999 -9999 -9999 -9999 -9999 -9999 653.8279 654.1826 654.4511 654.6721 654.8593 654.9929 655.0831 655.1382 654.9489 -9999 -9999 -9999 -9999 -9999 -9999 -9999 653.2538 653.153 653.0034 652.9594 652.9999 652.9985 652.9747 653.0021 -9999 -9999 -9999 654.0087 653.6566 653.1273 652.9757 652.9199 652.7426 652.268 651.4981 650.5992 650.1033 650.3795 651.0421 650.6862 650.065 649.4556 649.0108 648.7334 648.5552 648.4442 648.3787 648.3425 648.3234 648.311 648.2976 648.277
-9999 -9999 -9999 -9999 -9999 -9999 -9999 -9999 -9999 -9999 -9999 -9999 -9999 -9999 -9999 -9999 -9999 -9999 -9999 -9999 -9999 654.455 654.4579 654.4818 -9999 -9999 -9999 -9999 -9999 -9999 -9999 -9999 -9999 -9999 -9999 -9999 -9999 -9999 -9999 -9999 -9999 -9999 -9999 653.794 654.3093 654.7418 654.252 653.5881 653.044 652.7444 652.332 651.3682 651.0868 650.2438 649.8883 649.9973 650.2905 650.1548 649.7764 649.3531 649.0069 648.7757 648.6146 648.5065 648.4381 648.3978 648.3746 648.359 648.3432 648.3214
-9999 -9999 -9999 -9999 -9999 -9999 -9999 -9999 -9999 -9999 -9999 -9999 -9999 -9999 -9999 -9999 -9999 -9999 -9999 -9999 -9999 -9999 -9999 -9999 -9999 -9999 -9999 -9999 -9999 -9999 -9999 -9999 -9999 -9999 -9999 -9999 -9999 -9999 -9999 -9999 652.9043 652.9127 653.1804 654.056 654.855 655.1167 654.713 653.8281 652.9224 652.3005 651.709 651.1816 650.7991 650.2073 649.8472 649.7692 649.813 649.7061 649.4658 649.1981 648.9942 648.798 648.6526 648.5508 648.4829 648.4407 648.4155 648.3985 648.3817 648.3598
-9999 -9999 -9999 -9999 -9999 -9999 -9999 -9999 -9999 -9999 -9999 -9999 -9999 -9999 -9999 -9999 -9999 -9999 -9999 -9999 -9999 -9999 -9999 -9999 -9999 -9999 -9999 -9999 -9999 -9999 -9999 -9999 -9999 -9999 -9999 -9999 -9999 -9999 653.1835 653.0012 652.844 652.8286 653.1652 654.1385 654.8513 654.8765 654.1906 653.2367 652.1322 651.2225 651.0567 651.0176 650.6639 650.192 649.816 649.6073 649.503 649.3711 649.1893 649.0043 648.8873 648.7675 648.6611 648.5754 648.5121 648.4701 648.4443 648.4272 648.4113 648.3906
-9999 -9999 -9999 -9999 -9999 -9999 -9999 -9999 -9999 -9999 -9999 -9999 -9999 -9999 -9999 -9999 -9999 -9999 -9999 -9999 -9999 -9999 -9999 -9999 -9999 -9999 -9999 -9999 -9999 -9999 -9999 -9999 -9999 -9999 -9999 -9999 654.0099 653.5841 653.2708 653.0018 652.7117 652.581 652.8519 653.6075 654.3098 654.0349 653.1364 652.0909 651.0275 650.5282 650.4728 650.5242 650.3922 650.0673 649.7086 649.4413 649.2809 649.1407 649.0014 648.8921 648.8165 648.7414 648.6644 648.592 648.5317 648.4886 648.462 648.4454 648.4313 648.4128
-9999 -9999 -9999 -9999 -9999 -9999 -9999 -9999 -9999 -9999 -9999 -9999 -9999 -9999 -9999 -9999 -9999 -9999 -9999 -9999 -9999 -9999 -9999 -9999 -9999 -9999 -9999 -9999 -9999 -9999 -9999 -9999 -9999 -9999 -9999 655.196 654.3144 653.703 653.2509 652.8836 652.3788 652.015 652.069 652.5684 653.1151 653.053 652.4868 651.4939 650.5886 650.1267 650.0132 650.0338 649.9926 649.8256 649.5059 649.2378 649.1107 649.0006 648.9144 648.8477 648.7971 648.7451 648.6815 648.6128 648.55 648.5027 648.4731 648.4561 648.4435 648.4277
-9999 -9999 -9999 -9999 -9999 -9999 -9999 -9999 -9999 -9999 -9999 -9999 -9999 -9999 -9999 -9999 -9999 -9999 -9999 -9999 -9999 -9999 -9999 -9999 -9999 -9999 -9999 -9999 -9999 -9999 -9999 -9999 -9999 -9999 656.6436 655.9548 654.739 653.7155 652.9636 652.3464 651.734 651.179 651.0567 651.3461 651.8317 652.2234 651.7472 650.9493 650.2191 649.7874 649.6201 649.5903 649.5598 649.4585 649.2265 649.0103 648.9988 648.9442 648.8992 648.8597 648.8262 648.7868 648.7222 648.6456 648.5737 648.5181 648.4829 648.4636 648.4513 648.4375
-9999 -9999 -9999 -9999 -9999 -9999 -9999 -9999 -9999 -9999 -9999 -9999 -9999 -9999 -9999 -9999 -9999 -9999 -9999 -9999 -9999 -9999 -9999 -9999 -9999 -9999 -9999 -9999 -9999 -9999 -9999 -9999 -9999 656.89 657.0117 656.2995 654.842 653.4118 652.3696 651.5496 650.8159 650.2404 650.1362 650.4622 650.913 651.2047 650.9404 650.3854 649.8279 649.4446 649.2712 649.2219 649.1662 649.0297 648.9988 648.9305 648.9348 648.931 648.9311 648.9139 648.8961 648.8701 648.7898 648.6942 648.6075 648.5413 648.4984 648.474 648.4596 648.4461
-9999 -9999 -9999 -9999 -9999 -9999 -9999 -9999 -9999 -9999 -9999 -9999 -9999 -9999 -9999 -9999 -9999 -9999 -9999 -9999 -9999 -9999 -9999 -9999 -9999 -9999 -9999 -9999 -9999 -9999 -9999 -9999 656.9673 657.1149 656.8257 655.8348 654.3215 652.7854 651.5449 650.5697 650.024 649.7097 649.6849 649.933 650.2756 650.4687 650.3149 649.9291 649.4969 649.152 649.0021 648.9988 648.9979 648.9332 648.9457 648.9352 648.944 648.9587 648.9996 649.0001 649.0009 648.9975 648.8837 648.7598 648.6559 648.5786 648.5264 648.494 648.474 648.4576
