backend/lakes/data/Nipisi Lake/nipi_dem_tm.asc
ncols         203
nrows         161
xllcorner     496200
yllcorner     6174700
cellsize      50
NODATA_value  -9999
[rows 62 to 92 of 161, columns 70 to 139 of 203]
651.3508 651.2345 650.6432 650.1597 649.7551 649.3369 648.8448 648.3914 648.007 647.7166 647.4907 647.3125 647.1704 647.0571 646.9722 646.917 646.8885 646.8822 646.8938 646.9196 646.9534 646.9844 647 646.9884 646.9547 646.9055 646.8447 646.7736 646.6922 646.6005 646.4998 646.3918 646.2802 646.1693 646.0692 646 645.9313 645.8322 645.7177 645.5948 645.4692 645.348 645.2374 645.1429 645.0677 645 644.9331 644.8651 644.7952 644.7231 644.6503 644.5792 644.5124 644.4507 644.3917 644.3317 644.2677 644.1999 644.1305 644.0627 644.0002 643.9597 643.8734 643.748 643.5962 643.4342 643.2819 643.1583 643.0709 642.9997
650.48 650.5456 650.2324 649.7589 649.2693 648.7898 648.3562 647.9962 647.6962 647.4591 647.2744 647.1334 647.0282 646.9534 646.9069 646.8862 646.8862 646.9004 646.9237 646.9525 646.9813 647 646.9935 646.9634 646.9148 646.8534 646.7826 646.7039 646.6174 646.5235 646.4236 646.3198 646.2141 646.1072 646.001 645.9345 645.8561 645.7545 645.6373 645.5118 645.3849 645.264 645.1552 645.0634 644.9999 644.9397 644.8785 644.8143 644.7468 644.677 644.6071 644.54 644.4786 644.4229 644.3692 644.3135 644.2529 644.1879 644.121 644.0565 643.9999 643.9466 643.8545 643.7199 643.5548 643.377 643.2089 643.076 642.9995 642.9301
649.6968 649.7654 649.6935 649.3693 648.9026 648.4105 648.0039 647.6865 647.4373 647.243 647.0961 646.9901 646.9191 646.878 646.8636 646.871 646.8933 646.9224 646.9525 646.9795 646.9982 647 646.9731 646.9259 646.8634 646.7906 646.7106 646.6249 646.5338 646.4386 646.3416 646.2459 646.1543 646.0709 645.9989 645.8938 645.7874 645.6733 645.5514 645.4255 645.3019 645.1877 645.0878 645.0005 644.9493 644.8966 644.8399 644.7787 644.713 644.6454 644.5789 644.5167 644.4611 644.4111 644.363 644.3118 644.2545 644.192 644.1269 644.062 644.0002 643.9569 643.8589 643.7144 643.5365 643.3427 643.155 643.0008 642.9263 642.8802
649.0312 649.1316 649.127 648.8408 648.4478 648.0305 647.704 647.4437 647.2382 647.0809 646.9669 646.8912 646.8489 646.835 646.8445 646.8718 646.9084 646.9456 646.9762 646.996 647 646.9807 646.9379 646.8765 646.802 646.7192 646.6309 646.5387 646.4435 646.347 646.2528 646.1642 646.0801 646.0001 645.9226 645.8194 645.7056 645.5854 645.4615 645.3381 645.222 645.1223 645.0496 644.9997 644.9348 644.876 644.8188 644.7588 644.6949 644.6295 644.567 644.5103 644.4608 644.417 644.3745 644.3278 644.274 644.2144 644.1526 644.0935 644.0419 643.9993 643.8875 643.7366 643.5524 643.3513 643.1575 643.0004 642.922 642.8947
648.5148 648.6254 648.6281 648.3596 648.0181 647.7186 647.4661 647.2588 647.0945 646.9713 646.8868 646.8372 646.8176 646.823 646.8483 646.8869 646.93 646.9679 646.9927 647 646.9847 646.9477 646.8907 646.8175 646.7329 646.6416 646.5464 646.4489 646.3503 646.2527 646.1605 646.0791 646 645.9203 645.8345 645.731 645.6154 645.4938 645.3711 645.2527 645.1448 645.0552 645 644.9623 644.9141 644.8632 644.8104 644.7534 644.6919 644.6296 644.5715 644.5208 644.4781 644.441 644.4042 644.3619 644.3114 644.2542 644.1941 644.134 644.0724 644.0006 643.9188 643.7855 643.608 643.4103 643.2235 643.0781 643.0007 642.9982
648.1367 648.2594 648.2246 648.0082 647.7544 647.5144 647.308 647.1388 647.007 646.9119 646.8514 646.8219 646.8185 646.8363 646.8699 646.9124 646.9548 646.9871 647 646.9894 646.957 646.905 646.8356 646.7524 646.6594 646.5613 646.4609 646.3604 646.2607 646.1633 646.0717 645.9999 645.9249 645.8429 645.7505 645.644 645.5268 645.4049 645.2856 645.1761 645.0807 645.0003 644.9631 644.9346 644.9005 644.8606 644.8147 644.7616 644.7035 644.6451 644.5924 644.5483 644.5131 644.4832 644.4525 644.4147 644.3669 644.3118 644.2539 644.1962 644.1375 644.0734 643.9996 643.877 643.7069 643.5159 643.345 643.2216 643.1656 643.1837
647.9576 648.0579 648.0001 647.8198 647.6049 647.3979 647.2182 647.0735 646.9647 646.8904 646.8478 646.8331 646.8408 646.8655 646.9016 646.9421 646.9783 647 646.9954 646.968 646.9205 646.8555 646.7754 646.6836 646.5841 646.481 646.3781 646.278 646.1826 646.0916 646.0007 645.9379 645.8638 645.7773 645.6786 645.5677 645.4478 645.3252 645.2097 645.1128 645.0444 644.9998 644.9554 644.927 644.9022 644.8724 644.8341 644.7845 644.7296 644.6761 644.6296 644.593 644.5655 644.5432 644.5193 644.4863 644.4404 644.387 644.3322 644.2789 644.2263 644.1703 644.1019 643.9988 643.8409 643.6574 643.5117 643.4183 643.3901 643.4429
647.9438 647.9997 647.8949 647.7137 647.5134 647.3265 647.1677 647.0425 646.9517 646.8934 646.8646 646.8604 646.8748 646.902 646.936 646.9698 646.9944 647 646.9791 646.9373 646.877 646.801 646.7122 646.6136 646.5093 646.4032 646.2997 646.2031 646.1193 646.0536 645.9995 645.9129 645.8234 645.7275 645.6226 645.5073 645.3844 645.2596 645.1436 645.0515 644.9999 644.9669 644.9409 644.9271 644.9183 644.9004 644.8706 644.8226 644.7706 644.7233 644.6846 644.6559 644.6364 644.6219 644.6053 644.5773 644.5317 644.479 644.4277 644.3802 644.3344 644.2841 644.2195 644.1263 643.996 643.8225 643.7227 643.6697 643.6642 643.7454
647.9998 647.9573 647.8177 647.6349 647.4469 647.2764 647.1348 647.0264 646.9514 646.9072 646.8897 646.8934 646.9119 646.9385 646.9673 646.9908 647 646.986 646.9508 646.8973 646.8273 646.743 646.6475 646.5441 646.4368 646.3295 646.2266 646.1328 646.0543 646 645.9494 645.8741 645.7866 645.6896 645.583 645.467 645.3435 645.2172 645.0974 645.0002 644.9576 644.9398 644.9325 644.937 644.9506 644.9445 644.9265 644.8749 644.8269 644.7887 644.7601 644.7404 644.7283 644.7211 644.7125 644.6901 644.6399 644.5863 644.5399 644.5007 644.4636 644.4207 644.3617 644.2743 644.1526 644.0128 643.998 644.0023 644.0051 644.0667
647.9902 647.8903 647.733 647.5547 647.3824 647.2314 647.1088 647.017 646.9559 646.9233 646.9147 646.9241 646.9445 646.9685 646.9896 647 646.9895 646.9593 646.9118 646.849 646.7717 646.6819 646.5823 646.4765 646.3686 646.2628 646.1633 646.0746 646.0003 645.9554 645.9052 645.8378 645.7566 645.6641 645.5615 645.4501 645.3314 645.2097 645.094 645.0001 644.9545 644.9453 644.9468 644.9603 644.9998 645.0001 644.9995 644.9361 644.8997 644.8773 644.8622 644.8521 644.8464 644.8447 644.8438 644.8292 644.7618 644.7069 644.6697 644.6425 644.6178 644.588 644.5448 644.4819 644.4039 644.3428 644.3755 644.4622 644.5022 644.6049
647.9289 647.7972 647.6349 647.4678 647.3143 647.1846 647.0826 647.009 646.9625 646.9406 646.9384 646.9507 646.9703 646.9893 647 646.9934 646.967 646.9232 646.8649 646.7941 646.7114 646.6183 646.5171 646.4116 646.3061 646.2052 646.114 646.0415 645.9998 645.9397 645.8801 645.814 645.7384 645.6532 645.5592 645.4579 645.3506 645.2408 645.1367 645.0513 645.0003 644.9999 644.9999 645.0007 645.0485 645.0665 645.0555 645.0015 644.9999 645.0001 645.0001 645.0001 645.0004 645.0009 645.0014 644.9957 644.8882 644.8401 644.8197 644.808 644.7979 644.7844 644.7637 644.7329 644.698 644.6857 644.7561 644.9464 644.9894 645.0525
647.8433 647.6936 647.5335 647.3812 647.248 647.1395 647.0575 647.001 646.9679 646.9553 646.9584 646.9716 646.9882 647.0004 647 646.9775 646.9367 646.8805 646.8125 646.7347 646.6479 646.5531 646.4525 646.3499 646.2493 646.1555 646.0713 646.0002 645.9667 645.9189 645.8636 645.8021 645.7335 645.6577 645.5757 645.489 645.3988 645.3074 645.2217 645.1537 645.1155 645.1123 645.1191 645.1326 645.1677 645.1896 645.188 645.1656 645.1655 645.1721 645.1816 645.194 645.2079 645.2153 645.1989 645.1392 645.0096 644.9993 644.9997 644.9998 644.9998 644.9997 644.9995 644.9986 644.9968 644.9969 645.0339 645.2503 645.3838 645.5222
647.7562 647.5968 647.4419 647.3044 647.1906 647.1021 647.0379 646.9962 646.9741 646.9685 646.9747 646.9865 646.9974 647 646.9858 646.9515 646.8993 646.8328 646.7561 646.672 646.5819 646.4866 646.3883 646.2905 646.198 646.1167 646.0509 646 645.9571 645.91 645.8584 645.8025 645.7419 645.6768 645.6086 645.5394 645.4696 645.4003 645.3367 645.2886 645.2654 645.2683 645.2844 645.3068 645.3376 645.3634 645.3749 645.371 645.3715 645.3778 645.3913 645.4143 645.4462 645.4728 645.4586 645.3953 645.286 645.2386 645.2215 645.2161 645.2155 645.2179 645.226 645.2438 645.2769 645.3306 645.4169 645.6082 645.7479 645.9513
647.6759 647.516 647.3692 647.2455 647.1479 647.0759 647.0264 646.9962 646.9822 646.9811 646.9879 646.9966 647 646.9904 646.9634 646.918 646.856 646.7808 646.6966 646.6069 646.5139 646.419 646.3241 646.2322 646.1481 646.079 646.0314 645.9999 645.955 645.9091 645.8623 645.8134 645.7616 645.7076 645.6541 645.6031 645.5553 645.5099 645.4695 645.4415 645.4337 645.4471 645.4727 645.5002 645.531 645.563 645.589 645.5935 645.5925 645.5954 645.6075 645.6354 645.6849 645.7473 645.7474 645.7014 645.5844 645.5083 645.4724 645.457 645.4506 645.4494 645.4573 645.4849 645.5497 645.6611 645.7641 645.9659 646.0358 646.2722
647.6046 647.4509 647.3154 647.2051 647.1213 647.062 647.0234 647.0012 646.992 646.9924 646.9978 647.0024 647 646.9751 646.9345 646.8784 646.8076 646.725 646.6344 646.5402 646.4449 646.3511 646.2604 646.175 646.0983 646.0365 646 645.9762 645.9447 645.9092 645.8715 645.8317 645.7897 645.7472 645.7076 645.6741 645.6473 645.6255 645.6086 645.6001 645.6058 645.63 645.6647 645.6917 645.7198 645.7583 645.8056 645.8115 645.8076 645.8061 645.8118 645.8318 645.8831 645.9935 646.0016 645.9883 645.8416 645.7655 645.7329 645.7183 645.7102 645.7056 645.7071 645.728 645.8033 645.9741 646.0281 646.2336 646.3917 646.653
647.5419 647.3988 647.2761 647.1787 647.1067 647.0574 647.0265 647.0096 647.0026 647.0021 647.0034 647 646.9852 646.9497 646.8986 646.8334 646.7551 646.6663 646.5704 646.4724 646.376 646.2842 646.1992 646.1229 646.0558 646.0001 645.9751 645.9568 645.9356 645.9111 645.884 645.8546 645.823 645.7918 645.765 645.7466 645.7377 645.7369 645.7426 645.7528 645.7672 645.7987 645.8452 645.8628 645.8795 645.915 645.9969 646.0003 646 645.9999 645.9998 645.9993 646.0057 646.1144 646.1533 646.1248 646.0095 645.999 645.9996 646.0002 646.001 646.0018 646.0005 646.0026 646.0416 646.2324 646.3724 646.5742 646.7305 647.0073
647.4913 647.3596 647.2491 647.1627 647.0999 647.0579 647.0321 647.0182 647.0117 647.0092 647.0068 647 646.9674 646.9187 646.8573 646.7839 646.6995 646.6054 646.5056 646.405 646.3082 646.2195 646.1421 646.079 646.031 645.9999 645.9685 645.948 645.9319 645.9163 645.8991 645.8799 645.8586 645.8378 645.822 645.8153 645.8196 645.8345 645.8602 645.8888 645.9019 645.9305 645.9984 646.0001 645.9997 646.0021 646.0887 646.1351 646.1607 646.1755 646.1838 646.1913 646.2124 646.2811 646.3202 646.3108 646.2661 646.2692 646.285 646.3035 646.3266 646.3526 646.3689 646.4063 646.502 646.6154 646.7371 646.9569 647.0499 647.3567
647.4572 647.3362 647.2355 647.1571 647.1001 647.0619 647.0383 647.025 647.0172 647.0107 647 646.9811 646.9392 646.8811 646.8112 646.7312 646.6415 646.5438 646.4414 646.3395 646.2432 646.1577 646.0875 646.0364 646 645.9777 645.9563 645.941 645.9309 645.9232 645.9153 645.9055 645.8939 645.8823 645.8755 645.877 645.8887 645.9097 645.9501 645.9994 645.9999 646.001 646.0679 646.0992 646.116 646.139 646.2045 646.2631 646.3079 646.3408 646.3656 646.3892 646.4222 646.4739 646.5127 646.5245 646.5249 646.546 646.5682 646.5962 646.6405 646.7023 646.7284 646.7892 646.9578 646.9948 647.0309 647.2441 647.433 647.7098
647.4419 647.3301 647.2367 647.163 647.1083 647.0702 647.0456 647.0303 647.02 647.0109 647 646.9618 646.9066 646.8389 646.7615 646.6759 646.5825 646.4827 646.3794 646.2778 646.1833 646.1014 646.0381 646 645.9747 645.9586 645.9454 645.9368 645.9326 645.9315 645.9313 645.9296 645.9261 645.9228 645.9236 645.9301 645.946 645.9592 646.0001 646.0542 646.082 646.1067 646.159 646.201 646.2346 646.2731 646.3311 646.3918 646.4474 646.4954 646.5363 646.5748 646.6168 646.6644 646.7059 646.7296 646.7548 646.7982 646.816 646.8369 646.8841 646.9907 646.9981 647.015 647.1858 647.2899 647.3842 647.5631 647.7637 647.9915
647.4454 647.3403 647.2516 647.1799 647.1244 647.0836 647.0551 647.0352 647.0189 647 646.9784 646.9324 646.8682 646.7925 646.7089 646.6188 646.5229 646.4226 646.3206 646.2217 646.1316 646.0562 646.0001 645.9749 645.9583 645.9473 645.9399 645.9366 645.9376 645.9418 645.947 645.9512 645.9542 645.9569 645.9651 645.9733 645.9998 646.0002 646.0516 646.1139 646.1649 646.2112 646.2633 646.3107 646.354 646.4006 646.4565 646.5168 646.5768 646.6337 646.686 646.7356 646.7836 646.8291 646.8741 646.894 646.924 646.9972 647 646.9993 647.0026 647.1077 647.1797 647.2614 647.4136 647.5491 647.6759 647.8299 647.9966 648.1541
647.4657 647.3647 647.2778 647.2053 647.1466 647.1007 647.0663 647.0411 647.0214 647 646.9611 646.9015 646.827 646.7435 646.6543 646.5608 646.4637 646.3646 646.266 646.1725 646.0908 646.0297 645.9999 645.9708 645.9532 645.9442 645.9404 645.9413 645.9463 645.9543 645.963 645.9701 645.978 645.9829 645.9999 646.0001 646.0353 646.066 646.1221 646.1897 646.255 646.3155 646.3729 646.4243 646.4719 646.5211 646.5752 646.6328 646.6915 646.7503 646.8077 646.8628 646.9125 646.947 646.9993 646.9999 647.0011 647.074 647.1026 647.111 647.1317 647.2191 647.3278 647.4576 647.6141 647.7587 647.8847 647.9988 648.1091 648.2463
647.4969 647.3981 647.3109 647.2358 647.1722 647.1196 647.0773 647.0441 647.019 646.9999 646.9427 646.8685 646.7836 646.6927 646.5985 646.5026 646.4058 646.3093 646.2162 646.1301 646.0562 646.0001 645.9812 645.964 645.9517 645.9457 645.9451 645.9493 645.9578 645.9692 645.9803 645.9866 646 646.0001 646.0259 646.05 646.0921 646.1411 646.2042 646.2769 646.3508 646.4203 646.4828 646.5369 646.5853 646.6334 646.6838 646.7359 646.7887 646.8427 646.8973 646.9515 646.9996 647.0003 647.045 647.0698 647.0963 647.1512 647.1853 647.2034 647.2382 647.3255 647.4552 647.6106 647.7694 647.9017 647.9993 648.0496 648.1337 648.2932
647.5338 647.435 647.346 647.267 647.1975 647.1375 647.0862 647.0415 647.0001 646.9694 646.9097 646.8292 646.7372 646.6404 646.5424 646.4451 646.3497 646.2576 646.1717 646.0966 646.0378 646 645.9783 645.9636 645.9543 645.9507 645.9526 645.9595 645.9707 645.9854 646 646 646.0195 646.0384 646.0717 646.1117 646.1633 646.2238 646.2933 646.3699 646.4484 646.5226 646.5879 646.6429 646.6904 646.7351 646.7798 646.8243 646.8677 646.9119 646.9568 647.0001 647.0389 647.0548 647.0892 647.1271 647.1725 647.2249 647.2614 647.2864 647.3309 647.4258 647.5685 647.7323 647.8788 647.9717 647.9999 648.0035 648.0891 648.3065
647.5709 647.4711 647.379 647.2953 647.2198 647.153 647.0952 647.0458 647 646.9491 646.8777 646.7889 646.6901 646.5881 646.4871 646.3892 646.296 646.209 646.1309 646.0664 646.0211 646 645.9795 645.9664 645.9596 645.9583 645.9621 645.971 645.984 646 646.0175 646.0306 646.0551 646.0873 646.1309 646.1826 646.2433 646.3115 646.3856 646.4639 646.5433 646.6182 646.6836 646.7378 646.7828 646.8234 646.8621 646.898 646.9296 646.9635 647 647.0389 647.0737 647.099 647.1332 647.179 647.2357 647.2917 647.3318 647.3631 647.4164 647.5205 647.6715 647.8335 647.9573 648 647.9369 647.8964 648.0019 648.3229
647.6053 647.5036 647.4077 647.3187 647.2368 647.163 647.0992 647.0469 647.0001 646.934 646.8486 646.7498 646.6439 646.5372 646.4338 646.3361 646.2455 646.164 646.0938 646.0381 646 645.9876 645.9764 645.9688 645.9656 645.9669 645.9731 645.9844 646 646.0194 646.042 646.0663 646.0992 646.1426 646.197 646.2591 646.3277 646.4015 646.4779 646.5552 646.6315 646.7031 646.7654 646.8167 646.8586 646.895 646.9283 646.9567 646.974 647 647.0317 647.0703 647.1079 647.1409 647.1793 647.2312 647.295 647.3556 647.3993 647.436 647.4971 647.6091 647.763 647.9142 648.0062 647.9977 647.8361 647.7562 647.8915 648.3112
647.635 647.5313 647.4315 647.3369 647.2482 647.166 647.0936 647.0365 646.9997 646.9163 646.8176 646.7102 646.5988 646.4884 646.3833 646.2864 646.1993 646.124 646.0628 646.0198 646 645.9854 645.9766 645.9725 645.9725 645.9767 645.9857 646 646.0189 646.0427 646.0714 646.105 646.1473 646.201 646.2659 646.3372 646.4124 646.49 646.567 646.6407 646.7106 646.7748 646.8309 646.8773 646.9152 646.9472 646.9761 646.9999 647 647.0198 647.0516 647.095 647.1414 647.1846 647.2305 647.2882 647.3574 647.4222 647.4694 647.5098 647.575 647.6902 647.8396 647.9672 648 647.8806 647.6874 647.6223 647.8392 648.4238
647.6593 647.5538 647.4507 647.3514 647.2563 647.1655 647.0792 647.0003 646.954 646.877 646.7787 646.6689 646.5547 646.4424 646.3368 646.2413 646.158 646.0889 646.0356 646 645.9886 645.9811 645.9772 645.9772 645.9807 645.9877 646 646.0181 646.0417 646.0709 646.1057 646.1472 646.1987 646.262 646.3355 646.4139 646.4937 646.5732 646.6492 646.7177 646.7784 646.8328 646.8804 646.9204 646.9531 646.9793 647 647.0144 647.0189 647.0358 647.0684 647.1179 647.1763 647.2336 647.2905 647.3542 647.4271 647.4961 647.5469 647.5895 647.6533 647.7631 647.9012 648.005 647.997 647.7797 647.5681 647.5581 647.9224 648.7816
647.6785 647.5717 647.4662 647.3639 647.2654 647.1711 647.0817 646.9999 646.9281 646.8427 646.7413 646.6294 646.5135 646.4001 646.2946 646.2009 646.1221 646.0604 646.0186 646 645.986 645.9792 645.9786 645.9826 645.9902 646 646.0167 646.0403 646.0702 646.1058 646.147 646.1955 646.255 646.3264 646.4064 646.4887 646.5696 646.6479 646.7208 646.7831 646.8342 646.8776 646.9163 646.9504 646.9786 647 647.0142 647.0247 647.0337 647.0528 647.089 647.1458 647.2175 647.2922 647.3638 647.4342 647.5084 647.5795 647.6345 647.6783 647.7339 647.8265 647.9396 648 647.9103 647.6848 647.5048 647.5825 648.1309 649.3346
647.6935 647.5854 647.4784 647.3745 647.2747 647.1791 647.0875 647 646.9127 646.817 646.71 646.5946 646.4767 646.3624 646.257 646.1653 646.0909 646.0356 646 645.9884 645.9805 645.9773 645.98 645.9877 646 646.0139 646.0369 646.0679 646.1057 646.1488 646.1968 646.2522 646.3187 646.3962 646.4794 646.5617 646.6397 646.713 646.7797 646.8348 646.8772 646.9118 646.9437 646.974 647 647.0182 647.0306 647.041 647.0543 647.0787 647.1209 647.1868 647.2729 647.3679 647.4579 647.5339 647.6052 647.6735 647.7316 647.778 647.8185 647.8837 647.9688 647.9999 647.8735 647.6621 647.5269 647.6855 648.3867 649.8728
647.7054 647.596 647.4875 647.3828 647.2825 647.1862 647.0929 647 646.9031 646.7983 646.6849 646.5654 646.4447 646.3291 646.2239 646.1343 646.0649 646.0194 646 645.9847 645.9772 645.9761 645.981 645.9901 646 646.0266 646.0609 646.1018 646.1489 646.2007 646.2565 646.3186 646.3907 646.4719 646.5552 646.6337 646.7052 646.7697 646.8264 646.8728 646.9088 646.9388 646.9689 647 647.0275 647.0475 647.0619 647.0746 647.0928 647.1248 647.1763 647.2532 647.3532 647.4702 647.5834 647.6598 647.7196 647.7772 647.8342 647.8879 647.9083 647.9385 648 648.0097 647.907 647.7429 647.6542 647.8586 648.635 650.2714
647.7156 647.6041 647.494 647.3881 647.2873 647.1908 647.0964 647 646.8967 646.7848 646.665 646.5409 646.4173 646.3 646.1946 646.1066 646.0409 646 645.9867 645.9778 645.9739 645.9757 645.9839 646 646.0171 646.0504 646.094 646.1448 646.2012 646.2618 646.3257 646.3947 646.471 646.5526 646.6326 646.7043 646.7664 646.8199 646.8647 646.901 646.9335 646.965 647 647.0387 647.0729 647.0988 647.1179 647.1359 647.1625 647.208 647.2754 647.369 647.4763 647.6118 647.7552 647.8162 647.851 647.8855 647.9301 647.9989 647.9997 648.0007 648.0646 648.0933 648.0475 647.9591 647.9138 648.1191 648.8929 650.5894
