backend/lakes/data/Nipisi Lake/nipi_dem_tm.asc
ncols         203
nrows         161
xllcorner     496200
yllcorner     6174700
cellsize      50
NODATA_value  -9999
[rows 31 to 61 of 161, columns 70 to 139 of 203]
-9999 -9999 -9999 -9999 -9999 -9999 -9999 -9999 -9999 -9999 -9999 -9999 -9999 -9999 -9999 -9999 -9999 -9999 -9999 658.5612 660.0786 661.1551 660.8741 659.4626 657.3741 655.0684 652.861 650.9348 649.6888 648.9911 648.6057 648.3787 648.231 648.1196 648.0225 647.9501 647.9282 647.9559 647.9998 648 647.9705 647.9086 647.8081 647.6822 647.5449 647.4238 647.329 647.2266 647.1427 647.0098 646.9937 646.8733 646.795 646.6777 646.5802 646.4834 646.3457 646.1812 646.0012 645.8313 645.6688 645.5193 645.3835 645.2304 645.0105 644.6428 644.0886 643.7185 643.4017 643.1429
-9999 -9999 -9999 -9999 -9999 -9999 -9999 -9999 -9999 -9999 -9999 -9999 -9999 -9999 -9999 -9999 -9999 -9999 657.9535 659.0646 660.8435 661.9499 661.0143 659.0992 656.6558 654.1371 651.8974 650.1774 649.1346 648.6265 648.3672 648.2296 648.153 648.1029 648.0564 648.0156 648 647.9999 647.9731 647.9197 647.844 647.744 647.6163 647.4707 647.3173 647.1879 647.1122 647.0058 646.996 646.8915 646.8269 646.7228 646.6205 646.5055 646.3955 646.2843 646.1519 646.0006 645.8479 645.7018 645.5619 645.4277 645.2948 645.1484 644.9636 644.5222 644.0101 643.6084 643.2711 643.0065
-9999 -9999 -9999 -9999 -9999 -9999 -9999 -9999 -9999 -9999 -9999 -9999 -9999 -9999 -9999 -9999 -9999 659.5182 658.1913 659.0618 660.5325 660.8783 659.7472 657.6081 655.0952 652.6802 650.8115 649.5071 648.8363 648.485 648.289 648.1769 648.1148 648.0792 648.0447 647.9999 647.9554 647.9109 647.8463 647.7599 647.6564 647.5388 647.4078 647.2756 647.1285 647.004 646.9969 646.9084 646.855 646.7675 646.6818 646.5777 646.4657 646.3479 646.2333 646.123 646 645.8649 645.7289 645.5984 645.4713 645.3411 645.1959 645.0106 644.782 644.401 643.9991 643.6106 643.2896 643.072
-9999 -9999 -9999 -9999 -9999 -9999 -9999 -9999 -9999 -9999 -9999 -9999 -9999 -9999 -9999 -9999 662.2221 660.2019 658.5317 658.6127 659.2574 658.8524 657.4211 655.2997 653.1364 651.2806 650.0945 649.3939 648.9057 648.5656 648.3377 648.1913 648.1032 648.0497 647.9998 647.9286 647.8516 647.7695 647.6757 647.57 647.449 647.3217 647.2 647.118 647.0002 646.9022 646.8621 646.7955 646.7287 646.6439 646.5514 646.4471 646.3336 646.2148 646.0985 645.9998 645.8878 645.7637 645.637 645.5143 645.3936 645.2667 645.1283 644.9778 644.6378 644.2588 643.9749 643.6271 643.3424 643.1508
-9999 -9999 -9999 -9999 -9999 -9999 -9999 -9999 -9999 -9999 -9999 -9999 -9999 -9999 -9999 664.1229 662.6741 660.5209 658.5718 657.6933 657.2278 656.1807 654.6743 652.9172 651.3882 650.6348 650.4349 649.7552 649.1838 648.7428 648.4166 648.2019 648.0779 647.9996 647.9165 647.8237 647.7236 647.6172 647.504 647.3875 647.261 647.1271 647.0051 646.9965 646.8956 646.8025 646.7402 646.676 646.6074 646.5253 646.4333 646.3334 646.2274 646.1171 646.0015 645.9159 645.8113 645.6918 645.5679 645.4465 645.3246 645.1865 645.0064 644.8011 644.4408 644.0352 643.8209 643.5916 643.3915 643.2565
-9999 -9999 -9999 -9999 -9999 -9999 -9999 -9999 -9999 -9999 -9999 -9999 -9999 -9999 665.3577 664.2461 662.5706 660.2592 657.9835 656.2635 654.9029 653.5867 652.238 650.9737 650.208 649.9128 649.9063 649.6696 649.238 648.785 648.4064 648.1459 647.9998 647.901 647.8059 647.7021 647.5896 647.472 647.3518 647.2336 647.1161 646.9998 646.8997 646.8533 646.7732 646.6899 646.6208 646.5562 646.489 646.4128 646.3267 646.2356 646.1461 646.0682 645.9988 645.8843 645.7646 645.64 645.514 645.3925 645.2756 645.1538 644.9981 644.7244 644.3601 644.0005 643.7725 643.5938 643.459 643.3835
-9999 -9999 -9999 -9999 -9999 -9999 -9999 -9999 -9999 -9999 -9999 -9999 -9999 665.6966 664.8866 663.6858 661.8174 659.2951 656.6902 654.414 652.6932 651.425 650.5196 649.9282 649.53 649.3353 649.2889 649.2028 648.9976 648.6099 648.2513 648.0043 647.8766 647.782 647.6852 647.576 647.4582 647.3377 647.2203 647.1073 646.9999 646.8971 646.807 646.738 646.6605 646.5811 646.509 646.4436 646.3785 646.3095 646.2319 646.1483 646.0658 646.0001 645.9328 645.8308 645.7139 645.5895 645.4617 645.3368 645.2191 645.1078 644.9893 644.6846 644.3275 644.001 643.7813 643.6341 643.5449 643.516
-9999 -9999 -9999 -9999 -9999 -9999 -9999 -9999 -9999 -9999 -9999 -9999 666.2435 665.3098 664.272 662.7758 660.5629 657.7869 654.9606 652.5069 650.822 649.9201 649.8728 649.5323 649.2496 649.0178 648.8329 648.6953 648.5446 648.2806 648.0124 647.8573 647.7562 647.6662 647.5662 647.4523 647.331 647.214 647.1035 646.9999 646.9003 646.8074 646.7228 646.6458 646.5667 646.4877 646.4137 646.3465 646.2838 646.2207 646.1544 646.0812 646.0005 645.9425 645.8691 645.7704 645.656 645.5327 645.4037 645.2728 645.1421 645.0041 644.8685 644.6038 644.288 644.0012 643.8101 643.6934 643.6382 643.6409
-9999 -9999 -9999 -9999 -9999 -9999 -9999 -9999 -9999 -9999 -9999 666.0388 665.9127 664.8724 663.4303 661.4518 658.8724 655.9209 653.1345 650.9513 649.4981 649.0222 649.3065 649.1807 649.0258 648.841 648.5816 648.351 648.1897 648.0054 647.8563 647.7472 647.6547 647.5598 647.4523 647.3318 647.209 647.0997 647 646.9054 646.8145 646.728 646.6477 646.5702 646.4908 646.4124 646.3381 646.2696 646.208 646.1504 646.0969 646.0483 645.9995 645.9137 645.8193 645.7124 645.5958 645.4723 645.3433 645.213 645.0914 644.9951 644.7943 644.5305 644.2474 644.0009 643.8444 643.7574 643.7283 643.7515
-9999 -9999 -9999 -9999 -9999 -9999 -9999 -9999 -9999 -9999 -9999 665.6044 665.3158 663.9841 662.0828 659.6735 656.8425 653.9564 651.6073 649.8842 648.7809 648.3413 648.4943 648.6796 648.6458 648.5951 648.4092 648.1615 647.9987 647.8644 647.7554 647.6598 647.5632 647.4585 647.3432 647.2179 647.094 646.9999 646.9124 646.8274 646.7433 646.6613 646.5825 646.5068 646.4297 646.3525 646.2794 646.2119 646.1498 646.0943 646.043 646 645.9474 645.8639 645.7644 645.6534 645.5345 645.4114 645.2832 645.1476 645.0027 644.8923 644.6978 644.4521 644.2041 644.0005 643.8782 643.8163 643.8055 643.8394
-9999 -9999 -9999 -9999 -9999 -9999 -9999 -9999 -9999 664.1406 664.9931 665.0059 664.1501 662.4835 660.258 657.6391 654.8126 652.4007 650.5919 649.5182 648.6957 648.1372 647.9785 648.0698 648.2014 648.2595 648.182 648.005 647.8756 647.7686 647.6723 647.5754 647.4705 647.3588 647.2438 647.1239 647.0016 646.9253 646.8475 646.7679 646.6881 646.6082 646.5294 646.4534 646.3788 646.3046 646.2335 646.1682 646.1085 646.0532 646.0002 645.9557 645.8931 645.8065 645.704 645.5918 645.4734 645.3538 645.2361 645.1204 644.9998 644.8352 644.6171 644.376 644.157 644.0005 643.9073 643.8636 643.8634 643.8983
-9999 -9999 -9999 -9999 -9999 -9999 -9999 -9999 663.7897 664.4093 664.7821 664.1069 662.6189 660.5564 658.2006 655.761 653.2982 651.4716 650.421 649.7175 649.0815 648.4454 647.9861 647.835 647.939 648.0498 648.0016 647.9031 647.7972 647.6941 647.594 647.4899 647.3773 647.2638 647.1609 647.0719 646.999 646.899 646.8085 646.7252 646.6451 646.5663 646.4871 646.4098 646.3354 646.264 646.1962 646.1345 646.0798 646.0333 645.9998 645.9297 645.8457 645.7484 645.641 645.5267 645.4098 645.2936 645.1832 645.084 644.9959 644.7881 644.5426 644.296 644.0959 643.9992 643.9237 643.8931 643.9013 643.9412
-9999 -9999 -9999 -9999 -9999 -9999 -9999 663.6877 664.0067 664.0714 663.8145 662.5798 660.6308 658.3309 656.0579 654.1325 652.0405 651.2459 650.5612 649.9702 649.3987 648.8622 648.3057 647.9573 647.9351 647.9997 647.9365 647.835 647.7257 647.6177 647.5112 647.4008 647.2831 647.1691 647.0765 647.0001 646.936 646.8531 646.7682 646.686 646.6071 646.5291 646.4513 646.373 646.2977 646.2274 646.1627 646.1048 646.0529 646.0002 645.9596 645.8859 645.7933 645.6877 645.5752 645.4595 645.3428 645.228 645.1158 645.002 644.901 644.7061 644.4623 644.2124 644.0033 643.9384 643.9045 643.8969 643.9139 643.9518
-9999 -9999 -9999 -9999 -9999 -9999 664.4113 664.2012 663.967 663.4187 662.3907 660.5972 658.3041 655.8977 653.7228 651.9156 650.4562 650.0725 649.8448 649.5708 649.2285 648.8727 648.4667 648.1138 647.9976 647.9246 647.8338 647.7289 647.6204 647.5143 647.4109 647.3041 647.1891 647.0778 647 646.935 646.8735 646.8016 646.7245 646.6462 646.5685 646.4919 646.4154 646.3387 646.2631 646.1924 646.1298 646.0774 646.0375 645.9998 645.9283 645.8391 645.7358 645.6243 645.5081 645.3914 645.2769 645.168 645.0724 644.9978 644.845 644.6398 644.4059 644.1777 643.9998 643.9199 643.8916 643.8926 643.9137 643.9512
-9999 -9999 -9999 -9999 -9999 665.7101 665.2873 664.5063 663.7059 662.468 660.6783 658.3772 655.8742 653.5711 651.6167 650.1019 649.2247 649.0295 649.042 648.9945 648.8239 648.5834 648.2855 648.0073 647.8579 647.7542 647.6602 647.5665 647.4719 647.3802 647.2928 647.2035 647.1046 647.0009 646.9418 646.8842 646.8235 646.7551 646.6818 646.606 646.5289 646.4525 646.3772 646.3021 646.2281 646.1576 646.0939 646.0392 646 645.9525 645.8764 645.781 645.673 645.5574 645.4398 645.324 645.2119 645.1041 645.0013 644.9209 644.7737 644.5787 644.3631 644.1586 644.0001 643.9174 643.8868 643.8874 643.9057 643.9349
-9999 -9999 -9999 -9999 665.2454 666.0887 665.8675 664.7661 663.2086 661.1676 658.7325 656.1051 653.6476 651.5957 650.1003 649.0942 648.5099 648.371 648.4573 648.5111 648.429 648.2418 648.0111 647.825 647.6857 647.5759 647.4828 647.3987 647.3195 647.2452 647.1783 647.1161 647.0549 646.9996 646.9246 646.8549 646.7872 646.7166 646.6425 646.5665 646.4892 646.412 646.3363 646.2627 646.191 646.1233 646.061 646.0002 645.9583 645.8999 645.8173 645.7169 645.6056 645.4889 645.3721 645.2599 645.1558 645.0643 644.9987 644.874 644.7129 644.5248 644.327 644.1434 644.0001 643.9203 643.8876 643.8852 643.9003 643.9256
-9999 -9999 -9999 663.2494 664.7573 665.6814 665.4803 664.1041 661.9678 659.3535 656.6135 653.9989 651.7545 650.2079 649.4657 648.8189 648.3044 648.1268 648.1497 648.2034 648.1575 648.0029 647.8307 647.6798 647.5526 647.444 647.3513 647.2726 647.2039 647.1428 647.0901 647.0432 647.0001 646.9589 646.8972 646.8281 646.7566 646.6829 646.6064 646.5282 646.4496 646.3711 646.2946 646.2211 646.1518 646.09 646.0417 645.9998 645.9307 645.8517 645.758 645.6515 645.537 645.4196 645.3049 645.1978 645.0989 645.001 644.9321 644.8103 644.6515 644.4735 644.2933 644.129 644.0001 643.925 643.8917 643.8864 643.8988 643.9232
-9999 -9999 -9999 662.6639 663.6768 664.3347 663.9866 662.3947 659.9658 657.1755 654.5625 652.1604 650.2767 649.4617 649.4404 648.8936 648.3713 648.1332 648.0751 648.0562 647.9996 647.8702 647.7175 647.575 647.4538 647.3517 647.2661 647.1951 647.1353 647.0837 647.0404 647.0001 646.9663 646.9247 646.8679 646.8006 646.7272 646.6503 646.571 646.4904 646.4097 646.3302 646.2531 646.1795 646.1091 646.0453 646 645.9518 645.8806 645.7939 645.694 645.5839 645.4677 645.3502 645.2382 645.14 645.0646 644.999 644.8894 644.7523 644.5933 644.4246 644.2604 644.1144 644.0001 643.9303 643.8965 643.8884 643.898 643.9214
-9999 -9999 661.936 662.2575 662.3997 662.4921 661.7952 660.0059 657.5382 654.9889 652.6718 650.6588 649.1801 648.6307 648.75 648.7748 648.3611 648.1436 648.0519 648.0001 647.9117 647.7805 647.6345 647.4961 647.377 647.28 647.2029 647.1421 647.0933 647.0532 647.0239 646.9999 646.9513 646.8983 646.8384 646.7706 646.6959 646.6167 646.5347 646.4515 646.3688 646.2884 646.2124 646.141 646.0713 646.0004 645.9536 645.895 645.8179 645.7262 645.6232 645.5121 645.3967 645.2807 645.1686 645.069 645 644.9293 644.8218 644.6862 644.533 644.3751 644.2263 644.0985 644.0001 643.9357 643.9004 643.8883 643.8937 643.9128
-9999 662.0232 662.241 661.8345 660.9557 660.3879 659.248 657.3331 655.0803 652.8746 650.9767 649.4918 648.4463 647.9864 648.0408 648.1526 648.0891 648.0537 648.0002 647.9475 647.8424 647.7015 647.5542 647.4202 647.3082 647.2195 647.1515 647.0996 647.059 647.025 647 646.971 646.9238 646.8677 646.8052 646.7365 646.6614 646.5807 646.4965 646.4105 646.3253 646.2438 646.1699 646.106 646.05 645.9996 645.921 645.8384 645.7485 645.6505 645.5456 645.436 645.3247 645.2146 645.1063 645.001 644.9344 644.8541 644.746 644.6146 644.4692 644.3226 644.1883 644.0787 644.0001 643.9402 643.9014 643.8842 643.8845 643.8995
662.8419 663.2944 662.8265 661.3903 659.4167 658.3849 656.6961 654.7599 652.7849 651.0044 649.6209 648.7706 648.1628 647.798 647.7579 647.8419 647.9226 648.004 647.9998 647.9023 647.7615 647.6077 647.463 647.3392 647.2402 647.165 647.1088 647.0664 647.0325 647.0001 646.9755 646.9407 646.8914 646.8329 646.7681 646.698 646.6223 646.5411 646.4554 646.3673 646.2789 646.1941 646.1184 646.0576 646 645.9399 645.8585 645.7669 645.6688 645.5662 645.4607 645.3547 645.2513 645.1546 645.0696 644.999 644.8962 644.7901 644.6726 644.5424 644.4039 644.267 644.1438 644.0496 643.9998 643.9379 643.8943 643.8722 643.868 643.8788
664.575 664.5739 663.447 661.4086 658.9484 656.7627 654.434 652.5285 650.8972 649.6262 648.8582 648.4106 648.2034 648.0051 647.8871 647.8801 647.9417 647.9998 647.928 647.7925 647.6356 647.4836 647.3533 647.2498 647.1716 647.1146 647.073 647.0421 647.0199 646.9999 646.9609 646.9138 646.8577 646.7944 646.7264 646.6543 646.5778 646.4966 646.411 646.322 646.2312 646.1411 646.0587 645.9999 645.9357 645.864 645.778 645.6819 645.5792 645.4735 645.3685 645.2668 645.1702 645.0807 645.0002 644.9276 644.8301 644.7198 644.5997 644.4717 644.3401 644.2122 644.0959 644.0004 643.9597 643.9125 643.8726 643.8488 643.8413 643.8484
665.9708 665.1877 663.3386 660.6796 657.7412 654.9924 652.6115 650.8802 649.685 649.0068 648.6293 648.4569 648.321 648.1686 648.0829 648.0298 647.9993 647.9163 647.7833 647.6262 647.4724 647.3397 647.2357 647.1595 647.1062 647.0692 647.0417 647.0187 647 646.9767 646.9355 646.882 646.8195 646.7509 646.6786 646.6039 646.5266 646.446 646.3619 646.2749 646.1855 646.0939 646.0007 645.9393 645.8666 645.7834 645.6904 645.5892 645.4832 645.3752 645.2711 645.1748 645.0844 645.0001 644.9232 644.8465 644.7539 644.647 644.5297 644.4064 644.2831 644.1682 644.0712 644 643.9432 643.8887 643.8436 643.8146 643.8025 643.8052
666.3618 664.8525 662.2499 659.0608 655.9025 653.2172 651.1961 649.9983 649.4336 649.0582 648.814 648.655 648.4434 648.2296 648.0878 647.9995 647.8899 647.7494 647.5917 647.4377 647.3042 647.2006 647.1287 647.0823 647.0535 647.0349 647.0192 647 646.9814 646.9514 646.905 646.845 646.7753 646.7004 646.6232 646.5453 646.467 646.3876 646.306 646.2236 646.1421 646.0663 645.9991 645.8998 645.8014 645.7026 645.601 645.4951 645.3857 645.2759 645.1724 645.0833 645 644.9211 644.8453 644.767 644.6781 644.5767 644.4651 644.3481 644.2327 644.1276 644.0452 643.9998 643.9301 643.8634 643.808 643.7702 643.7504 643.7463
665.7593 663.4734 660.331 656.9647 654.0323 651.8343 650.7258 650.3629 649.8395 649.4049 649.0546 648.6786 648.3937 648.183 647.9998 647.8542 647.7059 647.5503 647.3983 647.2644 647.1602 647.0887 647.0471 647.0272 647.0188 647.0151 647.0104 647 646.9694 646.9271 646.8716 646.8035 646.7261 646.6436 646.5603 646.4783 646.3985 646.3198 646.2404 646.1597 646.079 646.0001 645.9229 645.8246 645.7211 645.6165 645.511 645.4038 645.2939 645.1827 645.0782 644.9999 644.9232 644.8475 644.7718 644.6927 644.6064 644.5109 644.4067 644.2979 644.1898 644.0884 644.0004 643.9579 643.897 643.8278 643.7638 643.7151 643.6845 643.6703
664.1847 661.3297 658.0327 654.9525 652.5143 651.0603 650.3401 650.056 649.7012 649.3093 648.9138 648.5458 648.1985 648.0006 647.8284 647.662 647.5001 647.3489 647.217 647.1133 647.0428 647.0045 646.9916 646.9937 647.0003 647.004 647 646.984 646.9485 646.8981 646.8339 646.7573 646.6718 646.5815 646.4911 646.4041 646.322 646.2435 646.1651 646.084 645.9999 645.9139 645.8265 645.7294 645.6276 645.5247 645.4218 645.3188 645.2147 645.1084 645.0011 644.9316 644.8578 644.7818 644.7051 644.6255 644.5407 644.4501 644.3541 644.2556 644.1602 644.0737 643.9999 643.9379 643.8662 643.7876 643.7126 643.6506 643.606 643.5782
661.8821 658.7924 655.8118 653.3851 651.7717 650.7341 650.125 649.7907 649.4778 649.1176 648.7251 648.3394 648.0217 647.8193 647.6422 647.47 647.309 647.1707 647.0643 646.9933 646.9564 646.9482 646.9595 646.9786 646.9945 647 646.9907 646.9656 646.9227 646.8641 646.7914 646.7065 646.6128 646.5148 646.4174 646.3248 646.2399 646.1617 646.0835 645.9999 645.9099 645.8168 645.7228 645.626 645.5278 645.4299 645.3336 645.2397 645.15 645.0685 644.999 644.899 644.8074 644.7238 644.6443 644.5646 644.4818 644.3951 644.306 644.2174 644.1343 644.0623 644.0001 643.9249 643.8368 643.7433 643.6544 643.5778 643.5173 643.4737
659.1609 656.2593 653.9867 652.722 651.5916 650.6984 650.054 649.6139 649.2664 648.9186 648.5471 648.2191 647.9767 647.7101 647.4815 647.2969 647.1479 647.0329 646.9541 646.9127 646.9041 646.92 646.9488 646.9783 646.9972 647 646.9806 646.9447 646.8925 646.8253 646.7444 646.6516 646.5502 646.4451 646.3413 646.2433 646.155 646.0787 645.9999 645.9119 645.8162 645.7169 645.6179 645.5211 645.4269 645.3348 645.2454 645.1591 645.0768 645.0001 644.9292 644.8388 644.7487 644.6648 644.5858 644.5078 644.428 644.3453 644.2617 644.1801 644.1047 644.0427 643.9996 643.9083 643.802 643.6923 643.5886 643.4976 643.422 643.3626
656.4067 654.0482 652.8932 652.5237 651.6236 650.7079 649.9705 649.431 649.0211 648.6595 648.3083 648.0045 647.7672 647.5255 647.3196 647.1516 647.0248 646.9377 646.8883 646.8734 646.8866 646.9181 646.956 646.9874 647 646.9911 646.9623 646.917 646.856 646.7806 646.6921 646.5925 646.4852 646.375 646.267 646.1646 646.0715 645.9999 645.9191 645.826 645.7241 645.6191 645.5164 645.4192 645.3282 645.2418 645.1586 645.078 645 644.925 644.8502 644.767 644.6832 644.6039 644.5287 644.4545 644.3783 644.3 644.2213 644.1445 644.0707 644.0003 643.9541 643.8676 643.7545 643.6325 643.5157 643.4124 643.3247 643.2526
653.9903 652.4789 651.8066 651.6163 651.2038 650.5178 649.7653 649.1588 648.7061 648.3387 648.012 647.7558 647.5421 647.345 647.1737 647.0411 646.9468 646.8883 646.8633 646.8683 646.8958 646.9351 646.974 647 646.9971 646.9741 646.9345 646.8801 646.8115 646.7289 646.6342 646.5293 646.4184 646.3065 646.1996 646.0996 646.0009 645.9323 645.8472 645.7463 645.6366 645.5255 645.4193 645.322 645.2345 645.1536 645.076 645 644.9251 644.8505 644.7747 644.6959 644.6183 644.545 644.475 644.4055 644.3338 644.2599 644.1864 644.1173 644.0559 644 643.9287 643.8275 643.7023 643.5674 643.4385 643.3254 643.2306 643.1509
652.2626 651.5195 651.0149 650.7429 650.4676 650.045 649.3937 648.8152 648.3597 648.007 647.7365 647.5212 647.3419 647.1869 647.0602 646.966 646.9052 646.8745 646.87 646.8879 646.9214 646.9597 646.9901 647 646.9822 646.9458 646.8954 646.8324 646.757 646.6691 646.5699 646.4622 646.3499 646.2393 646.1404 646.0637 645.9991 645.8966 645.7878 645.6722 645.5529 645.4354 645.3263 645.2299 645.1472 645.0723 645 644.9281 644.8557 644.782 644.707 644.632 644.5599 644.4926 644.4282 644.3635 644.2958 644.2256 644.1555 644.0907 644.0379 643.9996 643.908 643.7886 643.6486 643.5002 643.3597 643.2404 643.1448 643.0644
