backend/lakes/data/Miquelon Lakes/miqu_dem_tm.asc
ncols         144
nrows         105
xllcorner     635100
yllcorner     5897850
cellsize      50
NODATA_value  -9999
[rows 60 to 89 of 105, columns 66 to 131 of 144]
757.6024 757.1255 756.6472 756.309 756.1415 756.0664 755.9586 755.7466 755.4722 755.4902 755.845 756.6335 756.6786 756.4678 756.1975 755.9487 755.7516 755.6125 755.5247 755.4753 755.4509 755.4431 755.4456 755.4507 755.4504 755.4393 755.416 755.3834 755.3453 755.3036 755.2576 755.2167 755.1897 755.2529 755.4718 756.0193 756.7903 757.1346 757.2562 757.1644 756.8636 756.1201 755.5402 755.6102 756.866 757.7471 757.1772 757.4117 757.6722 759.3394 762.1364 765.4063 768.5201 771.0804 -9999 -9999 -9999 -9999 -9999 -9999 -9999 -9999 -9999 -9999 -9999 -9999
756.8013 756.7283 756.3633 756.0509 755.8513 755.7274 755.6136 755.4787 755.3707 755.4292 755.4666 755.928 756.1279 756.11 755.9875 755.8385 755.7039 755.6013 755.5341 755.4956 755.4764 755.4696 755.4705 755.4728 755.4686 755.451 755.4191 755.377 755.3295 755.2831 755.2424 755.2378 755.2485 755.4534 755.8868 756.4507 756.9597 757.1963 757.1915 756.9708 756.5836 755.9574 755.4833 755.5629 756.5892 756.8472 757.1348 757.5839 758.2922 760.2913 763.2673 766.6381 769.7444 -9999 -9999 -9999 -9999 -9999 -9999 -9999 -9999 -9999 -9999 -9999 -9999 -9999
756.0392 756.1625 755.9953 755.7709 755.5881 755.4669 755.3926 755.3555 755.3686 755.43 755.355 755.4554 755.6653 755.7695 755.7739 755.7245 755.657 755.5952 755.5507 755.5237 755.5093 755.5023 755.4996 755.4968 755.4892 755.4675 755.4304 755.3894 755.3488 755.3251 755.3143 755.4205 755.4905 755.8942 756.4161 756.9085 757.1769 757.2454 757.136 756.9047 756.3763 755.7903 755.4221 755.5815 756.483 757.5982 757.9327 758.4373 759.4518 761.6921 764.8217 768.301 771.4348 -9999 -9999 -9999 -9999 -9999 -9999 -9999 -9999 -9999 -9999 -9999 -9999 -9999
755.3939 755.6464 755.6517 755.5179 755.3708 755.2683 755.2355 755.2742 755.3621 755.43 755.339 755.3225 755.4303 755.5555 755.6259 755.6453 755.6283 755.5977 755.5706 755.552 755.5402 755.5319 755.5231 755.5115 755.5031 755.481 755.441 755.4138 755.3936 755.4285 755.446 755.7152 756.0199 756.4594 756.9191 757.2166 757.3147 757.2289 756.9705 756.6345 756.1112 755.5804 755.2618 755.3726 756.0703 757.5345 758.5501 759.4384 760.8498 763.2451 766.5201 770.1266 773.3535 -9999 -9999 -9999 -9999 -9999 -9999 -9999 -9999 -9999 -9999 -9999 -9999 -9999
754.8414 755.3387 755.448 755.3533 755.2199 755.1219 755.1108 755.2015 755.3472 755.43 755.3331 755.2619 755.3022 755.4279 755.5327 755.5973 755.6088 755.5956 755.5778 755.5636 755.5531 755.5432 755.5272 755.4981 755.4931 755.4768 755.4301 755.43 755.4304 755.5588 755.7573 756.1248 756.5475 756.9427 757.249 757.3925 757.3583 757.1849 756.9026 756.406 755.8655 755.3953 755.1464 755.292 756.0087 757.6198 759.1779 760.3737 762.0026 764.5667 768.028 771.7975 -9999 -9999 -9999 -9999 -9999 -9999 -9999 -9999 -9999 -9999 -9999 -9999 -9999 -9999
754.1899 755.1644 755.3688 755.2809 755.1499 755.028 755.0115 755.1381 755.3453 755.4299 755.3306 755.2163 755.1851 755.2712 755.4269 755.5404 755.562 755.5552 755.5434 755.5328 755.5248 755.5171 755.498 755.4306 755.4295 755.4283 755.3799 755.3941 755.475 755.6803 755.9971 756.4397 756.9221 757.2274 757.4004 757.4095 757.2389 756.9492 756.573 756.0983 755.6328 755.27 755.1391 755.4131 756.2921 757.8246 759.5316 760.9431 762.7419 765.4965 769.1332 773.0143 -9999 -9999 -9999 -9999 -9999 -9999 -9999 -9999 -9999 -9999 -9999 -9999 -9999 -9999
754.7623 755.241 755.4229 755.2981 755.1917 755.0126 754.9609 755.1121 755.4145 755.5045 755.4356 755.2758 755.1338 755.1191 755.2391 755.4161 755.4274 755.4274 755.428 755.4288 755.4294 755.4301 755.4264 755.3107 755.2473 755.2219 755.2159 755.2814 755.4348 755.6958 756.0536 756.4908 756.9382 757.2167 757.3136 757.2414 756.9517 756.5764 756.1777 755.7932 755.4565 755.2253 755.2097 755.5532 756.5675 758.0563 759.7774 761.3049 763.2559 766.1227 769.7968 773.6874 -9999 -9999 -9999 -9999 -9999 -9999 -9999 -9999 -9999 -9999 -9999 -9999 -9999 -9999
756.4799 756.094 755.6596 755.4283 755.3937 755.1396 755.0517 755.1954 755.5302 755.8665 755.9019 755.6723 755.3333 755.1182 755.0625 755.1074 755.1305 755.158 755.1888 755.2206 755.2507 755.2593 755.2056 755.0825 754.9908 754.956 754.9856 755.1025 755.3086 755.5928 755.9249 756.2762 756.6142 756.8865 756.9346 756.8572 756.5018 756.1193 755.7759 755.553 755.384 755.2933 755.4242 755.8876 756.892 758.3376 759.8973 761.5413 763.6775 766.6077 770.1758 -9999 -9999 -9999 -9999 -9999 -9999 -9999 -9999 -9999 -9999 -9999 -9999 -9999 -9999 -9999
758.4326 757.4755 756.6566 755.8879 755.6301 755.5391 755.5721 755.8425 756.4843 757.0507 757.1429 756.7656 756.1018 755.5831 755.2466 755.0922 755.0599 755.084 755.1211 755.155 755.1898 755.1892 755.0557 754.8807 754.7534 754.7036 754.7501 754.9034 755.1443 755.429 755.6948 755.8965 756.0273 756.1478 756.1691 756.1006 755.8938 755.6569 755.4396 755.4299 755.4293 755.4316 755.6488 756.1628 757.0905 758.5272 759.9816 761.7528 764.1095 767.0962 770.4821 -9999 -9999 -9999 -9999 -9999 -9999 -9999 -9999 -9999 -9999 -9999 -9999 -9999 -9999 -9999
760.0148 758.8475 757.9522 757.129 756.8394 756.8121 756.9587 757.3909 758.3553 759.3215 759.5163 758.9401 757.907 756.9271 756.1317 755.704 755.5593 755.5321 755.5275 755.4922 755.4548 755.3989 755.1131 754.8335 754.6456 754.5511 754.5807 754.7462 755.0101 755.2949 755.4976 755.552 755.46 755.4562 755.4603 755.4551 755.4376 755.4302 755.4219 755.4819 755.5492 755.6456 755.9134 756.437 757.2353 758.5084 759.9903 761.9604 764.5247 767.5755 770.8187 -9999 -9999 -9999 -9999 -9999 -9999 -9999 -9999 -9999 -9999 -9999 -9999 -9999 -9999 -9999
760.8384 759.8674 759.0276 758.3924 758.2124 758.3277 758.6656 759.1515 760.1682 761.2309 761.7731 761.2224 759.9567 758.7774 757.9097 757.2524 756.9348 756.8053 756.7379 756.5414 756.2584 755.9348 755.4763 755.0656 754.7942 754.5979 754.553 754.6901 754.9624 755.2594 755.4319 755.4276 755.2722 755.2125 755.2416 755.3112 755.4117 755.5354 755.6195 755.7059 755.7957 755.9246 756.223 756.8248 757.6539 758.7269 760.0756 762.1891 764.9572 768.0821 771.22 -9999 -9999 -9999 -9999 -9999 -9999 -9999 -9999 -9999 -9999 -9999 -9999 -9999 -9999 -9999
761.2885 760.5235 759.8528 759.3175 759.2534 759.6536 760.3589 760.7663 761.4246 761.9671 762.1182 762.1636 761.3542 760.4918 759.8863 759.1013 758.5853 758.3314 758.3044 758.0948 757.602 757.051 756.4084 755.7733 755.369 754.9575 754.7414 754.7794 755.0186 755.3194 755.4299 755.3248 755.1843 755.1489 755.2263 755.3544 755.5323 755.7617 755.9047 756.0231 756.131 756.2351 756.4735 757.0775 758.1595 759.269 760.3854 762.5779 765.5004 768.6546 771.6395 -9999 -9999 -9999 -9999 -9999 -9999 -9999 -9999 -9999 -9999 -9999 -9999 -9999 -9999 -9999
762.1139 761.2971 760.6212 760.1222 760.1437 760.7118 761.5219 762.1985 762.6772 762.7979 762.6063 762.5854 762.1857 761.7223 761.3325 760.6061 759.9128 759.7668 760.0686 760.1666 759.6144 758.8282 757.9985 757.2129 756.5272 755.756 755.2348 755.0559 755.1624 755.426 755.3724 755.2218 755.1092 755.1118 755.1655 755.3121 755.5406 755.8306 756.1152 756.334 756.5239 756.6075 756.7493 757.3922 758.5278 759.592 760.8605 763.2355 766.2482 769.3122 772.042 -9999 -9999 -9999 -9999 -9999 -9999 -9999 -9999 -9999 -9999 -9999 -9999 -9999 -9999 -9999
763.3098 762.5295 761.8378 761.3025 761.3943 762.1643 763.1852 764.0803 764.5536 764.5347 764.1332 763.6454 763.2023 762.8076 762.4155 761.9022 761.4781 761.4097 761.8568 762.1628 761.8188 760.9706 760.0571 759.1936 758.3384 757.2344 756.1936 755.6106 755.3678 755.4286 755.2843 755.1228 755.0382 755.0465 755.1357 755.3046 755.5432 755.8395 756.1758 756.5421 756.9156 757.0629 757.1193 758.1061 759.1592 760.0099 761.7039 764.2814 767.2748 770.1397 -9999 -9999 -9999 -9999 -9999 -9999 -9999 -9999 -9999 -9999 -9999 -9999 -9999 -9999 -9999 -9999
764.5341 763.8794 763.3132 762.8909 763.0902 764.025 765.2351 766.3277 766.8497 766.8248 766.3761 765.7476 765.0936 764.4199 763.7518 763.2909 763.1518 763.2049 763.5988 763.9127 763.7295 762.9946 762.0922 761.2667 760.5214 759.2816 757.8607 756.6633 755.853 755.5912 755.3237 755.101 755.0051 755.037 755.1848 755.385 755.6048 755.8527 756.1566 756.5432 757.0188 757.4913 757.5321 758.663 759.4997 760.838 762.9479 765.6794 768.5782 771.155 -9999 -9999 -9999 -9999 -9999 -9999 -9999 -9999 -9999 -9999 -9999 -9999 -9999 -9999 -9999 -9999
765.4618 765.0663 764.848 764.6931 764.9887 765.9589 767.2374 768.3845 768.956 769.007 768.6321 768.0414 767.2307 766.2922 765.4021 764.9357 764.8911 765.0098 765.345 765.6392 765.5792 764.9446 764.0529 763.2376 762.5614 761.4477 759.8863 758.361 757.1069 756.2953 755.7034 755.2784 755.0861 755.1086 755.2811 755.5153 755.7162 755.8954 756.1171 756.4301 756.832 757.2923 758.1408 759.2475 760.1427 761.9568 764.4695 767.335 770.0969 -9999 -9999 -9999 -9999 -9999 -9999 -9999 -9999 -9999 -9999 -9999 -9999 -9999 -9999 -9999 -9999 -9999
766.3798 766.2454 766.3701 766.4407 766.7182 767.5068 768.6202 769.647 -9999 -9999 -9999 -9999 -9999 -9999 767.1861 766.8256 766.7712 766.8007 767.0187 767.3951 767.5338 767.0082 766.0986 765.2309 764.5247 763.441 761.9142 760.2648 758.7212 757.3967 756.413 755.6984 755.2972 755.2268 755.3961 755.6318 755.8265 755.972 756.1572 756.472 756.9789 757.7502 758.6207 759.4915 760.8121 763.1519 766.0857 769.1049 771.7421 -9999 -9999 -9999 -9999 -9999 -9999 -9999 -9999 -9999 -9999 -9999 -9999 -9999 -9999 -9999 -9999 -9999
-9999 -9999 -9999 767.8231 767.9542 -9999 -9999 -9999 -9999 -9999 -9999 -9999 -9999 -9999 -9999 -9999 -9999 -9999 -9999 768.9327 769.2577 768.9119 768.085 767.1833 766.4572 765.3779 763.8935 762.2457 760.5784 758.884 757.4266 756.3738 755.6748 755.407 755.4948 755.7283 755.9307 756.089 756.3113 756.7111 757.4082 758.5143 759.3772 759.8741 761.6212 764.4225 767.7014 770.8398 -9999 -9999 -9999 -9999 -9999 -9999 -9999 -9999 -9999 -9999 -9999 -9999 -9999 -9999 -9999 -9999 -9999 -9999
-9999 -9999 -9999 -9999 -9999 -9999 -9999 -9999 -9999 -9999 -9999 -9999 -9999 -9999 -9999 -9999 -9999 -9999 -9999 -9999 -9999 -9999 769.6168 768.7689 767.9702 766.9826 765.6453 764.0289 762.3143 760.527 758.7338 757.2391 756.2327 755.6902 755.6116 755.8146 756.0603 756.2969 756.6162 757.1353 758.0966 759.2726 759.8005 760.5096 762.6303 765.765 769.2809 772.4963 -9999 -9999 -9999 -9999 -9999 -9999 -9999 -9999 -9999 -9999 -9999 -9999 -9999 -9999 -9999 -9999 -9999 -9999
-9999 -9999 -9999 -9999 -9999 -9999 -9999 -9999 -9999 -9999 -9999 -9999 -9999 -9999 -9999 -9999 -9999 -9999 -9999 -9999 -9999 -9999 -9999 769.5991 768.6608 767.7604 766.8578 765.4629 763.7922 761.979 760.0845 758.2507 756.8553 756.0515 755.7927 755.9454 756.2711 756.6627 757.1365 757.6468 758.1528 759.1868 760.0249 761.357 763.8267 767.1912 770.8336 -9999 -9999 -9999 -9999 -9999 -9999 -9999 -9999 -9999 -9999 -9999 -9999 -9999 -9999 -9999 -9999 -9999 -9999 -9999
-9999 -9999 -9999 -9999 -9999 -9999 -9999 -9999 -9999 -9999 -9999 -9999 -9999 -9999 -9999 -9999 -9999 -9999 -9999 -9999 -9999 -9999 -9999 -9999 767.9227 767.402 767.0876 766.2623 764.9183 763.2548 761.2865 759.1816 757.4499 756.4449 756.0514 756.1777 756.6483 757.2994 758.0948 758.3804 757.9565 758.8668 760.2458 762.259 765.1199 768.6186 -9999 -9999 -9999 -9999 -9999 -9999 -9999 -9999 -9999 -9999 -9999 -9999 -9999 -9999 -9999 -9999 -9999 -9999 -9999 -9999
-9999 -9999 -9999 -9999 -9999 -9999 -9999 -9999 -9999 -9999 -9999 -9999 -9999 -9999 -9999 -9999 -9999 -9999 -9999 -9999 -9999 -9999 -9999 -9999 -9999 -9999 766.7313 766.4178 765.5806 764.2893 762.5209 760.3195 758.3297 756.9975 756.4619 756.5825 757.2639 758.252 759.0712 759.3753 758.1641 758.9973 760.9246 763.4839 766.559 769.976 -9999 -9999 -9999 -9999 -9999 -9999 -9999 -9999 -9999 -9999 -9999 -9999 -9999 -9999 -9999 -9999 -9999 -9999 -9999 -9999
-9999 -9999 -9999 -9999 -9999 -9999 -9999 -9999 -9999 -9999 -9999 -9999 -9999 -9999 -9999 -9999 -9999 -9999 -9999 -9999 -9999 -9999 -9999 -9999 -9999 -9999 765.8364 766.171 765.959 765.1034 763.5735 761.4445 759.2557 757.7288 757.0207 757.2078 758.1735 759.2414 759.7126 758.5699 758.363 759.8604 762.3015 765.1696 768.2177 -9999 -9999 -9999 -9999 -9999 -9999 -9999 -9999 -9999 -9999 -9999 -9999 -9999 -9999 -9999 -9999 -9999 -9999 -9999 -9999 -9999
-9999 -9999 -9999 -9999 -9999 -9999 -9999 -9999 -9999 -9999 -9999 -9999 -9999 -9999 -9999 -9999 -9999 -9999 -9999 -9999 -9999 -9999 -9999 -9999 -9999 -9999 -9999 765.9028 766.1008 765.7668 764.5391 762.4812 760.2886 758.6489 757.8817 758.0948 759.0634 759.9836 758.9448 758.632 759.3878 761.4877 764.2673 767.213 -9999 -9999 -9999 -9999 -9999 -9999 -9999 -9999 -9999 -9999 -9999 -9999 -9999 -9999 -9999 -9999 -9999 -9999 -9999 -9999 -9999 -9999
-9999 -9999 -9999 -9999 -9999 -9999 -9999 -9999 -9999 -9999 -9999 -9999 -9999 -9999 -9999 -9999 -9999 -9999 -9999 -9999 -9999 -9999 -9999 -9999 -9999 -9999 -9999 765.656 766.0038 765.9958 765.2159 763.4361 761.3047 759.6934 758.8176 758.8865 759.5961 759.1457 758.965 759.4495 761.0449 763.504 766.3596 769.2001 -9999 -9999 -9999 -9999 -9999 -9999 -9999 -9999 -9999 -9999 -9999 -9999 -9999 -9999 -9999 -9999 -9999 -9999 -9999 -9999 -9999 -9999
-9999 -9999 -9999 -9999 -9999 -9999 -9999 -9999 -9999 -9999 -9999 -9999 -9999 -9999 -9999 -9999 -9999 -9999 -9999 -9999 -9999 -9999 -9999 -9999 -9999 -9999 -9999 765.5776 765.8835 765.9855 765.4105 764.1609 762.4602 760.9644 760.1371 759.9869 760.1215 759.9206 760.1021 761.135 763.0156 765.4046 768.0271 -9999 -9999 -9999 -9999 -9999 -9999 -9999 -9999 -9999 -9999 -9999 -9999 -9999 -9999 -9999 -9999 -9999 -9999 -9999 -9999 -9999 -9999 -9999
-9999 -9999 -9999 -9999 -9999 -9999 -9999 -9999 -9999 -9999 -9999 -9999 -9999 -9999 -9999 -9999 -9999 -9999 -9999 -9999 -9999 -9999 -9999 -9999 -9999 -9999 -9999 -9999 765.696 765.7729 765.4542 764.7244 763.6042 762.4824 761.7677 761.5396 761.4941 761.4537 761.9049 763.1452 764.8997 766.8751 -9999 -9999 -9999 -9999 -9999 -9999 -9999 -9999 -9999 -9999 -9999 -9999 -9999 -9999 -9999 -9999 -9999 -9999 -9999 -9999 -9999 -9999 -9999 -9999
-9999 -9999 -9999 -9999 -9999 -9999 -9999 -9999 -9999 -9999 -9999 -9999 -9999 -9999 -9999 -9999 -9999 -9999 -9999 -9999 -9999 -9999 -9999 -9999 -9999 -9999 -9999 -9999 765.6613 765.7238 765.5739 765.1547 764.6147 764.025 763.6055 763.4413 763.3956 763.4158 763.8555 764.9971 766.4078 -9999 -9999 -9999 -9999 -9999 -9999 -9999 -9999 -9999 -9999 -9999 -9999 -9999 -9999 -9999 -9999 -9999 -9999 -9999 -9999 -9999 -9999 -9999 -9999 -9999
-9999 -9999 -9999 -9999 -9999 -9999 -9999 -9999 -9999 -9999 -9999 -9999 -9999 -9999 -9999 -9999 -9999 -9999 -9999 -9999 -9999 -9999 -9999 -9999 -9999 -9999 -9999 -9999 -9999 766.1454 766.1887 766.1078 765.9125 765.7016 765.502 765.3865 765.3259 765.332 765.5446 -9999 -9999 -9999 -9999 -9999 -9999 -9999 -9999 -9999 -9999 -9999 -9999 -9999 -9999 -9999 -9999 -9999 -9999 -9999 -9999 -9999 -9999 -9999 -9999 -9999 -9999 -9999
-9999 -9999 -9999 -9999 -9999 -9999 -9999 -9999 -9999 -9999 -9999 -9999 -9999 -9999 -9999 -9999 -9999 -9999 -9999 -9999 -9999 -9999 -9999 -9999 -9999 -9999 -9999 -9999 -9999 -9999 767.5246 767.6075 767.6252 767.5146 767.2801 766.9966 766.799 766.6678 -9999 -9999 -9999 -9999 -9999 -9999 -9999 -9999 -9999 -9999 -9999 -9999 -9999 -9999 -9999 -9999 -9999 -9999 -9999 -9999 -9999 -9999 -9999 -9999 -9999 -9999 -9999 -9999
