backend/lakes/data/Miquelon Lakes/miqu_dem_tm.asc
ncols         144
nrows         105
xllcorner     635100
yllcorner     5897850
cellsize      50
NODATA_value  -9999
[rows 30 to 59 of 105, columns 66 to 131 of 144]
-9999 -9999 -9999 -9999 762.7792 762.8943 762.5104 762.1031 761.6721 761.016 760.1467 759.4421 758.9838 758.3818 757.9981 757.8412 757.959 758.3007 759.0906 759.7016 760.0377 760.5121 761.0988 760.9622 759.1341 757.4095 757.4218 758.4456 759.594 760.6237 760.3419 759.4329 758.4518 757.6818 757.2029 756.9727 756.8916 756.8827 756.8906 756.8618 756.8292 756.7203 756.6415 756.6569 756.7899 757.064 757.2048 757.2183 757.1699 757.2145 757.6819 758.3576 758.6298 759.2784 759.9573 760.7099 761.5446 762.4697 764.6418 766.7001 768.0024 768.524 768.7675 -9999 -9999 -9999
-9999 -9999 -9999 761.85 762.0615 762.191 762.022 761.8922 761.6464 761.1298 760.2237 759.2524 758.6705 758.1097 758.022 758.2195 758.7418 759.2848 759.8301 760.0003 760.0651 760.3207 761.3143 761.7532 759.6941 757.6415 757.816 759.1158 760.7956 761.9219 761.0126 759.7236 758.5449 757.6962 757.2041 756.9902 756.9373 756.9499 756.9498 756.9662 757.0318 756.8523 756.7255 756.6904 756.7238 756.8487 756.9446 756.9584 756.9127 756.9232 757.2726 758.2017 758.6285 759.3533 759.9587 760.7004 761.7997 763.2664 765.4772 767.3964 768.6351 769.0353 769.5192 -9999 -9999 -9999
-9999 -9999 761.4244 761.9493 762.0398 762.0002 761.8977 761.8777 761.7145 761.3155 760.2877 759.587 759.1041 758.9031 758.7629 759.2345 759.7699 759.8483 759.9774 760.0869 760.0062 759.9929 760.5479 760.6846 759.0009 757.5331 757.7556 758.8295 760.0902 760.7808 760.2222 759.1589 758.1181 757.4194 757.0662 756.9569 756.95 756.9474 757.0005 757.2432 757.5846 757.3582 757.251 757.1837 757.0346 756.9551 756.9501 756.95 756.9498 757.0342 757.5668 758.1849 758.6986 759.5619 760.298 761.2363 762.7745 764.7322 766.8857 768.5906 769.5772 769.8362 -9999 -9999 -9999 -9999
-9999 -9999 761.5385 762.0639 762.2352 762.0001 761.7164 761.6096 761.3323 760.8777 760.2513 759.8314 759.6126 759.8459 759.725 759.9756 759.6676 759.4422 759.4138 759.7014 759.5434 758.9407 758.8779 758.9075 758.236 757.4132 757.4691 758.0664 758.7729 759.1495 758.9127 758.2152 757.4507 757.0635 756.9401 756.9648 756.966 756.9496 757.1116 758.0121 758.2308 758.41 758.4024 758.2931 757.8091 757.3102 757.0944 757.0252 756.9555 756.9765 757.5707 758.3532 759.2468 760.4193 761.5339 762.8419 764.6404 766.6749 768.5482 769.9273 770.6953 771.0626 -9999 -9999 -9999 -9999
-9999 -9999 762.2256 762.8224 762.8616 762.1743 761.3251 760.5103 760.2047 760.125 759.9604 759.9076 759.9989 759.9391 759.4474 758.947 758.1797 757.903 758.1592 758.4943 758.3884 757.8423 757.6497 758.2397 757.9394 757.4211 757.2252 757.329 757.5706 757.7756 757.8866 757.5678 757.1084 757.1012 757.1508 757.1965 757.0615 756.8426 756.8218 757.2433 757.6777 758.0832 758.2062 758.1874 757.8597 757.1887 757.0048 757.0332 756.9468 756.8732 757.2811 758.4728 759.8951 761.474 763.0121 764.7141 766.6483 768.5465 770.1205 771.1965 771.6384 772.009 -9999 -9999 -9999 -9999
-9999 -9999 763.3291 763.9033 763.8138 762.8934 761.6148 760.5853 759.9877 759.7336 759.592 759.5684 759.5148 759.1583 758.4015 757.6108 757.1021 756.9343 757.1118 757.457 757.4199 757.0554 757.115 757.582 757.6647 757.338 757.094 756.941 756.9554 757.1422 757.6934 757.8062 758.1177 758.2592 758.2036 757.7303 757.2072 756.5901 756.223 756.2715 756.4558 756.6218 756.7195 756.7708 756.5527 756.3072 756.469 756.8124 756.7203 756.6769 757.0388 758.1027 759.9017 761.9841 763.9896 765.996 768.0526 769.9582 771.4438 772.2749 772.3205 -9999 -9999 -9999 -9999 -9999
-9999 -9999 764.6307 765.1608 764.8837 763.8376 762.4724 761.1402 760.1876 759.6423 759.2893 759.1281 758.8783 758.3059 757.4095 756.8056 756.4541 756.3838 756.5793 756.8859 756.917 756.749 756.8284 757.1421 757.2994 757.1348 756.9658 756.9562 757.3611 758.0696 758.3059 758.3985 758.594 758.6611 758.4446 757.8014 757.0703 756.1353 755.5383 755.4455 755.5226 755.814 756.2008 756.5658 756.507 756.0569 755.5168 756.1594 756.3976 756.4801 756.7835 757.6629 759.5911 761.8807 764.0939 766.27 768.5224 770.7115 772.453 773.474 -9999 -9999 -9999 -9999 -9999 -9999
-9999 -9999 765.7856 766.1655 765.709 764.4637 763.0256 761.7075 760.532 759.7817 759.2108 758.7992 758.3578 757.632 756.92 756.407 756.1223 756.0685 756.2073 756.3894 756.4596 756.4905 756.6143 756.8453 756.9843 756.8953 756.8311 756.9571 757.4574 758.1921 758.3623 758.3655 758.376 758.3271 758.0022 757.1445 756.1379 755.5076 755.2128 755.1698 755.2903 755.6199 756.3559 757.2629 757.548 757.288 756.8743 756.8068 756.6991 756.6443 756.8112 757.46 759.1523 761.2758 763.3904 765.5329 767.9016 770.4919 772.915 774.6121 -9999 -9999 -9999 -9999 -9999 -9999
-9999 -9999 766.5363 766.8755 766.1238 764.7166 763.2438 762.0544 761.1028 760.0294 759.1743 758.5196 757.866 757.0976 756.5837 756.205 755.9735 755.9014 755.9667 756.0779 756.1149 756.2417 756.4227 756.6141 756.6698 756.6332 756.6461 756.7469 756.9655 757.1866 757.2374 757.2195 757.1854 757.0711 756.7126 755.9967 755.5453 755.3019 755.2361 755.2568 755.4141 755.7032 756.831 758.2034 758.8241 759.0104 758.6605 757.9891 757.3991 757.1634 757.2309 757.6671 758.6746 760.3442 762.1187 764.028 766.4055 769.3704 772.5477 775.1685 776.3374 -9999 -9999 -9999 -9999 -9999
-9999 -9999 -9999 767.156 766.4301 764.9353 763.3419 762.0607 761.0531 759.9266 759.0004 758.351 757.6359 756.9632 756.4909 756.1582 755.9419 755.8352 755.8271 755.8939 755.9564 756.0448 756.2468 756.3889 756.4236 756.4448 756.4791 756.5295 756.5862 756.6006 756.5349 756.4178 756.2531 755.9976 755.6423 755.4097 755.321 755.3427 755.4268 755.4293 755.5378 755.9146 756.8676 758.1078 759.3251 759.9422 759.7111 758.9546 758.0128 757.7705 757.8779 758.4705 757.886 758.9418 760.3653 762.0899 764.4924 767.7712 771.5557 775.0011 777.0739 -9999 -9999 -9999 -9999 -9999
-9999 -9999 -9999 767.4579 766.7568 765.2496 763.4719 761.8788 760.5903 759.5663 758.631 758.0109 757.4399 756.9459 756.5007 756.1755 755.9594 755.8268 755.7638 755.7902 755.8739 755.9928 756.1391 756.2198 756.2667 756.3143 756.3572 756.3781 756.3571 756.2777 756.1368 755.9498 755.7216 755.4557 755.3029 755.2677 755.3337 755.4293 755.4708 755.4659 755.5399 755.8748 756.5872 757.6284 759.0162 759.8961 759.8007 758.8745 758.2988 758.1518 757.9832 757.5452 757.1232 757.5443 758.6385 760.2278 762.6488 766.1495 770.4107 774.5637 777.5237 778.5447 -9999 -9999 -9999 -9999
-9999 -9999 -9999 767.785 766.9236 765.3729 763.4921 761.7308 760.5419 759.4669 758.4941 757.7808 757.2565 756.9103 756.4821 756.1659 755.9595 755.8262 755.7479 755.7361 755.8296 755.938 756.0096 756.0654 756.1303 756.2048 756.2677 756.2883 756.2454 756.1343 755.9664 755.7678 755.5725 755.4279 755.3374 755.3442 755.4293 755.4659 755.4645 755.4299 755.4324 755.6709 756.1455 757.0283 758.1745 759.1487 758.8871 758.0894 757.4672 757.0947 756.8599 756.5182 756.3959 756.7681 757.5617 758.8323 761.2092 764.8655 769.4136 773.9828 777.4313 778.845 -9999 -9999 -9999 -9999
-9999 -9999 -9999 767.975 766.9765 765.412 763.5656 761.8265 760.5063 759.4904 758.4624 757.602 757.0005 756.6603 756.3276 756.0697 755.8994 755.7944 755.7244 755.7147 755.7797 755.8374 755.8805 755.9293 756.006 756.1025 756.1903 756.2325 756.2026 756.0969 755.9326 755.7399 755.5579 755.4306 755.4295 755.4299 755.4576 755.458 755.4299 755.3607 755.3223 755.4135 755.5605 756.199 756.9829 757.6314 757.2891 756.6675 756.0176 755.6847 755.5566 755.5275 755.8141 756.4618 757.3981 758.0731 760.3271 764.0391 768.6852 773.3815 776.9636 778.5145 -9999 -9999 -9999 -9999
-9999 -9999 -9999 767.9901 766.9082 765.4026 763.7563 762.2576 761.0144 759.8585 758.5699 757.4974 756.8768 756.4369 756.1324 755.9212 755.7922 755.7152 755.6716 755.6565 755.6908 755.7322 755.7696 755.817 755.8956 756.0023 756.1097 756.1797 756.1814 756.1044 755.9645 755.7923 755.6287 755.5157 755.4845 755.4705 755.4625 755.4301 755.3721 755.2697 755.166 755.114 755.1343 755.3959 755.6664 755.889 755.732 755.4286 755.0435 754.8248 754.8048 754.9712 755.4064 756.1053 756.8784 757.6424 759.9285 763.6356 768.2449 772.8511 776.2164 777.3165 -9999 -9999 -9999 -9999
768.3281 768.4373 768.3339 767.7615 766.6026 765.2505 763.9764 762.7907 761.6091 760.3171 758.7722 757.3325 756.5785 756.1412 755.893 755.7501 755.6634 755.6167 755.5922 755.5851 755.6084 755.644 755.679 755.7236 755.7968 755.9004 756.015 756.1074 756.1448 756.1091 756.0057 755.8624 755.7155 755.601 755.537 755.4998 755.4725 755.4299 755.3389 755.1978 755.0345 754.8888 754.8032 754.844 754.9281 755.006 754.9474 754.7926 754.5945 754.5009 754.5858 754.8474 755.241 755.806 756.7501 757.6641 759.9848 763.6038 768.0605 772.4206 775.3759 775.7667 -9999 -9999 -9999 -9999
767.9966 767.9843 767.744 767.0101 765.9985 764.9185 763.9358 762.9547 761.7985 760.5199 759.1059 757.3757 756.3792 755.873 755.6523 755.5829 755.5405 755.5186 755.5071 755.5073 755.535 755.5682 755.6047 755.6444 755.7029 755.7919 755.9003 756.0035 756.0706 756.0771 756.0173 755.9075 755.7791 755.6622 755.5757 755.5167 755.4758 755.43 755.3224 755.1558 754.955 754.7607 754.6219 754.5881 754.6438 754.7482 754.8167 754.802 754.7471 754.7744 754.9933 755.4249 755.907 756.6586 757.6254 758.3503 760.5528 763.9985 768.1645 772.113 774.642 774.4509 -9999 -9999 -9999 -9999
766.9251 766.808 766.455 765.7841 765.0476 764.24 763.5815 762.9372 762.0524 760.9569 759.3077 757.4042 756.2178 755.6366 755.431 755.4276 755.4297 755.4299 755.4299 755.4302 755.4692 755.4968 755.5366 755.5757 755.6204 755.6859 755.7745 755.8726 755.9557 755.9962 755.9783 755.9054 755.7999 755.6885 755.5908 755.5153 755.4629 755.4297 755.3141 755.1353 754.923 754.7231 754.5945 754.595 754.7419 755.0031 755.2902 755.4586 755.5571 755.7057 756.0791 756.7857 757.4503 758.0585 758.652 759.6355 761.8038 764.9882 768.618 771.8936 773.9449 773.7542 -9999 -9999 -9999 -9999
765.0486 764.8862 764.6588 764.2978 764.0042 763.5923 763.1028 762.6964 762.007 760.8732 759.2582 757.3272 756.0178 755.4222 755.2296 755.2433 755.2955 755.3411 755.3716 755.3951 755.4299 755.4302 755.4741 755.5153 755.5485 755.5895 755.6517 755.7318 755.8142 755.8735 755.8876 755.8501 755.7725 755.6768 755.5824 755.4993 755.4302 755.4088 755.3024 755.1241 754.9192 754.7486 754.6874 754.8109 755.1592 755.7058 756.3325 756.7469 757.0942 757.3948 757.9055 758.6802 759.3723 759.939 760.5397 761.6191 763.6902 766.4811 769.3309 771.5935 772.8129 772.7273 -9999 -9999 -9999 -9999
762.3379 762.1444 762.2944 762.4987 762.814 762.8876 762.6946 762.451 761.9696 760.9543 759.343 757.2529 755.7908 755.2373 755.096 755.137 755.2194 755.2918 755.3416 755.3719 755.3935 755.4008 755.43 755.4666 755.4934 755.5148 755.548 755.6027 755.6706 755.7316 755.7625 755.7507 755.7008 755.6299 755.5576 755.4979 755.4574 755.4297 755.3068 755.121 754.9257 754.7998 754.8412 755.1592 755.8335 756.8741 757.8388 758.523 758.9841 759.2233 759.8807 760.6912 761.4652 762.0811 762.7726 763.8969 765.8325 768.1653 770.1666 771.303 771.5082 -9999 -9999 -9999 -9999 -9999
759.2586 759.0392 759.4622 760.3071 761.3303 761.8402 762.0282 762.0442 761.7993 760.9578 759.3452 757.137 755.7868 755.229 755.1016 755.1532 755.233 755.3016 755.3489 755.3749 755.3859 755.3896 755.4062 755.43 755.454 755.4673 755.4796 755.5072 755.5521 755.5994 755.6293 755.6279 755.5966 755.5488 755.5032 755.4734 755.4586 755.4299 755.3099 755.1207 754.9296 754.8387 754.9744 755.5005 756.6052 757.8301 758.8031 759.8454 760.5198 760.8769 761.6306 762.5413 763.4203 764.0758 764.7906 765.9134 767.6082 769.4459 770.606 770.8998 770.1852 -9999 -9999 -9999 -9999 -9999
756.8186 756.6522 756.976 758.0097 759.3696 760.4677 761.1552 761.5564 761.3804 760.5847 758.8242 756.7728 755.6892 755.2698 755.1997 755.2697 755.3212 755.3595 755.3857 755.3997 755.4032 755.3977 755.4016 755.4144 755.43 755.4423 755.4465 755.4548 755.4756 755.501 755.5155 755.5076 755.4788 755.4417 755.4151 755.4127 755.43 755.4269 755.3252 755.1339 754.936 754.849 755.0082 755.5813 756.7848 757.8839 758.7413 759.7314 760.6796 761.6043 762.6483 763.7273 764.6909 765.4206 766.2034 767.2873 768.6772 770.1198 770.7308 770.3037 -9999 -9999 -9999 -9999 -9999 -9999
756.1904 756.1413 755.6788 756.1849 757.4662 758.8898 760.0841 760.7496 760.3571 759.2377 757.5229 756.0565 755.4874 755.324 755.333 755.4282 755.4301 755.43 755.43 755.43 755.43 755.4167 755.4127 755.4139 755.4214 755.43 755.4347 755.4362 755.4398 755.4432 755.4355 755.4092 755.3672 755.3239 755.3005 755.3158 755.3705 755.4299 755.3696 755.1805 754.9736 754.8777 755.0313 755.5927 756.7802 757.7681 758.4973 759.1014 759.7476 760.9101 762.3632 763.8652 765.1745 766.2682 767.2806 768.3752 769.7343 770.8192 770.9186 -9999 -9999 -9999 -9999 -9999 -9999 -9999
756.8654 756.563 755.9826 755.4861 756.0938 757.4201 758.798 759.4792 758.8589 757.5336 756.2466 755.6141 755.4292 755.4293 755.4301 755.4771 755.481 755.4713 755.4595 755.4495 755.4414 755.43 755.43 755.4227 755.4216 755.4258 755.43 755.4328 755.4302 755.4189 755.3913 755.3427 755.2788 755.2154 755.1777 755.1904 755.2615 755.3674 755.4291 755.2747 755.0742 754.978 755.1481 755.7227 756.8433 757.7628 758.4374 758.8314 759.1467 759.923 761.5771 763.5725 765.482 767.0668 768.2858 769.3402 770.4695 -9999 -9999 -9999 -9999 -9999 -9999 -9999 -9999 -9999
757.375 757.1424 756.4933 755.473 755.4335 756.1064 757.1601 757.5573 756.9739 756.0613 755.4928 755.4276 755.4103 755.4556 755.4836 755.5078 755.5067 755.4926 755.4751 755.4594 755.4473 755.4382 755.4353 755.43 755.4259 755.4266 755.43 755.4331 755.4308 755.4149 755.3767 755.3125 755.2286 755.1429 755.0845 755.0875 755.1708 755.3153 755.4456 755.439 755.2665 755.1619 755.3951 756.1645 757.0917 757.8837 758.4806 758.9441 759.2062 759.1644 760.8479 763.2673 765.7147 767.6932 -9999 -9999 -9999 -9999 -9999 -9999 -9999 -9999 -9999 -9999 -9999 -9999
757.9383 757.7278 756.842 755.5696 755.2203 755.4286 755.7083 755.8257 755.6251 755.4321 755.3483 755.4312 755.4995 755.5477 755.5625 755.557 755.5356 755.5088 755.4835 755.4626 755.4474 755.4386 755.4351 755.4322 755.43 755.4285 755.4291 755.43 755.431 755.4191 755.3829 755.3177 755.2279 755.1323 755.0662 755.0846 755.2386 755.5414 755.9318 755.8918 755.599 755.362 755.5366 756.5605 757.3778 758.0615 758.5385 759.1167 759.5731 758.5214 760.3027 763.0575 765.8804 768.0762 -9999 -9999 -9999 -9999 -9999 -9999 -9999 -9999 -9999 -9999 -9999 -9999
758.561 758.5072 757.3735 755.8347 755.4749 755.6703 755.903 755.8712 755.7568 755.7104 755.7227 755.7628 755.7753 755.7534 755.7039 755.6426 755.5815 755.5295 755.4902 755.4623 755.4438 755.434 755.4309 755.4306 755.4305 755.43 755.4293 755.4296 755.43 755.4247 755.4003 755.3511 755.2767 755.1936 755.1441 755.2228 755.5483 756.2252 756.746 756.5146 756.0142 755.5718 755.5612 756.5704 757.4703 758.2119 758.4836 758.6418 758.6334 758.3714 760.2726 763.1998 766.2463 768.6187 -9999 -9999 -9999 -9999 -9999 -9999 -9999 -9999 -9999 -9999 -9999 -9999
759.1241 759.4606 757.8627 756.2422 756.03 756.3853 756.7372 756.5532 756.4275 756.3861 756.3641 756.2831 756.1769 756.0433 755.8967 755.7585 755.6432 755.5566 755.4978 755.4604 755.4382 755.4272 755.4252 755.4273 755.4298 755.4305 755.43 755.43 755.4309 755.43 755.4197 755.3992 755.3591 755.3104 755.2916 755.4573 756.0255 756.8016 757.1108 756.9098 756.3599 755.7996 755.6287 756.2415 757.3593 758.3677 758.4279 758.2238 758.1412 758.7412 760.7006 763.6671 766.8077 769.328 -9999 -9999 -9999 -9999 -9999 -9999 -9999 -9999 -9999 -9999 -9999 -9999
759.9385 759.6363 758.0013 756.7956 756.5828 756.912 757.0551 756.9553 756.9459 756.944 756.9304 756.7582 756.5725 756.3409 756.0975 755.88 755.708 755.5853 755.506 755.4589 755.4331 755.422 755.421 755.4254 755.4297 755.4313 755.4301 755.429 755.43 755.4348 755.43 755.4379 755.4349 755.4297 755.43 755.6629 756.2633 756.9338 757.173 756.9755 756.5745 755.941 755.5369 755.7971 757.1174 758.3507 758.309 757.9391 757.9608 758.9796 761.163 764.1733 767.3189 769.9595 -9999 -9999 -9999 -9999 -9999 -9999 -9999 -9999 -9999 -9999 -9999 -9999
759.9421 758.8535 757.5105 756.797 756.6545 756.8322 756.9465 756.9352 756.8986 756.8608 756.9785 756.952 756.8381 756.563 756.2498 755.9721 755.7574 755.6079 755.5134 755.4591 755.4314 755.4208 755.4214 755.4272 755.4319 755.4319 755.4274 755.4221 755.4218 755.43 755.4299 755.4299 755.4297 755.4292 755.4293 755.6721 756.3239 756.9413 757.2192 757.1634 756.8576 756.1 755.5305 755.6592 757.0499 758.3478 758.1233 757.6927 757.889 759.0528 761.3936 764.4682 767.6299 770.3719 -9999 -9999 -9999 -9999 -9999 -9999 -9999 -9999 -9999 -9999 -9999 -9999
758.9156 757.8041 757.0194 756.5741 756.4415 756.4746 756.4626 756.3201 756.0813 755.9417 756.5952 756.953 756.9452 756.6414 756.2987 756.0013 755.7742 755.6173 755.5192 755.4636 755.4362 755.427 755.4291 755.4353 755.4382 755.4336 755.4209 755.4032 755.3848 755.3667 755.3411 755.3109 755.2807 755.2722 755.3219 755.6004 756.405 756.9626 757.2382 757.2208 756.9191 756.1587 755.5521 755.6443 757.0337 758.2762 757.7867 757.4846 757.795 759.0361 761.5679 764.7366 767.8953 770.6022 -9999 -9999 -9999 -9999 -9999 -9999 -9999 -9999 -9999 -9999 -9999 -9999
