backend/lakes/data/Angling Lake/angl_dem_tm.asc
ncols         88
nrows         106
xllcorner     802350
yllcorner     6010850
cellsize      50
NODATA_value  -9999
[rows 60 to 89 of 106, columns 0 to 67 of 88]
-9999 -9999 -9999 -9999 -9999 -9999 -9999 -9999 -9999 -9999 -9999 -9999 -9999 -9999 -9999 563.9715 562.4434 560.9601 559.41 557.563 555.4724 553.3414 551.3423 549.3527 547.4116 545.6732 544.3548 543.6158 543.2139 542.9934 542.9076 542.9244 542.9995 543.0206 543 542.9998 543.0031 543.0033 543 543 542.9977 543.0031 543.0129 543.0212 543.0234 543.021 543.0182 543.0214 543.0305 543.0355 543.0258 542.9998 542.9381 542.8779 542.8822 543.0225 543.4955 543.9723 544.3153 544.8973 545.9487 547.7017 549.9918 552.4591 554.9207 557.3819 559.4313 560.871
-9999 -9999 -9999 -9999 -9999 -9999 -9999 -9999 -9999 -9999 -9999 -9999 -9999 -9999 -9999 564.9507 563.2106 561.6162 559.9972 558.0685 555.8147 553.5258 551.4344 549.428 547.5396 545.9341 544.7618 544.0034 543.5864 543.2798 543.0953 543.0151 543 543.0046 543 543.0118 543.022 543.0217 543.0121 543 542.9945 542.9956 543.0043 543.0167 543.0264 543.0297 543.0282 543.0267 543.0281 543.0229 543.0001 542.9583 542.8959 542.8489 542.8704 543.0566 543.5844 544.0045 544.4116 545.0914 546.3559 548.2881 550.6571 553.113 555.5191 557.8824 559.7207 560.9705
-9999 -9999 -9999 -9999 -9999 -9999 -9999 -9999 -9999 -9999 -9999 -9999 -9999 -9999 -9999 -9999 563.5668 561.831 560.1284 558.1836 555.9716 553.7394 551.6475 549.6311 547.7424 546.1453 544.9921 544.2938 543.9241 543.5245 543.254 543.0921 543.0003 543 543.0193 543.0533 543.0728 543.0697 543.0492 543.0229 543.0031 542.9943 542.9988 543.0117 543.026 543.0345 543.0356 543.0323 543.0303 543.0204 542.9999 542.9459 542.9019 542.9061 543.0077 543.3409 543.8819 544.1862 544.6149 545.4124 546.9199 549.0565 551.525 554.0055 556.3431 558.4846 560.0925 561.2424
-9999 -9999 -9999 -9999 -9999 -9999 -9999 -9999 -9999 -9999 -9999 -9999 -9999 -9999 -9999 -9999 563.7468 561.9716 560.3199 558.4907 556.422 554.2992 552.1786 550.0981 548.1323 546.4184 545.14 544.4115 543.9858 543.6212 543.3712 543.2042 543.0817 543.0072 543.0905 543.1544 543.1758 543.1584 543.1156 543.0646 543.022 542.9985 542.9975 543.0083 543.0217 543.0322 543.0338 543.0261 543.0229 543 542.9689 542.9324 542.9263 542.9973 543.1814 543.5341 543.9738 544.3406 544.9199 545.9601 547.6962 550.0083 552.5577 555.0724 557.3181 559.1948 560.6405 561.7928
-9999 -9999 -9999 -9999 -9999 -9999 -9999 -9999 -9999 -9999 -9999 -9999 -9999 -9999 -9999 -9999 564.1498 562.5984 561.233 559.617 557.6174 555.3724 553.0544 550.7875 548.6525 546.7781 545.3616 544.5302 543.9949 543.6778 543.5081 543.4047 543.3311 543.2955 543.337 543.3594 543.3459 543.2925 543.212 543.1235 543.0479 543.0035 542.9993 543.007 543.0142 543.0214 543.0211 543.0001 542.9998 542.9612 542.9281 542.9135 542.9341 543.0111 543.3082 543.6875 544.0347 544.5094 545.2399 546.5629 548.6001 551.1119 553.718 556.2042 558.2943 559.8398 561.0408 562.2094
-9999 -9999 -9999 -9999 -9999 -9999 -9999 -9999 -9999 -9999 -9999 -9999 -9999 -9999 -9999 -9999 564.8464 563.8162 562.8631 561.4537 559.447 557.027 554.4263 551.8756 549.4805 547.3916 545.8095 544.7773 544.0647 543.7869 543.712 543.6832 543.6642 543.6592 543.6677 543.6216 543.5613 543.4615 543.334 543.1993 543.08 543.0033 543 543.006 543 543 542.9999 542.9612 542.9311 542.8947 542.8783 542.905 542.9984 543.1523 543.4873 543.9283 544.2777 544.86 545.8073 547.4143 549.7313 552.3735 554.9705 557.3597 559.1926 560.4044 561.3782 562.5764
-9999 -9999 -9999 -9999 -9999 -9999 -9999 -9999 -9999 -9999 -9999 -9999 -9999 -9999 -9999 -9999 -9999 565.4588 564.9483 563.6785 561.6587 559.0972 556.2215 553.3068 550.5388 548.106 546.2452 545.0072 544.2811 544.0023 543.9898 543.9953 543.9965 543.9974 543.9866 543.8638 543.7847 543.6467 543.4757 543.2969 543.1299 543.0009 542.9843 543 542.9772 542.9567 542.9347 542.8915 542.8496 542.8179 542.817 542.8695 543.0003 543.2306 543.5766 543.9888 544.4774 545.2127 546.4933 548.498 551.0833 553.8184 556.3439 558.4933 559.9824 560.9666 561.8087 562.8973
-9999 -9999 -9999 -9999 -9999 -9999 -9999 -9999 -9999 -9999 -9999 -9999 -9999 -9999 -9999 -9999 -9999 567.357 567.1036 565.8981 563.8773 561.2183 558.1245 554.891 551.7609 549.0063 546.8533 545.3846 544.6012 544.283 544.2427 544.2429 544.2317 544.2036 544.1395 544.0104 543.9914 543.8309 543.6326 543.4288 543.238 543.0831 543.0002 542.9739 542.9434 542.9106 542.8752 542.8256 542.7786 542.7535 542.7688 542.8405 542.9989 543.2995 543.6855 544.0791 544.7811 545.7876 547.4143 549.7751 552.5737 555.3777 557.7742 559.5535 560.7577 561.5526 562.3302 563.3794
-9999 -9999 -9999 -9999 -9999 -9999 -9999 -9999 -9999 -9999 -9999 -9999 -9999 -9999 -9999 -9999 -9999 -9999 568.8217 567.6732 565.7256 563.0719 559.8867 556.4317 553.0211 550.0323 547.6735 546.0414 545.0882 544.6545 544.5681 544.5071 544.4462 544.389 544.3201 544.2311 544.1639 544.0024 543.8012 543.5909 543.3901 543.214 543.0848 543.0002 542.944 542.8944 542.8523 542.792 542.7408 542.7267 542.7671 542.8593 543.0195 543.406 543.8981 544.314 545.1105 546.4843 548.55 551.2251 554.1423 556.8597 558.9644 560.4668 561.447 562.2226 563.1169 -9999
-9999 -9999 -9999 -9999 -9999 -9999 -9999 -9999 -9999 -9999 -9999 -9999 -9999 -9999 -9999 -9999 -9999 -9999 569.624 568.6176 566.9228 564.4156 561.2682 557.7563 554.1792 551.0359 548.543 546.7831 545.6969 545.0767 544.9517 544.7845 544.6548 544.5787 544.5237 544.4669 544.3901 544.2242 544.0038 543.7844 543.5763 543.3789 543.2168 543.0929 542.9998 542.9252 542.8893 542.8099 542.7532 542.7567 542.8469 542.9968 543.19 543.5212 543.9692 544.5457 545.5871 547.3925 549.8592 552.7108 555.6099 558.1201 559.8717 561.0963 562.0982 563.1356 -9999 -9999
-9999 -9999 -9999 -9999 -9999 -9999 -9999 -9999 -9999 -9999 -9999 -9999 -9999 -9999 -9999 -9999 -9999 -9999 -9999 568.8068 567.4875 565.2267 562.2301 558.799 555.2252 552.0202 549.4013 547.4625 546.2043 545.4962 545.1875 544.9905 544.8312 544.7718 544.7462 544.725 544.6705 544.4926 544.2516 544.0034 543.7839 543.5601 543.3778 543.2291 543.1042 543.003 542.9965 542.8837 542.8277 542.8481 542.999 543.1954 543.4166 543.6914 544.0735 544.8613 546.2718 548.4854 551.206 554.0567 556.7339 558.9044 560.2494 561.4648 562.6902 564.1429 -9999 -9999
-9999 -9999 -9999 -9999 -9999 -9999 -9999 -9999 -9999 -9999 -9999 -9999 -9999 -9999 -9999 -9999 -9999 -9999 -9999 569.7123 568.2197 565.9528 563.0445 559.7469 556.3141 553.1229 550.4398 548.37 546.9351 546.0319 545.5005 545.1763 545.0029 544.9943 545.0049 545.0046 544.9803 544.7701 544.502 544.2226 543.9796 543.7263 543.5549 543.4097 543.2839 543.1771 543.1089 543.0074 543.0005 543.0371 543.2473 543.4736 543.7135 543.9669 544.3323 545.2372 547.008 549.5465 552.395 555.1385 557.533 559.4092 560.6829 561.7698 563.188 -9999 -9999 -9999
-9999 -9999 -9999 -9999 -9999 -9999 -9999 -9999 -9999 -9999 -9999 -9999 -9999 -9999 -9999 -9999 -9999 -9999 -9999 570.8554 569.247 566.9126 564.0391 560.8721 557.6136 554.5106 551.7705 549.515 547.885 546.7974 546.0239 545.5212 545.2875 545.2904 545.3657 545.3118 545.2 544.9969 544.7233 544.3851 544.0308 543.8341 543.7426 543.6204 543.5125 543.4095 543.3396 543.3109 543.3756 543.496 543.6343 543.7852 543.9813 544.1292 544.5241 545.5218 547.5198 550.2605 553.2056 555.9296 558.1994 559.8936 561.0268 561.9552 -9999 -9999 -9999 -9999
-9999 -9999 -9999 -9999 -9999 -9999 -9999 -9999 -9999 -9999 -9999 -9999 -9999 -9999 -9999 -9999 -9999 -9999 -9999 -9999 570.6676 568.2936 565.4529 562.408 559.3418 556.3483 553.5579 551.1024 549.17 547.8369 546.8483 546.1262 545.7712 545.7582 545.8994 545.6917 545.4521 545.2281 544.9825 544.6484 544.2841 544.0242 543.9843 543.8428 543.761 543.6572 543.5973 543.6276 543.7637 543.9578 543.9942 544.0004 544.0646 544.2133 544.6813 545.7665 547.8665 550.7247 553.7894 556.5991 558.9051 560.6047 561.7223 562.5328 -9999 -9999 -9999 -9999
-9999 -9999 -9999 -9999 -9999 -9999 -9999 -9999 -9999 -9999 -9999 -9999 -9999 -9999 -9999 -9999 -9999 -9999 -9999 -9999 572.5174 570.0873 567.2648 564.3231 561.4122 558.5598 555.7742 553.1564 550.9344 549.2704 548.0525 547.165 546.602 546.4748 546.6075 546.1754 545.7806 545.5082 545.2468 544.9689 544.6276 544.3381 544.1699 544.0092 543.9901 543.8657 543.7964 543.853 544.0012 544.1636 544.1906 544.1519 544.1559 544.3336 544.9077 546.136 548.3085 551.234 554.4053 557.3995 559.8795 561.7405 562.9805 563.6198 -9999 -9999 -9999 -9999
-9999 -9999 -9999 -9999 -9999 -9999 -9999 -9999 -9999 -9999 -9999 -9999 -9999 -9999 -9999 -9999 -9999 -9999 -9999 -9999 -9999 572.128 569.2769 566.3987 563.6224 560.8959 558.1654 555.4709 553.0394 551.1054 549.7129 548.759 548.111 547.7756 547.6097 546.9805 546.312 545.9425 545.5817 545.2643 544.9684 544.658 544.4083 544.2192 544.1243 543.9997 543.9126 543.9943 544.183 544.3574 544.3855 544.3395 544.3276 544.5421 545.1915 546.606 548.9653 552.0275 555.356 558.5638 561.2566 563.2794 564.6006 565.1503 -9999 -9999 -9999 -9999
-9999 -9999 -9999 -9999 -9999 -9999 -9999 -9999 -9999 -9999 -9999 -9999 -9999 -9999 -9999 -9999 -9999 -9999 -9999 -9999 -9999 574.2562 571.3638 568.5142 565.8221 563.194 560.521 557.8239 555.2785 553.1787 551.65 550.6133 549.8946 549.3368 548.8518 548.0533 547.2281 546.6212 546.0919 545.6487 545.2859 544.9752 544.6728 544.4438 544.3107 544.1704 544.0134 544.0449 544.3762 544.6257 544.6473 544.6229 544.6262 544.9408 545.7491 547.3677 549.9478 553.2036 556.7463 560.1143 562.9205 565.0215 566.3908 566.8842 -9999 -9999 -9999 -9999
-9999 -9999 -9999 -9999 -9999 -9999 -9999 -9999 -9999 -9999 -9999 -9999 -9999 -9999 -9999 -9999 -9999 -9999 -9999 -9999 -9999 -9999 573.4281 570.5916 567.9341 565.3521 562.714 560.0407 557.5037 555.3101 553.6633 552.4832 551.6298 550.8578 550.1185 549.3054 548.4321 547.6415 546.973 546.2958 545.754 545.342 544.9839 544.7137 544.6108 544.5284 544.4034 544.4556 544.7372 544.9741 544.922 544.9672 545.0118 545.4777 546.548 548.4766 551.3121 554.7735 558.4729 561.9044 564.7183 566.8364 568.2385 568.7383 -9999 -9999 -9999 -9999
-9999 -9999 -9999 -9999 -9999 -9999 -9999 -9999 -9999 -9999 -9999 -9999 -9999 -9999 -9999 -9999 -9999 -9999 -9999 -9999 -9999 -9999 -9999 572.6005 569.9315 567.3348 564.6703 561.9744 559.4731 557.3621 555.7169 554.4396 553.4086 552.4336 551.5156 550.6893 549.8222 549.0034 548.2519 547.407 546.5364 545.9285 545.4038 545.0451 544.9822 544.9514 544.7869 544.8059 544.9868 545.0374 545.0071 545.1627 545.4918 546.28 547.7463 550.0266 553.1004 556.719 560.4429 563.8045 566.5453 568.6179 569.9772 -9999 -9999 -9999 -9999 -9999
-9999 -9999 -9999 -9999 -9999 -9999 -9999 -9999 -9999 -9999 -9999 -9999 -9999 -9999 -9999 -9999 -9999 -9999 -9999 -9999 -9999 -9999 -9999 -9999 571.7975 569.13 566.3599 563.5567 561.0262 559.0418 557.6074 556.4566 555.3668 554.2525 553.1678 552.213 551.3074 550.5037 549.7344 548.8315 547.7509 546.827 546.0737 545.5632 545.3326 545.1646 545.0034 544.9946 545.0614 545.1433 545.2922 545.6315 546.2903 547.5004 549.3664 551.9402 555.1639 558.8409 562.4797 565.7056 568.3293 570.2993 571.5839 -9999 -9999 -9999 -9999 -9999
-9999 -9999 -9999 -9999 -9999 -9999 -9999 -9999 -9999 -9999 -9999 -9999 -9999 -9999 -9999 -9999 -9999 -9999 -9999 -9999 -9999 -9999 -9999 -9999 -9999 570.7439 567.7861 564.8043 562.1831 560.2502 559.0011 558.1354 557.2234 556.1511 555.0093 553.9203 552.9302 552.069 551.2627 550.3384 549.2018 548.0494 547.0925 546.3467 545.9156 545.5418 545.3078 545.231 545.3032 545.5255 545.9462 546.5623 547.6015 549.1857 551.3207 554.0089 557.2449 560.8514 564.3896 567.4971 570.0006 571.8593 -9999 -9999 -9999 -9999 -9999 -9999
-9999 -9999 -9999 -9999 -9999 -9999 -9999 -9999 -9999 -9999 -9999 -9999 -9999 -9999 -9999 -9999 -9999 -9999 -9999 -9999 -9999 -9999 -9999 -9999 -9999 -9999 569.005 565.7955 563.0211 561.043 559.874 559.1829 558.5253 557.6685 556.644 555.5848 554.5598 553.6122 552.7594 551.8575 550.8281 549.6744 548.5767 547.6226 546.8923 546.2722 545.9429 545.8174 545.9608 546.3831 547.1479 548.1519 549.4811 551.2802 553.4499 556.0737 559.1896 562.6374 566.0613 569.0923 571.5121 573.3145 -9999 -9999 -9999 -9999 -9999 -9999
-9999 -9999 -9999 -9999 -9999 -9999 -9999 -9999 -9999 -9999 -9999 -9999 -9999 -9999 -9999 -9999 -9999 -9999 -9999 -9999 -9999 -9999 -9999 -9999 -9999 -9999 -9999 566.6523 563.6641 561.5245 560.3112 559.7495 559.1882 558.5963 557.7606 556.8384 555.8912 555.0321 554.2333 553.4997 552.7247 551.6768 550.4888 549.3434 548.3597 547.5689 547.0933 546.9557 547.245 547.9482 548.9777 550.2784 551.816 553.6193 555.6494 558.0934 560.983 564.2101 567.4948 570.4692 572.8628 -9999 -9999 -9999 -9999 -9999 -9999 -9999
-9999 -9999 -9999 -9999 -9999 -9999 -9999 -9999 -9999 -9999 -9999 -9999 -9999 -9999 -9999 -9999 -9999 -9999 -9999 -9999 -9999 -9999 -9999 -9999 -9999 -9999 -9999 -9999 -9999 562.1183 560.6597 559.9746 559.51 559.0436 558.4542 557.79 557.0315 556.4105 555.8329 555.4379 555.0383 554.1091 552.8028 551.4535 550.266 549.3695 548.8483 548.8221 549.3017 550.1874 551.3752 552.7882 554.3174 555.9651 557.7549 559.9413 562.5747 565.5856 568.7447 571.6934 -9999 -9999 -9999 -9999 -9999 -9999 -9999 -9999
-9999 -9999 -9999 -9999 -9999 -9999 -9999 -9999 -9999 -9999 -9999 -9999 -9999 -9999 -9999 -9999 -9999 -9999 -9999 -9999 -9999 -9999 -9999 -9999 -9999 -9999 -9999 -9999 -9999 -9999 -9999 -9999 560.2279 559.8021 559.3052 558.782 558.1552 557.7274 557.5367 557.5933 557.623 556.9661 555.5482 553.9904 552.5847 551.5538 551.0255 551.1096 551.7389 552.6859 553.851 555.2296 556.6211 557.974 559.5062 561.4999 563.9982 566.8895 569.9547 -9999 -9999 -9999 -9999 -9999 -9999 -9999 -9999 -9999
-9999 -9999 -9999 -9999 -9999 -9999 -9999 -9999 -9999 -9999 -9999 -9999 -9999 -9999 -9999 -9999 -9999 -9999 -9999 -9999 -9999 -9999 -9999 -9999 -9999 -9999 -9999 -9999 -9999 -9999 -9999 -9999 -9999 -9999 560.8742 560.291 559.6641 559.2974 559.3628 559.7802 560.1978 559.892 558.5781 556.8751 555.2044 553.9504 553.3138 553.4298 554.1217 555.0222 555.9627 557.1561 558.3046 559.3861 560.8227 562.8555 565.3967 568.2466 -9999 -9999 -9999 -9999 -9999 -9999 -9999 -9999 -9999 -9999
-9999 -9999 -9999 -9999 -9999 -9999 -9999 -9999 -9999 -9999 -9999 -9999 -9999 -9999 -9999 -9999 -9999 -9999 -9999 -9999 -9999 -9999 -9999 -9999 -9999 -9999 -9999 -9999 -9999 -9999 -9999 -9999 -9999 -9999 -9999 562.6865 561.9365 561.4622 561.5017 562.0337 562.6733 562.6653 561.5474 559.7958 557.9454 556.4223 555.5335 555.5023 556.0722 556.764 557.3652 558.1907 559.169 560.399 562.0661 564.3046 566.9299 -9999 -9999 -9999 -9999 -9999 -9999 -9999 -9999 -9999 -9999 -9999
-9999 -9999 -9999 -9999 -9999 -9999 -9999 -9999 -9999 -9999 -9999 -9999 -9999 -9999 -9999 -9999 -9999 -9999 -9999 -9999 -9999 -9999 -9999 -9999 -9999 -9999 -9999 -9999 -9999 -9999 -9999 -9999 -9999 -9999 -9999 -9999 -9999 564.2178 564.0244 564.4036 565.0395 565.1804 564.2737 562.6024 560.6582 558.8973 557.6963 557.3101 557.5645 557.9479 558.3804 559.0504 560.0586 561.5993 563.6187 566.0299 -9999 -9999 -9999 -9999 -9999 -9999 -9999 -9999 -9999 -9999 -9999 -9999
-9999 -9999 -9999 -9999 -9999 -9999 -9999 -9999 -9999 -9999 -9999 -9999 -9999 -9999 -9999 -9999 -9999 -9999 -9999 -9999 -9999 -9999 -9999 -9999 -9999 -9999 -9999 -9999 -9999 -9999 -9999 -9999 -9999 -9999 -9999 -9999 -9999 -9999 -9999 566.8943 567.3449 567.4978 566.769 565.2572 563.3335 561.4285 559.9568 559.2057 559.121 559.2958 559.6346 560.3082 561.5327 563.3267 -9999 -9999 -9999 -9999 -9999 -9999 -9999 -9999 -9999 -9999 -9999 -9999 -9999 -9999
-9999 -9999 -9999 -9999 -9999 -9999 -9999 -9999 -9999 -9999 -9999 -9999 -9999 -9999 -9999 -9999 -9999 -9999 -9999 -9999 -9999 -9999 -9999 -9999 -9999 -9999 -9999 -9999 -9999 -9999 -9999 -9999 -9999 -9999 -9999 -9999 -9999 -9999 -9999 -9999 569.6542 569.7628 569.1872 567.8909 566.1044 564.2011 562.6103 561.6215 561.2615 561.3122 561.6845 562.401 -9999 -9999 -9999 -9999 -9999 -9999 -9999 -9999 -9999 -9999 -9999 -9999 -9999 -9999 -9999 -9999
