backend/lakes/data/Angling Lake/angl_dem_tm.asc
ncols         88
nrows         106
xllcorner     802350
yllcorner     6010850
cellsize      50
NODATA_value  -9999
[rows 30 to 59 of 106, columns 0 to 67 of 88]
-9999 -9999 -9999 -9999 -9999 -9999 -9999 -9999 -9999 -9999 -9999 -9999 -9999 -9999 -9999 -9999 -9999 -9999 -9999 -9999 -9999 -9999 560.4265 560.3555 559.9017 558.7857 557.2663 555.6433 554.2252 553.2537 552.7341 552.481 552.2444 552.0026 551.717 551.3661 550.9655 550.4996 550.0369 549.6385 549.2982 549.0405 548.9486 548.7127 548.575 548.4789 548.4608 548.4655 548.4695 548.4655 548.4355 548.3386 548.1793 548.4591 549.0186 549.7756 550.4888 550.9855 551.2813 551.4889 551.6926 552.0593 552.7819 553.8146 555.2045 556.6582 557.6359 558.3415
-9999 -9999 -9999 -9999 -9999 -9999 -9999 -9999 -9999 -9999 -9999 -9999 -9999 -9999 -9999 -9999 -9999 -9999 -9999 -9999 -9999 560.6595 560.4464 560.2131 559.569 558.1534 556.3694 554.6365 553.3937 552.7117 552.3788 552.2053 552.0132 551.7953 551.4749 551.04 550.5286 550.037 549.6531 549.3079 548.9913 548.7233 548.5651 548.356 548.2121 548.0331 548.0029 548.0024 548.0045 548.0058 548.0012 547.9643 547.8433 548.0213 548.5147 549.2338 550.0493 550.6432 550.9986 551.229 551.3513 551.5955 552.2505 553.4028 555.0172 556.7494 558.042 558.9352
-9999 -9999 -9999 -9999 -9999 -9999 -9999 -9999 -9999 -9999 -9999 -9999 -9999 -9999 -9999 -9999 -9999 -9999 -9999 -9999 561.3904 560.7255 560.2271 559.8197 558.895 557.2071 555.2885 553.733 552.8304 552.3831 552.1993 552.1108 551.9809 551.6608 551.2531 550.7534 550.0875 549.6003 549.2952 548.981 548.6643 548.3914 548.2311 548.0268 547.9722 547.7946 547.7051 547.6697 547.6584 547.6544 547.6417 547.6056 547.5568 547.6863 548.0814 548.8214 549.6887 550.2888 550.6428 550.9291 550.9749 551.1052 551.7996 553.0308 554.7974 556.8616 558.5085 559.5853
-9999 -9999 -9999 -9999 -9999 -9999 -9999 -9999 -9999 -9999 -9999 -9999 -9999 -9999 -9999 -9999 -9999 -9999 -9999 -9999 561.6403 560.6826 559.8167 559.2748 558.0212 556.1708 554.4088 553.145 552.4895 552.2067 552.0977 551.9961 551.7703 551.371 550.835 550.163 549.5542 549.0953 548.9031 548.5746 548.3049 548.0404 547.9647 547.7641 547.6588 547.5387 547.458 547.4146 547.3954 547.3854 547.3679 547.3362 547.319 547.399 547.6693 548.2176 549.0698 549.8074 550.1181 550.4021 550.4633 550.5938 551.2457 552.603 554.5911 556.9385 558.8986 560.2513
-9999 -9999 -9999 -9999 -9999 -9999 -9999 -9999 -9999 -9999 -9999 -9999 -9999 -9999 -9999 -9999 -9999 -9999 -9999 -9999 561.5397 560.4939 559.5424 558.4821 556.9232 555.0803 553.5945 552.715 552.2789 552.1035 551.9952 551.7944 551.4476 550.9274 550.209 549.5558 549.0055 548.5977 548.3756 548.0748 547.9489 547.7443 547.605 547.4152 547.327 547.2684 547.2268 547.2005 547.1865 547.1778 547.1642 547.145 547.1464 547.168 547.3078 547.7059 548.4921 549.2723 549.7114 549.9573 549.9728 550.0646 550.7474 552.1829 554.3823 557.0068 559.2921 560.9241
-9999 -9999 -9999 -9999 -9999 -9999 -9999 -9999 -9999 -9999 -9999 -9999 -9999 -9999 -9999 -9999 -9999 -9999 -9999 562.0512 560.9387 559.8868 558.7955 557.4531 555.7507 554.1965 553.0677 552.4441 552.1394 551.9927 551.799 551.5051 551.0281 550.3894 549.6101 548.9391 548.449 548.0678 547.9014 547.6091 547.4852 547.3754 547.2482 547.0345 546.998 546.9984 546.9996 546.9997 546.9994 546.9992 546.9993 547.0019 547.0465 546.9993 546.9982 547.2067 547.9748 548.8241 549.3067 549.4695 549.4569 549.5697 550.2802 551.8376 554.1699 556.9619 559.4983 561.3868
-9999 -9999 -9999 -9999 -9999 -9999 -9999 -9999 -9999 -9999 -9999 -9999 -9999 -9999 -9999 -9999 -9999 -9999 -9999 561.1193 560.0213 558.9924 557.8682 556.4673 554.9197 553.5274 552.7177 552.2786 552.0108 551.7783 551.4924 551.127 550.4999 549.717 548.912 548.2453 547.9047 547.5601 547.356 547.0755 547.0061 546.9856 546.9465 546.764 546.7039 546.7278 546.7618 546.7819 546.7888 546.7953 546.822 546.8894 546.9871 546.8691 546.8147 546.9824 547.5463 548.3441 548.8945 548.9972 548.9654 549.0737 549.8771 551.511 553.8885 556.7591 559.494 561.5912
-9999 -9999 -9999 -9999 -9999 -9999 -9999 -9999 -9999 -9999 -9999 -9999 -9999 -9999 -9999 -9999 -9999 -9999 -9999 560.2249 559.1006 558.1362 557.0499 555.6347 554.1967 553.1027 552.5125 552.1866 551.921 551.4738 551.0273 550.6344 549.8627 548.9777 548.2001 547.7043 547.3749 547.0625 546.9384 546.7175 546.5948 546.5033 546.4628 546.3857 546.3702 546.453 546.5197 546.5488 546.5518 546.5488 546.5685 546.632 546.6932 546.6453 546.6312 546.7747 547.1703 547.8937 548.3721 548.472 548.439 548.5859 549.417 551.1495 553.5797 556.4673 559.2862 561.5173
-9999 -9999 -9999 -9999 -9999 -9999 -9999 -9999 -9999 -9999 -9999 -9999 -9999 -9999 -9999 -9999 -9999 -9999 560.9177 559.5659 558.4399 557.613 556.5762 555.0751 553.6401 552.814 552.3506 551.9957 551.5126 550.9084 550.2816 549.7867 549.0052 548.1977 547.6149 547.2744 546.9718 546.6781 546.4873 546.348 546.2271 546.0427 546.0068 545.9988 546.0231 546.1918 546.2739 546.2961 546.2888 546.2726 546.2739 546.3342 546.3968 546.4146 546.4605 546.6273 546.9782 547.4801 547.9052 547.9802 547.9703 548.1395 549.0751 550.8617 553.312 556.2151 559.0737 561.3777
-9999 -9999 -9999 -9999 -9999 -9999 -9999 -9999 -9999 -9999 -9999 -9999 -9999 -9999 -9999 -9999 -9999 -9999 560.5438 559.2468 558.2458 557.4467 556.3259 554.7364 553.3672 552.6433 552.1932 551.7222 550.9641 550.196 549.5363 548.9072 548.1706 547.538 547.0801 546.8824 546.5479 546.291 546.0463 545.9836 545.9448 545.7635 545.6904 545.6966 545.7771 545.9559 545.9885 545.9929 545.9924 545.9969 546.0063 546.0908 546.1718 546.2261 546.3 546.4557 546.7164 547.0395 547.361 547.4515 547.5388 547.8635 548.8221 550.6135 553.0516 555.975 558.859 561.1816
-9999 -9999 -9999 -9999 -9999 -9999 -9999 -9999 -9999 -9999 -9999 -9999 -9999 -9999 -9999 -9999 -9999 -9999 560.4152 559.2457 558.381 557.4438 556.0178 554.3066 553.1538 552.4757 551.9301 551.1456 550.2638 549.5076 548.8234 548.1299 547.5188 547.0103 546.6333 546.3729 546.07 545.9407 545.6772 545.5195 545.469 545.3923 545.3549 545.3607 545.4064 545.483 545.5107 545.563 545.6167 545.7477 545.9162 546.0005 546.0736 546.1173 546.1759 546.2983 546.4938 546.7338 546.9656 547.0214 547.2081 547.6545 548.6747 550.4359 552.7808 555.6397 558.5753 560.97
-9999 -9999 -9999 -9999 -9999 -9999 -9999 -9999 -9999 -9999 -9999 -9999 -9999 -9999 -9999 -9999 -9999 561.6089 560.3048 559.279 558.3911 557.1332 555.4239 553.7916 552.8381 552.2227 551.5977 550.6071 549.646 548.839 548.1108 547.5095 547.0091 546.6027 546.2757 546.0001 545.7363 545.5411 545.2792 545.0439 545.0039 544.9966 544.9947 544.9935 544.9946 545.0032 545.0303 545.1686 545.2586 545.5521 545.9641 546.0944 546.1312 546.1109 546.1033 546.1697 546.2998 546.465 546.6117 546.712 546.9619 547.4642 548.5656 550.3029 552.5313 555.2708 558.2236 560.7195
-9999 -9999 -9999 -9999 -9999 -9999 -9999 -9999 -9999 -9999 -9999 -9999 -9999 -9999 -9999 -9999 -9999 561.4798 560.1628 559.0493 557.9015 556.4092 554.646 553.2726 552.4521 551.8264 551.0123 549.969 548.964 548.1326 547.4988 546.9971 546.6101 546.2813 545.9948 545.7194 545.464 545.2388 544.9943 544.7672 544.67 544.6399 544.6263 544.6116 544.6088 544.6494 544.7675 544.9839 545.0221 545.4275 545.993 546.3144 546.3523 546.2186 546.0831 546.0746 546.1406 546.2567 546.3453 546.431 546.6685 547.2238 548.4478 550.1896 552.3068 554.8867 557.8329 560.4905
-9999 -9999 -9999 -9999 -9999 -9999 -9999 -9999 -9999 -9999 -9999 -9999 -9999 -9999 -9999 -9999 -9999 561.1505 559.8303 558.6272 557.2686 555.5292 553.8944 552.7957 552.0348 551.3077 550.4022 549.3012 548.2933 547.5337 546.9676 546.5364 546.2695 546.0008 545.7401 545.4764 545.2272 544.9964 544.7531 544.5376 544.4095 544.3563 544.3267 544.3024 544.3168 544.4235 544.6318 544.933 545.2699 545.7864 546.5339 546.96 546.8674 546.4789 546.0975 545.9974 546.0016 546.111 546.1594 546.2113 546.4559 547.0901 548.3597 550.1132 552.1731 554.6772 557.656 560.4637
-9999 -9999 -9999 -9999 -9999 -9999 -9999 -9999 -9999 -9999 -9999 -9999 -9999 -9999 -9999 -9999 562.0646 560.5337 559.1392 557.9102 556.5793 554.9734 553.4515 552.4373 551.6821 550.8214 549.8461 548.7961 547.8155 547.022 546.4558 546.0633 545.9424 545.7242 545.4963 545.2439 545.0013 544.7723 544.5403 544.3334 544.1949 544.1503 544.1243 544.1032 544.1633 544.4132 544.8168 545.3776 546.1962 547.1776 548.0771 548.2631 547.7549 546.9067 546.1019 545.8505 545.8506 545.983 545.9914 546.0007 546.2556 546.9474 548.2374 550.0435 552.0914 554.5518 557.5371 560.3793
-9999 -9999 -9999 -9999 -9999 -9999 -9999 -9999 -9999 -9999 -9999 -9999 -9999 -9999 -9999 -9999 561.1636 559.6312 558.2515 557.0791 555.8586 554.4229 553.1366 552.1043 551.1784 550.2122 549.2059 548.1869 547.2385 546.5067 545.9679 545.595 545.4784 545.3763 545.2368 545.0066 544.7848 544.5704 544.3523 544.1516 544.0044 543.9969 543.9963 543.9979 544.1433 544.6727 545.4343 546.4668 547.7556 549.0778 550.027 549.9263 548.8509 547.4889 546.2573 545.7576 545.6326 545.6663 545.6749 545.7211 546.0024 546.7369 548.1179 549.9802 552.0069 554.3722 557.2397 560.0229
-9999 -9999 -9999 -9999 -9999 -9999 -9999 -9999 -9999 -9999 -9999 -9999 -9999 -9999 -9999 -9999 560.1525 558.696 557.4219 556.3602 555.2634 554.0362 552.9724 551.967 550.9124 549.8204 548.7556 547.7394 546.8014 546.0176 545.4498 545.0596 544.9879 544.9972 544.9734 544.7758 544.5649 544.3784 544.181 543.998 543.854 543.8092 543.813 543.8886 544.2033 545.1733 546.4066 547.7369 549.2319 550.6439 551.4745 551.0812 549.7889 547.9897 546.4297 545.702 545.4351 545.3856 545.3826 545.4496 545.7363 546.4715 547.9918 549.9153 551.9056 554.1365 556.8322 559.5198
-9999 -9999 -9999 -9999 -9999 -9999 -9999 -9999 -9999 -9999 -9999 -9999 -9999 -9999 -9999 560.9766 559.453 558.0625 556.9119 555.8201 554.5979 553.6001 552.7773 551.8315 550.627 549.3362 548.1484 547.1014 546.1953 545.4747 544.9443 544.5616 544.4862 544.5647 544.5897 544.4742 544.3019 544.179 544 543.8244 543.6965 543.6573 543.7184 543.9449 544.5218 545.7959 547.2016 548.5099 549.8535 551.0685 551.5658 551.1755 549.785 547.9627 546.3961 545.5872 545.2495 545.1758 545.1699 545.2568 545.5663 546.3461 547.9193 549.8586 551.7928 553.866 556.3525 558.9022
-9999 -9999 -9999 -9999 -9999 -9999 -9999 -9999 -9999 -9999 -9999 -9999 -9999 -9999 -9999 560.9941 559.3862 557.8936 556.743 555.5888 554.2595 553.2136 552.4391 551.603 550.3762 548.9578 547.6189 546.5211 545.6522 544.905 544.4045 544.0523 544.0275 544.1986 544.2563 544.1891 544.0201 543.9838 543.8047 543.6363 543.5336 543.5298 543.6694 544.0557 544.8895 546.0971 547.2324 548.2201 549.2592 550.101 550.4041 549.927 548.7849 547.3273 546.062 545.3255 545.0063 544.9847 544.9978 545.1208 545.454 546.2776 547.8519 549.7842 551.6758 553.6039 555.8647 558.2681
-9999 -9999 -9999 -9999 -9999 -9999 -9999 -9999 -9999 -9999 -9999 -9999 -9999 -9999 -9999 561.6519 560.0786 558.4333 557.001 555.5933 554.1766 553.0463 552.1359 551.2347 550.0281 548.5249 547.0767 545.8727 544.9152 544.2175 543.9393 543.7399 543.7789 543.9727 544.0043 543.9877 543.8383 543.7262 543.5628 543.4205 543.3528 543.3786 543.5499 543.9817 544.7896 545.7962 546.6866 547.274 547.8708 548.3758 548.4633 548.1221 547.4277 546.4082 545.4395 544.8632 544.6362 544.6505 544.7463 544.9647 545.3188 546.1934 547.7426 549.6771 551.5871 553.4556 555.5878 557.8575
-9999 -9999 -9999 -9999 -9999 -9999 -9999 -9999 -9999 -9999 -9999 -9999 -9999 -9999 -9999 562.3461 560.8887 559.143 557.4154 555.6752 554.2222 553.0263 552.0092 550.9567 549.6215 548.0678 546.5573 545.2623 544.2791 543.7474 543.5237 543.4335 543.4941 543.6364 543.7002 543.6975 543.5999 543.4742 543.3216 543.1979 543.1619 543.1832 543.2853 543.5652 544.1613 544.9731 545.6835 546.0602 546.3195 546.528 546.5635 546.4197 546.0953 545.3815 544.6365 544.1733 544.1978 544.3114 544.4496 544.6812 545.114 546.105 547.6785 549.6337 551.5839 553.475 555.5915 557.7903
-9999 -9999 -9999 -9999 -9999 -9999 -9999 -9999 -9999 -9999 -9999 -9999 -9999 -9999 -9999 562.65 561.2776 559.522 557.6829 555.829 554.3146 553.0543 551.9565 550.7901 549.346 547.7197 546.2101 544.9877 544.0541 543.5184 543.2634 543.1808 543.2244 543.3274 543.4006 543.4167 543.3593 543.2535 543.1201 543.0031 542.9987 542.9977 542.9955 543.07 543.4927 544.06 544.5773 544.9003 545.0406 545.1581 545.1884 545.1239 544.923 544.5147 544.1014 543.8905 543.9907 544.1151 544.2473 544.5039 545.0319 546.0749 547.669 549.6572 551.6763 553.6584 555.8475 558.0106
-9999 -9999 -9999 -9999 -9999 -9999 -9999 -9999 -9999 -9999 -9999 -9999 -9999 -9999 -9999 562.5807 561.283 559.6028 557.7776 555.9086 554.3694 553.0513 551.8537 550.5765 549.069 547.4367 545.9736 544.8481 543.9929 543.4155 543.1044 542.9896 543.0038 543.0796 543.1527 543.1876 543.1643 543.0924 542.9999 542.9133 542.8772 542.8416 542.8002 542.8164 543.023 543.3871 543.7462 544.0012 544.1403 544.3476 544.409 544.3428 544.1118 543.907 543.7256 543.6769 543.8066 543.9897 544.1196 544.41 545.0057 546.0776 547.6973 549.7376 551.855 553.9579 556.2386 558.456
-9999 -9999 -9999 -9999 -9999 -9999 -9999 -9999 -9999 -9999 -9999 -9999 -9999 -9999 -9999 562.2246 561.0455 559.5193 557.7682 555.9207 554.3709 552.989 551.6312 550.1977 548.6389 547.0342 545.6122 544.5687 543.8607 543.2883 542.9607 542.8326 542.834 542.8994 542.9761 543.0294 543.0392 543.0002 542.9446 542.8815 542.8345 542.7876 542.7397 542.7289 542.8177 543.0056 543.2446 543.4855 543.7051 543.9521 543.9984 543.9594 543.7397 543.5725 543.4825 543.5043 543.6385 543.8203 544.0065 544.3523 544.9956 546.0959 547.7589 549.8705 552.0983 554.2924 556.541 558.6866
-9999 -9999 -9999 -9999 -9999 -9999 -9999 -9999 -9999 -9999 -9999 -9999 -9999 -9999 -9999 562.053 560.8939 559.4326 557.7242 555.8925 554.3427 552.9315 551.476 549.9136 548.2723 546.6238 545.199 544.1722 543.523 543.0566 542.7892 542.6925 542.7097 542.7833 542.8705 542.9442 542.9899 543 542.9539 542.9014 542.8603 542.8242 542.7871 542.7678 542.7943 542.879 543.0061 543.2108 543.4141 543.5929 543.6447 543.6052 543.4678 543.3569 543.3215 543.3813 543.53 543.7374 543.9925 544.343 544.9999 546.1362 547.8683 550.0507 552.3278 554.5202 556.6371 558.6155
-9999 -9999 -9999 -9999 -9999 -9999 -9999 -9999 -9999 -9999 -9999 -9999 -9999 -9999 563.134 561.9746 560.7955 559.3424 557.6445 555.8149 554.2804 552.8743 551.3559 549.6614 547.9219 546.2489 544.8452 543.876 543.2267 542.8284 542.6306 542.5847 542.6346 542.7267 542.8243 542.9089 542.9705 543 542.9767 542.9437 542.9224 542.9119 542.8949 542.882 542.8801 542.9229 542.9995 543.1127 543.2435 543.3511 543.3831 543.3488 543.2675 543.2065 543.2117 543.3011 543.4707 543.7031 543.9912 544.3416 545.0114 546.2105 548.0568 550.3232 552.6125 554.7778 556.7979 558.5638
-9999 -9999 -9999 -9999 -9999 -9999 -9999 -9999 -9999 -9999 -9999 -9999 -9999 -9999 563.1168 561.9041 560.6761 559.2112 557.515 555.6694 554.1838 552.8158 551.2695 549.4799 547.6055 545.825 544.3906 543.5059 542.9524 542.6444 542.5222 542.532 542.6177 542.7275 542.8275 542.9083 542.9675 543 542.995 542.9816 542.9813 542.9998 542.9999 542.9995 542.9766 542.9998 543.0219 543.0763 543.1492 543.2062 543.2174 543.186 543.1348 543.1057 543.1387 543.2523 543.4443 543.6937 543.989 544.3378 545.031 546.3153 548.278 550.6241 552.9548 555.1699 557.2373 558.6917
-9999 -9999 -9999 -9999 -9999 -9999 -9999 -9999 -9999 -9999 -9999 -9999 -9999 -9999 -9999 561.8844 560.5662 559.0969 557.4257 555.5235 554.1279 552.7877 551.2216 549.3813 547.4378 545.605 544.1588 543.2887 542.7965 542.5592 542.4979 542.5524 542.6658 542.7834 542.8702 542.9321 542.9753 543 543.0023 542.9972 543 543.0204 543.0287 543.0231 543 543.0094 543.0222 543.053 543.0945 543.1248 543.1249 543.097 543.0591 543.0428 543.0916 543.2245 543.4451 543.71 543.9877 544.3484 545.089 546.5013 548.6062 551.0321 553.4243 555.7663 557.9009 559.3969
-9999 -9999 -9999 -9999 -9999 -9999 -9999 -9999 -9999 -9999 -9999 -9999 -9999 -9999 -9999 562.156 560.791 559.3358 557.7117 555.82 554.3435 552.8705 551.2219 549.3393 547.3715 545.5317 544.0961 543.2441 542.7915 542.5962 542.5682 542.6464 542.7728 542.8846 542.9367 542.9668 542.9878 543 543.0021 542.9996 543 543.0177 543.0288 543.0264 543.0129 543.0106 543.016 543.0349 543.0618 543.0799 543.0775 543.0551 543.0223 543.0001 543.053 543.2007 543.4751 543.7823 544.0137 544.4209 545.2357 546.8097 549.0383 551.5148 553.9374 556.3066 558.4819 560.0353
-9999 -9999 -9999 -9999 -9999 -9999 -9999 -9999 -9999 -9999 -9999 -9999 -9999 -9999 -9999 562.9341 561.5194 560.0709 558.5 556.6431 554.8733 553.0855 551.2697 549.3311 547.3629 545.5494 544.1511 543.3527 542.9348 542.7496 542.7176 542.7872 542.907 542.9991 542.9958 542.9938 542.9973 543 543.0001 543 543.0006 543.0113 543.0219 543.0247 543.019 543.0136 543.0133 543.0236 543.0415 543.0543 543.0507 543.0325 542.9998 542.9574 542.9985 543.1458 543.5188 543.9518 544.1843 544.6265 545.5157 547.2056 549.4878 551.9685 554.4156 556.8086 559.0094 560.6066
