backend/lakes/data/Willow Lake/will_dem_tm.asc
ncols         222
nrows         158
xllcorner     733000
yllcorner     6257750
cellsize      50
NODATA_value  -9999
[rows 60 to 89 of 158, columns 67 to 133 of 222]
467.1581 467.1231 467.0695 467.0003 466.9186 466.7738 466.5864 466.4014 466.2588 466.1655 466.1062 466.0743 466.0775 466.1184 466.179 466.2255 466.2314 466.2065 466.1926 466.2303 466.3366 466.4986 466.6815 466.8401 466.9339 466.952 466.9043 466.8286 466.8131 467.0856 467.6442 468.1312 468.5725 468.9392 468.9985 468.6776 468.058 467.7863 467.7859 468.1264 468.9085 469.3481 469.5707 469.6494 469.6301 469.5428 469.4205 469.3212 469.3182 469.4277 469.6757 470.2299 471.4391 473.3719 475.7286 478.3299 481.0204 483.4982 485.4819 486.9257 488.0023 -9999 -9999 -9999 -9999 -9999 -9999
467.0772 467.0551 467.0001 466.9309 466.8422 466.7142 466.5577 466.4017 466.274 466.1823 466.1177 466.0777 466.0712 466.1039 466.1621 466.2136 466.2314 466.2165 466.2015 466.2253 466.3077 466.4413 466.5992 466.7495 466.8657 466.9386 466.976 466.9978 467.0535 467.5468 468.0081 468.3402 468.6192 468.8092 468.7918 468.5387 468.1708 467.9957 468.0084 468.3581 468.9609 469.3518 469.565 469.6233 469.5593 469.4028 469.1889 469.0051 468.9964 469.1732 469.4763 469.9983 470.8629 472.2669 474.3936 476.8812 479.4234 482.2042 484.6387 486.3809 487.4482 488.2317 -9999 -9999 -9999 -9999 -9999
467.0003 466.9996 466.9409 466.865 466.7724 466.656 466.5212 466.3858 466.2697 466.1819 466.1172 466.0729 466.0585 466.0832 466.139 466.1972 466.2284 466.2275 466.2168 466.23 466.289 466.3937 466.525 466.6613 466.7865 466.8964 466.9993 467.0925 467.2768 467.8617 468.1502 468.2855 468.4478 468.5742 468.5734 468.4363 468.2529 468.1758 468.2534 468.5507 468.9904 469.3771 469.6143 469.6679 469.5652 469.3387 469.0075 468.6792 468.5908 468.8542 469.2527 469.8238 470.4416 471.4765 473.2559 475.5909 477.8545 480.7647 483.5323 485.5645 486.8277 487.6148 -9999 -9999 -9999 -9999 -9999
466.9571 466.926 466.8678 466.793 466.7035 466.5977 466.48 466.3609 466.2547 466.1713 466.1091 466.0632 466.0422 466.0577 466.1083 466.172 466.2185 466.2357 466.2369 466.2476 466.2887 466.3655 466.4674 466.579 466.6893 466.7934 466.8939 466.992 467.0443 467.5034 467.9445 468.0176 468.1765 468.3251 468.3837 468.3568 468.3091 468.3294 468.4633 468.7263 469.0489 469.4774 469.7526 469.7989 469.6624 469.3882 468.9396 468.3363 468.0347 468.1785 468.7596 469.3612 470.0052 470.8238 472.1358 474.1575 476.489 479.3155 482.2727 484.6419 486.1258 487.0328 -9999 -9999 -9999 -9999 -9999
466.8903 466.8466 466.7883 466.717 466.6342 466.5395 466.4365 466.3313 466.2343 466.1558 466.0977 466.054 466.0279 466.0333 466.0748 466.1389 466.199 466.2372 466.257 466.2747 466.3071 466.3617 466.4346 466.5155 466.5952 466.6667 466.7246 466.7686 466.8189 467.0809 467.6143 467.8817 468.0048 468.1661 468.2615 468.3069 468.3541 468.4594 468.6582 468.9686 469.3327 469.729 469.9917 469.9985 469.8251 469.5366 468.9224 468.104 467.729 467.7497 468.1306 468.81 469.5799 470.2838 471.2978 472.96 475.1835 477.8742 480.8712 483.5157 485.3501 486.4394 487.352 -9999 -9999 -9999 -9999
466.8075 466.7604 466.7054 466.64 466.5653 466.4821 466.3926 466.3002 466.2115 466.138 466.085 466.047 466.0206 466.0164 466.0455 466.1035 466.1712 466.2292 466.2719 466.3057 466.3398 466.3817 466.4319 466.4866 466.5403 466.5894 466.6335 466.6852 466.7976 467.0788 467.644 467.9884 468.0784 468.1508 468.2144 468.2831 468.3879 468.5562 468.7942 469.0848 469.6014 469.9938 470.1986 470.197 470.0341 469.8626 469.1512 468.2661 467.766 467.6161 467.7482 468.1549 468.8888 469.7446 470.6359 471.9793 474.0667 476.6959 479.5174 482.3062 484.4221 485.7765 486.8226 -9999 -9999 -9999 -9999
466.7161 466.6699 466.6206 466.5638 466.4981 466.426 466.3495 466.2692 466.1889 466.1201 466.0716 466.0407 466.019 466.0099 466.0258 466.072 466.1392 466.2112 466.2769 466.3331 466.3795 466.4199 466.4591 466.4993 466.5436 466.5978 466.6714 466.7961 467.0518 467.488 467.9572 468.148 468.1696 468.1595 468.1814 468.2556 468.4032 468.6413 468.9816 469.386 469.9292 470.2406 470.4152 470.4554 470.3862 470.2318 469.7613 468.9604 468.2282 467.8714 467.731 467.8689 468.3217 469.2495 470.1225 471.2671 473.0701 475.5004 478.2636 481.1308 483.4276 484.9596 486.1016 -9999 -9999 -9999 -9999
466.6189 466.578 466.536 466.4895 466.4342 466.372 466.3071 466.2388 466.1674 466.1035 466.059 466.0338 466.0182 466.0097 466.0167 466.0489 466.1078 466.1848 466.2684 466.3482 466.4152 466.4654 466.5053 466.5448 466.5964 466.6795 466.8183 467.0522 467.5234 467.9604 468.2136 468.264 468.2027 468.1183 468.1126 468.1927 468.3708 468.6445 469.012 469.4894 469.998 470.3477 470.5655 470.6689 470.6779 470.5805 470.2796 469.7595 469.0617 468.5118 468.1008 468.0069 468.2861 468.9662 469.7772 470.7249 472.1895 474.4099 477.102 480.0293 482.5096 484.2323 485.4453 486.6612 -9999 -9999 -9999
466.5172 466.4856 466.453 466.4178 466.3741 466.3219 466.266 466.2086 466.1468 466.0888 466.0477 466.0262 466.0154 466.0096 466.0135 466.0354 466.0821 466.1546 466.2466 466.3455 466.4351 466.5036 466.5529 466.5985 466.6627 466.7794 466.9984 467.3742 467.9316 468.2389 468.3389 468.2658 468.145 468.0025 468.0001 468.0971 468.3117 468.6175 469.0086 469.5051 469.9998 470.3807 470.645 470.805 470.8702 470.8374 470.6633 470.332 469.8648 469.3093 468.799 468.4008 468.383 468.7578 469.4153 470.2911 471.5794 473.4612 476.0026 478.9807 481.7652 483.8624 485.2376 486.3076 -9999 -9999 -9999
466.4131 466.3935 466.3723 466.3488 466.3175 466.2751 466.2272 466.1777 466.1259 466.0749 466.0372 466.0177 466.0093 466.0067 466.011 466.0284 466.0649 466.1278 466.2174 466.3258 466.4335 466.5217 466.5841 466.6332 466.6938 466.8006 467.002 467.3619 467.8772 468.1931 468.2351 468.0689 467.9733 467.8666 467.8881 468.0045 468.264 468.598 469.0052 469.5033 469.9962 470.3868 470.6753 470.868 470.97 470.9811 470.8904 470.6801 470.3346 469.846 469.1425 468.6361 468.4068 468.5369 469.0411 469.9209 471.1494 472.5366 474.8536 477.8055 481.0081 483.6448 485.3671 486.3575 487.404 -9999 -9999
466.3102 466.3036 466.2958 466.2832 466.2638 466.2315 466.1899 466.1467 466.1026 466.0599 466.0267 466.0083 466 466 466.0066 466.0239 466.0551 466.1082 466.1898 466.2969 466.4137 466.5165 466.5909 466.6395 466.6803 466.7386 466.8404 467.0101 467.2777 467.7846 467.8444 467.5754 467.5124 467.6134 467.7881 467.9977 468.2681 468.6036 469.007 469.4972 469.9949 470.3854 470.6774 470.8789 470.9946 471.0299 470.9866 470.8508 470.5706 470.0995 469.439 468.787 468.3523 468.2887 468.673 469.4307 470.4258 471.6254 473.6399 476.4431 479.9537 483.0611 485.1708 486.2878 487.2386 -9999 -9999
466.214 466.2202 466.2259 466.2237 466.2139 466.191 466.1551 466.1151 466.0768 466.0416 466.0149 466 465.9919 465.9923 466 466.0195 466.0494 466.0955 466.1679 466.2682 466.3849 466.495 466.5775 466.6246 466.6448 466.6558 466.6761 466.7292 466.8448 467.0427 467.066 467.0143 467.0536 467.4039 467.7388 467.9975 468.2855 468.6174 469.0074 469.4719 469.9924 470.3858 470.671 470.8634 470.9738 471.016 471.0043 470.9321 470.7156 470.2685 469.5928 468.8481 468.2203 468.0088 468.3087 468.9598 469.8307 470.8535 472.5009 475.1031 478.632 481.9977 484.4757 485.8548 486.8076 -9999 -9999
466.1293 466.1477 466.1655 466.1731 466.1699 466.1545 466.1237 466.0849 466.0486 466.0204 466 465.9893 465.9846 465.9877 466 466.0141 466.0437 466.0865 466.1508 466.2438 466.3561 466.4674 466.5536 466.5997 466.6051 466.5817 466.5453 466.5093 466.4954 466.5025 466.4941 466.658 466.9899 467.4135 467.8126 468.0173 468.3065 468.6125 468.9751 469.3779 469.9735 470.3894 470.6711 470.8484 470.9435 470.9852 471.0002 471.0003 470.8593 470.4683 469.8422 468.9367 468.0904 467.8128 467.9886 468.5023 469.2745 470.1671 471.5633 473.7868 477.027 480.4334 483.2146 484.9664 485.9525 487.173 -9999
466.0594 466.0886 466.1161 466.1321 466.1345 466.1236 466.0967 466.0582 466.0218 466 465.987 465.9803 465.9777 465.9796 465.9875 466 466.0347 466.0778 466.136 466.2219 466.3305 466.4407 466.5276 466.5723 466.5681 466.5226 466.4498 466.3608 466.2584 466.1428 466.0444 466.3506 466.8914 467.3928 467.9254 468.1344 468.334 468.5422 468.7965 469.152 469.9179 470.3928 470.6887 470.8602 470.9438 471.0008 471.0789 471.1063 470.9904 470.5877 469.9355 468.977 468.0626 467.6698 467.6816 468.0167 468.6371 469.4718 470.6635 472.5226 475.3265 478.4962 481.4524 483.562 484.8122 485.9042 487.464
466.0002 466.0408 466.0777 466.0974 466.1074 466.1001 466.0757 466.0373 466 465.9852 465.9777 465.9747 465.9738 465.9756 465.9832 466 466.0315 466.071 466.1229 466.2006 466.3058 466.4154 466.5015 466.5435 466.5315 466.4707 466.377 466.2625 466.1328 465.9919 465.8573 466.0241 466.4836 467.0149 467.5688 467.9699 468.2276 468.4272 468.6744 469.0947 469.9112 470.4184 470.7307 470.9142 471.0016 471.1059 471.189 471.1815 471.0034 470.5954 469.9399 468.9837 468.0593 467.5811 467.4451 467.6008 468.0419 468.7784 469.7845 471.3131 473.6149 476.3823 479.3255 481.6892 483.173 484.3124 485.8011
465.9488 466 466.0452 466.0591 466.0819 466.0817 466.0603 466.025 466 465.9815 465.9731 465.9715 465.9724 465.9749 465.9825 466 466.0305 466.0667 466.1117 466.1804 466.2791 466.3873 466.4709 466.507 466.4845 466.4071 466.2934 466.1559 465.9942 465.7905 465.6482 465.7213 466.0276 466.5007 467.0253 467.5267 467.9485 468.2352 468.5558 469.0844 469.9229 470.4486 470.7781 470.9972 471.1227 471.2399 471.3078 471.2528 471.0032 470.5273 469.8568 468.9387 468.0512 467.5388 467.31 467.2992 467.5382 468.048 468.8882 470.1862 472.1044 474.5625 477.1675 479.5993 481.3259 482.6436 484.1367
465.8749 465.9374 465.9993 466.0005 466.0487 466.0564 466.0397 466.0001 465.9822 465.9707 465.9664 465.9679 465.9716 465.976 465.9837 466 466.0316 466.0659 466.1033 466.1607 466.2494 466.3504 466.4277 466.453 466.4147 466.3124 466.1698 465.9962 465.7761 465.5529 465.4066 465.4262 465.6429 466.0099 466.4651 466.9626 467.46 467.919 468.371 469.058 469.9261 470.4542 470.7789 471.0024 471.1961 471.3496 471.4147 471.3187 470.9903 470.3643 469.6029 468.7841 468.0225 467.5363 467.263 467.1597 467.2201 467.5259 468.1552 469.2984 470.9584 473.0977 475.4686 477.5625 479.4298 481.0304 482.6394
465.7691 465.8256 465.8862 465.9314 465.9987 466.0002 465.9996 465.9675 465.9526 465.9498 465.9542 465.9622 465.9708 465.9787 465.9879 466 466.0351 466.0672 466.0946 466.1357 466.2084 466.2938 466.3572 466.3696 466.3126 466.1765 465.9985 465.779 465.5352 465.3115 465.1732 465.1741 465.3597 465.6565 465.994 466.398 466.9492 467.4745 468.1252 469.0121 469.9169 470.4342 470.7546 471.0019 471.2486 471.4382 471.5014 471.3629 470.951 470.1594 469.4056 468.65 468.008 467.5826 467.3099 467.1497 467.1134 467.2612 467.7116 468.5978 469.9902 471.7351 473.7023 475.5714 477.4114 479.3783 481.278
465.6372 465.6764 465.7258 465.7771 465.8331 465.8591 465.8773 465.8813 465.892 465.9109 465.9327 465.9532 465.9698 465.9831 466 466.0163 466.0454 466.0674 466.0761 466.09 466.1367 466.1915 466.2306 466.2339 466.1743 466.0026 465.8001 465.5665 465.3222 465.1112 464.9976 465.0207 465.2718 465.5769 465.8026 466.0989 466.6992 467.3048 468.1693 469.0796 469.9271 470.3987 470.7126 470.9987 471.3094 471.5336 471.5746 471.3647 470.8391 469.8266 469.0958 468.4827 467.9995 467.6733 467.4373 467.2581 467.1555 467.1943 467.476 468.1169 469.2393 470.6386 472.1596 473.7013 475.3423 477.4669 479.6747
465.4897 465.505 465.5343 465.5745 465.6221 465.6674 465.7137 465.7586 465.8062 465.8561 465.9033 465.9423 465.9696 465.9844 466 466.0291 466.0564 466.0636 466.0394 466.0005 465.9972 465.9909 465.9862 465.9952 465.9825 465.814 465.6199 465.4095 465.1916 464.9991 464.894 465.036 465.4987 465.956 466.1664 466.565 467.1282 467.8507 468.6826 469.3517 469.9741 470.3648 470.6755 471.0085 471.4411 471.6996 471.6714 471.3353 470.6867 469.5871 468.849 468.3458 468.0061 467.8146 467.6307 467.4484 467.3059 467.2639 467.4031 467.8146 468.5731 469.6397 470.8515 472.1084 473.5121 475.3524 477.6441
465.3398 465.3297 465.3335 465.3568 465.396 465.4573 465.5342 465.6193 465.7077 465.7937 465.8714 465.9349 465.9792 466 466.0273 466.0569 466.078 466.068 466.0003 465.8741 465.7289 465.587 465.508 465.5594 465.6096 465.564 465.4725 465.356 465.2217 465.0909 465.0717 465.4666 466.1216 466.7811 467.0603 467.4143 467.8608 468.3542 468.9557 469.5101 469.9888 470.3612 470.7334 471.1805 471.8016 472.0573 471.8604 471.2901 470.4178 469.2822 468.644 468.2739 468.0744 467.9964 467.852 467.6697 467.5082 467.4172 467.4456 467.6445 468.0653 468.7341 469.756 470.8027 471.9041 473.4426 475.3971
465.2018 465.1718 465.1469 465.1538 465.1791 465.2549 465.3619 465.4831 465.6095 465.7317 465.8408 465.9313 465.9999 466.0324 466.0644 466.094 466.1104 466.0917 465.9983 465.7646 465.4741 465.191 465.0313 465.1567 465.2922 465.3745 465.4225 465.4574 465.4892 465.5148 465.7126 466.2092 466.9932 467.6851 467.9374 468.1203 468.3749 468.6929 469.0945 469.6393 470.0269 470.4545 471.0003 471.7961 472.593 472.7474 472.236 471.3612 470.3109 469.171 468.5857 468.2719 468.1173 468.058 467.998 467.8427 467.7026 467.6113 467.5877 467.6409 467.8087 468.1516 468.9432 469.8394 470.7109 471.791 473.2762
465.088 465.0554 465.0009 464.9995 465.0016 465.0892 465.2184 465.3676 465.5243 465.6769 465.8123 465.9212 466 466.0483 466.0873 466.1194 466.1336 466.1085 465.9974 465.7078 465.3456 465.0105 464.919 464.9997 465.1519 465.3231 465.5018 465.7056 465.9529 466.1358 466.5256 467.0982 467.8007 468.2627 468.4631 468.5829 468.7504 469.0103 469.4112 469.9252 470.2275 470.6472 471.3265 472.5471 473.7421 473.8311 472.7586 471.4959 470.2822 469.2053 468.6842 468.3551 468.1551 468.0488 467.9995 467.9064 467.8378 467.8041 467.7982 467.8004 467.8428 467.9783 468.4583 469.209 469.9159 470.6395 471.5679
465.0005 464.9992 464.941 464.9207 464.9321 465.0009 465.1242 465.2828 465.4602 465.6366 465.7932 465.9153 466 466.0532 466.0931 466.1216 466.1313 466.1044 465.9985 465.7159 465.3748 465.0931 464.9988 464.9993 465.1671 465.4155 465.7007 466.0411 466.4832 466.9136 467.365 467.8882 468.3376 468.6287 468.7638 468.8527 469.0032 469.2535 469.5981 469.997 470.3418 470.8408 471.6878 473.2352 474.5933 474.3332 473.1819 471.5472 470.2423 469.4026 468.9249 468.5138 468.2122 468.0011 467.9172 467.8843 467.9008 467.948 467.9983 467.9992 467.9975 467.9376 468.1588 468.9149 469.4483 469.951 470.5341
464.933 464.911 464.8802 464.876 464.9124 464.999 465.0737 465.225 465.4163 465.6133 465.7886 465.9196 465.9999 466.0537 466.0886 466.1049 466.1004 466.0705 465.9966 465.7474 465.4516 465.2 465.0569 465.0157 465.2992 465.6454 466.0262 466.5028 467.0339 467.5348 467.9787 468.3655 468.6617 468.8395 468.9214 469.0034 469.1824 469.4189 469.6989 470.0064 470.3621 470.9146 471.8283 473.2847 474.3156 473.9491 472.9107 471.4114 470.2639 469.6055 469.069 468.6839 468.3208 467.9986 467.8546 467.8419 467.9093 467.9998 468.0446 468.0399 468.0118 468.0027 468.288 468.8936 469.2146 469.5494 469.951
464.8582 464.8354 464.8228 464.8318 464.8697 464.9328 465.0017 465.1757 465.3857 465.6035 465.8003 465.9418 466.0004 466.0615 466.0885 466.0838 466.0531 466.0005 465.9412 465.7686 465.5483 465.3595 465.2699 465.3308 465.6308 466.0003 466.4353 466.9498 467.5461 467.9939 468.342 468.62 468.8271 468.9454 468.9998 469.1315 469.3274 469.543 469.7634 469.9949 470.2529 470.7227 471.437 472.3575 472.9319 472.7579 472.075 471.1199 470.3877 469.9266 469.4119 468.9907 468.5556 468.0732 467.8611 467.8304 467.9064 467.9999 468.0399 468.0401 468.0331 468.087 468.3339 468.7324 469.0149 469.3167 469.6205
464.8128 464.7867 464.7812 464.7977 464.8397 464.9063 464.9999 465.1608 465.3665 465.595 465.8192 465.9992 466.0654 466.1044 466.1079 466.0783 466.0313 465.9999 465.9357 465.8104 465.6553 465.5312 465.5028 465.6308 465.9591 466.3151 466.741 467.1472 467.8462 468.187 468.4499 468.6635 468.8532 468.9785 469.0059 469.2181 469.4418 469.6335 469.783 469.8994 470.0182 470.3376 470.7357 471.2097 471.5383 471.4518 471.1435 470.7142 470.2909 469.9721 469.6023 469.2879 468.9577 468.4875 468.0363 467.8984 467.9377 468 468.0292 468.0328 468.0421 468.1171 468.3286 468.6583 468.994 469.2641 469.5042
464.7988 464.7665 464.7596 464.778 464.8241 464.8983 465.0004 465.1423 465.3284 465.5507 465.7865 465.9971 466.0831 466.1312 466.1246 466.0752 466.0002 465.9815 465.9393 465.8554 465.7514 465.6722 465.6663 465.7715 466.0136 466.4494 466.9383 467.2239 467.6769 467.9969 468.2639 468.4648 468.7281 468.9893 469.1129 469.3176 469.5309 469.6924 469.788 469.8365 469.8802 469.9901 470.0484 470.1598 470.2757 470.3157 470.3916 470.2446 469.9184 469.6505 469.5201 469.4027 469.2253 468.9023 468.3141 468.0027 467.9999 468.0183 468.0287 468.0261 468.0324 468.095 468.2695 468.5812 468.9951 469.2889 469.5231
464.8187 464.7722 464.7548 464.7675 464.8122 464.8904 464.9989 465.0978 465.2487 465.4443 465.6589 465.8625 466.0008 466.1017 466.1082 466.0711 466.0001 465.9678 465.9363 465.885 465.823 465.7796 465.7875 465.8666 466.0209 466.4233 466.8094 467.0257 467.3322 467.5575 467.8224 467.9795 468.3499 468.7247 468.9959 469.2607 469.5043 469.6566 469.7185 469.7257 469.7163 469.7133 469.6844 469.6857 469.7256 469.7871 469.869 469.7227 469.2337 469.0823 469.2374 469.2937 469.2204 468.9215 468.3138 468.0029 468 468.0245 468.0327 468.0229 468.0137 468.0384 468.1491 468.4203 468.9671 469.3023 469.5463
464.8721 464.7961 464.7594 464.758 464.789 464.8478 464.9243 465.0006 465.1255 465.289 465.4657 465.6602 465.8374 465.9899 466.0005 465.997 465.9352 465.9053 465.8933 465.8778 465.8585 465.8542 465.8914 465.9962 466.1484 466.4614 466.7836 466.9973 467.0646 467.0276 467.0745 467.2318 467.7907 468.2777 468.6029 468.9333 469.266 469.4333 469.4748 469.4643 469.4417 469.4159 469.3824 469.3633 469.3532 469.3037 469.1248 468.9236 468.6411 468.6346 468.9226 469 468.9575 468.5861 468.0619 467.9428 467.9998 468.0343 468.0437 468.0301 468.0067 467.9896 468.0074 468.1333 468.8189 469.2268 469.5226
