backend/lakes/data/Willow Lake/will_dem_tm.asc
ncols         222
nrows         158
xllcorner     733000
yllcorner     6257750
cellsize      50
NODATA_value  -9999
[rows 30 to 59 of 158, columns 0 to 66 of 222]
-9999 -9999 -9999 -9999 -9999 -9999 -9999 -9999 -9999 -9999 -9999 -9999 -9999 -9999 -9999 -9999 -9999 -9999 -9999 -9999 -9999 -9999 -9999 -9999 -9999 -9999 -9999 -9999 -9999 -9999 -9999 -9999 -9999 -9999 -9999 -9999 -9999 -9999 -9999 489.3122 487.5298 485.973 485.3011 485.8568 487.3747 489.3965 491.4054 492.971 493.8468 494.0735 493.6958 492.9119 491.9097 490.8517 490.0742 489.1819 487.8398 486.0351 484.1144 482.251 480.4523 478.738 476.9231 474.8583 472.7411 470.9156 469.5155
-9999 -9999 -9999 -9999 -9999 -9999 -9999 -9999 -9999 -9999 -9999 -9999 -9999 -9999 -9999 -9999 -9999 -9999 -9999 -9999 -9999 -9999 -9999 -9999 -9999 -9999 -9999 -9999 -9999 -9999 -9999 -9999 -9999 -9999 -9999 -9999 -9999 -9999 489.4831 487.4678 485.4214 483.752 482.9897 483.2128 484.1505 485.4443 486.7364 487.7481 488.3451 488.4899 488.1701 487.4213 486.412 485.3354 484.4165 483.5169 482.3784 480.6663 478.8923 477.2848 475.9845 474.7315 473.2032 471.6643 470.2921 469.1569 468.4315
-9999 -9999 -9999 -9999 -9999 -9999 -9999 -9999 -9999 -9999 -9999 -9999 -9999 -9999 -9999 -9999 -9999 -9999 -9999 -9999 -9999 -9999 -9999 -9999 -9999 -9999 -9999 -9999 -9999 -9999 -9999 -9999 -9999 -9999 -9999 -9999 491.722 489.8141 487.5969 485.2291 482.9385 481.103 480.1329 479.9468 480.2853 480.8502 481.4215 481.8591 482.1398 482.2048 481.9611 481.3118 480.3869 479.3774 478.5457 477.9142 477.3795 476.1445 474.8579 473.619 472.8087 472.3081 470.962 469.7548 468.9357 468.3221 468.05
-9999 -9999 -9999 -9999 -9999 -9999 -9999 -9999 -9999 -9999 -9999 -9999 -9999 -9999 -9999 -9999 -9999 -9999 -9999 -9999 -9999 -9999 -9999 -9999 -9999 -9999 -9999 -9999 -9999 -9999 -9999 -9999 -9999 -9999 -9999 492.4397 490.3814 487.9436 485.2991 482.6159 480.1137 478.1273 476.9576 476.3996 476.2292 476.2271 476.2667 476.2527 476.3029 476.348 476.2216 475.7622 475.0324 474.2291 473.5768 473.152 472.8777 472.4449 472.1042 471.1859 470.5406 470.0368 469.2944 468.655 468.248 468.0221 467.9999
-9999 -9999 -9999 -9999 -9999 -9999 -9999 -9999 -9999 -9999 -9999 -9999 -9999 -9999 -9999 -9999 -9999 -9999 -9999 -9999 -9999 -9999 -9999 -9999 -9999 -9999 -9999 -9999 -9999 -9999 -9999 -9999 -9999 495.0861 493.3086 491.1638 488.551 485.6464 482.6452 479.7376 477.1232 475.0786 473.876 473.1577 472.6841 472.382 472.1608 472.005 472.0134 472.1459 472.203 471.9603 471.4352 470.826 470.3168 469.997 469.8416 469.7255 469.6349 469.285 469.0032 468.74 468.3959 468.1131 467.964 467.9344 467.9997
-9999 -9999 -9999 -9999 -9999 -9999 -9999 -9999 -9999 -9999 -9999 -9999 -9999 -9999 -9999 -9999 -9999 -9999 -9999 -9999 -9999 -9999 -9999 -9999 -9999 -9999 -9999 -9999 -9999 -9999 -9999 -9999 496.2723 493.7556 491.8131 489.3239 486.2651 482.9822 479.7575 476.8045 474.2824 472.4713 471.4095 470.7199 470.2473 469.8941 469.6425 469.5143 469.5899 469.8771 470.1928 470.1662 469.8169 469.3188 468.8524 468.5264 468.3619 468.31 468.3112 468.249 468.1941 468.1312 468.0247 467.9423 467.9245 467.941 468.0007
-9999 -9999 -9999 -9999 -9999 -9999 -9999 -9999 -9999 -9999 -9999 -9999 -9999 -9999 -9999 -9999 -9999 -9999 -9999 -9999 -9999 -9999 -9999 -9999 -9999 -9999 -9999 -9999 -9999 -9999 -9999 -9999 495.6504 492.8347 490.1163 487.0384 483.5889 480.0977 476.8621 474.096 471.9797 470.5945 469.8142 469.252 468.949 468.7389 468.6346 468.6049 468.7587 469.1511 469.5466 469.6323 469.3895 468.9548 468.493 468.1249 467.9003 467.8107 467.82 467.8642 467.9202 467.9645 467.9659 467.9706 467.9999 468 468.037
-9999 -9999 -9999 -9999 -9999 -9999 -9999 -9999 -9999 -9999 -9999 -9999 -9999 -9999 -9999 -9999 -9999 -9999 -9999 -9999 -9999 -9999 -9999 -9999 -9999 -9999 -9999 -9999 -9999 -9999 -9999 497.4575 494.5926 491.3334 487.9589 484.3693 480.6874 477.2283 474.2662 471.9222 470.334 469.4614 468.9584 468.6213 468.4587 468.4241 468.4985 468.5844 468.7147 469.0612 469.457 469.6003 469.4361 469.0605 468.6194 468.2326 467.9621 467.8227 467.8092 467.8726 467.9403 467.9999 468 467.9999 467.9788 467.9644 467.9886
-9999 -9999 -9999 -9999 -9999 -9999 -9999 -9999 -9999 -9999 -9999 -9999 -9999 -9999 -9999 -9999 -9999 -9999 -9999 -9999 -9999 -9999 -9999 -9999 -9999 -9999 -9999 -9999 -9999 -9999 498.6972 496.2618 492.9539 489.2318 485.3605 481.465 477.7839 474.5915 472.0537 470.2688 469.2108 468.815 468.5372 468.4338 468.4369 468.5414 468.7494 468.9541 469.0254 469.1756 469.4353 469.5676 469.4604 469.1544 468.7728 468.4187 468.1489 467.9866 467.9509 467.9996 468 467.9717 467.9315 467.899 467.8667 467.8474 467.8636
-9999 -9999 -9999 -9999 -9999 -9999 -9999 -9999 -9999 -9999 -9999 -9999 -9999 -9999 -9999 -9999 -9999 -9999 -9999 -9999 -9999 -9999 -9999 -9999 -9999 -9999 -9999 -9999 -9999 499.7018 497.7403 494.6797 490.8726 486.7345 482.5594 478.5871 475.1083 472.3176 470.3477 469.1131 468.4668 468.285 468.2791 468.4097 468.5961 468.7987 469.0692 469.3245 469.458 469.4034 469.4087 469.4194 469.3016 469.0523 468.7452 468.4587 468.2263 468.0659 467.9998 467.9651 467.9196 467.8549 467.7875 467.7342 467.7011 467.6913 467.7058
-9999 -9999 -9999 -9999 -9999 -9999 -9999 -9999 -9999 -9999 -9999 -9999 -9999 -9999 -9999 -9999 -9999 -9999 -9999 -9999 -9999 -9999 -9999 -9999 -9999 -9999 -9999 -9999 -9999 499.0593 496.5071 492.8762 488.5941 484.1085 479.778 475.9283 472.8311 470.636 469.2813 468.4713 468.0756 468.0068 468.1482 468.4101 468.7458 469.0274 469.2964 469.5514 469.6806 469.6602 469.4824 469.3024 469.0864 468.8295 468.5634 468.3395 468.1522 468.0006 467.9071 467.8374 467.7691 467.6914 467.6128 467.5516 467.5202 467.5225 467.5503
-9999 -9999 -9999 -9999 -9999 -9999 -9999 -9999 -9999 -9999 -9999 -9999 -9999 -9999 -9999 -9999 -9999 -9999 -9999 -9999 -9999 -9999 -9999 -9999 -9999 -9999 -9999 -9999 499.9096 498.1439 495.1456 491.0482 486.3573 481.5938 477.2338 473.7231 471.2284 469.7 468.7809 468.2477 467.9872 467.9427 468.0926 468.3826 468.7607 469.1234 469.3845 469.5856 469.6972 469.665 469.507 469.2484 468.9587 468.6409 468.3661 468.1644 467.9997 467.8639 467.7607 467.6771 467.5999 467.5229 467.4489 467.3902 467.3633 467.3731 467.4112
-9999 -9999 -9999 -9999 -9999 -9999 -9999 -9999 -9999 -9999 -9999 -9999 -9999 -9999 -9999 -9999 -9999 -9999 -9999 -9999 -9999 -9999 -9999 -9999 -9999 -9999 -9999 -9999 499.3205 497.2949 493.959 489.4714 484.3981 479.4308 475.245 472.3047 470.4485 469.3156 468.649 468.2692 468.0767 468.0169 468.0828 468.3148 468.6251 469.0158 469.3046 469.4605 469.5253 469.4882 469.3297 469.0847 468.791 468.4812 468.1987 467.997 467.832 467.7007 467.5984 467.5151 467.4421 467.3743 467.3164 467.2744 467.2573 467.2719 467.3134
-9999 -9999 -9999 -9999 -9999 -9999 -9999 -9999 -9999 -9999 -9999 -9999 -9999 -9999 -9999 -9999 -9999 -9999 -9999 -9999 -9999 -9999 -9999 -9999 -9999 -9999 -9999 500.6113 499.1224 496.7054 493.0222 488.1822 482.7825 477.7185 473.9223 471.7431 470.176 469.1895 468.6338 468.335 468.1835 468.1165 468.1119 468.2001 468.4427 468.7146 469.0282 469.1958 469.2242 469.1744 469.0328 468.8007 468.5297 468.25 468.0022 467.8126 467.6596 467.539 467.4466 467.3742 467.3134 467.2617 467.2228 467.2039 467.2071 467.232 467.2742
-9999 -9999 -9999 -9999 -9999 -9999 -9999 -9999 -9999 -9999 -9999 -9999 -9999 -9999 -9999 -9999 -9999 -9999 -9999 -9999 -9999 -9999 -9999 -9999 -9999 -9999 -9999 500.6011 498.8489 496.1633 492.2145 487.0908 481.4531 476.4167 473.0096 471.5157 469.9662 469.0084 468.5158 468.2899 468.1928 468.1461 468.1188 468.1279 468.2153 468.421 468.6172 468.7837 468.827 468.7867 468.6759 468.483 468.24 468.0045 467.8149 467.6569 467.5241 467.4167 467.3346 467.2733 467.2264 467.1904 467.1701 467.1715 467.1948 467.2349 467.2849
-9999 -9999 -9999 -9999 -9999 -9999 -9999 -9999 -9999 -9999 -9999 -9999 -9999 -9999 -9999 -9999 -9999 -9999 -9999 -9999 -9999 -9999 -9999 -9999 -9999 -9999 -9999 500.2391 498.3248 495.5135 491.4149 486.1002 480.3029 475.3599 472.0922 470.5073 469.323 468.587 468.2233 468.095 468.0767 468.0844 468.0747 468.0604 468.0853 468.162 468.2815 468.3559 468.3687 468.3615 468.3149 468.2004 468.0045 467.8327 467.6862 467.5587 467.4471 467.3528 467.2783 467.2234 467.1855 467.1615 467.1534 467.1674 467.204 467.2553 467.3129
-9999 -9999 -9999 -9999 -9999 -9999 -9999 -9999 -9999 -9999 -9999 -9999 -9999 -9999 -9999 -9999 -9999 -9999 -9999 -9999 -9999 -9999 -9999 -9999 -9999 -9999 -9999 499.8282 497.7524 494.8581 490.6639 485.2498 479.4655 474.6995 471.6261 469.8987 468.8251 468.2083 467.9243 467.854 467.9003 467.9697 468.0029 468.0016 468.0063 468.0417 468.0754 468.0784 468.0082 468.0031 468.0044 467.9961 467.8663 467.7335 467.6174 467.5156 467.4243 467.3432 467.2746 467.2213 467.1845 467.1651 467.1631 467.181 467.2198 467.2741 467.3348
-9999 -9999 -9999 -9999 -9999 -9999 -9999 -9999 -9999 -9999 -9999 -9999 -9999 -9999 -9999 -9999 -9999 -9999 -9999 -9999 -9999 -9999 -9999 -9999 -9999 -9999 -9999 499.4641 497.288 494.3194 490.0387 484.5692 478.8616 474.3146 471.4486 469.7364 468.6868 468.0814 467.794 467.7131 467.7647 467.8685 467.9449 467.9697 467.9773 468 468.0165 467.9995 467.9168 467.875 467.8595 467.8421 467.7667 467.6751 467.5887 467.5109 467.4388 467.3707 467.3081 467.2546 467.2144 467.1919 467.1886 467.2042 467.2369 467.2835 467.3391
-9999 -9999 -9999 -9999 -9999 -9999 -9999 -9999 -9999 -9999 -9999 -9999 -9999 -9999 -9999 -9999 -9999 -9999 -9999 -9999 -9999 -9999 -9999 -9999 -9999 -9999 -9999 499.2406 496.9572 493.8656 489.4844 483.9998 478.3706 474.0284 471.4315 469.8373 468.8189 468.1923 467.8618 467.734 467.7408 467.8327 467.9263 467.9742 467.985 468 468 467.9622 467.8916 467.838 467.8026 467.7691 467.7127 467.6464 467.5826 467.5252 467.4711 467.4172 467.3629 467.3116 467.2682 467.239 467.2274 467.2339 467.2556 467.288 467.3305
-9999 -9999 -9999 -9999 -9999 -9999 -9999 -9999 -9999 -9999 -9999 -9999 -9999 -9999 -9999 -9999 -9999 -9999 -9999 -9999 -9999 -9999 -9999 -9999 -9999 -9999 -9999 498.9742 496.5601 493.3013 488.818 483.3558 477.8691 473.7333 471.3972 469.9501 468.9892 468.3617 468.0025 467.8419 467.8099 467.8666 467.954 468 468 468.0005 467.9862 467.9464 467.8871 467.8314 467.7861 467.7435 467.6946 467.6418 467.592 467.5486 467.5092 467.4688 467.4252 467.38 467.3381 467.3045 467.2834 467.2756 467.2808 467.296 467.3209
-9999 -9999 -9999 -9999 -9999 -9999 -9999 -9999 -9999 -9999 -9999 -9999 -9999 -9999 -9999 -9999 -9999 -9999 -9999 -9999 -9999 -9999 -9999 -9999 -9999 -9999 500.5683 498.3857 495.7834 492.318 487.7458 482.3741 477.1164 473.3338 471.3453 469.9492 468.9945 468.3824 468.041 467.8991 467.8757 467.9232 467.9998 468.0233 468.0176 468.0043 467.9802 467.9404 467.8889 467.8359 467.7867 467.7412 467.6959 467.6517 467.6109 467.5767 467.5477 467.5188 467.4861 467.45 467.4139 467.3813 467.3548 467.3343 467.3206 467.3157 467.3217
-9999 -9999 -9999 -9999 -9999 -9999 -9999 -9999 -9999 -9999 -9999 -9999 -9999 -9999 -9999 -9999 -9999 -9999 -9999 -9999 -9999 -9999 -9999 -9999 -9999 501.5921 499.5479 497.1786 494.2956 490.5952 485.9787 480.7871 475.9059 472.6121 471.1835 469.8043 468.8506 468.2628 467.9555 467.852 467.8683 467.9316 468 468.0288 468.026 468.0073 467.9778 467.9383 467.8915 467.8425 467.7946 467.7485 467.7059 467.667 467.6325 467.6045 467.5825 467.5621 467.539 467.5125 467.485 467.4577 467.4311 467.404 467.376 467.3519 467.3385
-9999 -9999 -9999 -9999 -9999 -9999 -9999 -9999 -9999 -9999 -9999 -9999 -9999 -9999 -9999 -9999 -9999 -9999 -9999 -9999 -9999 -9999 -9999 -9999 502.0706 500.2049 497.9222 495.2014 491.9393 488.0057 483.4449 478.6231 474.2856 471.4103 470.1516 469.2105 468.5125 468.0608 467.8292 467.7737 467.8293 467.9221 468 468.0329 468.0325 468.0118 467.9791 467.9384 467.8933 467.8468 467.8008 467.757 467.7165 467.6808 467.6504 467.6263 467.6089 467.5945 467.5788 467.5607 467.5417 467.5222 467.4995 467.4715 467.4366 467.4 467.3703
-9999 -9999 -9999 -9999 -9999 -9999 -9999 -9999 -9999 -9999 -9999 -9999 -9999 -9999 -9999 -9999 -9999 -9999 -9999 -9999 -9999 -9999 503.4297 502.1263 500.4282 498.2374 495.5309 492.3396 488.6933 484.6346 480.3349 476.2126 472.7494 470.4353 469.328 468.6359 468.159 467.8624 467.7231 467.7151 467.7977 467.9113 467.9999 468.036 468.0376 468.0167 467.9822 467.9401 467.894 467.8475 467.8023 467.7598 467.7213 467.6879 467.6599 467.6379 467.6232 467.613 467.6025 467.5905 467.5783 467.5659 467.5493 467.5244 467.4887 467.4466 467.4078
-9999 -9999 -9999 -9999 -9999 -9999 -9999 -9999 -9999 -9999 -9999 -9999 -9999 -9999 -9999 -9999 -9999 -9999 -9999 -9999 -9999 503.1429 501.9974 500.3614 498.2044 495.4984 492.2651 488.6075 484.7086 480.7711 477.0982 474.0718 471.7485 470.1387 469.0308 468.3489 467.9351 467.7223 467.6582 467.699 467.8003 467.9189 467.9999 468.0345 468.0376 468.0176 467.9825 467.9389 467.8914 467.843 467.797 467.7547 467.7173 467.6854 467.6588 467.6378 467.6237 467.6157 467.609 467.6008 467.5928 467.5853 467.5744 467.5543 467.5222 467.4798 467.4373
-9999 -9999 -9999 -9999 -9999 -9999 -9999 -9999 -9999 -9999 -9999 -9999 -9999 -9999 -9999 -9999 -9999 -9999 -9999 -9999 502.6815 501.8032 500.2215 498.0109 495.2421 491.9658 488.2529 484.2779 480.3838 476.9539 474.2192 472.2445 471.1595 470.1784 469.0797 468.3273 467.8802 467.6721 467.6374 467.708 467.8306 467.9498 468.0001 468.0296 468.0319 468.0121 467.9764 467.9313 467.8817 467.8312 467.7828 467.7393 467.7022 467.6715 467.6463 467.6259 467.6117 467.6039 467.5988 467.5928 467.5863 467.5807 467.5732 467.5576 467.5305 467.4919 467.449
-9999 -9999 -9999 -9999 -9999 -9999 -9999 -9999 -9999 -9999 -9999 -9999 -9999 -9999 -9999 -9999 -9999 -9999 -9999 501.8301 501.4472 500.0486 497.8248 494.9537 491.5809 487.8324 483.8652 479.9694 476.5233 473.8015 471.8953 470.7806 470.1765 469.599 468.9474 468.3487 467.9327 467.7158 467.6693 467.7397 467.8676 467.9992 468.0211 468.0309 468.0252 468.002 467.964 467.916 467.8635 467.8101 467.7589 467.7127 467.6743 467.644 467.6202 467.6013 467.5873 467.5792 467.5743 467.5688 467.5618 467.5552 467.5479 467.5349 467.5117 467.4784 467.4378
-9999 -9999 -9999 -9999 -9999 -9999 -9999 -9999 -9999 -9999 -9999 -9999 -9999 -9999 -9999 -9999 -9999 -9999 500.6512 500.6405 499.6548 497.5659 494.6754 491.2264 487.4108 483.454 479.6414 476.3156 473.5749 471.6608 470.4414 469.7958 469.4475 469.0759 468.6941 468.2844 467.9612 467.7721 467.7204 467.7716 467.875 467.9706 468 468.0198 468.0151 467.9891 467.9473 467.895 467.8377 467.78 467.7251 467.6758 467.6344 467.6026 467.5793 467.5622 467.5497 467.542 467.5372 467.5314 467.5229 467.5131 467.5028 467.4897 467.4685 467.4391 467.4025
-9999 -9999 -9999 -9999 -9999 -9999 -9999 -9999 -9999 -9999 -9999 -9999 -9999 -9999 -9999 -9999 -9999 499.0154 499.3775 498.7707 496.9979 494.2345 490.8075 487.0004 483.0504 479.2926 476.0598 473.4663 471.5598 470.2972 469.5891 469.2778 469.1383 468.966 468.5925 468.23 467.9549 467.7939 467.7453 467.7838 467.868 467.9519 468 468.0157 468.0066 467.9758 467.9283 467.8702 467.8069 467.7432 467.683 467.6296 467.5848 467.5502 467.5256 467.5091 467.4987 467.4926 467.4888 467.4832 467.4729 467.4591 467.4439 467.4272 467.4063 467.3785 467.3452
-9999 -9999 -9999 -9999 -9999 -9999 -9999 -9999 -9999 -9999 -9999 -9999 -9999 -9999 -9999 -9999 497.3041 497.5778 497.2906 495.9247 493.4467 490.153 486.4174 482.6115 478.9286 475.8301 473.425 471.5764 470.29 469.5172 469.1636 469.059 468.9951 468.8006 468.4879 468.179 467.9445 467.8087 467.7679 467.7991 467.87 467.9459 468 468.011 467.9963 467.9603 467.9071 467.8425 467.7724 467.7018 467.6352 467.5763 467.5275 467.4897 467.463 467.4457 467.4362 467.4319 467.4299 467.4255 467.4146 467.3973 467.3765 467.3545 467.3311 467.3035 467.2722
