backend/lakes/data/Willow Lake/will_dem_tm.asc
ncols         222
nrows         158
xllcorner     733000
yllcorner     6257750
cellsize      50
NODATA_value  -9999
[rows 120 to 149 of 158, columns 67 to 133 of 222]
473.3217 473.3146 472.9866 472.4095 472.0141 471.7554 471.5569 471.2654 470.8547 470.4486 470.3481 470.3757 470.1436 470.022 470 469.9539 469.8094 469.6568 469.5221 468.8494 468.1887 467.7457 467.5649 467.5438 467.5757 467.6292 467.7396 467.9945 468.3009 468.6961 469.2092 469.8352 470.1157 469.9618 469.5457 469.0702 468.5316 468.0221 467.8483 468.0334 468.4753 468.9209 468.9968 468.9523 468.9384 468.9498 468.9649 468.9752 468.978 468.9793 468.9784 468.9684 468.9255 468.8628 468.7951 468.7385 468.707 468.7062 468.73 468.7643 468.7949 468.8126 468.8176 468.8204 468.8328 468.8517 468.8507
473.2998 473.2847 473 472.5604 472.2021 471.9957 471.9505 471.7133 471.4774 471.267 471.1553 471.0585 470.8306 470.4602 470.1033 469.9665 469.9966 470.0098 470.0006 469.6607 468.9619 468.2787 468.0336 467.9911 467.9821 467.9849 468.0426 468.3462 468.6639 469.1071 469.7726 470.2319 470.4624 470.4264 470.1821 469.867 469.1833 468.3971 467.9317 467.8328 468.0428 468.4715 468.7057 468.8073 468.8783 468.9414 468.9811 469 469 469 469 468.9999 468.9486 468.8749 468.7953 468.7276 468.6874 468.6805 468.6997 468.7289 468.751 468.7553 468.739 468.7137 468.6945 468.6846 468.674
473.249 473.2192 472.9997 472.6729 472.3721 472.1252 472.1076 472.1021 472.0771 472.0217 471.9108 471.7361 471.4214 471.0343 470.6954 470.2003 470.2111 470.2961 470.3397 470.1746 469.7563 469.1386 468.8163 468.6652 468.5293 468.4791 468.5635 468.8894 469.1399 469.5363 470.025 470.4302 470.6932 470.832 470.9217 470.7794 470.2025 469.3659 468.4462 468.0364 468.069 468.3254 468.5527 468.7105 468.8381 468.9479 469 469.0176 469.0179 469.0151 469.0109 469 468.9584 468.8825 468.7944 468.7173 468.6698 468.6578 468.6736 468.6986 468.7141 468.7084 468.6746 468.627 468.5836 468.5537 468.5338
473.1613 473.1282 472.999 472.8242 472.7541 472.8495 472.918 472.9868 473.0103 472.9915 472.8404 472.5752 472.0845 471.5914 471.1942 470.8512 470.6384 470.6279 470.6608 470.599 470.3903 470.0432 469.7592 469.5725 469.2915 469.1635 469.1759 469.4788 469.8274 470.0336 470.325 470.5997 470.8334 471.0139 471.2275 471.2346 470.9183 470.3456 469.3695 468.6808 468.4746 468.5324 468.653 468.7605 468.8729 468.9989 469.033 469.0389 469.0337 469.0257 469.0161 469 468.9735 468.8922 468.7939 468.7089 468.6573 468.645 468.6624 468.6892 468.7053 468.703 468.6633 468.6089 468.5577 468.521 468.4989
472.991 473.0009 472.9641 472.914 473.0101 473.2844 473.5732 473.8592 474.0097 474.1555 474.2056 473.7584 472.9333 472.2469 471.7119 471.3232 471.0368 470.998 471.0125 471.0109 470.9895 470.9209 470.825 470.6817 470.3703 470.186 470.0687 470.1557 470.3927 470.5256 470.6525 470.7911 471.0002 471.2151 471.426 471.4931 471.328 470.9113 470.1142 469.413 469.1566 469.0802 469.0566 469.0129 469.0052 469.0609 469.0775 469.0706 469.0546 469.0383 469.0245 469.0139 468.9997 468.9011 468.7912 468.702 468.653 468.6495 468.6803 468.7211 468.7496 468.7824 468.7588 468.7277 468.692 468.6649 468.6498
472.821 472.9987 473 473.0094 473.2444 473.584 473.9631 474.3521 474.7502 475.1936 475.4712 474.9891 474.1089 473.2521 472.4334 471.9378 471.5701 471.4694 471.4735 471.425 471.4045 471.3814 471.3093 471.1685 470.9304 470.7476 470.8605 470.922 470.9738 470.9848 470.9909 471.0269 471.2452 471.4576 471.6454 471.7122 471.6187 471.3901 470.9191 470.4516 470.2349 470.0334 469.8477 469.5436 469.3361 469.2399 469.1821 469.1345 469.0919 469.0562 469.0267 469 468.9728 468.8858 468.7803 468.6967 468.6602 468.679 468.741 468.8157 468.8622 468.9913 469.0298 469.084 469.0925 469.0873 469.0842
472.7692 472.9967 -9999 -9999 473.4933 473.773 474.0486 474.5153 475.0578 475.7676 476.0403 475.8489 475.14 474.2833 473.4225 472.7025 472.1574 471.9543 471.9335 471.7807 471.7153 471.6683 471.5617 471.4441 471.3243 471.2575 471.3078 471.321 471.2966 471.2713 471.3073 471.4525 471.689 471.858 472.0226 472.0477 471.9116 471.8586 471.5334 471.2209 471.0327 470.858 470.4962 470.0439 469.6924 469.475 469.3375 469.2341 469.1519 469.0887 469.0403 469.0001 468.9687 468.8814 468.7764 468.7002 468.6842 468.7384 468.8519 468.9911 469.0352 469.3095 469.5755 469.8477 469.912 469.9172 469.9156
472.8224 473.0033 -9999 -9999 -9999 -9999 -9999 474.5053 474.8694 475.2884 475.8604 476.079 475.8389 475.1641 474.3868 473.6609 472.917 472.2958 472.1323 472.0992 472.0716 471.9817 471.7857 471.6895 471.6747 471.7179 471.7101 471.6808 471.61 471.576 471.69 472.0274 472.3846 472.528 472.7099 472.715 472.2833 472.3847 471.9722 471.7108 471.5211 471.3146 470.9781 470.5193 470.0424 469.7352 469.5298 469.363 469.232 469.1376 469.0736 469.0319 468.9996 468.9001 468.7897 468.7216 468.7346 468.8348 469.0059 469.2196 469.407 469.6955 469.9871 470.2148 470.3194 470.3591 470.3737
-9999 -9999 -9999 -9999 -9999 -9999 -9999 -9999 -9999 474.902 475.2736 475.9287 476.039 475.8224 475.1573 474.4469 473.7719 473.1566 472.9988 472.9701 472.8278 472.4676 472.1384 472.0655 472.0999 472.2256 472.2091 472.2212 472.1429 472.0742 472.219 472.791 473.3268 473.7368 473.7714 473.4218 472.9322 472.8278 472.1668 471.9875 471.8067 471.5915 471.2901 470.9135 470.4165 470.0193 469.7513 469.507 469.3202 469.1931 469.1098 469.0529 469.0002 468.9272 468.8229 468.7712 468.8339 469.0093 469.2716 469.5164 469.75 469.9916 470.1954 470.3667 470.4759 470.538 470.5697
-9999 -9999 -9999 -9999 -9999 -9999 -9999 -9999 -9999 -9999 -9999 475.7979 476.1446 476.245 475.7973 475.0746 474.4553 473.9995 473.8925 473.8232 473.4974 473.0754 472.8974 472.8566 472.7425 472.7878 472.9393 473.164 473.2123 473.0258 473.0877 473.5774 474.1956 474.7043 474.4963 473.8392 473.1107 472.8195 472.4025 472.1916 472.0025 471.7777 471.464 471.0561 470.6869 470.3114 469.9702 469.6321 469.3992 469.2524 469.1583 469.0956 469.0479 468.9987 468.8919 468.8627 469.0088 469.3058 469.6122 469.8035 469.9919 470.1217 470.2599 470.399 470.5059 470.5784 470.6213
-9999 -9999 -9999 -9999 -9999 -9999 -9999 -9999 -9999 -9999 -9999 -9999 -9999 476.9515 476.3056 475.5636 474.9267 474.4767 474.2832 474.1605 473.9512 473.635 473.6018 473.8099 473.8815 474.0225 474.3378 474.5914 474.5286 474.1454 474.0787 474.4008 474.9531 475.1739 474.802 473.8054 473.1465 472.8085 472.5458 472.3832 472.2251 472.0061 471.7135 471.3643 470.9954 470.5562 470.0234 469.6815 469.4619 469.3258 469.2315 469.1644 469.1133 469.0639 469.0005 469.0155 469.2859 469.6563 469.9638 470.0019 470.0672 470.1486 470.2736 470.4193 470.5281 470.601 470.6458
-9999 -9999 -9999 -9999 -9999 -9999 -9999 -9999 -9999 -9999 -9999 -9999 -9999 -9999 -9999 -9999 475.1642 474.7054 474.4496 474.2901 474.1394 474.0304 474.2381 474.7824 475.1055 475.4005 475.8385 476.0135 475.7897 475.2672 475.1246 475.3656 475.5903 475.3785 474.7282 473.6444 473.0592 472.7913 472.6527 472.5798 472.493 472.3196 472.0179 471.6924 471.3051 470.8373 470.1267 469.7769 469.5702 469.4525 469.3552 469.2841 469.2403 469.2223 469.2383 469.3321 469.6205 469.9655 470.1407 470.1619 470.1755 470.2343 470.3708 470.5535 470.6578 470.7141 470.7477
-9999 -9999 -9999 -9999 -9999 -9999 -9999 -9999 -9999 -9999 -9999 -9999 -9999 -9999 -9999 -9999 -9999 -9999 -9999 -9999 474.4652 474.6093 475.138 475.9214 476.4658 476.8645 477.3443 477.4275 476.9985 476.3188 475.9994 475.956 475.9129 475.252 -9999 -9999 472.9071 472.774 472.7509 472.7735 472.7767 472.673 472.3429 471.965 471.5173 470.9767 470.3807 469.9978 469.7675 469.6669 469.5442 469.4645 469.4326 469.456 469.552 469.6666 469.9617 470.2474 470.4502 470.5313 470.5541 470.5878 470.711 470.9302 470.9926 471.0064 471.0082
-9999 -9999 -9999 -9999 -9999 -9999 -9999 -9999 -9999 -9999 -9999 -9999 -9999 -9999 -9999 -9999 -9999 -9999 -9999 -9999 -9999 -9999 476.2167 477.196 477.8194 478.2085 478.6438 478.6343 478.0593 477.2033 476.5079 -9999 -9999 -9999 -9999 -9999 -9999 472.8111 472.8498 472.9291 473.0008 472.9688 472.5186 472.0238 471.6694 471.1076 470.6402 470.28 470.0371 469.9718 469.7833 469.6989 469.6778 469.7324 469.9336 470.0367 470.3923 470.8248 471.2328 471.4809 471.557 471.5145 471.4963 471.5933 471.5953 471.577 471.5116
-9999 -9999 -9999 -9999 -9999 -9999 -9999 -9999 -9999 -9999 -9999 -9999 -9999 -9999 -9999 -9999 -9999 -9999 -9999 -9999 -9999 -9999 -9999 -9999 -9999 -9999 -9999 -9999 -9999 -9999 -9999 -9999 -9999 -9999 -9999 -9999 -9999 -9999 472.9264 473 473.0705 472.9945 472.5224 472.0319 471.9434 471.4813 471.0113 470.6674 470.4722 470.2697 470.0301 469.987 469.9792 470.0181 470.2778 470.6384 471.2626 472.0416 472.8622 473.4969 473.6923 473.5363 473.248 472.9554 472.6807 472.5182 472.3602
-9999 -9999 -9999 -9999 -9999 -9999 -9999 -9999 -9999 -9999 -9999 -9999 -9999 -9999 -9999 -9999 -9999 -9999 -9999 -9999 -9999 -9999 -9999 -9999 -9999 -9999 -9999 -9999 -9999 -9999 -9999 -9999 -9999 -9999 -9999 -9999 -9999 -9999 -9999 473.0001 473.0522 472.9729 472.482 472.0154 471.9964 471.76 471.3516 471.0248 470.934 470.6647 470.4478 470.3618 470.3891 470.5904 471.062 471.7683 472.8598 474.2545 475.5608 476.3893 476.6012 476.3797 475.7772 475.0439 474.3443 473.7758 473.4946
-9999 -9999 -9999 -9999 -9999 -9999 -9999 -9999 -9999 -9999 -9999 -9999 -9999 -9999 -9999 -9999 -9999 -9999 -9999 -9999 -9999 -9999 -9999 -9999 -9999 -9999 -9999 -9999 -9999 -9999 -9999 -9999 -9999 -9999 -9999 -9999 -9999 -9999 -9999 -9999 473.0004 472.871 472.4554 472.0285 471.9891 471.9734 471.5927 471.2816 471.1337 470.9925 470.9391 470.9659 471.1823 471.7007 472.5912 473.774 475.3289 477.0832 478.5865 479.4457 479.4849 478.932 477.9109 476.7032 475.6263 474.8536 474.5059
-9999 -9999 -9999 -9999 -9999 -9999 -9999 -9999 -9999 -9999 -9999 -9999 -9999 -9999 -9999 -9999 -9999 -9999 -9999 -9999 -9999 -9999 -9999 -9999 -9999 -9999 -9999 -9999 -9999 -9999 -9999 -9999 -9999 -9999 -9999 -9999 -9999 -9999 -9999 -9999 473.1197 472.9958 472.6648 472.3354 472.0845 471.9873 471.7122 471.4951 471.3813 471.3481 471.4763 471.8635 472.5888 473.6331 474.9542 476.4776 478.2192 479.9601 481.3456 481.9781 481.6938 480.7506 479.32 477.6708 476.2343 475.3699 474.9844
-9999 -9999 -9999 -9999 -9999 -9999 -9999 -9999 -9999 -9999 -9999 -9999 -9999 -9999 -9999 -9999 -9999 -9999 -9999 -9999 -9999 -9999 -9999 -9999 -9999 -9999 -9999 -9999 -9999 -9999 -9999 -9999 -9999 -9999 -9999 -9999 -9999 -9999 -9999 -9999 473.3578 473.3152 473.1056 472.9619 472.6956 472.2061 472.0248 471.9539 471.9672 472.083 472.422 473.213 474.5221 476.139 477.8273 479.4699 481.071 482.5059 483.5286 483.7849 483.1788 481.9427 480.2127 478.2554 476.5413 475.5236 475.0143
-9999 -9999 -9999 -9999 -9999 -9999 -9999 -9999 -9999 -9999 -9999 -9999 -9999 -9999 -9999 -9999 -9999 -9999 -9999 -9999 -9999 -9999 -9999 -9999 -9999 -9999 -9999 -9999 -9999 -9999 -9999 -9999 -9999 -9999 -9999 -9999 -9999 -9999 -9999 -9999 -9999 473.7941 473.8089 473.7233 473.3571 472.9867 472.897 472.939 473.1798 473.5581 474.1307 475.2027 476.8536 478.7786 480.6246 482.1648 483.3855 484.3185 484.8206 484.8667 484.1509 482.7634 480.8447 478.7355 476.8773 475.6981 475.113
-9999 -9999 -9999 -9999 -9999 -9999 -9999 -9999 -9999 -9999 -9999 -9999 -9999 -9999 -9999 -9999 -9999 -9999 -9999 -9999 -9999 -9999 -9999 -9999 -9999 -9999 -9999 -9999 -9999 -9999 -9999 -9999 -9999 -9999 -9999 -9999 -9999 -9999 -9999 -9999 -9999 -9999 474.4484 474.5584 474.1419 474.0428 474.3046 474.7865 475.3436 475.9144 476.5456 477.5836 479.1905 481.0273 482.7043 483.9311 484.6488 485.028 485.2178 -9999 -9999 -9999 -9999 -9999 -9999 -9999 -9999
-9999 -9999 -9999 -9999 -9999 -9999 -9999 -9999 -9999 -9999 -9999 -9999 -9999 -9999 -9999 -9999 -9999 -9999 -9999 -9999 -9999 -9999 -9999 -9999 -9999 -9999 -9999 -9999 -9999 -9999 -9999 -9999 -9999 -9999 -9999 -9999 -9999 -9999 -9999 -9999 -9999 -9999 474.7465 475.1735 474.9085 475.3755 476.209 477.1783 478.0024 478.6301 479.1232 479.8594 481.0471 482.4254 483.6339 484.4164 -9999 -9999 -9999 -9999 -9999 -9999 -9999 -9999 -9999 -9999 -9999
-9999 -9999 -9999 -9999 -9999 -9999 -9999 -9999 -9999 -9999 -9999 -9999 -9999 -9999 -9999 -9999 -9999 -9999 -9999 -9999 -9999 -9999 -9999 -9999 -9999 -9999 -9999 -9999 -9999 -9999 -9999 -9999 -9999 -9999 -9999 -9999 -9999 -9999 -9999 -9999 -9999 -9999 -9999 -9999 476.1541 477.2047 478.4751 479.658 480.5295 481.0441 481.2971 481.6043 482.1656 482.9388 -9999 -9999 -9999 -9999 -9999 -9999 -9999 -9999 -9999 -9999 -9999 -9999 -9999
-9999 -9999 -9999 -9999 -9999 -9999 -9999 -9999 -9999 -9999 -9999 -9999 -9999 -9999 -9999 -9999 -9999 -9999 -9999 -9999 -9999 -9999 -9999 -9999 -9999 -9999 -9999 -9999 -9999 -9999 -9999 -9999 -9999 -9999 -9999 -9999 -9999 -9999 -9999 -9999 -9999 -9999 -9999 -9999 -9999 -9999 -9999 -9999 482.3912 -9999 -9999 -9999 -9999 -9999 -9999 -9999 -9999 -9999 -9999 -9999 -9999 -9999 -9999 -9999 -9999 -9999 -9999
-9999 -9999 -9999 -9999 -9999 -9999 -9999 -9999 -9999 -9999 -9999 -9999 -9999 -9999 -9999 -9999 -9999 -9999 -9999 -9999 -9999 -9999 -9999 -9999 -9999 -9999 -9999 -9999 -9999 -9999 -9999 -9999 -9999 -9999 -9999 -9999 -9999 -9999 -9999 -9999 -9999 -9999 -9999 -9999 -9999 -9999 -9999 -9999 -9999 -9999 -9999 -9999 -9999 -9999 -9999 -9999 -9999 -9999 -9999 -9999 -9999 -9999 -9999 -9999 -9999 -9999 -9999
-9999 -9999 -9999 -9999 -9999 -9999 -9999 -9999 -9999 -9999 -9999 -9999 -9999 -9999 -9999 -9999 -9999 -9999 -9999 -9999 -9999 -9999 -9999 -9999 -9999 -9999 -9999 -9999 -9999 -9999 -9999 -9999 -9999 -9999 -9999 -9999 -9999 -9999 -9999 -9999 -9999 -9999 -9999 -9999 -9999 -9999 -9999 -9999 -9999 -9999 -9999 -9999 -9999 -9999 -9999 -9999 -9999 -9999 -9999 -9999 -9999 -9999 -9999 -9999 -9999 -9999 -9999
-9999 -9999 -9999 -9999 -9999 -9999 -9999 -9999 -9999 -9999 -9999 -9999 -9999 -9999 -9999 -9999 -9999 -9999 -9999 -9999 -9999 -9999 -9999 -9999 -9999 -9999 -9999 -9999 -9999 -9999 -9999 -9999 -9999 -9999 -9999 -9999 -9999 -9999 -9999 -9999 -9999 -9999 -9999 -9999 -9999 -9999 -9999 -9999 -9999 -9999 -9999 -9999 -9999 -9999 -9999 -9999 -9999 -9999 -9999 -9999 -9999 -9999 -9999 -9999 -9999 -9999 -9999
-9999 -9999 -9999 -9999 -9999 -9999 -9999 -9999 -9999 -9999 -9999 -9999 -9999 -9999 -9999 -9999 -9999 -9999 -9999 -9999 -9999 -9999 -9999 -9999 -9999 -9999 -9999 -9999 -9999 -9999 -9999 -9999 -9999 -9999 -9999 -9999 -9999 -9999 -9999 -9999 -9999 -9999 -9999 -9999 -9999 -9999 -9999 -9999 -9999 -9999 -9999 -9999 -9999 -9999 -9999 -9999 -9999 -9999 -9999 -9999 -9999 -9999 -9999 -9999 -9999 -9999 -9999
-9999 -9999 -9999 -9999 -9999 -9999 -9999 -9999 -9999 -9999 -9999 -9999 -9999 -9999 -9999 -9999 -9999 -9999 -9999 -9999 -9999 -9999 -9999 -9999 -9999 -9999 -9999 -9999 -9999 -9999 -9999 -9999 -9999 -9999 -9999 -9999 -9999 -9999 -9999 -9999 -9999 -9999 -9999 -9999 -9999 -9999 -9999 -9999 -9999 -9999 -9999 -9999 -9999 -9999 -9999 -9999 -9999 -9999 -9999 -9999 -9999 -9999 -9999 -9999 -9999 -9999 -9999
-9999 -9999 -9999 -9999 -9999 -9999 -9999 -9999 -9999 -9999 -9999 -9999 -9999 -9999 -9999 -9999 -9999 -9999 -9999 -9999 -9999 -9999 -9999 -9999 -9999 -9999 -9999 -9999 -9999 -9999 -9999 -9999 -9999 -9999 -9999 -9999 -9999 -9999 -9999 -9999 -9999 -9999 -9999 -9999 -9999 -9999 -9999 -9999 -9999 -9999 -9999 -9999 -9999 -9999 -9999 -9999 -9999 -9999 -9999 -9999 -9999 -9999 -9999 -9999 -9999 -9999 -9999
