backend/lakes/data/Willow Lake/will_dem_tm.asc
ncols         222
nrows         158
xllcorner     733000
yllcorner     6257750
cellsize      50
NODATA_value  -9999
[rows 60 to 89 of 158, columns 0 to 66 of 222]
-9999 -9999 -9999 -9999 -9999 -9999 -9999 -9999 -9999 -9999 -9999 -9999 -9999 -9999 -9999 495.9446 495.8268 495.4655 494.3824 492.2656 489.2416 485.6362 481.8878 478.3651 475.4234 473.2062 471.5385 470.3187 469.5251 469.1252 469.0163 468.9986 468.8803 468.6754 468.4126 468.157 467.9576 467.84 467.8021 467.8249 467.8812 467.9434 467.9886 468 467.9845 467.9434 467.8835 467.8116 467.7343 467.6568 467.5834 467.5188 467.4654 467.4241 467.3951 467.3767 467.3671 467.364 467.3635 467.3607 467.3503 467.3308 467.3051 467.2776 467.2501 467.2213 467.1909
-9999 -9999 -9999 -9999 -9999 -9999 -9999 -9999 -9999 -9999 -9999 -9999 -9999 -9999 -9999 494.3859 493.7988 492.7295 490.9027 488.1807 484.8279 481.1803 477.7179 474.8252 472.7632 471.3016 470.2498 469.5209 469.0977 468.9568 469 468.9487 468.8172 468.6157 468.3929 468.187 468.0178 467.9091 467.8678 467.8779 467.9139 467.957 467.9897 468 467.9768 467.9285 467.8601 467.7792 467.693 467.608 467.5286 467.4586 467.4012 467.3571 467.3259 467.3066 467.2969 467.2943 467.2948 467.2928 467.2828 467.2623 467.233 467.2012 467.1701 467.1392 467.1102
-9999 -9999 -9999 -9999 -9999 -9999 -9999 -9999 -9999 -9999 -9999 -9999 -9999 -9999 -9999 492.6001 491.4323 489.7133 487.309 484.1801 480.715 477.265 474.4077 472.2146 470.9012 470.0562 469.4708 469.0839 468.8961 468.8963 468.9999 468.946 468.8429 468.6552 468.4702 468.3062 468.1465 468.0287 467.9713 467.9604 467.9732 467.9902 468.0015 468 467.9729 467.9176 467.8394 467.7473 467.6508 467.5571 467.4713 467.3969 467.3366 467.2913 467.2594 467.2398 467.2305 467.2283 467.2294 467.2277 467.2171 467.195 467.1631 467.1282 467.0974 467.0638 467.0414
-9999 -9999 -9999 -9999 -9999 -9999 -9999 -9999 -9999 -9999 -9999 -9999 -9999 -9999 -9999 490.9387 489.2301 487.012 484.2213 480.8973 477.4569 474.3505 472.1095 470.601 469.8687 469.4594 469.1569 468.9573 468.8794 468.9138 468.9958 469.0025 468.9923 468.8124 468.6739 468.5586 468.375 468.2193 468.1307 468.0853 468.06 468.0422 468.0245 468 467.9767 467.9148 467.8243 467.7184 467.6091 467.5055 467.4133 467.3352 467.2734 467.2282 467.1978 467.1797 467.1719 467.1707 467.1721 467.1702 467.1584 467.1336 467.0982 467.0612 467.0384 467.0002 466.9998
-9999 -9999 -9999 -9999 -9999 -9999 -9999 -9999 -9999 -9999 -9999 -9999 -9999 -9999 -9999 489.858 487.8119 485.2751 482.2531 478.8488 475.4353 472.665 470.9256 469.9718 469.6178 469.4593 469.2454 469.1015 469.0558 469.0892 469.1695 469.2512 469.3019 469.1235 469.0243 468.9525 468.6885 468.4724 468.3539 468.2661 468.188 468.1224 468.0709 468.032 467.9998 467.9212 467.8155 467.6939 467.5702 467.4554 467.3565 467.2758 467.2138 467.1702 467.1428 467.1281 467.1231 467.1242 467.1263 467.1237 467.1104 467.0825 467.0422 467.0002 466.9998 466.9592 466.9324
-9999 -9999 -9999 -9999 -9999 -9999 -9999 -9999 -9999 -9999 -9999 -9999 -9999 -9999 -9999 490.0073 487.7964 485.0554 481.8864 478.4375 475.0444 472.3832 470.8223 470.0857 469.9379 469.8865 469.6038 469.452 469.4125 469.4355 469.5145 469.6668 469.8947 469.8399 469.5919 469.3799 469.026 468.7531 468.6332 468.4958 468.3475 468.2212 468.1268 468.0574 467.9999 467.9232 467.809 467.6729 467.5349 467.4093 467.304 467.2213 467.1605 467.1196 467.0961 467.0859 467.0849 467.089 467.0922 467.0886 467.0729 467.0422 467 466.9549 466.9293 466.89 466.8519
-9999 -9999 -9999 -9999 -9999 -9999 -9999 -9999 -9999 -9999 -9999 -9999 -9999 -9999 -9999 491.0499 489.075 486.3843 483.1945 479.7096 476.2851 473.4992 471.7435 470.8394 470.5005 470.3073 470.0603 469.9551 469.9343 469.9525 470.0174 470.1412 470.3802 470.3646 470.1302 469.9086 469.4734 469.0792 468.9705 468.7543 468.5151 468.324 468.1885 468.0872 468.0006 467.9399 467.8118 467.6568 467.5043 467.3695 467.2593 467.1757 467.1167 467.0792 467.0594 467.0535 467.0566 467.0634 467.0673 467.0608 467.0389 467 466.947 466.893 466.8481 466.803 466.7603
-9999 -9999 -9999 -9999 -9999 -9999 -9999 -9999 -9999 -9999 -9999 -9999 -9999 -9999 -9999 492.2202 490.7804 488.4234 485.4071 482.0443 478.6725 475.7642 473.6273 472.3931 471.7835 471.3331 470.9716 470.6959 470.5853 470.6485 470.8624 471.0561 471.2328 471.1317 470.8673 470.4477 469.9743 469.5524 469.2672 468.9718 468.6522 468.4214 468.2697 468.1577 468.0698 467.9979 467.8252 467.645 467.4802 467.3396 467.2272 467.144 467.087 467.0519 467.0344 467.0306 467.0363 467.0447 467.0467 467.0337 467 466.9446 466.8789 466.8132 466.7552 466.704 466.6594
-9999 -9999 -9999 -9999 -9999 -9999 -9999 -9999 -9999 -9999 -9999 -9999 -9999 -9999 -9999 -9999 492.0989 490.3058 487.6746 484.6361 481.528 478.6603 476.4017 474.9339 474.074 473.2448 472.5948 472.0497 471.7928 471.842 472.1523 472.4346 472.6168 472.2059 471.586 470.9345 470.3923 469.9781 469.5507 469.0733 468.756 468.5305 468.3879 468.258 468.1319 467.9979 467.8151 467.6345 467.4692 467.3274 467.2151 467.1332 467.0776 467.0424 467.0233 467.0174 467.0219 467.0294 467.0258 467 466.946 466.8738 466.794 466.7167 466.6495 466.5949 466.5515
-9999 -9999 -9999 -9999 -9999 -9999 -9999 -9999 -9999 -9999 -9999 -9999 -9999 -9999 -9999 -9999 492.7339 491.4906 489.3697 486.8634 484.2453 481.6673 479.3997 477.7428 476.611 475.7001 474.9952 474.3975 474.0274 473.9755 474.1519 474.2828 474.1473 473.3332 472.2699 471.2884 470.7336 470.4066 469.9842 469.4685 469.0246 468.7396 468.6035 468.4315 468.2452 468.0111 467.8363 467.6623 467.4956 467.3479 467.233 467.1516 467.0956 467.0565 467.0298 467.0145 467.0111 467.0149 467 466.9523 466.8781 466.7877 466.6929 466.6047 466.5313 466.4769 466.439
-9999 -9999 -9999 -9999 -9999 -9999 -9999 -9999 -9999 -9999 -9999 -9999 -9999 -9999 -9999 -9999 -9999 492.0108 490.4332 488.5465 486.5168 484.4206 482.4345 480.8255 479.6314 478.7135 478.0104 477.3919 476.9335 476.7436 476.6969 476.497 475.8474 474.4526 472.952 471.7802 471.1065 470.8999 470.4975 469.9835 469.4657 469.0703 468.9583 468.7221 468.5289 468.2568 468.0032 467.7844 467.5886 467.416 467.29 467.2076 467.1492 467.1013 467.0591 467.0243 467.0027 467 466.9651 466.8966 466.8005 466.6894 466.578 466.4792 466.4021 466.3521 466.3247
-9999 -9999 -9999 -9999 -9999 -9999 -9999 -9999 -9999 -9999 -9999 -9999 -9999 -9999 -9999 -9999 -9999 492.1344 491.1061 489.8043 488.265 486.6359 485.0395 483.6391 482.5183 481.6237 480.9211 480.2961 479.7601 479.3958 479.07 478.4326 477.151 475.2252 473.3736 472.1377 471.4788 471.2209 470.9507 470.5021 469.998 469.5807 469.3692 469.0765 468.9459 468.6206 468.2925 468.0008 467.7531 467.5313 467.3888 467.3085 467.2469 467.1841 467.1184 467.0544 467.0001 466.9844 466.9322 466.8412 466.72 466.5845 466.454 466.344 466.2649 466.2249 466.2137
-9999 -9999 -9999 -9999 -9999 -9999 -9999 -9999 -9999 -9999 -9999 -9999 -9999 -9999 -9999 -9999 -9999 -9999 491.4378 490.6607 489.4686 488.1623 486.8956 485.7212 484.6785 483.7719 483.0039 482.382 481.7725 481.1469 480.4685 479.4894 477.7443 475.5225 473.4359 472.2891 471.7149 471.4683 471.2678 470.9592 470.511 470.0906 469.9128 469.6071 469.4056 469.0327 468.6519 468.2839 467.9681 467.6758 467.5266 467.4624 467.3953 467.3089 467.2133 467.1219 467.0476 466.9998 466.9152 466.7952 466.6441 466.4802 466.3283 466.2078 466.126 466.1028 466.1148
-9999 -9999 -9999 -9999 -9999 -9999 -9999 -9999 -9999 -9999 -9999 -9999 -9999 -9999 -9999 -9999 -9999 -9999 -9999 -9999 489.923 488.914 487.8706 486.8253 485.8117 484.8651 483.9984 483.2588 482.6122 481.7286 480.702 479.3759 477.5238 475.4134 473.5147 472.4562 471.9507 471.7335 471.5694 471.3237 470.9762 470.5992 470.3182 470.0423 469.9188 469.5424 469.1139 468.6314 468.1467 467.8353 467.7133 467.684 467.595 467.4668 467.3297 467.2012 467.0905 466.9998 466.9042 466.7622 466.5795 466.3836 466.2098 466.0858 466.0007 466.0002 466.0407
-9999 -9999 -9999 -9999 -9999 -9999 -9999 -9999 -9999 -9999 -9999 -9999 -9999 -9999 -9999 -9999 -9999 -9999 -9999 -9999 -9999 -9999 -9999 -9999 -9999 -9999 -9999 -9999 -9999 481.0358 479.8434 478.4291 476.8047 475.1729 473.6945 472.7472 472.3027 472.1002 471.9305 471.6729 471.3152 470.9587 470.6439 470.4128 470.2663 470.0256 469.7834 469.2292 468.7649 468.2072 468.0159 467.9825 467.823 467.6323 467.4492 467.2834 467.1352 467.0018 466.9208 466.7556 466.5352 466.3014 466.104 465.9993 465.9362 465.9473 465.9995
-9999 -9999 -9999 -9999 -9999 -9999 -9999 -9999 -9999 -9999 -9999 -9999 -9999 -9999 -9999 -9999 -9999 -9999 -9999 -9999 -9999 -9999 -9999 -9999 -9999 -9999 -9999 -9999 -9999 -9999 478.6446 477.3201 476.1728 475.2498 474.3701 473.3307 472.8703 472.6262 472.3939 472.0457 471.5558 471.0602 470.8173 470.6474 470.5229 470.3701 470.1868 469.852 469.343 468.8392 468.4397 468.2113 467.9895 467.7597 467.5518 467.3682 467.2133 467.0905 466.9965 466.7808 466.5176 466.2427 466.004 465.9062 465.8643 465.8759 465.9178
-9999 -9999 -9999 -9999 -9999 -9999 -9999 -9999 -9999 -9999 -9999 -9999 -9999 -9999 -9999 -9999 -9999 -9999 -9999 -9999 -9999 -9999 -9999 -9999 -9999 -9999 -9999 -9999 -9999 -9999 477.6381 476.4854 475.9363 475.6724 475.2912 474.344 473.6885 473.2947 472.9422 472.4648 471.8425 471.2986 470.9897 470.8052 470.6785 470.5431 470.3504 470.0323 469.6358 469.0999 468.7088 468.3791 468.03 467.8377 467.629 467.4345 467.2703 467.1335 466.9998 466.7903 466.5239 466.2408 465.9996 465.8636 465.8035 465.7995 465.8301
-9999 -9999 -9999 -9999 -9999 -9999 -9999 -9999 -9999 -9999 -9999 -9999 -9999 -9999 -9999 -9999 -9999 -9999 -9999 -9999 -9999 -9999 -9999 -9999 -9999 -9999 -9999 -9999 -9999 -9999 -9999 476.731 476.4328 476.5643 476.3726 475.395 474.5171 473.9489 473.4222 472.7187 472.02 471.4286 471.0218 470.8846 470.7637 470.6272 470.4571 470.2232 469.9416 469.4669 469.0267 468.6614 468.2681 467.9861 467.7051 467.4801 467.3014 467.1494 466.9991 466.8126 466.5535 466.261 466.0005 465.8336 465.746 465.7183 465.731
-9999 -9999 -9999 -9999 -9999 -9999 -9999 -9999 -9999 -9999 -9999 -9999 -9999 -9999 -9999 -9999 -9999 -9999 -9999 -9999 -9999 -9999 -9999 -9999 -9999 -9999 -9999 -9999 -9999 -9999 -9999 478.0529 477.9665 478.1793 477.8763 476.7466 475.3165 474.4779 473.629 472.822 472.1151 471.5399 471.1563 470.9949 470.8191 470.6608 470.496 470.2928 470.0229 469.737 469.3444 468.9435 468.4343 468.0108 467.7144 467.4915 467.3157 467.1613 467.0034 466.8704 466.6107 466.2947 466.0012 465.8035 465.6857 465.6299 465.6185
-9999 -9999 -9999 -9999 -9999 -9999 -9999 -9999 -9999 -9999 -9999 -9999 -9999 -9999 -9999 -9999 -9999 -9999 -9999 -9999 -9999 -9999 -9999 -9999 -9999 -9999 -9999 -9999 -9999 -9999 -9999 480.2643 480.3 480.347 479.683 478.1036 476.0592 474.8614 473.835 472.9561 472.2245 471.6317 471.2216 470.9985 470.8082 470.6494 470.5076 470.3619 470.1871 469.9697 469.5205 469.0094 468.4746 468.0091 467.7057 467.4938 467.3373 467.2123 467.1026 466.9907 466.6886 466.334 466.0023 465.7714 465.6215 465.5354 465.4963
-9999 -9999 -9999 -9999 -9999 -9999 -9999 -9999 -9999 -9999 -9999 -9999 -9999 -9999 -9999 -9999 -9999 -9999 -9999 -9999 -9999 -9999 -9999 -9999 -9999 -9999 -9999 -9999 -9999 -9999 -9999 -9999 483.0826 482.7973 481.7473 479.8617 477.5533 475.7638 474.4 473.3351 472.4807 471.7887 471.2894 470.993 470.7834 470.6182 470.4884 470.377 470.2375 469.9996 469.5565 469.0104 468.4719 468.0056 467.7005 467.4975 467.3561 467.2466 467.1419 466.9993 466.7173 466.3584 466.0022 465.7376 465.5546 465.4383 465.3719
-9999 -9999 -9999 -9999 -9999 -9999 -9999 -9999 -9999 -9999 -9999 -9999 -9999 -9999 -9999 -9999 -9999 -9999 -9999 -9999 -9999 -9999 -9999 -9999 -9999 -9999 -9999 -9999 -9999 -9999 -9999 -9999 485.5383 485.0051 483.7373 481.7952 479.4238 477.1191 475.4214 474.0604 472.9629 472.0934 471.451 471.0222 470.8036 470.5968 470.4487 470.3497 470.2317 469.9973 469.557 469.0052 468.4651 468.0042 467.7017 467.5054 467.3724 467.2672 467.1552 466.998 466.7455 466.3857 466.002 465.7022 465.4865 465.3429 465.2543
-9999 -9999 -9999 -9999 -9999 -9999 -9999 -9999 -9999 -9999 -9999 -9999 -9999 -9999 -9999 -9999 -9999 -9999 -9999 -9999 -9999 -9999 -9999 -9999 -9999 -9999 -9999 -9999 -9999 -9999 -9999 -9999 486.923 486.4346 485.2375 483.5311 481.4435 479.1764 477.0428 475.2461 473.7592 472.6464 471.8573 471.3026 470.9542 470.5969 470.3913 470.2949 470.2045 469.9954 469.5596 469.0044 468.4613 468.0045 467.7081 467.519 467.394 467.2938 467.1776 467.0068 466.8153 466.4366 466.0045 465.666 465.419 465.253 465.1509
-9999 -9999 -9999 -9999 -9999 -9999 -9999 -9999 -9999 -9999 -9999 -9999 -9999 -9999 -9999 -9999 -9999 -9999 -9999 -9999 -9999 -9999 -9999 -9999 -9999 -9999 -9999 -9999 -9999 -9999 -9999 -9999 -9999 486.8087 485.9083 484.695 483.1959 481.3052 479.1467 476.9954 475.087 473.5435 472.5377 471.6985 471.0002 470.5244 470.2917 470.2162 470.1669 469.9952 469.5679 469.0068 468.4571 468.006 467.7172 467.536 467.4237 467.3435 467.2607 467.1459 466.9724 466.5142 466.0115 465.6312 465.3536 465.1699 465.066
-9999 -9999 -9999 -9999 -9999 -9999 -9999 -9999 -9999 -9999 -9999 -9999 -9999 -9999 -9999 -9999 -9999 -9999 -9999 -9999 -9999 -9999 -9999 -9999 -9999 -9999 -9999 -9999 -9999 -9999 -9999 -9999 -9999 486.3054 485.8327 485.1427 484.3695 483.1056 481.2577 479.0392 476.8531 474.9672 473.5527 472.2651 471.0999 470.4558 470.187 470.1329 470.1272 469.9965 469.5783 469.0081 468.4375 468.0066 467.7202 467.5446 467.4455 467.3843 467.322 467.2139 466.9948 466.5331 466.0101 465.5978 465.2904 465.0892 464.9992
-9999 -9999 -9999 -9999 -9999 -9999 -9999 -9999 -9999 -9999 -9999 -9999 -9999 -9999 -9999 -9999 -9999 -9999 -9999 -9999 -9999 -9999 -9999 -9999 -9999 -9999 -9999 -9999 -9999 -9999 -9999 -9999 -9999 -9999 485.7214 485.2525 484.9299 484.3407 483.001 480.9845 478.7327 476.5828 474.5873 472.7638 471.2481 470.4501 470.1232 470.0652 470.0833 469.9867 469.5709 468.9903 468.3544 467.9768 467.6895 467.526 467.4449 467.4007 467.3485 467.2361 466.9942 466.5319 466.0058 465.5721 465.2369 465.003 464.9102
-9999 -9999 -9999 -9999 -9999 -9999 -9999 -9999 -9999 -9999 -9999 -9999 -9999 -9999 -9999 -9999 -9999 -9999 -9999 -9999 -9999 -9999 -9999 -9999 -9999 -9999 -9999 -9999 -9999 -9999 -9999 -9999 -9999 -9999 -9999 -9999 485.448 485.0949 484.1956 482.5221 480.4608 478.256 475.9237 473.5442 471.6302 470.6115 470.1486 470.0204 469.9986 469.8619 469.4998 468.9271 468.1391 467.7876 467.5809 467.4709 467.4225 467.3967 467.3518 467.2373 466.9915 466.5303 466.0022 465.5682 465.2305 464.999 464.8741
-9999 -9999 -9999 -9999 -9999 -9999 -9999 -9999 -9999 -9999 -9999 -9999 -9999 -9999 -9999 -9999 -9999 -9999 -9999 -9999 -9999 -9999 -9999 -9999 -9999 -9999 -9999 -9999 -9999 -9999 -9999 -9999 -9999 -9999 -9999 -9999 -9999 -9999 484.8569 483.5318 481.8496 479.8278 477.4072 474.7255 472.3494 470.9936 470.2748 469.9988 469.8689 469.7194 469.4241 468.9088 468.0838 467.6919 467.508 467.4297 467.404 467.3905 467.3491 467.233 466.9893 466.5482 466.0083 465.5955 465.2509 464.9986 464.8665
-9999 -9999 -9999 -9999 -9999 -9999 -9999 -9999 -9999 -9999 -9999 -9999 -9999 -9999 -9999 -9999 -9999 -9999 -9999 -9999 -9999 -9999 -9999 -9999 -9999 -9999 -9999 -9999 -9999 -9999 -9999 -9999 -9999 -9999 -9999 -9999 -9999 -9999 -9999 484.1014 482.8406 481.1082 478.7691 475.9671 473.2468 471.5284 470.4422 469.9788 469.7299 469.5675 469.3383 468.9027 468.0826 467.6807 467.5019 467.4321 467.4121 467.4017 467.3622 467.249 467.0123 466.6529 466.0883 465.7062 465.3245 465.0102 464.8949
-9999 -9999 -9999 -9999 -9999 -9999 -9999 -9999 -9999 -9999 -9999 -9999 -9999 -9999 -9999 -9999 -9999 -9999 -9999 -9999 -9999 -9999 -9999 -9999 -9999 -9999 -9999 -9999 -9999 -9999 -9999 -9999 -9999 -9999 -9999 -9999 -9999 -9999 -9999 484.4034 483.4662 481.9914 479.8205 477.0062 474.1099 472.1191 470.5567 469.8702 469.5521 469.3842 469.2031 468.8432 468.0771 467.7255 467.5596 467.4836 467.4535 467.4382 467.4066 467.3287 467.1782 466.935 466.3943 465.9494 465.4958 465.1592 464.9959
