backend/lakes/data/Lower Mann Lake/lowm_dem_tm.asc
ncols         114
nrows         112
xllcorner     724750
yllcorner     6003400
cellsize      50
NODATA_value  -9999
[rows 60 to 89 of 112, columns 0 to 67 of 114]
-9999 -9999 -9999 -9999 -9999 -9999 -9999 -9999 -9999 -9999 -9999 -9999 -9999 -9999 -9999 -9999 -9999 -9999 -9999 -9999 -9999 -9999 -9999 -9999 -9999 622.2935 623.1434 623.5051 622.7515 620.697 618.0941 616.1222 615.666 616.0949 615.1115 613.7666 612.1548 610.783 609.4149 608.1698 608.1856 607.8106 607.4855 607.2055 606.9707 606.7742 606.6458 606.5685 606.5533 606.6388 606.8815 607.3114 607.8456 608.3738 608.6322 608.58 608.6392 608.9848 609.3533 609.0457 608.4146 609.2588 610.373 610.9911 611.5289 613.0406 615.0114 616.6926
-9999 -9999 -9999 -9999 -9999 -9999 -9999 -9999 -9999 -9999 -9999 -9999 -9999 -9999 -9999 -9999 -9999 -9999 -9999 -9999 -9999 -9999 -9999 -9999 -9999 621.2065 621.9692 621.9791 620.7925 618.4263 615.9576 614.378 615.3283 617.1262 617.1156 615.733 614.0795 612.3047 610.4821 608.7843 608.1273 607.7023 607.4152 607.2084 607.014 606.8434 606.738 606.6788 606.6599 606.7576 606.9149 607.2674 607.7184 608.163 608.3893 608.2294 608.1177 608.3727 608.707 608.3328 607.8883 608.2422 609.416 610.2977 610.1486 611.0527 612.4696 613.9467
-9999 -9999 -9999 -9999 -9999 -9999 -9999 -9999 -9999 -9999 -9999 -9999 -9999 -9999 -9999 -9999 -9999 -9999 -9999 -9999 -9999 -9999 -9999 -9999 -9999 621.0474 621.6786 621.3416 619.8044 617.123 614.655 613.4904 614.2123 616.2787 617.7201 617.3398 616.2607 614.6808 612.6385 610.288 608.6743 607.9271 607.5319 607.3141 607.1158 606.9349 606.8405 606.7977 606.7581 606.8064 606.9776 607.2917 607.6909 608.0549 608.2236 608.0601 607.7932 607.8982 608.2025 607.9799 607.7271 607.9858 609.0144 609.6624 609.4609 609.7063 610.6237 611.8298
-9999 -9999 -9999 -9999 -9999 -9999 -9999 -9999 -9999 -9999 -9999 -9999 -9999 -9999 -9999 -9999 -9999 -9999 -9999 -9999 -9999 -9999 -9999 -9999 620.4967 621.4543 621.989 621.2928 619.4191 616.5551 613.8563 612.7635 613.0577 614.7346 616.7104 617.9547 618.2004 616.989 614.7056 611.9921 609.8802 608.6438 607.9129 607.5807 607.2734 607.0188 606.9089 606.8808 606.8427 606.8901 607.1335 607.3746 607.7657 608.0663 608.1722 607.9792 607.6478 607.5864 607.8301 607.7329 607.6745 607.9784 608.8762 609.1006 608.9293 608.9796 609.5179 610.5938
-9999 -9999 -9999 -9999 -9999 -9999 -9999 -9999 -9999 -9999 -9999 -9999 -9999 -9999 -9999 -9999 -9999 -9999 -9999 -9999 -9999 -9999 -9999 -9999 620.7147 621.8644 622.0699 621.1152 618.9492 616.1304 613.6316 612.6732 612.6925 613.6331 615.5606 617.6719 618.728 617.9724 615.5719 612.8251 610.7844 609.295 608.2621 607.8459 607.3945 607.0488 606.8905 606.8857 606.8638 606.8807 607.0952 607.4164 607.85 608.1805 608.2269 607.9969 607.6266 607.3954 607.4474 607.4844 607.5829 607.8912 608.3716 608.5534 608.4824 608.5139 608.8698 609.7092
-9999 -9999 -9999 -9999 -9999 -9999 -9999 -9999 -9999 -9999 -9999 -9999 -9999 -9999 -9999 -9999 -9999 -9999 -9999 -9999 -9999 -9999 -9999 620.3781 621.1299 621.9872 621.6925 620.1172 617.7359 615.194 613.439 613.0671 613.0103 613.4955 614.8054 616.897 618.3198 617.4476 615.0754 612.4879 610.8945 609.4605 608.1559 607.6572 607.2916 606.9807 606.7955 606.8076 606.828 606.8572 607.1142 607.6231 607.9805 608.3209 608.359 608.1525 607.7926 607.5154 607.4296 607.3923 607.4764 607.6667 607.9155 608.1266 608.1436 608.2056 608.4561 609.0488
-9999 -9999 -9999 -9999 -9999 -9999 -9999 -9999 -9999 -9999 -9999 -9999 -9999 -9999 -9999 -9999 -9999 -9999 -9999 -9999 -9999 -9999 -9999 621.6298 621.7822 621.8564 620.7969 618.7746 616.1061 614.0949 613.9133 613.6763 613.5084 613.55 614.2032 615.6418 616.7427 615.863 613.7057 611.5292 610.1984 609.0819 607.9922 607.4803 607.1586 606.8897 606.6765 606.6721 606.7462 606.801 607.0315 607.5181 608.0204 608.4146 608.5535 608.4784 608.2676 608.066 607.927 607.629 607.4828 607.5236 607.6836 607.887 607.9028 608.0132 608.1918 608.5787
-9999 -9999 -9999 -9999 -9999 -9999 -9999 -9999 -9999 -9999 -9999 -9999 -9999 -9999 -9999 -9999 -9999 -9999 -9999 -9999 -9999 -9999 -9999 622.8653 622.0727 621.2073 619.7894 617.8189 615.7102 614.0356 613.1159 612.1939 613.3156 613.4669 613.7742 614.3646 614.9532 614.185 612.3873 610.7928 609.6562 608.8752 607.9363 607.3857 607.051 606.8037 606.5779 606.5101 606.6346 606.7687 607.0145 607.4798 607.9491 608.3765 609.022 609.2375 609.2385 609.3109 609.0225 608.2003 607.6787 607.4659 607.4702 607.5812 607.6896 607.8906 608.0426 608.3485
-9999 -9999 -9999 -9999 -9999 -9999 -9999 -9999 -9999 -9999 -9999 -9999 -9999 -9999 -9999 -9999 -9999 -9999 -9999 -9999 -9999 -9999 -9999 623.1237 621.8188 620.3534 618.7253 617.1787 615.9717 614.9065 614.0254 613.1044 612.9315 613.444 613.6947 613.9941 613.9042 612.9523 611.4458 610.3124 609.5247 608.9294 607.9393 607.3309 606.9636 606.7158 606.5041 606.3827 606.4948 606.7596 607.15 607.8212 608.6998 609.7156 610.8563 611.1243 610.9447 610.7991 610.1205 609.0621 607.9691 607.4545 607.2821 607.296 607.4144 607.6362 607.9058 608.3148
-9999 -9999 -9999 -9999 -9999 -9999 -9999 -9999 -9999 -9999 -9999 -9999 -9999 -9999 -9999 -9999 -9999 -9999 -9999 -9999 -9999 -9999 -9999 -9999 620.9074 619.5013 618.2872 617.7042 617.2974 616.7523 616.0345 615.1575 614.5856 614.4256 614.115 613.9498 613.2574 612.0524 610.8779 609.9913 609.3127 608.3867 607.7777 607.2903 606.9229 606.647 606.4465 606.309 606.3651 606.6858 607.2211 608.0546 609.4288 610.9828 612.5686 612.5134 612.0538 611.8696 610.8334 609.4109 608.0612 607.4054 607.1268 607.0685 607.1774 607.4534 607.8874 608.446
-9999 -9999 -9999 -9999 -9999 -9999 -9999 -9999 -9999 -9999 -9999 -9999 -9999 -9999 -9999 -9999 -9999 -9999 -9999 -9999 -9999 -9999 -9999 -9999 -9999 619.0516 618.8158 619.1921 619.6599 619.5483 618.9119 617.9742 617.0972 616.2278 615.1457 614.1149 612.9833 611.4082 610.421 609.8329 609.4623 609.0424 608.1946 607.5625 607.0663 606.6899 606.4373 606.308 606.3375 606.6221 607.2009 608.1202 609.6614 611.1017 612.2372 612.7171 611.7259 612.0932 610.7888 609.3303 608.0273 607.3607 607.0378 606.9319 607.0278 607.3513 607.9141 608.7307
-9999 -9999 -9999 -9999 -9999 -9999 -9999 -9999 -9999 -9999 -9999 -9999 -9999 -9999 -9999 -9999 -9999 -9999 -9999 -9999 -9999 -9999 -9999 -9999 -9999 -9999 619.7635 621.2204 622.5394 622.9509 622.4385 621.4092 620.1362 618.529 616.6127 614.7122 612.9707 611.2032 610.262 609.878 609.7358 609.537 609.0598 608.2005 607.4828 606.9291 606.5552 606.4056 606.4421 606.6974 607.2112 608.0259 609.3853 610.8749 612.5064 613.8885 612.2312 610.5827 609.7092 608.8135 607.9169 607.3824 607.0627 606.9279 607.0223 607.412 608.1273 609.273
-9999 -9999 -9999 -9999 -9999 -9999 -9999 -9999 -9999 -9999 -9999 -9999 -9999 -9999 -9999 -9999 -9999 -9999 -9999 -9999 -9999 -9999 -9999 -9999 -9999 -9999 -9999 -9999 -9999 -9999 -9999 625.047 623.2625 620.9591 618.316 615.674 613.3475 611.4479 610.4962 610.2247 610.2559 610.173 609.8946 609.261 608.2567 607.4354 606.8956 606.6602 606.7136 606.9601 607.3956 607.9735 608.9297 609.9763 611.319 612.3838 611.3433 610.069 609.3038 608.5615 607.9213 607.5532 607.2416 607.0755 607.2007 607.7228 608.713 610.0327
-9999 -9999 -9999 -9999 -9999 -9999 -9999 -9999 -9999 -9999 -9999 -9999 -9999 -9999 -9999 -9999 -9999 -9999 -9999 -9999 -9999 -9999 -9999 -9999 -9999 -9999 -9999 -9999 -9999 -9999 -9999 628.1658 625.8926 623.1092 620.0684 617.0739 614.4117 612.4299 611.2781 611.0456 611.1636 611.0352 610.9407 610.589 609.4993 608.2995 607.5043 607.1841 607.2017 607.438 607.8472 608.2114 608.7335 609.3164 609.9539 610.6124 610.2427 609.4741 608.8922 608.4135 608.0674 607.8753 607.5569 607.3584 607.55 608.2137 609.4091 610.853
-9999 -9999 -9999 -9999 -9999 -9999 -9999 -9999 -9999 -9999 -9999 -9999 -9999 -9999 -9999 -9999 -9999 -9999 -9999 -9999 -9999 -9999 -9999 -9999 -9999 -9999 -9999 -9999 -9999 -9999 -9999 630.0693 627.4611 624.5972 621.7083 618.8154 616.1334 614.0026 612.6938 612.3543 612.6674 612.0644 611.983 611.8785 610.9066 609.5862 608.4603 608.0394 608.0054 608.1111 608.3676 608.5856 608.8212 609.0721 609.3771 609.6385 609.4383 608.983 608.5842 608.307 608.1409 608.0273 607.8809 607.7482 608.1619 609.1246 610.1196 611.104
-9999 -9999 -9999 -9999 -9999 -9999 -9999 -9999 -9999 -9999 -9999 -9999 -9999 -9999 -9999 -9999 -9999 -9999 -9999 -9999 -9999 -9999 -9999 -9999 -9999 -9999 -9999 -9999 -9999 -9999 -9999 630.2327 627.4832 625.0063 622.8904 620.5939 618.1352 615.8991 614.3421 613.6589 613.7751 613.4437 612.8467 612.4767 612.0299 611.0043 609.8923 609.3754 609.2492 609.2197 609.0734 609.07 609.0862 609.103 609.1653 609.1857 608.9755 608.6431 608.3887 608.2745 608.2341 608.1885 608.1713 608.2956 609.2105 610.2499 611.0145 611.2131
-9999 -9999 -9999 -9999 -9999 -9999 -9999 -9999 -9999 -9999 -9999 -9999 -9999 -9999 -9999 -9999 -9999 -9999 -9999 -9999 -9999 -9999 -9999 -9999 -9999 -9999 -9999 -9999 -9999 -9999 -9999 -9999 625.9083 624.1765 623.1442 621.8513 619.9777 617.9194 616.1046 614.9127 614.5006 614.1171 613.6065 612.6304 612.4171 612.1052 611.2171 610.4361 609.9636 609.668 609.437 609.4232 609.3236 609.2241 609.1558 609.0367 608.7654 608.4689 608.3347 608.3738 608.4029 608.4939 608.7671 609.4049 610.5529 611.7745 612.5949 612.2161
-9999 -9999 -9999 -9999 -9999 -9999 -9999 -9999 -9999 -9999 -9999 -9999 -9999 -9999 -9999 -9999 -9999 -9999 -9999 -9999 -9999 -9999 -9999 -9999 -9999 -9999 -9999 -9999 -9999 -9999 -9999 -9999 -9999 622.5367 622.7903 622.6074 621.2319 619.7012 617.7809 616.1842 615.199 614.5184 613.7538 612.6133 612.4541 612.4551 612.0682 611.0054 610.2834 609.8295 609.5741 609.499 609.4297 609.3251 609.2159 609.043 608.7125 608.4212 608.4141 608.6545 608.7033 608.8684 609.3784 610.4764 611.9022 613.2769 614.019 613.8582
-9999 -9999 -9999 -9999 -9999 -9999 -9999 -9999 -9999 -9999 -9999 -9999 -9999 -9999 -9999 -9999 -9999 -9999 -9999 -9999 -9999 -9999 -9999 -9999 -9999 -9999 -9999 -9999 -9999 -9999 -9999 -9999 -9999 -9999 621.6169 622.8019 621.5703 620.9192 619.2324 617.4624 616.1038 615.0264 613.9064 612.7057 612.4443 612.4656 611.978 611.0082 610.2883 609.8118 609.5567 609.4863 609.4728 609.4293 609.3123 609.114 608.7411 608.4346 608.5185 608.8977 609.0237 609.1926 609.8047 611.4385 613.2188 614.7277 615.7916 615.9359
-9999 -9999 -9999 -9999 -9999 -9999 -9999 -9999 -9999 -9999 -9999 -9999 -9999 -9999 -9999 -9999 -9999 -9999 -9999 -9999 -9999 -9999 -9999 -9999 -9999 -9999 -9999 -9999 -9999 -9999 -9999 -9999 -9999 -9999 -9999 -9999 622.7836 622.0314 620.5413 618.8022 617.2472 615.9005 614.5737 613.402 612.8349 612.6579 612.1359 611.1418 610.3817 609.8462 609.5658 609.517 609.5652 609.5679 609.4243 609.1927 608.8068 608.4923 608.6766 609.2487 609.4805 609.6085 610.3351 612.3368 614.379 616.1072 617.2231 617.4976
-9999 -9999 -9999 -9999 -9999 -9999 -9999 -9999 -9999 -9999 -9999 -9999 -9999 -9999 -9999 -9999 -9999 -9999 -9999 -9999 -9999 -9999 -9999 -9999 -9999 -9999 -9999 -9999 -9999 -9999 -9999 -9999 -9999 -9999 -9999 -9999 -9999 622.3049 621.439 620.0176 618.5274 617.1027 615.81 614.7476 614.3843 614.1133 613.2731 612.011 610.9296 610.1729 609.7783 609.7253 609.8367 609.8508 609.4767 609.2377 608.8641 608.5516 608.8444 609.7346 610.1113 610.1344 611.1273 613.2455 615.2216 616.7524 616.8619 616.9967
-9999 -9999 -9999 -9999 -9999 -9999 -9999 -9999 -9999 -9999 -9999 -9999 -9999 -9999 -9999 -9999 -9999 -9999 -9999 -9999 -9999 -9999 -9999 -9999 -9999 -9999 -9999 -9999 -9999 -9999 -9999 -9999 -9999 -9999 -9999 -9999 -9999 -9999 621.9478 620.8412 619.6207 618.412 617.3743 616.7034 616.4816 616.3082 615.1973 613.4677 611.9758 610.9246 610.3365 610.2391 610.4399 610.5787 609.985 609.4281 608.9474 608.5662 608.7709 609.6782 610.6323 610.5894 612.0499 613.8618 615.0543 615.5497 615.2933 615.474
-9999 -9999 -9999 -9999 -9999 -9999 -9999 -9999 -9999 -9999 -9999 -9999 -9999 -9999 -9999 -9999 -9999 -9999 -9999 -9999 -9999 -9999 -9999 -9999 -9999 -9999 -9999 -9999 -9999 -9999 -9999 -9999 -9999 -9999 -9999 -9999 -9999 -9999 621.8557 620.8688 620.0339 619.4689 619.0292 618.6084 618.3431 618.675 617.6653 615.6121 613.6343 612.2803 611.4517 611.2144 611.3477 611.4561 610.6297 609.7326 609.1942 608.7675 608.8193 609.5171 610.4417 611.726 613.4025 614.6219 614.7186 614.1254 613.5454 613.338
-9999 -9999 -9999 -9999 -9999 -9999 -9999 -9999 -9999 -9999 -9999 -9999 -9999 -9999 -9999 -9999 -9999 -9999 -9999 -9999 -9999 -9999 -9999 -9999 -9999 -9999 -9999 -9999 -9999 -9999 -9999 -9999 -9999 -9999 -9999 -9999 -9999 -9999 -9999 620.2108 620.126 620.4234 620.7386 619.9993 618.5134 620.317 620.0641 618.1948 616.0118 614.485 613.62 613.1578 612.8405 612.4288 611.7673 610.8853 610.1133 609.6625 609.6907 610.4379 611.7144 613.3319 614.8521 615.6038 614.5715 613.0325 611.964 611.5162
-9999 -9999 -9999 -9999 -9999 -9999 -9999 -9999 -9999 -9999 -9999 -9999 -9999 -9999 -9999 -9999 -9999 -9999 -9999 -9999 -9999 -9999 -9999 -9999 -9999 -9999 -9999 -9999 -9999 -9999 -9999 -9999 -9999 -9999 -9999 -9999 -9999 -9999 -9999 -9999 620.4081 621.6161 622.374 620.9623 618.6776 621.1463 621.9413 620.5885 618.7394 617.4448 616.7695 616.3676 615.9358 615.2192 614.316 613.3251 612.3634 611.7294 611.8248 612.6226 613.8709 615.1967 616.181 615.9996 614.525 612.525 611.0989 610.803
-9999 -9999 -9999 -9999 -9999 -9999 -9999 -9999 -9999 -9999 -9999 -9999 -9999 -9999 -9999 -9999 -9999 -9999 -9999 -9999 -9999 -9999 -9999 -9999 -9999 -9999 -9999 -9999 -9999 -9999 -9999 -9999 -9999 -9999 -9999 -9999 -9999 -9999 -9999 -9999 -9999 -9999 -9999 621.1721 618.812 621.2311 623.0424 622.1983 620.9964 620.3748 620.245 620.1967 619.8792 619.2529 618.4062 617.3728 616.2775 615.4455 615.4275 616.1054 617.0828 617.8975 618.0145 616.8684 614.7669 612.4937 611.0225 610.9784
-9999 -9999 -9999 -9999 -9999 -9999 -9999 -9999 -9999 -9999 -9999 -9999 -9999 -9999 -9999 -9999 -9999 -9999 -9999 -9999 -9999 -9999 -9999 -9999 -9999 -9999 -9999 -9999 -9999 -9999 -9999 -9999 -9999 -9999 -9999 -9999 -9999 -9999 -9999 -9999 -9999 -9999 -9999 -9999 618.9133 621.2422 622.7988 622.7585 622.3931 622.6909 623.2686 623.6312 623.5682 623.4442 623.0533 622.2666 621.2908 620.4872 620.3796 620.9066 621.5773 621.7531 620.7927 618.5562 615.6608 613.0402 611.5465 611.5461
-9999 -9999 -9999 -9999 -9999 -9999 -9999 -9999 -9999 -9999 -9999 -9999 -9999 -9999 -9999 -9999 -9999 -9999 -9999 -9999 -9999 -9999 -9999 -9999 -9999 -9999 -9999 -9999 -9999 -9999 -9999 -9999 -9999 -9999 -9999 -9999 -9999 -9999 -9999 -9999 -9999 -9999 -9999 -9999 -9999 620.734 622.0402 622.7911 623.4135 624.4631 625.4581 626.0212 626.1699 626.9673 627.4059 627.1988 626.5744 625.9922 625.9819 626.5003 626.9766 626.5984 624.6592 621.3395 617.5499 614.3834 612.6072 612.419
-9999 -9999 -9999 -9999 -9999 -9999 -9999 -9999 -9999 -9999 -9999 -9999 -9999 -9999 -9999 -9999 -9999 -9999 -9999 -9999 -9999 -9999 -9999 -9999 -9999 -9999 -9999 -9999 -9999 -9999 -9999 -9999 -9999 -9999 -9999 -9999 -9999 -9999 -9999 -9999 -9999 -9999 -9999 -9999 -9999 -9999 621.3766 622.847 624.3818 625.8174 626.9024 627.6398 628.5214 629.8904 631.0295 631.4569 631.296 631.0717 631.3501 632.0757 632.5699 631.869 629.2292 624.9985 620.2973 616.4031 614.0993 613.0768
-9999 -9999 -9999 -9999 -9999 -9999 -9999 -9999 -9999 -9999 -9999 -9999 -9999 -9999 -9999 -9999 -9999 -9999 -9999 -9999 -9999 -9999 -9999 -9999 -9999 -9999 -9999 -9999 -9999 -9999 -9999 -9999 -9999 -9999 -9999 -9999 -9999 -9999 -9999 -9999 -9999 -9999 -9999 -9999 -9999 -9999 -9999 -9999 -9999 -9999 -9999 628.635 630.0386 631.9216 633.5681 634.4625 634.739 634.9735 635.7214 636.8596 637.6036 636.8618 633.8387 628.9437 623.4307 618.813 616.1154 613.6709
