backend/lakes/data/Lower Mann Lake/lowm_dem_tm.asc
ncols         114
nrows         112
xllcorner     724750
yllcorner     6003400
cellsize      50
NODATA_value  -9999
[rows 30 to 59 of 112, columns 0 to 67 of 114]
-9999 -9999 -9999 -9999 -9999 -9999 -9999 -9999 -9999 -9999 -9999 -9999 -9999 -9999 -9999 -9999 627.2183 626.5043 625.5787 623.4933 620.162 616.3005 613.0089 611.388 611.1597 610.9969 610.8589 611.1506 612.3012 613.365 614.2551 613.8441 612.5579 611.3243 610.707 610.5201 610.33 610.0831 610.1494 610.4741 610.9012 611.0304 610.9673 610.8566 611.0804 611.5852 612.5634 613.8809 615.1764 615.9232 615.2242 614.4353 614.256 615.3642 -9999 -9999 -9999 -9999 -9999 -9999 -9999 -9999 -9999 -9999 -9999 -9999 -9999 -9999
-9999 -9999 -9999 -9999 -9999 -9999 -9999 -9999 -9999 -9999 -9999 -9999 -9999 -9999 -9999 -9999 627.634 626.6885 625.5557 623.2806 619.8151 615.8626 612.7083 611.6169 611.3494 611.1921 610.9304 611.1003 611.9251 613.718 615.6509 615.5231 614.1863 612.5989 611.3056 610.6125 610.1805 609.8246 609.6854 609.8275 610.1177 610.3025 610.4951 611.3 612.2126 612.2677 613.8986 615.9817 617.6255 617.9316 616.5071 614.6422 613.4984 613.5556 -9999 -9999 -9999 -9999 -9999 -9999 -9999 -9999 -9999 -9999 -9999 -9999 -9999 -9999
-9999 -9999 -9999 -9999 -9999 -9999 -9999 -9999 -9999 -9999 -9999 -9999 -9999 -9999 -9999 -9999 627.7655 626.5204 625.1446 622.7875 619.3527 615.5305 612.7309 612.1047 611.6482 611.0602 610.7794 610.9216 611.472 612.5443 614.2318 615.4607 615.3871 613.8762 612.2748 611.0345 610.335 609.8215 609.5251 609.5519 609.8394 610.1075 610.4186 611.2715 612.4063 613.6193 616.1128 618.7788 620.5595 620.4796 618.61 616.0425 613.9103 613.0017 -9999 -9999 -9999 -9999 -9999 -9999 -9999 -9999 -9999 -9999 -9999 -9999 -9999 -9999
-9999 -9999 -9999 -9999 -9999 -9999 -9999 -9999 -9999 -9999 -9999 -9999 -9999 -9999 -9999 -9999 627.4083 626.0338 624.5941 622.3422 619.1501 615.6768 613.0613 611.6907 611.0688 610.6807 610.5529 610.7285 611.0741 611.6549 612.5866 614.0575 615.4592 614.5662 613.0193 611.5201 610.6384 609.9739 609.5406 609.4785 609.7733 610.0127 610.4025 611.3732 612.9632 615.388 618.6312 621.604 623.287 622.9072 620.9142 618.2004 615.5671 -9999 -9999 -9999 -9999 -9999 -9999 -9999 -9999 -9999 -9999 -9999 -9999 -9999 -9999 -9999
-9999 -9999 -9999 -9999 -9999 -9999 -9999 -9999 -9999 -9999 -9999 -9999 -9999 -9999 -9999 -9999 626.6702 625.3349 624.0353 622.0833 619.2785 616.2183 613.8323 612.6196 611.7593 610.9314 610.5874 610.7255 610.9993 611.3558 612.0959 613.3833 614.7271 615.2659 613.9759 612.2755 611.0224 610.1714 609.6108 609.4149 609.5737 609.9778 610.5159 611.7833 614.1799 617.3237 620.8519 623.791 625.2812 624.767 623.0355 620.678 -9999 -9999 -9999 -9999 -9999 -9999 -9999 -9999 -9999 -9999 -9999 -9999 -9999 -9999 -9999 -9999
-9999 -9999 -9999 -9999 -9999 -9999 -9999 -9999 -9999 -9999 -9999 -9999 -9999 -9999 -9999 -9999 -9999 624.8782 623.7948 622.1376 619.6573 616.8267 614.5032 613.2369 612.4928 611.1827 610.6676 610.7299 611.0492 611.3784 611.9507 613.0914 614.891 616.3576 614.5013 612.4507 611.1052 610.2218 609.66 609.4157 609.4688 609.6865 610.417 611.995 614.6919 618.113 621.7103 624.6028 625.9136 625.6108 624.5071 -9999 -9999 -9999 -9999 -9999 -9999 -9999 -9999 -9999 -9999 -9999 -9999 -9999 -9999 -9999 -9999 -9999
-9999 -9999 -9999 -9999 -9999 -9999 -9999 -9999 -9999 -9999 -9999 -9999 -9999 -9999 -9999 -9999 -9999 624.5127 623.7009 622.3759 620.0779 617.2366 614.7882 613.401 612.3333 611.0818 610.5579 610.5565 610.8928 611.2867 611.7656 612.5499 613.6234 614.1385 613.123 611.9054 610.762 609.9888 609.6105 609.4297 609.4255 609.4122 609.7139 611.1776 613.7589 617.1227 620.701 623.7308 625.4906 625.7557 625.3531 -9999 -9999 -9999 -9999 -9999 -9999 -9999 -9999 -9999 -9999 -9999 -9999 -9999 -9999 -9999 -9999 -9999
-9999 -9999 -9999 -9999 -9999 -9999 -9999 -9999 -9999 -9999 -9999 -9999 -9999 -9999 -9999 -9999 -9999 625.0615 624.1215 622.737 620.3809 617.2628 614.3793 612.5089 611.2996 610.542 610.2224 610.2089 610.4651 610.8788 611.2799 611.722 612.1469 612.1808 612.0309 611.2588 610.2144 609.5132 609.4162 609.2543 609.1281 608.9934 609.1413 610.0726 612.1146 615.0719 618.4984 621.704 624.0044 625.1751 625.9202 626.2809 -9999 -9999 -9999 -9999 -9999 -9999 -9999 -9999 -9999 -9999 -9999 -9999 -9999 -9999 -9999 -9999
-9999 -9999 -9999 -9999 -9999 -9999 -9999 -9999 -9999 -9999 -9999 -9999 -9999 -9999 -9999 -9999 -9999 626.0427 625.022 623.4677 620.7921 617.2612 613.8943 611.6417 610.5443 610.0474 609.9056 609.9241 610.0532 610.3084 610.6384 610.9041 611.083 611.0992 611.0371 610.6462 609.6736 609.2278 609.1174 609.004 608.8463 608.6689 608.6982 609.2858 610.6816 612.8653 615.8713 619.2076 621.9619 623.8695 625.3454 626.5978 -9999 -9999 -9999 -9999 -9999 -9999 -9999 -9999 -9999 -9999 -9999 -9999 -9999 -9999 -9999 -9999
-9999 -9999 -9999 -9999 -9999 -9999 -9999 -9999 -9999 -9999 -9999 -9999 -9999 -9999 -9999 -9999 -9999 627.0983 626.1702 624.5498 621.6058 617.7242 613.9787 611.4523 610.2979 609.908 609.8055 609.8179 609.8665 609.9594 610.0941 610.2327 610.2947 610.2723 610.1606 609.9371 609.4053 609.0494 608.9182 608.8148 608.6561 608.4633 608.3992 608.71 609.606 611.2131 613.5929 616.7984 619.7421 622.0786 624.1882 626.248 627.8984 628.3329 -9999 -9999 -9999 -9999 -9999 -9999 -9999 -9999 -9999 -9999 -9999 -9999 -9999 -9999
-9999 -9999 -9999 -9999 -9999 -9999 -9999 -9999 -9999 -9999 -9999 -9999 -9999 -9999 -9999 -9999 -9999 628.0601 627.5143 626.0582 623.0104 618.8716 614.7756 611.9409 610.6071 610.1872 610.0264 609.9335 609.8658 609.8246 609.819 609.8166 609.7847 609.6826 609.4828 609.3901 609.0447 608.7967 608.7186 608.6718 608.5495 608.3596 608.2262 608.3398 608.8748 610.0237 611.9341 614.7844 617.5893 620.0286 622.5385 625.3201 628.0042 629.8943 630.8766 -9999 -9999 -9999 -9999 -9999 -9999 -9999 -9999 -9999 -9999 -9999 -9999 -9999
-9999 -9999 -9999 -9999 -9999 -9999 -9999 -9999 -9999 -9999 -9999 -9999 -9999 -9999 -9999 -9999 -9999 628.8112 628.7874 627.7211 624.8598 620.6434 616.2577 613.0717 611.3231 610.8156 610.4624 610.2126 610.0142 609.8475 609.7169 609.6189 609.5342 609.4272 609.2023 608.9746 608.6709 608.4907 608.4772 608.5129 608.4689 608.3158 608.1433 608.1141 608.4015 609.1888 610.6755 613.0181 615.5085 617.847 620.4941 623.745 627.3434 630.5403 632.7618 633.5163 -9999 -9999 -9999 -9999 -9999 -9999 -9999 -9999 -9999 -9999 -9999 -9999
-9999 -9999 -9999 -9999 -9999 -9999 -9999 -9999 -9999 -9999 -9999 -9999 -9999 -9999 -9999 -9999 -9999 629.0248 629.5166 628.997 626.6005 622.6309 618.1839 614.5198 612.2969 611.3467 610.9149 610.55 610.2457 609.97 609.7351 609.5562 609.4302 609.318 609.0847 608.7559 608.3959 608.1885 608.1945 608.2974 608.3458 608.2668 608.1013 607.9826 608.0761 608.553 609.5926 611.3191 613.4568 615.5953 618.1969 621.687 625.9619 630.2817 633.7794 635.6784 -9999 -9999 -9999 -9999 -9999 -9999 -9999 -9999 -9999 -9999 -9999 -9999
-9999 -9999 -9999 -9999 -9999 -9999 -9999 -9999 -9999 -9999 -9999 -9999 -9999 -9999 -9999 -9999 -9999 629.1135 629.9473 629.6793 627.9829 624.5872 620.3437 616.3179 613.438 612.0328 611.394 610.9847 610.5978 610.1991 609.8384 609.5817 609.4308 609.3403 609.098 608.6986 608.2543 607.9551 607.9068 608.0249 608.1459 608.1554 608.042 607.8939 607.8575 608.0811 608.715 609.8511 611.5214 613.3934 615.8099 619.3358 624.0039 629.088 633.6047 636.5798 -9999 -9999 -9999 -9999 -9999 -9999 -9999 -9999 -9999 -9999 -9999 -9999
-9999 -9999 -9999 -9999 -9999 -9999 -9999 -9999 -9999 -9999 -9999 -9999 -9999 -9999 -9999 -9999 -9999 -9999 630.0187 630.036 629.0795 626.4203 622.5712 618.399 614.9246 613.0731 612.2252 611.7743 611.1965 610.5645 610.0092 609.6552 609.5204 609.429 609.1589 608.7316 608.2242 607.825 607.6735 607.7426 607.8873 607.9703 607.931 607.8083 607.7162 607.7781 608.0959 608.7427 609.8123 611.4081 613.6694 617.125 621.8147 627.1576 632.2128 635.9099 637.266 -9999 -9999 -9999 -9999 -9999 -9999 -9999 -9999 -9999 -9999 -9999
-9999 -9999 -9999 -9999 -9999 -9999 -9999 -9999 -9999 -9999 -9999 -9999 -9999 -9999 -9999 -9999 -9999 -9999 -9999 630.2538 629.6949 627.6829 624.5698 620.5769 616.7903 614.4775 613.4144 612.9602 612.2136 611.0065 610.1398 609.6475 609.5398 609.4227 609.1245 608.7298 608.2474 607.7958 607.5399 607.5184 607.6332 607.7504 607.7809 607.7187 607.6432 607.6588 607.8096 608.0814 608.7192 610.0094 612.1766 615.3342 619.7057 624.811 629.8726 633.9148 636.0009 635.4186 -9999 -9999 -9999 -9999 -9999 -9999 -9999 -9999 -9999 -9999
-9999 -9999 -9999 -9999 -9999 -9999 -9999 -9999 -9999 -9999 -9999 -9999 -9999 -9999 -9999 -9999 -9999 -9999 -9999 630.2123 629.7719 628.0806 626.0836 622.7475 619.0541 616.1844 614.7313 614.0741 612.6534 611.1667 610.1115 609.4628 609.3972 609.1494 608.8852 608.6042 608.2408 607.8392 607.5311 607.4153 607.4625 607.5698 607.6425 607.6489 607.6422 607.7197 607.8925 607.902 608.1798 609.3388 611.2915 614.0872 617.8427 622.2723 626.8946 630.909 633.4056 633.5453 632.0377 -9999 -9999 -9999 -9999 -9999 -9999 -9999 -9999 615.4289
-9999 -9999 -9999 -9999 -9999 -9999 -9999 -9999 -9999 -9999 -9999 -9999 -9999 -9999 -9999 -9999 -9999 -9999 -9999 630.1132 629.6584 628.1022 627.3429 624.9459 621.7097 618.5717 616.1371 614.4885 612.9686 611.4808 610.2242 609.3636 608.9796 608.7008 608.5091 608.366 608.1686 607.8993 607.6288 607.4637 607.4377 607.5012 607.5816 607.6412 607.72 607.9241 608.2299 608.2517 608.0502 609.0207 610.7364 613.1239 616.1101 619.6346 623.5845 627.3792 630.178 631.1902 630.6781 629.8691 -9999 -9999 -9999 -9999 -9999 -9999 -9999 615.5876
-9999 -9999 -9999 -9999 -9999 -9999 -9999 -9999 -9999 -9999 -9999 -9999 -9999 -9999 -9999 -9999 -9999 -9999 -9999 -9999 629.9186 629.5469 628.9504 627.1868 624.5764 621.6277 618.8542 616.525 614.4151 612.415 610.7031 609.4197 608.7286 608.3641 608.1764 608.1122 608.0414 607.9343 607.7689 607.6259 607.5625 607.5765 607.6392 607.7371 607.9241 608.4088 608.9521 609.1996 608.7441 608.7357 610.1798 612.2015 614.3008 616.8119 620.0348 623.5615 626.6628 628.6636 629.3556 629.4924 629.2953 -9999 -9999 -9999 -9999 -9999 -9999 616.3777
-9999 -9999 -9999 -9999 -9999 -9999 -9999 -9999 -9999 -9999 -9999 -9999 -9999 -9999 -9999 -9999 -9999 -9999 -9999 -9999 -9999 629.9479 629.8741 628.826 627.067 624.718 622.0901 619.4749 616.6957 613.9405 611.5269 609.7231 608.7633 608.2918 608.0099 607.9415 607.9008 607.9309 607.8804 607.8081 607.7594 607.7456 607.7794 607.8979 608.204 608.7725 609.3986 609.5476 609.1158 608.0742 609.1058 610.7018 612.1271 613.7961 616.3853 619.6924 623.032 625.8979 627.8517 628.9132 629.0263 628.993 -9999 -9999 -9999 -9999 -9999 618.0162
-9999 -9999 -9999 -9999 -9999 -9999 -9999 -9999 -9999 -9999 -9999 -9999 -9999 -9999 -9999 -9999 -9999 -9999 -9999 -9999 -9999 629.6071 629.9825 629.6718 628.7965 627.2012 624.9387 622.5938 619.5892 616.2179 613.0481 610.5833 609.1822 608.5484 608.0143 607.8971 607.8322 607.8987 607.8998 607.9 607.9 607.8889 607.8776 607.9037 608.2226 608.721 609.2292 609.412 609.0412 607.9158 608.1694 609.1765 610.0018 611.1514 613.2139 616.057 619.4551 622.8915 625.9112 627.9686 628.5065 628.226 628.0992 -9999 -9999 -9999 -9999 620.2622
-9999 -9999 -9999 -9999 -9999 -9999 -9999 -9999 -9999 -9999 -9999 -9999 -9999 -9999 -9999 -9999 -9999 -9999 -9999 -9999 -9999 -9999 -9999 630.1265 629.9572 628.9199 626.8278 625.3134 622.4994 618.7844 614.988 611.812 609.8209 609.0503 608.0526 607.7629 607.7112 607.7211 607.7427 607.7811 607.8371 607.8991 607.8984 607.8583 608.0295 608.351 608.6616 608.7345 608.3822 607.7292 607.8713 608.3027 608.734 609.4127 610.7562 613.0344 616.0915 619.7311 623.3981 626.3727 627.7794 627.715 627.2287 626.9976 626.613 626.0305 -9999 622.8502
-9999 -9999 -9999 -9999 -9999 -9999 -9999 -9999 -9999 -9999 -9999 -9999 -9999 -9999 -9999 -9999 -9999 -9999 -9999 -9999 -9999 -9999 -9999 -9999 631.0955 630.6423 629.3332 627.9026 625.2025 621.3387 617.0656 613.2288 610.5785 609.2968 608.4636 608.061 607.946 607.7544 607.6763 607.646 607.6592 607.6743 607.6395 607.5846 607.6453 607.8127 607.9806 608.0162 607.8206 607.53 607.62 607.8878 608.1032 608.3945 609.1734 610.6934 613.1993 616.5662 620.5215 624.2644 626.5671 626.8519 626.2444 625.9984 626.1122 626.6456 626.7201 625.4304
-9999 -9999 -9999 -9999 -9999 -9999 -9999 -9999 -9999 -9999 -9999 -9999 -9999 -9999 -9999 -9999 -9999 -9999 -9999 -9999 -9999 -9999 -9999 -9999 -9999 631.9261 631.113 629.8227 627.3892 623.6942 619.3129 615.0877 611.9725 610.2178 609.5258 609.2623 608.95 608.2291 607.9105 607.6746 607.5549 607.4648 607.3534 607.2384 607.2006 607.2594 607.3556 607.4104 607.3792 607.3214 607.4379 607.6674 607.8882 607.9053 608.2563 609.1288 610.8483 613.7094 617.4845 621.6558 624.58 625.3144 624.855 624.7928 625.644 627.0547 628.2095 627.3416
-9999 -9999 -9999 -9999 -9999 -9999 -9999 -9999 -9999 -9999 -9999 -9999 -9999 -9999 -9999 -9999 -9999 -9999 -9999 -9999 -9999 -9999 -9999 -9999 -9999 -9999 632.1257 631.148 629.093 625.7965 621.5985 617.3194 613.9667 611.9669 611.1902 610.7597 610.075 609.2646 608.5718 607.9535 607.6367 607.4 607.1776 606.9653 606.8271 606.803 606.8671 606.9652 607.0552 607.1234 607.29 607.518 607.7228 607.7794 607.8964 608.1959 609.1559 611.2195 614.5314 618.6267 621.8822 623.044 622.9443 623.1722 624.6912 627.1086 629.2385 627.6724
-9999 -9999 -9999 -9999 -9999 -9999 -9999 -9999 -9999 -9999 -9999 -9999 -9999 -9999 -9999 -9999 -9999 -9999 -9999 -9999 -9999 -9999 -9999 -9999 -9999 -9999 632.4969 631.9474 630.3116 627.4849 623.6588 619.588 616.1412 613.9799 613.0452 612.2483 611.0974 610.074 609.2464 608.4108 607.8751 607.4928 607.1542 606.8365 606.6012 606.5054 606.5424 606.6656 606.8392 606.9598 607.1848 607.4893 607.7874 607.9912 608.0523 607.9443 608.1289 609.3795 611.9463 615.5524 618.834 620.4601 620.6862 621.0012 622.7971 625.5616 628.0073 628.1024
-9999 -9999 -9999 -9999 -9999 -9999 -9999 -9999 -9999 -9999 -9999 -9999 -9999 -9999 -9999 -9999 -9999 -9999 -9999 -9999 -9999 -9999 -9999 -9999 -9999 -9999 -9999 631.8112 630.6069 628.253 624.9441 621.1497 617.6884 615.3192 614.1202 613.1041 611.6205 610.4083 609.4428 608.5741 607.9396 607.639 607.2463 606.8467 606.5356 606.3821 606.3761 606.4619 606.6009 606.792 607.1064 607.5337 608.0212 608.4849 608.8281 608.8638 608.0898 608.3605 610.0736 612.8873 615.8042 617.8867 618.4034 618.6456 620.4734 623.211 625.9544 627.3426
-9999 -9999 -9999 -9999 -9999 -9999 -9999 -9999 -9999 -9999 -9999 -9999 -9999 -9999 -9999 -9999 -9999 -9999 -9999 -9999 -9999 -9999 -9999 -9999 -9999 -9999 630.0969 630.3905 629.5868 627.6652 624.8013 621.3628 618.0101 615.4449 613.9167 612.6157 611.2579 610.2616 609.4167 608.5974 608.0594 607.8679 607.3989 606.9449 606.5982 606.417 606.3771 606.4057 606.4713 606.6654 607.0356 607.5598 608.1932 608.8607 609.3939 609.4031 609.084 608.7183 609.3182 611.3034 613.3306 615.5714 616.3948 616.5967 618.0007 620.3931 623.1317 624.8864
-9999 -9999 -9999 -9999 -9999 -9999 -9999 -9999 -9999 -9999 -9999 -9999 -9999 -9999 -9999 -9999 -9999 -9999 -9999 -9999 -9999 -9999 -9999 -9999 -9999 -9999 627.6403 628.2031 627.6644 625.8802 623.1628 619.9656 616.804 614.381 613.0273 612.0626 610.9735 610.0961 609.329 608.451 607.9191 607.74 607.4121 607.035 606.7245 606.5529 606.4867 606.4283 606.4498 606.6022 606.9677 607.5095 608.1733 608.843 609.3083 609.4301 609.4292 609.4506 610.2723 611.7227 611.5861 613.2992 614.4749 614.7764 615.5432 617.4474 620.1089 621.9971
-9999 -9999 -9999 -9999 -9999 -9999 -9999 -9999 -9999 -9999 -9999 -9999 -9999 -9999 -9999 -9999 -9999 -9999 -9999 -9999 -9999 -9999 -9999 -9999 -9999 624.1617 625.1359 625.7362 625.2314 623.3401 620.6357 617.7949 615.4407 614.2955 613.4214 612.3961 611.1535 610.1644 609.2521 608.2646 607.9135 607.7158 607.4416 607.1305 606.8672 606.7014 606.5713 606.4939 606.5078 606.5974 606.9104 607.4099 608.0225 608.6294 608.9752 609.0688 609.21 609.5442 610.2537 610.4194 609.8163 611.1425 612.3243 612.8621 613.4388 615.1661 617.5099 619.2999
