backend/lakes/data/Fork Lake/fork_dem_tm.asc
ncols         188
nrows         170
xllcorner     715750
yllcorner     6035500
cellsize      50
NODATA_value  -9999
[rows 62 to 92 of 170, columns 70 to 139 of 188]
-9999 -9999 -9999 -9999 -9999 -9999 -9999 -9999 -9999 -9999 -9999 -9999 -9999 -9999 -9999 -9999 -9999 587.8032 587.863 588.0014 587.9573 587.4169 586.8635 586.6148 586.1924 585.2596 583.5484 581.1295 578.3837 575.8461 573.9783 572.7139 571.6923 571.2471 571.1215 571.2668 571.7874 572.7973 574.0497 575.6826 577.7054 579.8396 581.7326 583.1371 584.155 585.3232 587.4215 590.6905 594.9316 599.0074 602.4642 605.3705 608.0876 -9999 -9999 -9999 -9999 -9999 -9999 -9999 -9999 -9999 -9999 -9999 -9999 -9999 -9999 -9999 -9999 -9999
-9999 -9999 -9999 -9999 -9999 -9999 -9999 -9999 -9999 -9999 -9999 -9999 -9999 -9999 -9999 -9999 -9999 587.7667 587.8719 587.9939 587.5825 586.8806 586.5729 586.5167 586.3218 585.6827 584.3635 582.2584 579.6187 576.9531 574.8041 573.2523 572.1901 571.5577 571.2341 571.0815 571.2209 571.7645 572.7868 574.0393 575.6579 577.6082 579.532 581.2123 582.6935 584.0575 586.2145 589.457 593.7025 597.7797 601.1686 603.9855 606.6329 -9999 -9999 -9999 -9999 -9999 -9999 -9999 -9999 -9999 -9999 -9999 -9999 -9999 -9999 -9999 -9999 -9999
-9999 -9999 -9999 -9999 -9999 -9999 -9999 -9999 -9999 -9999 -9999 -9999 -9999 -9999 -9999 -9999 -9999 587.8984 588.123 588.0504 587.5397 586.8171 586.4623 586.534 586.5326 586.1526 585.2003 583.5123 581.1107 578.3968 575.9263 574.0922 572.8558 571.9953 571.5143 571.0906 570.9115 571.0746 571.606 572.4209 573.5699 575.2089 576.9929 578.8203 580.6716 582.442 584.699 587.9019 592.0236 596.0092 599.3677 602.2077 604.9184 607.8077 -9999 -9999 -9999 -9999 -9999 -9999 -9999 -9999 -9999 -9999 -9999 -9999 -9999 -9999 -9999 -9999
-9999 -9999 -9999 -9999 -9999 -9999 -9999 -9999 -9999 -9999 -9999 -9999 -9999 -9999 -9999 -9999 -9999 588.5782 589.3702 588.9988 588.0875 587.078 586.3978 586.6177 586.7579 586.5632 585.913 584.6483 582.5455 579.9105 577.2453 575.0264 573.4103 572.347 571.6164 571.185 570.8417 570.7253 570.9111 571.348 572.0112 573.1916 574.7056 576.4755 578.4593 580.5865 582.9849 586.002 589.7503 593.6167 597.0499 600.0637 602.9791 605.9824 609.0006 -9999 -9999 -9999 -9999 -9999 -9999 -9999 -9999 -9999 -9999 -9999 -9999 -9999 -9999 -9999
-9999 -9999 -9999 -9999 -9999 -9999 -9999 -9999 -9999 -9999 -9999 -9999 -9999 -9999 -9999 -9999 -9999 590.1358 590.9633 590.2984 589.0407 587.5532 586.1962 586.6466 586.8835 586.7993 586.3622 585.3674 583.7106 581.3624 578.6947 576.2349 574.3077 572.9326 572.0402 571.5345 571.0805 570.764 570.7438 571.0087 571.4772 572.0504 573.0084 574.4944 576.365 578.5763 581.0939 583.9319 587.1925 590.7725 594.2798 597.5111 600.6551 603.8371 606.9859 609.8503 -9999 -9999 -9999 -9999 -9999 -9999 -9999 -9999 -9999 -9999 -9999 -9999 -9999 -9999
-9999 -9999 -9999 -9999 -9999 -9999 -9999 -9999 -9999 -9999 -9999 -9999 -9999 -9999 -9999 -9999 -9999 -9999 591.8738 591.5154 590.1471 588.3271 586.6715 586.0364 586.679 586.8002 586.6099 585.8919 584.6736 582.6909 580.1514 577.4839 575.1646 573.4781 572.5085 571.9513 571.5148 571.0944 570.9579 571.1845 571.7291 572.3212 571.9995 572.9455 574.556 576.6878 579.212 581.9161 584.7923 587.9283 591.2836 594.6201 597.9564 601.3799 604.8069 607.9213 610.5093 -9999 -9999 -9999 -9999 -9999 -9999 -9999 -9999 -9999 -9999 -9999 -9999 -9999
-9999 -9999 -9999 -9999 -9999 -9999 -9999 -9999 -9999 -9999 -9999 -9999 -9999 -9999 -9999 -9999 -9999 -9999 592.6983 592.3925 591.2889 589.4429 587.5264 586.1793 586.2546 586.7889 586.714 586.0446 585.0524 583.7125 581.5643 578.8896 576.3201 574.3792 573.1368 572.4497 571.9272 571.5217 571.2678 571.3524 571.683 571.77 571.463 571.8105 573.0349 574.9363 577.3923 580.0782 582.792 585.5676 588.5167 591.6384 595.0691 598.7263 602.486 606.0028 608.9438 611.3191 -9999 -9999 -9999 -9999 -9999 -9999 -9999 -9999 -9999 -9999 -9999 -9999
-9999 -9999 -9999 -9999 -9999 -9999 -9999 -9999 -9999 -9999 -9999 -9999 -9999 -9999 -9999 -9999 -9999 -9999 -9999 593.1396 592.1017 590.397 588.4493 586.8176 586.0193 586.6241 586.7084 585.9269 584.9513 584.5194 582.7435 580.1628 577.4521 575.2313 573.8093 572.9636 572.3266 571.848 571.5443 571.4052 571.4083 571.293 571.064 571.1915 571.9528 573.5564 575.8058 578.4356 581.0906 583.5978 586.126 588.9579 592.1831 595.8978 599.8963 603.7751 607.0728 609.7341 -9999 -9999 -9999 -9999 -9999 -9999 -9999 -9999 -9999 -9999 -9999 -9999
-9999 -9999 -9999 -9999 -9999 -9999 -9999 -9999 -9999 -9999 -9999 -9999 -9999 -9999 -9999 -9999 -9999 -9999 -9999 -9999 -9999 591.6565 589.8143 587.9675 586.5347 586.0389 586.7869 586.0671 585.5651 585.1653 583.7494 581.3936 578.6684 576.2371 574.4605 573.2699 572.6549 572.1896 571.8143 571.549 571.33 571.1061 570.8976 570.9436 571.4982 572.7209 574.6146 577.0734 579.6497 581.9933 584.2481 586.7275 589.671 593.0836 597.0789 601.1536 604.7641 607.7378 610.3438 -9999 -9999 -9999 -9999 -9999 -9999 -9999 -9999 -9999 -9999 -9999
-9999 -9999 -9999 -9999 -9999 -9999 -9999 -9999 -9999 -9999 -9999 -9999 -9999 -9999 -9999 -9999 -9999 -9999 -9999 -9999 -9999 592.7996 591.1424 589.3022 587.4631 586.232 586.7941 586.4321 586.1154 585.7222 584.6437 582.4768 579.7911 577.1953 575.1403 573.8625 573.107 572.6342 572.2151 571.857 571.5411 571.2081 570.9459 570.855 571.1216 571.9074 573.5121 575.7448 578.246 580.6297 582.8675 585.1189 587.5987 590.4474 594.0544 598.1125 601.9831 605.3199 608.2638 611.092 -9999 -9999 -9999 -9999 -9999 -9999 -9999 -9999 -9999 -9999
-9999 -9999 -9999 -9999 -9999 -9999 -9999 -9999 -9999 -9999 -9999 -9999 -9999 -9999 -9999 -9999 -9999 -9999 -9999 -9999 -9999 593.7169 592.0344 590.4106 588.4392 586.9883 586.7206 586.5075 586.3337 585.9942 585.0646 583.1234 580.6363 578.0992 575.9861 574.596 573.7489 573.1082 572.6737 572.2886 571.908 571.5449 571.2004 570.9507 570.9943 571.5331 572.7767 574.6901 577.0171 579.4161 581.6587 583.7956 586.0769 588.0024 590.8976 594.7584 598.7929 602.5175 605.8985 609.1653 -9999 -9999 -9999 -9999 -9999 -9999 -9999 -9999 -9999 -9999
-9999 -9999 -9999 -9999 -9999 -9999 -9999 -9999 -9999 -9999 -9999 -9999 -9999 -9999 -9999 -9999 -9999 -9999 -9999 -9999 -9999 594.5006 593.3071 591.6116 589.5942 587.8414 586.848 586.5132 586.3552 586.0441 585.2109 583.5151 581.2017 578.7039 576.5821 575.2354 574.4012 573.651 573.0966 572.7055 572.2877 571.879 571.5262 571.1395 570.9681 571.196 572.0052 573.712 575.8417 578.0729 580.1998 582.1312 583.9818 585.7299 588.0826 591.4689 595.4247 599.4228 603.2441 606.9899 610.6488 -9999 -9999 -9999 -9999 -9999 -9999 -9999 -9999 -9999
-9999 -9999 -9999 -9999 -9999 -9999 -9999 -9999 -9999 -9999 -9999 -9999 -9999 -9999 -9999 -9999 -9999 -9999 -9999 -9999 -9999 594.8746 594.0143 592.4881 590.498 588.5313 587.1213 586.5721 586.3192 585.9907 585.2255 583.6849 581.582 579.274 577.1995 575.7635 574.7493 574.0515 573.4677 573.0452 572.5738 572.0777 571.5899 571.2832 571.0275 571.0442 571.5715 572.8491 574.6678 576.6581 578.6097 580.418 582.1028 583.756 585.8258 588.7078 592.2498 596.2317 600.3029 604.3917 608.4277 611.9092 -9999 -9999 -9999 -9999 -9999 -9999 -9999 -9999
-9999 -9999 -9999 -9999 -9999 -9999 -9999 -9999 -9999 -9999 -9999 -9999 -9999 -9999 -9999 -9999 -9999 -9999 -9999 -9999 -9999 -9999 594.4945 593.434 591.5535 589.5109 587.8024 586.7803 586.2843 585.9089 585.2072 583.7841 581.9578 579.902 577.9479 576.4138 575.319 574.4716 573.689 573.1183 572.7765 572.3081 571.8474 571.5353 571.1755 571.0048 571.23 572.0378 573.708 575.5781 577.2853 578.8632 580.483 582.0975 583.9774 586.3815 589.4564 593.1847 597.2562 601.4824 605.7201 609.5156 -9999 -9999 -9999 -9999 -9999 -9999 -9999 -9999
-9999 -9999 -9999 -9999 -9999 -9999 -9999 -9999 -9999 -9999 -9999 -9999 -9999 -9999 -9999 -9999 -9999 -9999 -9999 -9999 -9999 -9999 594.5273 593.8239 592.106 590.0448 588.1432 586.8516 586.222 585.8076 585.1692 583.8105 582.2043 580.5075 578.8248 577.2785 575.8943 574.6819 573.8666 573.344 573.0406 572.5096 571.9984 571.5768 571.314 571.089 571.132 571.673 572.9892 574.6183 576.2332 577.6832 579.1334 580.6949 582.5278 584.6204 587.1766 590.496 594.3425 598.4315 602.5952 606.4828 609.5305 -9999 -9999 -9999 -9999 -9999 -9999 -9999
594.6931 -9999 -9999 -9999 -9999 -9999 -9999 -9999 -9999 -9999 -9999 -9999 -9999 -9999 -9999 -9999 -9999 -9999 -9999 -9999 -9999 -9999 594.2313 593.9587 592.5743 590.5988 588.5825 587.049 586.2561 585.7578 585.1257 583.8029 582.3927 580.998 579.5147 577.9711 576.4267 575.0187 574.123 573.5116 573.0698 572.6015 572.1364 571.7643 571.5469 571.2693 571.1898 571.5299 572.4007 573.8373 575.4421 576.7457 578.0213 579.4913 581.2727 583.2617 585.4736 588.2675 591.6565 595.3865 599.3189 603.1829 606.5419 -9999 -9999 -9999 -9999 -9999 -9999 -9999
594.5436 595.8303 595.9318 -9999 -9999 -9999 -9999 -9999 -9999 -9999 -9999 -9999 -9999 -9999 -9999 -9999 -9999 -9999 -9999 -9999 -9999 -9999 593.8467 594.1417 593.425 591.6356 589.5655 587.7166 586.537 585.8101 585.1022 583.8629 582.8156 581.874 580.6539 579.1917 577.5973 576.0247 574.7505 573.8422 573.1407 572.7197 572.2517 571.8533 571.5653 571.3813 571.2266 571.3123 571.7894 573.0223 574.4589 575.8702 577.2368 578.5864 580.2069 582.123 584.1248 586.4514 589.3374 592.6418 596.2719 600.072 603.689 606.7386 -9999 -9999 -9999 -9999 -9999 -9999
593.9174 595.3082 595.8963 594.8085 592.8605 -9999 -9999 -9999 -9999 -9999 -9999 -9999 -9999 -9999 -9999 -9999 -9999 -9999 -9999 -9999 -9999 -9999 -9999 594.1689 593.8959 592.4991 590.5831 588.6738 587.0571 586.0532 585.1999 584.0831 583.2716 582.5969 581.8307 580.6051 579.0516 577.321 575.7606 574.4895 573.5615 573.0007 572.3901 571.9506 571.6858 571.5544 571.3246 571.283 571.5781 572.3932 573.4932 574.8885 576.319 577.7253 579.3481 581.2768 583.2172 585.199 587.5847 590.4033 593.73 597.4581 601.308 604.9232 607.9832 -9999 -9999 -9999 -9999 -9999
592.3928 593.9488 594.9552 594.5182 593.3065 -9999 -9999 -9999 -9999 -9999 -9999 -9999 -9999 -9999 -9999 -9999 -9999 -9999 -9999 -9999 -9999 -9999 -9999 594.0299 594.1882 593.4912 591.895 589.9805 588.0417 586.7399 585.7813 584.8989 583.9578 583.2985 582.7776 581.9407 580.5842 578.8618 576.9616 575.1979 573.9603 573.0719 572.4249 571.9912 571.7224 571.5589 571.3772 571.3285 571.5434 572.0247 572.9595 574.2586 575.6443 576.9645 578.5603 580.4845 582.3405 584.0856 586.0162 588.4598 591.5667 595.2028 599.2177 603.3166 607.1015 -9999 -9999 -9999 -9999 -9999
590.2633 592.0378 593.4772 593.9204 593.5389 592.7622 -9999 -9999 -9999 -9999 -9999 -9999 -9999 -9999 -9999 -9999 -9999 -9999 -9999 -9999 -9999 -9999 -9999 -9999 594.2651 594.0028 593.0454 591.5468 589.6895 587.9574 586.7757 585.832 584.9515 584.1198 583.7635 583.1418 582.0197 580.3922 578.3649 576.3114 574.6166 573.3131 572.5795 572.11 571.7914 571.562 571.4133 571.3235 571.353 571.5848 572.2679 573.3683 574.6631 576.0291 577.6721 579.6537 581.6135 583.2899 584.87 586.8284 589.634 593.0763 597.0814 601.3748 605.5425 609.1318 -9999 -9999 -9999 -9999
588.1401 590.1589 592.1468 593.3871 593.6919 593.3372 -9999 -9999 -9999 -9999 -9999 -9999 -9999 -9999 -9999 -9999 -9999 -9999 -9999 -9999 -9999 -9999 -9999 -9999 594.0016 594.2034 593.9135 592.9365 591.4728 589.809 588.3264 587.1874 586.151 585.3428 584.9606 584.3381 583.2964 581.8063 579.8119 577.6377 575.6252 574.0591 573.0777 572.4633 572.0444 571.7509 571.5584 571.3981 571.2666 571.3204 571.7321 572.77 573.8134 575.0308 576.6406 578.6091 580.6358 582.3923 583.9545 585.6965 588.1088 591.04 594.7813 598.973 603.2577 607.1783 610.4184 -9999 -9999 -9999
586.7491 588.7885 591.2583 593.1204 593.8717 593.7833 593.2485 -9999 -9999 -9999 -9999 -9999 -9999 -9999 -9999 -9999 -9999 -9999 -9999 -9999 -9999 -9999 -9999 -9999 -9999 593.9368 594.1909 593.8698 592.9336 591.8026 590.6313 589.2542 587.7789 586.6946 585.9708 585.3187 584.3934 583.0197 581.173 579.0414 576.8926 575.0486 573.8378 573.0496 572.4781 572.0623 571.7649 571.5496 571.2949 571.2489 571.5354 572.1652 573.063 574.2831 575.7921 577.599 579.6509 581.6089 583.2512 584.7505 586.584 589.1051 592.394 596.2599 600.4317 604.4986 608.1345 611.259 -9999 -9999
585.9349 588.1926 590.8079 593.0441 593.9761 594.0533 593.6368 593.0483 -9999 -9999 -9999 -9999 -9999 -9999 -9999 -9999 -9999 -9999 -9999 -9999 -9999 -9999 -9999 -9999 -9999 -9999 593.8564 594.0003 593.8199 593.4628 593.0183 591.7512 590.0065 588.455 587.2607 586.4156 585.4512 584.1704 582.4053 580.4152 578.2896 576.3249 574.8389 573.8107 573.0651 572.4822 572.0002 571.5795 571.3267 571.1976 571.2745 571.5914 572.2739 573.334 574.6998 576.3533 578.3819 580.4645 582.2897 583.8997 585.5237 587.5004 590.1569 593.5034 597.3698 601.4297 605.3285 608.839 611.9554 -9999
585.3551 587.3567 590.0831 592.3058 593.515 593.9913 593.8577 593.5272 -9999 -9999 -9999 -9999 -9999 -9999 -9999 -9999 -9999 -9999 -9999 -9999 -9999 -9999 -9999 -9999 -9999 -9999 592.9692 593.6201 594.168 594.6039 595.0197 594.2396 592.7573 591.0185 589.2892 587.7424 586.6454 585.2905 583.5827 581.6813 579.6628 577.7282 576.0905 574.7628 573.7963 573.0661 572.455 571.937 571.5599 571.2999 571.1854 571.2598 571.6652 572.6285 573.731 575.117 577.0251 579.1848 581.2851 583.1521 584.7238 586.2393 588.1989 590.968 594.4106 598.2614 602.2572 606.0701 609.4642 -9999
584.6416 586.2836 588.5441 591.0674 592.5986 593.5793 594.0123 594.1271 -9999 -9999 -9999 -9999 -9999 -9999 -9999 -9999 -9999 -9999 -9999 -9999 -9999 -9999 -9999 -9999 -9999 -9999 -9999 -9999 594.2112 595.5714 596.1539 595.9285 595.0827 593.5829 591.7318 589.8391 588.2656 586.6187 584.7135 582.7436 580.8848 579.0956 577.3783 575.8378 574.6356 573.7737 573.0731 572.4639 571.9628 571.5616 571.298 571.1557 571.2956 571.8209 572.8544 574.0685 575.736 577.8313 580.0175 581.9709 583.5739 585.0163 586.6644 588.9174 591.8842 595.2668 599.0968 603.049 606.6689 609.8024
583.8008 585.0698 586.9572 589.2216 591.3506 593.155 594.4655 595.2624 595.6668 -9999 -9999 -9999 -9999 -9999 -9999 -9999 -9999 -9999 -9999 -9999 -9999 -9999 -9999 -9999 -9999 -9999 -9999 -9999 -9999 595.3525 596.3081 596.6485 596.3953 595.5003 593.9498 592.0858 590.1503 588.1857 586.0515 583.9871 582.1668 580.3984 578.5148 576.7428 575.481 574.5677 573.7948 573.0923 572.4656 571.9154 571.5353 571.2189 571.2004 571.5297 572.1449 573.1121 574.5365 576.4323 578.5222 580.464 582.1384 583.6463 585.2523 587.2887 589.8347 592.6449 596.0037 599.8442 603.6155 606.962
583.0576 583.9024 585.4323 587.6018 590.1791 592.8672 595.0665 596.4955 597.213 -9999 -9999 -9999 -9999 -9999 -9999 -9999 -9999 -9999 -9999 -9999 -9999 -9999 -9999 -9999 -9999 -9999 -9999 -9999 -9999 -9999 -9999 596.4473 596.7874 596.4519 595.5092 594.0667 592.2217 589.9564 587.4976 585.2452 583.3644 581.6105 579.7304 577.9088 576.4689 575.4342 574.5817 573.7695 572.9694 572.2059 571.6011 571.2966 571.1861 571.3002 571.6183 572.3022 573.33 574.853 576.7584 578.7354 580.5483 582.1991 583.8697 585.8459 588.2781 590.295 593.137 596.6902 600.4474 603.9662
582.5183 583.0347 584.1353 586.1602 589.0756 592.7173 595.7959 597.807 598.5708 597.8776 -9999 -9999 -9999 -9999 -9999 -9999 -9999 -9999 -9999 -9999 -9999 -9999 -9999 -9999 -9999 -9999 -9999 -9999 -9999 -9999 -9999 -9999 -9999 596.4891 595.8688 595.2001 593.9636 591.7365 588.9443 586.3109 584.2631 582.5609 580.8786 579.201 577.6853 576.39 575.3444 574.3693 573.3084 572.5628 571.9645 571.5615 571.342 571.3207 571.5438 571.8526 572.5033 573.5604 575.1274 577.0311 579.0063 580.8381 582.5741 584.3347 586.2259 588.1212 590.5723 593.7734 597.3697 600.9626
582.2563 582.519 583.3182 585.0692 588.2446 592.5343 596.3585 598.8377 599.8071 599.1245 -9999 -9999 -9999 -9999 -9999 -9999 -9999 -9999 -9999 -9999 -9999 -9999 -9999 -9999 -9999 -9999 -9999 -9999 -9999 -9999 -9999 -9999 -9999 595.9352 595.2272 594.3815 594.5532 592.7222 589.9538 587.2426 585.2037 583.627 582.06 580.3972 578.7953 577.317 575.9706 574.7821 573.8782 573.1068 572.4781 571.9473 571.5464 571.3416 571.3895 571.5728 572.0436 572.8914 574.0695 575.7373 577.7584 579.7814 581.6312 583.2485 584.7482 586.3614 588.5734 591.1979 594.5134 598.1292
582.2227 582.3284 582.929 584.5063 587.6028 592.081 596.3781 599.2774 600.35 599.8725 -9999 -9999 -9999 -9999 -9999 -9999 -9999 -9999 -9999 -9999 -9999 -9999 -9999 -9999 -9999 -9999 -9999 -9999 -9999 -9999 -9999 -9999 -9999 595.3961 595.9182 594.7192 593.0781 591.9597 589.687 587.4812 585.7203 584.4191 582.8936 581.0467 579.2399 577.6151 576.1964 575.1699 574.4604 573.7179 573.051 572.364 571.6426 571.3691 571.3631 571.5496 571.7769 572.3757 573.3383 574.8898 576.8258 578.7939 580.52 582.0415 583.4819 584.9872 586.8156 589.0898 591.9858 595.5331
582.2241 582.3041 582.8323 584.3458 587.1287 591.4869 595.8562 598.9517 600.2893 600.1107 -9999 -9999 -9999 -9999 -9999 -9999 -9999 -9999 -9999 -9999 -9999 -9999 -9999 -9999 -9999 -9999 -9999 -9999 -9999 -9999 -9999 -9999 593.349 594.4847 595.2917 594.8881 592.8718 590.4161 588.6407 587.159 585.9908 584.9986 583.4656 581.4612 579.3852 577.6411 576.225 575.3344 574.6655 574.1459 573.5471 572.9131 572.1038 571.5745 571.3875 571.394 571.5692 572.1506 573.098 574.4847 576.1223 577.8343 579.339 580.7319 582.1453 583.5998 585.2292 587.2658 589.9177 593.1395
