backend/lakes/data/Fork Lake/fork_dem_tm.asc
ncols         188
nrows         170
xllcorner     715750
yllcorner     6035500
cellsize      50
NODATA_value  -9999
[rows 124 to 154 of 170, columns 70 to 139 of 188]
-9999 -9999 -9999 601.4996 600.7281 598.6135 595.8328 592.7421 589.8422 587.3862 586.0985 585.3622 585.2798 585.3684 585.4233 585.3911 585.4094 585.283 585.0975 584.8206 584.5179 584.1494 583.689 582.9585 582.0982 582.2318 582.266 582.2769 582.3865 582.4596 582.5014 582.2016 581.768 581.0079 580.7195 580.6976 580.7007 580.6995 580.6988 580.6998 580.7024 580.7003 580.7003 580.7028 580.7236 580.785 580.9553 581.2377 581.7936 582.3411 582.8357 583.1158 583.777 584.5957 585.116 585.7761 586.4325 586.3789 586.3352 585.93 584.5339 584.285 583.2918 581.5947 579.7033 578.0188 576.7607 575.792 575.0865 574.5775
-9999 -9999 -9999 599.7504 599.4642 598.3868 596.7321 594.6938 592.0995 589.5441 587.4358 586.0609 585.4462 585.2792 585.277 585.2803 585.3874 585.4001 585.2682 584.8553 584.3818 583.8174 583.2094 582.5637 582.2303 582.553 583.4866 584.051 584.455 584.4056 584.068 583.4288 582.5208 581.9575 581.3866 581.1921 581.1161 580.8619 580.7968 580.7897 580.7838 580.8252 581.0433 581.4979 581.8098 582.2551 582.7349 583.1705 583.8051 584.2138 584.3558 583.436 584.6091 585.2657 585.8179 586.3651 586.6477 586.407 586.559 586.5157 586.4334 585.762 584.8253 583.2516 581.2692 579.5817 578.0174 576.7339 575.8718 575.1801
-9999 -9999 -9999 598.4 598.4041 598.0862 597.5023 596.6547 594.8619 592.4456 590.0764 588.019 586.3672 585.4885 585.1346 585.1395 585.2791 585.2719 585.012 584.5997 584.1279 583.5906 582.7565 582.231 582.3104 583.4944 584.9499 585.8931 586.4332 585.9258 585.0336 583.7592 582.4764 582.0197 581.7735 581.8221 582.0724 582.0609 582.0558 582.1111 582.1392 582.2758 582.7256 583.3281 583.7001 584.1526 584.6656 584.9962 585.2274 585.1178 584.6106 583.7322 584.3254 585.0206 585.7078 586.3905 586.7021 586.6081 586.4063 585.6771 584.3515 585.3207 584.9777 583.9497 582.1127 581.0568 579.7557 578.402 577.2015 576.2324
-9999 -9999 -9999 -9999 597.9525 598.0444 598.1739 598.2327 597.4062 595.4109 593.2295 590.8835 588.507 586.637 585.6579 585.3917 585.2281 584.9801 584.6389 584.2413 583.764 583.1301 582.2897 582.0007 582.4514 584.1716 586.0104 587.095 587.7767 586.4883 585.0525 583.5927 582.3622 581.9929 581.9871 582.246 582.6689 582.9529 583.1533 583.4961 583.6492 583.8738 584.3159 584.8986 585.1099 585.2085 585.5808 585.8853 586.1223 585.7133 584.8869 583.9948 584.0894 584.5968 585.2393 586.0745 586.6531 586.848 586.7836 586.3641 585.85 585.3881 584.7633 584.3948 583.7832 582.5452 581.5833 580.3185 578.9824 577.8018
-9999 -9999 -9999 -9999 598.5436 598.7947 599.3896 599.9103 599.5417 597.6629 596.3533 594.267 591.5599 589.1827 587.5728 586.6952 585.8507 585.1042 584.5483 584.125 583.726 583.1135 582.2874 581.9937 582.4734 584.2939 586.363 587.7149 587.143 585.6184 584.1218 582.96 582.2206 582.0457 582.2496 582.6886 583.2207 583.685 583.9327 584.4279 584.7212 585.0973 585.3166 585.5703 585.5684 585.4868 585.9644 586.2193 586.7527 586.2023 585.4121 584.6162 584.3177 584.5488 584.7681 584.9443 586.4132 586.9526 587.0486 586.7524 586.0212 585.0531 584.137 584.4429 585.0648 584.2928 583.2501 582.0174 580.7117 579.5717
-9999 -9999 -9999 -9999 -9999 600.9818 601.2609 601.8112 601.6608 600.5878 599.3291 597.5738 595.0844 592.4774 590.4655 589.4468 587.4357 585.9553 585.0151 584.4247 584.0049 583.5803 582.7928 582.2285 582.3278 583.7 585.3607 586.307 585.5463 584.2049 583.0583 582.2862 582.0663 582.2642 582.7701 583.2239 583.7673 584.3049 584.7355 585.1982 585.3403 585.6646 585.8543 585.929 585.8245 585.7338 586.197 586.7468 586.7737 586.4227 586.0426 585.6019 585.5022 585.7153 586.0555 585.9929 586.7491 587.1281 587.1643 586.86 586.1329 585.0787 584.2067 584.0524 584.7843 585.2333 584.4024 583.2798 582.1759 581.2653
-9999 -9999 -9999 -9999 -9999 -9999 -9999 603.9399 603.7849 602.9647 601.8743 600.3741 598.3785 596.0231 593.8126 591.9784 589.8741 587.9276 586.3455 585.3547 584.6624 584.1347 583.4814 582.6661 582.2355 582.8685 583.9897 584.4829 583.8113 582.9623 582.2867 582.0536 582.2692 582.8835 583.5533 583.8444 584.3506 584.8533 585.2678 585.5916 585.7838 586.0198 586.1614 586.1661 586.0371 585.9205 586.0381 586.235 586.4206 586.642 586.7662 586.7266 586.7987 586.9752 587.0049 586.8489 587.1545 587.3228 587.2599 586.9487 586.3484 585.4969 584.5887 584.1046 584.0142 584.3511 585.0869 584.0973 583.1733 582.4546
-9999 -9999 -9999 -9999 -9999 -9999 -9999 -9999 605.7042 604.997 604.1104 602.85 601.2906 599.4022 597.4136 595.3804 593.0948 590.8227 588.7901 587.208 585.9891 585.1763 584.3459 583.4823 582.5987 582.2535 582.8802 582.8186 582.4096 582.2281 582.226 582.3829 582.9191 583.6424 584.1793 584.5115 584.9008 585.2725 585.5447 585.7678 585.9679 586.1845 586.3239 586.3272 586.2057 586.0674 586.0465 586.1486 586.3818 586.785 587.0026 587.2296 587.5989 587.9756 587.9598 587.5431 587.5678 587.5198 587.3189 587.0351 586.6365 586.0443 585.2927 584.6976 584.5175 584.7817 585.2697 584.6931 583.9005 583.2894
-9999 -9999 -9999 -9999 -9999 -9999 -9999 -9999 -9999 607.1044 606.4438 605.4293 604.133 602.6257 600.9258 598.9824 596.7955 594.4218 592.0275 590.0135 588.3581 587.0633 585.9498 584.9828 583.9022 583.1171 582.4678 582.2663 582.2549 582.3593 582.8152 583.4013 583.7917 584.3218 584.7236 585.007 585.2763 585.4779 585.6228 585.7662 585.9512 586.1732 586.3461 586.3892 586.2997 586.1545 586.0582 586.0667 586.2109 586.4608 586.7509 587.0574 587.3609 587.0202 587.1353 587.9127 587.8287 587.598 587.2758 586.9453 586.7349 586.567 585.9869 585.4741 585.2448 585.3624 585.5481 585.2874 584.7819 584.2238
-9999 -9999 -9999 -9999 -9999 -9999 -9999 -9999 -9999 -9999 -9999 608.1796 607.1696 605.8865 604.3038 602.4458 600.4344 598.2442 595.9353 593.731 591.6689 590.0002 588.7004 587.5023 586.1935 585.0239 583.9665 583.5344 583.4719 583.5127 583.7366 584.1522 584.5238 584.8966 585.1212 585.2794 585.4126 585.5029 585.5548 585.6277 585.7803 586.009 586.2228 586.3268 586.2858 586.1501 586.0082 585.9264 585.9336 585.9971 586.0729 586.5778 586.9269 586.8604 587.0367 587.5454 587.6035 587.4106 587.0755 586.5848 586.012 586.761 586.3909 586.0461 585.9033 585.9443 586.0269 586.0234 585.8439 585.6638
-9999 -9999 -9999 -9999 -9999 -9999 -9999 -9999 -9999 -9999 -9999 -9999 610.2678 609.2054 607.6695 605.7836 603.8232 601.8341 599.7882 597.7324 595.7438 594.0571 592.6434 591.0961 589.5367 587.9172 586.3704 585.4112 584.9022 584.5308 584.5437 584.7841 585.0444 585.2737 585.28 585.296 585.3447 585.3793 585.3795 585.3981 585.5102 585.7253 585.9664 586.1283 586.1491 586.0482 585.8984 585.7804 585.7508 585.8622 586.1606 586.7534 586.9011 586.8684 586.9668 587.2036 587.2711 587.1808 587.0005 586.8016 586.674 586.4191 586.3257 586.335 586.3845 586.4938 586.6167 586.7055 586.3638 586.6964
-9999 -9999 -9999 -9999 -9999 -9999 -9999 -9999 -9999 -9999 -9999 -9999 -9999 -9999 610.7991 608.8788 606.7892 604.8019 602.9578 601.1446 599.423 597.9469 596.7328 595.2425 593.4913 591.5213 589.4435 587.6998 586.3921 585.5174 585.2592 585.2658 585.2792 585.2299 585.1315 585.0901 585.1147 585.1426 585.132 585.1187 585.1854 585.3715 585.6157 585.8168 585.8994 585.8549 585.7367 585.6261 585.5995 585.7243 586.1404 586.6398 586.8506 586.8629 586.8632 586.92 586.937 586.9099 586.8746 586.8545 586.8668 586.7723 586.402 586.5808 586.7312 586.8632 586.9603 587.0808 587.2886 587.7542
-9999 -9999 -9999 -9999 -9999 -9999 -9999 -9999 -9999 -9999 -9999 -9999 -9999 -9999 -9999 -9999 609.3531 607.1815 605.2734 603.5527 601.9251 600.5519 599.9372 598.9196 597.4429 595.3999 592.8904 590.349 588.2501 586.8332 586.0087 585.5621 585.2677 585.0343 584.8647 584.7998 584.8197 584.8565 584.8549 584.8328 584.861 585.001 585.2285 585.4454 585.579 585.595 585.5377 585.4796 585.5139 585.7136 586.1218 586.5587 586.8029 586.838 586.7715 586.6966 586.6375 586.6101 586.6295 586.6934 586.7404 586.6674 586.4229 586.7836 586.9108 587.0081 586.9897 586.9144 586.9591 587.901
-9999 -9999 -9999 -9999 -9999 -9999 -9999 -9999 -9999 -9999 -9999 -9999 -9999 -9999 -9999 -9999 -9999 -9999 607.1384 605.3234 603.8117 602.6598 602.0804 601.4971 600.4897 598.7339 596.2469 593.3864 590.7148 588.548 586.9907 586.0097 585.343 584.9144 584.6736 584.5807 584.5782 584.6005 584.601 584.5779 584.5858 584.679 584.8695 585.0867 585.2456 585.3198 585.3206 585.3258 585.4227 585.6821 586.0949 586.5149 586.7759 586.826 586.7102 586.5345 586.3854 586.3125 586.3287 586.4109 586.5247 586.6373 586.7895 586.6487 586.7574 586.9495 586.8693 586.7534 586.8381 587.3948
-9999 -9999 -9999 -9999 -9999 -9999 -9999 -9999 -9999 -9999 -9999 -9999 -9999 -9999 -9999 -9999 -9999 -9999 -9999 -9999 605.173 604.0216 603.3521 602.891 602.2317 601.0239 598.953 596.2008 593.3737 590.6804 588.3701 586.7644 585.6523 584.9895 584.6641 584.5294 584.4724 584.4397 584.4147 584.3895 584.3885 584.4491 584.6 584.8021 584.9735 585.0748 585.1267 585.1846 585.3292 585.6243 586.0511 586.4813 586.7628 586.8295 586.6979 586.4437 586.2025 586.0563 586.0226 586.0673 586.1345 586.1743 586.1566 585.9912 586.1213 586.6854 586.5615 586.4226 586.5304 586.5878
-9999 -9999 -9999 -9999 -9999 -9999 -9999 -9999 -9999 -9999 -9999 -9999 -9999 -9999 -9999 -9999 -9999 -9999 -9999 -9999 -9999 -9999 604.1196 603.5955 603.0756 602.1746 600.6195 598.1912 595.8235 593.0515 590.1971 587.89 586.2568 585.3055 584.8641 584.6712 584.5355 584.4141 584.3319 584.2932 584.2839 584.3226 584.4427 584.6299 584.7975 584.907 584.9851 585.083 585.2585 585.5675 585.9942 586.4369 586.7493 586.8464 586.7236 586.4093 586.0901 585.8736 585.7779 585.7662 585.7736 585.7637 585.7825 586.1846 586.7886 586.1755 585.9733 585.7269 585.5109 585.7186
-9999 -9999 -9999 -9999 -9999 -9999 -9999 -9999 -9999 -9999 -9999 -9999 -9999 -9999 -9999 -9999 -9999 -9999 -9999 -9999 -9999 -9999 -9999 -9999 -9999 602.6213 601.2257 598.9635 597.6863 595.3186 592.2833 589.3022 587.1469 585.8757 585.2678 584.9877 584.7654 584.5445 584.3856 584.3157 584.2869 584.2745 584.3871 584.5587 584.7125 584.8047 584.9006 585.0292 585.2246 585.528 585.9359 586.3631 586.6959 586.8403 586.7627 586.3815 586.0149 585.7683 585.6335 585.5826 585.5566 585.5535 585.6488 585.994 586.3231 585.9929 585.7117 585.4088 585.1086 585.0657
-9999 -9999 -9999 -9999 -9999 -9999 -9999 -9999 -9999 -9999 -9999 -9999 -9999 -9999 -9999 -9999 -9999 -9999 -9999 -9999 -9999 -9999 -9999 -9999 -9999 -9999 601.7944 600.3127 599.1389 597.0485 594.1686 591.062 588.3168 586.7013 585.8556 585.4473 585.1363 584.8271 584.5922 584.4837 584.4104 584.285 584.3762 584.5438 584.6423 584.7438 584.8707 585.0249 585.2293 585.5115 585.8762 586.2633 586.5663 586.7196 586.7053 586.2595 585.9288 585.7217 585.5803 585.5121 585.4445 585.4118 585.4886 585.7416 585.9669 585.912 585.7818 585.6211 585.4845 585.3569
-9999 -9999 -9999 -9999 -9999 -9999 -9999 -9999 -9999 -9999 -9999 -9999 -9999 -9999 -9999 -9999 -9999 -9999 -9999 -9999 -9999 -9999 -9999 -9999 -9999 -9999 -9999 601.1068 599.8904 598.0768 595.5289 592.7028 589.8024 587.787 586.6137 586.0384 585.6315 585.2334 584.9238 584.7816 584.6631 584.3314 584.4006 584.4873 584.59 584.723 584.894 585.0759 585.2772 585.5266 585.8302 586.1499 586.3871 586.3997 586.048 585.9359 585.8183 585.7213 585.5826 585.5116 585.3587 585.2903 585.3708 585.6165 585.9135 586.1093 586.1637 586.2141 586.3198 585.8624
-9999 -9999 -9999 -9999 -9999 -9999 -9999 -9999 -9999 -9999 -9999 -9999 -9999 -9999 -9999 -9999 -9999 -9999 -9999 -9999 -9999 -9999 -9999 -9999 -9999 -9999 -9999 601.6688 600.2972 598.7704 596.3053 594.2955 591.5659 589.0846 587.5337 586.785 586.2378 585.713 585.2948 585.0979 584.8776 584.6277 584.5352 584.5125 584.5952 584.7344 584.9138 585.1577 585.3678 585.5835 585.8239 586.0877 586.3517 586.5852 586.7441 586.2307 585.8796 585.7031 585.5995 585.51 585.3989 585.3663 585.4838 585.7938 586.2396 586.7261 586.8953 586.9614 586.9624 587.3977
-9999 -9999 -9999 -9999 -9999 -9999 -9999 -9999 -9999 -9999 -9999 -9999 -9999 -9999 -9999 -9999 -9999 -9999 -9999 -9999 -9999 -9999 -9999 -9999 -9999 -9999 -9999 -9999 600.6893 599.5554 598.1016 596.232 593.671 590.9024 588.7189 587.6819 586.8303 586.1522 585.6214 585.3599 585.1421 584.9159 584.7611 584.6431 584.6971 584.8336 584.9747 585.1895 585.4754 585.6862 585.8505 586.0127 586.198 586.379 586.4564 586.1639 585.9166 585.8341 585.8742 585.8835 585.8684 585.9063 586.0707 586.4586 587.0624 587.9056 588.3802 588.6515 588.8157 589.2694
-9999 -9999 -9999 -9999 -9999 -9999 -9999 -9999 -9999 -9999 -9999 -9999 -9999 -9999 -9999 -9999 -9999 -9999 -9999 -9999 -9999 -9999 -9999 -9999 -9999 -9999 -9999 -9999 -9999 599.7745 598.6774 597.3288 595.5153 592.9753 590.3735 588.2612 586.7447 586.2295 586.0021 585.6906 585.4579 585.2339 585.0179 584.8557 584.8917 585.0405 585.1397 585.2913 585.5799 585.8604 585.9445 585.9734 586.0251 586.1083 586.1658 586.1205 586.1359 586.3251 586.7017 586.9479 587.0977 587.2401 587.4343 587.8707 588.6365 589.7369 590.4606 590.5466 590.5737 590.7502
-9999 -9999 -9999 -9999 -9999 -9999 -9999 -9999 -9999 -9999 -9999 -9999 -9999 -9999 -9999 -9999 -9999 -9999 -9999 -9999 -9999 -9999 -9999 -9999 -9999 -9999 -9999 -9999 -9999 -9999 598.4684 597.6594 596.6085 594.8745 592.4254 589.9598 587.9583 586.9269 586.5143 586.0732 585.8331 585.6241 585.3781 585.155 585.1794 585.3458 585.4229 585.5282 585.8337 586.1966 586.1636 586.0753 586.0395 586.0798 586.2299 586.4805 586.8428 587.4124 588.2777 588.9957 589.45 589.7618 589.9448 590.2123 590.805 591.8206 592.5679 592.4115 592.2684 592.2527
-9999 -9999 -9999 -9999 -9999 -9999 -9999 -9999 -9999 -9999 -9999 -9999 -9999 -9999 -9999 -9999 -9999 -9999 -9999 -9999 -9999 -9999 -9999 -9999 -9999 -9999 -9999 -9999 -9999 -9999 -9999 597.4188 596.4632 596.3118 594.3759 591.9257 589.6949 588.0386 587.1767 586.5817 586.3549 586.2163 585.9733 585.6932 585.6558 585.7846 585.8187 585.8695 586.187 586.6161 586.5051 586.4219 586.4496 586.563 586.9199 587.582 588.4059 589.5602 590.8287 591.8453 592.5053 592.8047 592.8413 592.7783 592.8198 593.6133 594.1644 594.1998 594.1462 594.1224
-9999 -9999 -9999 -9999 -9999 -9999 -9999 -9999 -9999 -9999 -9999 -9999 -9999 -9999 -9999 -9999 -9999 -9999 -9999 -9999 -9999 -9999 -9999 -9999 -9999 -9999 -9999 -9999 -9999 -9999 -9999 -9999 597.5185 597.3521 595.6133 593.4061 591.309 589.4977 587.992 587.3116 587.213 587.2125 587.0243 586.6801 586.5403 586.5365 586.4151 586.319 586.6064 587.1326 586.9987 587.1564 587.5156 587.8429 588.4841 589.6564 591.0259 592.5178 593.8931 594.9341 595.5387 595.6749 595.4601 595.07 594.6453 595.0875 595.6813 595.8942 -9999 -9999
-9999 -9999 -9999 -9999 -9999 -9999 -9999 -9999 -9999 -9999 -9999 -9999 -9999 -9999 -9999 -9999 -9999 -9999 -9999 -9999 -9999 -9999 -9999 -9999 -9999 -9999 -9999 -9999 -9999 -9999 -9999 -9999 -9999 597.7302 596.017 594.0237 592.3531 591.0173 589.688 588.7511 588.7328 588.8229 588.7419 588.3505 588.0884 587.8388 587.413 587.0156 587.1368 587.7618 587.7593 588.5005 589.5627 590.4147 591.3087 592.6384 594.1011 595.6027 596.8964 597.7385 598.0218 597.7738 597.089 596.3176 595.8734 596.0016 -9999 -9999 -9999 -9999
-9999 -9999 -9999 -9999 -9999 -9999 -9999 -9999 -9999 -9999 -9999 -9999 -9999 -9999 -9999 -9999 -9999 -9999 -9999 -9999 -9999 -9999 -9999 -9999 -9999 -9999 -9999 -9999 -9999 -9999 -9999 -9999 -9999 -9999 596.4388 594.4562 593.1383 592.2858 591.6558 591.1352 591.0574 591.1245 591.1624 590.9967 590.4625 589.883 589.0706 588.2764 588.0608 588.5173 589.5313 590.769 592.0023 593.0833 594.1217 595.5051 596.8921 598.2048 599.3229 599.8486 599.7697 599.02 597.8694 596.6559 -9999 -9999 -9999 -9999 -9999 -9999
-9999 -9999 -9999 -9999 -9999 -9999 -9999 -9999 -9999 -9999 -9999 -9999 -9999 -9999 -9999 -9999 -9999 -9999 -9999 -9999 -9999 -9999 -9999 -9999 -9999 -9999 -9999 -9999 -9999 -9999 -9999 -9999 -9999 -9999 597.8872 595.617 594.2993 593.7217 593.5414 593.015 592.7755 592.7581 592.9313 593.2179 593.035 592.4814 591.6301 590.9208 590.6263 590.8162 591.6385 592.7756 593.673 594.83 596.0101 597.4487 598.7751 599.8782 600.6885 601.0007 -9999 -9999 -9999 -9999 -9999 -9999 -9999 -9999 -9999 -9999
-9999 -9999 -9999 -9999 -9999 -9999 -9999 -9999 -9999 -9999 -9999 -9999 -9999 -9999 -9999 -9999 -9999 -9999 -9999 -9999 -9999 -9999 -9999 -9999 -9999 -9999 -9999 -9999 -9999 -9999 -9999 -9999 -9999 -9999 -9999 598.1175 596.3181 595.6373 595.6362 594.768 594.3356 594.2446 594.1013 594.4194 594.449 594.1079 593.6312 593.2995 593.0257 592.7938 592.9902 593.533 594.2115 595.516 596.6219 597.9713 599.3936 600.3792 -9999 -9999 -9999 -9999 -9999 -9999 -9999 -9999 -9999 -9999 -9999 -9999
-9999 -9999 -9999 -9999 -9999 -9999 -9999 -9999 -9999 -9999 -9999 -9999 -9999 -9999 -9999 -9999 -9999 -9999 -9999 -9999 -9999 -9999 -9999 -9999 -9999 -9999 -9999 -9999 -9999 -9999 -9999 -9999 -9999 -9999 -9999 -9999 -9999 598.6135 597.9493 596.904 596.0572 595.8893 595.1948 595.4948 595.4052 595.0793 594.6407 594.5703 594.406 594.0329 593.7014 593.744 594.11 595.1173 596.1014 597.2365 -9999 -9999 -9999 -9999 -9999 -9999 -9999 -9999 -9999 -9999 -9999 -9999 -9999 -9999
-9999 -9999 -9999 -9999 -9999 -9999 -9999 -9999 -9999 -9999 -9999 -9999 -9999 -9999 -9999 -9999 -9999 -9999 -9999 -9999 -9999 -9999 -9999 -9999 -9999 -9999 -9999 -9999 -9999 -9999 -9999 -9999 -9999 -9999 -9999 -9999 -9999 -9999 -9999 -9999 -9999 597.7093 596.9253 596.6776 596.256 595.8956 595.5406 595.5438 595.642 594.9727 594.0496 593.7927 594.0137 -9999 -9999 -9999 -9999 -9999 -9999 -9999 -9999 -9999 -9999 -9999 -9999 -9999 -9999 -9999 -9999 -9999
