backend/lakes/data/Fork Lake/fork_dem_tm.asc
ncols         188
nrows         170
xllcorner     715750
yllcorner     6035500
cellsize      50
NODATA_value  -9999
[rows 93 to 123 of 170, columns 70 to 139 of 188]
581.9267 582.1944 582.7922 584.3944 586.8365 590.8416 594.9222 597.959 599.7015 599.9302 -9999 -9999 -9999 -9999 -9999 -9999 -9999 -9999 -9999 -9999 -9999 -9999 -9999 -9999 -9999 -9999 -9999 -9999 -9999 -9999 -9999 -9999 593.11 593.8879 594.1804 593.6389 591.6302 589.018 587.5577 586.5604 585.7875 584.9868 583.5247 581.4943 579.3741 577.6487 576.3322 575.5867 574.9965 574.5328 573.8853 573.168 572.5135 571.9221 571.5578 571.4052 571.5657 572.1412 573.0472 574.2173 575.6144 577.2009 578.4525 579.6276 580.9655 582.312 583.7756 585.5884 588.0264 591.0731
581.5574 581.8983 582.705 584.7443 587.0081 590.6066 594.1332 596.824 598.6287 599.3951 -9999 -9999 -9999 -9999 -9999 -9999 -9999 -9999 -9999 -9999 -9999 -9999 -9999 -9999 -9999 -9999 -9999 -9999 -9999 -9999 -9999 -9999 593.0231 593.2806 593.1294 592.3522 590.4692 588.0713 586.8016 586.0004 585.3156 584.4365 583.1913 581.3807 579.4073 577.8574 576.7793 575.9995 575.2743 574.6667 574.1808 573.5917 572.9755 572.3021 571.8204 571.567 571.7365 572.257 573.0581 574.0377 575.2566 576.6205 577.837 579.0438 580.2653 581.3636 582.5674 584.0492 585.9416 588.3098
581.353 581.83 582.8035 584.9164 587.6788 591.0054 593.9942 596.2405 597.7735 598.2057 -9999 -9999 -9999 -9999 -9999 -9999 -9999 -9999 -9999 -9999 -9999 -9999 -9999 -9999 -9999 -9999 -9999 -9999 -9999 -9999 -9999 -9999 593.1353 592.8325 592.4359 591.6329 589.9271 587.8878 586.651 585.8303 585.0867 583.9206 582.7061 581.3654 579.7087 578.4136 577.3622 576.3145 575.5938 575.0214 574.5787 573.9948 573.2166 572.6368 572.1914 571.9359 572.0154 572.4158 573.0676 573.8353 574.8619 576.2007 577.4316 578.4199 579.3976 580.5017 581.7133 582.9077 584.3024 586.0271
581.3656 582.1096 583.4485 585.8187 588.9061 592.0375 594.5084 596.2152 597.4346 597.8549 -9999 -9999 -9999 -9999 -9999 -9999 -9999 -9999 -9999 -9999 -9999 -9999 -9999 -9999 -9999 -9999 -9999 -9999 -9999 -9999 -9999 -9999 593.2227 592.6782 592.0694 591.4218 590.1876 588.5343 587.2242 586.1969 585.1958 583.9756 582.946 581.8809 580.5356 579.2528 578.0114 576.9269 576.0519 575.3839 574.9248 574.4892 573.745 573.0982 572.6346 572.3167 572.2765 572.5316 573.0392 573.6393 574.6616 575.8894 576.8929 577.7906 578.656 579.5077 580.6368 581.9019 583.2211 584.5245
581.394 582.2712 583.9617 586.7676 590.1873 593.2976 595.3779 596.4084 597.0867 597.1836 596.5369 -9999 -9999 -9999 -9999 -9999 -9999 -9999 -9999 -9999 -9999 -9999 -9999 -9999 -9999 -9999 -9999 -9999 -9999 -9999 -9999 -9999 -9999 592.8418 592.4704 592.0836 591.4791 590.1675 588.8203 587.3386 585.9709 584.7009 583.6107 582.5035 581.4271 580.3595 579.1006 577.7644 576.5126 575.6884 575.121 574.6405 574.1374 573.5311 573.0334 572.6134 572.4475 572.5253 572.8081 573.2676 574.3307 575.316 576.2559 577.2973 578.0801 578.7671 579.5452 580.7021 582.0364 583.361
581.3926 582.258 584.0403 587.0979 590.7581 593.8525 595.5319 596.133 596.6068 596.6019 596.0712 595.887 -9999 -9999 -9999 -9999 -9999 -9999 -9999 -9999 -9999 -9999 -9999 -9999 -9999 -9999 -9999 -9999 -9999 -9999 -9999 -9999 -9999 593.2086 593.1833 593.2062 593.1248 592.1896 590.985 589.2187 587.3469 585.8503 584.5586 583.4902 582.4187 581.3951 580.2463 578.855 577.3942 576.1452 575.3942 574.9259 574.5165 573.8195 573.1479 572.7783 572.5696 572.5292 572.676 573.0564 573.7399 574.5608 575.4396 576.3875 577.3762 578.071 578.6417 579.4732 580.7106 582.1016
581.3586 582.0368 583.5617 586.5533 590.136 593.0139 594.8667 595.4926 595.944 596.153 595.9861 595.9039 596.0609 596.9537 598.2954 600.1404 602.0776 -9999 -9999 -9999 -9999 -9999 -9999 -9999 -9999 -9999 -9999 -9999 -9999 -9999 -9999 -9999 -9999 -9999 594.1426 594.3817 594.5629 594.1608 593.2699 591.5368 589.3908 587.3733 585.699 584.4928 583.4908 582.3898 581.135 579.7339 578.1315 576.5874 575.6904 575.1769 574.6564 574.116 573.5323 573.0826 572.7708 572.5969 572.5772 572.7516 573.1217 573.7512 574.5862 575.4789 576.3822 577.223 577.601 578.2061 579.2365 580.5842
581.3679 581.7964 582.8939 585.2622 588.3616 591.0066 592.8423 593.7455 594.5 595.1706 595.2994 595.5469 596.0177 596.9348 598.2263 599.9478 601.8263 603.778 605.6675 607.3303 608.2112 608.342 608.0366 607.9349 607.5729 -9999 -9999 -9999 -9999 -9999 -9999 -9999 -9999 -9999 -9999 596.0551 596.2328 596.1039 595.4797 593.8742 591.6566 589.2567 587.1386 585.5806 584.4667 583.4827 582.2636 580.7619 579.0386 577.3723 576.174 575.6683 575.0937 574.577 574.0291 573.5071 573.078 572.7711 572.6049 572.6236 572.8007 573.1589 573.8758 574.6442 575.3965 575.9502 576.1812 576.6617 577.5209 578.7371
581.4869 581.6987 582.3184 583.7657 586.0483 588.3672 589.9916 591.0889 592.1208 593.0602 593.558 593.8833 595.1178 596.2856 597.6298 599.1024 600.6671 602.4687 604.3446 606.0778 607.2952 607.7826 607.9261 608.2231 608.3816 608.0001 606.9416 -9999 -9999 -9999 -9999 -9999 -9999 -9999 -9999 -9999 -9999 597.8235 597.3474 595.9157 593.7222 591.1191 588.6346 586.7318 585.3021 584.2965 583.2523 581.726 579.8825 578.0587 576.6929 576.3085 575.5505 574.9954 574.5489 573.9951 573.4713 573.0703 572.7855 572.7452 572.8385 573.078 573.5217 574.0329 574.5146 574.673 574.7554 575.0322 575.6853 576.6192
581.7515 581.7502 581.86 582.533 583.9968 585.7516 587.2714 588.5089 589.3902 590.6146 591.5222 592.1807 593.317 594.6256 595.9705 597.4242 598.7968 600.2661 601.8192 603.3126 604.558 605.4032 606.0176 606.9177 607.7609 608.234 608.0012 607.2018 605.9471 -9999 -9999 -9999 -9999 -9999 -9999 -9999 -9999 -9999 598.4389 597.3306 595.264 592.6216 589.9155 587.6558 585.8262 584.744 583.6553 582.2516 580.6944 579.1104 577.6558 576.5947 575.8771 575.4028 575.0287 574.5655 573.9832 573.498 573.1169 573.0684 573.077 573.1619 573.3595 573.5991 573.8022 573.8722 574.0371 574.2943 574.5522 574.8824
582.0451 581.7614 581.5664 581.7736 582.5612 583.8923 585.3394 586.1601 587.0454 587.9909 588.8239 589.4846 590.4511 591.7207 593.2105 594.7419 596.0502 597.1697 598.222 599.2912 600.4169 601.5075 602.5374 603.936 605.5831 606.96 607.401 607.2 607.587 606.6209 -9999 -9999 -9999 -9999 -9999 -9999 -9999 -9999 599.0569 597.9247 595.9673 593.4201 590.6198 588.3062 586.2156 585.0027 583.8425 582.6914 581.5489 580.3898 579.0697 577.8242 576.8133 576.2751 575.9021 575.4396 574.7993 574.2751 573.7887 573.5071 573.3655 573.3239 573.3442 573.3851 573.4253 573.4857 573.7249 574.0957 574.2008 574.1932
582.1218 581.7437 581.4078 581.3403 581.6959 582.4667 583.4912 584.1776 585.1368 585.9585 586.4673 586.8605 587.4796 588.4326 589.6492 591.2254 592.4954 593.3077 593.8947 594.5593 595.4553 596.5263 597.8488 599.7102 602.0055 604.2139 605.487 605.4326 607.2354 607.9236 607.4926 -9999 -9999 -9999 -9999 -9999 -9999 -9999 599.196 598.026 596.1348 593.624 590.6642 588.058 585.9229 584.8052 583.9637 583.358 582.3997 581.6903 580.7594 579.7554 578.7554 578.0091 577.4737 576.9431 576.2146 575.516 574.7563 574.1306 573.7498 573.5558 573.4484 573.3624 573.3198 573.3832 573.6312 574.1356 574.3254 574.2128
582.3077 581.7861 581.3704 581.1367 581.1993 581.569 582.1414 582.6296 583.4887 584.1216 584.4059 584.4712 584.7332 585.3928 586.3466 587.634 588.8096 589.4323 589.6541 590.0988 590.7692 591.3205 592.6268 594.8795 597.718 600.5866 603.0514 604.8885 606.8765 608.1958 608.436 607.704 606.1819 604.758 603.3621 601.7003 600.2261 599.4185 598.7736 597.7958 596.0863 593.7144 590.7891 587.9304 585.8392 584.6619 583.6923 582.9839 582.838 582.8456 582.4534 581.9044 581.0847 580.2813 579.7003 578.951 577.983 577.145 576.063 574.9243 574.2029 573.8182 573.6157 573.47 573.3857 573.4272 573.6555 574.1169 574.5129 574.5201
582.2341 581.8262 581.4313 581.1154 580.97 581.0396 581.2788 581.614 582.1534 582.5328 582.7966 582.6077 582.6467 583.1042 583.8314 584.7928 585.8583 586.6213 586.3595 586.3112 586.5525 586.9601 588.1012 590.3606 593.3839 596.2192 599.2842 602.2836 605.1 607.0413 607.7678 607.3994 605.9019 604.095 602.0474 600.1207 598.6687 598.0682 597.7643 597.1102 595.8538 593.8299 591.1587 588.4069 586.3856 584.9587 583.5677 582.3684 582.8125 583.3769 583.6643 583.5154 582.8967 582.2222 581.6586 580.7532 579.5555 578.4474 577.2304 575.8279 574.6311 574.0359 573.7765 573.6279 573.5393 573.559 573.764 574.0319 574.4875 574.6098
582.7849 582.2518 581.7433 581.2993 580.9816 580.8304 580.822 580.9562 581.272 581.6675 582.0172 581.7377 581.5911 581.7587 582.1779 582.7661 583.6072 584.0869 583.8863 583.7403 583.8252 584.0519 584.7421 586.3257 588.7085 591.4296 594.5362 597.9659 601.3858 603.9284 605.1501 604.9777 603.6127 601.5892 599.3712 597.5037 596.3648 596.0731 596.1285 596.0368 595.3797 593.9302 591.7615 589.3835 587.2817 585.6541 584.0782 582.7349 582.2824 583.2134 583.816 584.0298 583.7386 583.1466 582.5388 581.8251 580.5435 579.119 577.6273 576.09 574.7334 574.1035 573.8715 573.7767 573.7179 573.7372 573.8591 574.1473 574.3705 574.6096
584.0591 583.2574 582.4366 581.7466 581.2402 580.9204 580.7156 580.6349 580.7136 581.0206 581.261 581.1473 581.0153 581.0378 581.2524 581.6385 582.1455 582.3585 582.3133 582.3044 582.4996 582.6016 582.8857 583.7553 585.3799 587.2755 589.8789 593.0154 596.485 599.3024 600.7805 600.8126 599.6508 597.7769 595.7359 594.2189 593.4984 593.6464 594.1805 594.7178 594.6725 593.7816 592.0627 590.0613 588.2673 586.8513 585.2871 583.7774 582.522 582.3864 583.2784 583.8484 583.7603 583.0889 582.3199 581.5452 580.3923 578.914 577.3802 575.9514 574.6981 574.1126 573.9259 573.8978 573.8875 573.9058 574.0099 574.1794 574.4252 574.6098
585.2504 584.6551 583.6541 582.5565 581.7976 581.3501 580.9717 580.7009 580.5703 580.6976 580.8539 580.8324 580.7599 580.7306 580.8202 581.0551 581.3652 581.5682 581.6964 581.9036 582.2133 582.2285 582.2346 582.519 583.7281 584.406 586.0541 588.5688 591.4372 594.069 595.5498 595.7064 594.8623 593.3545 591.7406 590.6716 590.3712 590.8654 591.8849 593.0015 593.4874 593.0265 591.8045 590.1545 588.6435 587.4827 586.0963 585.1628 583.6585 582.5055 582.4212 583.3036 583.3704 582.4423 581.6089 580.7421 579.5308 578.0449 576.5775 575.4976 574.6137 574.1573 573.995 573.994 574.0293 574.0591 574.1272 574.2659 574.4364 574.61
586.2652 585.5874 584.8129 583.7205 582.6894 582.1863 581.6198 581.1715 580.7318 580.6024 580.6979 580.7 580.7045 580.674 580.7003 580.8433 581.0693 581.3143 581.5591 581.8348 582.1284 582.3896 582.7366 582.3542 582.2823 582.4926 583.4344 585.1218 587.2678 589.2486 590.4629 590.7827 590.4146 589.3176 588.2356 587.5388 587.431 587.986 589.1797 590.4956 591.3956 591.5309 590.7821 589.5369 588.2437 587.2892 586.3 586.2224 584.9801 583.5906 582.4934 582.3196 582.2148 581.5053 580.7939 580.1135 579.1094 577.6697 576.2406 575.284 574.6257 574.3175 574.1293 574.0874 574.1233 574.1714 574.2302 574.3253 574.4639 574.6103
586.9203 586.1163 585.4961 584.8709 583.9986 583.4592 582.6475 582.1186 581.3824 580.767 580.6035 580.5953 580.6983 580.7 580.7151 580.8127 581.005 581.3083 581.668 582.0406 582.4438 583.3246 583.8234 583.6653 583.0818 582.4529 582.2935 583.0189 584.2944 585.5367 586.2984 586.5515 586.3969 585.8716 585.3978 585.0536 585.1514 585.6133 586.6106 587.7281 588.7496 589.3582 589.1331 588.1964 587.6207 587.1874 586.7831 586.5485 585.7347 584.7186 583.3668 582.2861 581.6255 580.8196 580.3181 579.8137 579.0157 577.6109 576.1918 575.3037 574.8002 574.5941 574.3111 574.1805 574.1764 574.2242 574.2844 574.3654 574.4762 574.6094
588.1481 586.8285 586.1028 585.7102 585.2705 584.864 584.0317 583.3726 582.364 581.3851 580.7034 580.4677 580.4971 580.5829 580.699 580.7974 580.9382 581.2879 581.7479 582.2618 582.8307 583.4537 584.7325 585.1135 584.6169 583.4745 582.5675 582.2362 582.6566 583.2883 583.6502 583.7908 583.7915 583.7299 583.7589 583.4922 583.5287 583.7986 584.5364 585.4359 586.3733 587.0331 587.1638 586.7038 586.988 587.0312 586.8075 586.4714 585.8319 585.0421 583.7227 582.449 581.6125 580.712 580.1803 579.7281 579.0146 577.6274 576.2284 575.39 574.8878 574.6094 574.3878 574.2454 574.2054 574.2336 574.2891 574.356 574.438 574.5292
590.2938 588.2922 586.9767 586.5623 586.3549 586.0372 585.2828 584.4304 583.3375 581.9861 580.7859 580.3292 580.2699 580.3801 580.5468 580.6953 580.7098 581.0034 581.3323 581.8044 582.3353 582.98 583.9432 585.1011 585.2711 584.7353 583.5809 582.7048 582.3287 582.2466 582.2637 582.2559 582.2424 582.247 582.2832 582.2168 582.235 582.4186 583.0206 583.6843 584.4833 585.2391 585.8068 586.2735 586.8312 586.9934 586.7173 586.0676 585.399 584.7703 583.7843 582.7818 581.9387 580.7981 580.2012 579.7303 579.0203 577.6771 576.3785 575.5989 575.0134 574.6191 574.4638 574.3268 574.2507 574.243 574.2741 574.321 574.3778 574.4413
592.4139 590.0923 588.2322 587.1627 587.3859 587.1505 586.2288 585.1358 583.7952 582.2195 580.8241 580.2435 580.0989 580.1758 580.3264 580.4531 580.514 580.684 580.7571 581.1636 581.5562 582.2211 583.1605 584.2701 585.0659 585.2369 584.813 583.8646 583.5101 582.7179 582.188 581.8213 581.6012 581.4907 581.4513 581.4241 581.4752 581.6772 582.1099 582.431 583.0934 583.8828 584.6586 585.4968 586.3902 586.5996 586.1223 585.4244 585.0167 584.5202 583.7681 582.9507 582.0874 580.9572 580.3538 579.827 579.0644 577.8682 576.8607 576.0101 575.2684 574.805 574.6058 574.4287 574.3233 574.2783 574.2739 574.2903 574.3189 574.3604
593.9514 591.9186 590.0674 588.9059 588.938 588.1495 586.8069 585.4397 584.0987 582.4576 581.0054 580.3306 580.0679 580.0673 580.1672 580.2527 580.2833 580.3409 580.4097 580.6584 580.8038 581.3625 582.1581 583.0374 583.8583 584.8026 584.9893 584.9056 584.0756 583.4251 582.7325 582.0704 581.6179 581.3376 581.1799 581.1119 581.1456 581.3 581.5706 581.8524 582.3457 583.1427 583.7738 584.3285 584.9998 585.2786 585.2522 584.9584 584.7368 584.3517 583.7609 583.0809 582.3008 581.4979 580.7593 580.0956 579.1994 578.2567 577.3599 576.2305 575.4541 574.9354 574.6156 574.4799 574.3917 574.337 574.3016 574.2809 574.2764 574.2921
594.9362 593.5423 591.9984 590.766 590.2255 589.0875 587.1377 585.4719 584.2147 582.9179 581.5654 580.6484 580.1925 580.1028 580.1479 580.1797 580.1378 580.1019 580.1161 580.2272 580.3597 580.7202 581.264 581.852 582.6202 583.4528 584.1524 585.0087 585.2467 584.8193 583.8082 582.8197 582.1229 581.6529 581.3411 581.1844 581.1716 581.2733 581.4695 581.7578 582.2479 582.9255 583.1998 583.1309 583.3911 583.7238 584.1584 584.3347 584.2847 584.1335 583.7447 583.2328 582.6707 582.1054 581.302 580.5098 579.4221 578.6002 577.6494 576.5098 575.7349 575.1855 574.8069 574.6091 574.4923 574.417 574.3501 574.2904 574.2488 574.2375
595.5554 594.8489 593.8564 592.6719 591.6578 589.8717 587.434 585.5392 584.3955 583.3839 582.0291 580.8548 580.3687 580.2838 580.3125 580.3022 580.1563 580.041 580.0076 580.052 580.1476 580.3453 580.6535 580.8604 581.5012 582.2244 582.9039 583.6755 584.4855 585.0002 585.0203 584.1462 583.0388 582.329 581.7987 581.5128 581.4468 581.4855 581.6157 581.837 582.1969 582.6566 582.9197 582.3915 582.4034 582.4885 583.2421 583.7232 583.7722 583.757 583.5809 583.2148 582.7704 582.2434 581.5062 580.6985 579.7954 579.0541 578.1551 577.2734 576.2637 575.583 575.0768 574.7697 574.6095 574.5128 574.4055 574.3024 574.2227 574.1831
-9999 596.1152 595.7224 594.6418 593.306 590.9937 588.0306 585.8116 584.5997 583.5412 582.2272 581.211 580.7278 580.6868 580.7001 580.6684 580.39 580.2366 580.1897 580.2047 580.2156 580.2057 580.2659 580.3449 580.6531 580.9656 581.5974 582.3196 583.0944 584.1921 584.8237 584.6959 584.1753 583.2755 582.4006 581.9351 581.8428 581.8124 581.8527 581.9602 582.1252 582.339 582.5984 583.6107 582.796 582.3464 582.3895 583.2199 583.6721 583.676 583.4442 583.0523 582.6307 582.1653 581.453 580.7156 579.9177 579.1677 578.4158 577.6662 576.8385 576.0455 575.3716 574.9407 574.7127 574.6082 574.455 574.3029 574.1837 574.1176
-9999 597.5383 597.6131 596.6149 595.0666 592.3976 589.0654 586.4726 584.9716 583.6144 582.357 581.6345 581.358 581.3304 581.3156 581.2058 580.9091 580.8259 580.8098 580.7869 580.6634 580.3953 580.2623 580.1586 580.2128 580.3591 580.7256 581.2794 581.8934 582.8467 583.8965 584.237 584.0643 583.6714 582.9871 582.2628 582.2204 582.1155 582.0895 582.1062 582.1302 582.1962 582.3724 582.8749 583.6536 583.4326 582.6633 582.4625 583.5152 583.4993 583.1841 582.7168 582.195 581.6749 581.1281 580.6516 579.976 579.2582 578.683 578.0996 577.43 576.4369 575.686 575.1427 574.8034 574.6113 574.4857 574.2914 574.1301 574.0377
-9999 -9999 599.317 598.2576 596.801 594.0839 590.5938 587.5431 585.3381 583.7379 582.6958 582.2521 582.2695 582.3428 582.3582 582.3099 582.2203 582.1786 582.0859 581.9316 581.454 580.9622 580.7316 580.3914 580.2448 580.2039 580.3541 580.6427 580.863 581.548 582.244 582.6752 582.9731 583.0703 583.0563 582.2906 582.2789 582.2302 582.23 582.2299 582.1984 582.1654 582.244 582.4106 582.7007 583.2988 583.7062 582.9877 583.0696 582.9509 582.6394 582.1072 581.4689 581.0551 580.7094 580.5475 580.2638 579.8289 579.3082 578.7767 578.1648 577.3278 576.3303 575.5637 575.0473 574.7539 574.5988 574.3022 574.0821 573.9568
-9999 -9999 601.1372 600.2673 598.5483 595.7958 592.2164 588.6941 585.9462 584.1165 583.2444 583.0963 583.5085 583.7769 583.8226 583.7336 583.6532 583.511 583.1429 582.864 582.4782 582.2175 581.8499 581.0834 580.7615 580.435 580.3109 580.2743 580.3239 580.6507 580.9144 581.358 581.699 582.0176 582.1918 582.033 582.2002 582.2235 582.2272 582.2296 582.23 582.23 582.23 582.2323 582.33 582.3774 582.4948 582.2364 582.1577 582.0322 581.8214 581.2401 580.7453 580.6998 580.6885 580.9185 581.0955 581.0172 580.6563 580.0257 579.3665 578.4845 577.4604 576.3532 575.5397 575.0178 574.6476 574.329 574.0768 573.9114
-9999 -9999 602.0901 601.6421 599.9155 597.1735 593.6073 589.8932 586.9829 585.0238 584.0852 583.9396 584.5289 585.054 585.1133 584.8439 584.6546 584.3396 583.8969 583.7602 583.6664 583.5129 582.9916 582.2571 581.8127 581.0397 580.6726 580.3421 580.2394 580.3344 580.4714 580.689 580.7565 581.0603 581.2664 581.3397 581.5497 581.6902 581.799 581.9461 582.1772 582.204 582.1979 582.1674 582.0336 581.5961 581.4108 581.2104 581.0258 580.794 580.7299 580.7044 580.7996 581.0045 581.325 582.0048 582.6378 582.8873 582.7569 582.205 581.293 580.1725 579.069 577.7052 576.4664 575.6981 575.2638 574.6589 574.2462 573.9741
-9999 -9999 -9999 601.9645 600.5742 598.0731 594.7611 591.189 588.2333 586.1033 585.3815 584.9332 585.2302 585.4469 585.4631 585.2907 585.2556 584.9724 584.6533 584.4644 584.3192 584.1073 583.6841 582.9438 582.3998 581.9661 581.3885 580.9152 580.8127 580.8376 580.8814 580.8335 580.7493 580.7 580.6985 580.7169 580.9075 581.0538 581.1586 581.2653 581.3874 581.4037 581.3624 581.2614 581.0653 580.732 580.6985 580.7 580.7224 580.8231 581.0786 581.5215 582.0062 582.7348 583.2736 584.1116 584.8987 585.2375 585.165 584.5483 583.3601 582.3487 581.1695 579.5468 577.9385 576.7341 576.2552 575.2944 574.6165 574.1909
