backend/lakes/data/Touchwood Lake/touc_dem_tm.asc
ncols         139
nrows         281
xllcorner     727800
yllcorner     6070250
cellsize      50
NODATA_value  -9999
[rows 186 to 216 of 281, columns 0 to 69 of 139]
-9999 -9999 -9999 -9999 -9999 -9999 -9999 -9999 -9999 -9999 -9999 -9999 -9999 -9999 -9999 -9999 -9999 -9999 -9999 -9999 -9999 -9999 -9999 -9999 -9999 646.6892 644.9757 642.2853 639.0217 635.7767 633.3204 631.5288 629.9877 628.4534 626.5958 624.0006 621.5953 619.3527 617.2642 615.3745 613.6865 612.2385 611.0618 609.9799 608.9487 608.0321 607.2769 606.7903 606.2734 605.8101 605.4724 605.2756 605.1748 605.1321 605.1832 605.3738 605.7412 606.3517 607.301 608.8433 610.5411 612.4169 614.8557 617.6948 620.8693 623.6499 626.236 628.1042 629.5875 630.9268
-9999 -9999 -9999 -9999 -9999 -9999 -9999 -9999 -9999 -9999 -9999 -9999 -9999 -9999 -9999 -9999 -9999 -9999 -9999 -9999 -9999 -9999 -9999 -9999 -9999 647.8541 646.097 643.5962 640.6764 637.3737 634.5022 632.2283 630.4707 628.9244 627.2814 625.2717 622.665 620.2438 617.92 615.9291 614.11 612.5167 611.3982 610.3502 609.3558 608.4592 607.7017 607.1461 606.5458 606.0538 605.6874 605.477 605.3884 605.3774 605.4393 605.6442 606.0381 606.6478 607.4713 608.9734 610.6362 612.4747 615.0022 617.9741 621.3563 624.3115 626.9838 628.9906 630.5924 632.1418
-9999 -9999 -9999 -9999 -9999 -9999 -9999 -9999 -9999 -9999 -9999 -9999 -9999 -9999 -9999 -9999 -9999 -9999 -9999 -9999 -9999 -9999 -9999 -9999 -9999 -9999 647.0054 644.5153 642.4203 639.3044 635.9899 633.179 631.1442 629.5084 627.989 626.2836 623.9286 621.5906 619.1956 616.9597 614.9502 613.2515 611.972 610.8198 609.7953 608.8682 608.0017 607.2174 606.6835 606.2389 605.8757 605.6418 605.5472 605.5576 605.6636 605.9005 606.3531 607.0825 607.9467 609.2635 610.8206 612.6941 615.3779 618.4684 622.0419 625.3479 627.9359 630.0858 631.9122 633.9147
-9999 -9999 -9999 -9999 -9999 -9999 -9999 -9999 -9999 -9999 -9999 -9999 -9999 -9999 -9999 -9999 -9999 -9999 -9999 -9999 -9999 -9999 -9999 -9999 -9999 -9999 647.8909 645.8632 644.1072 641.2114 637.7491 634.5161 632.0344 630.1595 628.6641 627.2076 625.6028 623.337 620.8013 618.2565 616.0476 614.0858 612.4224 611.2598 610.201 609.1903 608.1912 607.2904 606.8486 606.418 606.0459 605.7914 605.6749 605.6881 605.8207 606.0876 606.5347 607.233 608.3488 609.7201 611.2848 613.2525 616.1398 619.3288 622.9046 626.2399 628.8738 631.2089 633.5126 636.2377
-9999 -9999 -9999 -9999 -9999 -9999 -9999 -9999 -9999 -9999 -9999 -9999 -9999 -9999 -9999 -9999 -9999 -9999 -9999 -9999 -9999 -9999 -9999 -9999 -9999 -9999 -9999 647.4023 645.5389 642.8756 639.5125 636.0199 632.9727 630.8285 629.3446 628.1586 626.9293 625.2151 622.5963 619.9564 617.4808 615.2267 613.168 611.8318 610.631 609.5489 608.5002 607.6575 607.1577 606.6008 606.1753 605.9138 605.794 605.8077 605.9663 606.2738 606.7491 607.4301 608.7819 610.275 611.9272 614.098 617.0942 620.5872 624.0693 627.1985 629.9233 632.5729 635.4541 639.1116
-9999 -9999 -9999 -9999 -9999 -9999 -9999 -9999 -9999 -9999 -9999 -9999 -9999 -9999 -9999 -9999 -9999 -9999 -9999 -9999 -9999 -9999 -9999 -9999 -9999 -9999 -9999 648.4607 646.5818 644.0864 640.8177 637.1232 633.6996 631.4097 629.9247 628.8767 627.8365 626.3988 624.0435 621.5642 619.0797 616.7151 614.4244 612.4431 610.9934 609.7896 608.7239 607.8516 607.2004 606.6317 606.2087 605.9747 605.8965 605.9415 606.1417 606.5291 607.1282 607.8903 609.0863 610.5191 612.2726 614.7056 617.8491 621.578 625.2037 628.2235 631.1036 634.2231 637.8956 642.2788
-9999 -9999 -9999 -9999 -9999 -9999 -9999 -9999 -9999 -9999 -9999 -9999 -9999 -9999 -9999 -9999 -9999 -9999 -9999 -9999 -9999 -9999 -9999 -9999 -9999 -9999 -9999 649.5559 647.726 645.2965 642.058 638.2095 634.5485 632.0321 630.4844 629.4012 628.3591 626.9884 624.9664 622.7291 620.446 618.0703 615.7097 613.2095 611.4623 610.0852 608.9371 607.9752 607.1957 606.6106 606.208 605.999 605.9755 606.0818 606.3375 606.7808 607.4106 608.3597 609.485 610.8275 612.6126 615.265 618.5288 622.3514 626.0139 629.0903 632.1969 635.8174 640.3166 645.3524
-9999 -9999 -9999 -9999 -9999 -9999 -9999 -9999 -9999 -9999 -9999 -9999 -9999 -9999 -9999 -9999 -9999 -9999 -9999 -9999 -9999 -9999 -9999 -9999 -9999 -9999 -9999 -9999 648.5849 646.3166 643.2039 639.3306 635.4849 632.6622 631.1024 629.9105 628.765 627.4374 625.837 623.8096 621.5694 619.0906 616.6098 614.0599 612.0358 610.4832 609.2274 608.1476 607.2111 606.6219 606.235 606.0449 606.0609 606.2352 606.5797 607.1731 608.1487 609.0773 610.1359 611.4155 613.2763 616.1318 619.5129 623.2883 626.7694 629.8392 633.111 637.1217 642.4757 648.0285
-9999 -9999 -9999 -9999 -9999 -9999 -9999 -9999 -9999 -9999 -9999 -9999 -9999 -9999 -9999 -9999 -9999 -9999 -9999 -9999 -9999 -9999 -9999 -9999 -9999 -9999 -9999 -9999 649.6823 647.4819 644.3576 640.4129 636.3383 633.2307 631.7562 630.4268 629.2369 628.0271 626.6664 624.6331 622.2189 619.6862 617.1312 614.624 612.4339 610.9247 609.6548 608.502 607.3891 606.7793 606.3503 606.1397 606.1766 606.4056 606.7846 607.3062 608.412 609.6523 610.8868 612.2629 614.4332 617.4394 621.0141 624.6502 627.6705 630.5836 633.9463 638.281 644.0814 650.0295
-9999 -9999 -9999 -9999 -9999 -9999 -9999 -9999 -9999 -9999 -9999 -9999 -9999 -9999 -9999 -9999 -9999 -9999 -9999 -9999 -9999 -9999 -9999 -9999 -9999 -9999 -9999 -9999 650.5186 648.4742 645.4687 641.5248 637.2461 633.7304 631.8268 630.6327 629.5771 628.4377 627.1666 625.2283 622.6425 620.0993 617.5745 615.1576 612.8469 611.4673 610.2169 609.0663 608.0071 607.1507 606.5474 606.2798 606.3232 606.6287 607.1349 607.6772 608.7091 610.0245 611.4448 613.1309 615.6689 618.7885 622.2909 625.708 628.4745 631.2791 634.6874 639.1954 645.2327 651.4217
-9999 -9999 -9999 -9999 -9999 -9999 -9999 -9999 -9999 -9999 -9999 -9999 -9999 -9999 -9999 -9999 -9999 -9999 -9999 -9999 -9999 -9999 -9999 -9999 -9999 -9999 -9999 -9999 -9999 649.4775 646.6101 642.8447 638.5858 634.712 632.1847 631.0306 630.0741 629.0176 627.7239 625.8671 623.0551 620.5533 618.1907 615.9152 613.4324 611.9963 610.6996 609.5291 608.4728 607.2833 606.6481 606.4103 606.4846 606.8012 607.2889 608.0966 609.2292 610.6844 612.3411 614.426 617.1315 620.3455 623.5029 626.5718 629.2071 631.9914 635.4694 640.1009 646.2591 652.5013
-9999 -9999 -9999 -9999 -9999 -9999 -9999 -9999 -9999 -9999 -9999 -9999 -9999 -9999 -9999 -9999 -9999 -9999 -9999 -9999 -9999 -9999 -9999 -9999 -9999 -9999 -9999 -9999 -9999 649.8683 647.5017 644.2903 640.3679 636.3534 633.1905 631.6945 630.7209 629.5886 628.1803 626.2441 623.3925 620.9812 618.7219 616.4989 614.0723 612.2363 610.7687 609.4994 608.336 607.2371 606.712 606.5871 606.7739 607.1909 607.8649 608.8522 610.1252 611.7607 613.6356 615.8965 618.5848 621.7189 624.723 627.4647 630.0461 632.8923 636.5065 641.3464 647.5295 653.6226
-9999 -9999 -9999 -9999 -9999 -9999 -9999 -9999 -9999 -9999 -9999 -9999 -9999 -9999 -9999 -9999 -9999 -9999 -9999 -9999 -9999 -9999 -9999 -9999 -9999 -9999 -9999 -9999 -9999 -9999 648.0582 645.623 642.2761 638.418 634.8432 632.3847 631.4769 630.1302 628.5806 626.5929 623.8605 621.4666 619.1442 616.8196 614.3748 612.3032 610.7114 609.3901 608.2301 607.2529 606.8586 606.853 607.181 607.7098 608.5493 609.7468 611.2169 612.9932 615.1758 617.5942 620.3014 623.1897 626.0821 628.6129 631.1713 634.1455 637.9626 643.1751 649.2538 654.9303
-9999 -9999 -9999 -9999 -9999 -9999 -9999 -9999 -9999 -9999 -9999 -9999 -9999 -9999 -9999 -9999 -9999 -9999 -9999 -9999 -9999 -9999 -9999 -9999 -9999 -9999 -9999 -9999 -9999 -9999 648.4717 646.8149 644.0457 640.5566 637.0085 634.0326 632.1794 630.5931 629.0061 627.1259 624.7385 622.1347 619.5596 617.0203 614.5144 612.3301 610.7153 609.4341 608.3795 607.5771 607.199 607.2077 607.616 608.3026 609.3477 610.7623 612.4977 614.6227 616.9916 619.5039 622.13 624.8099 627.4004 629.8872 632.5757 635.8434 640.048 645.5104 651.3527 656.4409
-9999 -9999 -9999 -9999 -9999 -9999 -9999 -9999 -9999 -9999 -9999 -9999 -9999 -9999 -9999 -9999 -9999 -9999 -9999 -9999 -9999 -9999 -9999 -9999 -9999 -9999 -9999 -9999 -9999 -9999 -9999 647.6314 645.3032 642.334 639.1251 635.8853 633.155 631.1985 629.5383 627.7983 625.6868 622.8242 620.0247 617.2656 614.7117 612.4575 610.8939 609.6929 608.7455 608.0534 607.6877 607.7013 608.1536 608.9819 610.2197 611.895 613.9287 616.3017 618.7518 621.3144 623.8313 626.3639 628.7553 631.2458 634.1498 637.8127 642.4899 648.0982 653.5759 657.9965
-9999 -9999 -9999 -9999 -9999 -9999 -9999 -9999 -9999 -9999 -9999 -9999 -9999 -9999 -9999 -9999 -9999 -9999 -9999 -9999 -9999 -9999 -9999 -9999 -9999 -9999 -9999 -9999 -9999 -9999 -9999 -9999 645.9218 643.4485 640.8328 637.6006 634.3743 631.9675 630.1261 628.4113 626.3849 623.5462 620.6548 617.7164 615.1536 612.8367 611.3206 610.1605 609.2747 608.6306 608.2383 608.2262 608.683 609.6471 611.0671 612.9009 615.2207 617.6899 620.2424 622.7405 625.2222 627.5856 629.9822 632.5724 635.7433 639.8525 645.0817 650.7291 655.8236 659.6388
-9999 -9999 -9999 -9999 -9999 -9999 -9999 -9999 -9999 -9999 -9999 -9999 -9999 -9999 -9999 -9999 -9999 -9999 -9999 -9999 -9999 -9999 -9999 -9999 -9999 -9999 -9999 -9999 -9999 -9999 -9999 -9999 646.2415 644.0605 642.1461 639.0701 635.5877 632.704 630.6883 628.9786 627.0684 624.54 621.5576 618.4357 615.7974 613.5248 611.9379 610.7338 609.8588 609.2267 608.7698 608.717 609.1929 610.2576 611.9296 614.0825 616.5687 619.1049 621.6728 624.1304 626.5344 628.7902 631.1803 633.8666 637.3232 641.9859 647.6387 653.2352 657.9471 661.248
-9999 -9999 -9999 -9999 -9999 -9999 -9999 -9999 -9999 -9999 -9999 -9999 -9999 -9999 -9999 -9999 -9999 -9999 -9999 -9999 -9999 -9999 -9999 -9999 -9999 -9999 -9999 -9999 -9999 -9999 -9999 -9999 646.9793 645.3329 643.2586 640.1421 636.5444 633.3366 631.2045 629.5177 627.7648 625.5466 622.4544 619.3467 616.5344 614.0668 612.2719 611.1713 610.3209 609.6335 609.1854 609.1395 609.6498 610.8079 612.6273 615.157 617.7357 620.3681 622.8765 625.3287 627.5903 629.857 632.2749 635.1427 638.8731 644.1436 650.0407 655.4841 659.7676 662.5796
-9999 -9999 -9999 -9999 -9999 -9999 -9999 -9999 -9999 -9999 -9999 -9999 -9999 -9999 -9999 -9999 -9999 -9999 -9999 -9999 -9999 -9999 -9999 -9999 -9999 -9999 -9999 -9999 -9999 -9999 -9999 -9999 647.7357 646.0151 643.7865 640.6123 637.0577 633.8498 631.6634 629.9827 628.3094 626.1924 623.1281 620.024 617.0479 614.4444 612.4937 611.5281 610.6277 609.9308 609.5231 609.5459 610.1478 611.4468 613.4708 616.2815 619.0131 621.6755 624.1641 626.5367 628.6973 630.9669 633.4698 636.6534 640.8826 646.4379 652.2814 657.4174 661.2626 663.6658
-9999 -9999 -9999 -9999 -9999 -9999 -9999 -9999 -9999 -9999 -9999 -9999 -9999 -9999 -9999 -9999 -9999 -9999 -9999 -9999 -9999 -9999 -9999 -9999 -9999 -9999 -9999 -9999 -9999 -9999 -9999 -9999 -9999 645.8946 643.45 640.4509 637.2178 634.216 632.053 630.3934 628.7821 626.7628 623.9047 620.7954 617.6517 614.9677 612.8583 611.7301 610.8669 610.205 609.8567 609.9954 610.7764 612.325 614.7184 617.5434 620.3073 622.8464 625.2815 627.4514 629.6086 631.9889 634.6206 638.1895 642.9423 648.6613 654.2999 659.0217 662.4116 -9999
-9999 -9999 -9999 -9999 -9999 -9999 -9999 -9999 -9999 -9999 -9999 -9999 -9999 -9999 -9999 -9999 -9999 -9999 -9999 -9999 -9999 -9999 -9999 -9999 -9999 -9999 -9999 -9999 -9999 -9999 -9999 -9999 -9999 645.0165 642.4269 639.7644 637.1944 634.6469 632.446 630.8271 629.3095 627.5074 625.1275 621.9299 618.676 615.9995 613.8665 612.3852 611.358 610.6191 610.2881 610.5565 611.5628 613.399 616.1655 619.0614 621.7242 624.098 626.3663 628.2823 630.2872 632.628 635.5612 639.6291 644.9481 650.7485 656.1141 660.4236 663.4237 -9999
-9999 -9999 -9999 -9999 -9999 -9999 -9999 -9999 -9999 -9999 -9999 -9999 -9999 -9999 -9999 -9999 -9999 -9999 -9999 -9999 -9999 -9999 -9999 -9999 -9999 -9999 -9999 -9999 -9999 -9999 -9999 -9999 -9999 643.6929 641.1875 638.807 636.89 634.9218 632.8804 631.3306 629.865 628.2144 626.1116 623.1567 620.1473 617.4705 615.2853 613.5569 612.2227 611.2767 610.8967 611.3139 612.5966 614.8065 617.5986 620.5358 622.9323 625.0715 627.081 628.9821 631.0158 633.4532 636.7248 641.4084 647.0651 652.801 657.8519 661.8055 664.5841 -9999
-9999 -9999 -9999 -9999 -9999 -9999 -9999 -9999 -9999 -9999 -9999 -9999 -9999 -9999 -9999 -9999 -9999 -9999 -9999 -9999 -9999 -9999 -9999 -9999 -9999 -9999 -9999 -9999 -9999 -9999 -9999 -9999 -9999 -9999 640.2765 638.3329 636.9763 635.51 633.6889 631.9945 630.4385 628.838 626.939 624.4988 621.7421 619.1596 616.9634 615.0576 613.4418 612.2386 611.7449 612.3332 613.925 616.2888 618.9479 621.6368 623.8949 625.9012 627.7756 629.8579 632.1602 634.9345 638.8134 643.8032 649.4131 654.8354 659.5309 663.2643 -9999 -9999
-9999 -9999 -9999 -9999 -9999 -9999 -9999 -9999 -9999 -9999 -9999 -9999 -9999 -9999 -9999 -9999 -9999 -9999 -9999 -9999 -9999 -9999 -9999 -9999 -9999 -9999 -9999 -9999 -9999 -9999 -9999 -9999 -9999 -9999 640.1499 638.5666 637.5526 636.225 634.4528 632.601 631.0293 629.4391 627.688 625.7531 623.1697 620.7863 618.6665 616.7707 615.0071 613.6122 612.9517 613.7097 615.3769 617.6177 620.1442 622.557 624.7806 626.8229 628.8284 631.1547 633.9258 637.335 641.7202 646.7693 651.9816 656.8776 661.1604 664.6993 -9999 -9999
-9999 -9999 -9999 -9999 -9999 -9999 -9999 -9999 -9999 -9999 -9999 -9999 -9999 -9999 -9999 -9999 -9999 -9999 -9999 -9999 -9999 -9999 -9999 -9999 -9999 -9999 -9999 -9999 -9999 -9999 -9999 -9999 -9999 -9999 -9999 639.5966 638.5754 637.6383 635.9306 633.7905 631.9294 630.1899 628.4905 626.7096 624.5073 622.35 620.3682 618.5182 616.8392 615.486 614.9565 615.5406 617.0602 619.1075 621.4113 623.575 625.6818 627.6756 629.933 632.6346 635.9856 640.1281 644.8427 649.7056 654.4221 658.7756 662.6445 -9999 -9999 -9999
-9999 -9999 -9999 -9999 -9999 -9999 -9999 -9999 -9999 -9999 -9999 -9999 -9999 -9999 -9999 -9999 -9999 -9999 -9999 -9999 -9999 -9999 -9999 -9999 -9999 -9999 -9999 -9999 -9999 -9999 -9999 -9999 -9999 -9999 -9999 640.431 640.0389 639.5122 637.9457 635.517 633.0552 631.0607 629.2721 627.5023 625.6743 623.7905 622.0014 620.2757 618.7029 617.5002 617.116 617.4911 618.7795 620.5234 622.4351 624.4628 626.5776 628.6212 631.0298 634.0447 637.9407 642.5996 647.4574 652.1183 656.4167 660.3121 -9999 -9999 -9999 -9999
-9999 -9999 -9999 -9999 -9999 -9999 -9999 -9999 -9999 -9999 -9999 -9999 -9999 -9999 -9999 -9999 -9999 -9999 -9999 -9999 -9999 -9999 -9999 -9999 -9999 -9999 -9999 -9999 -9999 -9999 -9999 -9999 -9999 -9999 -9999 -9999 641.2807 641.2894 640.204 637.6365 634.6342 632.1882 630.2058 628.4519 626.7852 625.057 623.4286 621.9354 620.5783 619.6242 619.3795 619.5469 620.5306 621.8924 623.3802 625.1257 627.1237 629.3429 631.9429 635.1794 639.5392 644.4149 649.267 653.761 657.789 -9999 -9999 -9999 -9999 -9999
-9999 -9999 -9999 -9999 -9999 -9999 -9999 -9999 -9999 -9999 -9999 -9999 -9999 -9999 -9999 -9999 -9999 -9999 -9999 -9999 -9999 -9999 -9999 -9999 -9999 -9999 -9999 -9999 -9999 -9999 -9999 -9999 -9999 -9999 -9999 -9999 641.9988 642.2369 642.1727 639.8298 636.4653 633.4429 631.2093 629.3569 627.6205 626.0658 624.5879 623.2975 622.2848 621.7752 621.6406 621.7077 622.1254 622.9268 624.0445 625.5347 627.444 629.9045 632.7327 636.2232 640.6718 645.4391 650.1175 654.4818 658.4472 -9999 -9999 -9999 -9999 -9999
-9999 -9999 -9999 -9999 -9999 -9999 -9999 -9999 -9999 -9999 -9999 -9999 -9999 -9999 -9999 -9999 -9999 -9999 -9999 -9999 -9999 -9999 -9999 -9999 -9999 -9999 -9999 -9999 -9999 -9999 -9999 -9999 -9999 -9999 -9999 -9999 642.5411 643.5557 643.4808 641.5355 638.1235 634.759 632.2317 630.28 628.5154 626.9184 625.4681 624.3031 623.4637 623.0026 622.8199 622.809 623.0219 623.5488 624.4266 625.7339 627.5969 630.2766 633.2446 636.9166 641.3157 645.7859 650.1449 654.3761 658.3624 -9999 -9999 -9999 -9999 -9999
-9999 -9999 -9999 -9999 -9999 -9999 -9999 -9999 -9999 -9999 -9999 -9999 -9999 -9999 -9999 -9999 -9999 -9999 -9999 -9999 -9999 -9999 -9999 -9999 -9999 -9999 -9999 -9999 -9999 -9999 -9999 -9999 -9999 -9999 -9999 -9999 -9999 643.0064 643.4885 641.9736 638.9067 635.7365 632.9966 630.9108 629.0239 627.3122 625.9973 624.9445 624.1628 623.6693 623.4103 623.3325 623.449 623.8466 624.5863 625.7458 627.4729 630.0488 633.2557 637.2039 641.4699 645.5834 649.5752 653.6115 -9999 -9999 -9999 -9999 -9999 -9999
-9999 -9999 -9999 -9999 -9999 -9999 -9999 -9999 -9999 -9999 -9999 -9999 -9999 -9999 -9999 -9999 -9999 -9999 -9999 -9999 -9999 -9999 -9999 -9999 -9999 -9999 -9999 -9999 -9999 -9999 -9999 -9999 -9999 -9999 -9999 -9999 -9999 640.9833 641.4972 640.5927 638.4117 635.9642 633.5507 631.4669 629.4767 627.6625 626.4356 625.3969 624.5803 624.012 623.6731 623.5381 623.6091 623.9622 624.6345 625.6722 627.2201 629.5677 632.9071 636.8896 640.9874 644.8641 648.629 652.5328 -9999 -9999 -9999 -9999 -9999 -9999
