backend/lakes/data/Touchwood Lake/touc_dem_tm.asc
ncols         139
nrows         281
xllcorner     727800
yllcorner     6070250
cellsize      50
NODATA_value  -9999
[rows 155 to 185 of 281, columns 0 to 69 of 139]
-9999 -9999 -9999 -9999 -9999 -9999 -9999 -9999 -9999 -9999 -9999 -9999 -9999 -9999 -9999 -9999 -9999 -9999 -9999 -9999 -9999 -9999 -9999 -9999 -9999 -9999 -9999 -9999 -9999 -9999 653.3147 651.1316 648.7029 644.4807 639.6719 635.7566 632.4547 629.453 626.4206 622.9871 619.7125 616.4264 612.9556 609.9858 607.4296 605.5044 604.0453 602.9833 602.2583 601.8133 601.5928 601.5438 601.6155 601.7625 601.9666 602.2327 602.5596 602.9263 603.33 603.7549 604.1818 604.6919 605.2882 605.9508 606.6782 607.4084 608.5905 609.7766 611.0708 612.7686
-9999 -9999 -9999 -9999 -9999 -9999 -9999 -9999 -9999 -9999 -9999 -9999 -9999 -9999 -9999 -9999 -9999 -9999 -9999 -9999 -9999 -9999 -9999 -9999 -9999 -9999 -9999 -9999 -9999 -9999 654.0706 652.5156 649.8681 645.5546 640.5935 636.4031 632.7603 629.4695 626.2874 622.7971 619.451 616.1544 612.6835 609.6826 607.2383 605.3381 603.8815 602.7906 602.0132 601.496 601.198 601.0743 601.087 601.1959 601.3762 601.6227 601.9478 602.348 602.8207 603.3547 603.8911 604.5313 605.2965 606.1428 607.0876 607.9586 609.1137 610.4124 611.8552 613.4343
-9999 -9999 -9999 -9999 -9999 -9999 -9999 -9999 -9999 -9999 -9999 -9999 -9999 -9999 -9999 -9999 -9999 -9999 -9999 -9999 -9999 -9999 -9999 -9999 -9999 -9999 -9999 -9999 -9999 -9999 654.325 653.0751 650.8338 646.6931 641.6215 637.0604 632.9709 629.2963 625.9375 622.3951 618.9177 615.5715 612.1479 609.1514 606.8887 605.0607 603.6432 602.5594 601.7574 601.1948 600.8349 600.6517 600.6174 600.7006 600.8688 601.1116 601.4308 601.8494 602.366 602.9647 603.6208 604.381 605.2502 606.2039 607.2244 608.2855 609.4298 610.6696 612.0304 613.9594
-9999 -9999 -9999 -9999 -9999 -9999 -9999 -9999 -9999 -9999 -9999 -9999 -9999 -9999 -9999 -9999 -9999 -9999 -9999 -9999 -9999 -9999 -9999 -9999 -9999 -9999 -9999 -9999 -9999 -9999 654.0552 652.9239 651.2458 647.6287 642.584 637.6267 633.0414 628.889 625.3127 621.7635 618.0898 614.5884 611.3038 608.3466 606.3317 604.7078 603.3705 602.3046 601.493 600.9 600.4959 600.2665 600.1965 600.2632 600.4321 600.6792 601.0052 601.4309 601.9795 602.6398 603.3865 604.2363 605.1754 606.174 607.2192 608.3292 609.4652 610.7166 612.2957 614.724
-9999 -9999 -9999 -9999 -9999 -9999 -9999 -9999 -9999 -9999 -9999 -9999 -9999 -9999 -9999 -9999 -9999 -9999 -9999 -9999 -9999 -9999 -9999 -9999 -9999 -9999 -9999 -9999 -9999 -9999 653.5565 652.3899 651.1031 648.324 643.4037 638.0201 633.0345 628.5235 624.7158 621.1223 617.3224 613.6318 610.4642 607.7702 605.9707 604.4721 603.1674 602.0923 601.2523 600.6284 600.1893 599.9213 599.8248 599.8807 600.0557 600.317 600.6536 601.0896 601.6587 602.3723 603.1987 604.1175 605.1115 606.1396 607.174 608.2462 609.4144 610.8134 612.7771 615.8878
-9999 -9999 -9999 -9999 -9999 -9999 -9999 -9999 -9999 -9999 -9999 -9999 -9999 -9999 -9999 -9999 -9999 -9999 -9999 -9999 -9999 -9999 -9999 -9999 -9999 -9999 -9999 -9999 -9999 -9999 652.621 653.9764 652.4019 649.1197 644.0068 638.1137 632.8618 628.1288 624.0927 620.4487 616.6869 613.0087 609.955 607.4966 605.8531 604.3717 603.04 601.9375 601.0657 600.4056 599.9327 599.6332 599.5121 599.5596 599.7411 600.0179 600.3717 600.8176 601.4005 602.1458 603.0367 604.0208 605.0613 606.1192 607.163 608.1013 609.3116 610.8925 613.2178 616.8975
-9999 -9999 -9999 -9999 -9999 -9999 -9999 -9999 -9999 -9999 -9999 -9999 -9999 -9999 -9999 -9999 -9999 -9999 -9999 -9999 -9999 -9999 -9999 -9999 -9999 -9999 -9999 -9999 -9999 -9999 651.014 652.2993 651.6793 648.9326 644.1175 638.1486 632.7229 627.7473 623.381 619.5886 616.016 612.5297 609.623 607.3138 605.6299 604.1885 602.9082 601.8211 600.9335 600.2437 599.7405 599.4154 599.2749 599.3135 599.498 599.787 600.1561 600.6169 601.2076 601.9714 602.8979 603.9319 605.0153 606.1039 607.1608 608.12 609.2361 610.8738 613.2815 617.0258
-9999 -9999 -9999 -9999 -9999 -9999 -9999 -9999 -9999 -9999 -9999 -9999 -9999 -9999 -9999 -9999 -9999 -9999 -9999 -9999 -9999 -9999 -9999 -9999 -9999 -9999 -9999 -9999 -9999 -9999 650.1011 650.8027 650.5082 648.5664 644.1599 638.3049 632.7329 627.4915 622.785 618.7209 615.1976 612.0046 609.3436 607.1994 605.5085 604.0844 602.8401 601.7642 600.8657 600.1496 599.6202 599.2756 599.1223 599.1548 599.3384 599.6332 600.0123 600.486 601.0873 601.861 602.8078 603.867 604.9733 606.0845 607.168 608.1714 609.3566 610.9582 613.293 616.988
-9999 -9999 -9999 -9999 -9999 -9999 -9999 -9999 -9999 -9999 -9999 -9999 -9999 -9999 -9999 -9999 -9999 -9999 -9999 -9999 -9999 -9999 -9999 -9999 -9999 -9999 -9999 -9999 -9999 -9999 649.7387 649.7242 649.428 648.2679 644.3154 638.6352 632.8685 627.3491 622.2948 617.8462 614.1351 611.3736 609.0753 607.138 605.493 604.0839 602.8528 601.7789 600.8638 600.125 599.5752 599.2203 599.062 599.0941 599.277 599.5694 599.9512 600.4326 601.0435 601.8248 602.7783 603.8513 604.9612 606.0737 607.1786 608.2644 609.5408 611.2027 613.3777 616.9588
-9999 -9999 -9999 -9999 -9999 -9999 -9999 -9999 -9999 -9999 -9999 -9999 -9999 -9999 -9999 -9999 -9999 -9999 -9999 -9999 -9999 -9999 -9999 -9999 -9999 -9999 -9999 -9999 -9999 -9999 649.4391 649.0085 648.5288 648.0029 644.31 638.7431 632.908 627.2484 622.0016 617.3526 613.5934 611.094 608.998 607.1556 605.5745 604.1809 602.9449 601.8566 600.9221 600.1639 599.6052 599.2523 599.1025 599.141 599.3273 599.6133 599.9865 600.4678 601.0861 601.8719 602.8226 603.8857 604.9941 606.0898 607.1874 608.3151 609.6835 611.4816 613.4706 616.9568
-9999 -9999 -9999 -9999 -9999 -9999 -9999 -9999 -9999 -9999 -9999 -9999 -9999 -9999 -9999 -9999 -9999 -9999 -9999 -9999 -9999 -9999 -9999 -9999 -9999 -9999 -9999 -9999 -9999 -9999 649.8312 649.5714 649.1592 647.9498 644.0703 638.521 632.7432 627.1317 621.8915 617.2336 613.5341 611.2218 609.132 607.2419 605.7247 604.3483 603.0984 601.9897 601.0333 600.262 599.7068 599.374 599.2482 599.306 599.5007 599.782 600.1364 600.6029 601.2223 602.011 602.9489 603.9873 605.0608 606.1312 607.1826 608.2319 609.4958 611.1569 613.3365 616.9029
-9999 -9999 -9999 -9999 -9999 -9999 -9999 -9999 -9999 -9999 -9999 -9999 -9999 -9999 -9999 -9999 -9999 -9999 -9999 -9999 -9999 -9999 -9999 -9999 -9999 -9999 -9999 -9999 -9999 -9999 650.24 650.0806 649.548 647.5024 643.3884 637.8992 632.3615 627.0099 621.9664 617.4411 613.804 611.3538 609.2433 607.3457 605.8808 604.5422 603.2925 602.1649 601.193 600.4182 599.8807 599.5851 599.5034 599.5948 599.8084 600.0851 600.4143 600.8495 601.4535 602.2401 603.1604 604.1573 605.179 606.1871 607.175 608.1177 609.2655 610.8596 613.1833 616.8107
-9999 -9999 -9999 -9999 -9999 -9999 -9999 -9999 -9999 -9999 -9999 -9999 -9999 -9999 -9999 -9999 -9999 -9999 -9999 -9999 -9999 -9999 -9999 -9999 -9999 -9999 -9999 -9999 -9999 -9999 650.2774 650.0118 649.1058 646.715 642.4076 636.991 631.8978 627.0028 622.3362 618.1027 614.6754 612.0181 609.7626 607.7567 606.2623 604.8583 603.551 602.3829 601.3956 600.6292 600.1225 599.8809 599.8616 600.0051 600.2469 600.5236 600.8155 601.2031 601.7726 602.5436 603.4431 604.3942 605.3469 606.2737 607.1685 608.0323 609.1241 610.7067 613.1016 616.7465
-9999 -9999 -9999 -9999 -9999 -9999 -9999 -9999 -9999 -9999 -9999 -9999 -9999 -9999 -9999 -9999 -9999 -9999 -9999 -9999 -9999 -9999 -9999 -9999 -9999 -9999 -9999 -9999 -9999 -9999 650.0267 649.7072 648.5061 645.832 641.4178 636.2421 631.6375 627.2828 623.1221 619.2419 615.9363 613.103 610.7419 608.6533 606.8984 605.2639 603.8394 602.6217 601.6265 600.885 600.4235 600.2455 600.3008 600.5131 600.7958 601.0685 601.3047 601.6244 602.1486 602.8928 603.7611 604.6784 605.5729 606.4082 607.178 608.0166 609.1166 610.718 613.1331 616.7582
-9999 -9999 -9999 -9999 -9999 -9999 -9999 -9999 -9999 -9999 -9999 -9999 -9999 -9999 -9999 -9999 -9999 -9999 -9999 -9999 -9999 -9999 -9999 -9999 -9999 -9999 -9999 -9999 -9999 -9999 650.0034 649.451 647.9722 645.0342 640.5769 635.7598 631.6456 627.8682 624.3369 620.8311 617.4723 614.522 611.8506 609.4676 607.3088 605.5385 604.0656 602.8422 601.8672 601.1662 600.7627 600.6479 600.7775 601.0608 601.3964 601.6635 601.7929 602.0256 602.4976 603.231 604.0579 604.9717 605.8575 606.6548 607.2795 608.168 609.3304 610.9679 613.3659 616.9078
-9999 -9999 -9999 -9999 -9999 -9999 -9999 -9999 -9999 -9999 -9999 -9999 -9999 -9999 -9999 -9999 -9999 -9999 -9999 -9999 -9999 -9999 -9999 -9999 -9999 -9999 -9999 -9999 -9999 -9999 649.6012 648.9787 647.3732 644.1259 639.7026 635.4031 631.6886 628.4094 625.3477 621.9395 618.588 615.5565 612.4762 609.7814 607.4479 605.6655 604.2231 603.0408 602.1132 601.4624 601.1089 601.0469 601.2224 601.5547 601.9276 602.1834 602.1449 602.2865 602.7001 603.3854 604.2449 605.213 606.1533 607.0697 607.7189 608.6165 609.8514 611.5524 613.9673 617.2896
-9999 -9999 -9999 -9999 -9999 -9999 -9999 -9999 -9999 -9999 -9999 -9999 -9999 -9999 -9999 -9999 -9999 -9999 -9999 -9999 -9999 -9999 -9999 -9999 -9999 -9999 -9999 -9999 -9999 647.7197 648.6144 648.1625 646.4989 643.0102 638.618 634.6703 631.2717 628.2742 625.4019 622.0798 618.7258 615.6331 612.4918 609.7477 607.4341 605.7222 604.3584 603.2464 602.3759 601.7708 601.4471 601.3958 601.5706 601.8785 602.1951 602.2606 602.2002 602.3652 602.7767 603.4472 604.32 605.3048 606.2739 607.1916 608.1105 609.2236 610.6425 612.462 615.0852 617.9725
-9999 -9999 -9999 -9999 -9999 -9999 -9999 -9999 -9999 -9999 -9999 -9999 -9999 -9999 -9999 -9999 -9999 -9999 -9999 -9999 -9999 -9999 -9999 -9999 -9999 -9999 -9999 -9999 -9999 645.8998 647.4075 647.2597 645.1923 641.4974 637.1712 633.467 630.262 627.3445 624.3986 621.2191 617.8852 614.7917 611.9714 609.4599 607.3484 605.7747 604.5188 603.4884 602.6754 602.0966 601.7718 601.6901 601.8005 602.0115 602.1905 602.2001 602.2001 602.3909 602.8167 603.4932 604.392 605.427 606.4662 607.4037 608.6169 610.0021 611.6485 613.472 616.0522 618.8401
-9999 -9999 -9999 -9999 -9999 -9999 -9999 -9999 -9999 -9999 -9999 -9999 -9999 -9999 -9999 -9999 -9999 -9999 -9999 -9999 -9999 -9999 -9999 -9999 -9999 -9999 -9999 -9999 -9999 644.0333 645.5857 645.497 643.332 639.619 635.4481 631.9292 628.8419 625.9611 622.8893 619.7389 616.5975 613.6016 611.1829 609.0602 607.256 605.8622 604.7281 603.7826 603.0186 602.447 602.0892 601.9464 601.9727 602.0878 602.1902 602.2 602.2 602.4248 602.8868 603.5852 604.5254 605.6693 606.9341 608.0791 609.4594 611.0278 612.8447 615.0443 617.6123 620.3695
-9999 -9999 -9999 -9999 -9999 -9999 -9999 -9999 -9999 -9999 -9999 -9999 -9999 -9999 -9999 -9999 -9999 -9999 -9999 -9999 -9999 -9999 -9999 -9999 -9999 -9999 -9999 -9999 641.8806 642.6144 643.8078 643.5186 641.2613 637.6135 633.778 630.2957 627.2144 624.2745 621.2644 618.1489 615.2479 612.6397 610.541 608.7386 607.2113 605.996 604.984 604.1176 603.3965 602.811 602.3992 602.1781 602.115 602.1477 602.2 602.1704 602.2023 602.5153 603.0393 603.7655 604.7247 605.9209 607.3073 608.8972 610.613 612.4565 614.6094 617.0593 619.6899 622.3425
-9999 -9999 -9999 -9999 -9999 -9999 -9999 -9999 -9999 -9999 -9999 -9999 -9999 -9999 -9999 -9999 -9999 -9999 -9999 -9999 -9999 -9999 -9999 -9999 -9999 -9999 -9999 -9999 642.1609 642.3701 642.6619 641.7969 639.295 635.7083 632.1519 628.7305 625.6958 622.7043 619.6843 616.7852 614.105 611.9423 610.1067 608.5386 607.2112 606.1613 605.2562 604.4539 603.771 603.1589 602.6866 602.3876 602.2352 602.188 602.2 602.1997 602.3768 602.7689 603.3395 604.091 605.075 606.3567 607.934 610.0072 612.0754 614.1981 616.5836 619.2026 621.8737 624.4142
-9999 -9999 -9999 -9999 -9999 -9999 -9999 -9999 -9999 -9999 -9999 -9999 -9999 -9999 -9999 -9999 -9999 -9999 -9999 -9999 -9999 -9999 -9999 -9999 -9999 -9999 -9999 644.2024 643.1223 642.5973 642.0077 640.485 637.5512 634.0942 630.8704 627.6523 624.6051 621.5918 618.4244 615.6282 613.0981 611.3362 609.801 608.428 607.23 606.3176 605.4915 604.7174 604.0344 603.4285 602.9353 602.5822 602.3502 602.2233 602.2 602.212 602.649 603.1652 603.7924 604.5641 605.5901 607.0416 609.003 611.3591 613.6252 615.9035 618.353 621.1019 623.7008 626.1307
-9999 -9999 -9999 -9999 -9999 -9999 -9999 -9999 -9999 -9999 -9999 -9999 -9999 -9999 -9999 -9999 -9999 -9999 -9999 -9999 -9999 -9999 -9999 -9999 -9999 -9999 -9999 644.7818 643.5336 642.4449 641.1473 638.8845 635.7476 632.7266 629.8801 626.8795 623.8159 620.8441 617.6946 614.9316 612.5897 611.04 609.6406 608.3766 607.2334 606.3655 605.6051 604.8985 604.2507 603.6685 603.1766 602.7953 602.5009 602.2926 602.2062 602.5108 603.1218 603.6835 604.3593 605.1183 606.1317 607.6479 609.9884 612.5231 615.0487 617.4697 619.9905 622.5077 624.9072 627.0547
-9999 -9999 -9999 -9999 -9999 -9999 -9999 -9999 -9999 -9999 -9999 -9999 -9999 -9999 -9999 -9999 -9999 -9999 -9999 -9999 -9999 -9999 -9999 -9999 -9999 -9999 645.5135 643.9269 642.3568 641.2996 639.5198 636.9219 633.9624 631.3336 628.7578 626.0674 623.0549 620.1774 617.2659 614.5961 612.344 610.7351 609.3949 608.2245 607.2076 606.4014 605.6964 605.0493 604.4475 603.8993 603.429 603.0555 602.7515 602.5637 602.5553 602.8821 603.4661 604.1276 604.9227 605.6933 606.7078 608.3343 610.9851 613.6263 616.3058 618.7781 621.3075 623.5999 625.7188 627.5105
-9999 -9999 -9999 -9999 -9999 -9999 -9999 -9999 -9999 -9999 -9999 -9999 -9999 -9999 -9999 -9999 -9999 -9999 -9999 -9999 -9999 -9999 -9999 -9999 -9999 -9999 644.0717 642.5526 641.2293 639.6719 637.5734 634.9695 632.4847 630.1536 627.7592 625.2645 622.5079 619.7816 617.0714 614.4832 612.2604 610.5796 609.2346 608.1141 607.1909 606.4522 605.8044 605.2006 604.6375 604.1219 603.6735 603.3058 603.0377 602.9049 602.9513 603.2551 603.7769 604.4214 605.217 606.1483 607.2278 609.0939 611.6812 614.3168 616.9658 619.4823 621.9752 624.2609 626.2917 627.8647
-9999 -9999 -9999 -9999 -9999 -9999 -9999 -9999 -9999 -9999 -9999 -9999 -9999 -9999 -9999 -9999 -9999 -9999 -9999 -9999 -9999 -9999 -9999 -9999 -9999 643.955 642.396 641.0023 639.5532 637.7288 635.6075 633.2897 631.2993 629.3298 627.1985 624.7947 622.1994 619.5647 616.9907 614.4626 612.2534 610.5488 609.1946 608.0846 607.1938 606.5458 605.9515 605.371 604.8304 604.3415 603.9231 603.5814 603.3336 603.2416 603.3134 603.5952 604.0673 604.6475 605.3677 606.2891 607.5135 609.6036 612.1178 614.7015 617.2528 619.7767 622.2505 624.6519 626.811 628.4027
-9999 -9999 -9999 -9999 -9999 -9999 -9999 -9999 -9999 -9999 -9999 -9999 -9999 -9999 -9999 -9999 -9999 -9999 -9999 -9999 -9999 -9999 -9999 -9999 -9999 642.3665 640.9325 639.4943 637.7678 635.7833 633.892 632.1442 630.5187 628.8354 626.9015 624.4775 621.9415 619.3425 616.9008 614.4526 612.2843 610.6317 609.3016 608.1902 607.2803 606.7499 606.1687 605.5739 605.0276 604.5592 604.1755 603.8762 603.6536 603.5471 603.6168 603.8727 604.3254 604.8929 605.6014 606.5815 607.9703 610.2279 612.6205 615.1064 617.5167 620.0117 622.4127 624.8334 627.0148 628.6383
-9999 -9999 -9999 -9999 -9999 -9999 -9999 -9999 -9999 -9999 -9999 -9999 -9999 -9999 -9999 -9999 -9999 -9999 -9999 -9999 -9999 -9999 -9999 -9999 -9999 641.542 640.054 638.3187 636.3593 634.2561 632.75 631.3967 630.0161 628.5039 626.6356 624.0576 621.5153 618.95 616.7208 614.4367 612.3711 610.8598 609.5964 608.5232 607.6772 607.1241 606.4387 605.8047 605.2394 604.7823 604.4314 604.1694 603.9917 603.8844 603.9021 604.097 604.5175 605.1376 605.9382 607.1019 608.8169 611.1645 613.4303 615.7788 618.0602 620.5178 622.7683 625.051 627.1147 628.7289
-9999 -9999 -9999 -9999 -9999 -9999 -9999 -9999 -9999 -9999 -9999 -9999 -9999 -9999 -9999 -9999 -9999 -9999 -9999 -9999 -9999 -9999 -9999 -9999 -9999 642.0065 640.3299 638.2902 635.973 633.6396 632.1692 630.9438 629.6985 628.2476 626.3217 623.4722 620.9042 618.4354 616.5048 614.4842 612.6041 611.2775 610.032 608.9125 607.9629 607.203 606.5852 606.0048 605.4683 605.0211 604.6926 604.4623 604.3124 604.2402 604.2434 604.387 604.7208 605.3419 606.2257 607.4675 609.4276 611.7907 614.1335 616.5921 618.9673 621.4179 623.5562 625.5626 627.3849 628.9229
-9999 -9999 -9999 -9999 -9999 -9999 -9999 -9999 -9999 -9999 -9999 -9999 -9999 -9999 -9999 -9999 -9999 -9999 -9999 -9999 -9999 -9999 -9999 -9999 -9999 643.4341 641.7141 639.3509 636.5652 633.8643 632.2571 630.9152 629.6162 628.1384 626.1688 623.2424 620.7575 618.5609 616.7374 614.8134 613.1361 611.8742 610.5269 609.3214 608.2453 607.3047 606.7752 606.2389 605.7203 605.2824 604.9631 604.7518 604.6187 604.5638 604.5972 604.7372 605.0642 605.6526 606.6063 607.9311 609.9276 612.1548 614.544 617.0951 619.6648 622.1675 624.464 626.5039 628.0685 629.4318
-9999 -9999 -9999 -9999 -9999 -9999 -9999 -9999 -9999 -9999 -9999 -9999 -9999 -9999 -9999 -9999 -9999 -9999 -9999 -9999 -9999 -9999 -9999 -9999 -9999 645.196 643.4205 640.752 637.5752 634.6126 632.8267 631.2065 629.7406 628.2042 626.239 623.3799 620.9768 618.8486 616.9645 615.092 613.4587 612.1232 610.8465 609.6923 608.6115 607.7151 607.136 606.5416 606.0017 605.5512 605.2291 605.0293 604.9091 604.8588 604.9084 605.0821 605.4334 606.0731 607.1357 608.7119 610.4533 612.3782 614.7495 617.4108 620.2369 622.845 625.3009 627.2557 628.7877 630.139
