backend/lakes/data/Touchwood Lake/touc_dem_tm.asc
ncols         139
nrows         281
xllcorner     727800
yllcorner     6070250
cellsize      50
NODATA_value  -9999
[rows 124 to 154 of 281, columns 0 to 69 of 139]
-9999 -9999 -9999 -9999 -9999 -9999 -9999 -9999 -9999 -9999 -9999 -9999 -9999 -9999 -9999 -9999 -9999 -9999 -9999 -9999 -9999 -9999 -9999 -9999 -9999 -9999 -9999 -9999 -9999 -9999 646.6758 645.5182 644.3625 642.904 639.8412 635.5165 631.4386 627.7307 624.6411 621.9225 619.3575 617.1422 615.2057 613.6823 612.764 612.4257 612.2067 612.185 611.9454 611.7216 611.5905 611.529 611.5665 611.7723 612.1686 612.6947 613.4426 614.0681 614.5826 615.2186 615.9462 616.5354 617.1007 618.1034 620.111 623.5638 628.0908 633.1716 637.8153 641.0341
-9999 -9999 -9999 -9999 -9999 -9999 -9999 -9999 -9999 -9999 -9999 -9999 -9999 -9999 -9999 -9999 -9999 -9999 -9999 -9999 -9999 -9999 -9999 -9999 -9999 -9999 -9999 -9999 -9999 -9999 648.3334 647.1473 645.9565 644.6156 641.4493 636.8927 632.3301 628.1761 624.7835 621.7905 619.0103 616.7835 614.8094 613.1809 612.2831 612.1633 611.9139 611.7482 611.5099 611.3012 611.1836 611.1663 611.262 611.5028 611.8555 612.2974 613.1284 613.8657 614.5067 615.2431 616.0825 616.6837 617.0051 617.3162 618.2011 620.1377 623.3418 627.2195 631.0256 633.9128
-9999 -9999 -9999 -9999 -9999 -9999 -9999 -9999 -9999 -9999 -9999 -9999 -9999 -9999 -9999 -9999 -9999 -9999 -9999 -9999 -9999 -9999 -9999 -9999 -9999 -9999 -9999 -9999 -9999 -9999 649.8642 648.7161 647.8575 646.3462 642.9952 638.167 633.1968 628.6272 624.9137 621.553 618.4039 616.0964 614.2443 612.5908 611.8914 611.6498 611.4204 611.2142 610.9908 610.8158 610.7445 610.7937 610.9708 611.2722 611.6834 612.2183 612.9441 613.6425 614.2921 615.012 615.8939 616.6212 616.8935 616.8591 617.0094 617.8259 619.5488 622.1349 624.8572 627.1025
-9999 -9999 -9999 -9999 -9999 -9999 -9999 -9999 -9999 -9999 -9999 -9999 -9999 -9999 -9999 -9999 -9999 -9999 -9999 -9999 -9999 -9999 -9999 -9999 -9999 -9999 -9999 -9999 -9999 -9999 -9999 650.3419 649.5366 647.7097 644.213 639.1799 633.9069 628.985 624.9532 621.3486 617.9366 615.3794 613.4519 612.153 611.5363 611.1567 610.8759 610.6493 610.4489 610.3138 610.2995 610.4232 610.6848 611.0555 611.5417 612.1581 612.7357 613.3533 613.9377 614.5715 615.3372 616.1107 616.4634 616.4162 616.2583 616.4139 617.1553 618.5153 620.3203 621.9786
-9999 -9999 -9999 -9999 -9999 -9999 -9999 -9999 -9999 -9999 -9999 -9999 -9999 -9999 -9999 -9999 -9999 -9999 -9999 -9999 -9999 -9999 -9999 -9999 -9999 -9999 -9999 -9999 -9999 -9999 -9999 651.8557 650.8849 648.9102 645.2151 640.0237 634.4901 629.2939 625.0372 621.2611 617.6486 614.8098 612.6874 611.5245 610.9246 610.5759 610.2941 610.0767 609.9117 609.8192 609.8602 610.0577 610.3848 610.7933 611.276 611.8145 612.3017 612.9523 613.5409 614.1301 614.7012 615.3328 615.7843 615.8622 615.715 615.6227 615.8362 616.4545 617.4084 618.4586
-9999 -9999 -9999 -9999 -9999 -9999 -9999 -9999 -9999 -9999 -9999 -9999 -9999 -9999 -9999 -9999 -9999 -9999 -9999 -9999 -9999 -9999 -9999 -9999 -9999 -9999 -9999 -9999 -9999 -9999 -9999 653.1559 651.9944 649.8168 645.9689 640.6532 634.9506 629.58 625.1695 621.273 617.5443 614.53 612.3359 611.048 610.3426 609.9551 609.7018 609.5187 609.3918 609.3452 609.4241 609.668 610.0481 610.4993 611.0029 611.5549 612.1596 612.6785 613.2404 613.7484 614.3 614.7687 615.1296 615.3083 615.2921 615.2133 615.2299 615.4596 615.9181 616.5259
-9999 -9999 -9999 -9999 -9999 -9999 -9999 -9999 -9999 -9999 -9999 -9999 -9999 -9999 -9999 -9999 -9999 -9999 -9999 -9999 -9999 -9999 -9999 -9999 -9999 -9999 -9999 -9999 -9999 -9999 -9999 654.2871 652.9685 650.6629 646.6526 641.2064 635.3474 629.8867 625.3775 621.3345 617.5059 614.3727 612.1434 610.6812 609.8395 609.3948 609.1573 608.9949 608.9058 608.8959 609.008 609.2703 609.676 610.1624 610.6891 611.2438 611.7928 612.3006 612.9301 613.448 613.903 614.3387 614.6829 614.9067 615.0112 615.0256 615.0266 615.0917 615.2662 615.5378
-9999 -9999 -9999 -9999 -9999 -9999 -9999 -9999 -9999 -9999 -9999 -9999 -9999 -9999 -9999 -9999 -9999 -9999 -9999 -9999 -9999 -9999 -9999 -9999 -9999 -9999 -9999 -9999 -9999 -9999 -9999 655.3871 653.7741 651.2444 647.1838 641.7146 635.695 630.2657 625.6825 621.4417 617.407 614.1077 611.8456 610.28 609.3537 608.8721 608.6412 608.4985 608.443 608.475 608.614 608.8943 609.3053 609.8111 610.358 610.9394 611.5421 612.1505 612.6595 613.1007 613.4918 613.8738 614.2382 614.5527 614.7858 614.9219 614.9812 615.0109 615.0591 615.1451
-9999 -9999 -9999 -9999 -9999 -9999 -9999 -9999 -9999 -9999 -9999 -9999 -9999 -9999 -9999 -9999 -9999 -9999 -9999 -9999 -9999 -9999 -9999 -9999 -9999 -9999 -9999 -9999 -9999 -9999 -9999 656.201 654.2148 651.5222 647.4552 642.0161 636.0479 630.7714 626.0897 621.5733 617.2501 613.6256 611.2944 609.757 608.8361 608.3623 608.1608 608.0265 607.9971 608.0715 608.2468 608.5387 608.9542 609.4602 610.0161 610.5958 611.1935 611.7521 612.2079 612.619 612.985 613.3306 613.6881 614.0586 614.4058 614.6833 614.8622 614.9548 615.0032 615.0527
-9999 -9999 -9999 -9999 -9999 -9999 -9999 -9999 -9999 -9999 -9999 -9999 -9999 -9999 -9999 -9999 -9999 -9999 -9999 -9999 -9999 -9999 -9999 -9999 -9999 -9999 -9999 -9999 -9999 -9999 -9999 656.5616 654.3748 651.5994 647.5526 642.1829 636.313 631.1376 626.3852 621.6902 617.1649 613.3366 610.8675 609.2888 608.3448 607.8519 607.6389 607.5531 607.571 607.6877 607.8996 608.2098 608.6219 609.1199 609.6686 610.2362 610.8091 611.3556 611.8101 612.1985 612.4999 612.7733 613.0626 613.4218 613.8175 614.2055 614.5226 614.7433 614.8921 615.0305
-9999 -9999 -9999 -9999 -9999 -9999 -9999 -9999 -9999 -9999 -9999 -9999 -9999 -9999 -9999 -9999 -9999 -9999 -9999 -9999 -9999 -9999 -9999 -9999 -9999 -9999 -9999 -9999 -9999 -9999 -9999 656.3815 654.2921 651.5534 647.5391 642.2405 636.4784 631.3486 626.5546 621.7749 617.1503 613.2088 610.6104 608.9506 607.9507 607.4183 607.1928 607.1389 607.2 607.3527 607.5918 607.9142 608.3188 608.8015 609.3312 609.8845 610.4421 610.9786 611.4678 611.8785 612.1967 612.3906 612.5303 612.7944 613.1326 613.5483 613.9684 614.3303 614.6375 614.9523
-9999 -9999 -9999 -9999 -9999 -9999 -9999 -9999 -9999 -9999 -9999 -9999 -9999 -9999 -9999 -9999 -9999 -9999 -9999 -9999 -9999 -9999 -9999 -9999 -9999 -9999 -9999 -9999 -9999 -9999 -9999 656.2733 654.2269 651.4767 647.4283 642.1613 636.5193 631.3913 626.5886 621.8015 617.1572 613.1685 610.4843 608.7471 607.682 607.0989 606.8522 606.8151 606.9056 607.0864 607.3444 607.6719 608.0643 608.5198 609.0303 609.5582 610.1005 610.6381 611.1447 611.5951 611.9492 612.1905 612.2032 612.3812 612.5647 612.9064 613.3408 613.7975 614.2603 614.7943
-9999 -9999 -9999 -9999 -9999 -9999 -9999 -9999 -9999 -9999 -9999 -9999 -9999 -9999 -9999 -9999 -9999 -9999 -9999 -9999 -9999 -9999 -9999 -9999 -9999 -9999 -9999 -9999 -9999 -9999 -9999 656.1893 654.1873 651.3705 647.1796 641.8375 636.2403 631.1537 626.4282 621.7274 617.1393 613.1565 610.4321 608.6449 607.5317 606.9037 606.6295 606.5927 606.6996 606.8975 607.1664 607.4951 607.8726 608.3031 608.7789 609.2887 609.7979 610.3206 610.8314 611.2971 611.652 611.8712 611.9662 612.1885 612.2062 612.4551 612.8202 613.2791 613.8478 614.5979
-9999 -9999 -9999 -9999 -9999 -9999 -9999 -9999 -9999 -9999 -9999 -9999 -9999 -9999 -9999 -9999 -9999 -9999 -9999 -9999 -9999 -9999 -9999 -9999 -9999 -9999 -9999 -9999 -9999 -9999 -9999 655.9241 654.0815 651.2221 646.8756 641.3967 635.7401 630.6326 626.0245 621.5096 617.0609 613.1395 610.4155 608.5991 607.4646 606.8185 606.5253 606.4788 606.5856 606.7889 607.0598 607.3847 607.749 608.1543 608.6042 609.0784 609.5629 610.0435 610.5285 610.9946 611.3523 611.5718 611.7054 611.8761 611.9775 612.1944 612.4686 612.8628 613.4686 614.4013
-9999 -9999 -9999 -9999 -9999 -9999 -9999 -9999 -9999 -9999 -9999 -9999 -9999 -9999 -9999 -9999 -9999 -9999 -9999 -9999 -9999 -9999 -9999 -9999 -9999 -9999 -9999 -9999 -9999 -9999 -9999 655.3698 653.7902 650.9316 646.4583 640.8328 635.0741 629.8607 625.3568 621.1201 616.8977 613.0972 610.411 608.5749 607.4417 606.8186 606.5336 606.478 606.5715 606.761 607.0236 607.3386 607.6901 608.0728 608.4958 608.9435 609.391 609.8324 610.2682 610.7015 611.0597 611.2814 611.4162 611.5582 611.708 611.9211 612.1902 612.519 613.1256 614.2446
-9999 -9999 -9999 -9999 -9999 -9999 -9999 -9999 -9999 -9999 -9999 -9999 -9999 -9999 -9999 -9999 -9999 -9999 -9999 -9999 -9999 -9999 -9999 -9999 -9999 -9999 -9999 -9999 -9999 -9999 -9999 654.6328 653.1981 650.3307 645.8869 640.2443 634.4825 629.1572 624.6281 620.5894 616.6362 613.0132 610.3958 608.5227 607.4218 606.8719 606.6381 606.587 606.6587 606.8193 607.0547 607.3527 607.6877 608.0492 608.443 608.8617 609.2787 609.6801 610.0706 610.4441 610.7808 610.9962 611.1112 611.2222 611.3848 611.6013 611.8542 612.188 612.7745 614.1259
-9999 -9999 -9999 -9999 -9999 -9999 -9999 -9999 -9999 -9999 -9999 -9999 -9999 -9999 -9999 -9999 -9999 -9999 -9999 -9999 -9999 -9999 -9999 -9999 -9999 -9999 -9999 -9999 -9999 -9999 -9999 653.8701 652.1238 649.1094 644.8724 639.4084 633.7537 628.4321 623.8076 619.8578 616.2335 612.8464 610.333 608.3511 607.3654 606.9574 606.8132 606.7819 606.8303 606.9531 607.149 607.4161 607.7292 608.0673 608.4279 608.8113 609.1973 609.5653 609.9115 610.2422 610.5261 610.7243 610.8192 610.8784 611.0304 611.2562 611.5101 611.8282 612.3596 613.9748
-9999 -9999 -9999 -9999 -9999 -9999 -9999 -9999 -9999 -9999 -9999 -9999 -9999 -9999 -9999 -9999 -9999 -9999 -9999 -9999 -9999 -9999 -9999 -9999 -9999 -9999 -9999 -9999 -9999 -9999 654.0236 652.8817 650.8414 647.3168 643.4092 638.2169 632.8458 627.7178 623.1011 619.1381 615.6926 612.4986 610.1035 607.9376 607.2556 607.0764 607.0266 607.0148 607.0428 607.131 607.286 607.5139 607.7932 608.1017 608.4275 608.7686 609.1202 609.4556 609.7595 610.0446 610.2909 610.4619 610.5441 610.5432 610.6783 610.9115 611.1708 611.4315 612.0828 613.7518
-9999 -9999 -9999 -9999 -9999 -9999 -9999 -9999 -9999 -9999 -9999 -9999 -9999 -9999 -9999 -9999 -9999 -9999 -9999 -9999 -9999 -9999 -9999 -9999 -9999 -9999 -9999 -9999 -9999 -9999 653.2003 651.9622 649.8555 646.5021 642.1006 636.8763 631.8455 627.0413 622.5143 618.4486 614.9626 611.7435 608.9728 607.5289 607.192 607.1997 607.2133 607.1953 607.2281 607.299 607.4296 607.6185 607.8545 608.1221 608.4113 608.7122 609.0232 609.3271 609.5768 609.8082 610.0153 610.1484 610.1921 610.1893 610.3443 610.5796 610.8391 611.21 612.0482 613.8396
-9999 -9999 -9999 -9999 -9999 -9999 -9999 -9999 -9999 -9999 -9999 -9999 -9999 -9999 -9999 -9999 -9999 -9999 -9999 -9999 -9999 -9999 -9999 -9999 -9999 -9999 -9999 -9999 -9999 -9999 652.5222 651.0873 648.8375 645.2387 640.5323 635.5703 630.8598 626.4529 622.1614 618.1588 614.677 611.4314 608.5446 607.2224 606.8756 606.9739 607.1915 607.2004 607.2936 607.4017 607.5288 607.6961 607.8859 608.1011 608.3499 608.6179 608.8873 609.1582 609.3277 609.4956 609.6732 609.7924 609.8419 609.8937 610.0438 610.2628 610.6116 611.2047 612.3256 614.2932
-9999 -9999 -9999 -9999 -9999 -9999 -9999 -9999 -9999 -9999 -9999 -9999 -9999 -9999 -9999 -9999 -9999 -9999 -9999 -9999 -9999 -9999 -9999 -9999 -9999 -9999 -9999 -9999 -9999 653.6821 652.1407 650.2606 647.5971 643.6703 638.8055 634.1374 629.8223 625.9167 622.0305 618.2922 614.9409 611.6908 608.8548 607.2076 606.6 606.5817 606.7908 606.9739 607.1971 607.3779 607.5479 607.707 607.8577 608.0218 608.2277 608.4699 608.713 608.909 609.015 609.1202 609.2642 609.3871 609.4597 609.5566 609.6951 609.9332 610.3888 611.2152 612.6825 615.0323
-9999 -9999 -9999 -9999 -9999 -9999 -9999 -9999 -9999 -9999 -9999 -9999 -9999 -9999 -9999 -9999 -9999 -9999 -9999 -9999 -9999 -9999 -9999 -9999 -9999 -9999 -9999 -9999 -9999 653.0313 651.5408 649.4136 646.3679 642.1125 637.1473 632.8159 628.8735 625.4751 622.1017 618.7718 615.5594 612.1556 609.2203 607.2528 606.3768 606.1851 606.3264 606.5714 606.8862 607.1965 607.4408 607.6295 607.7446 607.8676 608.0353 608.2496 608.4761 608.6302 608.684 608.7328 608.8434 608.9813 609.1032 609.225 609.3586 609.5774 610.0493 610.9281 612.3645 614.5116
-9999 -9999 -9999 -9999 -9999 -9999 -9999 -9999 -9999 -9999 -9999 -9999 -9999 -9999 -9999 -9999 -9999 -9999 -9999 -9999 -9999 -9999 -9999 -9999 -9999 -9999 -9999 -9999 -9999 652.2172 650.5878 648.3439 645.1127 640.7795 636.0497 632.0815 628.5425 625.521 622.4286 619.3265 616.0977 612.5811 609.5483 607.319 606.2338 605.8616 605.8795 606.0848 606.4291 606.827 607.1971 607.4518 607.5305 607.645 607.7834 607.9562 608.1686 608.3134 608.3483 608.3664 608.4512 608.5876 608.7347 608.8834 609.0222 609.233 609.6698 610.4908 611.8375 613.8702
-9999 -9999 -9999 -9999 -9999 -9999 -9999 -9999 -9999 -9999 -9999 -9999 -9999 -9999 -9999 -9999 -9999 -9999 -9999 -9999 -9999 -9999 -9999 -9999 -9999 -9999 -9999 -9999 -9999 651.8008 650.1238 647.7213 644.2487 639.8406 635.6441 632.0298 628.8998 626.1146 623.0902 620.038 616.6705 613.0596 609.9673 607.4775 606.2329 605.6493 605.4351 605.539 605.8648 606.3087 606.7756 607.1644 607.217 607.422 607.5142 607.6082 607.8116 607.9542 607.9961 608.0303 608.1042 608.2245 608.3629 608.5027 608.6609 608.8875 609.3179 610.1046 611.3945 613.3834
-9999 -9999 -9999 -9999 -9999 -9999 -9999 -9999 -9999 -9999 -9999 -9999 -9999 -9999 -9999 -9999 -9999 -9999 -9999 -9999 -9999 -9999 -9999 -9999 -9999 -9999 -9999 -9999 -9999 651.4592 649.8944 647.4926 643.9449 639.5923 635.6709 632.3209 629.4566 626.8332 624.0179 620.9673 617.4249 613.7509 610.5977 607.7884 606.4417 605.591 605.0251 604.9697 605.2284 605.6537 606.1348 606.5677 606.8516 607.1658 607.1983 607.2179 607.468 607.579 607.6165 607.7155 607.7974 607.8853 607.9896 608.0909 608.2325 608.5018 608.9944 609.8214 611.1268 613.1058
-9999 -9999 -9999 -9999 -9999 -9999 -9999 -9999 -9999 -9999 -9999 -9999 -9999 -9999 -9999 -9999 -9999 -9999 -9999 -9999 -9999 -9999 -9999 -9999 -9999 -9999 -9999 -9999 -9999 651.3561 649.704 647.4986 644.0108 639.7105 635.9307 632.7489 630.0478 627.5419 624.9181 621.8218 618.2894 614.5953 611.045 608.076 606.761 605.6147 604.6068 604.4182 604.5809 604.9367 605.3796 605.8182 606.1884 606.5162 606.6992 606.8784 607.1675 607.2002 607.217 607.4273 607.5148 607.5492 607.607 607.6526 607.7394 608.0627 608.6691 609.6144 611.0219 613.0364
-9999 -9999 -9999 -9999 -9999 -9999 -9999 -9999 -9999 -9999 -9999 -9999 -9999 -9999 -9999 -9999 -9999 -9999 -9999 -9999 -9999 -9999 -9999 -9999 -9999 -9999 -9999 -9999 -9999 650.6599 649.2864 647.7513 644.4037 640.0959 636.3212 633.215 630.6357 628.2701 625.7644 622.5275 619.0618 615.4402 611.5897 608.2798 606.5389 605.2891 604.351 603.9999 603.9981 604.2315 604.594 604.9948 605.3729 605.7132 605.9952 606.264 606.5411 606.7031 606.8806 607.1658 607.1964 607.1933 607.1915 607.1874 607.2211 607.6 608.326 609.3948 610.9445 613.1683
-9999 -9999 -9999 -9999 -9999 -9999 -9999 -9999 -9999 -9999 -9999 -9999 -9999 -9999 -9999 -9999 -9999 -9999 -9999 -9999 -9999 -9999 -9999 -9999 -9999 -9999 -9999 -9999 -9999 651.1596 650.3235 648.695 645.2438 640.7752 636.7837 633.6436 631.0956 628.7543 626.2086 622.9133 619.5292 615.9927 612.1167 608.6744 606.5795 605.1372 604.1443 603.6252 603.4834 603.5797 603.8359 604.1685 604.5128 604.8434 605.1609 605.4729 605.7655 606.0101 606.2557 606.5014 606.5856 606.6071 606.6185 606.6654 606.838 607.2429 608.0277 609.0658 610.469 612.4529
-9999 -9999 -9999 -9999 -9999 -9999 -9999 -9999 -9999 -9999 -9999 -9999 -9999 -9999 -9999 -9999 -9999 -9999 -9999 -9999 -9999 -9999 -9999 -9999 -9999 -9999 -9999 -9999 -9999 651.7761 651.4923 649.7651 646.3022 641.7154 637.2776 634.0399 631.4376 629.0263 626.3842 623.061 619.744 616.3076 612.6112 609.3459 606.9645 605.2375 604.0746 603.3903 603.0886 603.0217 603.1489 603.3912 603.6779 603.9745 604.2854 604.608 604.9155 605.1964 605.4673 605.717 605.8661 605.9571 606.0542 606.2305 606.6296 607.1847 607.9243 608.8651 610.1084 611.968
-9999 -9999 -9999 -9999 -9999 -9999 -9999 -9999 -9999 -9999 -9999 -9999 -9999 -9999 -9999 -9999 -9999 -9999 -9999 -9999 -9999 -9999 -9999 -9999 -9999 -9999 -9999 -9999 -9999 652.0592 652.0223 650.6179 647.3132 642.6943 638.0147 634.5493 631.7655 629.2003 626.4377 623.0875 619.8219 616.4645 612.9105 609.8726 607.3224 605.4114 604.0808 603.2305 602.754 602.545 602.5452 602.6898 602.9054 603.1545 603.4343 603.7487 604.0653 604.3675 604.665 604.9407 605.1721 605.3728 605.6144 605.9779 606.5082 607.178 607.9686 608.8966 610.0748 611.884
-9999 -9999 -9999 -9999 -9999 -9999 -9999 -9999 -9999 -9999 -9999 -9999 -9999 -9999 -9999 -9999 -9999 -9999 -9999 -9999 -9999 -9999 -9999 -9999 -9999 -9999 -9999 -9999 -9999 -9999 652.5803 650.9927 648.0162 643.5883 638.8474 635.1418 632.1117 629.3437 626.4489 623.0628 619.8141 616.5164 613.0485 610.1359 607.5057 605.5455 604.1064 603.1143 602.4899 602.1513 602.033 602.0759 602.2185 602.4135 602.6534 602.9458 603.2698 603.6004 603.9392 604.2763 604.5936 604.9333 605.3591 605.8722 606.4928 607.2098 608.1738 609.2062 610.4093 612.1797
