backend/lakes/data/Touchwood Lake/touc_dem_tm.asc
ncols         139
nrows         281
xllcorner     727800
yllcorner     6070250
cellsize      50
NODATA_value  -9999
[rows 62 to 92 of 281, columns 0 to 69 of 139]
-9999 -9999 -9999 -9999 -9999 -9999 -9999 -9999 -9999 -9999 -9999 -9999 -9999 -9999 -9999 -9999 -9999 -9999 -9999 -9999 644.3545 642.1484 640.3411 638.9244 637.4418 635.8042 634.4377 633.9677 633.7969 633.4745 632.5315 631.1064 629.7761 629.4711 628.9742 628.2373 627.3555 626.4738 625.2311 623.7705 622.2113 620.635 619.1536 617.9159 617.0649 616.1477 615.3647 614.7383 614.2714 613.9541 613.7766 613.6864 613.6315 613.6069 613.6385 613.73 613.8116 613.8888 614.0177 614.238 614.4984 614.7328 614.9454 615.1571 615.3328 615.3678 615.0273 614.2076 613.1729 612.2487
-9999 -9999 -9999 -9999 -9999 -9999 -9999 -9999 -9999 -9999 -9999 -9999 -9999 -9999 -9999 -9999 -9999 -9999 -9999 -9999 645.3314 643.0211 641.4874 640.4359 639.1199 637.6238 636.218 635.4789 634.9453 634.5488 633.7834 632.188 630.7041 631.0345 630.1157 629.0414 627.994 626.9586 625.4915 623.8768 622.2469 620.7393 619.366 618.1805 617.1992 616.2976 615.5403 614.9514 614.5392 614.3005 614.2099 614.2179 614.2756 614.377 614.5334 614.7266 614.8658 614.9938 615.2098 615.5409 615.777 615.9335 616.0581 616.1766 616.2766 616.2754 615.9731 615.1668 614.0905 612.9987
-9999 -9999 -9999 -9999 -9999 -9999 -9999 -9999 -9999 -9999 -9999 -9999 -9999 -9999 -9999 -9999 -9999 -9999 -9999 -9999 -9999 -9999 643.1652 642.23 641.018 639.437 637.813 636.4683 635.7302 635.4666 635.1804 633.6939 631.9728 631.8961 630.8104 629.5908 628.3959 627.1479 625.5892 623.9045 622.2524 620.799 619.4847 618.2964 617.2213 616.3538 615.6703 615.1631 614.8348 614.6954 614.7036 614.8235 615.0006 615.2311 615.5081 615.829 616.0026 616.1475 616.4343 616.9387 617.1436 617.2069 617.227 617.239 617.254 617.2394 617.0239 616.1854 615.0085 613.6669
-9999 -9999 -9999 -9999 -9999 -9999 -9999 -9999 -9999 -9999 -9999 -9999 -9999 -9999 -9999 -9999 -9999 -9999 -9999 -9999 -9999 -9999 -9999 644.8323 643.5381 641.6653 639.6857 637.8923 636.5773 636.184 636.0666 634.9697 633.0507 632.0574 630.9704 629.7783 628.5338 627.1805 625.5894 623.8893 622.2407 620.8203 619.5076 618.2834 617.2028 616.3921 615.8048 615.407 615.1825 615.1459 615.2663 615.4958 615.774 616.1373 616.5161 617.0239 617.21 617.3243 617.5757 618.1443 618.4106 618.4958 618.4885 618.4344 618.3638 618.2407 617.9191 617.1545 615.9699 614.4612
-9999 -9999 -9999 -9999 -9999 -9999 -9999 -9999 -9999 -9999 -9999 -9999 -9999 -9999 -9999 -9999 -9999 -9999 -9999 -9999 -9999 -9999 -9999 -9999 -9999 -9999 -9999 -9999 638.2039 637.3938 637.048 635.7217 633.7139 632.3389 631.0703 629.8147 628.5411 627.1673 625.584 623.9071 622.2831 620.9346 619.6083 618.3228 617.2087 616.4799 615.9968 615.7092 615.5773 615.6405 615.8864 616.2399 616.5781 617.0878 617.4924 618.1672 618.5343 618.8078 619.0986 619.4766 619.7025 619.7842 619.7499 619.6174 619.4482 619.2155 618.8254 618.125 617.0646 615.5861
-9999 -9999 -9999 -9999 -9999 -9999 -9999 -9999 -9999 -9999 -9999 -9999 -9999 -9999 -9999 -9999 -9999 -9999 -9999 -9999 -9999 -9999 -9999 -9999 -9999 -9999 -9999 -9999 640.1453 638.541 637.5952 636.2712 634.3292 632.6582 631.1477 629.7847 628.4946 627.1584 625.6415 624.0478 622.4975 621.2711 619.9014 618.5298 617.3427 616.7068 616.2958 616.0772 616.0184 616.162 616.5479 617.0701 617.4167 618.1147 618.774 619.4343 619.9342 620.3683 620.6573 620.8766 621.0035 621.0425 620.9613 620.7109 620.451 620.1294 619.7168 619.0787 618.1487 616.8497
-9999 -9999 -9999 -9999 -9999 -9999 -9999 -9999 -9999 -9999 -9999 -9999 -9999 -9999 -9999 -9999 -9999 -9999 -9999 -9999 -9999 -9999 -9999 -9999 -9999 -9999 -9999 -9999 642.4637 640.1244 638.4784 637.0652 634.9227 632.7341 631.0916 629.697 628.4269 627.164 625.7767 624.3542 623.0134 621.8499 620.3694 618.9694 617.8473 617.174 616.7397 616.5661 616.5349 616.6945 617.1984 617.8719 618.5586 619.4144 620.2255 620.835 621.3387 621.9003 622.1397 622.2246 622.2451 622.219 622.0705 621.6437 621.3437 620.9747 620.5654 619.9814 619.1615 618.015
-9999 -9999 -9999 -9999 -9999 -9999 -9999 -9999 -9999 -9999 -9999 -9999 -9999 -9999 -9999 -9999 -9999 -9999 -9999 -9999 -9999 -9999 -9999 -9999 -9999 -9999 -9999 -9999 645.0956 641.9326 639.6696 637.774 635.4864 632.9553 631.1228 629.6545 628.3795 627.1737 625.9198 624.6154 623.3336 622.1044 620.6885 619.3747 618.3318 617.6398 617.228 617.1723 617.1765 617.314 617.965 618.8295 619.8004 620.864 621.8262 622.3137 622.6422 623.1383 623.3929 623.4648 623.4224 623.267 622.8926 622.3486 622.1204 621.702 621.3549 620.8199 620.0948 619.0422
-9999 -9999 -9999 -9999 -9999 -9999 -9999 -9999 -9999 -9999 -9999 -9999 -9999 -9999 -9999 -9999 -9999 -9999 -9999 -9999 -9999 -9999 -9999 -9999 -9999 -9999 -9999 -9999 647.6565 643.8778 640.8729 638.4959 636.0262 633.3099 631.2682 629.6964 628.3912 627.2086 626.0859 624.8242 623.4932 622.1768 620.8596 619.6949 618.7849 618.1804 617.8722 617.8462 617.963 618.2843 618.9847 619.9647 621.129 622.3671 623.436 624.0043 624.2803 624.4968 624.6016 624.6014 624.4874 624.2216 623.7764 623.2385 622.8096 622.3243 622.1161 621.6113 621.0169 620.0292
-9999 -9999 -9999 -9999 -9999 -9999 -9999 -9999 -9999 -9999 -9999 -9999 -9999 -9999 -9999 -9999 -9999 -9999 -9999 -9999 -9999 -9999 -9999 -9999 -9999 -9999 -9999 -9999 649.3803 645.2352 641.84 639.0851 636.3202 633.5049 631.4239 629.8247 628.5198 627.3631 626.3849 625.0745 623.6145 622.1973 620.9724 619.9753 619.234 618.7683 618.5837 618.655 618.9098 619.3893 620.1594 621.2384 622.5693 624.0238 625.174 625.71 625.8442 625.7742 625.7046 625.6284 625.469 625.1516 624.6959 624.1703 623.6777 623.2037 622.8392 622.3499 622.0052 621.1453
-9999 -9999 -9999 -9999 -9999 -9999 -9999 -9999 -9999 -9999 -9999 -9999 -9999 -9999 -9999 -9999 -9999 -9999 -9999 -9999 -9999 -9999 -9999 -9999 -9999 -9999 -9999 -9999 650.1311 645.7906 642.1714 639.2345 636.4407 633.6599 631.6619 630.0777 628.8227 627.8069 626.8904 625.4082 623.7849 622.2581 621.1346 620.3037 619.7363 619.4227 619.3695 619.5697 619.9792 620.6135 621.4481 622.6454 624.1767 625.6633 626.7795 627.1374 627.0911 626.7465 626.5856 626.504 626.3609 626.0243 625.5999 625.1027 624.6133 624.1434 623.7188 623.2719 622.844 622.1505
-9999 -9999 -9999 -9999 -9999 -9999 -9999 -9999 -9999 -9999 -9999 -9999 -9999 -9999 -9999 -9999 -9999 -9999 -9999 -9999 -9999 -9999 -9999 -9999 -9999 -9999 -9999 -9999 650.2186 645.8243 642.139 639.3684 636.8612 634.2437 632.0547 630.3492 629.0595 628.0529 627.0894 625.6705 624.0637 622.5099 621.4932 620.7816 620.3618 620.1775 620.228 620.5497 621.1236 621.9588 622.855 624.2303 625.689 626.8881 627.5868 627.8015 627.6458 627.2615 627.2018 627.2012 627.1425 626.7682 626.4311 625.9757 625.5323 625.0719 624.6193 624.1475 623.6412 622.9961
-9999 -9999 -9999 -9999 -9999 -9999 -9999 -9999 -9999 -9999 -9999 -9999 -9999 -9999 -9999 -9999 -9999 -9999 -9999 -9999 -9999 -9999 -9999 -9999 -9999 -9999 -9999 -9999 650.0062 645.6356 641.953 639.2394 636.8927 634.5214 632.229 630.4427 629.1217 628.1094 627.1644 625.9921 624.6198 623.2504 622.1988 621.4802 621.1638 621.0674 621.1445 621.4927 622.2548 623.3137 624.4722 625.7703 626.897 627.4556 627.9396 628.1261 628.0457 627.8357 627.7553 627.7076 627.5679 627.2482 627.1332 626.7179 626.3757 625.9343 625.4878 624.9784 624.419 623.7944
-9999 -9999 -9999 -9999 -9999 -9999 -9999 -9999 -9999 -9999 -9999 -9999 -9999 -9999 -9999 -9999 -9999 -9999 -9999 -9999 -9999 -9999 -9999 -9999 -9999 -9999 -9999 -9999 -9999 645.3864 641.7235 638.979 636.6158 634.0087 631.9371 630.2844 629.0453 628.1045 627.2698 626.4606 625.3844 624.1927 623.137 622.3714 622.1621 622.1356 622.1953 622.5154 623.4744 624.6796 625.9106 627.0133 627.6798 627.9696 628.2341 628.3774 628.3817 628.3096 628.2562 628.1819 628.0244 627.7823 627.5851 627.2542 627.119 626.6881 626.3126 625.7952 625.2303 624.6631
-9999 -9999 -9999 -9999 -9999 -9999 -9999 -9999 -9999 -9999 -9999 -9999 -9999 -9999 -9999 -9999 -9999 -9999 -9999 -9999 -9999 -9999 -9999 -9999 -9999 -9999 -9999 -9999 -9999 645.1943 641.5635 638.7106 636.1896 633.7753 631.6592 630.0816 628.9703 628.2001 627.6243 627.1166 626.2911 625.265 624.2777 623.572 623.3309 623.3163 623.4459 623.8684 624.8137 625.9855 627.0751 627.8459 628.2618 628.431 628.5591 628.6628 628.7198 628.7341 628.7253 628.6609 628.5143 628.3131 628.1136 627.8712 627.6564 627.2828 627.1014 626.6091 626.1613 625.6088
-9999 -9999 -9999 -9999 -9999 -9999 -9999 -9999 -9999 -9999 -9999 -9999 -9999 -9999 -9999 -9999 -9999 -9999 -9999 -9999 -9999 -9999 -9999 -9999 -9999 -9999 -9999 -9999 -9999 645.277 641.7198 638.7948 636.0009 633.2947 631.3637 629.9489 628.9767 628.3442 627.9249 627.5844 627.1023 626.2894 625.4032 624.7611 624.5872 624.6085 624.7416 625.1416 626.0538 627.098 627.9041 628.4401 628.7204 628.8441 628.9415 629.0291 629.1079 629.1666 629.1927 629.1522 629.0306 628.8645 628.7019 628.5292 628.3287 628.0356 627.7475 627.3056 627.0673 626.5308
-9999 -9999 -9999 -9999 -9999 -9999 -9999 -9999 -9999 -9999 -9999 -9999 -9999 -9999 -9999 -9999 -9999 -9999 -9999 -9999 -9999 -9999 -9999 -9999 -9999 -9999 -9999 -9999 -9999 645.8151 642.4869 639.6492 636.7064 633.7137 631.6663 630.2089 629.2307 628.6086 628.2063 627.9102 627.5891 627.1038 626.3853 625.8523 625.8581 625.9256 625.9971 626.2444 627.0873 627.9277 628.5157 628.868 629.077 629.2156 629.3541 629.4712 629.5618 629.6285 629.6682 629.6503 629.5602 629.4385 629.3354 629.2386 629.0956 628.8552 628.5366 628.139 627.7925 627.3249
-9999 -9999 -9999 -9999 -9999 -9999 -9999 -9999 -9999 -9999 -9999 -9999 -9999 -9999 -9999 -9999 -9999 -9999 -9999 -9999 -9999 -9999 -9999 -9999 -9999 -9999 -9999 -9999 -9999 646.8848 643.9073 641.3477 638.4836 635.2672 632.8036 631.0453 629.8655 629.0992 628.5769 628.2102 627.922 627.6027 627.2222 627.0784 627.0858 627.1174 627.1271 627.2436 627.8733 628.5643 628.9883 629.1918 629.3335 629.5189 629.7621 629.9312 630.0345 630.0955 630.1355 630.0351 630.0883 630.0211 629.9918 629.9836 629.9176 629.724 629.4015 629.0033 628.6177 628.2322
-9999 -9999 -9999 -9999 -9999 -9999 -9999 -9999 -9999 -9999 -9999 -9999 -9999 -9999 -9999 -9999 -9999 -9999 -9999 -9999 -9999 -9999 -9999 -9999 -9999 -9999 -9999 -9999 -9999 648.3829 645.8757 643.5747 640.937 637.826 634.7076 632.4711 630.9293 629.8932 629.1461 628.6149 628.2638 628.0057 627.7777 627.6431 627.558 627.6548 627.7526 627.9628 628.4849 629.0739 629.3876 629.4501 629.5121 629.7241 630.1183 630.3546 630.4735 630.5244 630.562 630.4199 630.5978 630.5923 630.6453 630.7356 630.7538 630.6077 630.286 629.8672 629.4607 629.1178
-9999 -9999 -9999 -9999 -9999 -9999 -9999 -9999 -9999 -9999 -9999 -9999 -9999 -9999 -9999 -9999 -9999 -9999 -9999 -9999 -9999 -9999 -9999 -9999 -9999 -9999 -9999 -9999 -9999 649.7582 647.7303 645.7772 643.4491 640.5588 637.2546 634.4288 632.4155 631.0363 629.9939 629.2272 628.7189 628.4027 628.1969 628.0642 627.9871 628.0533 628.2059 628.5041 629.0057 629.5442 629.7827 629.712 629.6412 629.7833 630.217 630.6943 630.8647 630.9036 630.9471 630.8047 631.0826 631.1359 631.2694 631.4612 631.5721 631.4745 631.1483 630.6926 630.2544 629.9204
-9999 -9999 -9999 -9999 -9999 -9999 -9999 -9999 -9999 -9999 -9999 -9999 -9999 -9999 -9999 -9999 -9999 -9999 -9999 -9999 -9999 -9999 -9999 -9999 -9999 -9999 -9999 -9999 -9999 -9999 649.0737 647.5812 645.6552 643.1977 640.0605 636.7487 634.2894 632.5636 631.1837 630.1122 629.3595 628.8643 628.5775 628.4347 628.3683 628.4177 628.6201 629.0005 629.5842 630.1276 630.2839 630.0759 629.8623 629.9263 630.4149 631.152 631.2909 631.276 631.3125 631.4319 631.1896 631.6431 631.8445 632.1359 632.3477 632.3079 631.9775 631.4679 630.9655 630.5961
-9999 -9999 -9999 -9999 -9999 -9999 -9999 -9999 -9999 -9999 -9999 -9999 -9999 -9999 -9999 -9999 -9999 -9999 -9999 -9999 -9999 -9999 -9999 -9999 -9999 -9999 -9999 -9999 -9999 -9999 649.996 648.8088 647.288 645.5634 643.0089 639.8124 636.7192 634.5831 632.7759 631.3081 630.2235 629.4405 628.9744 628.7885 628.744 628.7975 629.0422 629.5251 630.2468 630.9686 631.1036 630.7155 630.434 630.5327 631.0079 631.6733 631.7885 631.6816 631.6904 631.8434 631.5744 632.0988 632.3605 632.7483 633.0736 633.1136 632.7936 632.2228 631.6205 631.1564
-9999 -9999 -9999 -9999 -9999 -9999 -9999 -9999 -9999 -9999 -9999 -9999 -9999 -9999 -9999 -9999 -9999 -9999 -9999 -9999 -9999 -9999 -9999 -9999 -9999 -9999 -9999 -9999 -9999 -9999 -9999 649.6483 648.1776 647.4138 645.8145 643.0842 639.9039 637.1752 634.7745 632.797 631.2849 630.1601 629.4326 629.1453 629.125 629.1908 629.4546 630.024 630.9336 631.9945 632.3143 631.8757 631.8849 632.6801 633.3606 633.2318 632.754 632.2663 632.1238 632.2603 631.9592 632.5396 632.8409 633.3241 633.7786 633.9325 633.6535 633.0306 632.2971 631.6764
-9999 -9999 -9999 -9999 -9999 -9999 -9999 -9999 -9999 -9999 -9999 -9999 -9999 -9999 -9999 -9999 -9999 -9999 -9999 -9999 -9999 -9999 -9999 -9999 -9999 -9999 -9999 -9999 -9999 -9999 -9999 650.5334 649.893 649.5107 648.4821 646.2733 643.257 640.0316 637.0374 634.5026 632.5022 630.9709 629.9643 629.5502 629.5266 629.5776 629.8012 630.3689 631.3312 632.5912 633.6464 633.5101 634.5801 636.1329 636.8329 635.7171 634.2062 633.0957 632.7152 632.811 632.3441 632.9833 633.3322 633.94 634.5579 634.865 634.6714 634.0135 633.1261 632.2796
-9999 -9999 -9999 -9999 -9999 -9999 -9999 -9999 -9999 -9999 -9999 -9999 -9999 -9999 -9999 -9999 -9999 -9999 -9999 -9999 -9999 -9999 -9999 -9999 -9999 -9999 -9999 -9999 -9999 -9999 -9999 -9999 651.1624 651.0405 650.5035 649.0421 646.4189 643.0887 639.5372 636.4192 633.8687 631.8737 630.533 629.9818 629.9751 630.0355 630.1503 630.6328 631.5688 632.8595 634.2495 635.5167 637.8138 640.0071 640.6645 638.7984 636.0128 634.1491 633.5079 633.5699 632.7289 633.4333 633.9229 634.7556 635.6008 636.102 636.0422 635.3627 634.2881 633.1391
-9999 -9999 -9999 -9999 -9999 -9999 -9999 -9999 -9999 -9999 -9999 -9999 -9999 -9999 -9999 -9999 -9999 -9999 -9999 -9999 -9999 -9999 -9999 -9999 -9999 -9999 -9999 -9999 -9999 -9999 -9999 -9999 -9999 652.3792 652.2946 651.452 649.3188 646.2027 642.4808 638.6765 635.4739 632.9298 631.1666 630.4113 630.475 630.6391 630.6598 631.0905 632.1415 633.6834 635.6386 638.2643 641.2673 643.598 643.9327 641.8459 638.4521 635.5391 634.454 633.1137 633.5437 633.8249 634.7844 636.0415 637.2106 637.9316 638.0498 637.3539 636.0326 634.4715
-9999 -9999 -9999 -9999 -9999 -9999 -9999 -9999 -9999 -9999 -9999 -9999 -9999 -9999 -9999 -9999 -9999 -9999 -9999 -9999 -9999 -9999 -9999 -9999 -9999 -9999 -9999 -9999 -9999 -9999 -9999 -9999 -9999 654.0461 654.186 653.5893 651.7932 649.0545 645.4929 641.4089 637.5002 634.3221 631.9775 630.8171 630.7841 631.241 631.3377 631.9833 633.4727 635.6342 638.4548 641.5657 644.3712 645.9982 645.3183 643.9393 640.785 637.5579 635.415 634.3349 633.4985 634.6999 636.383 638.202 639.772 640.7051 641.0392 640.3218 638.7098 636.5891
-9999 -9999 -9999 -9999 -9999 -9999 -9999 -9999 -9999 -9999 -9999 -9999 -9999 -9999 -9999 -9999 -9999 -9999 -9999 -9999 -9999 -9999 -9999 -9999 -9999 -9999 -9999 -9999 -9999 -9999 -9999 -9999 -9999 -9999 655.7222 655.1605 653.5844 651.3399 648.3526 644.5139 640.3028 636.3936 633.2997 631.5206 631.0519 631.2324 632.1044 633.5233 635.8967 639.0042 642.2767 645.076 646.8047 647.0259 646.6473 645.3455 642.4099 639.3406 637.1146 635.8436 635.8002 637.2305 639.3001 641.5989 643.634 644.837 645.2596 644.5478 642.7575 640.2126
-9999 -9999 -9999 -9999 -9999 -9999 -9999 -9999 -9999 -9999 -9999 -9999 -9999 -9999 -9999 -9999 -9999 -9999 -9999 -9999 -9999 -9999 -9999 -9999 -9999 -9999 -9999 -9999 -9999 -9999 -9999 -9999 -9999 -9999 -9999 655.8339 654.3353 652.7076 650.5834 647.4958 643.5868 639.4185 635.7849 633.2909 632.1487 632.3015 633.8008 636.3202 639.6862 643.4144 646.6584 648.5589 648.8744 648.0985 647.3173 645.4794 642.5635 639.6238 637.5692 636.7209 637.4956 639.2658 641.7136 644.4983 646.868 648.0076 648.5589 648.1033 646.5141 643.9965
-9999 -9999 -9999 -9999 -9999 -9999 -9999 -9999 -9999 -9999 -9999 -9999 -9999 -9999 -9999 -9999 -9999 -9999 -9999 -9999 -9999 -9999 -9999 -9999 -9999 -9999 -9999 -9999 -9999 -9999 -9999 -9999 -9999 -9999 -9999 -9999 654.4299 653.3026 651.8843 649.7265 646.6802 642.7051 638.7579 635.7542 634.1577 634.3901 636.5195 639.9749 644.1447 648.2166 651.129 651.8474 650.852 649.0286 647.0154 644.7878 641.5953 638.4711 636.4012 636.1022 637.4636 639.6837 642.6237 645.8521 648.332 648.5089 649.4432 649.5896 648.6949 646.7627
-9999 -9999 -9999 -9999 -9999 -9999 -9999 -9999 -9999 -9999 -9999 -9999 -9999 -9999 -9999 -9999 -9999 -9999 -9999 -9999 -9999 -9999 -9999 -9999 -9999 -9999 -9999 -9999 -9999 -9999 -9999 -9999 -9999 -9999 -9999 -9999 -9999 653.4691 652.485 651.1323 648.9259 645.5024 641.5829 638.2894 636.4639 636.865 639.5602 643.6978 648.3817 652.5952 655.1748 654.7736 652.9036 650.4194 647.6567 644.4911 640.6767 637.0933 634.8829 634.8548 636.3835 638.9355 642.2138 645.6658 648.3609 649.2873 649.9894 650.2056 649.2606 648.2055
