backend/lakes/data/Tucker Lake/tuck_dem_tm.asc
ncols         155
nrows         86
xllcorner     780250
yllcorner     6047250
cellsize      50
NODATA_value  -9999
[rows 30 to 59 of 86, columns 0 to 66 of 155]
-9999 -9999 -9999 -9999 -9999 -9999 -9999 -9999 -9999 -9999 -9999 -9999 -9999 -9999 -9999 -9999 -9999 -9999 -9999 -9999 -9999 -9999 -9999 -9999 -9999 -9999 -9999 -9999 -9999 -9999 -9999 567.7309 566.6852 565.2565 562.8544 559.2767 555.1976 551.8147 549.4408 547.9827 547.1918 546.8263 546.7183 546.7016 546.7309 546.7784 546.8663 547.0137 547.1971 547.4198 547.5906 547.605 547.5396 547.5491 547.9384 549.0148 551.3245 555.0089 559.2855 562.9218 565.0593 565.3549 565.684 -9999 -9999 -9999 570.9578
-9999 -9999 -9999 -9999 -9999 -9999 -9999 -9999 -9999 -9999 -9999 -9999 -9999 -9999 -9999 -9999 -9999 -9999 -9999 -9999 -9999 -9999 -9999 -9999 -9999 -9999 -9999 -9999 -9999 570.8173 569.4755 567.8546 566.1308 563.8495 560.7385 556.8914 553.0487 550.1586 548.2235 547.1267 546.5621 546.3171 546.2501 546.2837 546.3757 546.4773 546.5901 546.7363 546.9011 547.0665 547.2561 547.3766 547.3546 547.3657 547.7224 548.6812 550.8217 554.0653 558.0007 561.3939 563.5982 564.5213 565.7415 567.6227 569.6155 571.0806 571.8306
-9999 -9999 -9999 -9999 -9999 -9999 -9999 -9999 -9999 -9999 -9999 -9999 -9999 -9999 -9999 -9999 -9999 -9999 -9999 -9999 -9999 -9999 -9999 -9999 -9999 -9999 -9999 571.0831 570.972 570.4645 568.9668 566.8957 564.4246 561.4293 557.9222 554.2141 550.9837 548.6596 547.2705 546.5144 546.1541 546.0168 545.9899 546.0397 546.1553 546.2862 546.4114 546.554 546.704 546.8535 546.9998 547.2136 547.3071 547.4349 547.9542 549.1056 551.0158 553.7643 556.9703 559.978 562.3613 564.1719 566.1434 568.4736 570.4158 571.3823 570.897
-9999 -9999 -9999 -9999 -9999 -9999 -9999 -9999 -9999 -9999 -9999 -9999 -9999 -9999 -9999 -9999 -9999 -9999 -9999 -9999 -9999 -9999 -9999 -9999 -9999 571.9227 571.0554 569.8049 569.7504 568.8122 566.9518 564.4501 561.4536 558.0627 554.5389 551.3751 548.9768 547.4768 546.622 546.1794 545.9864 545.9269 545.923 545.9628 546.0654 546.1906 546.3103 546.4346 546.5693 546.692 546.8079 546.9935 547.2176 547.506 548.1848 549.6711 551.4628 553.5325 555.9627 558.5452 561.0289 563.367 565.7215 567.8219 569.0936 569.3368 568.5301
-9999 -9999 -9999 -9999 -9999 -9999 -9999 -9999 -9999 -9999 -9999 -9999 -9999 -9999 -9999 -9999 -9999 -9999 -9999 -9999 -9999 -9999 -9999 572.1888 571.93 571.1896 570.182 568.8121 567.5865 565.8502 563.523 560.6969 557.4768 554.1081 551.0756 548.7559 547.3397 546.6014 546.2391 546.0627 545.9891 545.9703 545.9697 545.9851 546.0585 546.1469 546.2368 546.331 546.4542 546.5651 546.6647 546.7787 547.0499 547.46 548.2505 549.8109 551.4317 553.0163 554.8874 557.0718 559.4086 561.7077 563.7591 565.1781 565.5983 565.1309 564.0588
-9999 -9999 -9999 -9999 -9999 -9999 -9999 -9999 -9999 -9999 -9999 -9999 -9999 -9999 -9999 -9999 -9999 -9999 -9999 -9999 -9999 571.6923 572.1605 571.8491 570.825 569.4865 567.903 565.9882 563.897 561.5295 558.9008 556.0289 552.998 550.1473 547.925 546.5618 546.0525 545.9671 545.9835 545.9972 545.9993 545.9996 545.9998 546.0001 546.0615 546.1035 546.1431 546.1927 546.3178 546.4467 546.5436 546.6614 546.8527 547.2878 548.0665 549.3998 550.7095 552.0425 553.5642 555.3401 557.2557 559.0373 560.361 560.9145 560.5577 559.6063 558.4846
-9999 -9999 -9999 -9999 -9999 -9999 -9999 -9999 -9999 -9999 -9999 -9999 -9999 -9999 -9999 -9999 -9999 -9999 -9999 570.0865 570.5403 571.2183 571.3568 570.3563 568.5981 566.4825 564.1138 561.5491 558.9057 556.2457 553.6591 551.1745 548.8658 546.8418 545.5595 545.0988 545.2424 545.4011 545.524 545.6782 545.7595 545.7966 545.845 545.9064 545.9975 545.9997 545.9988 546.0035 546.1536 546.311 546.4308 546.5396 546.7085 547.0135 547.5726 548.4362 549.6094 550.7333 551.8696 553.0881 554.382 555.5159 556.0795 555.9173 555.0916 554.0566 553.2575
-9999 -9999 -9999 -9999 -9999 -9999 -9999 -9999 -9999 -9999 -9999 -9999 -9999 -9999 -9999 -9999 -9999 568.826 570.0694 569.9498 569.3191 569.5088 569.1198 567.5055 565.0518 562.1716 559.1406 556.1573 553.4578 551.0181 548.977 547.4569 546.2372 544.949 544.3438 544.3893 544.8678 544.98 545.0367 545.2917 545.4 545.4464 545.5536 545.6527 545.7352 545.7614 545.7843 545.8419 545.9994 546.1701 546.3096 546.4185 546.5455 546.7511 547.1054 547.6592 548.4103 549.3594 549.9642 550.5104 551.1267 551.6855 551.767 551.3682 550.5968 549.9493 549.6785
-9999 -9999 -9999 -9999 -9999 -9999 -9999 -9999 -9999 -9999 -9999 -9999 -9999 -9999 -9999 -9999 568.085 569.9227 570.2409 569.0919 567.0558 566.8978 565.7042 563.3831 560.3078 556.9352 553.6691 550.8145 548.6097 546.9147 545.8098 545.6819 545.9932 544.9376 544.0583 544.0036 544.2935 544.4333 544.6057 544.9191 544.9827 545.0176 545.2222 545.3517 545.4377 545.4866 545.5378 545.6353 545.8035 545.9993 546.1686 546.2938 546.3966 546.5244 546.7299 547.0771 547.5388 548.0148 548.2251 548.3798 548.571 548.7424 548.7084 548.3939 548.0007 547.9482 548.3233
-9999 -9999 -9999 -9999 -9999 -9999 -9999 -9999 -9999 -9999 -9999 -9999 -9999 -9999 -9999 566.7653 568.5765 570.0695 569.8149 568.348 565.9213 563.8505 561.3448 558.3159 554.9656 551.6882 548.8389 546.6019 545.2098 544.319 543.8128 544.1197 544.7411 544.6832 543.9988 543.9092 544.0002 544.0004 544.1154 544.2792 544.4424 544.6675 544.9841 545.109 545.1974 545.2561 545.3137 545.4154 545.5844 545.7938 545.9994 546.1559 546.261 546.3374 546.4539 546.6704 546.9602 547.1994 547.2721 547.2905 547.3021 547.3069 547.2479 546.9882 546.7517 547.0259 547.7129
-9999 -9999 -9999 -9999 -9999 -9999 -9999 -9999 -9999 -9999 -9999 -9999 -9999 -9999 -9999 566.8992 567.9911 568.6205 567.8925 565.8348 562.8076 559.5513 556.2286 553.0328 550.0421 547.4442 545.3761 543.8666 543.0004 542.7175 542.5336 542.8224 543.3899 543.6031 543.5195 543.8937 544.0794 544.0384 544.0005 544.0098 544.2255 544.546 544.8229 545.0004 545.1053 545.1442 545.1706 545.2374 545.3763 545.5789 545.8024 546.0001 546.1318 546.1715 546.2239 546.3976 546.6268 546.7928 546.8369 546.8459 546.8304 546.7913 546.7567 546.5914 546.3312 546.4894 547.0509
-9999 -9999 -9999 -9999 -9999 -9999 -9999 -9999 -9999 -9999 -9999 -9999 -9999 -9999 -9999 565.9488 566.306 566.0707 564.6819 562.0765 558.5723 554.9688 551.7457 548.9409 546.6304 544.8171 543.4834 542.4791 541.7902 541.8024 541.8954 542.0927 542.5646 542.9792 543.4951 544.0789 544.4703 544.481 544.5325 544.6884 544.9017 545.2283 545.3189 545.3691 545.3403 545.2382 545.1537 545.1394 545.2164 545.3795 545.5971 545.8192 545.9949 545.9994 546.0037 546.1835 546.4232 546.6005 546.6676 546.7096 546.7466 546.733 546.7146 546.6528 546.4302 546.3356 546.6707
-9999 -9999 -9999 -9999 -9999 -9999 -9999 -9999 -9999 -9999 -9999 -9999 -9999 -9999 -9999 564.1385 563.9553 563.1552 561.3264 558.3809 554.7664 551.4382 548.827 546.6696 545.0718 543.8569 542.9172 542.1907 541.6239 541.3381 541.6558 542.0068 542.452 543.0997 543.9083 544.5519 544.9487 545.1859 545.662 546.3984 547.1379 547.3137 547.0261 546.4623 546.0046 545.564 545.2721 545.1298 545.1184 545.2157 545.3859 545.5759 545.7258 545.7789 545.8341 545.9999 546.2418 546.4565 546.5679 546.6365 546.7297 546.7743 546.7583 546.7623 546.6385 546.4882 546.5077
-9999 -9999 -9999 -9999 -9999 -9999 -9999 -9999 -9999 -9999 -9999 -9999 -9999 -9999 -9999 561.981 561.6707 560.753 558.873 555.9293 552.5334 549.6482 547.6183 546.053 544.9308 543.9655 543.2079 542.6841 542.1015 541.7218 541.7144 542.1077 542.7539 543.6447 544.7253 545.3333 545.5096 546.108 547.2686 548.9474 550.033 549.9686 549.2167 548.0901 546.9744 546.0106 545.4752 545.1971 545.0865 545.1016 545.204 545.3417 545.4623 545.5401 545.6266 545.7816 546.0052 546.2633 546.4297 546.5086 546.5959 546.6964 546.6837 546.6713 546.6708 546.5865 546.5585
-9999 -9999 -9999 -9999 -9999 -9999 -9999 -9999 -9999 -9999 -9999 -9999 -9999 -9999 -9999 560.2715 560.1281 559.4139 557.772 555.1224 552.1252 549.6625 547.9415 546.6636 545.7407 544.8291 544.0389 543.6526 542.9967 542.5666 542.4738 542.6728 543.3171 544.3186 545.4969 546.3908 546.1662 547.3683 549.3268 551.3007 551.9901 551.7776 550.6343 549.3214 547.7736 546.3751 545.6968 545.3251 545.1235 545.048 545.0698 545.1456 545.2299 545.3043 545.3931 545.5367 545.7487 546.0076 546.2297 546.2964 546.3291 546.4116 546.4103 546.3962 546.4155 546.4791 546.5027
-9999 -9999 -9999 -9999 -9999 -9999 -9999 -9999 -9999 -9999 -9999 -9999 -9999 -9999 -9999 559.4011 559.5419 559.1088 557.8642 555.6446 553.0399 550.8182 549.2888 548.0756 547.1209 546.1259 545.204 544.6853 544.1385 543.8243 543.7624 544.0268 544.6036 545.5538 546.7175 547.6162 548.2025 549.5667 551.0205 552.118 551.3173 551.816 550.8575 549.5252 548.0699 546.7831 545.9719 545.5121 545.224 545.0515 544.9823 544.9872 545.0248 545.0754 545.1482 545.2699 545.4615 545.7228 545.981 546.0024 546.0014 546.0014 546.0081 546.001 546.0199 546.2373 546.3578
-9999 -9999 -9999 -9999 -9999 -9999 -9999 -9999 -9999 -9999 -9999 -9999 -9999 -9999 -9999 -9999 559.4489 559.3633 558.6633 557.074 554.9091 552.815 551.2541 550.1479 549.2148 548.0812 546.9221 546.1956 545.7056 545.5596 545.783 546.3687 547.3306 548.5046 549.6791 550.4004 550.8671 551.5757 551.4612 551.4437 550.4243 550.35 549.8864 549.0348 548.0178 546.9538 546.103 545.6987 545.3528 545.0848 544.9208 544.8496 544.8358 544.853 544.9005 544.9896 545.1376 545.3414 545.5513 545.6418 545.6716 545.6797 545.682 545.7173 545.7969 546.001 546.2048
-9999 -9999 -9999 -9999 -9999 -9999 -9999 -9999 -9999 -9999 -9999 -9999 -9999 -9999 -9999 -9999 559.3674 559.4752 559.1693 558.3206 556.7971 555.1467 553.7606 552.7749 551.9901 550.73 549.3914 548.5446 548.1572 548.239 548.8795 549.973 551.293 552.5159 553.2253 553.2 552.8093 552.3713 550.9988 550.2712 549.7676 549.4672 549.0095 548.4486 547.8935 547.0895 546.4044 545.9672 545.4858 545.1085 544.8558 544.7145 544.6549 544.646 544.6738 544.7367 544.8412 544.9927 545.1653 545.3038 545.3783 545.4091 545.4471 545.5015 545.6179 545.8025 545.9999
-9999 -9999 -9999 -9999 -9999 -9999 -9999 -9999 -9999 -9999 -9999 -9999 -9999 -9999 -9999 -9999 -9999 558.9417 558.8581 558.4195 557.7744 557.0303 556.1712 555.4507 554.7979 553.6137 552.223 551.3153 551.1218 551.5912 552.6298 554.0526 555.4711 556.329 556.1888 555.2695 554.1189 553.0438 551.7173 551.0112 550.2889 549.5359 548.6975 548.0706 547.6521 547.0861 546.5165 546.003 545.4873 545.0731 544.7723 544.5842 544.4978 544.4863 544.5178 544.5753 544.6534 544.767 544.9133 545.0641 545.1514 545.1916 545.2617 545.3523 545.4751 545.6479 545.8356
-9999 -9999 -9999 -9999 -9999 -9999 -9999 -9999 -9999 -9999 -9999 -9999 -9999 -9999 -9999 -9999 -9999 -9999 557.5282 557.5977 557.8362 557.9363 557.8153 557.4316 556.8358 555.6857 554.3644 553.5074 553.7372 554.4976 555.8047 557.2817 558.4064 558.7987 557.9768 556.5363 555.251 554.452 553.8798 553.3109 552.3317 550.8746 549.3285 548.5059 547.7661 547.0992 546.4973 545.9529 545.4384 545.0544 544.7365 544.5187 544.4309 544.4532 544.5261 544.6014 544.6656 544.7357 544.8438 544.963 544.9984 545.0014 545.1174 545.2322 545.376 545.5594 545.7739
-9999 -9999 -9999 -9999 -9999 -9999 -9999 -9999 -9999 -9999 -9999 -9999 -9999 -9999 -9999 -9999 -9999 -9999 -9999 556.3572 557.2506 557.9456 558.3052 558.2579 557.7922 556.5587 555.118 554.282 554.8799 556.1199 557.5712 558.8729 559.7532 559.4078 558.3721 557.1439 556.4146 556.4728 556.7883 556.6048 555.5036 553.5338 551.1868 549.3025 547.9832 546.9656 546.1281 545.7374 545.4801 545.2543 544.9147 544.6563 544.5917 544.6985 544.8605 544.9739 545.0093 544.9948 544.9823 544.9982 544.8428 544.8274 544.994 545.1238 545.2891 545.4999 545.7459
-9999 -9999 -9999 -9999 -9999 -9999 -9999 -9999 -9999 -9999 -9999 -9999 -9999 -9999 -9999 -9999 -9999 -9999 -9999 -9999 556.1591 557.114 557.8333 557.9786 557.5574 556.4551 554.9814 554.0048 555.0466 556.6711 558.1723 559.2056 559.7532 559.1215 558.1775 557.6365 557.8212 558.7658 559.8008 560.0078 558.9836 556.7505 553.8718 551.1997 549.0792 547.6846 546.7701 546.293 546.1815 546.0837 545.5666 545.2106 545.198 545.4631 545.7699 545.938 545.9094 545.725 545.4305 545.0555 544.7532 544.6633 544.7854 545.0005 545.2042 545.447 545.7249
-9999 -9999 -9999 -9999 -9999 -9999 -9999 -9999 -9999 -9999 -9999 -9999 -9999 -9999 -9999 -9999 -9999 -9999 -9999 -9999 -9999 -9999 -9999 556.8168 556.5099 555.4212 554.2708 554.152 555.4401 557.3197 558.8274 559.6606 559.9698 -9999 -9999 558.2761 559.2823 560.8569 562.2673 562.7819 562.0517 559.9245 556.9276 553.822 551.2743 549.5198 548.5447 548.0903 547.976 547.8841 546.9199 546.4592 546.563 547.076 547.5841 547.8145 547.6978 547.3145 546.7289 545.9929 545.2372 544.8562 544.7769 544.9936 545.1654 545.4121 545.7095
-9999 -9999 -9999 -9999 -9999 -9999 -9999 -9999 -9999 -9999 -9999 -9999 -9999 -9999 -9999 -9999 -9999 -9999 -9999 -9999 -9999 -9999 -9999 -9999 -9999 -9999 -9999 -9999 -9999 -9999 -9999 -9999 -9999 -9999 -9999 -9999 560.5774 562.3343 563.7466 564.4476 564.1513 562.4612 559.8186 556.9014 554.337 552.518 551.4459 550.7974 550.3683 549.8781 549.1417 548.8646 549.1943 549.9227 550.6439 550.9247 550.7065 550.1252 549.2346 548.0969 546.7733 545.7146 545.0977 545.0427 545.1639 545.4103 545.709
-9999 -9999 -9999 -9999 -9999 -9999 -9999 -9999 -9999 -9999 -9999 -9999 -9999 -9999 -9999 -9999 -9999 -9999 -9999 -9999 -9999 -9999 -9999 -9999 -9999 -9999 -9999 -9999 -9999 -9999 -9999 -9999 -9999 -9999 -9999 -9999 -9999 -9999 -9999 564.9333 565.0213 564.0523 562.059 559.7381 557.5853 555.9918 554.9859 554.2545 553.6221 553.0104 552.4915 552.4399 553.0972 554.1989 555.136 555.4621 555.2432 554.5251 553.2719 551.5607 549.3952 547.4027 546.0646 545.467 545.3496 545.5076 545.749
-9999 -9999 -9999 -9999 -9999 -9999 -9999 -9999 -9999 -9999 -9999 -9999 -9999 -9999 -9999 -9999 -9999 -9999 -9999 -9999 -9999 -9999 -9999 -9999 -9999 -9999 -9999 -9999 -9999 -9999 -9999 -9999 -9999 -9999 -9999 -9999 -9999 -9999 -9999 564.3584 564.9951 564.6266 563.3256 561.7793 560.3015 559.1393 558.4082 557.8198 557.2718 556.8088 556.5529 556.6845 557.4717 558.6366 559.4333 559.5901 559.6682 559.1927 557.778 555.3953 552.2713 549.2329 547.1918 546.0622 545.6736 545.7192 545.8459
-9999 -9999 -9999 -9999 -9999 -9999 -9999 -9999 -9999 -9999 -9999 -9999 -9999 -9999 -9999 -9999 -9999 -9999 -9999 -9999 -9999 -9999 -9999 -9999 -9999 -9999 -9999 -9999 -9999 -9999 -9999 -9999 -9999 -9999 -9999 -9999 -9999 -9999 -9999 -9999 564.661 564.201 563.7145 563.0049 562.212 561.5163 561.116 560.7785 560.5466 560.4318 560.4816 560.7186 561.3758 562.1797 562.3463 561.8234 562.4323 562.4855 561.1047 558.251 554.4124 550.6412 548.0968 546.6472 546.0189 545.9944 545.9996
-9999 -9999 -9999 -9999 -9999 -9999 -9999 -9999 -9999 -9999 -9999 -9999 -9999 -9999 -9999 -9999 -9999 -9999 -9999 -9999 -9999 -9999 -9999 -9999 -9999 -9999 -9999 -9999 -9999 -9999 -9999 -9999 -9999 -9999 -9999 -9999 -9999 -9999 -9999 -9999 -9999 564.8466 564.3691 563.9557 563.3888 562.9589 562.7372 562.5187 562.7185 563.0751 563.4374 563.7236 564.0837 564.3917 564.424 563.9093 563.9944 563.731 562.3249 559.2349 555.1366 551.1492 548.4658 546.9762 546.261 546.0568 546.0266
-9999 -9999 -9999 -9999 -9999 -9999 -9999 -9999 -9999 -9999 -9999 -9999 -9999 -9999 -9999 -9999 -9999 -9999 -9999 -9999 -9999 -9999 -9999 -9999 -9999 -9999 -9999 -9999 -9999 -9999 -9999 -9999 -9999 -9999 -9999 -9999 -9999 -9999 -9999 -9999 -9999 -9999 -9999 -9999 564.1891 563.6434 563.2728 563.0162 563.4454 564.2327 564.7084 565.0044 564.895 564.2032 564.0975 563.9096 563.6513 562.8937 561.0807 558.0029 554.1705 550.6018 548.3211 547.0188 546.3522 546.089 546.0347
-9999 -9999 -9999 -9999 -9999 -9999 -9999 -9999 -9999 -9999 -9999 -9999 -9999 -9999 -9999 -9999 -9999 -9999 -9999 -9999 -9999 -9999 -9999 -9999 -9999 -9999 -9999 -9999 -9999 -9999 -9999 -9999 -9999 -9999 -9999 -9999 -9999 -9999 -9999 -9999 -9999 -9999 -9999 -9999 -9999 -9999 -9999 -9999 -9999 563.4052 564.293 564.8485 564.3272 563.7292 563.1249 562.3595 561.4209 560.1258 558.1213 555.3077 552.1212 549.4124 547.7874 546.8557 546.3685 546.1654 546.1315
