backend/lakes/data/Tucker Lake/tuck_dem_tm.asc
ncols         155
nrows         86
xllcorner     780250
yllcorner     6047250
cellsize      50
NODATA_value  -9999
[rows 30 to 59 of 86, columns 67 to 133 of 155]
572.0109 573.3554 575.1788 578.1997 581.4148 583.7652 584.5153 584.1198 582.8111 580.8726 578.5471 576.0329 573.6128 571.4786 569.5438 567.5828 565.3222 562.5179 559.3189 556.116 553.572 551.6639 550.3398 549.5677 549.248 549.175 549.0388 548.992 548.8323 548.6354 548.5336 548.6339 548.7822 548.9182 549.0049 549.2416 549.4604 549.6315 549.7764 550.0029 550.4554 550.8928 550.7422 550.873 551.3519 551.6404 551.5161 550.6869 549.8354 549.3146 549.082 549.0771 549.1302 549.1807 549.2474 549.3477 549.5005 549.6954 549.819 549.8071 549.7415 549.7134 549.7903 549.9801 549.9594 550.4293 552.2305
572.3122 573.2437 574.2988 576.7492 579.5413 581.5322 581.9624 581.0486 579.1322 576.5847 573.7296 570.8477 568.1996 565.8911 563.7557 561.7297 559.7163 557.3903 555.1002 552.8972 551.181 549.9385 549.1387 548.7767 548.7911 548.9975 548.9355 548.8733 548.7864 548.7075 548.686 548.7635 548.891 548.9998 549.2087 549.53 549.7305 549.803 549.8265 549.8741 550.0012 550.0511 550.0012 550.1958 550.6555 550.5671 550.2892 549.7372 549.1927 548.8491 548.7017 548.6954 548.7457 548.8171 548.9122 549.0447 549.2454 549.4674 549.578 549.4948 549.3549 549.2712 549.3247 549.552 549.9123 550.6336 552.7593
570.9279 571.1727 571.998 573.9208 576.2455 577.8006 577.8761 576.5354 574.1687 571.2255 568.0681 565.0237 562.3705 560.2175 558.2844 556.6052 555.1282 553.4666 551.8366 550.4125 549.4706 548.8375 548.4735 548.4124 548.6354 548.9906 549.0341 548.9948 548.9515 548.9222 548.9268 548.966 549.0073 549.0019 549.2892 549.7803 550.0014 550.0029 549.92 549.7897 549.734 549.6572 549.605 549.7561 550.0313 549.8806 549.5725 549.1541 548.7681 548.5248 548.4218 548.4111 548.4443 548.5093 548.6053 548.7413 548.9541 549.1685 549.2296 549.0834 548.8979 548.787 548.822 549.0945 549.7233 551.0069 553.7568
567.8176 567.549 568.1597 569.7708 571.8023 573.1411 573.0102 571.4108 568.7624 565.626 562.4326 559.624 557.3891 555.9048 554.5628 553.2374 551.9729 550.6868 549.5116 548.6368 548.3845 548.2291 548.1462 548.2223 548.4771 548.8052 548.9948 548.9996 548.9993 548.9993 548.9988 548.9958 548.9702 548.7633 549.0399 549.8141 550.1572 550.2003 550.0042 549.6935 549.4776 549.3765 549.2978 549.3517 549.486 549.3345 549.0697 548.7562 548.4777 548.3002 548.2255 548.2125 548.2315 548.2743 548.3472 548.4536 548.6287 548.795 548.8129 548.6307 548.4767 548.4352 548.5296 548.9456 549.9667 551.9829 555.1896
563.0313 562.5727 563.2217 564.839 566.8099 568.2049 568.1404 566.4931 563.7316 560.5936 557.631 555.2872 553.8813 553.0209 552.2214 551.1244 549.994 548.961 548.1719 547.8908 547.9998 548.0424 548.0461 548.1188 548.2968 548.5166 548.6658 548.7054 548.7158 548.7048 548.65 548.5276 548.3847 548.0662 548.2312 549.0647 549.8483 550.1296 549.9684 549.501 549.0917 548.9809 548.9289 548.9083 548.9191 548.8295 548.656 548.451 548.2675 548.147 548.0948 548.0808 548.0898 548.1105 548.1461 548.1976 548.2878 548.3776 548.3876 548.2443 548.2266 548.3842 548.6022 549.1836 550.5942 553.3466 556.8883
557.5355 557.2247 558.1624 559.9723 562.0435 563.6991 563.9249 562.3858 559.6382 556.6631 553.9796 552.3528 551.5325 551.1788 550.8616 549.8438 548.8165 548.0214 547.6002 547.6421 547.9847 548.0583 548.0388 548.0524 548.1231 548.22 548.2894 548.3118 548.3202 548.3046 548.228 548.0289 547.9786 547.7229 547.7603 548.2186 549.0049 549.5637 549.4147 549.0008 548.6135 548.4365 548.4595 548.4488 548.4264 548.3909 548.2965 548.1964 548.109 548.0509 548.0227 548.0001 547.9999 547.9999 547.9997 547.9995 548.0001 548.009 548.0718 548.0112 548.2217 548.7349 549.096 549.802 551.596 555.0722 558.7614
552.8191 552.8365 553.8561 555.9614 557.9858 559.9312 560.5738 559.202 556.5526 553.8475 551.5848 550.4274 549.9437 549.804 549.6188 548.836 548.0352 547.4941 547.2923 547.4393 547.7811 547.9971 548.0001 548 548 548.0001 548.0001 548.002 548.0009 548.0013 547.996 547.8357 547.7111 547.5212 547.478 547.6818 548.0512 548.335 548.5347 548.378 548.0423 547.9952 547.996 548.0023 548.0034 548.0032 548.001 548.0003 548 548 548 547.9646 547.9344 547.9053 547.8806 547.8715 547.8967 547.9564 547.9993 547.9268 548.3434 549.3424 549.8519 550.5928 552.625 556.3735 560.4299
549.6509 549.7455 550.6292 552.3661 554.55 556.7574 557.778 556.6291 554.1757 551.8745 550.1412 549.2599 548.9171 548.807 548.5879 548.0456 547.5302 547.1911 547.1061 547.2711 547.5704 547.8252 547.9481 548.0057 547.9998 547.9493 547.927 547.9988 547.9092 547.8533 547.8422 547.7458 547.6158 547.4593 547.3723 547.4199 547.5916 547.7921 547.991 547.9774 547.7457 547.6599 547.6613 547.6963 547.7494 547.8105 547.8702 547.922 547.9588 547.9763 547.9747 547.943 547.9016 547.857 547.8233 547.8292 547.903 547.9995 547.9674 547.841 548.1993 549.2463 550.4319 551.4054 553.8501 557.6113 562.1511
548.7055 548.4959 548.7465 550.0118 551.9566 554.1052 555.2291 554.3388 552.1835 550.3887 549.1805 548.5692 548.3214 548.2365 548.002 547.6193 547.2695 547.0559 547.0277 547.1758 547.433 547.7094 547.9432 548.1107 548.1589 548.1057 548.0914 548.2333 548.0209 547.8575 547.8476 547.778 547.6462 547.4932 547.3823 547.349 547.3912 547.4896 547.5858 547.5754 547.4593 547.404 547.4274 547.5086 547.6216 547.7413 547.8464 547.9246 547.9705 547.9842 547.9781 547.9528 547.9171 547.8772 547.8451 547.8607 547.9971 548.1241 548.2205 548.0728 548.2806 549.1998 550.6237 552.5662 555.5401 559.5786 564.3298
548.0398 547.9192 547.9008 548.55 550.0294 551.7866 552.7444 552.0986 550.5768 549.35 548.5356 548.1881 548.0054 547.9843 547.7271 547.4265 547.1855 547.0579 547.0568 547.1727 547.3789 547.6567 547.9844 548.3109 548.4994 548.5599 548.8893 548.9342 548.5328 548.0451 547.9975 547.9032 547.7477 547.5792 547.4434 547.3649 547.3368 547.3407 547.3511 547.3154 547.2506 547.2358 547.297 547.4249 547.5908 547.7563 547.8881 547.9695 548 548 548 547.9999 547.9996 547.9987 547.9965 548.0108 548.1935 548.4078 548.7362 548.8221 549.1071 550.0991 551.8934 554.4523 557.9778 562.2541 566.9726
547.463 547.5417 547.4851 547.7415 548.5154 549.6541 550.2239 549.9505 549.1958 548.535 548.0418 547.9803 547.816 547.7216 547.5424 547.3551 547.2258 547.1801 547.1967 547.2646 547.3889 547.6147 547.972 548.4545 548.842 549.0049 549.2123 549.2148 548.9681 548.4065 548.1171 547.9981 547.8251 547.6604 547.5171 547.4149 547.3511 547.3059 547.2633 547.2123 547.1683 547.1801 547.2726 547.4366 547.6365 547.8236 547.9524 548 547.9651 547.9545 547.9931 548.0677 548.1623 548.2549 548.3723 548.5471 548.7877 549.1329 549.6077 550.0698 550.8024 552.1689 554.3627 557.4111 561.2101 565.4624 569.9447
546.9853 547.1653 547.1879 547.264 547.5851 548.0685 548.304 548.2468 548.0638 547.9352 547.704 547.6588 547.594 547.5361 547.4532 547.3901 547.3813 547.4346 547.4677 547.4705 547.4626 547.5536 547.7722 548.1169 548.8034 548.958 549.0986 549.028 548.8796 548.3721 548.0087 547.9016 547.7977 547.6855 547.5758 547.4774 547.4034 547.3447 547.2877 547.2343 547.2065 547.238 547.3496 547.531 547.7376 547.9137 547.9999 547.9654 547.9326 547.9863 548.1478 548.3835 548.6609 548.9107 549.2122 549.6133 549.9575 550.426 551.0931 551.9496 553.3787 555.3744 558.0074 561.3116 565.0842 569.0744 573.1407
546.7529 546.9115 546.9505 546.9609 547.0538 547.2137 547.3103 547.3369 547.3563 547.397 547.389 547.4301 547.4625 547.4762 547.4862 547.5534 547.6663 547.8513 547.9049 547.8452 547.6741 547.6342 547.7071 547.8409 548.0392 548.1459 548.554 548.3689 548.108 547.998 547.8574 547.7982 547.7477 547.685 547.6127 547.5435 547.4821 547.4312 547.385 547.3442 547.3292 547.3732 547.4965 547.6818 547.8685 547.9992 547.9957 547.9702 548.0319 548.2566 548.6598 549.168 549.7587 550.2332 550.7422 551.3249 551.9868 552.7961 553.8176 555.1603 557.0641 559.5292 562.4826 565.8301 569.3895 572.9794 576.5186
546.6146 546.7352 546.7968 546.7955 546.7935 546.8192 546.8484 546.8945 546.9856 547.1131 547.2432 547.3939 547.5287 547.6135 547.688 547.8939 548.1108 548.4454 548.5054 548.4343 548.1196 548.0448 548.0426 548.0419 548.0195 547.9077 548.0331 547.9875 547.8967 547.8278 547.7645 547.7367 547.7184 547.692 547.6548 547.613 547.5789 547.5509 547.5248 547.4997 547.4913 547.5355 547.6617 547.8491 547.9985 548.0588 548.0764 548.1646 548.4308 548.953 549.7427 550.6469 551.684 552.638 553.5439 554.4091 555.335 556.4169 557.7415 559.4706 561.7513 564.5008 567.5687 570.8057 574.053 577.1668 -9999
546.5472 546.6083 546.6644 546.6815 546.6762 546.6752 546.6942 546.7568 546.8872 547.084 547.3275 547.6085 547.8738 548.0375 548.1247 548.4946 548.8857 549.0753 549.1359 549.1141 549.0299 549.0096 549.003 548.9334 548.7543 548.1621 548.0452 548.0085 547.9957 547.858 547.7701 547.7327 547.7246 547.7218 547.7133 547.7002 547.6908 547.6905 547.6887 547.6727 547.6538 547.6763 547.7923 547.9945 548.1235 548.248 548.4026 548.7339 549.3361 550.2955 551.6077 553.1948 554.8245 556.2703 557.5058 558.5692 559.6194 560.8292 562.3534 564.3892 566.9796 569.9558 573.0883 576.1912 579.1203 -9999 -9999
546.4193 546.4875 546.5493 546.5923 546.6187 546.6476 546.7021 546.8092 546.9944 547.2726 547.6388 548.0807 548.514 548.8718 548.9624 549.141 549.3849 549.5502 549.6616 549.7324 549.9183 549.9592 549.9158 549.6456 549.3533 548.9818 548.8535 548.547 548.2946 548.0072 547.8569 547.7784 547.7626 547.7743 547.7881 547.7985 547.8119 547.8348 547.858 547.8477 547.8004 547.7716 547.8483 548.0123 548.3434 548.7114 549.1351 549.8866 551.0222 552.6639 554.6905 556.8946 558.9973 560.7498 562.1254 563.2 564.2127 565.4224 567.0707 569.3898 572.2932 575.5128 -9999 -9999 -9999 -9999 -9999
546.3038 546.3832 546.4728 546.5524 546.6222 546.7034 546.8179 546.9923 547.255 547.6396 548.1588 548.8301 549.1752 549.4112 549.4943 549.5844 549.717 549.8538 549.993 550.0167 550.2461 550.3416 550.2695 550.0101 549.7573 549.5079 549.3087 549.0005 548.6669 548.2689 547.9968 547.8535 547.8235 547.8429 547.8701 547.8923 547.9167 547.9528 547.9998 547.9996 547.9292 547.8563 547.9906 548.3173 548.8835 549.5963 550.4149 551.7994 553.7504 556.1141 558.7674 561.4468 563.7875 565.567 566.8248 567.7102 568.5676 569.7409 571.5286 -9999 -9999 -9999 -9999 -9999 -9999 -9999 -9999
546.1647 546.3044 546.4359 546.5618 546.6852 546.8295 547.0195 547.2784 547.6361 548.1592 548.8625 549.3545 549.6255 549.7671 549.8073 549.8328 549.8966 550.002 550.1616 550.2708 550.4343 550.5065 550.4342 550.231 550.0045 549.8232 549.6061 549.3131 548.965 548.4287 548.0056 547.89 547.8917 547.9225 547.9495 547.9642 547.9795 548 548.0334 548.0396 547.9989 547.8842 548.0784 548.7783 549.6906 550.7587 552.429 554.7413 557.4435 560.3826 563.4398 566.334 568.6505 570.2122 571.1639 571.7496 572.4501 -9999 -9999 -9999 -9999 -9999 -9999 -9999 -9999 -9999 -9999
546.0044 546.2339 546.4204 546.594 546.7753 546.9908 547.2676 547.6294 548.0943 548.8132 549.3287 549.6893 549.885 549.9622 549.9635 549.9546 550.0007 550.1343 550.295 550.4257 550.5378 550.5728 550.5018 550.3456 550.1658 549.9971 549.7501 549.4231 549.0009 548.4662 548.0117 547.9392 547.9684 547.9971 548.0096 548 548 548.0037 548.0114 547.9999 547.9269 548.0289 548.6298 549.6188 550.8682 552.6752 555.305 558.4387 561.7272 565.0106 568.1901 571.0266 573.111 574.3236 -9999 -9999 -9999 -9999 -9999 -9999 -9999 -9999 -9999 -9999 -9999 -9999 -9999
545.9987 546.2163 546.4243 546.6304 546.8614 547.1447 547.5063 547.9741 548.5391 549.0493 549.5295 549.8402 549.9911 550.0303 550.0128 550.0001 550.089 550.238 550.3916 550.5109 550.5801 550.5756 550.4929 550.3527 550.1885 550.0026 549.7698 549.4385 549.0046 548.5121 548.1158 547.9997 547.9993 547.9996 547.9996 547.9701 547.9695 547.9799 547.9867 547.9996 548.0463 548.4884 549.4305 550.6659 552.5373 555.3315 558.8001 562.5074 566.119 569.4938 572.5668 575.1799 -9999 -9999 -9999 -9999 -9999 -9999 -9999 -9999 -9999 -9999 -9999 -9999 -9999 -9999 -9999
545.9993 546.2142 546.4188 546.6407 546.9093 547.2465 547.6624 548.1497 548.8985 549.3037 549.6481 549.8729 549.975 549.9967 549.9915 550.0004 550.1344 550.297 550.437 550.5352 550.5702 550.5294 550.423 550.2825 550.1395 549.9975 549.7485 549.4163 549.0039 548.4871 548.0553 547.8406 547.7806 547.7871 547.8203 547.8495 547.9088 547.9655 547.9991 548.0762 548.6583 549.186 550.2551 552.1 554.9205 558.5701 562.5961 566.5588 570.2043 573.459 -9999 -9999 -9999 -9999 -9999 -9999 -9999 -9999 -9999 -9999 -9999 -9999 -9999 -9999 -9999 -9999 -9999
545.9992 546.2087 546.401 546.6158 546.8968 547.2787 547.7876 548.4128 548.8914 549.2751 549.5868 549.7583 549.8232 549.8517 549.9108 549.9995 550.1358 550.2981 550.4136 550.4978 550.5103 550.4397 550.3033 550.1472 550.0017 549.8714 549.6361 549.3073 548.9415 548.3356 547.8369 547.5596 547.4813 547.5258 547.6309 547.7278 547.8798 547.997 548.0457 548.6585 549.7593 550.2626 551.6603 554.2499 557.8936 562.133 566.405 570.3312 573.7758 -9999 -9999 -9999 -9999 -9999 -9999 -9999 -9999 -9999 -9999 -9999 -9999 -9999 -9999 -9999 -9999 -9999 -9999
545.9988 546.2005 546.3724 546.5596 546.8071 547.154 547.6073 548.1145 548.5322 548.9753 549.3317 549.4666 549.4968 549.5417 549.6926 549.84 550.0013 550.1997 550.287 550.3911 550.4045 550.3199 550.1575 550.0016 549.8876 549.7337 549.4608 549.0396 548.575 547.9938 547.5162 547.2656 547.2434 547.3695 547.588 547.717 547.969 548.08 548.5215 549.3105 550.3971 551.6185 553.7591 557.0592 561.2859 565.8222 570.0731 573.7573 -9999 -9999 -9999 -9999 -9999 -9999 -9999 -9999 -9999 -9999 -9999 -9999 -9999 -9999 -9999 -9999 -9999 -9999 -9999
545.9983 546.1923 546.3541 546.5117 546.7006 546.9548 547.3077 547.703 548.0933 548.5084 548.8882 548.95 548.9521 549.0454 549.3367 549.509 549.681 549.9684 550.0187 550.213 550.2495 550.1794 550.0035 549.8889 549.7723 549.5903 549.303 548.8995 548.2513 547.6752 547.2729 547.1351 547.2494 547.4805 547.8774 547.9948 548.3597 549.0424 549.9369 550.9767 552.3109 554.1344 556.8619 560.586 565.0292 569.5662 573.6134 576.9377 -9999 -9999 -9999 -9999 -9999 -9999 -9999 -9999 -9999 -9999 -9999 -9999 -9999 -9999 -9999 -9999 -9999 -9999 -9999
545.9979 546.1978 546.3804 546.5457 546.6953 546.8308 547.0477 547.3014 547.5868 547.8632 548.0369 548.0601 548.1315 548.507 548.8755 548.9486 549.0417 549.4364 549.6644 549.9717 550.0067 549.9929 549.8517 549.731 549.5833 549.3291 548.9412 548.4111 547.8795 547.5272 547.3322 547.4223 547.7665 548.0502 548.5089 549.1003 550.1245 551.3962 552.8529 554.3514 556.0421 558.1675 561.0603 564.7911 569.1019 573.4131 577.1599 -9999 -9999 -9999 -9999 -9999 -9999 -9999 -9999 -9999 -9999 -9999 -9999 -9999 -9999 -9999 -9999 -9999 -9999 -9999 -9999
546.0025 546.2419 546.5005 546.7478 546.9865 547.0055 547.0008 547.0404 547.1855 547.3456 547.4206 547.4469 547.5745 547.8991 548.0218 548.0424 548.1897 548.7767 549.022 549.4257 549.5561 549.5607 549.4877 549.4108 549.2543 548.8988 548.3651 547.9578 547.7488 547.8711 548.0545 548.5258 549.1725 549.8851 550.8517 551.999 553.5748 555.4702 557.4758 559.3979 561.3109 563.431 566.0988 569.5001 573.4411 577.3909 -9999 -9999 -9999 -9999 -9999 -9999 -9999 -9999 -9999 -9999 -9999 -9999 -9999 -9999 -9999 -9999 -9999 -9999 -9999 -9999 -9999
546.1038 546.3609 546.7133 547.0588 547.4198 547.453 547.2691 547.0064 547.0001 547.0526 547.014 546.9626 547.0014 547.1488 547.2261 547.3054 547.522 547.9474 548.1898 548.7746 548.8996 548.8979 548.8722 548.8865 548.7605 548.2698 547.9326 547.9641 548.2708 549.0226 550.0037 551.2758 552.5105 553.6896 555.0136 556.6383 558.6523 560.9727 563.337 565.4995 567.4437 569.3346 571.5428 574.4077 577.8442 -9999 -9999 -9999 -9999 -9999 -9999 -9999 -9999 -9999 -9999 -9999 -9999 -9999 -9999 -9999 -9999 -9999 -9999 -9999 -9999 -9999 -9999
546.15 546.4742 546.9928 547.5948 547.9786 547.9932 547.7229 547.2958 547.0957 546.9992 546.8039 546.6448 546.5896 546.6376 546.7209 546.8645 547.1152 547.4427 547.7108 547.9976 548.0012 548.0029 548.0034 548.1729 548.0743 548.062 548.2879 549.0567 550.3387 552.0552 553.8345 555.7374 557.4724 559.0586 560.6653 562.518 564.7362 567.219 569.7024 571.893 573.6998 575.2415 576.9127 579.1539 -9999 -9999 -9999 -9999 -9999 -9999 -9999 -9999 -9999 -9999 -9999 -9999 -9999 -9999 -9999 -9999 -9999 -9999 -9999 -9999 -9999 -9999 -9999
546.1487 546.4694 547.026 547.7974 548.0542 548.166 547.9468 547.3862 547.1429 546.9921 546.7227 546.5566 546.5195 546.5764 546.7397 546.9968 547.3312 547.6645 547.9346 548.0715 548.1356 548.337 548.8506 549.8296 549.5294 549.6978 550.5052 552.1432 554.3653 556.8271 559.2435 561.5112 563.509 565.2712 566.9614 568.804 570.9708 573.3771 575.7826 577.8669 579.47 580.6635 -9999 -9999 -9999 -9999 -9999 -9999 -9999 -9999 -9999 -9999 -9999 -9999 -9999 -9999 -9999 -9999 -9999 -9999 -9999 -9999 -9999 -9999 -9999 -9999 -9999
546.2159 546.4246 546.7478 547.0979 547.5123 547.7986 547.4822 547.0297 546.9935 546.8524 546.7554 546.8086 546.9901 547.1902 547.5402 548.0168 548.5432 548.9982 549.3236 549.4705 549.5715 549.8021 550.2866 551.1931 551.8469 552.8694 554.5716 556.9365 559.7591 562.6518 565.3566 567.7502 569.7502 571.4273 572.9666 574.5886 576.5042 578.6879 580.9403 582.929 -9999 -9999 -9999 -9999 -9999 -9999 -9999 -9999 -9999 -9999 -9999 -9999 -9999 -9999 -9999 -9999 -9999 -9999 -9999 -9999 -9999 -9999 -9999 -9999 -9999 -9999 -9999
