backend/lakes/data/Manatokan Lake/mana_dem_tm.asc
ncols         114
nrows         85
xllcorner     759750
yllcorner     6038300
cellsize      50
NODATA_value  -9999
[rows 29 to 57 of 85, columns 0 to 66 of 114]
-9999 -9999 -9999 -9999 -9999 -9999 -9999 -9999 -9999 -9999 -9999 -9999 -9999 -9999 -9999 -9999 -9999 561.4763 561.6364 561.6502 561.0406 559.6668 557.7028 555.4515 553.3149 551.5852 550.5303 550.0314 549.823 549.7103 549.6782 549.5511 549.1907 548.4608 547.6907 546.8961 546.1436 545.5294 545.1071 544.9067 544.887 544.989 545.1173 545.1919 545.1957 545.1938 545.2906 545.4965 545.7092 545.8397 545.8457 545.7568 545.6122 545.4403 545.2683 545.1028 544.9529 544.813 544.7079 544.724 544.9633 545.572 546.6469 548.2718 550.5178 552.9333 554.7559
-9999 -9999 -9999 -9999 -9999 -9999 -9999 -9999 -9999 -9999 -9999 -9999 -9999 -9999 -9999 -9999 -9999 560.1475 559.8312 559.4677 558.6411 557.1787 555.2518 553.1911 551.3303 549.9761 549.1683 548.7117 548.5464 548.475 548.3702 548.1038 547.7762 547.2786 546.7169 546.1376 545.5994 545.1702 544.8927 544.7848 544.8212 544.963 545.1287 545.2346 545.2527 545.2421 545.308 545.487 545.6821 545.8234 545.8718 545.837 545.7564 545.6478 545.5058 545.3224 545.0958 544.8539 544.6635 544.6328 544.8755 545.4897 546.4592 547.9643 550.0601 552.3514 554.153
-9999 -9999 -9999 -9999 -9999 -9999 -9999 -9999 -9999 -9999 -9999 -9999 -9999 -9999 -9999 -9999 -9999 558.9295 558.1719 557.4858 556.4398 554.8685 553.0341 551.224 549.7346 548.632 547.9338 547.628 547.5541 547.537 547.4505 547.1853 546.8716 546.4823 546.0463 545.5987 545.1891 544.8708 544.6815 544.6343 544.7041 544.86 545.0371 545.157 545.1843 545.1631 545.1948 545.3373 545.5106 545.6385 545.7164 545.728 545.7035 545.6592 545.579 545.4326 545.2118 544.9516 544.7385 544.6913 544.9235 545.5103 546.4255 547.8508 549.8302 551.9912 553.8017
-9999 -9999 -9999 -9999 -9999 -9999 -9999 -9999 -9999 -9999 -9999 -9999 -9999 -9999 -9999 -9999 558.6973 557.7049 556.7253 555.8527 554.6891 553.0339 551.283 549.7792 548.5579 547.6599 547.1025 546.851 546.7894 546.7805 546.7147 546.5273 546.2706 545.9523 545.5909 545.2175 544.8853 544.6328 544.491 544.4713 544.5515 544.6984 544.8644 544.9798 545.0102 544.981 544.981 545.0822 545.2369 545.3567 545.4281 545.4746 545.4884 545.4883 545.4643 545.3809 545.2159 544.9995 544.8185 544.7893 545.016 545.5644 546.4846 547.8943 549.8617 552.0471 553.8066
-9999 -9999 -9999 -9999 -9999 -9999 -9999 -9999 -9999 -9999 -9999 -9999 -9999 -9999 -9999 -9999 557.4293 556.4363 555.4565 554.5326 553.4322 551.6981 550.1241 548.8124 547.7839 547.042 546.5679 546.3346 546.2629 546.2491 546.2044 546.0758 545.8679 545.5901 545.2588 544.9335 544.6542 544.4468 544.3325 544.3207 544.3949 544.5188 544.655 544.7498 544.7728 544.7395 544.7142 544.7714 544.9066 545.0244 545.0968 545.1356 545.167 545.1903 545.2008 545.1732 545.0862 544.9565 544.8599 544.9049 545.1803 545.7216 546.6945 548.1133 550.0696 552.2509 554.0162
-9999 -9999 -9999 -9999 -9999 -9999 -9999 -9999 -9999 -9999 -9999 -9999 -9999 -9999 -9999 -9999 556.0139 555.0853 554.2215 553.4106 552.4775 550.8068 549.3722 548.2116 547.378 546.6965 546.2553 546.0244 545.9386 545.9165 545.8818 545.7828 545.5926 545.3131 545.0007 544.7069 544.4669 544.2957 544.204 544.1964 544.2579 544.3552 544.4528 544.515 544.5192 544.4815 544.4411 544.4587 544.557 544.6765 544.7532 544.7891 544.8048 544.8241 544.849 544.8644 544.855 544.8349 544.8659 545.0502 545.483 546.1464 547.2028 548.6599 550.5458 552.5999 554.3447
-9999 -9999 -9999 -9999 -9999 -9999 -9999 -9999 -9999 -9999 -9999 -9999 -9999 -9999 -9999 -9999 554.953 554.1589 553.497 552.7542 551.924 550.337 548.9392 547.8058 547.0437 546.4642 546.0737 545.8561 545.7641 545.7338 545.6962 545.5961 545.3807 545.0959 544.7922 544.5175 544.3047 544.163 544.0931 544.0924 544.1459 544.2203 544.2825 544.3086 544.2861 544.2366 544.1895 544.1791 544.2361 544.3354 544.4166 544.4534 544.4579 544.4585 544.4789 544.522 544.5864 544.6848 544.865 545.2095 545.8027 546.7716 548.076 549.7365 551.5215 553.2863 554.8809
-9999 -9999 -9999 -9999 -9999 -9999 -9999 -9999 -9999 -9999 -9999 -9999 -9999 -9999 -9999 554.575 554.9756 554.7668 554.2037 553.37 551.8685 550.2073 548.7751 547.6569 546.8949 546.3532 545.9908 545.7831 545.69 545.6533 545.6008 545.4651 545.2272 544.9325 544.6281 544.3595 544.1609 544.0397 543.9873 543.9956 544.0466 544.1086 544.1458 544.1412 544.0929 544.025 543.9684 543.9432 543.9675 544.0347 544.1046 544.141 544.1406 544.132 544.1544 544.223 544.3588 544.5842 544.942 545.519 546.4128 547.7147 549.3591 551.2751 553.0613 554.5549 555.4042
-9999 -9999 -9999 -9999 -9999 -9999 -9999 -9999 -9999 -9999 -9999 -9999 -9999 -9999 -9999 554.6516 555.4229 555.6478 554.9702 553.7364 551.8138 550.0876 548.6831 547.6129 546.8533 546.3207 545.9679 545.7634 545.6707 545.637 545.5963 545.3987 545.1277 544.8185 544.5107 544.239 544.0411 543.9267 543.8833 543.8964 543.9467 544.0036 544.0305 544.0077 543.9415 543.857 543.7864 543.7467 543.7563 543.7892 543.8307 543.857 543.8575 543.8528 543.9023 544.0122 544.2338 544.5985 545.1389 545.9347 547.1914 548.9057 550.9872 553.0308 554.6253 555.5076 555.7562
-9999 -9999 -9999 -9999 -9999 -9999 -9999 -9999 -9999 -9999 -9999 -9999 -9999 -9999 -9999 555.0804 555.8339 555.8647 555.1531 553.592 551.4973 549.8435 548.5591 547.5815 546.8403 546.3123 545.9626 545.7576 545.6568 545.6004 545.5165 545.3187 545.048 544.7408 544.4355 544.1621 543.9564 543.8353 543.7881 543.797 543.8427 543.8961 543.9219 543.8962 543.8263 543.7375 543.6563 543.601 543.5999 543.5999 543.5992 543.5981 543.5963 543.6061 543.719 543.8873 544.2275 544.7718 545.5377 546.6074 548.1164 550.2496 552.6283 554.6656 555.7844 556.0403 555.7724
-9999 -9999 -9999 -9999 -9999 -9999 -9999 -9999 -9999 -9999 -9999 -9999 -9999 -9999 -9999 555.4209 555.7275 555.553 554.636 552.9641 550.9702 549.5334 548.4213 547.5443 546.8204 546.2954 545.9493 545.7465 545.6471 545.598 545.4568 545.2484 544.9869 544.6926 544.397 544.1287 543.9126 543.7776 543.7153 543.7097 543.7438 543.7906 543.8171 543.798 543.7382 543.6688 543.6 543.5582 543.5133 543.4523 543.3912 543.3474 543.3389 543.397 543.5771 543.7952 544.2954 545.0588 546.0427 547.3459 548.9754 551.376 553.9611 555.8621 556.5142 556.0522 555.21
-9999 -9999 -9999 -9999 -9999 -9999 -9999 -9999 -9999 -9999 -9999 -9999 -9999 -9999 -9999 555.7056 555.6715 555.274 554.1987 552.4395 550.6151 549.3813 548.3746 547.5245 546.7985 546.2719 545.9271 545.7206 545.6008 545.5192 545.3781 545.1815 544.9409 544.6695 544.3904 544.1315 543.9136 543.7579 543.676 543.6486 543.6644 543.7021 543.7251 543.713 543.6663 543.6404 543.6002 543.5706 543.4725 543.3412 543.2158 543.1272 543.0992 543.1583 543.3358 543.659 544.3841 545.4034 546.6405 548.0255 549.5782 551.9744 554.5654 556.3027 556.7344 555.7364 554.629
-9999 -9999 -9999 -9999 -9999 -9999 -9999 -9999 -9999 -9999 -9999 -9999 -9999 -9999 -9999 555.8206 555.7199 555.2932 554.2488 552.5491 550.7454 549.5789 548.5248 547.572 546.8181 546.282 545.9312 545.7208 545.5986 545.4697 545.3197 545.1345 544.9153 544.6703 544.4132 544.1683 543.9526 543.7849 543.6745 543.6212 543.6136 543.6405 543.6571 543.6459 543.6005 543.6387 543.6472 543.5974 543.4291 543.2411 543.0733 542.9615 542.9312 543.0071 543.2221 543.6509 544.4989 545.5713 546.7798 548.0856 549.7495 551.916 554.3509 555.9489 555.9026 555.0467 554.2314
-9999 -9999 -9999 -9999 -9999 -9999 -9999 -9999 -9999 -9999 -9999 -9999 -9999 -9999 -9999 555.9091 555.8694 555.566 554.6625 552.9759 551.2979 550.0638 548.8952 547.787 546.9777 546.4009 546.007 545.7536 545.5967 545.4449 545.2938 545.1207 544.9198 544.6991 544.4673 544.24 544.0342 543.8589 543.7257 543.6345 543.5895 543.5997 543.5997 543.5984 543.5613 543.597 543.5918 543.4674 543.2917 543.1124 542.9572 542.8674 542.8772 543.0161 543.3145 543.8482 544.7941 545.8507 546.9757 548.1402 549.7056 551.6321 553.788 555.025 554.9502 554.3647 554.1053
-9999 -9999 -9999 -9999 -9999 -9999 -9999 -9999 -9999 -9999 -9999 -9999 -9999 -9999 -9999 556.0436 556.0446 555.8567 555.0236 553.8234 552.3951 551.0409 549.7113 548.3995 547.4265 546.7255 546.2188 545.8597 545.6079 545.4631 545.3203 545.155 544.9662 544.7651 544.5598 544.3562 544.167 543.9968 543.8479 543.717 543.6016 543.5402 543.4904 543.4423 543.3824 543.3494 543.2977 543.1921 543.069 542.9573 542.873 542.8542 542.9503 543.2095 543.6585 544.3834 545.382 546.4349 547.3886 548.3278 549.5748 551.1543 552.9269 554.0235 554.2031 554.1678 554.0887
-9999 -9999 -9999 -9999 -9999 -9999 -9999 -9999 -9999 -9999 -9999 -9999 -9999 -9999 -9999 556.4182 556.2117 555.9186 555.1439 554.3461 553.4366 552.3237 550.9519 549.5189 548.2362 547.3143 546.6221 546.1251 545.7933 545.5967 545.4284 545.2515 545.0631 544.879 544.7026 544.5315 544.3699 544.2219 544.0822 543.9395 543.7803 543.6083 543.4603 543.3239 543.1862 543.0665 542.9649 542.8816 542.8301 542.8186 542.8459 542.9315 543.1315 543.5401 544.1638 544.9921 545.9767 547.0503 547.7277 548.4012 549.2987 550.466 551.9629 553.2938 553.9686 554.147 553.9664
-9999 -9999 -9999 -9999 -9999 -9999 -9999 -9999 -9999 -9999 -9999 -9999 -9999 -9999 -9999 -9999 556.4099 555.9039 555.1373 554.6208 554.1129 553.4343 552.3345 550.882 549.3815 548.1415 547.1851 546.5044 546.0579 545.7853 545.595 545.4029 545.2083 545.0483 544.9106 544.7831 544.6641 544.557 544.4541 544.3365 544.175 543.9404 543.6354 543.3639 543.1011 542.8711 542.707 542.6326 542.6548 542.7593 542.9243 543.1306 543.4034 543.9043 544.7147 545.5923 546.5205 547.4122 547.8722 548.3495 549.0181 549.9219 551.077 552.5107 553.6754 554.0381 553.6337
-9999 -9999 -9999 -9999 -9999 -9999 -9999 -9999 -9999 -9999 -9999 -9999 -9999 -9999 -9999 -9999 556.5975 555.8876 555.1038 554.7339 554.4838 554.1311 553.4484 552.2397 550.6355 549.0427 547.8052 546.9313 546.361 546.0096 545.7784 545.5906 545.3932 545.28 545.2009 545.1313 545.071 545.0221 544.9758 544.9112 544.7883 544.5449 544.1302 543.662 543.2232 542.8521 542.6069 542.5259 542.6158 542.846 543.1687 543.5331 543.8916 544.5686 545.3712 546.1185 546.8667 547.5195 547.8097 548.2032 548.7808 549.5753 550.605 551.8526 553.2092 553.7561 553.0693
-9999 -9999 -9999 -9999 -9999 -9999 -9999 -9999 -9999 -9999 -9999 -9999 -9999 -9999 -9999 -9999 -9999 555.9247 555.087 554.7468 554.6194 554.4741 554.0754 553.1866 551.6149 549.851 548.3995 547.3569 546.6832 546.2737 546.0018 545.7916 545.6182 545.5919 545.593 545.6 545.6179 545.6453 545.6573 545.6392 545.5587 545.3436 544.8541 544.2701 543.6047 543.0691 542.7312 542.6312 542.777 543.1294 543.6039 544.1143 544.6566 545.3256 545.9362 546.515 547.0565 547.4614 547.6414 548.0483 548.6021 549.3419 550.308 551.4916 552.6906 552.9812 552.1375
-9999 -9999 -9999 -9999 -9999 -9999 -9999 -9999 -9999 -9999 -9999 -9999 -9999 -9999 -9999 -9999 -9999 -9999 -9999 554.7028 554.5784 554.5281 554.3112 553.6357 552.1993 550.4552 549.0441 547.7678 547.0192 546.6009 546.3181 546.1163 545.9977 546.01 546.0945 546.2096 546.3518 546.4948 546.5475 546.5002 546.3398 546.0872 545.6642 545.1053 544.2485 543.5715 543.1493 543.0225 543.2096 543.6688 544.2704 544.8383 545.4248 545.9608 546.4269 546.8646 547.2788 547.5875 547.7551 548.0615 548.5175 549.136 549.9303 550.8912 551.9261 551.6719 550.9364
-9999 -9999 -9999 -9999 -9999 -9999 -9999 -9999 -9999 -9999 -9999 -9999 -9999 -9999 -9999 -9999 -9999 -9999 555.2056 554.6454 554.4134 554.3488 554.2184 553.6631 552.4163 550.762 549.3022 548.0353 547.3417 547.002 546.7278 546.5432 546.4713 546.5462 546.7359 546.9595 547.2208 547.4849 547.5367 547.42 547.1467 546.8946 546.5812 546.1072 545.3469 544.4811 543.9734 543.8038 544.0137 544.5676 545.2088 545.6906 546.1739 546.6136 546.9491 547.2462 547.5779 547.8104 547.9739 548.2031 548.5415 548.9849 549.4995 550.0235 550.592 550.3171 549.8519
-9999 -9999 -9999 -9999 -9999 -9999 -9999 -9999 -9999 -9999 -9999 -9999 -9999 -9999 -9999 -9999 -9999 -9999 555.3807 554.6395 554.1981 554.0153 553.8691 553.2618 552.2151 550.8305 549.4999 548.3881 547.7108 547.4782 547.1932 547.0389 547.0233 547.1975 547.548 547.8821 548.2191 548.5439 548.5166 548.2777 547.9525 547.763 547.5777 547.2598 546.6782 545.8863 545.3709 545.1234 545.3519 545.842 546.374 546.7448 547.0842 547.4263 547.6136 547.7549 548.0076 548.2015 548.3441 548.5079 548.7422 549.0416 549.3467 549.5752 549.7032 549.5631 549.2711
-9999 -9999 -9999 -9999 -9999 -9999 -9999 -9999 -9999 -9999 -9999 -9999 -9999 -9999 -9999 -9999 -9999 556.97 555.8081 554.8319 554.0871 553.7185 553.3834 552.7396 551.7405 550.7276 549.6433 548.7361 548.1234 547.8154 547.6066 547.564 547.6501 547.9743 548.5776 549.1396 549.5548 549.7144 549.5654 549.2382 548.9918 548.7981 548.5468 548.2073 547.74 547.2253 546.8219 546.5668 546.9117 547.4808 547.92 548.0942 548.2288 548.4493 548.5641 548.6216 548.7356 548.8479 548.937 549.028 549.1764 549.3846 549.5737 549.5875 549.4792 549.2781 549.0186
-9999 -9999 -9999 -9999 -9999 -9999 -9999 -9999 -9999 -9999 -9999 -9999 -9999 -9999 -9999 -9999 -9999 557.5643 556.5222 555.3627 554.3619 553.7555 553.2626 552.6597 551.8631 550.993 550.0131 549.2003 548.5885 548.215 548.042 548.1013 548.4012 548.9835 549.7668 550.4714 550.9034 550.8891 550.6271 550.1738 550.0473 549.825 549.424 548.997 548.563 548.2086 548.0178 548.087 548.6427 549.3978 549.8754 549.8702 549.8135 549.8277 549.8187 549.752 549.7446 549.7808 549.8118 549.8025 549.8574 550.0226 550.2283 550.0142 549.6127 549.2574 548.9488
-9999 -9999 -9999 -9999 -9999 -9999 -9999 -9999 -9999 -9999 -9999 -9999 -9999 -9999 -9999 -9999 -9999 558.28 557.4284 556.2951 555.1429 554.2496 553.6069 553.0419 552.3961 551.6876 550.819 549.9139 549.1888 548.7095 548.5134 548.6302 549.088 549.8961 550.8635 551.5671 551.7815 551.741 551.6118 551.085 551.1133 550.7095 550.1225 549.5963 549.171 548.9839 549.0734 549.5658 550.4474 551.3564 551.8245 551.6876 551.5119 551.4037 551.3033 551.1019 551.0278 551.0527 551.0754 550.9143 550.741 550.8488 551.4264 550.919 549.8804 549.3183 548.9456
-9999 -9999 -9999 -9999 -9999 -9999 -9999 -9999 -9999 -9999 -9999 -9999 -9999 -9999 -9999 -9999 -9999 -9999 558.288 557.2868 556.1488 555.1503 554.3855 553.7894 553.1678 552.5927 551.7783 550.8558 549.9383 549.3019 549.0269 549.115 549.5931 550.5051 551.5461 551.9749 552.0162 551.8192 551.4832 551.0426 551.0067 550.8482 550.639 549.9395 549.5343 549.5662 549.9053 550.7199 551.8115 552.8819 553.3328 553.1608 552.9419 552.7316 552.5076 552.3151 552.2402 552.2858 552.345 551.9877 551.6957 551.3867 551.1377 550.5143 549.7346 549.293 548.9529
-9999 -9999 -9999 -9999 -9999 -9999 -9999 -9999 -9999 -9999 -9999 -9999 -9999 -9999 -9999 -9999 -9999 -9999 559.1895 558.1624 557.1119 556.1466 555.2537 554.5383 553.9211 553.3226 552.6053 551.7375 550.8209 550.0159 549.6508 549.6387 549.9659 550.8095 551.6262 551.8927 551.8551 551.559 551.0992 550.7589 550.574 550.3319 550.0511 549.7128 549.6422 550.0522 550.7112 551.6929 552.8993 553.8213 554.2577 554.1968 553.991 553.662 553.4132 553.2426 553.1154 553.0441 552.9213 552.4258 552.0141 551.6479 551.0507 550.2036 549.7321 549.3916 549.0588
-9999 -9999 -9999 -9999 -9999 -9999 -9999 -9999 -9999 -9999 -9999 -9999 -9999 -9999 -9999 -9999 -9999 -9999 -9999 559.1666 558.091 557.0972 556.1552 555.2327 554.4838 553.791 552.9679 552.1305 551.5951 550.9534 550.5465 550.4636 550.6097 550.9484 551.1949 551.629 551.6837 551.4081 550.9744 550.5858 550.303 550.0069 549.6533 549.6854 550.0654 550.7372 551.5546 552.6157 553.6782 554.4918 554.992 555.0963 554.894 554.3987 554.1265 553.935 553.6655 553.3788 552.9745 552.3665 552.0167 551.9258 551.4587 550.787 550.2031 549.7706 549.3475
-9999 -9999 -9999 -9999 -9999 -9999 -9999 -9999 -9999 -9999 -9999 -9999 -9999 -9999 -9999 -9999 -9999 -9999 -9999 -9999 -9999 558.069 556.9975 555.9185 554.9371 554.0833 553.3152 552.7182 552.337 551.9316 551.5812 551.5208 551.5594 551.6669 551.8212 552.0121 551.9332 551.5815 551.0911 550.7201 550.5048 550.4221 550.3734 550.5175 550.9543 551.701 552.5188 553.3418 554.1616 554.9545 555.614 555.9715 555.8102 555.2618 554.8824 554.4816 554.0329 553.5587 552.9096 552.1426 551.9389 551.9688 551.8835 551.4036 550.9209 550.3773 549.8306
