backend/lakes/data/Samson Lake/sams_dem_tm.asc
ncols         121
nrows         106
xllcorner     616800
yllcorner     5840650
cellsize      50
NODATA_value  -9999
[rows 30 to 59 of 106, columns 0 to 66 of 121]
-9999 -9999 -9999 -9999 -9999 -9999 -9999 -9999 -9999 -9999 -9999 -9999 -9999 -9999 -9999 -9999 -9999 -9999 -9999 -9999 -9999 -9999 769.9257 769.6846 769.2974 769.0301 768.8951 768.4913 768.016 767.6766 767.4763 767.364 767.2856 767.2081 767.1204 767.1047 767.1298 767.2068 767.2902 767.2966 767.2157 767.1555 767.1417 767.1701 767.2234 767.3094 767.5269 767.9792 768.6697 769.6349 770.6848 771.8251 773.2214 774.7505 776.0229 776.8002 -9999 -9999 -9999 -9999 -9999 -9999 -9999 -9999 -9999 -9999 -9999
-9999 -9999 -9999 -9999 -9999 -9999 -9999 -9999 -9999 -9999 -9999 -9999 -9999 -9999 -9999 -9999 -9999 -9999 -9999 -9999 -9999 -9999 769.5076 769.3276 769.043 769.0081 768.9401 768.4507 767.9622 767.6014 767.365 767.2163 767.1099 767.002 766.8767 766.8061 766.802 766.8545 766.9095 766.9204 766.8887 766.8598 766.8438 766.8247 766.7864 766.7491 766.8021 767.0366 767.5175 768.4086 769.6663 771.2286 773.0225 774.8405 776.2878 777.035 777.2355 -9999 -9999 -9999 -9999 -9999 -9999 -9999 -9999 -9999 -9999
-9999 -9999 -9999 -9999 -9999 -9999 -9999 -9999 -9999 -9999 -9999 -9999 -9999 -9999 -9999 -9999 -9999 -9999 -9999 -9999 -9999 -9999 769.1824 769.1166 769.0186 768.9976 768.8303 768.2407 767.8357 767.524 767.3033 767.1614 767.0723 766.9964 766.8459 766.7393 766.7007 766.7102 766.7276 766.7343 766.7416 766.7664 766.7952 766.7913 766.7244 766.6074 766.5124 766.5383 766.7949 767.4378 768.5992 770.2792 772.3114 774.3791 776.0636 777.0292 777.4794 777.6774 -9999 -9999 -9999 -9999 -9999 -9999 -9999 -9999 -9999
-9999 -9999 -9999 -9999 -9999 -9999 -9999 -9999 -9999 -9999 -9999 -9999 -9999 -9999 -9999 -9999 -9999 -9999 -9999 -9999 -9999 768.9982 769.0023 769.0004 768.9828 768.884 768.5685 768.1151 767.7479 767.4678 767.2681 767.14 767.0636 766.999 766.8717 766.766 766.7099 766.6851 766.6639 766.6536 766.6833 766.7651 766.8657 766.9222 766.8782 766.7257 766.5216 766.3712 766.4072 766.794 767.6816 769.1996 771.2414 773.4814 775.4424 776.7731 777.5524 778.0035 -9999 -9999 -9999 -9999 -9999 -9999 -9999 -9999 -9999
-9999 -9999 -9999 -9999 -9999 -9999 -9999 -9999 -9999 -9999 -9999 -9999 -9999 -9999 -9999 -9999 -9999 -9999 -9999 -9999 -9999 768.956 768.9808 769.0027 768.9995 768.8574 768.441 768.0077 767.6715 767.4213 767.2423 767.1259 767.056 766.9997 766.9088 766.8214 766.7616 766.712 766.6526 766.611 766.641 766.7644 766.9387 767.076 767.0909 766.9492 766.6895 766.4141 766.2654 766.4199 767.0455 768.2793 770.1296 772.4 774.6035 776.3361 777.4254 778.0204 778.3492 -9999 -9999 -9999 -9999 -9999 -9999 -9999 -9999
-9999 -9999 -9999 -9999 -9999 -9999 -9999 -9999 -9999 -9999 -9999 -9999 -9999 -9999 -9999 -9999 -9999 -9999 -9999 -9999 768.9346 768.9741 769 769.014 769.0012 768.869 768.2451 767.8669 767.5884 767.3766 767.2197 767.1134 767.0482 767.0001 766.9506 766.8822 766.8218 766.753 766.6569 766.5733 766.5782 766.7123 766.9344 767.1421 767.228 767.1346 766.879 766.5459 766.2737 766.2413 766.626 767.5574 769.1452 771.287 773.6699 775.761 777.1962 777.9854 778.3251 -9999 -9999 -9999 -9999 -9999 -9999 -9999 -9999
-9999 -9999 -9999 -9999 -9999 -9999 -9999 -9999 -9999 -9999 -9999 -9999 -9999 -9999 -9999 -9999 -9999 -9999 -9999 -9999 768.9514 768.9999 769.0133 769.0001 768.9707 768.797 768.1647 767.7938 767.5365 767.3453 767.203 767.1053 767.0488 767.0199 766.9996 766.9394 766.8772 766.794 766.6676 766.5399 766.5002 766.6066 766.8281 767.0623 767.1989 767.1694 766.9731 766.659 766.3428 766.1941 766.4042 767.1128 768.4241 770.3638 772.7303 775.0781 776.8716 777.8439 778.2012 778.0425 -9999 -9999 -9999 -9999 -9999 -9999 -9999
-9999 -9999 -9999 -9999 -9999 -9999 -9999 -9999 -9999 -9999 -9999 -9999 -9999 -9999 -9999 -9999 -9999 -9999 -9999 -9999 768.9355 768.9998 769.0132 768.9808 768.8611 768.5644 768.1163 767.7655 767.5113 767.326 767.1906 767.0976 767.0444 767.0192 767.0001 766.9718 766.9211 766.8337 766.6901 766.5289 766.4396 766.4869 766.652 766.845 766.9789 766.9976 766.899 766.6757 766.3955 766.2021 766.2939 766.8248 767.8493 769.5146 771.79 774.2609 776.3358 777.5739 778.0916 777.9701 -9999 -9999 -9999 -9999 -9999 -9999 -9999
-9999 -9999 -9999 -9999 -9999 -9999 -9999 -9999 -9999 -9999 -9999 -9999 -9999 -9999 -9999 -9999 -9999 -9999 -9999 -9999 768.909 768.9681 769 768.9777 768.8258 768.4935 768.0782 767.7363 767.4864 767.3073 767.1783 767.0898 767.0392 767.0185 767.0105 766.9999 766.9584 766.8739 766.7291 766.5562 766.4315 766.4103 766.479 766.5621 766.6224 766.6392 766.6566 766.573 766.3887 766.2118 766.2147 766.5634 767.3622 768.8065 770.8962 773.3005 775.5949 777.1606 777.9291 777.9852 -9999 -9999 -9999 -9999 -9999 -9999 -9999
-9999 -9999 -9999 -9999 -9999 -9999 -9999 -9999 -9999 -9999 -9999 -9999 -9999 -9999 -9999 -9999 -9999 -9999 -9999 -9999 768.8926 768.9478 769 769.0052 768.8431 768.4302 768.0018 767.6772 767.4468 767.2829 767.165 767.0829 767.0349 767.0157 767.0104 767 766.9799 766.907 766.7758 766.6167 766.4882 766.4164 766.3893 766.3268 766.267 766.2142 766.3392 766.3977 766.3351 766.2246 766.2012 766.442 767.079 768.278 770.0814 772.314 774.7166 776.5808 777.5637 777.7593 777.3682 -9999 -9999 -9999 -9999 -9999 -9999
-9999 -9999 -9999 -9999 -9999 -9999 -9999 -9999 -9999 -9999 -9999 -9999 -9999 -9999 -9999 -9999 -9999 -9999 769.0322 768.8827 768.8801 768.937 769.0003 769.0448 768.8771 768.242 767.8607 767.5945 767.4028 767.2618 767.1569 767.0817 767.0358 767.0176 767.0161 767.0151 766.9999 766.9275 766.8119 766.6826 766.5831 766.4927 766.4154 766.2467 766.1053 766.0475 766.1326 766.2432 766.2734 766.2453 766.2614 766.4537 766.9729 767.9263 769.412 771.4727 773.7426 775.6811 776.8175 776.9578 776.8076 776.8881 -9999 -9999 -9999 -9999 -9999
-9999 -9999 -9999 -9999 -9999 -9999 -9999 -9999 -9999 -9999 -9999 -9999 -9999 -9999 -9999 -9999 -9999 769.0773 768.9097 768.8562 768.8812 768.9397 769.0005 769.0567 768.8677 768.1703 767.7892 767.5539 767.3887 767.2629 767.1651 767.0925 767.0457 767.0246 767.0215 767.0203 767 766.928 766.827 766.7242 766.6528 766.5586 766.426 766.2302 766.0588 765.9963 766.0765 766.1417 766.222 766.2772 766.3506 766.5432 766.9653 767.699 768.9191 770.7625 772.6613 774.5181 775.6844 775.8546 776.0488 776.5948 -9999 -9999 -9999 -9999 -9999
-9999 -9999 -9999 -9999 -9999 -9999 -9999 -9999 -9999 -9999 -9999 -9999 -9999 -9999 -9999 -9999 -9999 768.926 768.8698 768.8696 768.9094 768.9595 769.0003 769.0396 768.8151 768.1371 767.7864 767.5735 767.42 767.2971 767.1968 767.1195 767.0667 767.038 767.0276 767.0216 766.9998 766.9298 766.85 766.7892 766.7308 766.6354 766.4786 766.2642 766.061 765.9491 765.9575 766.0206 766.1711 766.3136 766.4527 766.6481 766.9766 767.4918 768.3824 769.7859 771.4282 773.2308 774.5182 774.8775 775.7616 776.5438 776.7379 -9999 -9999 -9999 -9999
-9999 -9999 -9999 -9999 -9999 -9999 -9999 -9999 -9999 -9999 -9999 -9999 -9999 -9999 -9999 -9999 768.9995 768.9329 768.9038 768.9194 768.9583 768.9902 769.0001 768.9818 768.6564 768.1104 767.8459 767.6495 767.4927 767.3615 767.2507 767.1624 767.0985 767.0585 767.0372 767.0228 767.0001 766.9635 766.908 766.8568 766.8002 766.7054 766.5452 766.3243 766.0983 765.9437 765.9083 765.9855 766.1635 766.3657 766.5599 766.7567 766.9882 767.3079 767.8964 768.8707 770.2773 771.9703 773.5814 774.7793 775.8458 776.6383 776.7246 -9999 -9999 -9999 -9999
-9999 -9999 -9999 -9999 -9999 -9999 -9999 -9999 -9999 -9999 -9999 -9999 -9999 -9999 -9999 769.0393 769.0001 768.9663 768.9525 768.9717 768.9999 768.9999 768.9556 768.8477 768.5671 768.2029 767.9796 767.7606 767.5869 767.4427 767.3193 767.2175 767.1399 767.0864 767.053 767.0322 767.0165 766.9999 766.9503 766.8958 766.8346 766.7429 766.5921 766.38 766.1506 765.9752 765.9147 765.9874 766.1785 766.422 766.6654 766.8702 767.0009 767.1656 767.5021 768.1392 769.1903 770.7012 772.412 774.0828 775.5006 776.3729 776.2291 775.4114 774.3232 -9999 -9999
-9999 -9999 -9999 -9999 -9999 -9999 -9999 -9999 -9999 -9999 -9999 -9999 -9999 -9999 -9999 769.0135 769.0089 768.9999 768.986 769 769 768.9653 768.8812 768.7352 768.4972 768.2202 768.0005 767.8276 767.6708 767.5261 767.3948 767.2808 767.1887 767.1202 767.0719 767.0382 767.0151 767 766.9563 766.8951 766.8242 766.7328 766.5968 766.4072 766.1953 766.0222 765.9492 766.0074 766.1884 766.4532 766.7432 766.991 767.0538 767.0918 767.2123 767.5475 768.2912 769.4711 771.067 772.8417 774.415 775.4308 775.5477 775.0371 774.2526 773.572 773.0685
-9999 -9999 -9999 -9999 -9999 -9999 -9999 -9999 -9999 -9999 -9999 -9999 -9999 -9999 -9999 768.9847 769.024 769.0247 769.0001 769.0061 768.9995 768.9203 768.8065 768.651 768.4449 768.2145 768.0081 767.8936 767.7551 767.6121 767.4752 767.3509 767.2448 767.16 767.0946 767.0426 767.0001 766.9792 766.9359 766.8649 766.7777 766.6783 766.5536 766.3928 766.2128 766.0605 765.9874 766.0215 766.1688 766.4171 766.7141 766.9873 767.0679 767.067 767.0372 767.0918 767.5676 768.4478 769.7195 771.3343 772.918 774.1122 774.6333 774.5712 774.2076 773.7379 773.0916
-9999 -9999 -9999 -9999 -9999 -9999 -9999 -9999 -9999 -9999 -9999 -9999 -9999 -9999 -9999 769.0577 769.1093 769.1027 769.0508 768.9999 768.9427 768.8541 768.7405 768.5983 768.427 768.2455 768.0894 767.9932 767.8445 767.6996 767.5602 767.4282 767.3085 767.2065 767.1244 767.0574 767 766.954 766.8965 766.812 766.7062 766.5917 766.4698 766.3357 766.1943 766.0739 766.0128 766.0181 766.1025 766.3005 766.5539 766.8209 766.9963 767.0613 766.993 766.8869 767.0688 767.6389 768.5503 769.8056 771.2479 772.5121 773.3635 773.7472 773.7584 773.4385 772.8944
-9999 -9999 -9999 -9999 -9999 -9999 -9999 -9999 -9999 -9999 -9999 -9999 -9999 -9999 -9999 769.212 769.2908 769.2529 769.1334 768.9987 768.8978 768.8062 768.7042 768.5825 768.4399 768.2868 768.1387 768.0046 767.9009 767.7805 767.6491 767.5131 767.3795 767.2579 767.1565 767.0743 766.9999 766.9191 766.834 766.7329 766.6125 766.4833 766.3583 766.2431 766.1425 766.0542 766.0188 765.9999 766.0029 766.1373 766.3074 766.5558 766.7839 766.951 766.842 766.723 766.7924 767.1231 767.7321 768.5795 769.6659 770.8041 771.7997 772.4777 772.7733 772.7307 772.4275
-9999 -9999 -9999 -9999 -9999 -9999 -9999 -9999 -9999 -9999 -9999 -9999 -9999 -9999 -9999 769.5911 769.6136 769.4936 769.2698 769.0198 768.8983 768.8082 768.7175 768.6122 768.491 768.3594 768.2273 768.1038 767.9993 767.8815 767.7517 767.6097 767.4583 767.3113 767.1848 767.086 766.9998 766.8853 766.7599 766.6317 766.4979 766.3597 766.2316 766.1283 766.0685 766.0009 765.9993 765.9602 765.9429 765.9948 766.0317 766.2328 766.4104 766.5681 766.5618 766.5417 766.6451 766.9272 767.2723 767.7921 768.4924 769.3683 770.2345 771.002 771.4365 771.6121 771.6549
-9999 -9999 -9999 -9999 -9999 -9999 -9999 -9999 -9999 -9999 -9999 -9999 -9999 -9999 -9999 769.9941 769.9731 769.7806 769.4904 769.1995 769.0031 768.8842 768.7889 768.6878 768.578 768.4615 768.3428 768.2279 768.1185 768.0002 767.8699 767.7215 767.5452 767.3641 767.204 767.0845 767.0001 766.8655 766.6992 766.531 766.3746 766.2296 766.1041 766.0038 765.997 765.9412 765.9147 765.8784 765.8531 765.8594 765.8832 765.9879 766.0479 766.208 766.2643 766.338 766.4916 766.7434 767.017 767.3511 767.7853 768.3559 769.0713 769.7591 770.0267 770.249 770.5588
-9999 -9999 -9999 -9999 -9999 -9999 -9999 -9999 -9999 -9999 -9999 -9999 -9999 -9999 -9999 770.1971 770.1536 769.9789 769.6753 769.3762 769.1489 769.0002 768.8976 768.7917 768.687 768.581 768.4722 768.3628 768.2521 768.1326 768.0008 767.8499 767.6403 767.4176 767.2124 767.0598 766.9968 766.8491 766.6586 766.4548 766.2664 766.1082 765.9983 765.9069 765.8704 765.8286 765.7991 765.7703 765.7473 765.7395 765.7513 765.8026 765.8632 765.9821 766.0149 766.1498 766.3602 766.6655 766.9796 767.1796 767.4167 767.7561 768.2052 768.7079 769.0099 769.236 769.4634
-9999 -9999 -9999 -9999 -9999 -9999 -9999 -9999 -9999 -9999 -9999 -9999 -9999 -9999 -9999 770.2713 770.2021 770.0077 769.7505 769.4772 769.2491 769.093 768.9971 768.8896 768.795 768.7025 768.6052 768.501 768.3894 768.2655 768.1307 767.9809 767.7388 767.4831 767.2306 767.011 766.9469 766.8073 766.62 766.407 766.1946 766.0058 765.8932 765.8004 765.7397 765.6949 765.6666 765.6465 765.6317 765.6244 765.6289 765.6541 765.6978 765.772 765.8408 765.9931 766.2269 766.6099 766.9803 767.1299 767.2472 767.4339 767.7157 768.0514 768.351 768.5824 768.7876
-9999 -9999 -9999 -9999 -9999 -9999 -9999 -9999 -9999 -9999 -9999 -9999 -9999 -9999 -9999 -9999 770.2 770.0084 769.7634 769.4998 769.2712 769.106 769.0009 768.9404 768.8822 768.8136 768.733 768.6385 768.5244 768.3879 768.2203 768.0176 767.8256 767.5913 767.3398 767.1202 766.9915 766.7963 766.593 766.3861 766.1819 765.998 765.8392 765.7114 765.6195 765.5598 765.5277 765.5138 765.5085 765.5081 765.5126 765.5265 765.5554 765.6085 765.6871 765.8311 766.0696 766.548 766.9786 767.1207 767.168 767.2628 767.4544 767.7146 767.9869 768.2061 768.3864
-9999 -9999 -9999 -9999 -9999 -9999 -9999 -9999 -9999 -9999 -9999 -9999 -9999 -9999 -9999 -9999 -9999 769.9822 769.714 769.4471 769.2245 769.0727 769.0001 768.9791 768.9536 768.9094 768.8506 768.7742 768.6669 768.5291 768.3657 768.181 767.9962 767.765 767.4969 767.2284 766.998 766.7894 766.5868 766.3839 766.186 765.9979 765.8021 765.6357 765.5114 765.4313 765.3901 765.3781 765.3811 765.3896 765.4001 765.4143 765.4399 765.4915 765.5854 765.7524 766.0344 766.5316 766.9818 767.1147 767.1028 767.1408 767.293 767.5182 767.7671 767.9909 768.1549
-9999 -9999 -9999 -9999 -9999 -9999 -9999 -9999 -9999 -9999 -9999 -9999 -9999 -9999 -9999 -9999 -9999 -9999 769.54 769.3121 769.1204 769.001 768.978 769 768.9999 768.9771 768.9462 768.9009 768.8084 768.6805 768.5339 768.3777 768.2072 767.9919 767.7083 767.3806 767.048 766.8365 766.6332 766.4158 766.202 765.9965 765.7686 765.5695 765.4171 765.3154 765.2622 765.2465 765.2545 765.2717 765.2913 765.313 765.3452 765.4061 765.5201 765.7164 766.0273 766.4967 766.9482 767.0776 767.0035 767.0049 767.152 767.3676 767.6044 767.8229 767.9977
-9999 -9999 -9999 -9999 -9999 -9999 -9999 -9999 -9999 -9999 -9999 -9999 -9999 -9999 -9999 -9999 -9999 -9999 769.2918 769.1389 769.0016 768.9381 768.9436 768.9785 768.9889 768.9999 768.9999 768.9988 768.9291 768.8168 768.6972 768.5794 768.4435 768.2523 767.9888 767.6586 767.3115 767.0168 766.7607 766.4911 766.2325 765.9935 765.7389 765.5173 765.344 765.2228 765.1539 765.1302 765.1378 765.1615 765.1899 765.2209 765.2621 765.3316 765.4561 765.6632 765.9715 766.3367 766.7288 766.9553 766.8896 766.8619 766.9798 767.1967 767.441 767.6674 767.8531
-9999 -9999 -9999 -9999 -9999 -9999 -9999 -9999 -9999 -9999 -9999 -9999 -9999 -9999 -9999 -9999 -9999 -9999 -9999 769.0004 768.9238 768.903 768.9395 768.9995 769.0027 769.0042 769.0026 769.0011 768.9981 768.9174 768.8359 768.7759 768.6971 768.5397 768.2949 767.988 767.6461 767.299 766.9571 766.6035 766.2806 765.9916 765.7269 765.4973 765.3093 765.1707 765.0825 765.0453 765.0467 765.0723 765.1073 765.1445 765.1893 765.2568 765.3688 765.5426 765.7777 766.043 766.3663 766.5862 766.5953 766.5616 766.6254 766.9177 767.2188 767.4825 767.6931
-9999 -9999 -9999 -9999 -9999 -9999 -9999 -9999 -9999 -9999 -9999 -9999 -9999 -9999 -9999 -9999 -9999 -9999 -9999 768.9348 768.8945 768.9174 769.0029 769.1292 769.2113 769.2444 769.2109 769.1326 769.0198 768.9949 768.9531 768.9677 768.9716 768.8419 768.5929 768.2883 767.9676 767.5901 767.1389 766.757 766.3859 766.0358 765.7814 765.5463 765.3427 765.1832 765.0734 765.0145 765.005 765.0271 765.0641 765.1033 765.1433 765.1965 765.2821 765.4138 765.5913 765.7986 766.0288 766.233 766.2632 766.2021 766.1461 766.4692 766.8961 767.234 767.4847
-9999 -9999 -9999 -9999 -9999 -9999 -9999 -9999 -9999 -9999 -9999 -9999 -9999 -9999 -9999 -9999 -9999 -9999 -9999 -9999 768.9173 769.0037 769.172 769.3655 769.5268 769.6096 769.5527 769.448 769.3153 769.1608 769.0903 769.1675 769.2834 769.145 768.8407 768.5024 768.1993 767.9157 767.5158 767.0675 766.6552 766.2883 765.9941 765.7152 765.4789 765.2969 765.1569 765.0737 765.0459 765.0621 765.0965 765.13 765.1552 765.1804 765.2274 765.3133 765.4432 765.6102 765.8015 765.9773 766.0017 765.9763 765.9053 766.0732 766.4728 766.9061 767.2101
