backend/lakes/data/Samson Lake/sams_dem_tm.asc
ncols         121
nrows         106
xllcorner     616800
yllcorner     5840650
cellsize      50
NODATA_value  -9999
[rows 60 to 89 of 106, columns 0 to 66 of 121]
-9999 -9999 -9999 -9999 -9999 -9999 -9999 -9999 -9999 -9999 -9999 -9999 -9999 -9999 -9999 -9999 -9999 -9999 -9999 -9999 -9999 -9999 769.3976 769.6283 769.8384 769.9684 769.8831 769.8116 769.7745 769.7045 769.3229 769.3689 769.6493 769.4138 768.9877 768.5836 768.2802 768.0693 767.8901 767.4988 767.0556 766.6744 766.3549 766.0241 765.752 765.5547 765.3798 765.2636 765.2205 765.2277 765.2568 765.2764 765.2705 765.2461 765.2348 765.262 765.3365 765.4517 765.587 765.7017 765.7316 765.7159 765.6917 765.8005 766.0729 766.4857 766.8798
-9999 -9999 -9999 -9999 -9999 -9999 -9999 -9999 -9999 -9999 -9999 -9999 -9999 -9999 -9999 -9999 -9999 -9999 -9999 -9999 -9999 -9999 -9999 -9999 -9999 770.0418 770.0005 769.9897 769.9929 769.8394 769.5291 769.4651 769.9901 769.5298 768.9744 768.5411 768.2731 768.1375 768.1417 767.9341 767.5508 767.1797 766.8807 766.5215 766.2169 766.0251 765.7935 765.6431 765.5885 765.5966 765.6201 765.6141 765.5516 765.4396 765.3373 765.2818 765.2844 765.3357 765.4116 765.4777 765.5024 765.5026 765.5149 765.6108 765.8154 766.109 766.4904
-9999 -9999 -9999 -9999 -9999 -9999 -9999 -9999 -9999 -9999 -9999 -9999 -9999 -9999 -9999 -9999 -9999 -9999 -9999 -9999 -9999 -9999 -9999 -9999 -9999 -9999 770.0029 770 770.0001 769.8943 769.7049 769.5925 769.5712 769.2448 768.7906 768.4682 768.3614 768.4668 768.532 768.3773 768.0786 767.8156 767.488 767.1846 766.9902 766.7938 766.4537 766.2789 766.2361 766.2612 766.2899 766.2432 766.0779 765.8141 765.5713 765.3979 765.3052 765.2798 765.2941 765.3185 765.3325 765.3442 765.382 765.4877 765.6848 765.9647 766.2318
-9999 -9999 -9999 -9999 -9999 -9999 -9999 -9999 -9999 -9999 -9999 -9999 -9999 -9999 -9999 -9999 -9999 -9999 -9999 -9999 -9999 -9999 -9999 -9999 -9999 -9999 -9999 770 770 769.9544 769.8844 769.8554 769.8096 769.2408 768.7809 768.564 768.6076 768.8871 768.9498 768.7958 768.5604 768.3325 768.0789 767.9254 767.8255 767.6799 767.4122 767.2735 767.2657 767.3425 767.41 767.3051 766.9285 766.426 765.9752 765.6359 765.4165 765.2961 765.241 765.2208 765.2168 765.2297 765.277 765.3817 765.5546 765.7797 766.0019
-9999 -9999 -9999 -9999 -9999 -9999 -9999 -9999 -9999 -9999 -9999 -9999 -9999 -9999 -9999 -9999 -9999 -9999 -9999 -9999 -9999 -9999 -9999 -9999 -9999 -9999 -9999 -9999 770 769.9911 769.981 769.9914 769.9694 769.579 769.26 769.1254 769.1254 769.1486 769.0049 768.9929 768.8734 768.7415 768.5747 768.462 768.3835 768.2994 768.1709 768.0891 768.153 768.3538 768.5437 768.4662 768.0485 767.3694 766.5902 766.0178 765.6307 765.3899 765.2501 765.1754 765.1433 765.1467 765.1909 765.2852 765.4318 765.6161 765.8092
-9999 -9999 -9999 -9999 -9999 -9999 -9999 -9999 -9999 -9999 -9999 -9999 -9999 -9999 -9999 -9999 -9999 -9999 -9999 -9999 -9999 -9999 -9999 -9999 -9999 -9999 -9999 -9999 -9999 770 770 770.0002 770.0133 769.8703 769.7758 769.8268 769.7917 769.5052 769.057 768.9939 768.9997 768.9917 768.8877 768.8126 768.763 768.7745 768.774 768.7048 768.8113 769.1132 769.314 769.2581 768.9068 768.2968 767.4028 766.5468 765.9493 765.5575 765.312 765.1699 765.1003 765.0859 765.1202 765.2018 765.3269 765.4836 765.6544
-9999 -9999 -9999 -9999 -9999 -9999 -9999 -9999 -9999 -9999 -9999 -9999 -9999 -9999 -9999 -9999 -9999 -9999 -9999 -9999 -9999 -9999 -9999 -9999 -9999 -9999 -9999 -9999 -9999 -9999 770.021 770.0438 770.0626 770.0233 769.9998 770.0291 770.0364 769.8115 769.1921 768.9933 769.0011 769.0238 768.9999 768.9963 769.0057 769.1838 769.3206 769.1779 769.2807 769.723 769.8603 769.796 769.4973 768.9521 768.1428 767.2293 766.3608 765.7815 765.4083 765.1888 765.0772 765.0419 765.0649 765.1356 765.2456 765.3842 765.5383
-9999 -9999 -9999 -9999 -9999 -9999 -9999 -9999 -9999 -9999 -9999 -9999 -9999 -9999 -9999 -9999 -9999 -9999 -9999 -9999 -9999 -9999 -9999 -9999 -9999 -9999 -9999 -9999 -9999 -9999 -9999 770.0778 770.0941 770.0734 770.0377 770.0002 770.0672 769.943 769.3964 769.0287 768.9999 769.0024 768.9897 769.003 769.1829 769.7088 769.7969 769.7073 769.7474 769.9868 770.1147 770.0912 769.8611 769.4027 768.7156 767.8027 766.8174 766.0128 765.5034 765.2117 765.0646 765.0129 765.0275 765.0911 765.1919 765.3191 765.4614
-9999 -9999 -9999 -9999 -9999 -9999 -9999 -9999 -9999 -9999 -9999 -9999 -9999 -9999 -9999 -9999 -9999 -9999 -9999 -9999 -9999 -9999 -9999 -9999 -9999 -9999 -9999 -9999 -9999 -9999 -9999 770.1063 770.1126 770.0881 770.057 770.0164 770.0005 769.9003 769.4602 769.1271 769.0134 769 768.9999 769.0709 769.4009 769.9194 770.0411 770.0081 769.9639 770.0051 770.1603 770.2015 770.0347 769.6326 768.9934 768.1224 767.0566 766.1236 765.5483 765.2221 765.0599 765.0025 765.0139 765.0739 765.1693 765.2893 765.423
-9999 -9999 -9999 -9999 -9999 -9999 -9999 -9999 -9999 -9999 -9999 -9999 -9999 -9999 -9999 -9999 -9999 -9999 -9999 -9999 -9999 -9999 -9999 -9999 -9999 -9999 -9999 -9999 770 770.0402 770.1024 770.1351 770.1143 770.0662 770.0352 769.9431 769.7556 769.5338 769.2777 769.0957 769.0007 769.0083 768.9956 769.0219 769.3644 769.7739 769.9989 770.0801 770.0118 770.0025 770.1332 770.2097 770.0814 769.7125 769.1046 768.2767 767.183 766.1787 765.5708 765.2354 765.0751 765.0214 765.0338 765.0912 765.1818 765.2963 765.4237
-9999 -9999 -9999 -9999 -9999 -9999 -9999 -9999 -9999 -9999 -9999 -9999 -9999 -9999 -9999 -9999 -9999 -9999 -9999 -9999 -9999 -9999 -9999 -9999 -9999 -9999 770.0626 770.0002 770.0044 770.0554 770.1213 770.1443 770.0855 770.0024 769.9998 769.8701 769.4743 769.1228 768.9983 769.0019 769.0207 769.0364 769.0159 769.0049 769.2216 769.4764 769.7346 769.9598 769.8665 769.9481 770.0146 770.132 770.031 769.6913 769.113 768.3522 767.2882 766.2258 765.6011 765.2738 765.1283 765.0844 765.0975 765.1497 765.233 765.3409 765.4631
-9999 -9999 -9999 -9999 -9999 -9999 -9999 -9999 -9999 -9999 -9999 -9999 -9999 -9999 -9999 -9999 -9999 -9999 -9999 -9999 -9999 -9999 -9999 770.0582 770.1183 770.1326 770.0779 769.9876 769.9381 769.9844 770.0619 770.0916 769.9987 769.9313 769.962 769.8932 769.3034 768.9253 768.6921 768.7889 768.8502 768.8739 768.8777 768.8589 768.9381 768.9863 769.2013 769.5257 769.3421 769.4948 769.6832 769.9214 769.8625 769.5903 769.0953 768.4054 767.3049 766.2344 765.6403 765.3526 765.2374 765.2059 765.2135 765.2529 765.3239 765.4225 765.5392
-9999 -9999 -9999 -9999 -9999 -9999 -9999 -9999 -9999 -9999 -9999 -9999 -9999 -9999 -9999 -9999 -9999 -9999 -9999 -9999 -9999 770 770.0244 770.0891 770.1398 770.0957 769.9304 769.6877 769.6682 769.7457 769.8334 769.8669 769.686 769.6233 769.7351 769.8262 769.3419 768.6719 768.1833 768.1169 768.1384 768.1675 768.2319 768.3869 768.4059 768.3159 768.5364 768.8182 768.8413 768.9712 769.1561 769.4399 769.4963 769.3396 768.9442 768.2092 767.1484 766.186 765.6947 765.4865 765.4172 765.3969 765.3844 765.3992 765.4514 765.5386 765.6486
-9999 -9999 -9999 -9999 -9999 -9999 -9999 -9999 -9999 -9999 -9999 -9999 -9999 -9999 -9999 -9999 -9999 -9999 -9999 -9999 -9999 769.9719 770.0003 770.0685 770.0865 769.9206 769.5182 769.187 769.267 769.3433 769.3483 769.2401 769.0223 769.0014 769.2516 769.7081 769.3052 768.546 768.0645 767.8334 767.7399 767.7191 767.7607 767.8517 767.8677 767.8444 767.9714 768.1447 768.3229 768.4843 768.7109 768.9514 769.0074 768.8981 768.5741 767.8304 766.9487 766.1674 765.8085 765.6965 765.6755 765.6586 765.6003 765.5787 765.6082 765.6841 765.7925
-9999 -9999 -9999 -9999 -9999 -9999 -9999 -9999 -9999 -9999 -9999 -9999 -9999 -9999 -9999 -9999 -9999 -9999 -9999 -9999 770.0042 769.9668 769.9895 770.0009 769.9504 769.6057 769.1538 768.9827 768.9615 768.8743 768.7208 768.3925 768.1866 768.2028 768.5068 769.0903 769.3381 768.7394 768.1296 767.7496 767.5457 767.4531 767.4353 767.4594 767.471 767.4907 767.5934 767.7556 767.9508 768.0625 768.2847 768.4344 768.425 768.2209 767.9188 767.3071 766.7595 766.2809 766.0256 765.9916 765.9955 765.9677 765.832 765.7776 765.787 765.8505 765.9819
-9999 -9999 -9999 -9999 -9999 -9999 -9999 -9999 -9999 -9999 -9999 -9999 -9999 -9999 -9999 -9999 -9999 -9999 -9999 -9999 770.0976 770.0009 769.9836 769.8845 769.6848 769.3287 768.9932 768.7903 768.5486 768.2317 768.0259 767.7782 767.6296 767.6622 767.8954 768.2426 768.4479 768.3032 767.9604 767.6556 767.4481 767.3261 767.2675 767.2499 767.2518 767.2838 767.3726 767.5092 767.6663 767.7965 767.9641 768.0081 767.9604 767.7491 767.4575 767.0457 766.7413 766.4966 766.3625 766.3364 766.3125 766.2167 766.044 766.0005 765.9966 766.0215 766.1674
-9999 -9999 -9999 -9999 -9999 -9999 -9999 -9999 -9999 -9999 -9999 -9999 -9999 -9999 -9999 -9999 -9999 -9999 -9999 -9999 770.1694 770.0527 769.9906 769.7733 769.4631 769.0683 768.7437 768.2652 768.0315 767.7761 767.5673 767.3801 767.2814 767.3221 767.5034 767.755 767.9396 767.9408 767.7855 767.6012 767.4508 767.345 767.2786 767.2451 767.2389 767.266 767.3346 767.433 767.5328 767.6052 767.6664 767.6537 767.575 767.4117 767.21 766.998 766.8605 766.765 766.7148 766.7012 766.6676 766.5482 766.4033 766.3199 766.2885 766.3188 766.4515
-9999 -9999 -9999 -9999 -9999 -9999 -9999 -9999 -9999 -9999 -9999 -9999 -9999 -9999 -9999 -9999 -9999 -9999 -9999 -9999 770.1309 769.9998 769.8846 769.6639 769.3585 769.024 768.7809 768.1313 767.8 767.5551 767.3601 767.2094 767.1393 767.1841 767.3452 767.5703 767.7604 767.8258 767.7761 767.6954 767.6194 767.5566 767.509 767.4824 767.4763 767.4946 767.5382 767.591 767.6162 767.58 767.5264 767.4443 767.3403 767.2133 767.0889 767.0002 766.998 766.9957 766.9949 766.9966 766.9811 766.853 766.7469 766.6438 766.5914 766.6173 766.7562
-9999 -9999 -9999 -9999 -9999 -9999 -9999 -9999 -9999 -9999 -9999 -9999 -9999 -9999 -9999 -9999 -9999 -9999 -9999 -9999 769.9987 769.905 769.7987 769.6073 769.3278 769.0178 768.7911 768.1554 767.8078 767.5712 767.3951 767.268 767.2111 767.259 767.4335 767.6951 767.9359 768.0457 768.0527 768.0527 768.0442 768.0305 768.016 768.0192 768.029 768.046 768.0671 768.0721 768.007 767.8046 767.6163 767.4414 767.2979 767.1747 767.0802 767.0342 767.0456 767.0677 767.0854 767.0911 767.071 767.0023 766.9891 766.8895 766.8361 766.8512 767.005
-9999 -9999 -9999 -9999 -9999 -9999 -9999 -9999 -9999 -9999 -9999 -9999 -9999 -9999 -9999 -9999 -9999 -9999 -9999 -9999 -9999 769.8569 769.7863 769.6396 769.3793 769.0237 768.73 768.2992 768 767.788 767.6398 767.5377 767.491 767.548 767.7795 768.1613 768.5206 768.6815 768.7472 768.7945 768.8172 768.8385 768.8601 768.9264 768.9832 769.0244 769.0379 768.9934 768.8044 768.3445 767.9958 767.6953 767.4946 767.3389 767.22 767.1523 767.1262 767.1217 767.1222 767.1122 767.0874 767.0507 767.0381 767.0001 766.9966 767.0124 767.2139
-9999 -9999 -9999 -9999 -9999 -9999 -9999 -9999 -9999 -9999 -9999 -9999 -9999 -9999 -9999 -9999 -9999 -9999 -9999 -9999 -9999 769.8763 769.8542 769.7863 769.5884 769.1992 768.8479 768.5236 768.317 768.1637 768.0394 767.9656 767.9435 768.0374 768.3952 769.0399 769.549 769.7538 769.76 769.7343 769.7715 769.8863 770.0271 770.2097 770.3489 770.4304 770.419 770.2891 769.9789 769.2873 768.7195 768.2537 767.9908 767.7694 767.5754 767.4407 767.3322 767.2606 767.2125 767.1592 767.1066 767.0623 767.0436 767.0416 767.0803 767.1741 767.3957
-9999 -9999 -9999 -9999 -9999 -9999 -9999 -9999 -9999 -9999 -9999 -9999 -9999 -9999 -9999 -9999 -9999 -9999 -9999 -9999 -9999 769.9383 769.9541 769.9977 769.9556 769.6776 769.1437 768.8207 768.7272 768.751 768.5114 768.4213 768.4556 768.7151 769.3026 770.1385 770.8024 771.0804 771.077 770.9767 771.0547 771.3238 771.6609 771.968 772.1913 772.3074 772.216 771.8649 771.2812 770.4633 769.7108 769.199 768.8497 768.5347 768.2271 767.996 767.7488 767.569 767.4445 767.3118 767.204 767.1221 767.0846 767.095 767.1621 767.3004 767.5324
-9999 -9999 -9999 -9999 -9999 -9999 -9999 -9999 -9999 -9999 -9999 -9999 -9999 -9999 -9999 -9999 -9999 -9999 -9999 -9999 -9999 770 770.0021 770.0861 770.0868 769.8832 769.4697 769.0922 768.9666 768.9011 768.8126 768.8885 769.0624 769.5443 770.4369 771.4952 772.3122 772.6787 772.717 772.6478 772.809 773.1963 773.6422 774.0533 774.3384 774.4698 774.3094 773.8016 773.0117 772.0301 771.1138 770.5066 770.0249 769.6709 769.2948 768.9274 768.4624 768.1209 767.8849 767.628 767.4478 767.3033 767.231 767.2324 767.2993 767.4396 767.6686
-9999 -9999 -9999 -9999 -9999 -9999 -9999 -9999 -9999 -9999 -9999 -9999 -9999 -9999 -9999 -9999 -9999 -9999 -9999 -9999 -9999 770.0522 770.0846 770.1737 770.2285 770.1469 769.9046 769.5505 769.2836 769.1851 769.1987 769.4229 769.8448 770.6203 771.7771 773.0025 773.9105 774.3309 774.4139 774.4 774.6217 775.0685 775.5493 776.0249 776.3273 776.4429 776.2536 775.7011 774.8534 773.8062 772.7625 771.9518 771.4122 771.0726 770.7157 770.2552 769.6066 769.009 768.5233 768.1363 767.8985 767.6732 767.5581 767.5363 767.5681 767.6569 767.8187
-9999 -9999 -9999 -9999 -9999 -9999 -9999 -9999 -9999 -9999 -9999 -9999 -9999 -9999 -9999 -9999 -9999 -9999 -9999 -9999 -9999 769.9633 770.0773 770.2491 770.4394 770.5394 770.4969 770.3359 770.1947 770.1151 770.1164 770.3097 770.8505 771.8521 773.124 774.3247 775.1316 775.4976 775.5739 775.5769 775.8253 776.3232 776.78 777.3125 777.5852 -9999 -9999 777.1194 776.3898 775.4679 774.5009 773.6783 773.1107 772.7406 772.3418 771.7838 770.9955 770.1635 769.4547 768.9566 768.5984 768.3073 768.1625 768.113 768.0764 768.0804 768.1696
-9999 -9999 -9999 -9999 -9999 -9999 -9999 -9999 -9999 -9999 -9999 -9999 -9999 -9999 -9999 -9999 -9999 -9999 -9999 -9999 -9999 -9999 769.9292 770.3052 770.7498 771.1224 771.3587 771.5085 771.5262 771.4743 771.4321 771.5569 772.1098 773.093 774.2117 775.1402 775.7932 775.9951 775.9784 775.9103 -9999 -9999 -9999 -9999 -9999 -9999 -9999 -9999 777.3503 776.6978 776.0001 775.3655 774.8801 774.5441 774.1354 773.4875 772.5776 771.5762 770.7264 770.099 769.6718 769.3923 769.1987 769.0807 768.9194 768.8091 768.8172
-9999 -9999 -9999 -9999 -9999 -9999 -9999 -9999 -9999 -9999 -9999 -9999 -9999 -9999 -9999 -9999 -9999 -9999 -9999 -9999 -9999 -9999 -9999 770.4097 771.1898 771.9117 772.4133 772.7733 772.8909 772.8695 772.8121 772.9003 773.363 774.0972 774.8622 775.3938 -9999 -9999 -9999 -9999 -9999 -9999 -9999 -9999 -9999 -9999 -9999 -9999 -9999 -9999 -9999 -9999 776.3976 776.2 775.8794 775.2141 774.2487 773.1645 772.2315 771.5093 771.0369 770.7262 770.4549 770.1368 769.8134 769.4516 769.259
-9999 -9999 -9999 -9999 -9999 -9999 -9999 -9999 -9999 -9999 -9999 -9999 -9999 -9999 -9999 -9999 -9999 -9999 -9999 -9999 -9999 -9999 -9999 -9999 771.7235 772.5976 773.1797 773.6385 -9999 -9999 -9999 -9999 -9999 -9999 -9999 -9999 -9999 -9999 -9999 -9999 -9999 -9999 -9999 -9999 -9999 -9999 -9999 -9999 -9999 -9999 -9999 -9999 -9999 -9999 777.2173 776.6664 775.775 774.7579 773.8495 773.1042 772.5651 772.1594 771.7646 771.3054 770.8911 770.4254 769.9824
-9999 -9999 -9999 -9999 -9999 -9999 -9999 -9999 -9999 -9999 -9999 -9999 -9999 -9999 -9999 -9999 -9999 -9999 -9999 -9999 -9999 -9999 -9999 -9999 -9999 -9999 -9999 -9999 -9999 -9999 -9999 -9999 -9999 -9999 -9999 -9999 -9999 -9999 -9999 -9999 -9999 -9999 -9999 -9999 -9999 -9999 -9999 -9999 -9999 -9999 -9999 -9999 -9999 -9999 -9999 -9999 776.9416 776.1571 775.4326 774.7708 774.2237 773.7208 773.1983 772.6589 772.207 771.7055 771.0967
-9999 -9999 -9999 -9999 -9999 -9999 -9999 -9999 -9999 -9999 -9999 -9999 -9999 -9999 -9999 -9999 -9999 -9999 -9999 -9999 -9999 -9999 -9999 -9999 -9999 -9999 -9999 -9999 -9999 -9999 -9999 -9999 -9999 -9999 -9999 -9999 -9999 -9999 -9999 -9999 -9999 -9999 -9999 -9999 -9999 -9999 -9999 -9999 -9999 -9999 -9999 -9999 -9999 -9999 -9999 -9999 -9999 -9999 776.7607 776.2563 775.7833 775.2754 774.7153 774.1803 773.7388 773.2028 772.4464
