backend/lakes/data/Birch Lake/birc_dem_tm.asc
ncols         133
nrows         104
xllcorner     527700
yllcorner     5951550
cellsize      50
NODATA_value  -9999
[rows 30 to 59 of 104, columns 0 to 66 of 133]
-9999 -9999 -9999 -9999 -9999 -9999 -9999 -9999 -9999 -9999 -9999 -9999 -9999 -9999 -9999 -9999 -9999 -9999 -9999 733.4899 733.0605 732.9204 733.0499 733.5719 733.9623 734.1669 733.0794 732.8144 731.4238 730.1508 729.1068 728.4545 728.1796 728.1062 728.1625 728.2368 728.0558 727.6389 727.3738 727.2584 727.2866 727.4039 727.5706 727.8612 728.2645 728.6955 729.2305 730.2244 731.5461 733.1639 734.8585 736.4287 737.8174 739.0522 739.9949 740.6777 741.0178 741.1718 741.0061 -9999 -9999 -9999 -9999 -9999 -9999 -9999 -9999
-9999 -9999 -9999 -9999 -9999 -9999 -9999 -9999 -9999 -9999 -9999 -9999 -9999 -9999 -9999 -9999 -9999 -9999 733.285 733.0389 732.9684 733.0018 733.2145 733.5842 733.2904 732.8887 732.6547 731.8416 730.5889 729.3893 728.4274 727.8777 727.7524 727.7584 727.7535 727.6968 727.5104 727.2119 727.0219 726.8563 726.8322 726.8306 726.8236 726.8671 727.0276 727.2631 727.5909 728.1906 729.2072 730.3148 731.6359 733.2949 735.157 737.0735 738.7856 740.1781 741.0505 741.4921 741.251 741.099 -9999 -9999 -9999 -9999 -9999 -9999 -9999
-9999 -9999 -9999 -9999 -9999 -9999 -9999 -9999 -9999 -9999 -9999 -9999 -9999 -9999 -9999 -9999 -9999 732.4496 732.9532 733.0513 733.0677 732.9851 732.7611 732.4011 731.8357 731.4043 731.0383 730.2902 729.3826 728.5033 727.8271 727.4125 727.3984 727.4862 727.4661 727.3369 727.117 726.8735 726.8162 726.6119 726.5208 726.4797 726.4321 726.4567 726.6265 726.7946 727.098 727.7257 728.6156 728.8209 729.2371 730.3929 732.1786 734.4014 736.6383 738.6828 740.3126 741.3561 741.8936 741.6719 741.7479 742.0232 -9999 -9999 -9999 -9999 -9999
-9999 -9999 -9999 -9999 -9999 -9999 -9999 -9999 -9999 -9999 -9999 -9999 -9999 -9999 -9999 -9999 730.9139 731.7784 732.6044 733.0031 733.0004 732.5724 731.9166 730.9462 730.2523 729.7782 729.329 728.6694 728.1229 727.64 727.2955 727.1005 727.044 727.1769 727.194 727.0786 726.8465 726.6104 726.488 726.3397 726.2606 726.2488 726.2385 726.2765 726.5321 726.7516 727.0538 727.582 728.0933 727.9147 727.8505 728.3156 729.5817 731.4739 733.7344 736.0824 738.207 739.8525 740.8087 741.1466 741.4908 741.8997 742.0695 741.838 741.2921 741.3238 -9999
-9999 -9999 -9999 -9999 -9999 -9999 -9999 -9999 -9999 -9999 -9999 -9999 -9999 -9999 -9999 -9999 730.3676 731.1693 732.2863 732.8472 732.6827 731.7764 730.653 729.6086 728.8167 728.3528 727.9279 727.3308 727.0062 726.8719 726.8419 726.8403 726.8445 726.8489 726.8623 726.8296 726.5876 726.3419 726.186 726.0839 726.0355 726.0525 726.0835 726.1602 726.4106 726.7372 727.0577 727.4683 727.6091 727.3306 727.0775 727.169 727.7885 728.9756 730.739 732.9407 735.1501 737.1456 738.5671 739.4521 740.2391 740.9347 741.3524 741.1415 740.8369 740.8605 741.2527
-9999 -9999 -9999 -9999 -9999 -9999 -9999 -9999 -9999 -9999 -9999 -9999 -9999 -9999 -9999 -9999 730.1221 730.9046 731.8459 732.352 731.8071 730.688 729.5488 728.5646 727.8471 727.3553 726.9579 726.6219 726.4408 726.4109 726.4696 726.5355 726.5744 726.5889 726.5765 726.5034 726.303 726.0853 725.9319 725.8609 725.8452 725.8734 725.9171 726.0337 726.2321 726.6113 726.9323 727.2532 727.3033 727.014 726.6705 726.5255 726.6456 727.2465 728.4105 730.1262 732.0147 733.9291 735.5467 736.7182 737.9959 739.0184 739.7185 739.9021 740.0112 740.2322 740.4811
-9999 -9999 -9999 -9999 -9999 -9999 -9999 -9999 -9999 -9999 -9999 -9999 -9999 -9999 -9999 730.0078 730.1183 730.5082 730.9704 731.1355 730.655 729.797 728.7447 727.9427 727.3265 726.8767 726.5963 726.3726 726.2406 726.2096 726.252 726.3121 726.3466 726.3539 726.3322 726.2399 726.0585 725.8691 725.7389 725.687 725.6766 725.7042 725.7673 725.8784 726.1088 726.3818 726.6965 727.0135 727.0952 726.8455 726.4753 726.1929 726.0232 726.2847 727.162 728.5024 729.8422 731.1201 732.4301 733.6943 734.9722 736.2108 737.1024 737.7717 738.4233 739.0709 739.4589
-9999 -9999 -9999 -9999 -9999 -9999 -9999 -9999 -9999 -9999 -9999 -9999 -9999 -9999 -9999 729.9995 729.9933 729.9896 729.995 729.8971 729.8293 729.3339 728.4485 727.739 727.2073 726.8499 726.6332 726.4161 726.264 726.1943 726.1831 726.196 726.1993 726.179 726.1355 726.043 725.8822 725.7086 725.5999 725.5609 725.5418 725.5549 725.609 725.7278 725.918 726.0602 726.2998 726.6467 726.8216 726.6624 726.3273 726.0048 725.7374 725.8217 726.5404 727.7426 728.8782 729.2226 729.6944 730.5381 731.6227 732.6491 733.5597 734.5784 735.7369 736.9307 737.8137
-9999 -9999 -9999 -9999 -9999 -9999 -9999 -9999 -9999 -9999 -9999 -9999 -9999 -9999 -9999 729.8566 729.7206 729.4933 729.2712 729.1312 729.3996 729.3447 728.4919 727.7983 727.2986 726.9918 726.8313 726.5682 726.3801 726.2694 726.2125 726.176 726.1342 726.0772 726.0055 725.905 725.7651 725.6089 725.5065 725.4724 725.4598 725.4282 725.4674 725.5419 725.6385 725.6567 725.8105 726.1369 726.3638 726.3121 726.0768 725.8062 725.5659 725.5529 726.0052 726.8587 727.2863 727.3447 727.4617 727.8385 728.4166 729.1259 729.978 731.0708 732.4269 734.0222 735.4316
-9999 -9999 -9999 -9999 -9999 -9999 -9999 -9999 -9999 -9999 -9999 -9999 -9999 -9999 -9999 729.997 729.7078 729.3237 728.9962 728.9021 729.1661 729.7434 728.7151 727.9677 727.4343 727.0798 726.8494 726.6455 726.4873 726.3732 726.2869 726.2162 726.1377 726.0441 725.9417 725.8282 725.6927 725.5596 725.4528 725.4211 725.4064 725.3778 725.3647 725.3973 725.4109 725.3339 725.3576 725.627 725.8164 725.8298 725.7114 725.5479 725.3426 725.3134 725.3354 725.5677 725.6971 725.6806 725.6665 725.774 726.0386 726.4963 727.2147 728.1379 729.3204 730.8376 732.4174
-9999 -9999 -9999 -9999 -9999 -9999 -9999 -9999 -9999 -9999 -9999 -9999 -9999 -9999 -9999 730.6762 730.2191 729.6729 729.1935 729.0974 729.3028 729.7826 728.806 728.1244 727.574 727.1589 726.8597 726.717 726.5997 726.4911 726.3876 726.2866 726.1816 726.0616 725.9318 725.8021 725.6643 725.5376 725.4363 725.3911 725.382 725.3554 725.33 725.33 725.3284 725.2319 725.2086 725.3201 725.3468 725.3513 725.3382 725.3158 725.1665 725.0557 724.9279 724.8848 724.8434 724.746 724.6395 724.5992 724.6851 724.9276 725.3626 726.0024 726.9515 728.1358 729.4948
-9999 -9999 -9999 -9999 -9999 -9999 -9999 -9999 -9999 -9999 -9999 -9999 -9999 -9999 -9999 -9999 731.5043 730.7913 730.2464 729.8168 729.4431 729.4622 728.8922 728.304 727.7334 727.299 727.0016 726.8491 726.7377 726.6204 726.5012 726.3748 726.2437 726.103 725.954 725.8059 725.6652 725.5319 725.4372 725.3772 725.3597 725.33 725.2833 725.2502 725.2128 725.1348 725.0884 725.0901 725.064 725.0458 725.0476 725.0465 724.9795 724.8838 724.7557 724.6154 724.4816 724.3181 724.1484 724.0351 724.0283 724.1167 724.3234 724.7478 725.4128 726.3369 727.4142
-9999 -9999 -9999 -9999 -9999 -9999 -9999 -9999 -9999 -9999 -9999 -9999 -9999 -9999 -9999 -9999 733.2353 732.5967 732.074 731.4658 730.6235 729.8994 729.1345 728.4037 727.8621 727.4388 727.1362 726.9546 726.848 726.7291 726.6051 726.4647 726.3113 726.149 725.983 725.8184 725.6683 725.5327 725.4302 725.3627 725.3298 725.2705 725.203 725.1454 725.0938 725.0328 724.9821 724.9417 724.8887 724.8416 724.8356 724.8505 724.832 724.7757 724.6762 724.5579 724.4045 724.2032 723.9932 723.8411 723.7958 723.7888 723.817 724.0787 724.4885 725.1902 726.0369
-9999 -9999 -9999 -9999 -9999 -9999 -9999 -9999 -9999 -9999 -9999 -9999 -9999 -9999 -9999 -9999 -9999 734.4413 734.0359 733.2975 732.0522 730.6437 729.5358 728.5759 728.0328 727.5839 727.2414 727.0084 726.8519 726.7823 726.68 726.5402 726.3715 726.1903 726.0035 725.8246 725.6597 725.5217 725.4089 725.3304 725.2727 725.1932 725.1033 725.0242 724.9633 724.9175 724.8854 724.8511 724.795 724.7314 724.7028 724.7303 724.7627 724.7346 724.6504 724.5437 724.4049 724.2095 723.9849 723.7985 723.6779 723.6162 723.6199 723.7689 723.886 724.3499 724.9222
-9999 -9999 -9999 -9999 -9999 -9999 -9999 -9999 -9999 -9999 -9999 -9999 -9999 -9999 -9999 -9999 -9999 735.6535 735.4456 734.662 733.2429 731.4228 729.8853 728.8773 728.2803 727.7292 727.329 727.0684 726.916 726.849 726.7424 726.5981 726.4166 726.2173 726.012 725.8143 725.6377 725.4924 725.3883 725.3292 725.2319 725.1233 725.011 724.9108 724.8385 724.7993 724.7881 724.7848 724.7551 724.6982 724.6449 724.6621 724.7272 724.7577 724.6991 724.5885 724.4524 724.2656 724.0319 723.8044 723.6687 723.5683 723.5143 723.5298 723.5698 723.7738 723.9907
-9999 -9999 -9999 -9999 -9999 -9999 -9999 -9999 -9999 -9999 -9999 -9999 -9999 -9999 -9999 -9999 -9999 -9999 736.019 735.5017 734.0397 732.0642 730.2588 729.1009 728.3571 727.7725 727.3607 727.0974 726.9421 726.8506 726.7827 726.6407 726.4492 726.2283 726.0052 725.7886 725.5989 725.4454 725.331 725.2664 725.1698 725.0581 724.9396 724.827 724.7422 724.7013 724.7028 724.7291 724.7458 724.7164 724.6692 724.6436 724.7043 724.7848 724.7888 724.7068 724.5775 724.4048 724.1902 723.9706 723.7981 723.6417 723.5207 723.445 723.4117 723.4646 723.561
-9999 -9999 -9999 -9999 -9999 -9999 -9999 -9999 -9999 -9999 -9999 -9999 -9999 -9999 -9999 -9999 -9999 -9999 736.1531 735.8242 734.4492 732.4967 730.5985 729.2684 728.3755 727.7619 727.3605 727.1145 726.9751 726.9006 726.8483 726.6866 726.4762 726.2354 725.9856 725.752 725.551 725.4063 725.3288 725.226 725.1197 725.009 724.8961 724.7859 724.6946 724.6455 724.6481 724.6899 724.7435 724.7711 724.743 724.712 724.7197 724.8011 724.8708 724.8558 724.7627 724.6116 724.4167 724.2014 723.9954 723.7994 723.6248 723.4847 723.3865 723.3452 723.3406
-9999 -9999 -9999 -9999 -9999 -9999 -9999 -9999 -9999 -9999 -9999 -9999 -9999 -9999 -9999 -9999 -9999 735.6408 735.9938 735.9163 734.6965 732.7919 730.8367 729.3846 728.3819 727.7523 727.3702 727.1429 727.0093 726.9255 726.8495 726.7094 726.4978 726.2405 725.9652 725.7051 725.4885 725.3322 725.2539 725.1621 725.0664 724.9718 724.8782 724.7856 724.7021 724.6494 724.6437 724.6847 724.7545 724.8228 724.8542 724.8336 724.8238 724.8589 724.9427 724.9963 724.9666 724.8483 724.6748 724.4648 724.2396 724.0131 723.7999 723.6132 723.4623 723.3544 723.2806
-9999 -9999 -9999 -9999 -9999 -9999 -9999 -9999 -9999 -9999 -9999 -9999 -9999 -9999 -9999 -9999 -9999 735.13 735.6384 735.9578 734.9949 733.12 731.0634 729.5035 728.4178 727.8004 727.4431 727.2244 727.0784 726.965 726.8518 726.7484 726.5312 726.2494 725.9473 725.6606 725.4376 725.3267 725.2007 725.1014 725.0195 724.9462 724.8773 724.8116 724.7509 724.7069 724.6979 724.7284 724.7936 724.8777 724.9512 724.9832 724.9828 725.0004 725.0513 725.128 725.1602 725.0734 724.9297 724.7332 724.5038 724.261 724.0219 723.8004 723.6086 723.4532 723.3311
-9999 -9999 -9999 -9999 -9999 -9999 -9999 -9999 -9999 -9999 -9999 -9999 -9999 -9999 -9999 -9999 -9999 -9999 735.2406 735.8568 735.2913 733.4642 731.3177 729.6746 728.5544 727.9797 727.6372 727.4014 727.221 727.0761 726.9559 726.8435 726.5793 726.2631 725.93 725.6085 725.3365 725.2115 725.1061 725.0308 724.9788 724.9364 724.8949 724.854 724.819 724.7947 724.7933 724.8179 724.869 724.9454 725.0332 725.1055 725.1474 725.1769 725.2025 725.2572 725.3276 725.2479 725.1519 724.9797 724.761 724.519 724.2699 724.0266 723.8012 723.6099 723.4529
-9999 -9999 -9999 -9999 -9999 -9999 -9999 -9999 -9999 -9999 -9999 -9999 -9999 -9999 -9999 -9999 -9999 -9999 735.0055 735.2488 735.4221 733.7457 731.5516 729.8828 728.8853 728.3503 727.9896 727.6898 727.4302 727.2116 727.0287 726.8497 726.5851 726.2688 725.9297 725.6027 725.3289 725.1471 725.0308 724.9717 724.9518 724.9464 724.9369 724.9176 724.8979 724.8909 724.9014 724.9316 724.971 725.0308 725.1098 725.1939 725.2657 725.3289 725.33 725.3309 725.3737 725.3318 725.3264 725.1837 724.989 724.7662 724.526 724.2754 724.0284 723.8019 723.6168
-9999 -9999 -9999 -9999 -9999 -9999 -9999 -9999 -9999 -9999 -9999 -9999 -9999 -9999 -9999 -9999 -9999 -9999 734.9099 735.057 735.257 733.6471 731.5049 729.9128 729.223 728.8452 728.4857 728.071 727.6846 727.3566 727.0865 726.8489 726.5844 726.2766 725.9406 725.6114 725.3291 725.1165 724.9884 724.9392 724.9459 724.9762 725.002 725.0068 724.9954 724.9908 725.0084 725.0413 725.0814 725.123 725.1874 725.2601 725.3304 725.4 725.4265 725.4393 725.462 725.4518 725.4337 725.3304 725.176 724.989 724.7751 724.5296 724.2704 724.0211 723.8023
-9999 -9999 -9999 -9999 -9999 -9999 -9999 -9999 -9999 -9999 -9999 -9999 -9999 -9999 -9999 -9999 -9999 -9999 734.6799 734.6898 734.5246 733.049 731.1693 729.7416 729.595 729.7344 729.1584 728.5001 727.948 727.4981 727.1381 726.8483 726.6001 726.301 725.9611 725.623 725.3294 725.1062 724.9772 724.9398 724.968 725.0265 725.0826 725.1136 725.1116 725.1032 725.1145 725.1423 725.1764 725.2123 725.2622 725.3301 725.4015 725.4659 725.5042 725.5275 725.5465 725.5485 725.5288 725.4541 725.3309 725.1818 725.0055 724.7687 724.5 724.236 723.9999
-9999 -9999 -9999 -9999 -9999 -9999 -9999 -9999 -9999 -9999 -9999 -9999 -9999 -9999 -9999 -9999 -9999 -9999 734.1183 733.8505 733.2964 732.1395 730.9189 729.9553 729.4841 729.0856 729.7068 728.8037 728.1629 727.6316 727.2032 726.8665 726.6664 726.3555 725.9912 725.6345 725.33 725.11 724.991 724.9698 725.0189 725.098 725.1732 725.2247 725.2305 725.2229 725.2257 725.2386 725.2578 725.2803 725.3301 725.3966 725.4651 725.5217 725.5585 725.5803 725.5952 725.6042 725.5957 725.5496 725.459 725.3323 725.2012 724.9601 724.6779 724.4036 724.1622
-9999 -9999 -9999 -9999 -9999 -9999 -9999 -9999 -9999 -9999 -9999 -9999 -9999 -9999 -9999 -9999 -9999 -9999 -9999 732.8289 732.0771 731.2813 730.7377 730.3381 729.9907 729.4767 728.8167 728.8469 728.3531 727.7971 727.3445 727.028 726.8239 726.4313 726.0178 725.6396 725.3307 725.1221 725.0197 725.0172 725.0878 725.1835 725.2634 725.3295 725.3303 725.3301 725.33 725.33 725.33 725.3303 725.3818 725.4456 725.5061 725.5529 725.5791 725.5869 725.5864 725.5989 725.6063 725.5881 725.5297 725.4275 725.3223 725.049 724.7512 724.4738 724.2284
-9999 -9999 -9999 -9999 -9999 -9999 -9999 -9999 -9999 -9999 -9999 -9999 -9999 -9999 -9999 -9999 -9999 -9999 -9999 731.9006 731.1859 730.8402 730.8058 730.9373 730.9099 730.5225 729.8659 729.5099 728.756 728.0645 727.5207 727.1339 726.8391 726.4294 726.0076 725.6294 725.3306 725.1356 725.049 725.063 725.1536 725.2671 725.3307 725.3929 725.4064 725.405 725.3997 725.3921 725.3855 725.3871 725.4194 725.4648 725.5099 725.5434 725.5563 725.5406 725.5018 725.5109 725.5271 725.5272 725.4804 725.3338 725.1853 724.9444 724.6749 724.4202 724.1849
-9999 -9999 -9999 -9999 -9999 -9999 -9999 -9999 -9999 -9999 -9999 -9999 -9999 -9999 -9999 -9999 -9999 -9999 -9999 -9999 -9999 730.7592 731.0198 731.4717 731.7535 731.4697 731.0327 730.5695 729.6213 728.5501 727.795 727.2546 726.8351 726.411 725.989 725.615 725.3294 725.1433 725.0626 725.0804 725.182 725.3284 725.3969 725.4226 725.4244 725.4177 725.4089 725.4004 725.3939 725.3948 725.4092 725.4323 725.4569 725.4761 725.48 725.4461 725.3354 725.328 725.3286 725.3288 725.3036 725.1183 724.928 724.7045 724.4683 724.2543 724.0269
-9999 -9999 -9999 -9999 -9999 -9999 -9999 -9999 -9999 -9999 -9999 -9999 -9999 -9999 -9999 -9999 -9999 -9999 -9999 -9999 -9999 -9999 -9999 731.9382 732.2227 732.1721 732.0128 731.559 730.5034 729.2004 728.2314 727.5017 726.9146 726.4749 726.0211 725.6221 725.327 725.1449 725.0556 725.0428 725.1035 725.2183 725.3231 725.3287 725.3283 725.3289 725.3294 725.3296 725.3297 725.3297 725.3296 725.3295 725.3293 725.3293 725.3298 725.3145 725.15 725.0471 724.9801 724.9233 724.8456 724.7094 724.557 724.3746 724.1691 724.0223 723.8015
-9999 -9999 -9999 -9999 -9999 -9999 -9999 -9999 -9999 -9999 -9999 -9999 -9999 -9999 -9999 -9999 -9999 -9999 -9999 -9999 -9999 -9999 -9999 -9999 732.7041 732.914 732.8701 732.4006 731.4865 730.1934 728.955 728.0319 727.3112 726.7401 726.1642 725.6923 725.3416 725.1748 725.0593 724.9794 724.95 724.9755 725.0218 725.0396 725.0631 725.0991 725.1375 725.1636 725.1761 725.1779 725.1694 725.1494 725.1179 725.0834 725.0439 724.9749 724.8231 724.6793 724.5571 724.4425 724.315 724.2318 724.1528 724.032 723.8291 723.7751 723.5405
-9999 -9999 -9999 -9999 -9999 -9999 -9999 -9999 -9999 -9999 -9999 -9999 -9999 -9999 -9999 -9999 -9999 -9999 -9999 -9999 -9999 -9999 -9999 -9999 733.1671 733.4286 733.4536 733.1031 732.3445 731.2479 729.9905 728.8234 727.8864 727.0468 726.4103 725.9046 725.5359 725.3238 725.1383 724.9568 724.8126 724.7378 724.7223 724.7391 724.792 724.8773 724.9689 725.0245 725.049 725.0535 725.0408 725.0029 724.9313 724.8521 724.7659 724.6505 724.49 724.3215 724.1653 724.0194 723.8322 723.801 723.8018 723.7823 723.606 723.4639 723.2318
