backend/lakes/data/Isle Lake/isle_dem_tm.asc
ncols         309
nrows         191
xllcorner     510100
yllcorner     5934500
cellsize      50
NODATA_value  -9999
[rows 124 to 154 of 191, columns 71 to 141 of 309]
-9999 -9999 -9999 -9999 -9999 -9999 -9999 -9999 -9999 -9999 -9999 -9999 -9999 -9999 -9999 -9999 -9999 -9999 -9999 -9999 -9999 -9999 729.8363 730.1896 730.7211 730.84 730.308 729.339 728.3731 727.5142 726.3198 725.1016 724.5104 724.2909 724.2797 724.397 724.549 724.6981 724.9341 725.3176 725.914 726.5453 727.2856 728.1866 728.6552 727.9213 726.9921 726.094 725.2624 725.4793 726.663 728.5042 730.8663 733.6169 736.5569 739.6791 742.8745 745.8831 748.4382 750.4327 -9999 -9999 -9999 -9999 -9999 -9999 -9999 -9999 -9999 -9999 -9999
-9999 -9999 -9999 -9999 -9999 -9999 -9999 -9999 -9999 -9999 -9999 -9999 -9999 -9999 -9999 -9999 -9999 -9999 -9999 -9999 -9999 -9999 730.2847 730.9621 731.6816 732.0055 731.5824 730.4837 729.1729 727.8796 726.4298 725.1042 724.4611 724.2603 724.2797 724.3856 724.4982 724.6038 724.7512 724.9748 725.3531 725.6893 726.0601 726.4686 726.5862 726.1334 725.5557 725.0776 725.1753 726.2431 728.0047 730.2635 732.9689 735.9413 739.0623 742.1882 745.1455 747.7115 -9999 -9999 -9999 -9999 -9999 -9999 -9999 -9999 -9999 -9999 -9999 -9999 -9999
-9999 -9999 -9999 -9999 -9999 -9999 -9999 -9999 -9999 -9999 -9999 -9999 -9999 -9999 -9999 -9999 -9999 -9999 -9999 -9999 -9999 730.8639 731.3882 732.173 732.9206 733.1932 732.6341 731.4165 729.8481 728.2037 726.5346 725.1359 724.4945 724.3499 724.4445 724.5947 724.6306 724.6124 724.6334 724.7365 724.9224 724.9722 725.0353 725.1285 725.1678 725.0868 724.9705 725.2797 726.0073 727.3784 729.4675 732.1416 735.1714 738.3453 741.4857 744.4431 747.0439 749.1498 -9999 -9999 -9999 -9999 -9999 -9999 -9999 -9999 -9999 -9999 -9999 -9999 -9999
-9999 -9999 -9999 -9999 -9999 -9999 -9999 -9999 -9999 -9999 -9999 -9999 -9999 -9999 -9999 -9999 -9999 -9999 -9999 -9999 731.583 732.1896 732.9283 733.6478 733.9362 733.7769 733.109 731.8411 730.2379 728.4557 726.644 725.1954 724.6155 724.5973 724.8489 725.114 725.0096 724.7534 724.5992 724.5807 724.6436 724.6632 724.7139 724.7744 724.955 725.2046 725.7625 726.1966 727.0076 728.5447 730.871 733.9031 737.2028 740.4612 743.4879 746.1833 -9999 -9999 -9999 -9999 -9999 -9999 -9999 -9999 -9999 -9999 -9999 -9999 -9999 -9999 -9999
-9999 -9999 -9999 -9999 -9999 -9999 -9999 -9999 -9999 -9999 -9999 -9999 -9999 -9999 -9999 -9999 -9999 -9999 731.8704 732.5427 733.1788 733.9249 734.4965 734.7822 734.15 733.4079 732.4381 731.3245 729.9257 728.3218 726.5974 725.2129 724.7507 724.8909 725.4238 726.0603 725.693 724.9985 724.6594 724.5761 724.6401 724.7191 724.9149 725.0577 725.5111 726.0255 726.3771 726.8506 727.8054 729.5239 732.0932 735.396 738.8946 742.1792 745.033 -9999 -9999 -9999 -9999 -9999 -9999 -9999 -9999 -9999 -9999 -9999 -9999 -9999 -9999 -9999 -9999
-9999 -9999 -9999 -9999 -9999 -9999 -9999 -9999 -9999 -9999 -9999 -9999 -9999 -9999 -9999 -9999 732.0547 732.4172 733.278 734.0721 734.7466 735.3287 735.304 734.4448 733.1258 731.8526 730.66 729.8051 728.7344 727.5062 726.0486 725.0715 724.7679 725.0636 725.9504 726.3598 726 725.0994 724.7621 724.7407 724.9152 725.0526 725.4171 725.7576 726.2452 726.5679 726.833 727.3218 728.3868 730.2736 733.1268 736.6291 740.2315 743.5033 746.2282 -9999 -9999 -9999 -9999 -9999 -9999 -9999 -9999 -9999 -9999 -9999 -9999 -9999 -9999 -9999 -9999
-9999 -9999 -9999 -9999 -9999 -9999 -9999 -9999 737.1516 737.4758 737.4655 737.0728 736.5943 735.8949 734.9774 733.9255 733.3875 733.7096 734.4781 734.9838 735.1732 735.1304 734.3282 733.0696 731.7202 730.1747 728.9385 728.0736 727.1948 726.3333 725.3248 724.7599 724.6053 724.8328 725.3373 725.8683 725.3175 724.9715 724.9595 725.1332 725.475 725.7959 726.2574 726.5975 726.963 727.1686 727.345 727.78 728.8849 730.8279 733.8855 737.485 741.1207 744.4047 747.1723 -9999 -9999 -9999 -9999 -9999 -9999 -9999 -9999 -9999 -9999 -9999 -9999 -9999 -9999 -9999 -9999
-9999 -9999 -9999 -9999 -9999 734.0613 734.9697 736.3421 737.3789 737.7889 737.8437 737.3636 737.0953 736.8528 736.1876 735.1497 734.2905 734.4927 734.8368 734.4216 733.0015 732.8314 732.1724 731.1557 729.8969 728.5487 727.4597 726.7101 726.0637 725.4707 724.9092 724.5579 724.4768 724.616 724.8608 725.011 724.9556 725.1246 725.5582 726.0578 726.4191 726.7739 727.2921 727.7203 728.023 728.1332 728.1982 728.4916 729.6127 731.5924 734.5297 737.9811 741.5029 744.7628 747.6124 -9999 -9999 -9999 -9999 -9999 -9999 -9999 -9999 -9999 -9999 -9999 -9999 -9999 -9999 -9999 -9999
-9999 -9999 -9999 734.7133 734.0459 733.9448 734.4837 735.7557 736.8271 736.9688 736.7342 736.4008 736.5425 736.8926 736.8398 735.9498 734.927 734.3556 733.6594 732.837 731.421 730.7111 729.9443 729.627 729.2517 728.175 727.027 726.0799 725.4009 724.9496 724.6461 724.5116 724.5562 724.7067 724.9518 725.1492 725.5211 726.0339 726.4879 727.0072 727.4975 728.0174 728.6254 729.1916 729.5686 729.6805 729.6813 729.8234 730.7596 732.5931 735.1373 738.1751 741.376 744.4613 -9999 -9999 -9999 -9999 -9999 -9999 -9999 -9999 -9999 -9999 -9999 -9999 -9999 -9999 -9999 -9999 -9999
-9999 -9999 735.0867 734.5305 733.9601 733.6368 733.8203 734.7567 735.4096 735.2475 734.8221 734.638 735.1259 735.924 736.1559 735.4848 734.1425 732.7983 731.4213 730.4552 729.3039 728.7524 728.3345 728.2102 728.0743 727.5424 726.6241 725.6285 724.9844 724.6998 724.6271 724.7164 724.9509 725.2131 725.6375 726.0933 726.4742 726.9492 727.4336 727.9882 728.6107 729.3108 730.0997 730.9412 731.6041 732.0082 731.8658 731.7239 732.3846 733.7635 735.6959 738.144 740.8619 743.5983 -9999 -9999 -9999 -9999 -9999 -9999 -9999 -9999 -9999 -9999 -9999 -9999 -9999 -9999 -9999 -9999 -9999
-9999 735.0061 734.3552 733.9318 733.4611 733.0439 732.9926 733.3762 733.5082 733.0273 732.4238 732.3819 733.093 734.0638 734.4801 733.724 732.1505 730.5173 729.2587 728.3779 727.7542 727.3398 727.0629 726.959 726.8347 726.4473 725.7703 725.0667 724.7266 724.6785 724.8595 725.2062 725.6896 726.1586 726.5104 726.9339 727.3452 727.7964 728.2761 728.8608 729.6185 730.494 731.4792 732.6764 733.7528 734.4396 733.9146 733.4122 733.8669 734.7963 736.1085 737.95 740.1155 -9999 -9999 -9999 -9999 -9999 -9999 -9999 -9999 -9999 -9999 -9999 -9999 -9999 -9999 -9999 -9999 -9999 -9999
734.2114 734.0224 733.5181 733.1108 732.6803 732.0919 731.6376 731.438 731.1335 730.4803 729.9481 729.9153 730.6733 731.6144 732.0318 731.374 730.0431 728.7617 728.2003 727.4578 726.8793 726.4538 726.1647 726.0093 725.8542 725.5215 725.0444 724.7124 724.6384 724.848 725.3353 726.0284 726.4484 726.8286 727.1768 727.5729 727.9885 728.4332 728.9088 729.4741 730.3789 731.4181 732.5977 733.8605 734.8521 735.9184 735.0001 734.4098 734.9396 735.5252 736.322 737.6293 739.2664 -9999 -9999 -9999 -9999 -9999 -9999 -9999 -9999 -9999 -9999 -9999 -9999 -9999 -9999 -9999 -9999 -9999 -9999
733.8145 733.4402 732.7352 732.1744 731.5764 730.8182 729.9058 729.1637 728.6272 728.0266 727.7167 727.8678 728.4352 729.0272 729.3867 729.1568 728.181 727.5157 727.2511 726.7702 726.2725 725.8677 725.5738 725.3783 725.2413 724.9656 724.6805 724.5411 724.644 725.0676 725.9509 726.3955 726.7957 727.1541 727.4838 727.8445 728.2401 728.6769 729.1598 729.6885 730.7947 731.8008 732.0461 732.653 733.4069 734.1536 734.1643 734.6784 735.5619 735.9711 736.5232 737.3778 -9999 -9999 -9999 -9999 -9999 -9999 -9999 -9999 -9999 -9999 -9999 -9999 -9999 -9999 -9999 -9999 -9999 -9999 -9999
733.975 733.3456 732.3224 731.3102 730.4185 729.5654 728.2374 727.3176 726.789 726.502 726.5031 726.795 726.8326 726.9529 727.0236 726.9649 726.6638 726.4119 726.2875 726.0849 725.6837 725.3971 725.1857 724.9756 724.9187 724.6873 724.4928 724.4434 724.6104 725.0399 725.8168 726.4126 726.8064 727.1293 727.3785 727.6222 727.9034 728.2571 728.7341 729.8479 731.0641 730.5244 730.3185 730.83 731.4103 731.907 732.2321 733.547 734.9497 735.8096 736.5846 737.3322 738.0984 -9999 -9999 -9999 -9999 -9999 -9999 -9999 -9999 -9999 -9999 -9999 -9999 -9999 -9999 -9999 -9999 -9999 -9999
734.332 733.3542 731.8358 730.2631 728.9521 727.8746 726.8883 726.1453 725.6926 725.5471 725.6296 725.8351 725.735 725.6207 725.4651 725.4937 725.5598 725.5414 725.4891 725.3544 725.0491 724.959 724.9205 724.7395 724.6199 724.4568 724.34 724.3477 724.5311 724.9226 725.4631 726.0172 726.4811 726.8259 726.9885 727.1124 727.2916 727.6216 728.0669 728.7858 729.5468 729.2717 729.0909 729.293 729.6677 730.1238 730.7661 732.1186 734.3636 735.9793 736.8702 737.5336 738.4844 -9999 -9999 -9999 -9999 -9999 -9999 -9999 -9999 -9999 -9999 -9999 -9999 -9999 -9999 -9999 -9999 -9999 -9999
734.2163 732.7832 730.9022 728.9254 727.4796 726.5804 725.8702 725.3654 724.9958 724.9028 724.9225 724.9777 724.9474 724.9164 724.9115 725.0562 724.9891 724.9699 724.9578 724.9013 724.6918 724.608 724.5673 724.4588 724.3522 724.2422 724.1774 724.2118 724.3696 724.6473 725.0078 725.4943 726.0034 726.3932 726.4802 726.5027 726.6015 726.9327 727.2434 727.6167 727.9539 727.921 727.9656 728.0745 728.3943 728.939 729.8453 731.4016 734.0019 736.096 737.5041 738.5552 739.7319 -9999 -9999 -9999 -9999 -9999 -9999 -9999 -9999 -9999 -9999 -9999 -9999 -9999 -9999 -9999 -9999 -9999 -9999
733.2041 731.3726 729.3036 727.4782 726.2579 725.5753 725.0855 724.8315 724.517 724.3696 724.3307 724.3427 724.3621 724.416 724.5223 724.6785 724.6077 724.5551 724.5184 724.4675 724.3464 724.2776 724.2396 724.1774 724.1068 724.0411 724.0178 724.0693 724.2109 724.4316 724.7075 725.041 725.4996 725.811 725.9321 725.9955 726.1299 726.3912 726.4929 726.5775 726.6757 726.7354 726.9541 727.171 727.5928 728.3342 729.5332 731.3864 733.9516 736.5554 738.4922 739.9745 741.4372 -9999 -9999 -9999 -9999 -9999 -9999 -9999 -9999 -9999 -9999 -9999 -9999 -9999 -9999 -9999 -9999 -9999 -9999
731.3366 729.3951 727.593 726.1782 725.2114 724.7828 724.465 724.2689 724.0597 723.9228 723.8639 723.8611 723.9082 724.0171 724.1814 724.3391 724.3047 724.2165 724.1417 724.0765 724.0185 723.9773 723.9501 723.9188 723.8863 723.8633 723.8748 723.9487 724.0949 724.3107 724.5897 724.924 725.1865 725.3395 725.4567 725.5375 725.6588 725.8359 725.9246 725.9712 726.043 726.1825 726.4448 726.6909 727.2363 728.1709 729.6125 731.6837 734.3531 737.2858 739.6553 741.5589 743.3417 -9999 -9999 -9999 -9999 -9999 -9999 -9999 -9999 -9999 -9999 -9999 -9999 -9999 -9999 -9999 -9999 -9999 -9999
729.0077 727.4006 726.0986 725.0893 724.4402 724.0986 723.9117 723.7971 723.6697 723.5646 723.511 723.4999 723.5508 723.6824 723.8733 724.0394 724.0148 723.9242 723.8323 723.7632 723.7188 723.7043 723.7029 723.6996 723.7008 723.7176 723.7635 723.8593 724.0132 724.2214 724.4733 724.7413 724.9388 724.9711 725.1083 725.1747 725.253 725.4076 725.5436 725.6454 725.7683 725.9689 726.2546 726.5518 727.2476 728.3451 729.9688 732.218 735.0727 738.2662 741.0022 743.2792 745.3761 -9999 -9999 -9999 -9999 -9999 -9999 -9999 -9999 -9999 -9999 -9999 -9999 -9999 -9999 -9999 -9999 -9999 -9999
726.7954 725.702 724.9152 724.3006 723.8812 723.6417 723.5171 723.45 723.377 723.302 723.2605 723.2451 723.2806 723.4077 723.6051 723.7774 723.7563 723.6636 723.5708 723.5085 723.4844 723.4921 723.5172 723.5468 723.579 723.6278 723.7032 723.8149 723.9689 724.1586 724.37 724.5771 724.734 724.8196 724.9447 724.9491 724.955 725.1085 725.3171 725.5112 725.7219 726.0115 726.4187 726.8459 727.6059 728.7988 730.5534 732.9688 736.0804 739.511 742.5571 745.1519 747.566 -9999 -9999 -9999 -9999 -9999 -9999 -9999 -9999 -9999 -9999 -9999 -9999 -9999 -9999 -9999 -9999 -9999 -9999
725.1812 724.5913 724.1451 723.8024 723.5457 723.3738 723.2853 723.2469 723.1999 723.1428 723.1052 723.0864 723.0968 723.1982 723.3834 723.5528 723.5293 723.4434 723.364 723.3217 723.3225 723.3584 723.4148 723.4779 723.5437 723.6205 723.7176 723.8392 723.9829 724.146 724.3177 724.4802 724.6074 724.699 724.7874 724.8094 724.8206 724.9521 725.2232 725.5133 725.8142 726.1598 726.5919 727.2372 728.1335 729.4519 731.3668 733.9711 737.4494 741.0768 744.3613 747.2348 749.9338 -9999 -9999 -9999 -9999 -9999 -9999 -9999 -9999 -9999 -9999 -9999 -9999 -9999 -9999 -9999 -9999 -9999 -9999
724.2615 723.98 723.7487 723.5615 723.4069 723.2711 723.1892 723.1563 723.1207 723.0738 723.0375 723.0159 723.0001 723.0609 723.2126 723.365 723.3359 723.2631 723.2123 723.2065 723.2461 723.3186 723.4122 723.5144 723.6162 723.7199 723.8322 723.9559 724.0801 724.2096 724.3491 724.4839 724.5789 724.6523 724.7332 724.8007 724.817 724.9536 725.2671 725.6392 726.0479 726.485 727.0255 727.7537 728.7605 730.2596 732.4851 735.5044 739.2196 742.9927 746.4434 749.522 752.3866 -9999 -9999 -9999 -9999 -9999 -9999 -9999 -9999 -9999 -9999 -9999 -9999 -9999 -9999 -9999 -9999 -9999 -9999
723.8113 723.7084 723.617 723.5122 723.4052 723.2899 723.1952 723.1552 723.1268 723.0823 723.0469 723.0242 722.9905 722.9994 723.0949 723.2133 723.1782 723.1293 723.1166 723.1577 723.2478 723.3693 723.5056 723.6515 723.7952 723.929 724.0552 724.1799 724.2755 724.3646 724.4816 724.6217 724.6809 724.7205 724.7949 724.9407 724.9576 725.1326 725.4573 725.8623 726.3788 726.9121 727.5293 728.3021 729.4034 731.1158 733.7538 737.2736 741.2597 745.1737 748.7081 751.8564 754.7589 -9999 -9999 -9999 -9999 -9999 -9999 -9999 -9999 -9999 -9999 -9999 -9999 -9999 -9999 -9999 -9999 -9999 -9999
723.6398 723.6373 723.6099 723.5541 723.4744 723.3727 723.2693 723.2104 723.1862 723.149 723.1161 723.0968 723.0666 723.0228 723.0322 723.067 723.0514 723.0463 723.0842 723.1749 723.3158 723.4897 723.6761 723.8671 724.0562 724.226 724.3676 724.509 724.5675 724.6094 724.71 724.9172 724.9584 724.9603 724.9832 725.1438 725.2736 725.4816 725.7995 726.1453 726.6616 727.4111 728.1108 728.8989 730.0931 732.0462 735.2367 739.2132 743.4119 747.3825 750.8856 753.9681 -9999 -9999 -9999 -9999 -9999 -9999 -9999 -9999 -9999 -9999 -9999 -9999 -9999 -9999 -9999 -9999 -9999 -9999 -9999
723.5908 723.621 723.6335 723.5994 723.5343 723.4528 723.3636 723.2979 723.2726 723.2472 723.2186 723.2047 723.1904 723.1385 723.0784 723.0455 723.025 723.0447 723.1229 723.2598 723.4447 723.6633 723.895 724.1296 724.3623 724.569 724.7095 724.9117 724.9446 724.9546 725.0208 725.2956 725.4908 725.5477 725.5637 725.6466 725.7788 726.0015 726.3499 726.6367 727.2769 728.171 728.8938 729.6519 731.0024 733.3574 736.9396 741.1901 745.4742 749.3474 752.6702 755.5674 -9999 -9999 -9999 -9999 -9999 -9999 -9999 -9999 -9999 -9999 -9999 -9999 -9999 -9999 -9999 -9999 -9999 -9999 -9999
723.5432 723.5664 723.6089 723.6002 723.553 723.4894 723.4261 723.3772 723.3578 723.3516 723.3354 723.3206 723.3262 723.2917 723.2063 723.1318 723.0996 723.1294 723.2331 723.4036 723.6251 723.877 724.1409 724.4069 724.6744 724.9174 724.9932 725.2268 725.3743 725.5164 725.685 726.0119 726.3577 726.4495 726.4188 726.4158 726.468 726.621 726.948 727.3197 727.9562 728.8697 729.8425 730.5657 732.1337 734.9632 738.8039 743.0997 747.2477 750.851 753.8634 -9999 -9999 -9999 -9999 -9999 -9999 -9999 -9999 -9999 -9999 -9999 -9999 -9999 -9999 -9999 -9999 -9999 -9999 -9999 -9999
723.4301 723.4335 723.5255 723.5381 723.5149 723.4796 723.4459 723.4214 723.414 723.4299 723.4299 723.4299 723.43 723.4294 723.3458 723.259 723.2178 723.2591 723.3875 723.5897 723.842 724.1198 724.3982 724.6752 724.9494 725.2086 725.4186 725.7037 725.9566 726.2992 726.6059 727.0531 727.5657 727.6335 727.4863 727.3843 727.3932 727.5226 727.7853 728.1475 728.7118 729.6265 730.975 731.689 733.7083 736.8248 740.6948 744.8118 748.6403 751.8693 -9999 -9999 -9999 -9999 -9999 -9999 -9999 -9999 -9999 -9999 -9999 -9999 -9999 -9999 -9999 -9999 -9999 -9999 -9999 -9999 -9999
723.2434 723.316 723.4266 723.4308 723.4301 723.43 723.43 723.43 723.43 723.4534 723.4701 723.4811 723.4863 723.4762 723.43 723.3668 723.333 723.3859 723.5426 723.7838 724.0759 724.382 724.6685 724.9484 725.2377 725.553 725.9066 726.3293 726.6817 727.2562 727.9003 728.6451 729.3159 729.264 728.9454 728.7166 728.6167 728.6788 728.8807 729.2363 729.6617 730.3166 731.6655 733.2876 735.7136 738.8597 742.5051 746.2172 749.5773 -9999 -9999 -9999 -9999 -9999 -9999 -9999 -9999 -9999 -9999 -9999 -9999 -9999 -9999 -9999 -9999 -9999 -9999 -9999 -9999 -9999 -9999
723.0084 723.1226 723.2358 723.2915 723.3315 723.3661 723.3954 723.4182 723.4362 723.4592 723.4777 723.491 723.4944 723.4851 723.4554 723.4299 723.4139 723.4875 723.6744 723.9596 724.3031 724.6547 724.9473 725.2355 725.5624 725.9607 726.4574 727.0505 727.7215 728.5822 729.5569 730.5634 731.253 731.3901 731.1109 730.6681 730.3188 730.2419 730.4136 730.856 731.3607 732.1886 733.5703 735.4589 737.9119 740.8574 744.0867 747.2348 750.0265 -9999 -9999 -9999 -9999 -9999 -9999 -9999 -9999 -9999 -9999 -9999 -9999 -9999 -9999 -9999 -9999 -9999 -9999 -9999 -9999 -9999 -9999
722.7792 722.9183 723.0502 723.152 723.2346 723.3042 723.3595 723.4012 723.4321 723.4554 723.4696 723.4764 723.4751 723.4618 723.4423 723.43 723.4508 723.5612 723.7822 724.1059 724.4972 724.9048 725.2115 725.5488 725.9548 726.4747 727.1652 728.0544 729.1316 730.4064 731.8063 733.2532 734.2065 734.4362 733.9843 733.1267 732.3188 731.9987 732.2239 732.9011 733.5925 734.5206 735.8658 737.6898 739.9881 742.6111 745.3498 747.9045 -9999 -9999 -9999 -9999 -9999 -9999 -9999 -9999 -9999 -9999 -9999 -9999 -9999 -9999 -9999 -9999 -9999 -9999 -9999 -9999 -9999 -9999 -9999
722.5972 722.7516 722.9063 723.0457 723.1663 723.2653 723.3398 723.3915 723.4266 723.4486 723.4574 723.4561 723.4479 723.4338 723.4236 723.43 723.4863 723.6274 723.8795 724.2308 724.6351 725.0031 725.4533 725.9222 726.4598 727.153 728.1262 729.4372 731.0439 732.9033 734.9631 736.8958 738.0455 738.1658 737.2996 735.8346 734.4288 733.7184 733.8594 734.601 735.4956 736.513 737.8024 739.5322 741.6704 744.0016 746.3013 -9999 -9999 -9999 -9999 -9999 -9999 -9999 -9999 -9999 -9999 -9999 -9999 -9999 -9999 -9999 -9999 -9999 -9999 -9999 -9999 -9999 -9999 -9999 -9999
