backend/lakes/data/Isle Lake/isle_dem_tm.asc
ncols         309
nrows         191
xllcorner     510100
yllcorner     5934500
cellsize      50
NODATA_value  -9999
[rows 31 to 61 of 191, columns 213 to 283 of 309]
727.2489 726.0504 725.2993 724.9236 724.8923 725.1555 725.7595 726.4775 727.2196 727.9065 728.692 729.605 730.7141 732.1908 733.4906 734.4452 735.3197 736.364 737.5439 738.6974 739.7745 740.6855 741.3838 741.9944 742.3889 742.472 742.475 742.5776 742.5912 741.6645 741.2154 740.293 738.962 737.5744 736.2661 735.2947 734.9883 735.08 735.0237 734.6135 733.6241 732.3311 731.0928 730.324 730.3225 730.9511 731.8963 732.9937 734.0609 734.9239 735.2488 735.0004 734.2948 733.2153 731.9433 730.6392 729.4639 728.6183 728.1329 728.1683 728.3937 728.9752 730.2527 731.5956 732.6017 732.9779 733.2607 733.8871 -9999 -9999 -9999
726.5239 725.4911 724.8455 724.3993 724.2408 724.3677 724.7784 725.2606 725.9451 726.4931 727.1877 727.9579 728.9553 730.2377 731.7731 733.103 734.1578 735.052 735.912 736.7321 737.4479 738.0291 738.5371 739.1078 739.7075 740.1163 740.5818 741.1431 741.2006 740.6561 741.7239 741.1418 739.8022 738.3771 737.0408 735.9171 735.1722 734.7502 734.2563 733.392 732.1494 731.0591 730.3583 730.116 730.3083 730.7641 731.8145 733.0723 733.9758 734.4405 734.3647 733.5461 732.2863 730.8881 729.5662 728.3666 727.4488 726.9806 726.8405 727.7726 728.8542 730.1089 731.5278 732.8024 733.6729 733.9274 734.2144 -9999 -9999 -9999 -9999
725.9542 725.0422 724.4208 723.9857 723.7773 723.8074 724.0526 724.4128 724.8942 725.3276 725.9874 726.5638 727.3899 728.4222 729.7052 731.06 732.0404 732.6392 733.16 733.6948 734.1524 734.5076 734.8906 735.3934 736.1584 736.8833 737.5941 738.4245 739.0102 739.2689 739.8657 739.5206 738.5451 737.4348 736.3574 735.3585 734.3621 733.5646 732.6022 731.6122 730.531 729.7762 730.3598 730.5334 731.1729 731.8298 732.6138 733.5875 733.6569 733.4277 732.7535 731.4709 730.0005 728.5845 727.5669 726.9828 726.7088 726.8351 727.3906 728.7353 730.1934 731.5648 732.8405 733.9285 734.6451 734.7975 735.062 -9999 -9999 -9999 -9999
725.5318 724.7689 724.1195 723.6788 723.4491 723.4197 723.56 723.8206 724.1836 724.5818 725.0494 725.4828 726.0957 726.765 727.7256 728.654 729.3629 729.7675 730.0613 730.3242 730.4991 730.7711 731.0864 731.4022 732.1394 733.1158 733.9657 734.8046 735.6183 736.2303 736.6514 736.4639 735.8724 735.1633 734.4304 733.5828 732.5339 731.5384 730.6151 729.7912 729.1241 728.9127 729.5524 730.8185 731.9236 732.6282 732.7054 732.8013 732.4348 731.6603 730.6494 729.2961 727.9808 727.0778 726.6106 726.6246 727.0554 727.9025 729.1716 730.6978 732.061 733.1622 734.1235 734.9525 735.4778 735.7718 -9999 -9999 -9999 -9999 -9999
725.0912 724.3727 723.8136 723.4326 723.2256 723.1726 723.2453 723.4265 723.7405 724.1693 724.6737 725.1461 725.1672 725.4481 726.0863 726.5721 726.9023 727.0813 727.1935 727.2781 727.3349 727.4635 727.6511 727.9117 728.4769 729.3971 730.1983 730.9222 731.7839 732.6021 732.9984 732.9161 732.5856 732.1752 731.7103 731.0854 730.2421 729.332 728.5713 728.0586 727.8202 728.0435 728.803 729.8979 730.6351 731.2628 731.458 731.3016 730.9089 729.8668 728.6771 727.4965 726.6855 726.304 726.4167 727.0658 728.2118 729.7919 731.4138 732.8987 734.0313 734.8158 735.4259 735.9562 736.2026 -9999 -9999 -9999 -9999 -9999 -9999
724.7404 724.0192 723.5494 723.2578 723.1013 723.0436 723.0532 723.1352 723.4008 723.8326 724.2861 724.5812 724.6055 724.7073 724.9482 725.0919 725.1623 725.1804 725.1823 725.1824 725.1802 725.218 725.3139 725.4904 725.8702 726.4919 727.1316 727.8042 728.7048 729.7184 729.9089 729.8132 729.61 729.3732 729.1008 728.7315 728.0466 727.2644 726.71 726.5272 726.6259 727.1154 727.849 728.6124 729.0467 729.4602 729.7788 729.5444 729.006 728.0777 727.0936 726.3719 726.0168 726.1245 726.7883 728.0604 729.9017 731.8209 733.4366 734.6099 735.6432 736.3492 736.7693 737.0305 -9999 -9999 -9999 -9999 -9999 -9999 -9999
724.2114 723.6194 723.3226 723.1541 723.0593 722.998 722.9399 722.883 723.0751 723.5058 723.887 724.1401 724.2291 724.2823 724.3334 724.3159 724.2532 724.1774 724.1183 724.0872 724.0736 724.0804 724.1301 724.2371 724.4463 724.7883 725.1301 725.6511 726.4108 727.1163 727.328 727.3005 727.188 727.0296 726.8228 726.6024 726.2483 725.7697 725.3806 725.4502 725.7128 726.3099 726.9929 727.6366 728.0591 728.2339 728.2434 727.8734 727.285 726.6845 726.1489 725.8218 725.8531 726.385 727.5465 729.3857 731.5696 733.5142 734.7916 735.3202 736.5357 737.3865 -9999 -9999 -9999 -9999 -9999 -9999 -9999 -9999 -9999
723.6984 723.3172 723.2303 723.1537 723.0568 722.9396 722.8132 722.722 722.7953 723.2017 723.5801 723.8549 724.0118 724.0817 724.0763 723.9957 723.8778 723.7621 723.6796 723.6492 723.659 723.6762 723.6998 723.745 723.8195 723.9462 724.1353 724.4904 725.0383 725.578 725.7896 725.8039 725.7198 725.5279 725.221 725.0618 724.9927 724.9339 724.8615 724.9363 725.0544 725.5534 726.1971 726.8032 727.1676 727.2458 727.109 726.7048 726.333 726.0146 725.7931 725.7485 726.0668 726.938 728.576 730.6054 732.8669 734.6556 735.5807 736.0082 736.9012 -9999 -9999 -9999 -9999 -9999 -9999 -9999 -9999 -9999 -9999
723.4277 723.4486 723.4352 723.3468 723.1821 722.995 722.8301 722.759 722.8483 723.1339 723.4464 723.7172 723.9159 724.0182 724.0125 723.9196 723.7888 723.6653 723.5778 723.5552 723.5927 723.6456 723.6697 723.6779 723.6735 723.6806 723.7537 723.9788 724.3651 724.7883 724.9203 724.9205 724.8447 724.6334 724.2314 724.1053 724.2811 724.5884 724.7736 724.8151 724.7997 724.9706 725.3402 726.0137 726.3639 726.4333 726.3502 726.0905 725.9274 725.8733 725.9078 726.0247 726.5029 727.5759 729.3278 731.4829 733.7363 735.2814 735.9421 736.0404 -9999 -9999 -9999 -9999 -9999 -9999 -9999 -9999 -9999 -9999 -9999
723.9137 724.2186 724.1499 723.8959 723.533 723.2 722.9772 722.9123 723.002 723.2015 723.4404 723.6884 723.903 724.0237 724.0225 723.9298 723.8003 723.6795 723.5902 723.5621 723.6105 723.6816 723.7345 723.7509 723.7244 723.6809 723.6758 723.775 723.9852 724.212 724.289 724.2496 724.1108 723.8451 723.4976 723.4808 723.9013 724.5746 724.9423 724.9149 724.7179 724.6394 724.7761 725.1267 725.4838 725.6036 725.649 725.6991 725.8566 726.1044 726.3796 726.5193 726.9975 728.0797 729.8517 732.0787 734.3245 735.7147 736.0584 735.9729 -9999 -9999 -9999 -9999 -9999 -9999 -9999 -9999 -9999 -9999 -9999
725.5532 725.8502 725.4184 724.8489 724.1694 723.5886 723.2418 723.1426 723.2032 723.3347 723.5132 723.739 723.9553 724.0702 724.0483 723.9411 723.8073 723.6824 723.5831 723.5329 723.5616 723.6166 723.6713 723.7528 723.759 723.7278 723.6896 723.7004 723.7753 723.8602 723.8726 723.8011 723.6509 723.4313 723.2397 723.302 723.7264 724.6653 725.0048 724.9131 724.5593 724.3337 724.3376 724.5521 724.8569 724.9731 725.1797 725.574 726.0942 726.6321 727.0469 727.1675 727.4573 728.3844 730.1276 732.4451 734.7498 736.0828 736.3042 736.0979 -9999 -9999 -9999 -9999 -9999 -9999 -9999 -9999 -9999 -9999 -9999
727.7844 727.9759 727.1093 726.1041 725.0989 724.2023 723.6403 723.4378 723.4351 723.507 723.6509 723.8784 724.0981 724.1779 724.0858 723.9342 723.7799 723.6411 723.5159 723.4304 723.4278 723.4288 723.4454 723.6036 723.662 723.6968 723.677 723.6516 723.6511 723.657 723.6286 723.5488 723.4293 723.2881 723.2129 723.3328 723.7263 724.3725 724.6508 724.4013 724.0929 723.9121 723.9189 724.0936 724.3895 724.6827 725.0925 725.8639 726.7764 727.6639 728.1277 728.0073 727.8882 728.5127 730.1958 732.6935 735.1774 736.8297 737.3852 736.9643 -9999 -9999 -9999 -9999 -9999 -9999 -9999 -9999 -9999 -9999 -9999
730.103 730.0124 728.9512 727.6172 726.3712 725.1429 724.2592 723.8431 723.7184 723.7285 723.87 724.139 724.3741 724.3796 724.1591 723.9402 723.7463 723.5787 723.4272 723.2986 723.2443 723.2319 723.2805 723.4209 723.4446 723.5702 723.5893 723.5691 723.5498 723.5323 723.4993 723.4299 723.3502 723.279 723.2588 723.3409 723.5354 723.7454 723.6893 723.5427 723.4415 723.433 723.5739 723.8303 724.2974 724.92 725.7195 726.7825 728.0129 729.0013 729.4238 729.077 728.4305 728.6464 730.1964 732.6884 735.3433 737.4225 738.4872 738.064 -9999 -9999 -9999 -9999 -9999 -9999 -9999 -9999 -9999 -9999 -9999
732.438 732.2607 731.0486 729.5475 728.0165 726.5032 725.2156 724.4701 724.1422 724.0576 724.2103 724.5442 724.7735 724.5969 724.3053 724.0425 723.7823 723.4833 723.3794 723.2678 723.163 723.0983 723.1057 723.1919 723.2795 723.4214 723.4313 723.4299 723.4297 723.4301 723.4296 723.386 723.3515 723.3308 723.3275 723.3448 723.3593 723.3163 723.1504 722.9935 722.9447 723.0557 723.3771 723.7881 724.5984 725.6848 726.9689 728.4662 729.774 730.6658 730.8856 730.4386 729.6281 729.4364 730.3698 732.4615 734.994 737.2341 738.5941 -9999 -9999 -9999 -9999 -9999 -9999 -9999 -9999 -9999 -9999 -9999 -9999
734.6146 734.7792 733.6027 731.842 730.037 728.2545 726.6414 725.481 724.86 724.6019 724.7162 725.0665 725.1197 724.8574 724.6111 724.436 724.2751 724.0851 723.8749 723.6488 723.3472 723.1193 723.0045 723.0005 723.0625 723.161 723.2061 723.2397 723.275 723.3168 723.354 723.3741 723.395 723.4131 723.4113 723.3726 723.2693 723.0817 722.8393 722.6495 722.6079 722.777 723.2175 723.9496 725.3009 726.9838 728.8453 730.6278 731.8533 732.4825 732.5094 732.0033 731.1569 730.5792 730.9176 732.3032 734.4028 736.5314 738.1511 -9999 -9999 -9999 -9999 -9999 -9999 -9999 -9999 -9999 -9999 -9999 -9999
736.1681 736.942 736.082 734.4512 732.3776 730.4013 728.5804 727.1357 726.1077 725.5376 725.4457 725.7245 725.3936 725.2198 725.1996 725.2163 725.2043 725.2074 725.1659 724.7289 723.8624 723.3081 723.0013 722.8823 722.8827 722.9418 722.999 723.0623 723.1369 723.2263 723.318 723.4022 723.4726 723.5128 723.5046 723.4266 723.2537 722.9894 722.698 722.4939 722.4824 722.754 723.4344 724.6659 726.5066 728.8041 731.0402 732.8673 733.8549 734.1196 734.1323 733.7864 733.0638 732.2643 731.8924 732.5242 734.0004 735.7327 -9999 -9999 -9999 -9999 -9999 -9999 -9999 -9999 -9999 -9999 -9999 -9999 -9999
736.4675 737.8088 737.7406 736.8032 734.8864 732.7931 730.985 729.5576 728.2938 727.2787 726.4449 726.0017 725.7859 726.0033 726.4225 726.5304 726.4229 726.3365 726.1052 725.6063 724.4365 723.4975 723.0247 722.825 722.7821 722.8177 722.8757 722.9525 723.0549 723.1867 723.3315 723.468 723.5696 723.6169 723.5923 723.4867 723.2758 722.9788 722.6816 722.509 722.5789 723.0005 723.955 725.6777 728.0433 730.7298 733.0623 734.705 735.3892 735.3318 735.4136 735.5015 735.1872 734.4564 733.6924 733.6288 734.3218 -9999 -9999 -9999 -9999 -9999 -9999 -9999 -9999 -9999 -9999 -9999 -9999 -9999 -9999
735.273 737.3693 738.2572 738.2684 736.7964 735.0303 733.6441 732.4951 731.295 730.0151 728.7145 727.8491 727.5367 727.7695 727.9691 727.6804 727.0389 726.5591 726.0123 725.0583 723.9727 723.3163 722.9502 722.788 722.7595 722.7981 722.859 722.9344 723.0428 723.197 723.3779 723.5465 723.6571 723.6941 723.6486 723.5208 723.2905 722.9938 722.7368 722.656 722.8771 723.501 724.8018 726.9067 729.613 732.3784 734.5756 735.8896 736.2974 736.1518 -9999 -9999 737.0854 736.7473 -9999 -9999 -9999 -9999 -9999 -9999 -9999 -9999 -9999 -9999 -9999 -9999 -9999 -9999 -9999 -9999 -9999
732.8474 735.1841 736.7922 737.4943 737.0017 736.1563 735.6485 735.2148 734.4606 733.0251 731.4632 730.2368 729.5626 729.3561 728.6852 727.6327 726.5937 725.8508 724.9927 724.0781 723.4458 723.0599 722.8531 722.7803 722.801 722.8658 722.9329 722.9982 723.088 723.2338 723.4215 723.5944 723.6936 723.7042 723.6368 723.4942 723.2579 722.9862 722.8063 722.8643 723.2912 724.1194 725.6697 728.1017 731.0417 733.7169 735.6577 736.7521 736.9673 736.782 -9999 -9999 -9999 -9999 -9999 -9999 -9999 -9999 -9999 -9999 -9999 -9999 -9999 -9999 -9999 -9999 -9999 -9999 -9999 -9999 -9999
729.7631 731.8318 733.5349 734.6356 735.0536 735.3741 736.0073 736.3953 736.3969 735.014 733.2837 731.7186 730.5413 729.5236 728.0441 726.5758 725.363 724.5471 723.8436 723.3445 723.0245 722.8528 722.7902 722.8098 722.8862 722.9819 723.0579 723.1051 723.1563 723.2597 723.4199 723.5679 723.6369 723.6126 723.5267 723.3795 723.1581 722.9373 722.8604 723.0634 723.6415 724.755 726.588 729.2428 732.2531 734.8062 736.5189 737.3448 737.4006 -9999 -9999 -9999 -9999 -9999 -9999 -9999 -9999 -9999 -9999 -9999 -9999 -9999 -9999 -9999 -9999 -9999 -9999 -9999 -9999 -9999 -9999
726.89 728.3611 729.7509 730.8361 731.7373 732.7867 733.9207 735.054 735.3217 734.4666 732.7932 730.977 729.5027 728.0232 726.4261 725.0636 724.0725 723.5421 723.1498 722.9043 722.7794 722.7493 722.7885 722.8757 722.9913 723.1044 723.1797 723.2021 723.2031 723.2376 723.3357 723.4343 723.4601 723.4 723.3068 723.1719 722.9999 722.8734 722.9563 723.3943 724.274 725.5417 727.6276 730.4268 733.3394 735.7065 737.2032 737.9188 737.9459 -9999 -9999 -9999 -9999 -9999 -9999 -9999 -9999 -9999 -9999 -9999 -9999 -9999 -9999 -9999 -9999 -9999 -9999 -9999 -9999 -9999 -9999
724.7071 725.5645 726.4886 727.4492 728.5054 729.8348 731.1693 732.107 732.3848 731.6325 730.1414 728.5527 727.2062 725.9286 724.7104 723.8696 723.2845 722.9731 722.7946 722.7145 722.709 722.7606 722.8546 722.9742 723.0991 723.2028 723.2549 723.2401 723.1815 723.1381 723.1523 723.1837 723.16 723.0718 722.9878 722.897 722.8169 722.8322 723.1138 723.8011 725.0616 726.4765 728.7808 731.6575 734.3464 736.4406 737.7891 738.4161 -9999 -9999 -9999 -9999 -9999 -9999 -9999 -9999 -9999 -9999 -9999 -9999 -9999 -9999 -9999 -9999 -9999 -9999 -9999 -9999 -9999 -9999 -9999
723.3976 723.8053 724.3049 725.0173 725.9407 727.2021 727.9849 728.5174 728.6354 728.0827 727.0281 725.9152 724.968 724.1436 723.5276 723.1106 722.847 722.7249 722.6857 722.7067 722.7705 722.8621 722.9741 723.0931 723.1971 723.2612 723.2633 723.192 723.067 722.9438 722.8761 722.8394 722.7681 722.6616 722.6083 722.6073 722.6644 722.8744 723.4036 724.3701 725.5406 727.3135 729.8731 732.7055 735.1379 736.8911 738.1715 738.9571 -9999 -9999 -9999 -9999 -9999 -9999 -9999 -9999 -9999 -9999 -9999 -9999 -9999 -9999 -9999 -9999 -9999 -9999 -9999 -9999 -9999 -9999 -9999
722.9681 723.2495 723.4264 723.6696 724.1152 724.8369 725.2946 725.5493 725.5627 725.2169 724.5603 723.9476 723.4977 723.1228 722.8744 722.7412 722.6879 722.6923 722.7316 722.8003 722.896 723.0049 723.1143 723.2124 723.2745 723.2773 723.2068 723.0621 722.8651 722.6703 722.5364 722.4572 722.3545 722.2372 722.2385 722.3711 722.5916 723.0176 723.79 725.1614 726.3043 728.3042 730.9905 733.6974 735.882 737.3837 738.7404 -9999 -9999 -9999 -9999 -9999 -9999 -9999 -9999 -9999 -9999 -9999 -9999 -9999 -9999 -9999 -9999 -9999 -9999 -9999 -9999 -9999 -9999 -9999 -9999
723.127 723.4089 723.375 723.4174 723.4417 723.6805 723.7504 723.7839 723.736 723.5526 723.2464 722.9615 722.7769 722.6627 722.625 722.6536 722.7173 722.7871 722.8536 722.9283 723.0234 723.1314 723.231 723.3016 723.3179 723.2537 723.1038 722.8795 722.6119 722.3586 722.191 722.1176 722.0272 721.9055 721.9946 722.2823 722.6581 723.2725 724.189 725.5816 727.2753 729.6102 732.3145 734.8504 736.895 738.3943 739.6792 -9999 -9999 -9999 -9999 -9999 -9999 -9999 -9999 -9999 -9999 -9999 -9999 -9999 -9999 -9999 -9999 -9999 -9999 -9999 -9999 -9999 -9999 -9999 -9999
723.5186 723.4823 723.4249 723.3311 723.2838 723.4154 723.421 723.3589 723.2115 723.0121 722.8019 722.65 722.5847 722.585 722.6396 722.7354 722.845 722.9344 722.9949 723.0471 723.1168 723.2063 723.2899 723.3351 723.3129 723.1964 722.9825 722.6932 722.3681 722.0719 721.9042 721.8964 721.897 721.8615 722.0679 722.4568 722.9204 723.6191 724.7901 726.4523 728.5623 731.0908 733.7914 736.1963 738.1425 739.6269 740.7772 -9999 -9999 -9999 -9999 -9999 -9999 -9999 -9999 -9999 -9999 -9999 -9999 -9999 -9999 -9999 -9999 -9999 -9999 -9999 -9999 -9999 -9999 -9999 -9999
724.4499 723.8918 723.5859 723.4124 723.2662 723.2792 723.3428 723.4295 723.2809 723.0619 722.8625 722.7396 722.7002 722.7235 722.7932 722.8933 723.0002 723.0801 723.118 723.1356 723.1666 723.2234 723.2831 723.3066 723.2589 723.1163 722.8765 722.5646 722.2222 721.9079 721.7659 721.7547 721.8206 722.0862 722.8239 723.0176 723.4684 724.3433 725.7499 727.7242 730.1266 732.787 735.3796 737.6271 739.4337 740.8265 741.8023 -9999 -9999 -9999 -9999 -9999 -9999 -9999 -9999 -9999 -9999 -9999 -9999 -9999 -9999 -9999 -9999 -9999 -9999 -9999 -9999 -9999 -9999 -9999 -9999
725.5999 725.0337 724.4869 723.7938 723.4138 723.265 723.2811 723.3888 723.4283 723.2831 723.111 722.9972 722.9456 722.9478 722.9925 723.0649 723.1425 723.1957 723.2059 723.1888 723.1802 723.1984 723.2283 723.23 723.1705 723.0299 722.813 722.5468 722.2726 722.0392 721.9106 721.9114 722.0072 722.4938 723.2214 723.5025 724.1481 725.3558 727.1937 729.5021 732.0393 734.548 736.849 738.7955 740.4 741.6826 -9999 -9999 -9999 -9999 -9999 -9999 -9999 -9999 -9999 -9999 -9999 -9999 -9999 -9999 -9999 -9999 -9999 -9999 -9999 -9999 -9999 -9999 -9999 -9999 -9999
726.7963 726.4207 725.6902 724.7214 723.8213 723.4093 723.2748 723.3118 723.4072 723.429 723.3344 723.2577 723.1957 723.1709 723.1805 723.2143 723.2566 723.2794 723.2648 723.2192 723.175 723.1546 723.1517 723.133 723.0687 722.954 722.8004 722.6373 722.4982 722.415 722.4132 722.5192 722.6342 722.9369 723.4451 723.9994 724.9879 726.621 728.9247 731.4638 733.7765 735.8799 737.767 739.3443 740.6938 -9999 -9999 -9999 -9999 -9999 -9999 -9999 -9999 -9999 -9999 -9999 -9999 -9999 -9999 -9999 -9999 -9999 -9999 -9999 -9999 -9999 -9999 -9999 -9999 -9999 -9999
727.9512 727.91 727.0821 725.8915 724.6749 723.7677 723.4291 723.3064 723.3611 723.4111 723.4299 723.4288 723.3715 723.3404 723.3307 723.3279 723.3401 723.3417 723.3137 723.2527 723.1811 723.1196 723.0793 723.0381 722.975 722.8995 722.8372 722.8134 722.8449 722.9304 723.0372 723.2654 723.3336 723.4368 723.8608 724.6426 725.9966 728.1083 730.7422 733.149 734.7374 736.2201 737.906 739.0932 740.1326 -9999 -9999 -9999 -9999 -9999 -9999 -9999 -9999 -9999 -9999 -9999 -9999 -9999 -9999 -9999 -9999 -9999 -9999 -9999 -9999 -9999 -9999 -9999 -9999 -9999 -9999
728.6371 729.1353 728.395 727.0858 725.6614 724.5745 723.9324 723.5109 723.4246 723.3871 723.4232 723.4427 723.43 723.43 723.4297 723.4017 723.3961 723.3917 723.3689 723.3092 723.2274 723.1224 723.0358 722.967 722.9031 722.8764 722.9229 723.0643 723.2915 723.5515 723.5984 723.7227 723.774 723.9339 724.4788 725.558 727.3512 729.7975 732.4935 734.407 734.5732 735.7161 737.3151 738.2774 -9999 -9999 -9999 -9999 -9999 -9999 -9999 -9999 -9999 -9999 -9999 -9999 -9999 -9999 -9999 -9999 -9999 -9999 -9999 -9999 -9999 -9999 -9999 -9999 -9999 -9999 -9999
