backend/lakes/data/Isle Lake/isle_dem_tm.asc
ncols         309
nrows         191
xllcorner     510100
yllcorner     5934500
cellsize      50
NODATA_value  -9999
[rows 31 to 61 of 191, columns 142 to 212 of 309]
-9999 -9999 -9999 -9999 -9999 -9999 -9999 -9999 -9999 -9999 -9999 -9999 -9999 -9999 -9999 -9999 -9999 -9999 -9999 -9999 -9999 -9999 -9999 -9999 -9999 -9999 -9999 -9999 -9999 -9999 -9999 -9999 -9999 -9999 -9999 -9999 -9999 -9999 -9999 -9999 -9999 -9999 -9999 -9999 -9999 -9999 -9999 -9999 -9999 -9999 -9999 -9999 -9999 -9999 -9999 -9999 -9999 -9999 -9999 -9999 -9999 -9999 -9999 -9999 -9999 732.8198 732.7284 732.8419 732.2784 730.6328 728.9044
-9999 -9999 -9999 -9999 -9999 -9999 -9999 -9999 -9999 -9999 -9999 -9999 -9999 -9999 -9999 -9999 -9999 -9999 -9999 -9999 -9999 -9999 -9999 -9999 -9999 -9999 -9999 -9999 -9999 -9999 -9999 -9999 -9999 -9999 -9999 -9999 -9999 -9999 -9999 -9999 -9999 -9999 -9999 -9999 -9999 -9999 -9999 -9999 -9999 -9999 -9999 -9999 -9999 -9999 -9999 -9999 -9999 -9999 -9999 -9999 -9999 -9999 -9999 -9999 732.2404 732.0756 732.0657 732.0466 731.2489 729.6722 727.9778
-9999 -9999 -9999 -9999 -9999 -9999 -9999 -9999 -9999 -9999 -9999 -9999 -9999 -9999 -9999 -9999 -9999 -9999 -9999 -9999 -9999 -9999 -9999 -9999 -9999 -9999 -9999 -9999 -9999 -9999 -9999 -9999 -9999 -9999 -9999 -9999 -9999 -9999 -9999 -9999 -9999 -9999 -9999 -9999 -9999 -9999 -9999 -9999 -9999 -9999 -9999 -9999 -9999 -9999 -9999 -9999 -9999 737.2761 736.4168 735.8535 735.2994 734.7031 733.7575 732.6729 732.1031 731.9911 732.0027 731.7361 730.5753 728.9353 727.2224
-9999 -9999 -9999 -9999 -9999 -9999 -9999 -9999 -9999 -9999 -9999 -9999 -9999 -9999 -9999 -9999 -9999 -9999 -9999 -9999 -9999 -9999 -9999 -9999 -9999 -9999 -9999 -9999 -9999 -9999 -9999 -9999 -9999 -9999 -9999 -9999 -9999 -9999 -9999 -9999 -9999 -9999 -9999 -9999 -9999 -9999 -9999 -9999 -9999 -9999 -9999 -9999 -9999 -9999 -9999 737.1929 736.3366 735.8094 735.4264 735.2931 734.8998 734.2031 733.2446 732.2771 731.9529 731.9661 731.9732 731.4036 729.9653 728.2277 726.6563
-9999 -9999 -9999 -9999 -9999 -9999 -9999 -9999 -9999 -9999 -9999 -9999 -9999 -9999 -9999 -9999 -9999 -9999 -9999 -9999 -9999 -9999 -9999 -9999 -9999 -9999 -9999 -9999 -9999 -9999 -9999 -9999 -9999 -9999 -9999 -9999 -9999 -9999 -9999 -9999 -9999 -9999 -9999 -9999 -9999 -9999 -9999 -9999 -9999 -9999 -9999 -9999 -9999 737.0742 736.3789 735.4895 734.7297 734.42 734.4521 734.4936 734.0234 733.2859 732.3823 731.7762 731.6092 731.687 731.6699 731.0668 729.3593 727.5416 726.1342
-9999 -9999 -9999 -9999 -9999 -9999 -9999 -9999 -9999 -9999 -9999 -9999 -9999 -9999 -9999 -9999 -9999 -9999 -9999 -9999 -9999 -9999 -9999 -9999 -9999 -9999 -9999 -9999 -9999 -9999 -9999 -9999 -9999 -9999 -9999 -9999 -9999 -9999 -9999 -9999 -9999 -9999 -9999 -9999 -9999 731.6943 731.0034 730.1647 729.9613 730.6862 732.3194 -9999 735.2047 735.2592 734.7126 734.0059 733.3389 733.0851 733.1771 733.1175 732.6394 731.9681 731.2792 730.9117 730.8592 730.9967 730.9954 730.3965 728.8354 727.0401 725.6861
-9999 -9999 -9999 -9999 -9999 -9999 -9999 -9999 -9999 -9999 -9999 -9999 -9999 -9999 -9999 -9999 -9999 -9999 -9999 -9999 -9999 -9999 -9999 -9999 -9999 -9999 -9999 -9999 -9999 -9999 -9999 -9999 -9999 -9999 -9999 -9999 -9999 -9999 -9999 -9999 -9999 -9999 -9999 732 731.979 731.7343 731.114 730.2346 729.9717 730.5319 731.7042 732.8002 733.4208 733.3904 733.0648 732.5568 731.8924 731.4512 731.3154 731.1161 730.7243 730.2871 729.871 729.5997 729.5682 729.8087 729.8672 729.2764 727.9008 726.3493 725.0811
-9999 -9999 -9999 -9999 -9999 -9999 -9999 -9999 -9999 -9999 -9999 -9999 -9999 -9999 -9999 -9999 -9999 -9999 -9999 -9999 -9999 -9999 -9999 -9999 -9999 -9999 -9999 -9999 -9999 -9999 -9999 -9999 -9999 -9999 -9999 -9999 -9999 -9999 -9999 -9999 -9999 -9999 732.0001 732.0044 732.0465 732.0018 731.6707 730.7487 729.9954 730.283 731.0162 731.5992 731.8262 731.6734 731.4347 730.9614 730.1905 729.5259 729.2786 728.9622 728.6542 728.3837 728.2112 728.0716 728.0837 728.2128 728.2029 727.7057 726.5875 725.3474 724.3471
-9999 -9999 -9999 -9999 -9999 -9999 -9999 -9999 -9999 -9999 -9999 -9999 -9999 -9999 -9999 -9999 -9999 -9999 -9999 -9999 -9999 -9999 -9999 -9999 -9999 -9999 -9999 -9999 -9999 -9999 -9999 -9999 -9999 -9999 -9999 -9999 -9999 -9999 -9999 -9999 -9999 732.368 732.02 731.9927 732.0023 732.0048 731.5815 730.6039 729.4079 729.4616 730.172 730.5291 730.5852 730.2478 729.8701 729.2697 728.3416 727.5302 727.0884 726.799 726.6217 726.5184 726.4731 726.4455 726.4774 726.5505 726.519 726.0922 725.202 724.2383 723.4567
-9999 -9999 -9999 -9999 -9999 -9999 -9999 -9999 -9999 -9999 -9999 -9999 -9999 -9999 -9999 -9999 -9999 -9999 -9999 -9999 -9999 -9999 -9999 -9999 -9999 -9999 -9999 -9999 -9999 -9999 -9999 -9999 -9999 -9999 -9999 -9999 -9999 -9999 -9999 -9999 733.0604 732.595 732.2347 732.0078 731.8363 731.6781 731.0321 729.9214 729.137 728.5024 728.9681 729.3463 729.4364 728.9034 728.3249 727.5749 726.6501 725.899 725.3447 725.0203 724.8903 724.8581 724.861 724.8696 724.8994 724.9542 724.969 724.6411 724.0793 723.493 723.5878
-9999 -9999 -9999 -9999 -9999 -9999 -9999 -9999 -9999 -9999 -9999 -9999 -9999 -9999 -9999 -9999 -9999 -9999 -9999 -9999 -9999 -9999 -9999 -9999 -9999 -9999 -9999 -9999 -9999 -9999 -9999 -9999 -9999 -9999 -9999 -9999 -9999 -9999 -9999 733.0874 732.8192 732.5703 732.2462 731.8149 731.152 730.5253 729.6152 728.615 728.2001 727.7806 727.8601 728.0493 728.1107 727.5854 726.8249 725.9531 725.1375 724.5913 724.1046 723.7029 723.5461 723.506 723.4986 723.4956 723.5057 723.5388 723.5746 723.5557 723.6884 724.0233 724.8607
-9999 -9999 -9999 -9999 -9999 -9999 -9999 -9999 -9999 -9999 -9999 -9999 -9999 -9999 -9999 -9999 -9999 -9999 -9999 -9999 -9999 -9999 -9999 -9999 -9999 -9999 -9999 -9999 -9999 -9999 -9999 -9999 -9999 -9999 -9999 -9999 -9999 -9999 732.3394 732.1997 732.3319 732.2699 731.8657 731.064 729.9973 728.9138 727.9952 727.1665 726.8057 726.5715 726.494 726.5104 726.4582 726.0145 725.2567 724.5071 723.8334 723.4852 723.2452 722.9269 722.7462 722.6587 722.6072 722.5778 722.5935 722.6929 722.92 723.3508 724.1811 725.5268 726.9271
-9999 -9999 -9999 -9999 -9999 -9999 -9999 -9999 -9999 -9999 -9999 -9999 -9999 -9999 -9999 -9999 -9999 -9999 -9999 -9999 -9999 -9999 -9999 -9999 -9999 -9999 734.9646 735.4822 736.1096 735.9692 735.2024 734.5544 734.2336 733.9452 733.5897 733.136 732.7109 732.1618 731.9415 731.9124 731.9763 731.7834 731.0876 730.0111 728.6711 727.4299 726.6033 725.9973 725.6823 725.4523 725.1793 725.0149 724.9288 724.67 723.963 723.4063 722.9452 722.6968 722.5532 722.394 722.2766 722.1885 722.114 722.0718 722.1185 722.3306 722.8058 723.697 725.2948 727.359 729.183
-9999 -9999 -9999 -9999 -9999 -9999 -9999 -9999 -9999 -9999 -9999 -9999 -9999 -9999 -9999 -9999 -9999 -9999 -9999 -9999 -9999 -9999 -9999 -9999 734.064 734.671 735.454 736.2848 736.9136 736.8628 736.1841 735.6435 735.0015 734.5721 734.2123 733.8254 733.2637 732.8265 732.2466 731.9045 731.512 730.8983 729.9271 728.5526 727.2208 726.1896 725.5012 724.9952 724.7255 724.5292 724.1493 723.7784 723.6223 723.4487 723.0321 722.635 722.3232 722.1615 722.103 722.0688 722.0382 721.9872 721.9194 721.8838 721.9727 722.3026 723.0045 724.237 726.3021 728.8705 731.2097
-9999 -9999 -9999 -9999 -9999 -9999 -9999 -9999 -9999 -9999 -9999 -9999 -9999 -9999 -9999 -9999 -9999 742.231 740.9072 739.273 737.6176 736.0327 734.6779 734.0334 734.0898 734.9274 735.9285 736.4113 736.5656 736.2341 735.6312 736.0698 735.5788 734.9974 734.7761 734.331 733.9996 733.7205 732.9637 732.0416 730.9911 729.7925 728.4796 727.0981 725.9581 725.0958 724.5629 724.0791 723.6996 723.5354 723.345 723.0474 722.8481 722.6707 722.4059 722.1361 721.9285 721.8369 721.8497 721.9087 721.9608 721.9642 721.921 721.9009 722.0247 722.4437 723.325 724.8231 727.1365 730.1026 732.8953
-9999 -9999 -9999 -9999 -9999 -9999 -9999 -9999 -9999 -9999 -9999 -9999 -9999 -9999 -9999 741.0441 740.693 739.8526 738.6851 737.5463 736.5831 735.6733 734.7798 734.0633 734.0056 734.4982 735.0751 735.371 735.2015 734.7313 734.2714 734.2695 733.9766 733.6689 733.5649 733.6154 733.7826 733.7429 733.1697 731.9463 730.3536 728.6216 727.1039 725.8598 724.8839 724.1428 723.6325 723.35 723.0673 722.9081 722.7615 722.5601 722.3828 722.2208 722.0375 721.8572 721.7242 721.6868 721.7521 721.876 721.994 722.05 722.0339 722.0212 722.1458 722.5747 723.482 725.0573 727.4633 730.6527 733.8573
-9999 -9999 -9999 -9999 -9999 -9999 -9999 -9999 -9999 -9999 -9999 -9999 -9999 -9999 739.6066 739.0721 738.3752 737.4335 736.4695 735.75 735.2813 734.7614 734.2211 733.5549 733.217 733.2349 733.2274 733.0601 732.626 732.037 731.5043 731.2433 731.04 730.9723 731.1473 731.6161 732.3221 732.8376 732.552 731.441 729.6448 727.6627 726.0757 724.8854 724.0281 723.4276 723.0322 722.8059 722.6281 722.5149 722.4109 722.2732 722.1267 721.9865 721.854 721.7404 721.6688 721.6764 721.7806 721.9484 722.1133 722.2073 722.2084 722.1826 722.2728 722.6448 723.4692 724.9164 727.1745 730.2859 733.6791
-9999 -9999 -9999 -9999 -9999 -9999 -9999 -9999 -9999 -9999 -9999 -9999 -9999 738.9186 737.9349 737.0228 736.0898 735.0798 734.2295 733.6238 733.2701 732.9172 732.4179 731.7554 731.3244 730.9703 730.5404 730.0854 729.5632 729.0223 728.4064 728.0353 727.8839 727.9981 728.4669 729.1823 730.1025 731.1415 731.4258 730.6561 729.0824 727.0869 725.3747 724.1624 723.4055 722.9243 722.6344 722.4689 722.3613 722.2942 722.23 722.1349 722.0143 721.8925 721.7928 721.7303 721.7161 721.7715 721.9146 722.12 722.3206 722.4366 722.4312 722.3688 722.386 722.6467 723.303 724.4399 726.3381 729.0724 732.2994
-9999 -9999 -9999 -9999 -9999 -9999 -9999 -9999 -9999 -9999 -9999 -9999 738.2977 737.3478 736.1609 735.0541 733.9213 732.7678 731.8613 731.1002 730.5223 730.0657 729.5582 729.0232 728.5754 728.1181 727.6774 727.2738 726.9153 726.5157 725.9794 725.6349 725.5236 725.6853 726.1854 726.9394 727.9712 729.2406 730.0441 729.9027 728.7529 726.8936 725.0849 723.7244 723.0023 722.6081 722.3981 722.2877 722.2256 722.1913 722.1567 722.0914 721.9907 721.8818 721.8046 721.7836 721.8256 721.9381 722.1337 722.3911 722.6379 722.7728 722.7326 722.6069 722.5154 722.6038 722.9941 723.785 725.2439 727.3917 730.0946
-9999 -9999 -9999 -9999 -9999 -9999 -9999 -9999 -9999 -9999 -9999 737.1547 736.647 735.6494 734.3801 733.1331 731.8173 730.4115 729.3724 728.4336 727.6937 727.1487 726.7202 726.347 726.0325 725.7385 725.4747 725.2844 725.1092 724.9095 724.5864 724.3468 724.2698 724.3973 724.7724 725.3843 726.3838 727.6517 728.9358 729.5233 729.0318 727.0832 725.0975 723.6155 722.837 722.4539 722.2796 722.2052 722.1711 722.153 722.1333 722.089 722.0078 721.9123 721.8508 721.8624 721.9574 722.1367 722.406 722.7502 723.0881 723.277 723.1808 722.9775 722.762 722.6703 722.8229 723.3246 724.2385 725.6691 727.5975
-9999 -9999 -9999 -9999 -9999 -9999 -9999 -9999 -9999 -9999 736.2249 735.9908 735.2651 734.1149 732.6461 731.178 729.8026 728.4143 727.2744 726.372 725.6553 725.2419 724.9559 724.7301 724.546 724.4007 724.2761 724.1842 724.0889 723.9915 723.8508 723.7341 723.6938 723.7681 724.0265 724.5028 725.3148 726.5427 727.9543 729.2316 729.3405 727.1854 725.0585 723.5573 722.7555 722.3728 722.2153 722.1614 722.1445 722.1331 722.1169 722.0856 722.0258 721.9502 721.9039 721.9375 722.0736 722.3174 722.6769 723.1483 723.6603 724.006 723.88 723.6191 723.2474 722.9514 722.824 722.9666 723.4318 724.2689 725.4301
-9999 -9999 -9999 -9999 -9999 -9999 -9999 -9999 -9999 735.9999 735.905 735.2859 734.2942 732.8475 731.0354 729.36 728.0122 726.7989 725.8217 725.0422 724.4918 724.1807 724.0114 723.8948 723.7916 723.7468 723.7013 723.6327 723.4699 723.4198 723.3893 723.3586 723.3518 723.3917 723.593 723.9596 724.64 725.7148 727.2324 728.7548 728.6774 726.6357 724.5989 723.3229 722.6157 722.2733 722.1464 722.1108 722.1049 722.0971 722.0797 722.055 722.0173 721.9708 721.9434 721.9894 722.1454 722.4312 722.8683 723.4818 724.2482 724.869 725.0748 724.7822 724.1321 723.5895 723.1276 722.8917 722.9485 723.3088 723.8502
-9999 -9999 -9999 -9999 -9999 -9999 -9999 -9999 735.9979 736.1022 735.8947 735.0003 733.559 731.634 729.5781 727.9251 726.6592 725.6718 724.8981 724.2911 723.8856 723.6719 723.6001 723.5496 723.4368 723.4167 723.4055 723.3244 723.0273 722.8708 722.7763 722.6739 722.6644 722.7688 723.0821 723.3999 723.9904 724.8925 726.0476 726.9988 726.9113 725.3928 723.854 722.9116 722.3862 722.1154 722.0413 722.0275 722.0273 722.0233 722.0096 721.9913 721.9724 721.9629 721.9573 722.0084 722.1586 722.4467 722.9136 723.6288 724.7401 725.7983 725.9561 726.0214 725.5134 724.7574 723.8311 723.1705 722.8278 722.7911 722.9877
-9999 -9999 -9999 -9999 -9999 -9999 -9999 -9999 736.0018 736.0737 735.6511 734.5737 732.7188 730.4825 728.3812 726.7773 725.6758 724.8948 724.3015 723.8707 723.5897 723.4326 723.4247 723.4012 723.1832 723.0279 722.9032 722.7468 722.4614 722.3149 722.1988 721.9799 721.9242 721.9598 722.1551 722.5801 723.1334 723.8027 724.5566 725.0382 724.8497 723.8464 722.9286 722.3966 722.1112 721.9077 721.8975 721.8992 721.8997 721.8999 721.9 721.8999 721.9003 721.934 721.9425 721.994 722.1147 722.3656 722.7943 723.4843 724.5272 725.6823 726.4242 726.9407 726.9673 726.1334 724.9415 723.8284 723.1089 722.7655 722.7474
-9999 -9999 -9999 -9999 -9999 -9999 -9999 735.8851 735.9964 735.9091 735.123 733.6639 731.4669 729.1735 727.1995 725.8199 724.9197 724.3185 723.907 723.6218 723.4216 723.2458 723.151 723.0348 722.8039 722.5751 722.3719 722.2048 721.9523 721.9019 721.8723 721.657 721.5295 721.5078 721.6195 721.8763 722.1607 722.6446 723.0421 723.2914 723.1191 722.468 722.0256 721.894 721.8718 721.7361 721.6982 721.698 721.7086 721.7244 721.748 721.7828 721.832 721.8992 721.9003 721.9541 722.0246 722.2156 722.5491 723.124 723.9785 725.1981 726.3633 727.3101 727.8585 727.274 726.1012 724.8416 723.7746 723.1657 722.9919
-9999 -9999 -9999 -9999 -9999 -9999 -9999 735.9757 735.8743 735.4402 734.3194 732.4159 730.0903 727.8557 726.1595 725.0192 724.3253 723.8987 723.6296 723.423 723.2113 723.0144 722.8471 722.663 722.4207 722.1638 721.9339 721.8828 721.7231 721.6583 721.6049 721.463 721.3479 721.3049 721.3563 721.4958 721.6727 721.9186 722.0768 722.0823 721.9735 721.6999 721.5161 721.4956 721.5245 721.4881 721.4697 721.4755 721.4962 721.5255 721.5672 721.6266 721.7018 721.7811 721.8325 721.8982 721.9026 722.0443 722.2632 722.7689 723.5734 724.6852 725.8532 726.9587 727.799 727.8963 727.0544 725.9316 724.8124 723.948 723.609
-9999 -9999 -9999 -9999 -9999 -9999 736.7845 736.1407 735.7651 734.895 733.2669 731.0175 728.7386 726.757 725.3172 724.4313 723.9111 723.611 723.4232 723.2147 722.9932 722.7715 722.5596 722.341 722.1199 721.8995 721.726 721.6577 721.5738 721.5217 721.4722 721.3881 721.3152 721.2893 721.3262 721.4189 721.5396 721.6625 721.7109 721.6594 721.5498 721.3951 721.2939 721.2783 721.2921 721.2808 721.2699 721.2753 721.2979 721.3318 721.3792 721.4471 721.5325 721.6196 721.6887 721.7465 721.782 721.8846 721.9411 722.3938 723.1768 724.094 725.1234 726.1752 727.2331 727.9373 727.827 726.9863 726.0071 725.2147 724.8052
-9999 -9999 -9999 -9999 -9999 -9999 736.9392 736.3672 735.7449 734.395 732.2822 729.7805 727.5685 725.9017 724.7841 724.063 723.6639 723.4355 723.254 723.0379 722.8029 722.5603 722.3184 722.0864 721.8983 721.7272 721.6012 721.5389 721.495 721.4666 721.4404 721.4058 721.3846 721.4009 721.4657 721.5734 721.6944 721.7871 721.795 721.7096 721.5737 721.4218 721.3049 721.241 721.2045 721.1685 721.1389 721.1281 721.1392 721.1659 721.2065 721.2687 721.3517 721.4397 721.5116 721.5591 721.5804 721.61 721.6558 721.9468 722.5615 723.3638 724.2755 725.2627 726.2914 727.313 727.9421 727.8211 727.1013 726.5195 726.0975
-9999 -9999 -9999 -9999 -9999 737.4849 736.9108 736.3851 735.5505 733.7889 731.3047 728.8254 726.7404 725.2443 724.3362 723.8033 723.5408 723.4203 723.1824 722.9257 722.6674 722.4113 722.1552 721.9073 721.7522 721.621 721.5304 721.4858 721.4674 721.4642 721.4672 721.4775 721.5114 721.5861 721.7097 721.8778 722.0567 722.1851 722.191 722.0632 721.8701 721.665 721.4849 721.3463 721.2404 721.1532 721.0856 721.0444 721.0317 721.0405 721.0652 721.1121 721.1843 721.2676 721.3395 721.3821 721.3912 721.3858 721.4089 721.5797 721.9661 722.5988 723.3956 724.3005 725.2852 726.3051 727.3005 727.9306 727.9213 727.5477 727.1426
-9999 -9999 -9999 -9999 -9999 737.9829 737.1201 736.4075 735.2993 733.1974 730.4584 728.0235 726.1199 724.8269 724.0428 723.6298 723.4323 723.3145 723.1041 722.8496 722.5875 722.3371 722.104 721.8978 721.719 721.5853 721.502 721.4677 721.4666 721.4844 721.5158 721.5663 721.6517 721.79 721.9918 722.2534 722.5411 722.77 722.8005 722.5953 722.3136 722.0249 721.7621 721.5399 721.3585 721.2109 721.0958 721.0168 720.9736 720.9579 720.9617 720.9893 721.0465 721.1228 721.1968 721.2455 721.2581 721.2471 721.251 721.3392 721.5651 721.9637 722.5839 723.3744 724.2795 725.2686 726.2886 727.2909 727.9591 728.0803 727.8522
-9999 -9999 -9999 -9999 -9999 738.8381 737.5735 736.562 735.1167 732.7396 729.8867 727.3688 725.5236 724.4341 723.8248 723.5421 723.4285 723.2816 723.0679 722.8148 722.5551 722.3086 722.0894 721.8994 721.7217 721.5834 721.4983 721.4661 721.4744 721.5068 721.5593 721.6403 721.769 721.9656 722.2476 722.6214 723.0616 723.4788 723.5714 723.2046 722.7999 722.4149 722.0664 721.7653 721.5133 721.307 721.1448 721.0276 720.9528 720.9111 720.8932 720.9014 720.9437 721.0143 721.0934 721.1582 721.1913 721.1964 721.2026 721.2501 721.3734 721.5988 721.9639 722.5576 723.3482 724.2732 725.2935 726.3763 727.5228 728.397 728.0622
