backend/lakes/data/Isle Lake/isle_dem_tm.asc
ncols         309
nrows         191
xllcorner     510100
yllcorner     5934500
cellsize      50
NODATA_value  -9999
[rows 62 to 92 of 191, columns 142 to 212 of 309]
-9999 -9999 -9999 -9999 -9999 739.9013 738.3756 736.9453 735.0327 732.3365 729.5265 726.9869 725.2124 724.2159 723.7053 723.5007 723.4293 723.2766 723.0596 722.8106 722.5535 722.3062 722.0858 721.8998 721.732 721.5927 721.5037 721.4735 721.4894 721.5297 721.5916 721.6866 721.8386 722.0758 722.4216 722.8975 723.5107 724.2678 724.5071 723.7775 723.2375 722.7597 722.3364 721.9702 721.6621 721.4081 721.2059 721.0559 720.9538 720.8895 720.8526 720.8439 720.8734 720.9401 721.0276 721.1141 721.1801 721.2197 721.2523 721.3025 721.3853 721.5055 721.6776 721.9735 722.5464 723.3735 724.3243 725.3715 726.4689 727.5383 728.1199
-9999 -9999 -9999 -9999 742.6542 740.9577 739.2313 737.3788 734.9581 731.876 728.8787 726.5996 725.0359 724.1229 723.6595 723.4857 723.4297 723.2784 723.0607 722.8217 722.5706 722.3177 722.0878 721.8994 721.7477 721.6051 721.5126 721.4935 721.5281 721.5725 721.6289 721.712 721.8582 722.1046 722.4793 723.0092 723.7243 724.7372 724.8496 724.1951 723.5479 722.9934 722.5197 722.1143 721.7719 721.4873 721.2578 721.0841 720.9624 720.8815 720.8311 720.8101 720.829 720.8923 720.9888 721.0989 721.2026 721.288 721.3653 721.4519 721.5516 721.6445 721.6998 721.7905 722.0101 722.6488 723.4538 724.3583 725.2905 726.116 726.7026
-9999 -9999 -9999 -9999 743.5869 741.8676 739.8674 737.5594 734.6522 731.241 728.2662 726.2271 724.9099 724.0798 723.6418 723.4725 723.4291 723.2751 723.0613 722.8384 722.5992 722.3425 722.1008 721.903 721.7883 721.6273 721.5328 721.549 721.6326 721.6786 721.7106 721.7385 721.8383 722.0573 722.4202 722.9459 723.6562 724.6278 724.812 724.1869 723.5684 723.0365 722.5746 722.1708 721.8229 721.5289 721.2871 721.0998 720.9672 720.8776 720.8196 720.7918 720.8033 720.8632 720.9655 721.0952 721.2338 721.3654 721.4911 721.625 721.7698 721.894 721.8992 721.8987 721.9037 722.2172 722.7861 723.4898 724.2397 724.8871 725.3441
-9999 -9999 -9999 -9999 744.141 742.3143 740.0142 737.2848 734.0719 730.6024 727.7085 725.8378 724.7439 724.0096 723.6095 723.4311 723.3787 723.247 723.0533 722.8572 722.6373 722.3866 722.1554 721.9901 721.8917 721.6702 721.5856 721.6888 721.8898 721.9298 721.8981 721.7966 721.7926 721.9476 722.2623 722.7225 723.3051 723.938 724.4372 723.7693 723.3173 722.9011 722.5068 722.1403 721.8127 721.5286 721.2891 721.0984 720.9613 720.8708 720.8121 720.7819 720.7894 720.8451 720.949 721.0894 721.252 721.4197 721.5812 721.7411 721.8984 722.001 722.0052 721.9581 721.898 721.9222 722.2928 722.8378 723.4368 723.9573 724.2974
-9999 -9999 -9999 745.5731 744.2007 742.2294 739.6714 736.5794 733.1095 729.6643 727.0408 725.3322 724.4109 723.8628 723.5671 723.4304 723.3615 723.2258 723.0422 722.8734 722.6783 722.4374 722.2146 722.0494 721.9009 721.7114 721.7194 722.0014 722.4196 722.5106 722.26 721.8962 721.7319 721.7977 722.0462 722.424 722.8783 723.3122 723.5562 723.3057 723.0028 722.6849 722.3625 722.0463 721.7531 721.4926 721.2667 721.0808 720.9434 720.8556 720.8027 720.775 720.7798 720.8306 720.9308 721.0736 721.2468 721.4349 721.6169 721.7755 721.9012 722.0172 722.0056 721.8935 721.722 721.6792 721.9072 722.3359 722.8411 723.306 723.5364
-9999 -9999 -9999 745.139 743.6943 741.6527 738.9167 735.5605 731.9166 728.6259 726.2977 724.8798 724.1182 723.7201 723.521 723.4295 723.3392 723.1909 723.0149 722.8749 722.718 722.506 722.3224 722.2155 722.1161 721.9568 722.1143 722.7325 723.3423 723.3887 722.7709 721.9847 721.6616 721.6407 721.8179 722.1172 722.463 722.7757 722.9376 722.8538 722.6672 722.434 722.1787 721.9157 721.6625 721.4325 721.2275 721.0518 720.9164 720.8298 720.7849 720.765 720.7693 720.8116 720.9022 721.0391 721.2136 721.4126 721.6132 721.7842 721.9011 722.0035 721.9044 721.6265 721.3947 721.354 721.5398 721.8988 722.3323 722.7407 723.0459
-9999 -9999 745.4659 744.3307 742.8871 740.7881 737.8704 734.3174 730.6253 727.5728 725.515 724.4008 723.8469 723.577 723.4269 723.3293 723.2435 723.106 722.9525 722.8519 722.7578 722.6095 722.5125 722.5497 722.6509 722.6475 722.9707 723.7463 724.4611 724.3901 723.3465 722.1566 721.6514 721.527 721.6245 721.8439 722.108 722.3392 722.4686 722.4538 722.3446 722.1801 721.985 721.774 721.5613 721.3628 721.1816 721.0189 720.8862 720.7974 720.7551 720.7444 720.7515 720.7831 720.8552 720.9749 721.1406 721.3435 721.5651 721.7692 721.9026 721.9673 721.7496 721.2119 720.9374 720.9572 721.161 721.4923 721.8923 722.2793 722.6139
-9999 745.0097 744.272 743.2135 741.7706 739.5948 736.5112 732.8302 729.2161 726.4682 724.8274 723.994 723.6169 723.4164 723.2337 723.1365 723.076 722.9746 722.8624 722.8154 722.8106 722.7684 722.783 722.9698 723.2482 723.379 723.8266 724.813 725.4277 724.8835 723.6251 722.2867 721.6781 721.4642 721.4834 721.6273 721.8196 721.9949 722.1013 722.1155 722.0557 721.9461 721.8041 721.6423 721.4688 721.2979 721.1382 720.9889 720.8585 720.7648 720.717 720.7081 720.7178 720.7388 720.7843 720.8716 721.0107 721.1992 721.4276 721.6666 721.8579 721.7182 721.156 720.5595 720.4095 720.5728 720.8135 721.1252 721.4991 721.8907 722.2433
742.6597 743.08 742.653 741.7158 740.2796 738.0215 734.8157 731.1774 727.8577 725.5213 724.2443 723.6635 723.4069 723.1753 722.998 722.9175 722.894 722.8423 722.7834 722.8036 722.9136 723.0319 723.1879 723.5085 723.9229 724.1215 724.6893 725.6428 725.6417 724.796 723.3872 722.2988 721.6919 721.4282 721.3822 721.463 721.5952 721.7234 721.8092 721.8359 721.8103 721.7462 721.653 721.5365 721.4 721.2513 721.1051 720.9658 720.838 720.7368 720.6791 720.6603 720.6643 720.6729 720.6888 720.7281 720.819 720.9579 721.136 721.2806 721.2849 720.9928 720.5042 720.2039 720.1788 720.3699 720.5619 720.8165 721.1598 721.559 721.944
740.1331 740.8317 740.6598 739.8152 738.3655 736.1025 732.9337 729.4539 726.5518 724.6987 723.7661 723.4009 723.1744 722.9948 722.8618 722.804 722.8004 722.7788 722.7668 722.8615 723.1195 723.4799 723.8683 724.3241 724.717 724.991 725.8549 726.3669 725.3973 724.0599 722.9751 722.1455 721.6302 721.3765 721.3 721.3344 721.4211 721.5118 721.5789 721.6118 721.6139 721.5909 721.5437 721.4691 721.3652 721.2331 721.0894 720.9513 720.8238 720.7177 720.6459 720.612 720.5979 720.5874 720.5759 720.5579 720.5925 720.6656 720.7972 720.8661 720.7667 720.4485 720.2018 720.0657 720.0887 720.229 720.3791 720.5605 720.8693 721.3087 721.8174
737.5756 738.4142 738.3793 737.5483 736.0524 733.8702 730.9338 727.8275 725.4049 723.9927 723.4231 723.2365 723.1475 723.0733 723.0039 722.955 722.9189 722.8547 722.8456 722.9907 723.4232 724.1992 725.1428 726.0006 726.5172 726.3854 726.8622 725.9265 724.4875 723.3883 722.5414 721.9159 721.5143 721.3 721.2222 721.2312 721.2858 721.3497 721.4038 721.4436 721.473 721.4898 721.4861 721.4491 721.37 721.2471 721.0952 720.9443 720.8121 720.7012 720.6204 720.5672 720.5291 720.4912 720.4645 720.3825 720.3776 720.3889 720.5276 720.5994 720.5421 720.3762 720.1887 720.1044 720.1393 720.2377 720.3171 720.3807 720.5936 720.9727 721.458
734.9274 735.7661 735.7285 734.849 733.3403 731.3273 728.7814 726.2342 724.3887 723.4933 723.4246 723.5349 723.6232 723.6638 723.6431 723.5505 723.3793 723.1313 723.0323 723.1078 723.548 724.5836 725.962 726.9631 727.6685 726.6901 725.7724 724.5707 723.5468 722.7372 722.1188 721.669 721.3777 721.2164 721.1495 721.1483 721.1841 721.2323 721.2817 721.3339 721.3932 721.4506 721.4875 721.4819 721.4167 721.2913 721.1212 720.944 720.7941 720.6791 720.5928 720.5259 720.4583 720.3817 720.3735 720.2499 720.202 720.2374 720.3772 720.4647 720.4541 720.3794 720.2584 720.2263 720.3027 720.4257 720.4879 720.4175 720.4403 720.657 721.067
732.199 732.9023 732.7527 731.8157 730.3575 728.6058 726.5726 724.7604 723.6229 723.4576 723.9999 724.6188 724.9542 725.1121 725.0847 724.8141 724.2649 723.6743 723.3922 723.2405 723.4403 724.0552 725.1728 725.8879 725.8777 724.9202 723.9753 723.2743 722.6656 722.1504 721.7439 721.4502 721.2577 721.1471 721.0963 721.0903 721.1158 721.1578 721.2116 721.2829 721.3756 721.474 721.5488 721.5662 721.5027 721.3593 721.1598 720.9454 720.7646 720.6371 720.5505 720.4731 720.3778 720.2448 720.1548 720.0504 720.0176 720.0816 720.2302 720.3777 720.4053 720.3799 720.3192 720.3528 720.515 720.7603 720.9787 720.9991 720.6124 720.4828 720.7519
729.8615 730.3932 730.0018 728.9604 727.5742 726.165 724.7831 723.7332 723.4357 723.9938 724.9956 725.9888 726.6157 726.9808 727.0086 726.5789 725.6386 724.6897 724.0132 723.546 723.4354 723.5801 723.8854 724.0524 723.8108 723.1251 722.6445 722.2904 721.9808 721.7009 721.4648 721.2944 721.1848 721.116 721.077 721.0671 721.0856 721.1266 721.1911 721.2861 721.4136 721.55 721.6581 721.6904 721.6166 721.4409 721.1991 720.9407 720.7185 720.5673 720.4765 720.3776 720.2231 720.062 719.9403 719.8599 719.8666 719.9678 720.1244 720.2849 720.3799 720.3799 720.3456 720.4174 720.6544 721.0322 721.4739 721.8168 721.3385 720.4879 720.5602
728.4841 728.6556 727.8076 726.6368 725.4166 724.4437 723.6987 723.4303 723.7426 724.6909 725.9442 727.1168 728.0657 728.6802 728.9702 728.691 727.4369 725.9987 724.9565 724.3 723.8278 723.4544 723.2253 722.8324 722.3801 722.0352 721.8119 721.6628 721.5383 721.4166 721.3065 721.2252 721.1757 721.1379 721.104 721.0861 721.0967 721.1384 721.2146 721.3325 721.4908 721.6591 721.7913 721.8307 721.7378 721.5219 721.2302 720.9243 720.6575 720.4724 720.3785 720.2334 720.063 719.9099 719.8069 719.77 719.8506 720.0346 720.2294 720.4107 720.5217 720.4785 720.3806 720.403 720.6227 720.9868 721.3618 721.5203 721.0978 720.4199 720.4517
728.25 727.3751 726.1011 724.9387 724.0143 723.5402 723.427 723.5191 724.0101 724.9417 726.1756 727.5035 728.683 729.6547 730.5026 730.7919 729.336 727.4349 725.9008 725.042 724.2658 723.5632 722.9294 722.1478 721.724 721.4996 721.39 721.3408 721.3126 721.2849 721.2574 721.2423 721.2344 721.2147 721.1786 721.1473 721.1464 721.186 721.2701 721.4036 721.5818 721.7709 721.9152 721.9521 721.8384 721.585 721.2506 720.9054 720.6045 720.3835 720.2994 720.1406 719.9879 719.8842 719.8453 719.87 720.0829 720.46 720.7825 721.0612 721.0295 720.8007 720.5333 720.3802 720.4886 720.7573 721.011 721.0659 720.7811 720.3843 720.4119
726.7308 725.7234 724.6832 723.8654 723.5123 723.412 723.4671 723.6474 724.0397 724.6819 725.5493 726.7542 728.0003 729.2293 731.0424 732.1784 730.5825 728.3842 726.4736 725.0942 724.0051 723.0974 722.2593 721.7178 721.4242 721.2852 721.2322 721.2241 721.2404 721.2634 721.2896 721.3208 721.3451 721.3362 721.2903 721.2395 721.2215 721.2533 721.3375 721.4746 721.6564 721.8491 721.9929 722.0189 721.8878 721.6132 721.2606 720.9087 720.6212 720.4398 720.3737 720.1915 720.0958 720.0885 720.1597 720.2235 720.6373 721.3951 722.0841 722.2945 721.8861 721.3218 720.8139 720.4755 720.3805 720.5249 720.6772 720.7017 720.5579 720.38 720.4167
724.7813 724.3467 724.0261 723.5022 723.3985 723.4406 723.5208 723.6259 723.8055 724.1088 724.5949 725.3796 726.4322 727.8629 729.519 730.3358 729.5909 727.8802 726.0315 724.5226 723.2748 722.3151 721.7581 721.4446 721.2899 721.2247 721.2031 721.2114 721.2466 721.3011 721.3641 721.4302 721.4788 721.4772 721.4188 721.3431 721.3011 721.3171 721.3912 721.5179 721.685 721.8616 721.9908 722.0037 721.8628 721.5933 721.2583 720.9355 720.6861 720.538 720.4843 720.4291 720.5146 720.6497 720.8568 720.8474 721.5297 722.6618 723.7361 723.9336 722.8651 721.8705 721.1117 720.6118 720.3799 720.3929 720.4573 720.4708 720.4218 720.38 720.4395
723.2032 723.021 722.9347 722.7941 722.8745 723.1342 723.2183 723.2221 723.2111 723.2261 723.3388 723.6763 724.3417 725.4056 726.5459 727.1544 726.8874 725.8608 724.4995 723.3135 722.3136 721.7137 721.4042 721.2697 721.2255 721.2144 721.212 721.2255 721.2719 721.3497 721.4442 721.5383 721.606 721.6091 721.5376 721.4348 721.3629 721.3552 721.4091 721.512 721.6483 721.7914 721.8934 721.8956 721.7633 721.5304 721.2606 721.0173 720.8574 720.8026 720.9006 721.1577 721.5663 721.8152 721.8743 721.7549 722.0664 723.3983 724.6788 725.0826 723.6188 722.2076 721.2903 720.7031 720.3849 720.3444 720.3478 720.3469 720.3479 720.3798 720.4668
721.9673 721.9285 721.939 721.938 721.9914 722.1004 722.1377 722.1255 722.0905 722.0491 722.0374 722.14 722.4639 723.0544 723.7198 724.1389 724.1092 723.5667 722.7619 722.0879 721.5748 721.2848 721.1731 721.1641 721.1891 721.2067 721.2111 721.2251 721.2786 721.3772 721.4993 721.6176 721.7 721.7063 721.6229 721.4935 721.3894 721.3528 721.3804 721.452 721.5488 721.649 721.718 721.7158 721.6178 721.4598 721.3066 721.2014 721.1974 721.2744 721.5613 722.1127 722.7894 723.1871 723.0739 722.474 722.0706 723.0615 724.2994 724.2925 723.2429 722.07 721.2655 720.7396 720.4542 720.3795 720.324 720.3002 720.3216 720.3801 720.5127
721.2769 721.3087 721.3539 721.3915 721.4285 721.4686 721.4731 721.4437 721.3879 721.3153 721.2512 721.2512 721.3827 721.6676 722.0139 722.2596 722.2797 722.03 721.6425 721.3176 721.1075 721.0308 721.0549 721.1201 721.1744 721.1942 721.1898 721.1977 721.254 721.3676 721.5118 721.6483 721.7404 721.7489 721.6578 721.5079 721.3756 721.3113 721.3141 721.3583 721.4196 721.4816 721.5227 721.5293 721.4961 721.4514 721.4659 721.5457 721.7798 722.025 722.5245 723.4006 724.2698 724.6822 724.3805 723.4289 722.4736 722.2158 722.8541 722.8276 722.2535 721.623 721.0897 720.7009 720.4709 720.3799 720.3273 720.3108 720.3788 720.4866 720.6788
720.9833 721.0654 721.1132 721.1383 721.1467 721.1437 721.1229 721.0816 721.0206 720.9478 720.8762 720.8326 720.8518 720.9446 721.0752 721.1779 721.1921 721.1002 720.9662 720.8799 720.8683 720.9297 721.0345 721.134 721.189 721.189 721.1615 721.152 721.2017 721.3204 721.4763 721.6221 721.7178 721.7278 721.6365 721.479 721.3314 721.2515 721.2426 721.2775 721.3263 721.3759 721.4076 721.4474 721.5189 721.6162 721.8502 722.1193 722.6088 723.2118 724.0179 725.0616 726.0197 726.2454 725.6378 724.4683 723.0906 722.0379 721.9598 721.8644 721.5784 721.243 720.9247 720.662 720.4838 720.399 720.3793 720.3813 720.5169 720.7461 721.0621
720.9312 721.0391 721.0972 721.1063 721.0782 721.0352 720.9882 720.9365 720.8784 720.8218 720.7673 720.714 720.6682 720.6429 720.6337 720.6295 720.6198 720.605 720.6132 720.6753 720.7911 720.9376 721.0826 721.1898 721.2291 721.2011 721.141 721.1046 721.1353 721.2443 721.3983 721.5431 721.6363 721.6487 721.5678 721.4225 721.2836 721.2127 721.2177 721.2778 721.3553 721.4514 721.5084 721.6188 721.861 722.1183 722.6133 723.2277 723.9224 724.8376 725.9455 727.0898 727.9574 727.8231 726.8156 725.34 723.6533 722.1636 721.6036 721.3724 721.2017 721.0402 720.8748 720.7075 720.5674 720.4894 720.4946 720.5933 720.8362 721.2294 721.7401
721.0574 721.1423 721.1836 721.1765 721.1239 721.0479 720.9717 720.9031 720.8448 720.8075 720.7788 720.7355 720.6569 720.5593 720.4677 720.3978 720.3682 720.3907 720.4752 720.6199 720.8055 720.9987 721.1593 721.256 721.2737 721.2181 721.1284 721.063 721.0679 721.1552 721.2939 721.4291 721.5176 721.5374 721.4823 721.3732 721.2743 721.2496 721.3031 721.4371 721.5918 721.8349 721.9903 722.2231 722.7237 723.2864 723.9655 724.8577 725.7664 726.875 728.0674 729.1906 729.9609 729.2438 727.8073 726.0031 724.0305 722.3292 721.5507 721.2314 721.1046 721.0518 721.0029 720.9073 720.7957 720.7334 720.7933 721.0184 721.3999 721.9863 722.6803
721.2137 721.2866 721.3108 721.2851 721.2078 721.1009 720.9918 720.8961 720.8264 720.7991 720.7928 720.7652 720.6777 720.5441 720.4117 720.3188 720.2907 720.3403 720.4677 720.6532 720.8635 721.0657 721.2221 721.3009 721.2932 721.2152 721.1055 721.0209 721.0055 721.071 721.1909 721.3146 721.4044 721.4443 721.4377 721.3892 721.3616 721.4297 721.5627 721.8333 722.0948 722.5632 723.0787 723.5726 724.2872 725.1066 725.9977 727.06 728.0226 729.038 729.9543 730.7928 731.4704 729.9756 728.1393 726.1852 724.1719 722.4888 721.6754 721.3334 721.2357 721.2659 721.3322 721.2986 721.2164 721.1857 721.3389 721.7603 722.3253 723.186 724.0318
721.3154 721.3816 721.3995 721.366 721.2783 721.1509 721.0106 720.8785 720.7819 720.7458 720.7454 720.7269 720.6375 720.4988 720.366 720.2884 720.2867 720.3724 720.53 720.733 720.9414 721.1215 721.2493 721.3022 721.2709 721.1747 721.0565 720.969 720.9528 721.0144 721.1287 721.2523 721.3612 721.4445 721.526 721.5614 721.619 721.8316 722.0562 722.5047 723.0853 723.7675 724.6286 725.4738 726.4799 727.5637 728.6138 729.6354 730.4702 730.9637 731.132 730.5067 730.0536 729.0138 727.4746 725.7817 724.0458 722.6572 721.8985 721.5869 721.5248 721.6334 721.8401 721.863 721.8372 721.8881 722.195 722.8922 723.7921 724.906 725.8621
721.323 721.3878 721.4108 721.3817 721.2958 721.1624 721.0033 720.8373 720.7054 720.645 720.6303 720.6028 720.5072 720.3799 720.283 720.2581 720.3102 720.4329 720.6188 720.8276 721.0201 721.164 721.2473 721.2632 721.2089 721.1025 720.9874 720.9161 720.9273 721.0203 721.1626 721.3114 721.4737 721.6288 721.8739 722.0395 722.1491 722.4956 722.9897 723.5799 724.4315 725.4813 726.6942 727.8963 729.1464 730.5201 731.6128 732.4012 732.6466 732.1982 730.9002 729.4757 728.3293 727.3419 726.2036 724.8607 723.571 722.6003 722.0603 721.8902 721.9119 722.1034 722.4083 722.4765 722.5823 722.9121 723.5942 724.6181 725.8562 727.2711 728.3112
721.2545 721.3124 721.3403 721.3254 721.2536 721.1284 720.9677 720.7828 720.6202 720.5297 720.4875 720.431 720.3168 720.2043 720.1655 720.2214 720.3426 720.5129 720.7147 720.921 721.0855 721.1906 721.2308 721.2106 721.135 721.0256 720.9276 720.8944 720.9672 721.1406 721.366 721.5739 721.8455 722.0902 722.5851 723.1084 723.2922 723.6093 724.2299 725.1236 726.308 727.778 729.2811 730.7446 732.0037 733.4163 734.1508 734.3785 733.6332 732.155 729.9432 728.1171 726.9009 725.9427 724.9767 723.9235 723.0937 722.473 722.1583 722.1605 722.4238 722.9287 723.2911 723.3226 723.6476 724.3934 725.6019 727.038 728.5151 730.0438 731.437
721.1503 721.2021 721.231 721.2234 721.1677 721.0601 720.9127 720.7299 720.5542 720.4429 720.3739 720.2788 720.137 720.0276 720.0518 720.1907 720.3805 720.5989 720.8247 721.0221 721.1498 721.2065 721.2142 721.1781 721.0953 720.9914 720.9203 720.9457 721.1172 721.4304 721.8224 722.1313 722.5699 723.0551 723.6467 724.2457 724.7557 725.2519 726.0441 727.2931 728.8549 730.6488 732.2365 733.4783 734.0652 735.2371 735.1249 734.764 733.3105 731.1245 728.7114 726.9506 725.7731 724.924 724.1841 723.4717 722.872 722.4398 722.2678 722.3826 722.7528 723.4111 724.199 724.3357 725.1941 726.5666 728.3447 730.176 731.9157 733.5654 735.0966
721.047 721.1011 721.1335 721.1319 721.0847 720.9924 720.8649 720.7025 720.5342 720.4217 720.3417 720.2181 720.0477 719.9242 719.9807 720.1406 720.3652 720.6729 720.9441 721.1566 721.237 721.2463 721.2346 721.2131 721.1482 721.0638 721.0247 721.1157 721.4124 721.9123 722.5575 723.2195 723.836 724.6063 725.4388 726.2503 726.9424 727.6208 728.5835 730.0107 731.7733 733.4535 734.8426 735.6631 735.9291 735.3906 734.2222 733.2408 731.7068 729.613 727.4963 725.9413 724.9345 724.262 723.7756 723.3823 722.9039 722.568 722.4802 722.6624 723.0094 723.6152 724.4904 725.6041 727.2308 729.3505 731.6393 733.7689 735.659 737.3425 738.8379
720.9796 721.0466 721.0933 721.1025 721.064 720.9816 720.872 720.7396 720.5974 720.5024 720.4355 720.3114 720.1273 719.9839 720.045 720.2085 720.4016 720.7 721.0623 721.3621 721.3829 721.3431 721.3492 721.3982 721.3782 721.329 721.3247 721.4683 721.8982 722.6158 723.5693 724.6511 725.605 726.7894 727.9552 729.0458 729.882 730.6755 731.6948 733.0731 734.5213 735.5856 736.1263 736.0839 735.1027 733.8195 732.6469 731.5273 730.0771 728.2621 726.6268 725.2735 724.4579 723.9412 723.6254 723.4161 723.0993 722.8756 722.8868 723.2186 723.646 724.4967 725.7957 727.617 729.9006 732.498 735.0618 737.3237 739.2491 740.8849 742.2697
