backend/lakes/data/Astotin Lake/asto_dem_tm.asc
ncols         106
nrows         117
xllcorner     639150
yllcorner     5945050
cellsize      50
NODATA_value  -9999
[rows 60 to 89 of 117, columns 0 to 67 of 106]
-9999 -9999 -9999 -9999 -9999 -9999 -9999 -9999 -9999 -9999 -9999 -9999 -9999 -9999 -9999 -9999 -9999 -9999 -9999 -9999 -9999 -9999 -9999 715.4061 714.3939 713.9998 714.0294 714.3156 714.3681 714.1355 713.6059 712.5337 711.4606 710.8179 710.043 709.4781 709.1169 708.9213 708.75 708.5025 708.2304 708.0243 707.946 707.7505 707.7052 707.7659 707.8245 707.9495 707.9679 707.9501 707.8894 707.743 707.5349 707.2567 706.9252 706.6328 706.4205 706.3211 706.3551 706.5374 706.8235 707.2153 707.6097 707.9228 707.985 708.0479 708.0535 707.9269
-9999 -9999 -9999 -9999 -9999 -9999 -9999 -9999 -9999 -9999 -9999 -9999 -9999 -9999 -9999 -9999 -9999 -9999 -9999 -9999 -9999 -9999 -9999 715.9681 714.9822 714.4393 714.1497 713.9865 713.6869 713.0927 712.3053 711.4296 710.9166 710.3722 709.8068 709.4602 709.1082 708.8695 708.6724 708.457 708.2405 708.0681 707.9498 707.7805 707.6843 707.6964 707.7726 707.8872 707.9501 707.9916 707.9492 707.7735 707.5679 707.3212 707.0367 706.7549 706.552 706.46 706.516 706.7406 707.1228 707.5881 708.1028 708.579 708.9061 709.2443 709.1998 708.6819
-9999 -9999 -9999 -9999 -9999 -9999 -9999 -9999 -9999 -9999 -9999 -9999 -9999 -9999 -9999 -9999 -9999 -9999 -9999 -9999 -9999 -9999 717.9077 716.5765 715.6115 714.9429 714.2357 713.514 712.6292 711.8478 711.2136 710.9436 710.5121 710.0117 709.5063 709.2767 709.059 708.8705 708.6891 708.4882 708.2804 708.097 707.9498 707.8011 707.7145 707.7073 707.7596 707.8412 707.9093 707.9495 707.8624 707.6914 707.5048 707.3024 707.0721 706.8527 706.688 706.6262 706.7236 707.035 707.5652 708.2654 709.1202 709.6013 710.0384 710.5231 710.3792 709.6258
-9999 -9999 -9999 -9999 -9999 -9999 -9999 -9999 -9999 -9999 -9999 -9999 -9999 -9999 -9999 -9999 -9999 -9999 -9999 -9999 -9999 -9999 718.2318 717.0217 716.08 715.2373 714.0785 712.6693 712.6 711.8629 711.1816 710.7628 710.333 709.8837 709.4771 709.2418 709.082 708.9417 708.7798 708.5789 708.3512 708.1307 707.9495 707.8193 707.7471 707.7324 707.7537 707.7816 707.7968 707.7814 707.6846 707.5284 707.3667 707.207 707.0319 706.8666 706.7586 706.748 706.8912 707.283 708.0035 709.1036 709.9646 710.7909 711.6323 712.2142 711.8857 710.8696
-9999 -9999 -9999 -9999 -9999 -9999 -9999 -9999 -9999 -9999 -9999 -9999 -9999 -9999 -9999 -9999 -9999 -9999 -9999 -9999 -9999 -9999 718.1876 717.2735 716.5155 715.4978 713.7769 711.8499 711.8971 711.7795 711.2468 710.7636 710.3127 709.8755 709.48 709.281 709.174 709.0745 708.9296 708.7184 708.4589 708.1883 707.9524 707.8503 707.7916 707.7653 707.7485 707.7101 707.6479 707.5698 707.4602 707.3239 707.1836 707.0592 706.9337 706.8096 706.7338 706.7465 706.8942 707.2695 707.9823 709.1157 710.2057 711.5399 712.989 714.0177 713.7102 711.9823
-9999 -9999 -9999 -9999 -9999 -9999 -9999 -9999 -9999 -9999 -9999 -9999 -9999 -9999 -9999 -9999 -9999 -9999 -9999 -9999 -9999 -9999 718.5702 717.9429 716.9718 715.5499 713.6155 711.8854 711.765 711.6202 711.2161 710.7667 710.33 709.9009 709.4886 709.3602 709.3107 709.2485 709.1156 708.8933 708.6085 708.3168 708.0782 707.9497 707.8669 707.8151 707.757 707.6445 707.4896 707.337 707.2076 707.0894 706.9775 706.8843 706.8016 706.7134 706.6467 706.6427 706.7336 706.9731 707.4584 708.289 709.6392 711.4397 713.495 715.1317 714.855 712.1482
-9999 -9999 -9999 -9999 -9999 -9999 -9999 -9999 -9999 -9999 -9999 -9999 -9999 -9999 -9999 -9999 -9999 -9999 -9999 -9999 -9999 718.782 718.9896 718.4792 717.2435 715.357 713.3737 712.747 712.181 711.6649 711.1759 710.7252 710.3164 709.946 709.5785 709.4797 709.4606 709.4261 709.301 709.066 708.7588 708.4481 708.1987 708.0439 707.95 707.8794 707.7894 707.5977 707.3381 707.0962 706.9363 706.843 706.7631 706.7028 706.6585 706.6058 706.5506 706.5195 706.5359 706.6214 706.8511 707.4172 708.6454 710.3985 712.5242 714.1016 713.4391 710.6625
-9999 -9999 -9999 -9999 -9999 -9999 -9999 -9999 -9999 -9999 -9999 -9999 -9999 -9999 -9999 -9999 -9999 -9999 -9999 -9999 -9999 718.8431 719.2214 718.8328 717.3121 715.0795 712.9367 712.3942 711.9342 711.4593 710.9929 710.5474 710.1122 709.7212 709.4813 709.4872 709.547 709.554 709.439 709.1915 708.8621 708.5325 708.2717 708.1074 708.0155 707.9502 707.8563 707.5745 707.199 706.8566 706.6663 706.6063 706.5688 706.5427 706.5275 706.5063 706.4746 706.4449 706.4254 706.4205 706.4429 706.771 707.5337 708.9092 710.5294 711.8442 710.7219 708.6006
-9999 -9999 -9999 -9999 -9999 -9999 -9999 -9999 -9999 -9999 -9999 -9999 -9999 -9999 -9999 -9999 -9999 -9999 -9999 -9999 -9999 718.614 719.131 718.8882 717.3235 714.8544 712.4286 712.0585 711.6002 711.1729 710.7544 710.3421 709.9008 709.4907 709.403 709.4772 709.5825 709.6118 709.4958 709.2341 708.8867 708.5426 708.2766 708.1172 708.0436 708.0093 707.9424 707.5627 707.0762 706.6242 706.4305 706.4299 706.4303 706.43 706.4299 706.43 706.43 706.427 706.4283 706.4466 706.4265 706.3525 706.5936 707.227 707.9877 708.4929 707.7428 706.7615
-9999 -9999 -9999 -9999 -9999 -9999 -9999 -9999 -9999 -9999 -9999 -9999 -9999 -9999 -9999 -9999 -9999 -9999 -9999 -9999 -9999 718.2728 718.8831 718.9464 717.6827 715.3159 712.755 711.9291 711.3926 710.9727 710.567 710.1758 709.8247 709.4824 709.4182 709.4802 709.5758 709.597 709.4619 709.1815 708.8258 708.4799 708.2161 708.0654 708.0006 707.9502 707.8525 707.5275 707.0209 706.4424 706.2875 706.3785 706.4299 706.3704 706.3495 706.3735 706.4299 706.43 706.43 706.4276 706.2017 705.9152 705.7882 705.8494 705.976 705.961 705.4678 705.0963
-9999 -9999 -9999 -9999 -9999 -9999 -9999 -9999 -9999 -9999 -9999 -9999 -9999 -9999 -9999 -9999 -9999 -9999 -9999 -9999 -9999 717.8993 718.649 719.2273 718.64 716.6095 714.0551 712.6359 711.6538 711.0471 710.5316 710.0933 709.8005 709.5588 709.4799 709.48 709.5332 709.5317 709.3632 709.0678 708.7208 708.3906 708.134 707.9937 707.9501 707.8951 707.8262 707.6383 707.2373 706.5281 706.3162 706.4291 706.3922 706.2898 706.2607 706.2867 706.3658 706.43 706.4229 706.2891 705.9659 705.5934 705.3218 705.1318 704.9345 704.8175 704.4864 704.2911
-9999 -9999 -9999 -9999 -9999 -9999 -9999 -9999 -9999 -9999 -9999 -9999 -9999 -9999 -9999 -9999 -9999 -9999 -9999 -9999 -9999 718.1284 719.107 719.9056 719.6215 718.2581 716.0651 714.0121 712.3701 711.4417 710.6637 710.0826 709.8616 709.6362 709.5051 709.4738 709.48 709.4725 709.2664 708.9864 708.691 708.3936 708.1207 707.9511 707.946 707.8224 707.8254 707.8823 707.8256 707.1676 706.6375 706.4833 706.4226 706.2649 706.2314 706.2195 706.2978 706.394 706.4296 706.2338 705.8592 705.5049 705.3781 705.4044 705.2877 705.0194 704.5514 704.1965
-9999 -9999 -9999 -9999 -9999 -9999 -9999 -9999 -9999 -9999 -9999 -9999 -9999 -9999 -9999 -9999 -9999 -9999 -9999 -9999 -9999 -9999 719.9076 720.5341 720.4121 719.488 717.6631 715.5806 713.6906 712.0865 710.8851 710.0717 709.9905 709.7067 709.51 709.48 709.4797 709.4762 709.2668 709.1121 708.9711 708.7322 708.3519 707.946 707.724 707.6156 707.7097 707.949 708.1101 707.9807 707.7252 707.0889 706.7345 706.4907 706.4052 706.2538 706.2869 706.3583 706.4299 706.2817 705.8926 705.6027 705.8524 706.2974 706.4738 706.3663 705.5354 704.8245
-9999 -9999 -9999 -9999 -9999 -9999 -9999 -9999 -9999 -9999 -9999 -9999 -9999 -9999 -9999 -9999 -9999 -9999 -9999 -9999 -9999 -9999 -9999 721.0106 720.6771 719.6258 717.8188 715.6705 713.628 712.0225 710.945 710.2422 709.986 709.7081 709.4816 709.4789 709.3496 709.3305 709.484 709.7703 709.9796 709.8469 709.2592 708.4155 707.8582 707.5892 707.6323 707.9465 708.3745 708.8831 709.2248 708.7675 708.2423 707.5154 706.8713 706.5022 706.4182 706.3535 706.4338 706.4204 706.0208 705.7505 706.3354 707.1533 707.8031 707.929 707.3319 706.1729
-9999 -9999 -9999 -9999 -9999 -9999 -9999 -9999 -9999 -9999 -9999 -9999 -9999 -9999 -9999 -9999 -9999 -9999 -9999 -9999 -9999 -9999 -9999 721.4006 720.4332 718.7704 716.6962 714.4401 712.3879 711.3966 710.743 710.3048 710.0702 709.834 709.626 709.5057 709.4988 709.6945 710.5136 711.6657 712.3923 712.3216 711.383 710.1423 708.8644 708.1379 707.8369 707.9415 708.3693 709.3328 710.3076 710.213 709.7286 709.0842 708.3056 707.4657 706.7361 706.429 706.4297 706.428 706.1697 705.8873 706.5167 707.7678 708.9219 709.6201 709.6364 708.3517
-9999 -9999 -9999 -9999 -9999 -9999 -9999 -9999 -9999 -9999 -9999 -9999 -9999 -9999 -9999 -9999 -9999 -9999 -9999 -9999 -9999 -9999 -9999 721.6281 719.9296 717.7164 715.4615 713.3282 711.541 711.0535 710.7039 710.452 710.2975 710.1907 710.1721 710.2936 710.5567 711.1819 712.827 714.5963 715.6659 715.6502 714.5686 712.8617 711.0329 709.7193 708.6526 708.0668 707.9738 708.6892 709.7434 710.7439 710.4664 710.0172 709.5315 708.9401 707.9294 706.9487 706.5456 706.4308 706.4039 706.0146 706.5526 707.953 709.5502 710.8104 711.3767 710.0638
-9999 -9999 -9999 -9999 -9999 -9999 -9999 -9999 -9999 -9999 -9999 -9999 -9999 -9999 -9999 -9999 -9999 -9999 -9999 -9999 -9999 -9999 -9999 721.2811 719.1813 716.8176 714.59 712.6895 711.3626 711.2419 710.9031 710.6815 710.6519 710.7554 711.03 711.5602 712.2096 713.5667 715.7714 717.814 718.7474 718.4745 717.4115 715.5576 713.6503 712.0745 710.5948 709.2506 708.1761 707.972 708.4842 709.4697 709.9628 710.1134 710.2244 710.1654 709.4501 708.3356 707.2269 706.6625 706.4194 706.1337 706.4725 707.6634 709.2825 710.8196 711.2792 710.2607
-9999 -9999 -9999 -9999 -9999 -9999 -9999 -9999 -9999 -9999 -9999 -9999 -9999 -9999 -9999 -9999 -9999 -9999 -9999 -9999 -9999 -9999 721.8619 720.2925 718.2713 716.0856 714.0143 712.334 711.8294 711.335 711.0435 710.9642 711.1109 711.4449 712.0021 712.8875 714.1074 716.3672 718.8194 720.5305 720.5888 719.3417 718.7121 716.9348 715.5034 714.4045 712.8536 710.9896 709.2186 708.0694 707.9451 708.3215 709.0945 709.5729 710.2323 710.9286 710.8486 710.2322 708.8653 707.4472 706.6865 706.4019 706.2881 706.821 708.0782 709.5192 710.2651 709.5752
-9999 -9999 -9999 -9999 -9999 -9999 -9999 -9999 -9999 -9999 -9999 -9999 -9999 -9999 -9999 -9999 -9999 -9999 -9999 -9999 -9999 -9999 720.568 719.0118 717.4084 715.6699 713.6937 711.899 711.3079 711.0324 711.0161 711.2039 711.5988 712.2112 713.0929 714.4563 716.3759 719.037 721.3582 722.4033 721.4972 719.728 717.8267 715.9161 715.2017 715.3455 714.23 712.2913 710.1677 708.574 707.9436 707.8717 708.1411 708.702 709.2913 709.9686 710.9399 711.6881 710.921 708.9879 707.2524 706.5339 706.4277 706.431 706.8918 707.9426 708.5908 708.2216
-9999 -9999 -9999 -9999 -9999 -9999 -9999 -9999 -9999 -9999 -9999 -9999 -9999 -9999 -9999 -9999 -9999 -9999 -9999 -9999 -9999 -9999 719.197 717.7673 716.5776 715.2974 713.4972 711.6656 710.9208 710.7627 710.9681 711.4027 712.0355 712.9232 714.0948 715.8423 718.22 721.0884 722.9359 722.7948 720.9115 718.2081 715.6421 714.0194 713.1193 713.3559 713.5666 712.0074 709.9736 708.5424 707.9323 707.7883 707.9445 708.0938 708.142 708.6732 710.0657 711.8389 712.4099 710.5009 708.1563 706.7271 706.423 706.3219 706.4429 706.998 707.7661 708.1215
-9999 -9999 -9999 -9999 -9999 -9999 -9999 -9999 -9999 -9999 -9999 -9999 -9999 -9999 -9999 -9999 -9999 -9999 -9999 -9999 -9999 -9999 718.3093 717.0905 716.0676 714.8812 713.2919 711.5197 710.7775 710.6736 710.9924 711.5752 712.363 713.4163 714.7834 716.7469 719.3495 722.2648 723.4041 722.243 719.4391 716.2929 714.1149 712.6452 711.8121 711.6356 711.3742 710.3379 709.1191 708.0854 707.7404 707.7312 707.8788 707.9486 707.7531 707.9109 708.764 710.3106 711.4651 710.5366 708.4552 707.0557 706.4501 706.4293 706.4277 706.6453 707.9293 709.1765
-9999 -9999 -9999 -9999 -9999 -9999 -9999 -9999 -9999 -9999 -9999 -9999 -9999 -9999 -9999 -9999 -9999 -9999 -9999 -9999 -9999 -9999 718.665 717.4188 716.5319 715.2264 713.4614 711.7 710.9467 710.7831 711.0947 711.7083 712.5351 713.6002 715.0309 716.946 719.4676 722.3897 722.9662 720.9606 717.8119 715.1595 713.2681 711.913 710.9835 710.4315 709.8477 709.2402 708.5344 707.9526 707.7729 707.8025 707.9075 707.8995 707.658 707.5288 707.8542 708.6188 709.5052 709.5192 708.222 707.2183 706.6176 706.4294 706.4264 706.7593 708.4899 710.3214
-9999 -9999 -9999 -9999 -9999 -9999 -9999 -9999 -9999 -9999 -9999 -9999 -9999 -9999 -9999 -9999 -9999 -9999 -9999 -9999 -9999 -9999 -9999 719.2093 718.3331 717.1239 715.0898 712.8692 711.4178 711.0496 711.2399 711.7745 712.5398 713.5052 714.808 716.4167 718.5071 721.1473 721.1757 719.022 716.1935 714.3947 712.9455 711.7527 710.8037 710.0671 709.4438 708.8698 708.3546 708.011 707.948 707.9481 707.9501 707.9501 707.7704 707.5654 707.5467 707.793 708.0294 708.0573 707.9801 707.4309 706.8323 706.4333 706.4188 706.937 708.8282 710.9511
-9999 -9999 -9999 -9999 -9999 -9999 -9999 -9999 -9999 -9999 -9999 -9999 -9999 -9999 -9999 -9999 -9999 -9999 -9999 -9999 -9999 -9999 -9999 721.1962 720.4874 719.606 717.3589 714.559 712.449 711.5425 711.4205 711.7711 712.4211 713.2748 714.3071 715.6169 716.884 719.2667 718.828 717.3681 715.8055 714.4331 713.1805 712.0563 711.0933 710.2762 709.5457 708.9751 708.4661 708.147 708.0591 708.0646 708.0417 708.0209 707.9554 707.9456 707.9807 708.2518 708.9385 708.7718 708.7455 708.1125 707.3405 706.7026 706.4838 707.2185 708.8594 710.733
-9999 -9999 -9999 -9999 -9999 -9999 -9999 -9999 -9999 -9999 -9999 -9999 -9999 -9999 -9999 -9999 -9999 -9999 -9999 -9999 -9999 -9999 -9999 722.3094 721.3438 721.4163 719.2661 716.0576 713.2729 711.9435 711.5179 711.6684 712.2028 713.0016 714.0013 715.1918 716.5229 717.5342 716.447 716.5529 715.8464 714.7937 713.6539 712.5806 711.6577 710.8843 710.1876 709.5034 708.8229 708.4211 708.3117 708.3414 708.3793 708.3365 708.3484 708.5065 708.8329 709.2769 709.5922 709.5713 709.5066 709.102 708.1616 707.3718 707.0963 707.5613 708.7565 710.2151
-9999 -9999 -9999 -9999 -9999 -9999 -9999 -9999 -9999 -9999 -9999 -9999 -9999 -9999 -9999 -9999 -9999 -9999 -9999 -9999 -9999 -9999 -9999 722.9163 723.0743 722.3001 720.1518 716.8826 713.8269 712.1659 711.4809 711.4559 711.8816 712.6158 713.5741 714.6427 715.563 715.7783 714.6347 715.1112 715.5195 714.944 714.0145 713.0522 712.2443 711.6132 711.0446 710.2824 709.2871 708.8503 708.8304 708.9402 709.0049 708.9581 708.8899 709.0181 709.4192 709.7533 710.0175 710.1279 710.1206 709.8236 709.1433 708.2245 707.8633 707.9846 708.7618 709.704
-9999 -9999 -9999 -9999 -9999 -9999 -9999 -9999 -9999 -9999 -9999 -9999 -9999 -9999 -9999 -9999 -9999 -9999 -9999 -9999 -9999 -9999 -9999 -9999 723.1853 722.0513 719.8178 716.8383 713.9083 712.0876 711.2472 711.1177 711.4569 712.0897 712.9059 713.7865 714.4425 714.0805 712.6901 713.5759 714.4541 714.59 714.0491 713.2894 712.644 712.2185 711.8662 711.0371 709.5925 709.4654 709.8323 710.1047 710.0974 709.825 709.4664 709.308 709.4846 709.8808 710.2797 710.5476 710.7011 710.5625 710.0526 709.3014 708.7167 708.7028 709.3538 710.2034
-9999 -9999 -9999 -9999 -9999 -9999 -9999 -9999 -9999 -9999 -9999 -9999 -9999 -9999 -9999 -9999 -9999 -9999 -9999 -9999 -9999 -9999 -9999 -9999 722.4826 720.8221 718.7964 716.2876 713.6482 711.7667 710.8812 710.7362 711.0283 711.5274 712.111 712.6815 713.0742 713.0699 712.5477 713.0171 713.673 713.9484 713.7534 713.2203 712.7607 712.5378 711.9663 710.6793 709.5117 710.4705 711.8076 712.3695 711.8936 711.0531 710.0958 709.4995 709.4815 709.9935 710.5881 711.0353 711.4286 711.528 711.2222 710.5356 709.8308 709.7833 710.5067 711.6003
-9999 -9999 -9999 -9999 -9999 -9999 -9999 -9999 -9999 -9999 -9999 -9999 -9999 -9999 -9999 -9999 -9999 -9999 -9999 -9999 -9999 -9999 -9999 -9999 721.6697 719.9089 718.1098 715.9492 713.5508 711.5116 710.6251 710.5063 710.7914 711.1365 711.4565 711.7231 711.923 712.7307 712.5591 712.7377 713.0938 713.2894 713.2078 712.921 712.7971 713.6447 712.1535 710.1807 709.9568 712.2202 714.3414 715.1838 714.4153 712.583 710.7313 709.6245 709.4883 710.2604 711.1425 711.7933 712.5103 712.8563 712.8961 712.374 711.6906 711.6526 712.4843 714.0471
-9999 -9999 -9999 -9999 -9999 -9999 -9999 -9999 -9999 -9999 -9999 -9999 -9999 -9999 -9999 -9999 -9999 -9999 -9999 -9999 -9999 -9999 -9999 -9999 722.1 720.4609 718.8096 716.7499 714.2695 711.9478 710.8211 710.6454 710.9286 711.082 711.1795 711.2978 711.5245 712.0388 712.1635 712.3248 712.5378 712.6603 712.6286 712.4604 712.3407 712.3517 711.0773 709.6464 710.0911 712.7076 715.7086 716.8378 716.386 713.908 711.1696 709.6868 709.6259 710.7917 711.9622 712.7078 713.1115 714.3765 715.0584 714.8516 714.2056 714.1064 715.1629 717.0292
