backend/lakes/data/Astotin Lake/asto_dem_tm.asc
ncols         106
nrows         117
xllcorner     639150
yllcorner     5945050
cellsize      50
NODATA_value  -9999
[rows 30 to 59 of 117, columns 0 to 67 of 106]
-9999 -9999 -9999 -9999 -9999 -9999 -9999 -9999 -9999 -9999 -9999 -9999 -9999 -9999 -9999 -9999 -9999 -9999 -9999 -9999 715.4339 714.7712 713.3041 711.8755 711.005 710.8987 710.5075 711.7159 712.4579 712.8361 713.1218 713.4751 714.2632 714.658 714.1237 712.8901 712.2811 713.3154 715.3384 717.3796 718.2255 717.1434 715.4419 714.4563 714.3157 715.6619 717.7019 -9999 -9999 -9999 -9999 -9999 -9999 -9999 -9999 -9999 -9999 -9999 -9999 -9999 -9999 -9999 -9999 -9999 -9999 -9999 -9999 -9999
-9999 -9999 -9999 -9999 -9999 -9999 -9999 -9999 -9999 -9999 -9999 -9999 -9999 -9999 -9999 -9999 -9999 -9999 -9999 -9999 715.954 715.1326 713.7808 712.6631 711.9769 711.7453 710.9753 710.7184 711.231 711.5326 711.6537 711.7538 711.9789 712.3062 712.1226 711.3067 711.0488 711.8145 713.3539 714.9806 715.6581 714.7956 713.6839 714.1266 715.5422 717.7968 720.2783 -9999 -9999 -9999 -9999 -9999 -9999 -9999 -9999 -9999 -9999 -9999 -9999 -9999 -9999 -9999 -9999 -9999 -9999 -9999 -9999 -9999
-9999 -9999 -9999 -9999 -9999 -9999 -9999 -9999 -9999 -9999 -9999 -9999 -9999 -9999 -9999 -9999 -9999 -9999 -9999 716.0048 716.1473 715.4272 714.1151 713.0004 712.1826 711.6911 711.226 710.6697 710.6658 710.7842 710.8326 710.8431 710.9011 711.0054 710.8889 710.4218 710.2998 710.809 711.828 712.9283 713.6816 713.4983 713.3905 714.9216 717.1989 719.8555 722.368 -9999 -9999 -9999 -9999 -9999 -9999 -9999 -9999 -9999 -9999 -9999 -9999 -9999 -9999 -9999 -9999 -9999 -9999 -9999 -9999 -9999
-9999 -9999 -9999 -9999 -9999 -9999 -9999 -9999 -9999 -9999 -9999 -9999 -9999 -9999 -9999 -9999 -9999 -9999 715.5604 716.011 716.1556 715.4491 714.0873 712.842 711.7986 711.1113 710.7637 710.4279 710.3485 710.4086 710.4796 710.4911 710.4432 710.3483 710.1729 709.9122 709.8635 710.1848 710.8232 711.5604 712.2013 713.1562 714.316 716.1686 718.5316 721.0778 723.4008 -9999 -9999 -9999 -9999 -9999 -9999 -9999 -9999 -9999 -9999 -9999 -9999 -9999 -9999 -9999 -9999 -9999 -9999 -9999 -9999 -9999
-9999 -9999 -9999 -9999 -9999 -9999 -9999 -9999 -9999 -9999 -9999 -9999 -9999 -9999 -9999 -9999 -9999 -9999 715.1175 715.6893 715.9213 715.0931 713.5786 712.1626 711.1017 710.5411 710.2975 710.1592 710.1674 710.2866 710.4355 710.5135 710.3969 710.1144 709.8867 709.7155 709.7028 709.9285 710.3866 711.0551 711.9997 713.5515 715.1282 716.9214 719.1241 721.3727 723.2467 -9999 -9999 727.1708 -9999 -9999 -9999 -9999 -9999 -9999 -9999 -9999 -9999 -9999 -9999 -9999 -9999 -9999 -9999 -9999 -9999 -9999
-9999 -9999 -9999 -9999 -9999 -9999 -9999 -9999 -9999 -9999 -9999 -9999 -9999 -9999 -9999 -9999 -9999 713.9695 714.2504 714.9228 715.0679 714.011 712.5831 711.2322 710.3953 709.9968 709.9005 709.9408 710.0773 710.2927 710.5499 710.7501 710.6052 710.093 709.869 709.7655 709.7632 709.9177 710.2808 710.8924 711.6591 713.1354 714.8091 716.7473 719.0311 721.1533 722.5822 723.5923 724.7825 725.9117 725.9005 725.2048 724.2593 -9999 -9999 -9999 -9999 -9999 -9999 -9999 -9999 -9999 -9999 -9999 -9999 -9999 -9999 -9999
-9999 -9999 -9999 -9999 -9999 -9999 -9999 -9999 -9999 -9999 -9999 -9999 -9999 -9999 -9999 -9999 -9999 713.0864 713.453 713.9578 713.8072 712.6553 711.3805 710.4185 709.8307 709.5963 709.6259 709.8016 710.0435 710.3215 710.6321 710.9857 710.9322 710.1194 710.0468 710.0165 709.9827 710.0202 710.207 710.5849 711.1497 712.3005 713.903 715.9385 718.3388 720.4567 721.7063 722.2802 723.1563 724.2614 725.0056 725.1422 724.6264 723.4227 -9999 -9999 -9999 -9999 -9999 -9999 -9999 -9999 -9999 -9999 -9999 -9999 -9999 -9999
-9999 -9999 -9999 -9999 -9999 -9999 -9999 -9999 -9999 -9999 -9999 -9999 -9999 -9999 -9999 -9999 -9999 712.7426 713.0195 713.4058 713.0693 711.9333 710.9236 710.119 709.6437 709.4827 709.566 709.7867 710.0731 710.3484 710.5076 710.5464 710.9988 710.498 710.5232 710.4514 710.3124 710.1907 710.2173 710.474 710.9856 711.8184 713.0712 714.8402 717.0533 719.0698 720.2412 720.6263 721.237 722.4047 723.6765 724.427 723.9073 722.7007 721.9218 -9999 -9999 -9999 -9999 -9999 -9999 -9999 -9999 -9999 -9999 -9999 -9999 -9999
-9999 -9999 -9999 -9999 -9999 -9999 -9999 -9999 -9999 -9999 -9999 -9999 -9999 -9999 -9999 -9999 -9999 713.1368 713.4984 713.9161 713.7504 712.7111 711.445 710.5677 710.0148 709.7576 709.7767 709.9526 710.2339 710.59 710.9675 710.8062 710.8512 710.5393 710.9563 710.8542 710.6237 710.3248 710.1924 710.3993 710.9658 711.783 712.3112 713.489 715.1528 716.8527 717.9537 718.2499 718.7183 719.9357 721.496 722.6344 722.3693 721.0834 720.3831 -9999 -9999 -9999 -9999 -9999 -9999 -9999 -9999 -9999 -9999 -9999 -9999 -9999
-9999 -9999 -9999 -9999 -9999 -9999 -9999 -9999 -9999 -9999 -9999 -9999 -9999 -9999 -9999 -9999 -9999 714.4915 714.6387 714.9749 715.1649 714.5836 713.3339 712.0199 711.0369 710.4209 710.2402 710.2455 710.4023 710.6387 710.9937 711.0267 711.1597 711.0292 711.0153 710.9977 710.8077 710.3007 709.9575 710.0446 710.4826 711.2061 711.4402 711.9587 712.8112 714.1115 715.0953 715.3615 715.8302 717.0468 718.7234 720.2541 720.342 719.2955 718.6557 719.6646 721.2666 722.3787 -9999 -9999 -9999 -9999 -9999 -9999 -9999 -9999 -9999 -9999
-9999 -9999 -9999 -9999 -9999 -9999 -9999 -9999 -9999 -9999 -9999 -9999 -9999 -9999 -9999 -9999 -9999 -9999 716.1917 716.2735 716.8247 716.8295 715.6977 714.1158 712.5637 711.2586 710.84 710.6134 710.6215 710.6563 711.0844 711.6109 711.9622 711.8998 711.459 711.0193 710.9209 710.0895 709.5157 709.4673 709.6357 710.1663 710.3599 710.5773 711.0428 711.8655 712.5143 712.7628 713.5084 714.6679 716.1427 717.9664 718.569 717.8517 717.4294 717.9589 719.2487 720.241 720.2863 719.9371 -9999 -9999 -9999 -9999 -9999 -9999 -9999 -9999
-9999 -9999 -9999 -9999 -9999 -9999 -9999 -9999 -9999 -9999 -9999 -9999 -9999 -9999 -9999 -9999 -9999 -9999 -9999 717.6254 718.4551 718.9472 718.0476 716.4276 714.5388 712.6567 711.2991 710.9545 710.9696 710.9231 711.8286 712.6603 713.0523 712.8117 711.9531 711.0903 710.7548 709.695 709.1678 709.0303 709.1273 709.4234 709.4737 709.493 709.6998 710.3248 710.8985 711.3378 712.0309 713.0313 714.3504 716.1769 717.0568 716.5933 716.3185 716.6176 717.2646 717.9833 718.2728 718.4803 719.2334 720.998 723.3963 -9999 -9999 -9999 -9999 -9999
-9999 -9999 -9999 -9999 -9999 -9999 -9999 -9999 -9999 -9999 -9999 -9999 -9999 -9999 -9999 -9999 -9999 -9999 -9999 -9999 719.9902 720.7657 720.2341 718.6738 716.6533 714.5141 712.6105 711.3368 711.0364 711.826 713.1172 714.2408 714.42 713.5841 712.26 711.1357 710.4061 709.5045 708.9831 708.7645 708.7389 708.8188 708.8196 708.8304 709.0082 709.473 709.9989 710.5013 711.1385 711.9832 713.101 714.5604 715.2056 714.7674 715.1443 715.2659 715.5212 716.1971 716.818 717.4071 718.6844 720.6884 722.9688 724.8972 726.0354 -9999 -9999 -9999
-9999 -9999 -9999 -9999 -9999 -9999 -9999 -9999 -9999 -9999 -9999 -9999 -9999 -9999 -9999 -9999 -9999 -9999 -9999 -9999 -9999 -9999 722.0474 720.6432 718.6052 716.472 714.5573 713.1455 712.7012 713.4576 714.8802 716.0764 715.8806 714.2902 712.2812 711.2676 710.344 709.4839 708.9554 708.6654 708.5258 708.4655 708.4233 708.4343 708.5872 708.9476 709.4371 709.9223 710.5045 711.2075 711.9967 712.6194 712.8416 712.7495 712.924 713.1978 713.8886 714.9641 716.0444 717.2007 718.8655 720.8662 722.7846 724.4026 725.4039 725.6503 -9999 -9999
-9999 -9999 -9999 -9999 -9999 -9999 -9999 -9999 -9999 -9999 -9999 -9999 -9999 -9999 -9999 -9999 -9999 -9999 -9999 -9999 -9999 -9999 -9999 722.2034 720.1385 718.0508 716.3817 715.1721 714.6893 715.4 716.7637 717.7686 717.0193 714.9414 712.6268 711.3727 710.4801 709.6367 709.1017 708.7279 708.4803 708.3163 708.2208 708.2103 708.3004 708.5178 708.8394 709.2678 709.8444 710.5739 710.7979 710.3806 710.182 710.1835 710.4179 710.9818 712.2385 713.8107 715.3205 716.8566 718.6272 720.4828 722.2007 723.7543 724.8642 724.9321 -9999 -9999
-9999 -9999 -9999 -9999 -9999 -9999 -9999 -9999 -9999 -9999 -9999 -9999 -9999 -9999 -9999 -9999 -9999 -9999 -9999 -9999 -9999 -9999 -9999 -9999 721.1133 719.0137 717.5088 716.626 716.236 717.0135 718.1657 718.705 717.8164 715.4627 712.7259 711.603 710.9321 710.2465 709.4573 708.9229 708.5541 708.298 708.1405 708.0948 708.1166 708.1689 708.2034 708.2166 708.7577 709.264 709.2007 708.5538 708.3353 708.5925 709.048 709.7756 710.8727 712.1722 713.7154 715.3259 717.136 719.1366 721.0724 722.7868 723.9477 723.7604 723.3018 -9999
-9999 -9999 -9999 -9999 -9999 -9999 -9999 -9999 -9999 -9999 -9999 -9999 -9999 -9999 -9999 -9999 -9999 -9999 -9999 -9999 -9999 -9999 -9999 -9999 -9999 719.5915 718.0277 717.2301 717.0631 717.8167 718.5272 718.9135 717.9644 715.7556 713.0734 712.108 711.4572 710.5599 709.6261 709.1158 708.6689 708.3308 708.1201 708.048 708.0481 708.023 707.9446 707.8193 707.9625 708.0638 707.9794 707.6713 707.6342 707.9672 708.4755 709.1744 709.9265 710.7159 711.6109 713.0221 714.8362 717.0988 719.4074 721.315 722.2631 721.8729 721.4521 -9999
-9999 -9999 -9999 -9999 -9999 -9999 -9999 -9999 -9999 -9999 -9999 -9999 -9999 -9999 -9999 -9999 -9999 -9999 -9999 -9999 -9999 -9999 -9999 -9999 -9999 -9999 -9999 -9999 -9999 717.7259 718.0239 718.1142 717.7922 716.0406 713.7895 712.8032 711.8116 710.8411 709.9818 709.4129 708.8093 708.3616 708.0969 708.0132 708.0179 707.9477 707.7542 707.5756 707.5271 707.4872 707.3943 707.2902 707.4287 707.8907 708.3483 709.0615 709.4925 709.8187 710.1813 710.9271 712.5608 714.9113 717.5477 719.5234 720.209 719.6085 719.3405 -9999
-9999 -9999 -9999 -9999 -9999 -9999 -9999 -9999 -9999 -9999 -9999 -9999 -9999 -9999 -9999 -9999 -9999 -9999 -9999 -9999 -9999 -9999 -9999 -9999 -9999 -9999 -9999 -9999 -9999 717.6531 717.8776 718.0217 717.8333 716.3223 714.3155 713.0181 711.9792 711.0128 710.1599 709.4691 708.8575 708.3595 708.0215 707.9496 707.9471 707.7876 707.575 707.3995 707.3007 707.2214 707.1373 707.1029 707.2457 707.6089 708.1146 709.106 709.4536 709.4818 709.5018 709.8418 710.7795 712.8939 715.6183 717.6688 718.2211 717.6157 717.6276 718.8434
-9999 -9999 -9999 -9999 -9999 -9999 -9999 -9999 -9999 -9999 -9999 -9999 -9999 -9999 -9999 -9999 -9999 -9999 -9999 -9999 -9999 -9999 -9999 -9999 -9999 -9999 -9999 -9999 -9999 717.7272 717.8636 718.0002 717.8992 716.645 714.9526 713.375 712.2665 711.2502 710.3464 709.5595 709.0009 708.4572 707.9735 707.8273 707.756 707.5996 707.4049 707.2543 707.1664 707.0919 707.0161 706.9873 707.0799 707.3168 707.7119 708.3411 709.1628 709.3613 709.4257 709.4346 709.8302 711.4795 713.8742 715.9684 716.6939 716.3363 716.7354 718.0425
-9999 -9999 -9999 -9999 -9999 -9999 -9999 -9999 -9999 -9999 -9999 -9999 -9999 -9999 -9999 -9999 -9999 -9999 -9999 -9999 -9999 -9999 -9999 -9999 -9999 -9999 -9999 -9999 -9999 -9999 718.0081 718.1119 717.9749 717.0632 715.7575 714.2352 712.8427 711.6821 710.7469 710.0042 709.4492 708.8793 708.345 707.9669 707.746 707.5465 707.3203 707.1503 707.0591 706.9944 706.9288 706.8948 706.9366 707.0581 707.3038 707.7103 708.2518 708.8734 709.2048 708.9266 709.1373 710.2404 712.2007 714.3217 715.482 715.7117 716.3135 717.666
-9999 -9999 -9999 -9999 -9999 -9999 -9999 -9999 -9999 -9999 -9999 -9999 -9999 -9999 -9999 -9999 -9999 -9999 -9999 -9999 -9999 -9999 -9999 -9999 -9999 -9999 -9999 -9999 -9999 -9999 718.3598 718.1802 717.9279 717.4083 716.5685 715.0119 713.2001 712.0842 711.2328 710.528 709.9711 709.4412 708.9094 708.4268 707.9783 707.6737 707.3578 707.1168 706.9846 706.9066 706.8423 706.8039 706.8098 706.8552 706.9541 707.1895 707.561 707.9536 708.0866 708.0511 708.4525 709.3788 710.8595 712.6288 714.139 715.1206 716.4637 718.0035
-9999 -9999 -9999 -9999 -9999 -9999 -9999 -9999 -9999 -9999 -9999 -9999 -9999 -9999 -9999 -9999 -9999 -9999 -9999 -9999 -9999 -9999 -9999 -9999 -9999 -9999 -9999 -9999 -9999 -9999 718.3965 717.8552 717.2429 717.2288 716.7234 715.2582 713.5468 712.4646 711.7278 711.042 710.4656 709.8806 709.4409 708.9887 708.4196 707.9217 707.462 707.1448 706.9618 706.855 706.7762 706.726 706.7029 706.684 706.6885 706.7777 706.9933 707.2442 707.3914 707.5366 707.9284 708.5764 709.5891 710.9738 712.541 714.1862 716.4151 718.5389
-9999 -9999 -9999 -9999 -9999 -9999 -9999 -9999 -9999 -9999 -9999 -9999 -9999 -9999 -9999 -9999 -9999 -9999 -9999 -9999 -9999 -9999 -9999 -9999 -9999 -9999 -9999 -9999 -9999 718.6936 717.9898 717.1837 716.8109 716.8993 716.2866 714.8331 713.5765 712.7347 712.2899 711.5438 710.9006 710.119 709.6459 709.3992 708.7263 707.9816 707.5054 707.1918 706.9993 706.8728 706.7734 706.6957 706.6353 706.5607 706.4865 706.4914 706.6123 706.8022 706.9763 707.2 707.5357 707.9586 708.5614 709.5174 711.0206 713.0575 715.5982 718.0251
-9999 -9999 -9999 -9999 -9999 -9999 -9999 -9999 -9999 -9999 -9999 -9999 -9999 -9999 -9999 -9999 -9999 -9999 -9999 -9999 -9999 -9999 -9999 -9999 -9999 -9999 -9999 -9999 -9999 718.3342 717.575 716.6642 716.1053 716.1514 715.8922 714.9937 713.4885 712.7479 713.1546 712.2227 711.1862 710.3549 709.5637 709.3938 708.9415 708.132 707.6279 707.2943 707.1027 706.9736 706.8594 706.7504 706.6389 706.5059 706.3718 706.3199 706.4032 706.5879 706.7962 707.0669 707.3962 707.701 707.986 708.4834 709.5798 711.4795 713.8405 715.8298
-9999 -9999 -9999 -9999 -9999 -9999 -9999 -9999 -9999 -9999 -9999 -9999 -9999 -9999 -9999 -9999 -9999 -9999 -9999 -9999 -9999 -9999 -9999 -9999 -9999 -9999 -9999 -9999 718.2855 718.1241 717.3288 716.1154 715.2258 715.085 714.9086 713.9297 712.5026 711.6062 711.8365 712.0109 710.9996 709.8536 709.4707 709.5231 709.4233 708.7646 707.96 707.5005 707.2695 707.1398 707.0192 706.8895 706.7306 706.5387 706.3512 706.2593 706.3294 706.5323 706.7667 707.0709 707.4565 707.8369 708.2812 708.7924 708.5731 709.7871 711.6009 712.7852
-9999 -9999 -9999 -9999 -9999 -9999 -9999 -9999 -9999 -9999 -9999 -9999 -9999 -9999 -9999 -9999 -9999 -9999 -9999 -9999 -9999 -9999 -9999 -9999 -9999 -9999 -9999 -9999 717.9492 717.8292 716.8876 715.5184 714.2031 713.3723 712.9626 712.0322 711.1619 710.7057 710.7472 710.6357 709.8773 709.3023 709.1935 709.4617 709.6091 709.3004 708.2327 707.7209 707.4861 707.3506 707.2269 707.0778 706.8877 706.6511 706.4131 706.2767 706.3217 706.5358 706.7473 707.0138 707.3259 707.6664 707.9708 708.1235 707.9239 708.3799 709.4747 710.3335
-9999 -9999 -9999 -9999 -9999 -9999 -9999 -9999 -9999 -9999 -9999 -9999 -9999 -9999 -9999 -9999 -9999 -9999 -9999 -9999 -9999 -9999 -9999 -9999 -9999 -9999 -9999 -9999 717.0804 716.9575 716.1611 714.9265 713.3551 712.2789 711.5863 710.8038 710.2053 709.9586 709.8989 709.5812 709.0845 708.6986 708.6221 708.8983 709.3532 709.4543 708.6165 707.9795 707.739 707.588 707.452 707.2904 707.0736 706.8029 706.5235 706.326 706.2809 706.386 706.5511 706.7845 707.0767 707.3882 707.6069 707.6217 707.4755 707.6451 708.1876 708.9245
-9999 -9999 -9999 -9999 -9999 -9999 -9999 -9999 -9999 -9999 -9999 -9999 -9999 -9999 -9999 -9999 -9999 -9999 -9999 -9999 -9999 -9999 -9999 -9999 -9999 -9999 715.3323 715.8892 716.0569 716.0153 715.5392 714.5461 713.0259 711.5947 710.6943 709.9647 709.5192 709.4691 709.4292 709.0338 708.5684 708.1757 707.9684 708.0269 708.3917 709.097 708.56 708.1327 707.9473 707.7916 707.6534 707.4886 707.2639 706.9677 706.657 706.4039 706.2712 706.2749 706.3691 706.592 706.8615 707.1726 707.3953 707.4335 707.3271 707.3682 707.6117 707.9344
-9999 -9999 -9999 -9999 -9999 -9999 -9999 -9999 -9999 -9999 -9999 -9999 -9999 -9999 -9999 -9999 -9999 -9999 -9999 -9999 -9999 -9999 -9999 -9999 714.3961 714.0148 714.2249 714.8868 715.0802 715.0657 714.742 713.7294 712.3561 711.1335 710.226 709.5228 709.1918 709.0934 708.9827 708.6719 708.2893 707.9548 707.8087 707.7469 707.8672 708.0692 707.9771 707.9819 707.9501 707.8845 707.7924 707.6433 707.4252 707.1259 706.7971 706.5084 706.3204 706.2495 706.3072 706.4601 706.7759 707.1036 707.3925 707.532 707.4938 707.4911 707.5648 707.6246
