backend/lakes/data/Ethel Lake/ethe_dem_tm.asc
ncols         92
nrows         100
xllcorner     798450
yllcorner     6047750
cellsize      50
NODATA_value  -9999
[rows 30 to 59 of 100, columns 0 to 66 of 92]
-9999 -9999 -9999 -9999 -9999 -9999 -9999 -9999 -9999 -9999 -9999 -9999 -9999 -9999 -9999 -9999 -9999 -9999 -9999 -9999 -9999 -9999 -9999 -9999 563.0576 561.6033 559.7298 557.502 555.0097 552.3635 549.7399 547.4493 545.8383 545.0055 544.3839 543.5324 542.8352 542.0398 541.465 540.9085 540.1265 539.255 539.7676 540.4517 539.0588 537.5558 536.4932 536.1122 535.9716 536.0645 536.1404 536.1393 535.9686 535.8141 535.6788 535.9033 536.4414 536.9089 536.9474 536.5209 535.8759 535.3324 535.1676 535.6164 536.9323 539.3914 541.8613
-9999 -9999 -9999 -9999 -9999 -9999 -9999 -9999 -9999 -9999 -9999 -9999 -9999 -9999 -9999 -9999 -9999 -9999 -9999 -9999 -9999 -9999 562.9599 561.5963 560.1743 558.5626 556.6202 554.4133 552.076 549.6688 547.3132 545.2159 543.5934 542.695 542.0342 541.2928 540.5648 540.0118 539.5486 539.1625 538.8132 538.5837 538.8204 538.5317 537.2875 536.2083 535.5837 535.4999 535.7219 536.1129 536.2399 536.1403 535.8657 535.5686 535.3452 535.441 535.9493 536.5537 536.8091 536.5863 536.0756 535.5745 535.3634 535.6989 536.8854 539.2626 541.7459
-9999 -9999 -9999 -9999 -9999 -9999 -9999 -9999 -9999 -9999 -9999 -9999 -9999 -9999 -9999 -9999 -9999 -9999 -9999 -9999 -9999 -9999 560.7631 559.124 557.3486 555.4076 553.3069 551.1028 548.8779 546.6322 544.4832 542.6382 541.3596 540.5486 539.8425 539.2165 538.5991 538.0726 537.6366 537.1653 536.8788 536.7303 536.6617 536.2148 535.3341 534.6924 534.5309 534.7599 535.2048 535.7236 536.0779 535.9827 535.7141 535.3414 535.073 535.0555 535.4049 535.9683 536.3334 536.3052 536.0061 535.6794 535.5348 535.7978 536.8416 539.0706 541.4478
-9999 -9999 -9999 -9999 -9999 -9999 -9999 -9999 -9999 -9999 -9999 -9999 -9999 -9999 -9999 -9999 -9999 -9999 -9999 -9999 -9999 560.3614 558.6817 556.738 554.5608 552.2723 549.9925 547.7701 545.609 543.5281 541.7039 540.2038 539.3078 538.7599 538.1545 537.5632 537.0251 536.5187 536.2233 535.8756 535.52 535.2045 534.8572 534.309 533.6332 533.3519 533.5824 534.0317 534.5542 535.0541 535.4188 535.5089 535.4016 535.1428 534.8519 534.7847 535.0175 535.4484 535.7943 535.8861 535.7953 535.7026 535.7216 535.9626 536.9188 538.9352 541.0355
-9999 -9999 -9999 -9999 -9999 -9999 -9999 -9999 -9999 -9999 -9999 -9999 -9999 -9999 -9999 -9999 -9999 -9999 -9999 -9999 559.8621 558.3419 556.4876 554.236 551.7537 549.2623 546.9129 544.6932 542.6793 540.8944 539.3588 538.2101 537.6021 537.2537 536.8256 536.2896 535.9062 535.5316 535.3168 535.0267 534.5985 534.1295 533.6744 533.1968 532.8839 532.8505 533.1139 533.5557 534.0101 534.4113 534.7307 534.924 534.9814 534.8898 534.7317 534.6592 534.7951 535.0994 535.3849 535.5253 535.5842 535.6975 535.9253 536.1838 537.2402 538.9628 540.7076
-9999 -9999 -9999 -9999 -9999 -9999 -9999 -9999 -9999 -9999 -9999 -9999 -9999 -9999 -9999 -9999 -9999 -9999 -9999 -9999 557.8778 556.1942 554.0965 551.6019 548.9711 546.4715 544.2924 542.087 540.2247 538.7752 537.5273 536.63 536.2885 536.1223 535.8355 535.2983 534.9227 534.6722 534.5685 534.3652 533.9572 533.4865 533.1008 532.8241 532.7413 532.8563 533.0953 533.3904 533.699 533.9738 534.2152 534.4165 534.5588 534.6163 534.6154 534.6637 534.767 534.9319 535.1304 535.28 535.4039 535.6041 535.8496 536.3163 537.5808 539.1456 540.6848
-9999 -9999 -9999 -9999 -9999 -9999 -9999 -9999 -9999 -9999 -9999 -9999 -9999 -9999 -9999 -9999 -9999 -9999 -9999 557.5415 555.9653 554.0121 551.6411 548.9904 546.3409 543.9067 541.7375 539.7987 538.3168 537.1738 536.2517 535.6953 535.5013 535.2417 534.855 534.3799 534.0938 533.9248 533.887 533.7701 533.4596 533.1107 532.89 532.8096 532.8923 533.0894 533.2365 533.4165 533.6103 533.7925 533.9662 534.1299 534.28 534.4142 534.5282 534.6697 534.7993 534.9263 535.0529 535.1813 535.2884 535.5288 535.9314 536.6912 538.1729 539.6113 540.9594
-9999 -9999 -9999 -9999 -9999 -9999 -9999 -9999 -9999 -9999 -9999 -9999 -9999 -9999 -9999 -9999 -9999 -9999 -9999 555.7925 554.0373 551.8522 549.3201 546.6547 544.1728 541.7671 539.6443 538.0115 536.9198 536.0844 535.4125 534.998 534.7931 534.5071 534.0717 533.6395 533.4624 533.3937 533.3685 533.3104 533.1093 532.9504 532.8896 532.9415 533.098 533.2736 533.4094 533.5502 533.7032 533.8556 534.001 534.1542 534.3105 534.4706 534.6262 534.7874 534.9203 535.0304 535.1342 535.2383 535.3694 535.7181 536.3561 537.5028 539.0436 540.4565 541.4826
-9999 -9999 -9999 -9999 -9999 -9999 -9999 -9999 -9999 -9999 -9999 -9999 -9999 -9999 -9999 -9999 -9999 -9999 554.9279 553.7397 551.9655 549.8013 547.331 544.8093 542.6365 540.1713 538.1183 536.7247 536.0137 535.387 534.8536 534.4611 534.1863 533.9064 533.4855 533.1324 533.1185 533.1004 533.1005 533.0989 533.0031 532.9553 532.9924 533.1013 533.2675 533.4302 533.5695 533.7072 533.8549 534.01 534.153 534.3024 534.4609 534.6289 534.7992 534.9672 535.1086 535.2242 535.3414 535.4803 535.726 536.2299 537.1442 538.4103 539.8396 540.851 542.0279
-9999 -9999 -9999 -9999 -9999 -9999 -9999 -9999 -9999 -9999 -9999 -9999 -9999 -9999 -9999 -9999 -9999 -9999 552.2936 551.2997 549.8123 547.9759 545.7036 543.2816 541.1488 539.004 537.1316 536.1495 535.5718 535.0619 534.569 534.1212 533.7313 533.3785 533.1049 533.0095 533.0995 533.0309 533.0144 533.0199 533 533.0161 533.0994 533.2219 533.353 533.4914 533.6359 533.7853 533.9388 534.0959 534.2564 534.4204 534.5885 534.7636 534.9507 535.1364 535.3068 535.4611 535.6191 535.8129 536.1992 536.9655 538.0378 539.308 540.6714 541.7776 542.9286
-9999 -9999 -9999 -9999 -9999 -9999 -9999 -9999 -9999 -9999 -9999 -9999 -9999 -9999 -9999 -9999 -9999 -9999 549.5431 548.7613 547.7751 546.4445 544.4329 542.1046 540.0289 538.2274 536.7426 536.0522 535.5554 535.0816 534.5676 534.0414 533.5439 533.1166 532.9597 532.9719 533.0328 532.9818 532.9768 533.0154 533.0282 533.0506 533.077 533.1017 533.2301 533.382 533.5383 533.689 533.8359 533.9885 534.1556 534.3464 534.5601 534.7855 535.0104 535.2207 535.4227 535.6365 535.8702 536.1283 536.7213 537.6857 538.8881 540.1718 541.5148 542.7997 543.7772
-9999 -9999 -9999 -9999 -9999 -9999 -9999 -9999 -9999 -9999 -9999 -9999 -9999 -9999 -9999 -9999 -9999 548.2753 547.3929 546.6492 546.077 545.1426 543.3015 541.0437 538.995 537.311 536.2445 535.9098 535.7224 535.3353 534.8062 534.2288 533.6978 533.2938 533.1063 533.1008 533.0994 533.0043 532.9927 533.0345 533.0719 533.0999 533.0837 533.0619 533.1009 533.2197 533.3602 533.4875 533.6083 533.7432 533.9103 534.1239 534.3886 534.6831 534.9685 535.2148 535.4154 535.6017 535.8186 536.1905 537.0801 538.2545 539.4753 540.856 542.2757 543.5631 544.2903
-9999 -9999 -9999 -9999 -9999 -9999 -9999 -9999 -9999 -9999 -9999 -9999 -9999 -9999 -9999 -9999 -9999 547.6822 546.2396 545.3083 544.826 544.0016 542.3137 540.0869 538.1141 536.5551 535.9415 535.9595 536.1051 535.7505 535.2021 534.5845 534.0463 533.6768 533.4996 533.4304 533.2867 533.1092 533.0991 533.0999 533.1 533.1068 533.1 533.0601 533.0565 533.1007 533.1998 533.2762 533.348 533.4498 533.6052 533.8311 534.1354 534.4933 534.8502 535.1516 535.3804 535.5596 535.7776 536.2471 537.3812 538.7681 539.9871 541.3113 542.6979 543.8679 544.6488
-9999 -9999 -9999 -9999 -9999 -9999 -9999 -9999 -9999 -9999 -9999 -9999 -9999 -9999 -9999 -9999 -9999 547.9629 545.946 544.6547 543.9025 542.9863 541.4979 539.4984 537.7014 536.3403 535.9229 536.1548 536.4986 536.1737 535.6394 534.9893 534.448 534.1073 533.9388 533.8 533.6216 533.4397 533.3367 533.2494 533.1672 533.1111 533.1 533.0677 533.0669 533.0999 533.1276 533.1364 533.1484 533.2045 533.3314 533.5516 533.8778 534.2859 534.7098 535.0854 535.3865 535.6265 535.8829 536.4189 537.6289 539.0055 540.1978 541.4367 542.7769 544.0748 545.1213
-9999 -9999 -9999 -9999 -9999 -9999 -9999 -9999 -9999 -9999 -9999 -9999 -9999 -9999 -9999 -9999 -9999 548.7088 546.2186 544.4086 543.302 542.2752 540.9216 539.225 537.743 536.6725 536.2488 536.5811 536.931 536.6074 536.0434 535.3496 534.8214 534.5126 534.3468 534.2092 534.0405 533.8354 533.642 533.4486 533.2551 533.1003 533.0674 533.0635 533.077 533.1 533.1028 533.0794 533.0565 533.0753 533.1591 533.3414 533.6678 534.1046 534.5837 535.0372 535.4572 535.839 536.2055 536.8907 537.9459 539.1236 540.2072 541.3362 542.644 544.2958 545.7929
-9999 -9999 -9999 -9999 -9999 -9999 -9999 -9999 -9999 -9999 -9999 -9999 -9999 -9999 -9999 -9999 -9999 549.6407 546.9071 544.6619 543.0904 541.7214 540.2662 539.044 538.0424 537.3389 537.0424 537.2263 537.4064 536.9356 536.1934 535.5955 535.165 534.9275 534.7802 534.6582 534.4833 534.2443 533.9645 533.6672 533.3624 533.1014 533.0472 533.0633 533.0881 533.0983 533.1 533.0785 533.0561 533.0632 533.0997 533.2073 533.5017 533.9412 534.444 534.9496 535.5057 536.1035 536.6341 537.3361 538.2181 539.189 540.179 541.234 542.5273 544.5093 546.4904
-9999 -9999 -9999 -9999 -9999 -9999 -9999 -9999 -9999 -9999 -9999 -9999 -9999 -9999 -9999 -9999 -9999 550.3995 547.7321 545.3152 543.3671 541.5817 539.8676 539.0111 538.5386 538.1423 537.8575 537.891 537.9294 537.3818 536.5306 535.9782 535.6017 535.4111 535.2493 535.125 534.9138 534.5959 534.2296 533.8485 533.463 533.1081 533.0311 533.0626 533.1063 533.0977 533.1 533.0903 533.0859 533.1 533.0807 533.1019 533.3268 533.7017 534.1893 534.6919 535.3301 536.0585 536.7305 537.4738 538.2958 539.2044 540.2399 541.3611 542.7014 544.9211 547.2323
-9999 -9999 -9999 -9999 -9999 -9999 -9999 -9999 -9999 -9999 -9999 -9999 -9999 -9999 -9999 -9999 -9999 550.7843 548.5009 546.1852 544.0999 542.0985 540.2795 539.4912 539.3605 539.0316 538.5954 538.4843 538.5054 538.1628 537.5204 536.7762 536.2311 535.925 535.7143 535.5787 535.2703 534.8027 534.3087 533.8611 533.456 533.0894 532.9406 533.0032 533.119 533.1004 533.1002 533.1 533.1 533.1 533.1 533.0831 533.0964 533.1583 533.5858 534.2028 534.8963 535.5775 536.1924 536.9373 537.9377 539.0898 540.3847 541.8177 543.4034 545.8077 548.1578
-9999 -9999 -9999 -9999 -9999 -9999 -9999 -9999 -9999 -9999 -9999 -9999 -9999 -9999 -9999 -9999 -9999 550.8707 549.226 547.3105 545.3406 543.3563 541.5858 540.4437 540.4066 539.7211 539.1257 538.9791 539.1403 539.1027 538.8086 538.1631 537.153 536.503 536.1758 535.989 535.4622 534.7341 534.0155 533.4509 532.9812 532.59 532.5012 532.7246 533.0752 533.2026 533.1963 533.1655 533.1437 533.1323 533.1416 533.099 532.9291 532.8705 533.1514 533.8568 534.5892 535.2208 535.7532 536.4112 537.6146 538.9408 540.3738 542.2645 544.3581 546.8984 549.0848
-9999 -9999 -9999 -9999 -9999 -9999 -9999 -9999 -9999 -9999 -9999 -9999 -9999 -9999 -9999 -9999 -9999 551.1332 549.9939 548.4993 546.8163 545.0609 543.3644 541.9315 540.9671 540.2091 539.7184 539.5647 539.7376 539.7765 539.647 539.2302 538.5348 537.6544 536.7817 536.2171 535.4288 534.3049 533.2344 532.4882 531.8699 531.548 531.598 532.031 532.598 533.0302 533.0985 533.0993 533.0993 533.1003 533.1494 533.0963 532.8774 532.8578 533.2017 533.9836 534.7246 535.3444 535.8588 536.5779 537.8837 539.3575 541.0597 543.1258 545.4686 547.8487 549.6878
-9999 -9999 -9999 -9999 -9999 -9999 -9999 -9999 -9999 -9999 -9999 -9999 -9999 -9999 -9999 -9999 -9999 -9999 551.0179 549.6782 548.1719 546.6902 545.3128 544.051 543.0735 542.2711 541.6152 541.117 540.7941 540.5054 540.3416 540.0032 539.4456 538.7614 537.7941 536.6102 535.238 533.4785 531.9351 530.8386 530.2775 530.1404 530.3677 531.0357 531.7691 532.3434 532.631 532.778 532.8774 532.9772 533.0981 533.0231 532.9584 533.1934 533.8439 534.6718 535.3563 536.0114 536.582 537.5116 538.7341 540.2509 542.0806 544.2786 546.5682 548.5403 549.8946
-9999 -9999 -9999 -9999 -9999 -9999 -9999 -9999 -9999 -9999 -9999 -9999 -9999 -9999 -9999 -9999 -9999 -9999 552.1192 550.5274 548.9743 547.7253 546.8036 546.2428 545.726 545.0589 544.2435 543.2359 542.16 541.3037 540.9614 540.4745 539.7969 539.0438 538.2083 536.3874 534.2924 532.1027 530.2043 529.0505 528.6305 528.7485 529.2202 530.025 530.8644 531.5492 532.018 532.3324 532.5627 532.7635 532.9625 533.1162 533.3517 533.9951 534.8445 535.6925 536.2229 536.9228 537.7531 538.6265 539.4936 541.1135 543.0908 545.3098 547.2693 548.6893 549.4706
-9999 -9999 -9999 -9999 -9999 -9999 -9999 -9999 -9999 -9999 -9999 -9999 -9999 -9999 -9999 -9999 -9999 -9999 -9999 550.9843 549.1569 547.8887 547.1763 547.7211 548.0428 547.7131 546.8664 545.5349 543.8738 542.3488 541.5129 540.568 539.7528 538.853 537.549 535.2355 532.5582 529.9609 527.916 526.9207 526.8184 527.329 528.0674 529.0525 530.0099 530.7994 531.4255 531.9183 532.3202 532.6892 533.1171 533.7344 534.3887 535.105 535.9097 536.5443 537.0198 537.7225 538.7111 539.2632 539.9173 541.4573 543.2797 545.2018 546.7185 547.6725 548.1019
-9999 -9999 -9999 -9999 -9999 -9999 -9999 -9999 -9999 -9999 -9999 -9999 -9999 -9999 -9999 -9999 -9999 -9999 -9999 -9999 549.0314 548.02 547.9461 548.9338 549.5567 549.5265 548.6699 547.228 545.248 543.1051 541.3662 539.8798 538.9077 537.7167 535.7499 533.0306 530.0267 527.2438 525.2315 524.5019 524.8111 525.9067 527.0387 528.1843 529.2479 530.1619 530.9504 531.6539 532.2865 532.8879 533.5948 534.6454 535.5653 536.1813 536.8353 537.3708 537.7822 538.2206 539.0829 539.4627 539.9036 541.0087 542.446 543.9434 545.105 545.6851 545.8557
-9999 -9999 -9999 -9999 -9999 -9999 -9999 -9999 -9999 -9999 -9999 -9999 -9999 -9999 -9999 -9999 -9999 -9999 -9999 -9999 -9999 547.9521 548.058 549.0337 549.8904 549.8251 549.0106 547.5692 545.4432 542.8896 540.4464 538.3417 537.239 535.5719 533.1586 530.1732 527.0232 524.2326 522.4078 522.0894 522.7994 524.239 525.9005 527.3183 528.5707 529.7178 530.6285 531.5994 532.5531 533.4803 534.5876 535.6818 536.4089 537.0277 537.6638 538.1865 538.6355 539.0514 539.3074 539.3182 539.3423 540.0466 541.0764 542.225 543.0844 543.4175 543.4577
-9999 -9999 -9999 -9999 -9999 -9999 -9999 -9999 -9999 -9999 -9999 -9999 -9999 -9999 -9999 -9999 -9999 -9999 -9999 -9999 -9999 -9999 548.0083 548.595 549.086 549.0334 548.1855 546.6196 544.3273 541.5888 538.9435 536.7111 534.9962 532.8701 530.1602 527.0281 523.8513 521.1589 519.5875 519.7037 520.7526 522.5284 524.5317 526.3566 527.8164 529.1324 530.3312 531.7345 533.1074 534.4231 535.6453 536.5195 537.0795 537.6919 538.3714 538.8177 539.1769 539.337 539.2296 538.9119 538.5905 538.9017 539.5811 540.5638 541.3575 541.6576 541.7385
-9999 -9999 -9999 -9999 -9999 -9999 -9999 -9999 -9999 -9999 -9999 -9999 -9999 -9999 -9999 -9999 -9999 -9999 -9999 -9999 -9999 548.7291 548.177 548.2148 548.186 547.8741 546.7231 544.7826 542.2002 539.3644 536.6484 534.2984 532.2843 529.9083 527.0524 523.8786 520.7667 518.2519 516.9484 517.3533 518.7645 520.9893 523.4072 525.4355 527.1677 528.7568 530.3138 532.1129 533.7955 535.2869 536.4316 537.3539 537.9586 538.3435 539.0043 539.2128 539.3798 539.2693 538.7433 537.8749 537.4919 537.6453 538.3021 539.1949 539.9298 540.2432 540.42
-9999 -9999 -9999 -9999 -9999 -9999 -9999 -9999 -9999 -9999 -9999 -9999 -9999 -9999 -9999 -9999 -9999 -9999 -9999 -9999 548.9966 549.137 548.8389 548.1808 547.5737 546.5637 544.7916 542.3619 539.5405 536.6581 533.9748 531.6208 529.4721 526.9842 524.0923 520.9583 517.9984 515.7882 514.9152 515.4368 517.2135 519.8487 522.6694 524.8922 526.9025 528.7164 530.5581 532.7271 534.669 535.8194 537.0208 538.1583 538.918 539.1629 539.364 539.4609 539.3999 538.9935 537.9263 537.2231 536.9241 537.0438 537.5154 538.2861 538.9454 539.1561 539.2471
-9999 -9999 -9999 -9999 -9999 -9999 -9999 -9999 -9999 -9999 -9999 -9999 -9999 -9999 -9999 -9999 -9999 -9999 -9999 548.3387 548.9907 549.3015 549.0393 548.168 546.7785 544.8845 542.4191 539.5923 536.6608 533.8591 531.3397 529.1024 526.8741 524.3418 521.4869 518.4489 515.6835 513.8251 513.3478 514.0978 516.1282 519.1939 522.4079 524.9695 527.0844 529.0107 530.9948 533.3381 535.3898 536.6255 537.6497 538.8359 539.4751 539.6938 539.6886 539.5935 539.2832 538.6284 537.5219 536.929 536.7378 536.9127 537.3437 537.7878 538.18 538.3805 538.5229
-9999 -9999 -9999 -9999 -9999 -9999 -9999 -9999 -9999 -9999 -9999 -9999 -9999 -9999 -9999 -9999 -9999 548.8763 547.9825 548.081 548.8723 549.061 548.5464 547.2236 545.21 542.6251 539.6841 536.6809 533.822 531.256 529.0147 526.8989 524.6558 522.1108 519.302 516.4666 513.8922 512.2217 511.9942 513.1753 515.5774 518.961 522.4841 525.3942 527.6048 529.6208 531.7303 534.1575 536.1508 537.5488 538.6302 539.3416 539.8602 540.0881 539.981 539.6615 539.071 537.9844 537.2523 536.8392 536.7529 536.9525 537.3365 537.5365 537.7655 537.9823 538.2146
