backend/lakes/data/Ethel Lake/ethe_dem_tm.asc
ncols         92
nrows         100
xllcorner     798450
yllcorner     6047750
cellsize      50
NODATA_value  -9999
[rows 60 to 89 of 100, columns 0 to 66 of 92]
-9999 -9999 -9999 -9999 -9999 -9999 -9999 -9999 -9999 -9999 -9999 -9999 -9999 -9999 -9999 -9999 551.1506 549.332 548.164 548.0365 548.291 548.0413 546.9023 545.0952 542.664 539.7458 536.7053 533.806 531.2249 529.0305 527.0679 525.1058 522.9059 520.3624 517.6359 514.9725 512.6119 511.4046 511.5486 512.9786 515.5923 519.1039 522.7679 525.8724 528.2685 530.4525 532.7856 535.157 537.0137 538.3411 539.207 539.663 540.165 540.4283 540.1703 539.7263 539.0893 538.0725 537.3295 536.9291 536.8597 536.9943 537.2174 537.364 537.5952 537.8828 538.2476
-9999 -9999 -9999 -9999 -9999 -9999 -9999 -9999 -9999 -9999 -9999 -9999 -9999 -9999 -9999 -9999 552.2602 550.2023 548.6019 547.8238 547.2075 546.0164 544.2252 542.0403 539.4415 536.5713 533.7308 531.1672 529.0161 527.2018 525.561 523.7995 521.6283 519.2184 516.7123 514.3878 512.2759 511.4154 511.9934 513.8282 516.3073 519.7098 523.3656 526.5496 529.1152 531.4396 533.8504 536.1244 537.9192 539.1756 539.9297 540.3057 540.5958 540.783 540.2845 539.7322 539.1187 538.2014 537.4311 537.0891 537.0526 537.1227 537.2195 537.3577 537.5192 537.8126 538.3182
-9999 -9999 -9999 -9999 -9999 -9999 -9999 -9999 -9999 -9999 -9999 -9999 -9999 -9999 -9999 555.6654 553.1951 550.7498 548.6968 547.1007 545.4241 543.3773 541.1226 538.7691 536.1856 533.5347 531.0587 528.9496 527.2072 525.7903 524.5002 523.0627 521.1631 519.1602 516.9478 514.6933 512.8602 512.1657 513.1488 515.3597 517.5831 520.8256 524.434 527.6373 530.3345 532.7919 535.1669 537.2263 538.8865 540.0397 540.6882 540.9617 541.2003 541.1725 540.4751 539.6847 539.1078 538.3702 537.7528 537.39 537.3536 537.3513 537.2769 537.3948 537.6454 537.9515 538.584
-9999 -9999 -9999 -9999 -9999 -9999 -9999 -9999 -9999 -9999 -9999 -9999 -9999 -9999 -9999 556.235 553.4436 550.5743 548.0037 545.6616 543.2162 540.678 538.2246 535.7984 533.3367 531.0051 528.9508 527.225 525.821 524.7063 523.697 522.4887 521.0774 519.6342 517.7103 515.6822 514.1255 513.6039 514.48 516.4874 519.0872 522.3873 525.9189 529.1016 531.8044 534.1988 536.4277 538.3046 539.7457 540.8103 541.2621 541.2706 541.7466 541.5956 540.54 539.4352 538.9529 538.5367 538.1647 537.8598 537.6593 537.4708 537.3752 537.7378 538.0663 538.3447 539.0175
-9999 -9999 -9999 -9999 -9999 -9999 -9999 -9999 -9999 -9999 -9999 -9999 -9999 -9999 557.9737 555.9441 553.0798 549.9536 546.9595 544.0591 541.1458 538.4117 535.858 533.4836 531.2425 529.2935 527.5451 526.1102 524.8411 523.8947 523.0499 522.1267 521.106 520.1385 518.8709 517.3701 515.9745 515.5346 516.3243 518.3348 521.0579 524.2634 527.6251 530.7084 533.4114 535.7858 537.8231 539.4708 540.7212 541.4379 541.358 540.541 540.9558 541.5681 540.3778 539.3066 538.9586 538.8239 538.6552 538.3782 538.0632 537.777 537.7219 538.0605 538.4904 538.8289 539.5475
-9999 -9999 -9999 -9999 -9999 -9999 -9999 -9999 -9999 -9999 -9999 -9999 -9999 -9999 557.1111 555.3479 552.5112 549.2767 546.0699 542.9071 539.7888 536.8846 534.2913 532.1334 530.1832 528.4963 526.9952 525.6582 524.2693 523.3959 522.7443 522.1538 521.5786 521.0369 520.428 519.4985 518.4388 518.1317 518.8818 520.7903 523.3721 526.3083 529.3755 532.3112 534.9569 537.2393 539.124 540.5522 541.4569 541.6218 540.3917 539.5581 539.5979 540.787 539.7957 539.1776 539.0546 539.1779 539.1534 538.8733 538.5201 538.2335 538.1648 538.4264 538.8126 539.3633 540.2446
-9999 -9999 -9999 -9999 -9999 -9999 -9999 -9999 -9999 -9999 -9999 -9999 -9999 -9999 556.3164 554.6054 551.8276 548.6229 545.4221 542.2739 539.1992 536.3104 533.7592 531.7188 529.9401 528.3745 526.9789 525.7471 524.175 523.2671 522.7672 522.4747 522.2939 522.1652 522.007 521.5585 520.9968 520.9105 521.6639 523.402 525.6764 528.2205 530.9371 533.6258 536.0853 538.3596 540.1119 541.3062 541.8198 541.5648 540.1719 539.111 539.1609 539.9106 539.7303 539.293 539.2173 539.3254 539.3003 539.1761 538.9449 538.823 538.8972 539.0327 539.4118 540.3905 542.0324
-9999 -9999 -9999 -9999 -9999 -9999 -9999 -9999 -9999 -9999 -9999 -9999 -9999 -9999 555.2742 553.4658 550.8151 547.8629 544.9526 542.0807 539.2054 536.4882 534.0521 532.019 530.2193 528.631 527.0643 525.6133 524.1296 523.3233 522.9954 522.9503 523.0856 523.269 523.5259 523.4702 523.296 523.4173 524.2214 525.7601 527.6711 529.9269 532.4311 534.86 536.931 539.0735 540.7474 541.7025 541.7667 541.2198 539.9775 539.0262 538.9965 539.6658 540.2032 540.0695 539.834 539.6317 539.3972 539.275 539.382 539.5485 540.009 539.9218 540.538 542.1218 544.3716
-9999 -9999 -9999 -9999 -9999 -9999 -9999 -9999 -9999 -9999 -9999 -9999 -9999 -9999 -9999 551.7404 549.2639 546.7613 544.4173 542.052 539.5623 537.1837 534.9404 532.7758 530.8657 529.1962 527.4058 525.8125 524.3221 523.574 523.3771 523.4807 523.8397 524.1397 524.5767 524.7848 524.913 525.2877 526.2935 527.6586 529.3589 531.3913 533.7205 535.9652 537.9172 539.7217 541.1902 541.7908 541.1527 540.4302 539.7057 538.9977 538.7903 539.2237 540.8492 540.9015 540.4979 539.9967 539.5531 539.4772 540.3609 540.6096 541.6119 540.9208 541.8922 544.0621 546.6196
-9999 -9999 -9999 -9999 -9999 -9999 -9999 -9999 -9999 -9999 -9999 -9999 -9999 -9999 -9999 549.5392 547.3171 545.3692 543.7468 542.0432 540.0834 538.0085 535.7817 533.4936 531.4871 529.7066 527.9606 526.3799 524.8961 524.0427 523.8995 524.0154 524.5078 525.0535 525.6013 525.9377 526.297 526.9774 528.0489 529.3631 530.9838 532.9653 535.1063 537.0667 538.8397 540.3802 541.4871 541.4507 540.7068 540.7516 540.085 539.313 538.9863 539.4858 541.1613 541.3792 540.9562 540.2873 539.688 539.5438 541.0218 540.1146 540.3725 541.4344 543.3447 545.7753 548.1089
-9999 -9999 -9999 -9999 -9999 -9999 -9999 -9999 -9999 -9999 -9999 -9999 -9999 -9999 -9999 547.0573 545.1496 543.7889 542.903 541.9731 540.7701 538.9434 536.6936 534.3043 532.1367 530.1797 528.488 526.8773 525.5 524.6706 524.4688 524.6824 525.2611 525.9781 526.6659 527.0706 527.6042 528.5833 529.7921 531.1064 532.7341 534.5205 536.3589 538.067 539.5449 540.8545 541.7669 540.8967 541.5228 541.8995 541.0859 539.9099 539.1216 540.1401 541.1664 541.4758 541.1428 540.4329 539.8246 539.6102 539.6195 540.1887 541.2949 542.815 544.7289 546.7592 548.3342
-9999 -9999 -9999 -9999 -9999 -9999 -9999 -9999 -9999 -9999 -9999 -9999 -9999 -9999 -9999 -9999 543.038 542.1888 541.9217 541.6486 541.0907 539.8159 537.8162 535.4384 533.0146 530.8307 529.1767 527.4641 526.1599 525.3568 525.1345 525.4017 526.0497 526.8483 527.5787 528.2614 529.1305 530.325 531.6573 533.0565 534.5353 536.1251 537.738 539.2094 540.3795 541.1722 541.7599 542.2222 543.1282 543.4745 542.4818 540.8947 539.609 539.4322 540.6025 541.1853 541.0198 540.2211 539.5378 539.0922 540.0057 541.4014 542.8456 544.0888 545.4345 546.7988 547.6404
-9999 -9999 -9999 -9999 -9999 -9999 -9999 -9999 -9999 -9999 -9999 -9999 -9999 -9999 -9999 -9999 541.2841 540.7847 540.9312 541.1499 541.028 540.7389 538.9866 536.6611 534.1592 531.8192 530.0102 528.3804 527.0556 526.2035 525.9502 526.2216 526.9077 527.7014 528.5424 529.5072 530.7214 532.1986 533.591 535.0151 536.3218 537.7639 539.2571 540.6233 541.6416 542.1948 542.8041 543.7031 544.5642 544.6777 543.8392 542.1361 540.4591 539.5635 539.611 540.5205 540.5551 539.6754 539.0659 539.8802 541.4188 543.0698 544.2139 544.4706 545.4952 546.1754 -9999
-9999 -9999 -9999 -9999 -9999 -9999 -9999 -9999 -9999 -9999 -9999 -9999 -9999 -9999 -9999 -9999 -9999 539.8931 540.1516 540.8059 541.1561 541.1964 539.9593 538.1082 535.863 533.5272 531.4568 529.7762 528.3456 527.3542 527.046 527.274 527.9733 528.7608 529.6819 530.8871 532.4362 533.9993 535.4495 536.7341 537.9929 539.391 540.8763 542.2383 543.1645 543.6125 544.0529 544.773 545.3262 545.3693 544.7159 543.2205 541.4941 540.1478 539.4398 539.1996 539.1411 539.1739 539.9427 541.4148 543.1522 544.6577 545.2999 545.4581 -9999 -9999 -9999
-9999 -9999 -9999 -9999 -9999 -9999 -9999 -9999 -9999 -9999 -9999 -9999 -9999 -9999 -9999 -9999 -9999 539.4514 539.6832 540.1788 540.8069 541.0627 540.8895 539.6702 537.8306 535.6915 533.5536 531.6809 530.103 529.0195 528.6351 528.8353 529.483 530.1794 531.1092 532.5394 534.1422 535.7345 537.1302 538.3445 539.59 541.0231 542.5263 543.9406 544.8796 545.0255 545.035 545.2729 545.5106 545.424 544.8313 543.6288 542.1531 540.8207 539.9255 539.5938 539.7989 540.217 541.3893 542.9689 544.5052 545.6414 545.9512 -9999 -9999 -9999 -9999
-9999 -9999 -9999 -9999 -9999 -9999 -9999 -9999 -9999 -9999 -9999 -9999 -9999 -9999 -9999 -9999 -9999 -9999 539.5308 539.8546 540.1101 540.6077 541.6591 541.1422 539.751 537.8894 535.8696 533.9012 532.1885 531.0075 530.6088 530.7514 531.2892 531.9762 532.9307 534.2882 535.8702 537.4438 538.8567 540.0231 541.2793 542.6815 544.1541 545.5002 546.3265 546.154 545.7662 545.489 545.2986 -9999 -9999 543.0491 541.8803 540.8024 540.0316 539.9951 540.3717 541.1636 542.3777 543.725 544.8773 -9999 -9999 -9999 -9999 -9999 -9999
-9999 -9999 -9999 -9999 -9999 -9999 -9999 -9999 -9999 -9999 -9999 -9999 -9999 -9999 -9999 -9999 -9999 -9999 539.6832 539.9802 540.0049 540.3929 541.323 541.7895 541.2252 539.762 538.0238 536.2303 534.4352 533.3216 533.0541 533.1788 533.4894 533.9634 534.8213 536.0731 537.6086 539.2363 540.7458 541.9931 543.1179 544.3925 545.6466 546.72 547.219 547.0161 546.3423 545.7157 -9999 -9999 -9999 -9999 541.0109 540.145 539.7306 539.9567 540.368 541.0954 542.1904 543.4777 -9999 -9999 -9999 -9999 -9999 -9999 -9999
-9999 -9999 -9999 -9999 -9999 -9999 -9999 -9999 -9999 -9999 -9999 -9999 -9999 -9999 -9999 -9999 -9999 -9999 540.035 540.1755 540.1113 540.0087 540.4124 540.9592 541.7999 540.9579 539.6183 538.2522 536.466 535.3552 535.461 535.7535 535.9814 536.252 536.8209 537.8877 539.3971 541.1399 542.8107 544.1817 545.2001 546.1257 546.9039 547.512 547.8313 547.8357 547.1142 -9999 -9999 -9999 -9999 -9999 -9999 -9999 -9999 539.4182 539.903 540.614 -9999 -9999 -9999 -9999 -9999 -9999 -9999 -9999 -9999
-9999 -9999 -9999 -9999 -9999 -9999 -9999 -9999 -9999 -9999 -9999 -9999 -9999 -9999 -9999 -9999 -9999 -9999 -9999 540.9076 540.8082 540.2902 540.0167 540.5605 541.2469 541.0432 540.1777 539.2349 537.5168 536.2637 537.2466 537.9258 538.2323 538.4537 538.8784 539.7032 541.2179 543.0549 544.8148 546.1815 546.9653 547.3597 547.6599 547.8872 548.0043 548.1331 -9999 -9999 -9999 -9999 -9999 -9999 -9999 -9999 -9999 -9999 -9999 -9999 -9999 -9999 -9999 -9999 -9999 -9999 -9999 -9999 -9999
-9999 -9999 -9999 -9999 -9999 -9999 -9999 -9999 -9999 -9999 -9999 -9999 -9999 -9999 -9999 -9999 -9999 -9999 -9999 542.1691 542.0472 541.2469 540.5827 540.5099 540.599 540.2253 539.4483 538.1995 537.3956 537.5939 538.624 539.3369 539.7364 540.0999 540.6854 541.4854 543.0399 544.9068 546.5333 547.6039 547.9885 547.9976 547.9847 547.9828 548.0019 -9999 -9999 -9999 -9999 -9999 -9999 -9999 -9999 -9999 -9999 -9999 -9999 -9999 -9999 -9999 -9999 -9999 -9999 -9999 -9999 -9999 -9999
-9999 -9999 -9999 -9999 -9999 -9999 -9999 -9999 -9999 -9999 -9999 -9999 -9999 -9999 -9999 -9999 -9999 -9999 -9999 -9999 543.778 542.662 541.4479 540.7476 540.3579 539.9506 539.2046 538.4142 538.3555 539.2704 540.2917 540.8741 541.3094 541.7879 542.4768 543.5165 545.0756 546.7456 547.9569 548.6879 548.5912 548.1992 547.9988 -9999 -9999 -9999 -9999 -9999 -9999 -9999 -9999 -9999 -9999 -9999 -9999 -9999 -9999 -9999 -9999 -9999 -9999 -9999 -9999 -9999 -9999 -9999 -9999
-9999 -9999 -9999 -9999 -9999 -9999 -9999 -9999 -9999 -9999 -9999 -9999 -9999 -9999 -9999 -9999 -9999 -9999 -9999 -9999 -9999 544.1384 542.5117 541.1491 540.3219 539.9287 539.4183 539.2302 539.7181 540.8597 542.019 542.9281 543.715 544.431 545.1606 546.1118 547.395 548.5997 549.1183 549.3 548.9346 548.1998 -9999 -9999 -9999 -9999 -9999 -9999 -9999 -9999 -9999 -9999 -9999 -9999 -9999 -9999 -9999 -9999 -9999 -9999 -9999 -9999 -9999 -9999 -9999 -9999 -9999
-9999 -9999 -9999 -9999 -9999 -9999 -9999 -9999 -9999 -9999 -9999 -9999 -9999 -9999 -9999 -9999 -9999 -9999 -9999 -9999 -9999 -9999 543.3062 541.5379 540.276 539.8195 539.7042 540.088 541.0527 542.3688 543.7817 545.1499 546.3268 547.2377 547.9267 548.6763 549.5672 550.2764 550.2405 550.0239 549.4985 -9999 -9999 -9999 -9999 -9999 -9999 -9999 -9999 -9999 -9999 -9999 -9999 -9999 -9999 -9999 -9999 -9999 -9999 -9999 -9999 -9999 -9999 -9999 -9999 -9999 -9999
-9999 -9999 -9999 -9999 -9999 -9999 -9999 -9999 -9999 -9999 -9999 -9999 -9999 -9999 -9999 -9999 -9999 -9999 -9999 -9999 -9999 -9999 -9999 -9999 540.6157 540.0237 540.1189 540.887 541.9841 543.3782 545.1198 546.9291 548.3987 549.3673 549.952 550.6255 551.2856 551.7753 551.5645 -9999 -9999 -9999 -9999 -9999 -9999 -9999 -9999 -9999 -9999 -9999 -9999 -9999 -9999 -9999 -9999 -9999 -9999 -9999 -9999 -9999 -9999 -9999 -9999 -9999 -9999 -9999 -9999
-9999 -9999 -9999 -9999 -9999 -9999 -9999 -9999 -9999 -9999 -9999 -9999 -9999 -9999 -9999 -9999 -9999 -9999 -9999 -9999 -9999 -9999 -9999 -9999 -9999 -9999 540.8156 541.6675 542.7864 544.2092 546.1036 548.1367 549.7784 550.7473 551.2896 552.0465 -9999 -9999 -9999 -9999 -9999 -9999 -9999 -9999 -9999 -9999 -9999 -9999 -9999 -9999 -9999 -9999 -9999 -9999 -9999 -9999 -9999 -9999 -9999 -9999 -9999 -9999 -9999 -9999 -9999 -9999 -9999
-9999 -9999 -9999 -9999 -9999 -9999 -9999 -9999 -9999 -9999 -9999 -9999 -9999 -9999 -9999 -9999 -9999 -9999 -9999 -9999 -9999 -9999 -9999 -9999 -9999 -9999 -9999 -9999 -9999 -9999 -9999 -9999 -9999 -9999 -9999 -9999 -9999 -9999 -9999 -9999 -9999 -9999 -9999 -9999 -9999 -9999 -9999 -9999 -9999 -9999 -9999 -9999 -9999 -9999 -9999 -9999 -9999 -9999 -9999 -9999 -9999 -9999 -9999 -9999 -9999 -9999 -9999
-9999 -9999 -9999 -9999 -9999 -9999 -9999 -9999 -9999 -9999 -9999 -9999 -9999 -9999 -9999 -9999 -9999 -9999 -9999 -9999 -9999 -9999 -9999 -9999 -9999 -9999 -9999 -9999 -9999 -9999 -9999 -9999 -9999 -9999 -9999 -9999 -9999 -9999 -9999 -9999 -9999 -9999 -9999 -9999 -9999 -9999 -9999 -9999 -9999 -9999 -9999 -9999 -9999 -9999 -9999 -9999 -9999 -9999 -9999 -9999 -9999 -9999 -9999 -9999 -9999 -9999 -9999
-9999 -9999 -9999 -9999 -9999 -9999 -9999 -9999 -9999 -9999 -9999 -9999 -9999 -9999 -9999 -9999 -9999 -9999 -9999 -9999 -9999 -9999 -9999 -9999 -9999 -9999 -9999 -9999 -9999 -9999 -9999 -9999 -9999 -9999 -9999 -9999 -9999 -9999 -9999 -9999 -9999 -9999 -9999 -9999 -9999 -9999 -9999 -9999 -9999 -9999 -9999 -9999 -9999 -9999 -9999 -9999 -9999 -9999 -9999 -9999 -9999 -9999 -9999 -9999 -9999 -9999 -9999
-9999 -9999 -9999 -9999 -9999 -9999 -9999 -9999 -9999 -9999 -9999 -9999 -9999 -9999 -9999 -9999 -9999 -9999 -9999 -9999 -9999 -9999 -9999 -9999 -9999 -9999 -9999 -9999 -9999 -9999 -9999 -9999 -9999 -9999 -9999 -9999 -9999 -9999 -9999 -9999 -9999 -9999 -9999 -9999 -9999 -9999 -9999 -9999 -9999 -9999 -9999 -9999 -9999 -9999 -9999 -9999 -9999 -9999 -9999 -9999 -9999 -9999 -9999 -9999 -9999 -9999 -9999
-9999 -9999 -9999 -9999 -9999 -9999 -9999 -9999 -9999 -9999 -9999 -9999 -9999 -9999 -9999 -9999 -9999 -9999 -9999 -9999 -9999 -9999 -9999 -9999 -9999 -9999 -9999 -9999 -9999 -9999 -9999 -9999 -9999 -9999 -9999 -9999 -9999 -9999 -9999 -9999 -9999 -9999 -9999 -9999 -9999 -9999 -9999 -9999 -9999 -9999 -9999 -9999 -9999 -9999 -9999 -9999 -9999 -9999 -9999 -9999 -9999 -9999 -9999 -9999 -9999 -9999 -9999
