backend/lakes/data/Square Lake/squa_dem_tm.asc
ncols         95
nrows         115
xllcorner     700250
yllcorner     6084100
cellsize      50
NODATA_value  -9999
[rows 62 to 92 of 115, columns 0 to 68 of 95]
-9999 -9999 -9999 -9999 -9999 -9999 -9999 -9999 -9999 -9999 -9999 -9999 -9999 -9999 -9999 -9999 -9999 -9999 -9999 -9999 582.2482 583.3044 584.8441 585.9396 585.3476 583.4435 581.0818 578.5927 576.0728 573.5285 571.1098 569.0392 567.3702 565.629 563.7983 562.0137 560.5596 559.1578 557.611 555.9737 554.6748 554.2123 554.5435 555.5167 556.1871 556.7676 557.2761 557.5315 557.5206 557.5096 557.3732 556.8472 556.4097 556.3084 556.6768 557.364 558.3831 559.8461 561.1594 562.6885 564.9727 567.49 569.8884 572.4302 575.6644 580.0416 585.4358 590.9827 595.8606
-9999 -9999 -9999 -9999 -9999 -9999 -9999 -9999 -9999 -9999 -9999 -9999 -9999 -9999 -9999 -9999 -9999 -9999 -9999 -9999 583.1958 583.9825 585.6381 587.2607 587.1793 585.6879 583.3489 580.8787 578.3836 575.9 573.522 571.3845 569.6195 567.906 566.1355 564.3958 562.8461 561.2731 559.6357 557.9308 556.5707 556.1093 556.383 557.2485 557.8239 558.2729 558.6413 558.8926 558.926 559.1207 559.2112 558.6941 558.1287 557.6943 557.5989 558.0171 558.7697 559.9888 561.3434 562.9019 565.1907 567.7086 570.2021 572.9015 576.2468 580.5644 585.5535 590.4315 594.6871
-9999 -9999 -9999 -9999 -9999 -9999 -9999 -9999 -9999 -9999 -9999 -9999 -9999 -9999 -9999 -9999 -9999 -9999 -9999 -9999 -9999 584.1082 585.4155 587.2634 588.1658 587.9344 586.1566 583.7145 581.2587 578.7236 576.2638 574.0284 572.1325 570.4557 568.7375 567.0081 565.3522 563.6092 561.7905 559.9778 558.5073 557.8784 557.8871 558.3289 558.8287 559.3542 559.8618 560.0836 560.1989 560.4382 560.626 560.3651 559.9314 559.2792 558.655 558.6697 559.118 560.128 561.6268 563.2807 565.5538 568.0443 570.7097 573.6349 577.0761 581.2221 585.58 589.5819 593.0964
-9999 -9999 -9999 -9999 -9999 -9999 -9999 -9999 -9999 -9999 -9999 -9999 -9999 -9999 -9999 -9999 -9999 -9999 -9999 -9999 -9999 -9999 585.0417 587.0707 589.0704 590.0184 589.1774 587.0895 584.6742 582.0738 579.4301 576.9702 574.8688 573.1237 571.3602 569.5451 567.7209 565.8352 563.8931 561.9708 560.304 559.2821 558.9379 559.142 559.5795 560.1906 560.8333 561.1877 561.5184 562.0023 562.2651 562.2003 561.8651 561.1613 560.1653 559.5259 559.4682 560.1713 561.6561 563.5015 565.8521 568.4247 571.252 574.3819 577.9542 581.9243 585.6241 588.7535 591.5659
-9999 -9999 -9999 -9999 -9999 -9999 -9999 -9999 -9999 -9999 -9999 -9999 -9999 -9999 -9999 -9999 -9999 -9999 -9999 -9999 -9999 -9999 585.3383 587.1535 589.7357 591.7072 591.9868 590.6213 588.4484 585.927 583.1952 580.454 578.0117 575.9688 573.9783 571.9567 569.945 567.9405 565.9226 563.9137 562.0398 560.5685 559.8919 560.0012 560.4384 561.2124 561.9957 562.4054 562.8972 563.7292 564.1295 564.1014 563.6528 562.7333 561.5737 560.4014 559.8369 560.2762 561.7906 563.7967 566.2264 568.951 571.9143 575.2071 578.9375 582.6811 585.6422 588.0814 590.3737
-9999 -9999 -9999 -9999 -9999 -9999 -9999 -9999 -9999 -9999 -9999 -9999 -9999 -9999 -9999 -9999 -9999 -9999 -9999 -9999 -9999 -9999 -9999 587.1996 590.1161 592.9151 594.362 594.0771 592.5679 590.2924 587.5929 584.6797 581.8475 579.3507 576.9461 574.5218 572.2053 570.0331 567.9425 565.8766 563.8687 562.0855 560.9263 561.0342 561.6887 562.4714 563.4167 563.9863 564.6614 565.6459 566.0892 565.9521 565.1988 564.0667 562.7394 561.3932 560.3086 560.581 561.9694 564.0728 566.6779 569.5468 572.6124 576.0682 579.9181 583.3939 585.7335 587.6891 589.6348
-9999 -9999 -9999 -9999 -9999 -9999 -9999 -9999 -9999 -9999 -9999 -9999 -9999 -9999 -9999 -9999 -9999 -9999 -9999 -9999 -9999 -9999 -9999 -9999 590.1085 593.647 596.2674 597.3622 596.9586 595.2437 592.5992 589.5649 586.4644 583.496 580.5804 577.5042 574.6778 572.2167 570.0031 567.886 565.8107 563.8854 562.4781 562.2334 562.85 563.7043 564.5605 565.42 566.4726 567.6292 568.0895 567.7935 566.6912 565.3018 563.757 562.1772 561.0458 561.0126 562.2197 564.4116 567.1695 570.1635 573.3395 576.9113 580.7484 583.881 585.7164 587.3726 589.1976
-9999 -9999 -9999 -9999 -9999 -9999 -9999 -9999 -9999 -9999 -9999 -9999 -9999 -9999 -9999 -9999 -9999 -9999 -9999 -9999 -9999 -9999 -9999 -9999 -9999 594.3104 597.887 600.353 601.2691 600.4079 598.0771 594.9459 591.5436 588.1276 584.8098 580.8798 577.3749 574.5038 572.0874 569.8881 567.7421 565.6903 564.0829 563.4589 563.8652 564.5741 565.5258 566.725 568.2434 569.6254 570.1418 569.723 568.3524 566.5814 564.697 562.9282 561.7437 561.4708 562.6176 564.9755 567.847 570.8813 574.0598 577.5512 581.1437 583.9166 585.6737 587.0428 588.9336
-9999 -9999 -9999 -9999 -9999 -9999 -9999 -9999 -9999 -9999 -9999 -9999 -9999 -9999 -9999 -9999 -9999 -9999 -9999 -9999 -9999 -9999 -9999 -9999 -9999 -9999 599.1265 602.7174 604.9163 605.0925 603.3544 600.4767 596.914 592.8969 588.6635 584.2112 580.1004 576.785 574.0856 571.7532 569.5062 567.2597 565.3971 564.3793 564.5413 565.2957 566.4985 568.1635 570.0469 571.6403 572.2579 571.7284 570.1459 568.0135 565.6886 563.5771 562.4261 561.8846 563.1768 565.6599 568.5506 571.4728 574.4516 577.7213 580.9255 583.3094 585.0203 586.5501 588.7365
-9999 -9999 -9999 -9999 -9999 -9999 -9999 -9999 -9999 -9999 -9999 -9999 -9999 -9999 -9999 -9999 -9999 -9999 -9999 -9999 -9999 -9999 -9999 -9999 -9999 -9999 -9999 603.8317 606.9956 608.2013 607.3726 605.3113 602.0243 597.6774 592.6985 587.526 582.7413 578.9088 575.8105 573.3008 570.9914 568.6667 566.618 565.4014 565.3113 566.1094 567.6318 569.6559 571.8564 573.6578 574.344 573.7678 571.9818 569.4617 566.6486 564.2109 563.1779 562.2587 563.7003 566.2467 569.0723 571.7605 574.4365 577.3644 580.3134 582.5467 584.5637 586.4739 588.9302
-9999 -9999 -9999 -9999 -9999 -9999 -9999 -9999 -9999 -9999 -9999 -9999 -9999 -9999 -9999 -9999 -9999 -9999 -9999 -9999 -9999 -9999 -9999 -9999 -9999 -9999 -9999 -9999 606.6563 607.9925 608.9915 608.6466 606.1945 601.9666 596.5952 590.7865 585.253 580.6453 577.0681 574.3455 572.0264 569.8093 567.7968 566.3679 566.127 566.9698 568.7151 571.1378 573.7789 575.9143 576.7113 576.0146 573.9311 570.9491 567.616 564.659 562.881 562.649 564.1118 566.6131 569.3362 571.8301 574.2659 576.9522 579.9164 582.6503 585.0318 587.2172 589.7184
-9999 -9999 -9999 -9999 -9999 -9999 -9999 -9999 -9999 -9999 -9999 -9999 -9999 -9999 -9999 -9999 -9999 -9999 -9999 -9999 -9999 -9999 -9999 -9999 -9999 -9999 -9999 -9999 -9999 607.9322 609.6692 610.5432 608.9772 605.1448 599.7513 593.6092 587.5335 582.2349 578.1675 575.2347 572.8894 570.7468 568.8181 567.3649 567.0591 568.0319 570.1909 573.1372 576.2787 578.8058 579.7154 578.6803 576.11 572.6983 569.0049 565.7288 563.6838 563.3541 564.6384 566.9874 569.578 571.928 574.2482 576.8732 579.9278 583.0969 585.8527 588.2527 590.7833
-9999 -9999 -9999 -9999 -9999 -9999 -9999 -9999 -9999 -9999 -9999 -9999 -9999 -9999 -9999 -9999 -9999 -9999 -9999 -9999 -9999 -9999 -9999 -9999 -9999 -9999 -9999 -9999 -9999 -9999 -9999 -9999 610.0256 606.6775 601.6232 595.5515 589.2916 583.6077 579.1624 575.9766 573.5732 571.4865 569.6093 568.1976 567.9883 569.2525 572.0319 575.6882 579.3997 582.3021 583.2453 581.6276 578.3254 574.5008 570.6212 567.1823 564.8589 564.3286 565.5112 567.6305 570.0804 572.3549 574.6942 577.4266 580.6042 583.9965 586.9417 589.4283 591.9524
-9999 -9999 -9999 -9999 -9999 -9999 -9999 -9999 -9999 -9999 -9999 -9999 -9999 -9999 -9999 -9999 -9999 -9999 -9999 -9999 -9999 -9999 -9999 -9999 -9999 -9999 -9999 -9999 -9999 -9999 -9999 -9999 609.0776 606.4933 602.0649 596.3909 590.2664 584.5151 579.8158 576.3923 573.8781 571.8183 570.0922 568.9915 569.0177 570.8823 574.2956 578.6521 582.8627 585.8554 586.3405 583.9978 580.0931 576.0212 572.1888 568.8159 566.4037 565.61 566.4938 568.4624 570.8887 573.349 575.9434 578.9503 582.2669 585.6075 588.3637 590.6859 593.0532
-9999 -9999 -9999 -9999 -9999 -9999 -9999 -9999 -9999 -9999 -9999 -9999 -9999 -9999 -9999 -9999 -9999 -9999 -9999 -9999 -9999 -9999 -9999 -9999 -9999 -9999 -9999 -9999 -9999 -9999 -9999 -9999 607.2028 605.248 601.3802 596.1834 590.3809 584.8015 580.1141 576.572 573.975 571.9828 570.5804 570.0156 570.5831 572.8699 576.6588 581.3707 585.7788 588.5413 588.4741 585.5695 581.3317 577.2376 573.5906 570.4484 568.0601 567.0256 567.9275 569.8577 572.3038 575.0676 578.1237 581.4111 584.7111 587.6387 589.9131 591.8923 593.9473
-9999 -9999 -9999 -9999 -9999 -9999 -9999 -9999 -9999 -9999 -9999 -9999 -9999 -9999 -9999 -9999 -9999 -9999 -9999 -9999 -9999 -9999 -9999 -9999 -9999 -9999 -9999 -9999 -9999 -9999 -9999 604.1923 605.1818 603.624 600.0692 595.1823 589.7217 584.4939 580.1324 576.6041 573.9998 572.1235 571.1119 571.1038 572.2786 574.8923 578.8311 583.4816 587.6694 590.0046 589.606 586.5195 582.2808 578.381 574.9957 572.1339 569.9091 568.8848 569.7473 571.6344 574.1603 577.2853 580.7887 584.2979 587.426 589.8047 591.418 592.8391 594.3992
-9999 -9999 -9999 -9999 -9999 -9999 -9999 -9999 -9999 -9999 -9999 -9999 -9999 -9999 -9999 -9999 -9999 -9999 -9999 -9999 -9999 -9999 -9999 -9999 -9999 -9999 -9999 -9999 -9999 -9999 -9999 602.1012 603.4736 602.1113 598.5915 593.7654 588.5012 583.6245 579.8558 576.4485 574.0106 572.3657 571.785 572.2775 573.9258 576.6773 580.5081 584.7507 588.6118 590.7798 590.1296 587.1918 583.2752 579.7751 576.6045 573.9625 571.9321 570.9574 571.6923 573.408 575.9034 579.3112 583.184 586.8848 589.9037 591.8967 592.8842 593.6661 594.524
-9999 -9999 -9999 -9999 -9999 -9999 -9999 -9999 -9999 -9999 -9999 -9999 -9999 -9999 -9999 -9999 -9999 -9999 -9999 -9999 -9999 -9999 -9999 -9999 -9999 -9999 -9999 -9999 -9999 -9999 -9999 600.3635 602.0771 600.7139 597.0599 592.1375 586.9022 582.1003 578.4797 575.8196 574.0256 572.9451 572.7552 573.6357 575.4833 578.0432 581.3675 585.1227 588.6778 590.7874 590.1435 587.6634 584.4024 581.2744 578.5454 576.1646 574.2554 573.2336 573.634 574.8827 577.0215 580.4507 584.5393 588.4911 591.6436 593.553 594.0781 594.182 -9999
-9999 -9999 -9999 -9999 -9999 -9999 -9999 -9999 -9999 -9999 -9999 -9999 -9999 -9999 -9999 -9999 -9999 -9999 -9999 -9999 -9999 -9999 -9999 -9999 -9999 -9999 -9999 -9999 -9999 -9999 594.8159 598.4282 600.3599 599.0112 595.3046 590.3361 585.2443 580.6397 577.292 575.2001 574.0848 573.697 574.2199 575.1121 576.9264 579.1184 581.85 585.1172 588.2628 590.2 589.6329 587.9918 585.8 583.4166 581.089 578.962 577.0874 575.8871 575.6929 576.2504 577.5787 580.4698 584.4835 588.6168 592.0474 594.0495 594.5804 594.2794 -9999
-9999 -9999 -9999 -9999 -9999 -9999 -9999 -9999 -9999 -9999 -9999 -9999 -9999 -9999 -9999 -9999 -9999 -9999 -9999 -9999 -9999 -9999 -9999 -9999 -9999 -9999 -9999 -9999 -9999 -9999 592.7689 596.2516 598.1919 596.9066 593.2367 588.274 583.3348 579.341 576.4316 574.7054 574.0639 574.0333 574.8708 576.4742 578.3676 580.2031 582.5104 585.1896 587.68 589.2522 588.866 588.1307 587.0673 585.8633 584.2867 582.425 580.5158 579.0038 578.0768 577.7974 578.0457 579.7604 583.1741 587.2033 590.9807 593.7421 594.9543 594.1476 -9999
-9999 -9999 -9999 -9999 -9999 -9999 -9999 -9999 -9999 -9999 -9999 -9999 -9999 -9999 -9999 -9999 -9999 -9999 -9999 -9999 -9999 -9999 -9999 -9999 -9999 -9999 -9999 -9999 -9999 -9999 591.2014 594.3181 596.0858 594.7883 591.1866 586.4056 581.9091 578.4624 575.9575 574.3677 573.9048 574.3278 575.7343 577.6489 579.5451 581.4238 583.3068 585.2421 587.0177 588.299 588.4106 588.2036 587.9536 587.9045 587.2479 585.9662 584.29 582.5035 580.7984 579.3173 578.4547 578.8167 581.2274 584.8831 588.882 592.3158 594.2602 593.7347 592.7743
-9999 -9999 -9999 -9999 -9999 -9999 -9999 -9999 -9999 -9999 -9999 -9999 -9999 -9999 -9999 -9999 -9999 -9999 -9999 -9999 -9999 -9999 -9999 -9999 -9999 -9999 -9999 -9999 -9999 -9999 590.2151 592.8408 594.3377 592.9867 589.5798 585.3407 581.3609 578.2704 576.0939 574.7548 574.2253 575.0112 576.715 578.7936 580.8592 582.6352 583.8045 584.9028 586.071 587.121 587.6939 587.9202 588.1014 588.8638 589.1368 588.8706 587.764 586.0183 583.8741 581.6439 579.8077 578.1495 579.3848 582.4169 586.4281 590.3436 593.0173 593.2627 592.2598
-9999 -9999 -9999 -9999 -9999 -9999 -9999 -9999 -9999 -9999 -9999 -9999 -9999 -9999 -9999 -9999 -9999 -9999 -9999 -9999 -9999 -9999 -9999 -9999 -9999 -9999 -9999 -9999 -9999 -9999 589.4846 591.7263 592.939 591.662 588.6395 584.9721 581.6814 578.6993 576.7023 575.6172 575.0654 575.7758 577.4858 579.575 581.7033 583.2133 583.7819 584.1133 584.9665 585.9885 586.8772 587.4835 588.0411 589.0096 590.0095 590.6363 590.2403 588.8616 586.6889 584.0154 581.256 578.8931 578.8582 580.7488 584.4199 588.5679 591.7344 592.5396 592.0266
-9999 -9999 -9999 -9999 -9999 -9999 -9999 -9999 -9999 -9999 -9999 -9999 -9999 -9999 -9999 -9999 -9999 -9999 -9999 -9999 -9999 -9999 -9999 -9999 -9999 -9999 -9999 -9999 -9999 -9999 588.6208 590.6758 591.7728 590.8829 588.5104 585.4193 582.357 579.4969 577.3596 576.0473 575.5486 576.234 578.0085 579.8002 581.7982 583.3501 583.4786 583.2104 -9999 -9999 -9999 586.7957 587.5585 588.5751 590.0217 591.1882 591.4817 590.7036 588.9585 586.394 583.4008 580.6877 579.7297 580.6586 583.6932 587.6921 591.1547 592.7396 592.1609
-9999 -9999 -9999 -9999 -9999 -9999 -9999 -9999 -9999 -9999 -9999 -9999 -9999 -9999 -9999 -9999 -9999 -9999 -9999 -9999 -9999 -9999 -9999 -9999 -9999 -9999 -9999 -9999 -9999 -9999 587.5715 589.54 590.8851 590.8914 589.4794 587.002 584.04 581.0345 578.3471 576.4879 575.7927 576.315 577.9736 579.5549 581.2416 582.5558 583.0279 582.9724 -9999 -9999 -9999 -9999 -9999 587.9721 589.6122 591.1513 591.9841 591.6858 590.541 588.527 586.0231 583.5327 582.0849 582.629 584.8436 588.0749 591.1686 592.8717 592.8196
-9999 -9999 -9999 -9999 -9999 -9999 -9999 -9999 -9999 -9999 -9999 -9999 -9999 -9999 -9999 -9999 -9999 -9999 -9999 -9999 -9999 -9999 -9999 -9999 -9999 -9999 -9999 -9999 -9999 -9999 -9999 588.523 590.1334 591.0256 590.8525 589.1389 586.3519 583.0142 579.7384 577.3348 576.1501 576.4091 577.8911 579.5873 581.1547 582.389 583.3148 583.6469 583.6484 -9999 -9999 -9999 -9999 -9999 -9999 -9999 591.8925 592.0165 591.5071 590.3044 588.5446 586.791 585.6387 585.9046 587.466 590.1285 592.5842 593.8998 593.9139
-9999 -9999 -9999 -9999 -9999 -9999 -9999 -9999 -9999 -9999 -9999 -9999 -9999 -9999 -9999 -9999 -9999 -9999 -9999 -9999 -9999 -9999 -9999 -9999 -9999 -9999 -9999 -9999 -9999 -9999 -9999 -9999 589.5987 591.2719 592.0208 591.1575 588.7148 585.2229 581.4231 578.369 576.6746 576.5119 577.9463 579.9568 581.8432 583.3862 584.6688 585.3769 585.063 -9999 -9999 -9999 -9999 -9999 -9999 -9999 -9999 592.07 592.0121 591.4805 590.6116 589.7681 589.3494 589.9377 591.6108 593.8313 595.5106 596.0228 595.5162
-9999 -9999 -9999 -9999 -9999 -9999 -9999 -9999 -9999 -9999 -9999 -9999 -9999 -9999 -9999 -9999 -9999 -9999 -9999 -9999 -9999 -9999 -9999 -9999 -9999 -9999 -9999 -9999 -9999 -9999 -9999 -9999 -9999 590.9831 592.6182 592.4656 590.4896 587.0304 582.9399 579.3212 577.205 576.7459 578.1383 580.511 582.9211 585.0305 586.7951 587.7062 -9999 -9999 -9999 -9999 -9999 -9999 -9999 -9999 -9999 -9999 592.0036 591.9989 591.8053 591.8303 592.4627 593.962 596.1677 598.2736 599.1727 598.8298 597.4576
-9999 -9999 -9999 -9999 -9999 -9999 -9999 -9999 -9999 -9999 -9999 -9999 -9999 -9999 -9999 -9999 -9999 -9999 -9999 -9999 -9999 -9999 -9999 -9999 -9999 -9999 -9999 -9999 -9999 -9999 -9999 -9999 -9999 -9999 591.7771 592.6241 591.1639 587.9807 583.8947 580.0399 577.6443 576.9567 578.3734 581.1072 584.0613 586.7001 588.806 589.8342 -9999 -9999 -9999 -9999 -9999 -9999 -9999 -9999 -9999 -9999 -9999 591.7699 592.1346 592.8453 594.524 597.0425 599.9915 602.2324 602.1512 601.4003 599.2573
-9999 -9999 -9999 -9999 -9999 -9999 -9999 -9999 -9999 -9999 -9999 -9999 -9999 -9999 -9999 -9999 -9999 -9999 -9999 -9999 -9999 -9999 -9999 -9999 -9999 -9999 -9999 -9999 -9999 -9999 -9999 -9999 -9999 -9999 590.4434 591.2878 590.6356 588.0433 584.3202 580.5652 578.0096 577.1483 578.6078 581.6068 584.933 587.861 590.0715 591.087 -9999 -9999 -9999 -9999 -9999 -9999 -9999 -9999 -9999 -9999 -9999 -9999 591.7698 592.9764 595.2382 598.3766 601.8663 604.3359 602.3525 602.6201 -9999
-9999 -9999 -9999 -9999 -9999 -9999 -9999 -9999 -9999 -9999 -9999 -9999 -9999 -9999 -9999 -9999 -9999 -9999 -9999 -9999 -9999 -9999 -9999 -9999 -9999 -9999 -9999 -9999 -9999 -9999 -9999 -9999 -9999 -9999 590.1703 590.1392 589.7385 587.6965 584.4139 580.8558 578.272 577.3241 578.8027 581.9045 585.4517 588.5361 590.7035 591.6865 591.5945 -9999 -9999 -9999 -9999 -9999 -9999 -9999 -9999 -9999 -9999 -9999 -9999 592.1666 594.3783 597.3956 600.7084 603.224 603.3336 -9999 -9999
