backend/lakes/data/Square Lake/squa_dem_tm.asc
ncols         95
nrows         115
xllcorner     700250
yllcorner     6084100
cellsize      50
NODATA_value  -9999
[rows 31 to 61 of 115, columns 0 to 68 of 95]
-9999 -9999 -9999 -9999 -9999 -9999 -9999 -9999 -9999 -9999 -9999 -9999 -9999 -9999 -9999 -9999 -9999 -9999 -9999 580.821 583.1245 584.9234 585.2129 584.0046 582.2371 580.8841 579.5237 577.9902 576.1099 573.8289 570.9019 567.5888 564.4728 561.9743 560.1194 558.8948 558.024 557.2971 556.6361 555.7988 554.3914 553.4171 553.0074 553.1541 553.7407 554.4869 555.642 556.7722 558.0303 559.1316 560.0782 560.8771 561.5306 562.1476 562.72 563.2674 563.9006 564.6223 565.6221 566.8038 568.3497 570.1565 572.0473 573.8638 575.5392 577.1617 579.0726 581.5065 583.8911
-9999 -9999 -9999 -9999 -9999 -9999 -9999 -9999 -9999 -9999 -9999 -9999 -9999 -9999 -9999 -9999 -9999 -9999 -9999 581.6455 583.0023 584.2617 584.9477 583.9589 582.3702 581.0257 579.5939 578.0091 576.1516 573.9658 571.0161 567.7437 564.705 562.2645 560.4514 559.1788 558.1564 557.4171 556.7179 555.7773 554.1981 552.8783 552.1563 552.0283 552.2051 552.6814 553.5702 554.3933 555.4065 556.3123 557.112 557.8298 558.4452 559.0401 559.6048 560.2728 561.0159 561.8817 563.0042 564.3955 566.1232 568.0512 570.0446 572.0235 573.9948 576.0753 578.5632 581.6143 584.7499
-9999 -9999 -9999 -9999 -9999 -9999 -9999 -9999 -9999 -9999 -9999 -9999 -9999 -9999 -9999 -9999 -9999 -9999 -9999 -9999 584.0666 584.5742 584.7461 584.0613 582.926 581.4005 579.7807 578.11 576.2874 574.2711 571.5212 568.4971 565.6381 563.2862 561.5728 560.1508 558.8115 557.8689 556.9617 555.7868 554.0453 552.4335 551.5289 551.1406 551.0717 551.3387 551.7904 552.2615 552.9984 553.7873 554.3989 554.9991 555.6175 556.1978 556.7519 557.4908 558.2742 559.2141 560.4826 562.1002 563.9773 565.9921 568.0682 570.1882 572.406 574.8517 577.7885 581.412 585.2009
-9999 -9999 -9999 -9999 -9999 -9999 -9999 -9999 -9999 -9999 -9999 -9999 -9999 -9999 -9999 -9999 -9999 -9999 -9999 -9999 586.5779 586.1157 585.4794 584.541 583.3358 581.6623 579.9856 578.3835 576.7967 574.8532 572.4573 569.9102 567.3593 565.0874 563.3379 561.7959 560.1842 558.7028 557.3664 555.7936 553.8657 552.1508 551.0756 550.4865 550.1552 550.1279 550.2244 550.4282 550.9196 551.5963 552.0167 552.4247 553.0216 553.6957 554.2314 554.9208 555.7838 556.7628 558.1748 559.9332 561.9038 563.9971 566.1846 568.4878 570.9639 573.6747 576.8333 580.6595 584.7301
-9999 -9999 -9999 -9999 -9999 -9999 -9999 -9999 -9999 -9999 -9999 -9999 -9999 -9999 -9999 -9999 -9999 -9999 -9999 -9999 -9999 589.3623 587.6527 585.7407 583.8549 581.9895 580.2182 578.7397 577.3526 575.429 573.38 571.2636 569.075 566.9562 565.1484 563.4178 561.5683 559.6832 557.7609 555.6481 553.4389 551.7305 550.6456 550.0382 549.5848 549.3436 549.2112 549.2081 549.4932 549.7794 549.9615 550.22 550.7722 551.5394 552.0272 552.6118 553.5891 554.6459 556.1052 557.892 559.8982 562.0743 564.4207 566.9314 569.5601 572.3635 575.5523 579.2682 583.4172
-9999 -9999 -9999 -9999 -9999 -9999 -9999 -9999 -9999 -9999 -9999 -9999 -9999 -9999 -9999 -9999 -9999 -9999 -9999 -9999 -9999 593.9355 591.074 588.0663 585.2102 582.6448 580.4346 578.7716 577.3712 575.6039 573.677 571.696 569.7758 567.9023 566.14 564.1395 562.074 559.929 557.6375 555.1757 552.8376 551.1517 550.1251 549.5502 549.1387 548.817 548.5014 548.1885 548.1298 548.1425 548.2283 548.493 549.1309 549.8412 550.2521 550.7567 551.7641 552.9132 554.2961 555.9979 557.9813 560.2342 562.7519 565.4087 568.1288 571.0165 574.1486 577.5945 581.4908
-9999 -9999 -9999 -9999 -9999 -9999 -9999 -9999 -9999 -9999 -9999 -9999 -9999 -9999 -9999 -9999 -9999 -9999 -9999 -9999 -9999 599.0638 595.1125 590.9547 587.0001 583.4698 580.5502 578.3517 576.5678 574.8065 572.9213 570.975 569.2681 567.5768 565.7584 563.7391 561.6143 559.3707 556.9489 554.4774 552.2488 550.5539 549.6432 549.1332 548.7883 548.4434 548.0189 547.4792 547.1449 546.9733 547.0969 547.4528 548.0662 548.6909 549.1157 549.5764 550.3656 551.5161 552.7888 554.3322 556.24 558.525 561.1128 563.8403 566.6877 569.6871 572.8127 576.0653 579.5851
-9999 -9999 -9999 -9999 -9999 -9999 -9999 -9999 -9999 -9999 -9999 -9999 -9999 -9999 -9999 -9999 -9999 -9999 -9999 -9999 607.4093 603.7323 598.9036 593.6729 588.5955 584.0583 580.421 577.6992 575.5239 573.5255 571.5605 569.6758 567.9271 566.1467 564.2588 562.2493 560.1561 557.9856 555.7439 553.5487 551.6083 550.1105 549.2244 548.725 548.4207 548.0066 547.4124 546.8174 546.4471 546.1763 546.3979 546.8042 547.4074 548.0383 548.451 548.8315 549.4075 550.3018 551.5502 553.037 554.877 557.1587 559.6799 562.3223 565.2067 568.3272 571.5007 574.6481 577.7806
-9999 -9999 -9999 -9999 -9999 -9999 -9999 -9999 -9999 -9999 -9999 -9999 -9999 -9999 -9999 -9999 -9999 -9999 -9999 -9999 610.7116 606.8006 601.4326 595.4401 589.4733 584.0825 579.8154 576.6205 574.0873 571.8367 569.8132 567.9036 566.0486 564.1738 562.237 560.2345 558.1888 556.1281 554.0894 552.1696 550.5669 549.4456 548.6675 548.1421 547.8605 547.2701 546.7086 546.1889 546.0558 545.8946 546.0822 546.4191 547.0034 547.6375 548.1042 548.4008 548.819 549.5026 550.5637 552.1898 554.1162 556.2745 558.5725 561.0161 563.7919 566.916 570.1462 573.2307 576.0922
-9999 -9999 -9999 -9999 -9999 -9999 -9999 -9999 -9999 -9999 -9999 -9999 -9999 -9999 -9999 -9999 -9999 -9999 -9999 612.9754 611.3248 607.3379 601.8619 595.6296 589.3083 583.5865 578.9952 575.5003 572.6906 570.2322 567.9904 565.923 563.9575 562.0276 560.0793 558.0956 556.1096 554.1864 552.391 550.7993 549.6195 548.7167 547.9669 547.3066 546.8792 546.3168 546.0193 545.6946 545.6061 545.6027 545.7946 546.1378 546.7797 547.4799 548.0569 548.2157 548.5716 549.213 550.2685 551.9621 553.9075 555.9539 558.0264 560.1575 562.6167 565.5477 568.7141 571.7858 574.5248
-9999 -9999 -9999 -9999 -9999 -9999 -9999 -9999 -9999 -9999 -9999 -9999 -9999 -9999 -9999 -9999 -9999 -9999 -9999 609.8543 608.6775 605.1884 600.1188 594.1592 587.9995 582.3986 577.9418 574.4808 571.5686 568.856 566.2897 563.9983 561.9174 559.9767 558.0577 556.1063 554.1866 552.4348 550.9562 549.7271 548.7631 547.9254 547.0626 546.3298 545.9767 545.5327 545.3026 545.1749 545.2031 545.3547 545.6512 546.0943 546.7104 547.3815 547.9182 548.1228 548.5914 549.3304 550.456 552.1503 554.0135 555.9288 557.7776 559.5273 561.6231 564.2965 567.2598 570.2164 572.92
-9999 -9999 -9999 -9999 -9999 -9999 -9999 -9999 -9999 -9999 -9999 -9999 -9999 -9999 -9999 -9999 -9999 -9999 603.5532 605.0028 604.3058 601.4705 597.0087 591.5788 585.9313 580.9387 576.9418 573.6767 570.6885 567.7464 564.9239 562.4058 560.2027 558.3117 556.4701 554.5324 552.6219 550.9694 549.6293 548.5142 547.815 546.9968 546.1675 545.522 545.1342 544.7799 544.6464 544.6948 544.8681 545.165 545.5765 546.0913 546.7112 547.4006 548.0442 548.3995 548.9489 549.8052 551.0984 552.7184 554.3212 555.9926 557.5713 558.9701 560.7794 563.1989 565.9281 568.7617 571.4438
-9999 -9999 -9999 -9999 -9999 -9999 -9999 -9999 -9999 -9999 -9999 -9999 -9999 -9999 -9999 -9999 -9999 -9999 598.3448 599.9511 599.6494 597.3707 593.4944 588.6829 583.8346 579.5787 576.1537 573.155 570.2095 567.2128 564.2634 561.5264 559.1696 557.4001 555.6632 553.6359 551.5579 549.7446 548.3611 547.4472 546.8097 546.092 545.3708 544.8049 544.4691 544.1407 544.1124 544.3185 544.6094 545.0453 545.5593 546.0941 546.7327 547.4188 548.0889 548.7244 549.4563 550.4137 551.8469 553.448 554.7487 556.0336 557.2362 558.4547 560.1873 562.3008 564.6874 567.3638 570.0364
-9999 -9999 -9999 -9999 -9999 -9999 -9999 -9999 -9999 -9999 -9999 -9999 -9999 -9999 -9999 -9999 -9999 -9999 593.7254 595.527 595.5383 593.6392 590.2748 586.1794 581.9385 578.4213 575.6273 573.0275 570.2348 567.2816 564.3264 561.5231 559.0974 557.2472 555.376 553.0623 550.6765 548.6944 547.4027 546.6062 546.0081 545.3164 544.6639 544.1694 544.0294 543.7852 543.8032 544.076 544.4104 545.0068 545.6599 546.1726 546.8652 547.5716 548.2628 549.187 550.136 551.1864 552.4409 553.8787 555.0448 556.0801 557.0956 558.2518 559.9016 561.6934 563.668 566.1396 568.7418
-9999 -9999 -9999 -9999 -9999 -9999 -9999 -9999 -9999 -9999 -9999 -9999 -9999 -9999 -9999 -9999 -9999 587.1096 589.9088 591.8928 592.1418 590.4583 587.5241 584.3886 580.5112 577.4551 575.2656 573.1912 570.6176 567.7795 564.9352 562.1915 559.7838 557.707 555.5552 553.0285 550.4589 548.3219 546.8823 546.0593 545.3633 544.6595 544.074 543.6393 543.4689 543.3677 543.4556 543.7413 544.1774 545.0294 545.9492 546.5323 547.209 547.9866 548.813 549.8709 550.9558 552.0434 553.157 554.2799 555.3628 556.2239 557.1656 558.2446 559.7763 561.206 562.8303 565.0616 567.4862
-9999 -9999 -9999 -9999 -9999 -9999 -9999 -9999 -9999 -9999 -9999 -9999 -9999 -9999 -9999 -9999 -9999 584.4537 586.8378 588.8416 589.2375 587.6794 584.9498 582.0598 579.0807 576.7208 575.0502 573.3615 570.973 568.2878 565.6336 563.0257 560.6234 558.4379 556.1654 553.5828 550.955 548.6499 546.8659 545.8451 544.9275 544.0982 543.5106 543.1305 542.9698 542.9659 543.1487 543.5299 544.12 545.0389 546.04 546.8041 547.549 548.3386 549.3484 550.4418 551.7056 552.7926 553.8606 554.8386 555.8647 556.6418 557.4796 558.3997 559.781 560.958 562.3364 564.2654 566.4244
-9999 -9999 -9999 -9999 -9999 -9999 -9999 -9999 -9999 -9999 -9999 -9999 -9999 -9999 -9999 -9999 582.3906 582.8126 584.4924 586.2216 586.6039 585.1342 582.5618 580.0405 577.9592 576.2752 574.9751 573.5137 571.2711 568.7583 566.2875 563.8755 561.6334 559.5094 557.2807 554.795 552.2424 549.8517 547.709 545.9592 544.4841 543.6348 543.0693 542.7234 542.5872 542.6451 542.9111 543.3982 544.1042 545.037 546.0788 547.0614 548.0212 549.033 550.1187 551.2088 552.3057 553.3412 554.2411 555.1589 556.0827 556.9875 557.9093 558.7564 559.8979 560.9511 562.2202 563.9833 565.9633
-9999 -9999 -9999 -9999 -9999 -9999 -9999 -9999 -9999 -9999 -9999 -9999 -9999 -9999 -9999 -9999 582.3825 581.975 582.7261 584.0522 584.2787 582.9195 580.8229 578.7867 577.2909 576.0954 575.0145 573.6782 571.6007 569.3163 566.9664 564.603 562.4683 560.4786 558.4158 556.171 553.791 551.3341 548.8508 546.5736 544.7236 543.6302 542.9297 542.5115 542.3482 542.4255 542.7442 543.3083 544.092 545.0375 546.1356 547.3391 548.4716 549.7762 550.9918 552.1171 553.1445 554.0451 554.7964 555.5459 556.3292 557.2941 558.1601 559.0396 560.0895 561.2485 562.5333 564.205 566.049
-9999 -9999 -9999 -9999 -9999 -9999 -9999 -9999 -9999 -9999 -9999 -9999 -9999 -9999 -9999 584.3727 582.265 581.4064 581.4716 582.3666 582.3196 581.1703 579.5255 578.0627 576.9584 576.0602 575.0977 573.8372 571.949 569.8176 567.5931 565.3369 563.3417 561.5333 559.6253 557.5433 555.2687 552.7701 550.1463 547.687 545.6155 544.0859 543.1063 542.5145 542.2539 542.2994 542.6318 543.2408 544.0803 545.0496 546.2386 547.744 549.0883 550.3945 551.7791 553.0021 554.0028 554.7746 555.4479 556.1605 557.0165 557.9232 558.7056 559.6005 560.7182 562.1507 563.5861 565.1276 566.7773
-9999 -9999 -9999 -9999 -9999 -9999 -9999 -9999 -9999 -9999 -9999 -9999 -9999 -9999 -9999 584.2606 582.3048 581.1298 580.7227 580.9914 580.8806 579.8889 578.5424 577.5668 576.787 576.0657 575.1776 573.9171 572.1031 570.0582 567.9534 565.8815 564.0008 562.2942 560.5425 558.6084 556.4642 554.0584 551.408 548.7876 546.5042 544.6778 543.4692 542.6715 542.2694 542.2432 542.5574 543.1837 544.0632 545.056 546.2924 547.9761 549.6249 550.9725 552.3184 553.7209 554.7137 555.4576 556.1123 556.8586 557.775 558.608 559.5122 560.6411 562.1255 563.7614 565.2416 566.636 568.132
-9999 -9999 -9999 -9999 -9999 -9999 -9999 -9999 -9999 -9999 -9999 -9999 -9999 -9999 -9999 583.8113 582.1585 580.8102 580.0731 580.0356 579.9611 579.1787 578.1555 577.4385 576.8273 576.1658 575.3519 574.0356 572.2405 570.2376 568.1956 566.2399 564.5161 563.0421 561.5007 559.6784 557.6182 555.2923 552.6766 549.9839 547.557 545.5289 543.9659 542.9131 542.3518 542.2347 542.5104 543.1351 544.0486 545.0906 546.3406 548.0671 549.8714 551.4077 552.7968 554.2451 555.3398 556.1065 556.7503 557.4565 558.3288 559.403 560.6428 562.2122 563.9919 565.7689 567.2866 568.4683 569.8095
-9999 -9999 -9999 -9999 -9999 -9999 -9999 -9999 -9999 -9999 -9999 -9999 -9999 -9999 -9999 583.1306 581.6391 580.2628 579.6576 579.551 579.456 578.9152 578.1616 577.6429 577.15 576.5669 575.7867 574.402 572.6586 570.6962 568.6822 566.7858 565.1816 563.7119 562.1132 560.3734 558.4032 556.1592 553.6409 550.8845 548.2626 546.0255 544.2473 543.1122 542.4642 542.2733 542.5066 543.1186 544.0724 545.2537 546.5371 548.2296 550.0831 551.8898 553.5796 555.0132 556.0588 556.7986 557.4442 558.2092 559.2578 560.5874 562.2341 564.0978 566.0259 567.8477 569.3434 570.3757 571.5236
-9999 -9999 -9999 -9999 -9999 -9999 -9999 -9999 -9999 -9999 -9999 -9999 -9999 -9999 -9999 582.8472 581.4678 580.1172 579.5831 579.5522 579.5231 579.1151 578.5448 578.0805 577.6071 577.0092 576.2143 575.0873 573.5439 571.6276 569.6027 567.6681 565.893 564.2198 562.6258 561.0493 559.1371 556.8648 554.3525 551.533 548.8278 546.4662 544.5797 543.4006 542.6674 542.4043 542.5982 543.1971 544.1951 545.6438 547.0737 548.6535 550.3747 552.1751 554.0204 555.6459 556.6718 557.4544 558.1794 559.1478 560.4476 562.1223 564.0397 566.0493 568.0057 569.801 571.2698 572.2705 573.2848
-9999 -9999 -9999 -9999 -9999 -9999 -9999 -9999 -9999 -9999 -9999 -9999 -9999 -9999 -9999 582.7576 581.5561 580.287 579.809 579.9737 580.0245 579.5655 578.989 578.4852 578.033 577.451 576.744 575.7614 574.2191 572.2831 570.2095 568.283 566.4785 564.7795 563.3016 561.7278 559.7753 557.4565 554.8288 552.0681 549.4826 547.1268 545.2104 543.8909 543.0237 542.6976 542.8654 543.4596 544.4345 545.9777 547.6781 549.3761 550.8752 552.4299 554.2004 555.8743 557.0138 557.9706 558.8878 560.0813 561.7024 563.6247 565.7179 567.8008 569.7174 571.4845 573.0386 574.3304 575.4481
-9999 -9999 -9999 -9999 -9999 -9999 -9999 -9999 -9999 -9999 -9999 -9999 -9999 -9999 -9999 582.5763 581.8446 580.8656 580.202 580.4592 580.6124 580.0062 579.363 578.7713 578.1938 577.7471 577.1198 576.1396 574.7089 572.7448 570.5917 568.8086 567.1571 565.4647 563.8058 561.9826 559.9011 557.5187 554.8835 552.2562 549.8597 547.6749 545.7845 544.3345 543.5124 543.2329 543.4153 544.0544 545.0303 546.3783 548.0344 549.7774 551.3266 552.7888 554.3862 555.9501 557.116 558.1671 559.3833 560.7984 562.6362 564.7168 566.9435 569.094 570.9723 572.8557 574.9082 576.9164 578.4012
-9999 -9999 -9999 -9999 -9999 -9999 -9999 -9999 -9999 -9999 -9999 -9999 -9999 -9999 -9999 -9999 581.9747 581.3861 580.9667 580.9886 580.9582 580.3033 579.7284 579.1985 578.6759 578.1508 577.454 576.3317 574.9061 572.7718 570.6052 568.9575 567.4719 565.6406 563.6702 561.6269 559.4536 557.0566 554.552 552.173 550.0025 548.0268 546.3294 545.1047 544.3904 544.2047 544.3615 544.9731 545.922 547.0823 548.4496 550.0878 551.8167 553.451 554.7668 556.0591 557.2012 558.33 559.8638 561.6083 563.5603 565.6246 567.7371 569.8234 571.8948 574.2203 577.0247 580.0927 582.0768
-9999 -9999 -9999 -9999 -9999 -9999 -9999 -9999 -9999 -9999 -9999 -9999 -9999 -9999 -9999 -9999 582.036 581.6988 581.2992 581.1351 581.1256 580.8881 580.2615 579.7792 579.2995 578.6901 577.7424 576.1355 574.3624 572.1213 570.0406 568.3304 566.89 564.9063 562.7344 560.6322 558.5596 556.3976 554.1846 552.0791 550.1958 548.5515 547.2328 546.3591 545.9719 545.8846 545.9753 546.3279 547.0759 548.1014 549.1998 550.4886 552.0952 553.7403 554.9641 556.145 557.379 558.5582 560.1339 561.9692 563.9536 565.9946 568.0531 570.174 572.5228 575.3556 578.8438 582.6969 585.8278
-9999 -9999 -9999 -9999 -9999 -9999 -9999 -9999 -9999 -9999 -9999 -9999 -9999 -9999 -9999 -9999 -9999 581.886 581.3068 581.0042 581.141 581.356 581.0018 580.4796 579.9846 579.1907 577.8607 575.8965 573.5903 571.1647 569.1331 567.4077 565.6946 563.7128 561.6423 559.6926 557.8776 555.9811 554.0003 552.144 550.6636 549.5245 548.5098 548.0551 547.9067 547.8882 547.9462 548.1294 548.5876 549.4756 550.2822 551.2239 552.4329 553.8766 555.0439 556.2465 557.7353 559.0604 560.4274 562.1284 564.075 566.1309 568.2433 570.5223 573.2207 576.5844 580.7676 585.4442 589.5329
-9999 -9999 -9999 -9999 -9999 -9999 -9999 -9999 -9999 -9999 -9999 -9999 -9999 -9999 -9999 -9999 -9999 -9999 580.9933 580.7925 581.0721 581.8671 581.7319 581.2449 580.789 579.6852 577.9847 575.7795 573.2054 570.5939 568.3577 566.4167 564.5374 562.5746 560.6259 558.9007 557.4698 555.8629 554.0616 552.4004 551.2179 550.4165 549.9679 549.919 549.9702 550.034 550.1286 550.2643 550.48 551.0327 551.668 552.2328 553.0878 554.1225 555.1545 556.3244 557.9623 559.5549 560.7981 562.2827 564.2051 566.3596 568.6035 571.0545 573.9882 577.7789 582.6269 588.0328 592.7782
-9999 -9999 -9999 -9999 -9999 -9999 -9999 -9999 -9999 -9999 -9999 -9999 -9999 -9999 -9999 -9999 -9999 -9999 580.9105 580.7184 581.0573 581.9736 582.5253 582.5608 582.018 580.4875 578.3998 576.0374 573.395 570.7014 568.3285 566.3079 564.4343 562.5374 560.71 559.2047 557.8427 556.2971 554.6075 553.1223 552.0279 551.3853 551.3387 551.7556 552.0608 552.2868 552.5258 552.7281 552.7234 552.8845 553.2059 553.4598 553.9767 554.6332 555.46 556.4813 558.0654 559.7327 560.9904 562.4246 564.4578 566.8237 569.202 571.6591 574.6816 578.7955 584.1428 589.9526 595.0868
-9999 -9999 -9999 -9999 -9999 -9999 -9999 -9999 -9999 -9999 -9999 -9999 -9999 -9999 -9999 -9999 -9999 -9999 -9999 581.1957 581.4263 582.3845 583.5725 584.1619 583.308 581.631 579.3527 576.9518 574.3818 571.6921 569.2493 567.2743 565.5551 563.7537 561.9319 560.2862 558.9028 557.5031 555.8895 554.3148 553.1332 552.5283 552.7422 553.5891 554.1586 554.603 555.0527 555.3259 555.2585 555.2094 555.1456 554.9056 555.0135 555.3536 556.0139 556.8894 558.1981 559.7891 561.0786 562.5671 564.7765 567.2529 569.6232 572.0858 575.2034 579.5078 585.0287 590.9121 596.1243
