backend/lakes/data/Cooking Lake/cook_dem_tm.asc
ncols         283
nrows         205
xllcorner     623250
yllcorner     5915100
cellsize      50
NODATA_value  -9999
[rows 120 to 149 of 205, columns 0 to 67 of 283]
-9999 -9999 -9999 -9999 -9999 -9999 -9999 -9999 -9999 -9999 -9999 -9999 -9999 -9999 -9999 -9999 -9999 -9999 -9999 -9999 -9999 -9999 -9999 -9999 -9999 -9999 -9999 -9999 -9999 -9999 -9999 -9999 737.3268 736.8763 736.2518 735.9979 735.7156 734.9613 733.9991 733.2222 732.7206 732.4449 732.3267 732.2919 732.317 732.4125 732.5671 732.7053 732.7881 732.7942 732.7321 732.6508 732.6425 732.8533 733.6842 734.9385 735.5651 735.8721 736.3235 736.8782 737.1898 737.4683 738.0925 738.4169 738.1473 737.8226 -9999 -9999
-9999 -9999 -9999 -9999 -9999 -9999 -9999 -9999 -9999 -9999 -9999 -9999 -9999 -9999 -9999 -9999 -9999 -9999 -9999 -9999 -9999 -9999 -9999 -9999 -9999 -9999 -9999 -9999 -9999 -9999 -9999 -9999 737.6766 737.3654 736.996 736.6434 736.2679 735.5556 734.3093 733.3761 732.8231 732.5363 732.4138 732.3938 732.4326 732.5249 732.6697 732.8289 732.9588 732.9773 732.9226 732.8352 732.8126 732.9991 733.5806 734.1656 734.4008 734.4662 735.2283 736.1886 737.1614 738.186 738.7861 739.0499 738.8652 738.0339 737.1168 736.2264
-9999 -9999 -9999 -9999 -9999 -9999 -9999 -9999 -9999 -9999 -9999 -9999 -9999 -9999 -9999 -9999 -9999 -9999 -9999 -9999 -9999 -9999 -9999 -9999 -9999 -9999 -9999 -9999 -9999 -9999 -9999 -9999 -9999 738.0764 737.8193 737.2172 736.6459 735.8141 734.5093 733.6179 733.0723 732.7783 732.617 732.5935 732.6467 732.7355 732.8369 732.9483 733.1517 733.1796 733.1141 733.0217 732.9554 733.0206 733.2646 733.4824 733.5456 733.6217 734.155 735.2393 736.5397 737.8252 738.4353 738.5785 738.2722 737.2458 736.2142 735.6516
-9999 -9999 -9999 -9999 -9999 -9999 -9999 -9999 -9999 -9999 -9999 -9999 -9999 -9999 -9999 -9999 -9999 -9999 -9999 -9999 -9999 -9999 -9999 -9999 -9999 -9999 -9999 -9999 -9999 -9999 -9999 -9999 -9999 738.8893 738.4998 737.7861 737.0082 736.267 735.4462 734.5487 733.7197 733.2936 732.9832 732.9116 732.9594 733.0244 733.0655 733.0045 733.3204 733.3321 733.2665 733.1708 733.0492 732.9832 733.0083 733.049 733.0557 733.1243 733.4521 734.0742 734.9831 736.1766 737.0059 737.0652 736.616 735.7012 734.9824 734.9709
-9999 -9999 -9999 -9999 -9999 -9999 -9999 -9999 -9999 -9999 -9999 -9999 -9999 -9999 -9999 -9999 -9999 -9999 -9999 -9999 -9999 -9999 -9999 -9999 -9999 -9999 -9999 -9999 -9999 -9999 -9999 -9999 -9999 -9999 738.6693 737.6766 737.0072 736.4989 736.0448 735.5371 734.7144 734.0525 733.5351 733.4007 733.3968 733.3237 733.314 733.0419 733.2616 733.3513 733.3322 733.2731 733.0942 732.9305 732.858 732.8712 732.9439 733.0735 733.3173 733.4553 733.6216 734.2718 735.0389 734.9666 734.7424 734.1971 734.0326 734.38
-9999 -9999 -9999 -9999 -9999 -9999 -9999 -9999 -9999 -9999 -9999 -9999 -9999 -9999 -9999 -9999 -9999 -9999 -9999 -9999 -9999 -9999 -9999 -9999 -9999 -9999 -9999 -9999 -9999 -9999 -9999 -9999 -9999 -9999 738.1923 737.2488 736.7785 736.47 736.2697 735.9984 735.4862 734.8889 734.4279 734.2444 734.1071 733.3549 733.0887 733.2355 733.3856 733.4231 733.3795 733.3254 733.0626 732.8371 732.7595 732.881 733.1838 733.6046 734.2935 734.9318 735.2067 734.8554 734.4976 733.6543 733.6492 733.3606 733.6312 734.4094
-9999 -9999 -9999 -9999 -9999 -9999 -9999 -9999 -9999 -9999 -9999 -9999 -9999 -9999 -9999 -9999 -9999 -9999 -9999 -9999 -9999 -9999 -9999 -9999 -9999 -9999 -9999 -9999 -9999 -9999 -9999 -9999 -9999 -9999 -9999 737.1545 736.6432 736.3129 736.2682 736.1918 735.9653 735.4636 735.0912 734.9327 734.8188 734.189 733.9293 733.9003 733.7343 733.5663 733.3356 733.152 732.8682 732.6335 732.5983 732.9077 733.5787 734.5059 735.6581 736.8533 737.5232 737.2053 736.1253 735.0543 734.26 733.6799 733.6789 734.255
-9999 -9999 -9999 -9999 -9999 -9999 -9999 -9999 -9999 -9999 -9999 -9999 -9999 -9999 -9999 -9999 -9999 -9999 -9999 -9999 -9999 -9999 -9999 -9999 -9999 -9999 -9999 -9999 -9999 -9999 -9999 -9999 738.7168 738.4727 738.0221 737.3571 736.6057 736.0547 736.0962 736.0383 735.8992 735.5 735.2651 735.1801 735.1714 734.9391 734.6462 734.3534 734.0185 733.7467 733.3416 733.0051 732.6239 732.3275 732.2753 732.7009 733.5531 734.6853 736.254 738 739.1666 739.4515 738.6088 737.2617 735.7407 734.5643 734.0515 734.1653
-9999 -9999 -9999 -9999 -9999 -9999 -9999 -9999 -9999 -9999 -9999 -9999 -9999 -9999 -9999 -9999 -9999 -9999 -9999 -9999 -9999 -9999 -9999 -9999 -9999 -9999 -9999 -9999 -9999 -9999 -9999 738.9496 738.556 738.3259 737.9386 737.2408 736.442 735.8626 735.8324 735.5162 735.1533 734.9469 734.9653 735.0141 735.195 735.1758 734.9752 734.5626 734.217 733.9461 733.4242 732.9503 732.412 732.0015 731.8531 732.3564 733.3684 734.5984 736.0281 737.9437 739.7096 740.5425 740.3987 739.3014 737.5566 735.6746 734.5078 734.1147
-9999 -9999 -9999 -9999 -9999 -9999 -9999 -9999 -9999 -9999 -9999 -9999 -9999 -9999 -9999 -9999 -9999 -9999 -9999 -9999 -9999 -9999 -9999 -9999 -9999 -9999 -9999 -9999 -9999 739.4534 739.0419 738.5659 738.1107 737.9262 737.4681 736.723 735.8169 735.1818 735.0825 734.8607 734.4211 734.1481 734.3782 734.6734 734.9673 734.9792 734.7177 734.317 734.0499 733.8386 733.6602 733.0026 732.2562 731.7945 731.6353 732.0358 733.1441 734.3455 735.5383 737.0929 738.9915 740.4229 740.9688 740.6493 739.2195 737.0955 734.9685 733.7231
-9999 -9999 -9999 -9999 -9999 -9999 -9999 -9999 -9999 -9999 -9999 -9999 -9999 -9999 -9999 -9999 -9999 -9999 -9999 -9999 -9999 -9999 -9999 -9999 -9999 -9999 -9999 -9999 739.4836 739.2151 738.7989 738.1302 737.6302 737.2195 736.6171 735.6964 734.7967 734.5533 734.764 734.5834 734.0419 733.8716 734.0101 734.2639 734.4309 734.4149 734.1644 733.769 733.6266 733.463 733.7707 732.9224 732.0024 731.5553 731.4489 731.8414 732.8237 733.6856 734.6794 735.9426 737.6171 739.0975 740.2871 740.7855 740.0323 738.0996 735.8468 734.2438
-9999 -9999 -9999 -9999 -9999 -9999 -9999 -9999 -9999 -9999 -9999 -9999 -9999 -9999 -9999 -9999 -9999 -9999 -9999 -9999 -9999 -9999 -9999 -9999 -9999 -9999 -9999 739.535 739.1682 738.7277 738.1112 737.5118 736.8862 736.186 735.3513 734.3978 733.7229 733.8938 734.6634 734.663 734.041 733.9042 733.9585 734.003 733.9064 733.834 733.6321 733.312 733.1326 733.0142 733.02 732.4425 731.7997 731.3804 731.2159 731.4153 731.9783 732.7515 733.7147 734.8903 736.1683 737.1881 738.4324 739.3488 739.1958 737.7724 735.9323 734.426
-9999 -9999 -9999 -9999 -9999 -9999 -9999 -9999 -9999 -9999 -9999 -9999 -9999 -9999 -9999 -9999 -9999 -9999 -9999 -9999 -9999 -9999 -9999 -9999 -9999 -9999 740.5356 739.5031 738.6725 737.7634 737.138 736.6453 735.8281 734.6975 733.8993 733.3478 733.0604 733.3065 733.9227 734.6008 734.0544 734.0226 734.0379 733.9463 733.4491 733.3058 733.0693 732.7889 732.587 732.4161 732.2932 731.8732 731.4813 731.1938 731.016 731.0485 731.3455 731.9068 732.8054 733.9774 735.2374 736.2419 736.8899 737.3065 737.2144 736.2643 735.0352 734.0322
-9999 -9999 -9999 -9999 -9999 -9999 -9999 -9999 -9999 -9999 -9999 -9999 -9999 -9999 -9999 -9999 -9999 -9999 -9999 -9999 -9999 -9999 -9999 -9999 -9999 742.6874 741.2113 739.5314 737.9116 736.6198 736.022 735.6605 734.5665 733.6998 733.0727 732.6971 732.5765 732.7898 733.2248 733.6452 733.7822 733.9662 733.9336 733.669 733.199 732.8738 732.5638 732.2778 732.0945 731.8633 731.7842 731.5034 731.2123 731.0004 730.8583 730.8173 730.9524 731.3235 732.0072 733.0736 734.2581 734.8926 735.2423 735.4068 735.2062 734.478 733.8118 733.4092
-9999 -9999 -9999 -9999 -9999 -9999 -9999 -9999 -9999 -9999 -9999 -9999 -9999 -9999 -9999 -9999 -9999 -9999 -9999 745.5031 746.2917 -9999 -9999 -9999 745.1221 743.3384 741.1524 738.8642 736.8317 735.39 734.7251 734.4243 733.7184 733.0726 732.594 732.3165 732.2436 732.3772 732.6692 732.9938 733.2595 733.4046 733.5226 733.2564 732.8567 732.4799 732.1328 731.8452 731.7794 731.5665 731.4254 731.2239 731.0099 730.8217 730.7155 730.6653 730.7205 730.9468 731.4022 732.1041 732.9744 733.3784 733.6042 733.7607 733.6716 733.3029 732.9822 732.7677
-9999 -9999 -9999 -9999 -9999 -9999 -9999 -9999 -9999 -9999 -9999 -9999 -9999 -9999 -9999 -9999 739.7673 741.3408 743.0495 744.6978 746.0689 746.9787 747.2939 746.8989 745.6641 743.3739 740.5714 737.8716 735.7073 734.2293 733.5977 733.4426 733.0905 732.6719 732.3218 732.1042 732.0222 732.0582 732.1938 732.3626 732.5153 732.614 732.699 732.6498 732.4296 732.1183 731.8138 731.5811 731.4534 731.2825 731.1444 731.0007 730.8479 730.7051 730.5909 730.5403 730.5603 730.6866 730.9584 731.3683 731.8167 732.0248 732.2085 732.499 732.5629 732.4437 732.3269 732.2542
-9999 -9999 -9999 -9999 -9999 -9999 -9999 -9999 -9999 -9999 -9999 -9999 -9999 -9999 -9999 737.422 737.9636 739.0276 740.5956 742.4937 744.3571 745.8077 746.5529 746.4506 745.2742 742.8338 739.7961 736.9408 734.8762 733.9424 733.3768 733.0973 732.8004 732.4706 732.1843 731.9965 731.8883 731.8115 731.8076 731.8145 731.8273 731.848 731.9184 732.0988 732.0519 731.8175 731.5795 731.3747 731.215 731.0499 730.9122 730.7999 730.6998 730.6031 730.5165 730.457 730.4469 730.5057 730.6478 730.866 731.1011 731.2688 731.4688 731.7379 731.8132 731.8135 731.8036 731.8083
-9999 -9999 -9999 -9999 -9999 -9999 -9999 -9999 -9999 -9999 -9999 -9999 -9999 -9999 -9999 736.5859 736.2047 736.5342 737.7003 739.5695 741.6749 743.494 744.6917 744.9467 743.9219 741.7518 738.9344 736.2062 734.4057 734.0604 733.4651 733.0443 732.6951 732.3696 732.1024 731.9269 731.8054 731.6342 731.514 731.4336 731.3995 731.432 731.5639 731.787 731.7966 731.6028 731.3923 731.2046 731.0402 730.8834 730.7395 730.6323 730.5509 730.4893 730.4392 730.3993 730.3817 730.4004 730.464 730.5697 730.6966 730.8233 730.9839 731.1702 731.2672 731.3153 731.3566 731.3885
-9999 -9999 -9999 -9999 -9999 -9999 -9999 -9999 -9999 -9999 -9999 -9999 -9999 -9999 736.423 735.8531 734.8958 734.6945 735.2326 736.7419 738.6658 740.4708 741.7999 742.3176 741.7188 740.1102 737.9218 735.7047 734.2814 733.7458 733.31 732.9166 732.5659 732.2423 731.9867 731.8076 731.6344 731.442 731.2761 731.1554 731.0999 731.129 731.2461 731.3997 731.4337 731.3328 731.187 731.0388 730.8992 730.7612 730.6339 730.5183 730.4343 730.3771 730.343 730.3278 730.3262 730.3385 730.3688 730.4187 730.4859 730.5684 730.6752 730.7942 730.8816 730.9376 730.9859 731.0288
-9999 -9999 -9999 -9999 -9999 -9999 -9999 -9999 -9999 -9999 -9999 -9999 -9999 -9999 736.9326 736.1696 735.1417 734.3174 734.0782 734.8945 736.1587 737.4919 738.5803 739.1412 738.9482 737.9609 736.6629 735.2319 734.0028 733.3364 732.9293 732.63 732.33 732.0421 731.8113 731.6348 731.4566 731.2636 731.0824 730.9406 730.8643 730.8695 730.946 731.0419 731.0802 731.0428 730.9656 730.8715 730.7704 730.6674 730.5621 730.4657 730.3735 730.3026 730.2623 730.25 730.2609 730.286 730.3164 730.3491 730.3872 730.4354 730.4972 730.5647 730.6238 730.6719 730.7064 730.7434
-9999 -9999 -9999 -9999 -9999 -9999 -9999 -9999 -9999 -9999 -9999 -9999 -9999 -9999 738.5922 737.8992 736.9997 736.0335 735.2617 734.8789 735.0084 735.4516 735.9247 736.1759 736.3192 735.9417 735.254 734.3707 733.4767 732.8623 732.4785 732.2404 732.0273 731.815 731.6511 731.4957 731.3237 731.132 730.9408 730.7801 730.6771 730.6472 730.6807 730.7354 730.7673 730.7669 730.7426 730.7064 730.6547 730.5878 730.5139 730.4362 730.361 730.2858 730.229 730.2048 730.2123 730.2428 730.2833 730.3212 730.3528 730.3823 730.4133 730.4449 730.4728 730.5005 730.5259 730.5396
-9999 -9999 -9999 -9999 -9999 -9999 -9999 -9999 -9999 -9999 -9999 -9999 -9999 -9999 741.0508 740.5302 739.7115 738.5615 737.2841 736.0811 735.0066 734.5035 734.3528 734.3918 734.4902 734.3581 733.9934 733.5009 732.949 732.4717 732.1446 731.9435 731.8121 731.7056 731.5785 731.4345 731.2623 731.0645 730.8601 730.6774 730.5431 730.4727 730.4637 730.4874 730.5087 730.5259 730.538 730.5477 730.549 730.5262 730.4819 730.4246 730.364 730.3046 730.2505 730.218 730.2164 730.2419 730.2845 730.3287 730.3633 730.3867 730.4016 730.4093 730.4136 730.4176 730.4264 730.4338
-9999 -9999 -9999 -9999 -9999 -9999 -9999 -9999 -9999 -9999 -9999 -9999 -9999 -9999 -9999 743.2123 742.4093 741.0423 739.3655 737.629 735.9509 734.5609 733.7767 733.5068 733.4581 733.3541 733.1185 732.7776 732.4469 732.1641 731.9521 731.8397 731.8096 731.7284 731.5968 731.4572 731.2783 731.067 730.8432 730.6348 730.4675 730.3564 730.3052 730.2999 730.3118 730.3326 730.3689 730.4095 730.4512 730.4757 730.4662 730.4317 730.3832 730.3383 730.3025 730.283 730.2861 730.3108 730.3502 730.393 730.4271 730.4469 730.4528 730.4474 730.4333 730.4185 730.4068 730.3994
-9999 -9999 -9999 -9999 -9999 -9999 -9999 -9999 -9999 -9999 -9999 -9999 -9999 -9999 -9999 -9999 744.4731 743.0254 741.1691 739.1904 737.2551 735.4932 734.121 733.4839 733.1786 732.967 732.7135 732.4078 732.1112 731.9137 731.8085 731.7861 731.8147 731.8083 731.6775 731.5665 731.3745 731.1412 730.8909 730.6522 730.4513 730.3024 730.2106 730.1732 730.1745 730.1962 730.2428 730.3066 730.3718 730.4298 730.4592 730.451 730.4223 730.3906 730.3747 730.3809 730.4096 730.4524 730.4977 730.5364 730.5632 730.5751 730.5705 730.554 730.5284 730.4957 730.4653 730.4357
-9999 -9999 -9999 -9999 -9999 -9999 -9999 -9999 -9999 -9999 -9999 -9999 -9999 -9999 -9999 -9999 -9999 744.2863 742.4938 740.5834 738.7556 737.0448 735.5061 734.3714 733.6129 733.1571 732.7964 732.4338 732.0931 731.8616 731.7793 731.8112 731.8942 731.9277 731.8371 731.8045 731.5648 731.2913 731.0023 730.7264 730.4896 730.306 730.1783 730.1078 730.0919 730.1143 730.1668 730.2434 730.3254 730.3984 730.4528 730.4749 730.47 730.4619 730.4707 730.508 730.5736 730.6534 730.724 730.7658 730.7834 730.7815 730.7598 730.729 730.6919 730.646 730.593 730.5397
-9999 -9999 -9999 -9999 -9999 -9999 -9999 -9999 -9999 -9999 -9999 -9999 -9999 -9999 -9999 -9999 -9999 -9999 743.4525 741.8516 740.3492 738.9088 737.4223 736.0007 734.7014 733.8768 733.3333 732.8606 732.4165 732.0891 731.9543 732.003 732.1564 732.2926 732.3232 732.2495 731.8529 731.5116 731.1664 730.8447 730.5702 730.3545 730.1979 730.0987 730.0603 730.0795 730.1359 730.2222 730.3156 730.3978 730.4601 730.4994 730.519 730.5385 730.5822 730.6627 730.7758 730.9057 731.0168 731.0682 731.0806 731.064 731.0142 730.9651 730.9171 730.8562 730.7838 730.7003
-9999 -9999 -9999 -9999 -9999 -9999 -9999 -9999 -9999 -9999 -9999 -9999 -9999 -9999 -9999 -9999 -9999 -9999 744.2703 743.1879 742.1711 741.073 739.6965 738.1136 736.5114 735.2101 734.3645 733.6879 733.0676 732.601 732.3633 732.3847 732.5988 732.8218 732.9007 732.7414 732.2457 731.7759 731.3551 730.9854 730.675 730.4319 730.2538 730.1344 730.0756 730.0834 730.1454 730.2361 730.3418 730.4342 730.4997 730.5415 730.5725 730.6162 730.6973 730.8295 731.0068 731.2039 731.373 731.4257 731.4327 731.4066 731.3083 731.2423 731.1901 731.1119 731.0193 730.9073
-9999 -9999 -9999 -9999 -9999 -9999 -9999 -9999 -9999 -9999 -9999 -9999 -9999 -9999 -9999 -9999 -9999 -9999 -9999 744.6645 744.249 743.471 742.158 740.4927 738.7433 737.2194 736.0119 735.0173 734.0712 733.3864 732.9874 732.9344 733.1991 733.4669 733.4999 733.1376 732.5264 731.8995 731.5138 731.1256 730.7881 730.5244 730.3313 730.2002 730.1285 730.122 730.1844 730.2835 730.3988 730.5059 730.5822 730.6229 730.6513 730.7044 730.8171 731.0012 731.2464 731.5238 731.7816 731.824 731.8249 731.7872 731.5999 731.529 731.4917 731.3884 731.2822 731.1421
-9999 -9999 -9999 -9999 -9999 -9999 -9999 -9999 -9999 -9999 -9999 -9999 -9999 -9999 -9999 -9999 -9999 -9999 -9999 -9999 746.2106 745.7584 744.5517 742.9073 741.1416 739.5801 738.244 736.9267 735.5455 734.5409 733.8512 733.6286 733.9597 734.2134 734.1046 733.5293 732.8435 732.2029 731.7524 731.2761 730.9048 730.6263 730.423 730.2845 730.2062 730.1925 730.2463 730.3591 730.4858 730.6144 730.7113 730.7623 730.7834 730.8311 730.9604 731.1922 731.4961 731.827 732.1378 732.2813 732.2946 732.128 731.8491 731.8096 731.7969 731.6445 731.5503 731.389
-9999 -9999 -9999 -9999 -9999 -9999 -9999 -9999 -9999 -9999 -9999 -9999 -9999 -9999 -9999 -9999 -9999 -9999 -9999 -9999 -9999 747.5609 746.6207 745.0994 743.4363 741.9666 740.6498 739.2869 737.7311 736.2098 735.0672 734.5412 734.9619 735.0374 734.4667 733.8185 733.1263 732.4194 731.8119 731.3528 731.0099 730.7408 730.5308 730.3813 730.2975 730.2807 730.3352 730.4503 730.6078 730.7623 730.8984 730.9788 730.998 731.0335 731.1682 731.4498 731.8271 732.2374 732.5615 732.766 732.8329 732.5856 732.2843 732.1317 732.009 731.8264 731.8016 731.627
