backend/lakes/data/Cooking Lake/cook_dem_tm.asc
ncols         283
nrows         205
xllcorner     623250
yllcorner     5915100
cellsize      50
NODATA_value  -9999
[rows 120 to 149 of 205, columns 68 to 135 of 283]
-9999 -9999 -9999 -9999 -9999 -9999 -9999 -9999 -9999 -9999 -9999 -9999 -9999 -9999 -9999 -9999 -9999 -9999 -9999 -9999 -9999 -9999 -9999 -9999 -9999 -9999 -9999 -9999 739.7397 740.3546 740.3086 740.3829 739.874 739.2431 739.0472 738.999 738.9838 738.9995 739.0717 739.3805 740.2903 741.1512 741.5831 741.1687 740.0905 738.5771 736.9769 735.5989 734.5364 733.7136 733.1132 732.8326 732.71 732.5485 732.2439 731.85 731.6142 731.3541 731.1095 730.921 730.8182 730.7892 730.8203 730.8983 731.001 731.1526 731.3977 731.7747
-9999 -9999 -9999 -9999 -9999 -9999 -9999 -9999 -9999 -9999 -9999 -9999 -9999 -9999 -9999 -9999 -9999 -9999 -9999 -9999 -9999 -9999 -9999 -9999 -9999 735.4626 736.1054 738.0214 739.7882 740.7599 741.0064 740.9804 740.4899 739.702 739.0231 738.6161 738.4923 738.6595 739.0436 739.6014 740.0108 740.1805 740.1167 739.5756 738.5961 737.317 736.0862 735.2117 734.8182 734.4341 733.447 733.1617 733.1246 732.9904 732.6086 732.1396 731.7961 731.4701 731.1992 730.9898 730.8575 730.8094 730.8259 730.8955 730.989 731.1119 731.2941 731.5641
735.5977 735.8588 -9999 -9999 -9999 -9999 -9999 -9999 -9999 -9999 -9999 -9999 -9999 -9999 -9999 -9999 -9999 -9999 -9999 -9999 735.4559 736.1734 737.2108 737.6942 737.1429 736.3005 736.5042 738.2716 739.9357 740.938 741.1174 740.8903 740.3302 739.4184 738.3841 737.6556 737.4778 737.9198 738.8157 739.6855 739.6793 739.1889 738.5472 737.8413 737.0496 736.1135 735.301 735.0783 735.0042 734.6851 733.5341 733.4529 733.5801 733.4912 732.9542 732.3261 731.8288 731.4794 731.2124 731.0101 730.8668 730.8009 730.8044 730.8678 730.9633 731.082 731.2462 731.4829
735.4658 735.9544 -9999 -9999 -9999 -9999 -9999 -9999 -9999 -9999 -9999 -9999 -9999 -9999 -9999 -9999 -9999 -9999 736.8549 736.2835 736.6962 737.7548 738.8881 739.3621 738.7963 737.7882 737.5294 738.8509 739.8664 740.4557 740.3102 739.7575 738.7679 737.9155 736.9626 736.0964 735.8954 736.5292 737.7687 738.6873 738.8116 738.0953 737.1576 736.3391 735.771 735.2604 735.0032 735.0779 735.0643 734.6727 733.4975 733.7291 733.9672 733.8669 733.066 732.2989 731.7883 731.4031 731.1412 730.9607 730.8336 730.7601 730.7527 730.8063 730.9061 731.0351 731.2063 731.4467
735.3983 735.9017 736.0231 -9999 -9999 -9999 -9999 -9999 -9999 -9999 -9999 -9999 -9999 -9999 -9999 -9999 737.5507 737.0537 736.894 737.1512 738.0229 739.0295 739.7589 739.994 739.6387 738.72 738.1219 738.4149 738.848 738.7922 738.3714 737.7607 736.554 735.7449 735.2933 734.3873 734.1536 734.7424 735.8246 736.9949 737.2101 736.6635 735.7124 734.9453 734.5505 734.4283 734.625 734.907 734.8727 734.5239 733.4666 733.9408 733.9413 733.4583 732.6329 731.9099 731.5113 731.2178 731.0004 730.8494 730.7501 730.6895 730.6747 730.7133 730.8042 730.9364 731.1019 731.3121
735.5195 735.8842 736.025 736 736.0067 736.5525 737.8212 739.2747 740.3706 740.9255 -9999 -9999 -9999 -9999 -9999 738.0522 737.6962 737.3012 737.0935 737.7558 738.5964 739.0178 739.3825 739.204 738.4712 737.7144 737.233 736.9907 736.9133 736.6082 736.8397 736.7544 735.6578 734.7664 734.1759 733.5839 733.5021 734.02 734.5269 735.0386 735.3897 734.9294 734.1232 733.5909 733.4158 733.52 733.9499 734.1182 734.0474 734.4945 733.6841 733.5106 733.2422 732.6742 731.9753 731.5062 731.2185 731.011 730.8475 730.7227 730.6372 730.5942 730.5802 730.6017 730.6687 730.7849 730.9365 731.1293
735.0194 735.4892 735.8851 736.0299 736.2609 737.0453 737.9923 739.0209 739.8452 740.2291 740.6094 740.9414 740.7119 740.1218 739.3086 738.925 738.3305 737.9058 737.4459 737.3526 737.5089 737.5551 737.6228 737.3087 736.2712 735.4686 735.1304 735.2799 735.4089 735.4933 735.8135 735.8375 734.964 734.1389 733.5432 733.1176 733.0667 733.3702 733.6027 733.8309 733.9545 733.6539 733.1394 732.7739 732.6847 732.8215 733.1108 733.2659 733.3132 733.4607 733.087 732.748 732.4233 731.9252 731.4923 731.1807 730.9757 730.8286 730.7063 730.6038 730.5276 730.4885 730.4797 730.4867 730.5236 730.6044 730.7286 730.9197
734.5072 734.7874 735.248 735.998 736.8655 737.6796 738.1102 738.6955 739.1962 739.5451 739.8956 740.2362 740.4457 740.1934 739.9763 739.8354 739.1672 738.3124 737.342 736.3271 735.7656 735.6005 736.2719 736.567 735.6096 734.7278 734.29 734.2879 734.4357 734.6753 734.9838 735.0033 734.3271 733.5929 733.0839 732.7573 732.6757 732.7949 732.874 732.9565 732.9709 732.7872 732.4792 732.2229 732.1725 732.2515 732.3903 732.4753 732.5206 732.5428 732.3234 731.9631 731.7792 731.4604 731.1692 730.9465 730.7924 730.6835 730.5923 730.506 730.4356 730.3949 730.3828 730.3762 730.3907 730.4271 730.4998 730.682
734.1409 734.1404 734.7152 735.6854 736.7122 737.1605 737.5061 738.0574 738.5669 738.6285 738.8461 739.1804 739.3389 739.3789 739.7076 739.8472 739.4567 738.155 736.5269 735.0155 734.7206 734.8889 735.5272 735.8946 735.2277 734.4448 733.9404 733.7699 733.8181 734.0172 734.2468 734.2397 733.7724 733.0956 732.6495 732.4148 732.3088 732.2858 732.2863 732.3057 732.2996 732.2142 732.0498 731.8276 731.8006 731.804 731.8145 731.8222 731.8287 731.8362 731.7708 731.5296 731.3518 731.1416 730.9442 730.7834 730.66 730.5715 730.5012 730.4323 730.3685 730.3257 730.312 730.2803 730.2798 730.2792 730.284 730.4502
733.9521 733.791 734.1786 735.0826 735.6194 735.9978 736.3476 736.8544 737.2592 737.1046 737.3104 737.7892 738.003 738.0311 738.3047 738.7698 738.5106 737.2788 736.0419 734.9442 734.5549 734.6616 735.0693 735.2817 734.8594 734.2471 733.7491 733.4663 733.3774 733.4515 733.5753 733.5577 733.2625 732.6917 732.2122 732.0809 731.9913 731.8342 731.81 731.8103 731.8132 731.8111 731.782 731.584 731.4812 731.4251 731.3871 731.3635 731.3557 731.3534 731.3127 731.1837 731.0554 730.9153 730.7789 730.6619 730.564 730.4865 730.4271 730.3726 730.3192 730.2801 730.2798 730.2305 730.1935 730.167 730.1693 730.2792
733.7065 733.3593 733.6876 734.3737 734.8704 735.2753 735.5558 735.1902 735.4321 735.1174 735.3445 735.842 736.3369 736.2613 736.1966 736.8595 736.9467 736.5188 735.8148 735.118 734.6952 734.6079 734.748 734.7914 734.4969 734.0287 733.5724 733.2291 733.0141 732.9308 732.9194 732.8548 732.6167 732.2087 731.8448 731.8033 731.7916 731.6024 731.4914 731.4401 731.4231 731.4203 731.3921 731.2751 731.1759 731.1052 731.0564 731.0258 731.0123 731.0062 730.9811 730.9136 730.833 730.7426 730.6483 730.5599 730.4857 730.4208 730.3688 730.3233 730.28 730.2437 730.223 730.1794 730.1361 730.1022 730.0983 730.1561
733.7416 733.1411 733.3264 733.8044 734.2415 734.6167 734.8401 734.4945 734.2679 733.8823 733.753 734.014 734.4877 735.0238 735.4694 736.087 736.2533 736.0631 735.6582 735.2299 734.7869 734.5122 734.4359 734.355 734.1108 733.75 733.351 732.9901 732.6849 732.4573 732.3112 732.1926 731.9244 731.7849 731.5737 731.5099 731.4597 731.3223 731.2017 731.124 731.0828 731.061 731.0294 730.9597 730.8894 730.8324 730.7922 730.7682 730.7579 730.7537 730.7408 730.7077 730.6608 730.603 730.5368 730.4693 730.4114 730.3658 730.3212 730.28 730.237 730.203 730.1761 730.1411 730.106 730.0822 730.0873 730.1463
733.352 732.9008 733.028 733.3607 733.6798 733.9523 734.1014 733.9529 733.6239 733.2781 733.1509 733.3795 733.8941 734.5388 735.1063 735.4995 735.6722 735.553 735.2327 734.945 734.5812 734.2311 734.027 733.864 733.6384 733.3573 733.0505 732.7262 732.3867 732.0762 731.8403 731.7864 731.5846 731.4458 731.3042 731.2219 731.1487 731.0388 730.9282 730.8423 730.7868 730.7513 730.7201 730.6795 730.6381 730.6052 730.5832 730.572 730.5688 730.5702 730.5673 730.5524 730.5261 730.4889 730.4404 730.3878 730.341 730.317 730.28 730.2381 730.196 730.1644 730.1412 730.1163 730.0953 730.0856 730.1019 730.1629
732.9268 732.639 732.7322 732.9645 733.1684 733.3348 733.4383 733.3839 733.1777 732.9738 732.9464 733.1966 733.6844 734.2242 734.5248 734.7583 734.9288 734.8892 734.6842 734.4488 734.1346 733.7805 733.5238 733.2969 733.0637 732.8486 732.6328 732.3984 732.1082 731.814 731.6007 731.4892 731.3354 731.2001 731.0771 730.9795 730.8906 730.7908 730.6914 730.6072 730.5463 730.5062 730.4774 730.4545 730.4372 730.4266 730.424 730.4276 730.4333 730.4395 730.4436 730.439 730.424 730.3995 730.3634 730.3195 730.2802 730.28 730.2469 730.206 730.1656 730.1357 730.1182 730.1025 730.0933 730.095 730.1132 730.1542
732.4985 732.3572 732.4291 732.5752 732.6816 732.7699 732.8458 732.8779 732.8029 732.7403 732.8018 733.0479 733.4342 733.7078 733.8718 733.9198 734.0259 734.0481 733.9417 733.7862 733.5617 733.2809 733.013 732.7203 732.4403 732.2805 732.1259 731.8755 731.7958 731.6017 731.4281 731.2981 731.1662 731.0352 730.9109 730.8016 730.7013 730.6028 730.5098 730.4301 730.3693 730.3292 730.3054 730.2939 730.2936 730.3018 730.3145 730.3292 730.3432 730.3533 730.3596 730.3608 730.3522 730.3363 730.3113 730.28 730.2523 730.2423 730.217 730.1833 730.149 730.1216 730.1079 730.1 730.0969 730.1061 730.1249 730.1509
732.1349 732.071 732.1171 732.1934 732.2219 732.2543 732.3146 732.4294 732.4423 732.4597 732.551 732.7227 732.9232 733.064 733.1343 733.176 733.1763 733.1804 733.1345 733.0594 732.92 732.7164 732.4712 732.1827 731.8726 731.815 731.7917 731.6255 731.5309 731.4037 731.2757 731.1603 731.0436 730.9255 730.8058 730.6902 730.5822 730.4832 730.394 730.3186 730.2607 730.222 730.2026 730.1997 730.2101 730.2299 730.2532 730.2742 730.2916 730.3036 730.3095 730.311 730.3064 730.2982 730.28 730.2571 730.2354 730.2206 730.2003 730.1735 730.1465 730.1234 730.1111 730.1083 730.1086 730.1202 730.139 730.1603
731.808 731.8026 731.8049 731.8112 731.813 731.8093 731.8404 732.0316 732.0974 732.1299 732.1888 732.2601 732.337 732.3984 732.4247 732.4353 732.4502 732.4421 732.4218 732.3999 732.3115 732.1534 731.8859 731.7874 731.5911 731.5203 731.4887 731.3998 731.3207 731.2281 731.1328 731.0394 730.9432 730.8414 730.7342 730.6252 730.5201 730.4232 730.3389 730.2688 730.2148 730.1801 730.1636 730.1655 730.1824 730.2079 730.2352 730.256 730.2719 730.2827 730.2861 730.2856 730.28 730.28 730.2657 730.2472 730.2289 730.2133 730.1962 730.1764 730.1561 730.1387 730.1273 730.1257 730.1293 730.1394 730.1587 730.1758
731.4268 731.4497 731.4503 731.4507 731.4615 731.4992 731.598 731.7913 731.8109 731.8099 731.8107 731.8166 731.8163 731.8182 731.8205 731.8187 731.8188 731.8218 731.8215 731.8229 731.8167 731.7888 731.604 731.4938 731.3728 731.306 731.2657 731.2083 731.1451 731.0751 730.9987 730.9216 730.843 730.7601 730.6718 730.5791 730.4873 730.4012 730.3255 730.2635 730.2167 730.1864 730.1744 730.1792 730.198 730.2235 730.2502 730.2636 730.2728 730.28 730.28 730.28 730.274 730.2699 730.2594 730.2455 730.2307 730.2169 730.2025 730.1882 730.1746 730.1632 730.1538 730.1508 730.1563 730.166 730.1819 730.1981
731.064 731.0955 731.1093 731.1139 731.1425 731.2068 731.3169 731.4545 731.5006 731.5071 731.4981 731.4804 731.47 731.4465 731.4284 731.4161 731.4064 731.4051 731.4162 731.4341 731.4508 731.4419 731.3546 731.2711 731.1917 731.136 731.0947 731.0492 730.9978 730.9386 730.8753 730.8083 730.74 730.6709 730.601 730.5295 730.4575 730.3889 730.3278 730.2786 730.2419 730.22 730.2125 730.2201 730.2393 730.2571 730.28 730.28 730.28 730.281 730.2792 730.2767 730.2717 730.2664 730.2581 730.248 730.2372 730.2264 730.2153 730.2053 730.1976 730.1919 730.186 730.1812 730.1857 730.1992 730.2091 730.2217
730.7671 730.7888 730.8051 730.8187 730.8516 730.923 731.0261 731.1342 731.1986 731.2283 731.2357 731.2303 731.2159 731.2073 731.1848 731.1638 731.1475 731.1376 731.1415 731.1602 731.1779 731.1754 731.1349 731.0854 731.0327 730.9885 730.9506 730.911 730.8664 730.8158 730.7603 730.7018 730.641 730.5801 730.5225 730.4687 730.4173 730.3676 730.3241 730.2911 730.2685 730.2565 730.254 730.2615 730.28 730.28 730.2896 730.2886 730.2855 730.2827 730.279 730.2752 730.2709 730.266 730.2593 730.2518 730.2448 730.2383 730.2305 730.2242 730.2211 730.2201 730.2181 730.2142 730.2158 730.2297 730.2412 730.2454
730.5579 730.5592 730.5663 730.5771 730.6079 730.672 730.7632 730.8555 730.9282 730.979 731.0122 731.0294 731.0358 731.0306 731.0232 731.0041 730.9844 730.9692 730.9603 730.9647 730.9742 730.9735 730.9523 730.9214 730.887 730.8528 730.8192 730.7835 730.7445 730.701 730.6537 730.6031 730.55 730.4965 730.4472 730.4051 730.3689 730.3348 730.3057 730.2908 730.282 730.28 730.28 730.28 730.2888 730.2898 730.2921 730.2903 730.2864 730.2822 730.2778 730.2736 730.2701 730.2666 730.2617 730.2561 730.2518 730.2495 730.2462 730.2428 730.2428 730.2449 730.2452 730.245 730.2455 730.257 730.2648 730.2691
730.426 730.4213 730.4092 730.4083 730.4282 730.4773 730.5532 730.6339 730.7048 730.7672 730.8186 730.8588 730.8857 730.899 730.8971 730.8872 730.8687 730.8489 730.8351 730.8249 730.8217 730.8157 730.8011 730.7793 730.7534 730.7255 730.6963 730.6647 730.6299 730.5927 730.5536 730.5127 730.4695 730.4244 730.3832 730.3501 730.3247 730.3007 730.28 730.28 730.28 730.2813 730.2828 730.2836 730.2871 730.288 730.2882 730.2864 730.283 730.2791 730.2753 730.2716 730.2688 730.267 730.2642 730.2606 730.2588 730.2593 730.2596 730.2596 730.2626 730.2645 730.2657 730.267 730.27 730.28 730.28 730.28
730.3841 730.3571 730.3318 730.3147 730.3227 730.351 730.4048 730.473 730.5375 730.5975 730.6567 730.7075 730.749 730.7775 730.7892 730.7847 730.7708 730.7516 730.7299 730.7143 730.7004 730.6882 730.6733 730.655 730.6337 730.6104 730.5845 730.5569 730.5269 730.4951 730.4633 730.4309 730.3983 730.3645 730.3339 730.3087 730.2956 730.28 730.2692 730.2694 730.2719 730.2747 730.277 730.2783 730.28 730.2808 730.2806 730.2795 730.2772 730.2745 730.2723 730.2699 730.2682 730.2682 730.2673 730.2655 730.2658 730.2689 730.2705 730.2726 730.28 730.28 730.28 730.28 730.28 730.2874 730.2883 730.2865
730.4042 730.3622 730.319 730.283 730.2803 730.2904 730.3193 730.3666 730.4236 730.4725 730.5235 730.5765 730.6212 730.6566 730.6794 730.6847 730.6758 730.6581 730.6384 730.6154 730.5978 730.5806 730.5637 730.5463 730.5284 730.5087 730.4868 730.4631 730.4386 730.4129 730.3877 730.3632 730.3395 730.3156 730.2983 730.28 730.28 730.2697 730.2626 730.262 730.2643 730.2672 730.2697 730.2712 730.2723 730.273 730.2733 730.2732 730.2721 730.2708 730.2704 730.2698 730.2697 730.2719 730.2717 730.2712 730.2726 730.28 730.28 730.28 730.2887 730.2923 730.2927 730.2916 730.291 730.2939 730.2941 730.2905
730.4808 730.4156 730.3499 730.2957 730.2744 730.2772 730.2861 730.3069 730.3502 730.3875 730.4199 730.4619 730.5071 730.5405 730.5673 730.5818 730.5798 730.5675 730.5478 730.5289 730.5062 730.4893 730.4727 730.4554 730.439 730.4235 730.406 730.3868 730.3673 730.3492 730.3306 730.3123 730.2985 730.28 730.28 730.2681 730.2645 730.2593 730.256 730.2565 730.259 730.2618 730.2642 730.2656 730.2667 730.2676 730.2686 730.2698 730.2697 730.27 730.2723 730.2724 730.2736 730.28 730.28 730.28 730.28 730.2893 730.2943 730.2975 730.3037 730.3073 730.3074 730.305 730.3027 730.3018 730.2993 730.2938
730.6082 730.5066 730.4077 730.3285 730.2802 730.28 730.28 730.28 730.3054 730.3262 730.3414 730.371 730.4056 730.4375 730.4598 730.4796 730.4875 730.4807 730.466 730.4472 730.4309 730.4119 730.3977 730.3838 730.3695 730.3572 730.3447 730.3303 730.3146 730.3055 730.295 730.28 730.28 730.2675 730.2628 730.2559 730.2522 730.25 730.2498 730.2521 730.2559 730.2593 730.2616 730.2633 730.2653 730.2661 730.2678 730.2716 730.2717 730.2729 730.28 730.28 730.28 730.2902 730.2962 730.3001 730.3038 730.3113 730.3174 730.3215 730.3252 730.3269 730.3256 730.3217 730.317 730.3129 730.307 730.2982
730.7739 730.6273 730.4825 730.3601 730.2801 730.2554 730.2533 730.2608 730.28 730.28 730.2802 730.3082 730.3288 730.3477 730.3617 730.3861 730.4017 730.4034 730.3932 730.38 730.3655 730.3546 730.3411 730.3286 730.3171 730.3107 730.3037 730.2947 730.28 730.28 730.28 730.269 730.2647 730.2568 730.2513 730.2464 730.2435 730.2432 730.2452 730.2498 730.2555 730.2604 730.2626 730.2649 730.2692 730.2695 730.2715 730.28 730.28 730.28 730.291 730.2985 730.3049 730.3154 730.3243 730.3313 730.3373 730.3438 730.3489 730.3521 730.3531 730.3521 730.3484 730.3425 730.3358 730.3287 730.3195 730.3069
730.9646 730.7671 730.568 730.3978 730.2801 730.2346 730.2229 730.2303 730.2434 730.2472 730.2551 730.28 730.28 730.28 730.2802 730.3125 730.3303 730.3355 730.3313 730.3243 730.3171 730.3103 730.3043 730.2948 730.28 730.28 730.28 730.28 730.2687 730.2656 730.2646 730.259 730.2546 730.2494 730.2449 730.2416 730.2399 730.2409 730.2446 730.2507 730.2593 730.2666 730.2678 730.2701 730.28 730.28 730.28 730.2922 730.3002 730.3073 730.3193 730.3307 730.3416 730.3532 730.3635 730.3719 730.3787 730.3842 730.3878 730.389 730.3875 730.3832 730.3767 730.3685 730.3594 730.3497 730.3375 730.3218
731.1642 730.9083 730.6584 730.4369 730.28 730.2213 730.2029 730.2007 730.2079 730.2158 730.2246 730.2382 730.2413 730.2435 730.2515 730.28 730.28 730.28 730.28 730.28 730.28 730.28 730.28 730.28 730.2678 730.2639 730.2633 730.2632 730.2579 730.2554 730.2543 730.2517 730.249 730.2462 730.2438 730.2423 730.2418 730.244 730.2492 730.2559 730.2679 730.28 730.28 730.28 730.2947 730.3041 730.3118 730.3245 730.3364 730.3483 730.3619 730.3757 730.3889 730.4014 730.412 730.4207 730.4271 730.4312 730.4329 730.4318 730.4274 730.4204 730.4108 730.4 730.3887 730.3764 730.3617 730.3435
731.3456 731.0408 730.7433 730.4816 730.2819 730.2273 730.1981 730.1831 730.1786 730.1822 730.1907 730.2003 730.2065 730.2134 730.2242 730.2394 730.2426 730.2433 730.2448 730.2476 730.2511 730.2549 730.2582 730.2599 730.2552 730.2527 730.2519 730.2516 730.2496 730.2487 730.2485 730.2484 730.2482 730.2479 730.2479 730.2488 730.2493 730.2524 730.2601 730.2646 730.28 730.2964 730.3064 730.3158 730.3315 730.3459 730.3589 730.3731 730.3873 730.4016 730.4166 730.4315 730.4455 730.4579 730.4681 730.4761 730.4813 730.4836 730.4834 730.4798 730.4728 730.4631 730.4512 730.4379 730.4241 730.4095 730.3925 730.3726
