backend/lakes/data/Cooking Lake/cook_dem_tm.asc
ncols         283
nrows         205
xllcorner     623250
yllcorner     5915100
cellsize      50
NODATA_value  -9999
[rows 150 to 179 of 205, columns 68 to 135 of 283]
731.4745 731.1367 730.8246 730.5564 730.3635 730.2796 730.2102 730.1722 730.1553 730.1508 730.155 730.1636 730.1729 730.1829 730.1947 730.2068 730.2126 730.2162 730.2201 730.2246 730.2299 730.2354 730.2405 730.2438 730.2443 730.2445 730.2452 730.2456 730.2455 730.2458 730.2473 730.2496 730.2518 730.2543 730.2567 730.2614 730.2618 730.2654 730.28 730.28 730.3024 730.3267 730.347 730.3657 730.385 730.403 730.4192 730.4348 730.4502 730.4655 730.481 730.4959 730.5095 730.5212 730.5305 730.5369 730.5403 730.5409 730.5385 730.5325 730.523 730.5109 730.4971 730.4818 730.4659 730.4492 730.4303 730.4093
731.4991 731.1797 730.8751 730.6108 730.4084 730.2802 730.2025 730.1566 730.1316 730.1213 730.1208 730.1273 730.1375 730.1502 730.1641 730.1771 730.1871 730.1946 730.2017 730.2087 730.2157 730.2224 730.2287 730.2339 730.2372 730.2402 730.2431 730.2451 730.246 730.2473 730.2502 730.2548 730.259 730.265 730.2684 730.28 730.28 730.28 730.301 730.3181 730.345 730.3745 730.4022 730.4276 730.451 730.4719 730.4901 730.5066 730.5223 730.5376 730.5526 730.5668 730.5795 730.59 730.5977 730.6022 730.6036 730.6021 730.5975 730.5893 730.5776 730.5634 730.5478 730.531 730.5135 730.4955 730.4756 730.4542
731.4988 731.1887 730.8959 730.6373 730.4293 730.2802 730.1935 730.1411 730.1102 730.0938 730.0889 730.0927 730.1029 730.1169 730.1332 730.1495 730.1638 730.1763 730.1874 730.1978 730.2072 730.2158 730.2236 730.2302 730.2357 730.2411 730.2466 730.2507 730.2519 730.2532 730.2571 730.2646 730.2687 730.28 730.28 730.2976 730.3099 730.3224 730.3459 730.3722 730.4034 730.4368 730.4694 730.4995 730.5264 730.5495 730.5691 730.5859 730.6012 730.6155 730.6293 730.642 730.6532 730.6622 730.6682 730.671 730.6705 730.6669 730.6602 730.6501 730.6362 730.6202 730.6031 730.5852 730.5664 730.5475 730.5277 730.5068
731.4875 731.1749 730.888 730.6376 730.4332 730.2802 730.1884 730.129 730.0907 730.0686 730.0594 730.0607 730.0704 730.0861 730.105 730.1248 730.1437 730.1611 730.1769 730.1909 730.2034 730.2148 730.2249 730.2331 730.2395 730.2465 730.2553 730.2625 730.2631 730.2634 730.2672 730.28 730.28 730.2975 730.3125 730.3345 730.3563 730.3792 730.4076 730.4393 730.4741 730.5106 730.5463 730.5794 730.6086 730.6333 730.6536 730.6702 730.6844 730.697 730.7087 730.7195 730.7289 730.7363 730.741 730.7425 730.7406 730.7352 730.7264 730.7144 730.6988 730.6809 730.6625 730.6433 730.6237 730.6044 730.5856 730.5663
731.4347 731.117 730.8412 730.6069 730.4203 730.2805 730.1857 730.1171 730.0703 730.042 730.0295 730.0302 730.0409 730.059 730.0815 730.1055 730.1289 730.1508 730.1707 730.1885 730.2045 730.2192 730.2322 730.2421 730.2479 730.2549 730.2675 730.28 730.28 730.28 730.28 730.2975 730.312 730.3347 730.3595 730.3877 730.4169 730.4475 730.4809 730.5167 730.5543 730.5929 730.6305 730.6653 730.6958 730.7212 730.7416 730.7574 730.7699 730.7802 730.7893 730.7977 730.8054 730.8115 730.8154 730.8161 730.8132 730.8066 730.7961 730.782 730.7646 730.7451 730.7252 730.705 730.6847 730.6656 730.6483 730.6311
731.2344 730.9723 730.738 730.5347 730.38 730.2792 730.1732 730.0942 730.0408 730.009 729.9956 729.9978 730.0121 730.0352 730.063 730.0923 730.1208 730.1472 730.1707 730.1915 730.2103 730.2285 730.2452 730.2577 730.2606 730.2646 730.28 730.2955 730.3035 730.3096 730.3176 730.3365 730.3593 730.3875 730.4192 730.4534 730.4886 730.5249 730.5627 730.6019 730.6418 730.6819 730.7205 730.7557 730.7865 730.8118 730.8314 730.8457 730.8559 730.8635 730.8698 730.8757 730.8817 730.8872 730.8909 730.8917 730.8885 730.881 730.869 730.8528 730.8333 730.812 730.7909 730.7698 730.749 730.7303 730.7147 730.7001
730.9297 730.7573 730.5872 730.4153 730.2806 730.1957 730.1129 730.0441 729.9945 729.965 729.9547 729.9615 729.9822 730.0127 730.0486 730.0854 730.1204 730.1514 730.1782 730.2009 730.2207 730.2415 730.2624 730.28 730.28 730.28 730.3005 730.3216 730.3379 730.3519 730.3677 730.3905 730.4188 730.4521 730.4891 730.5283 730.5684 730.6093 730.6509 730.693 730.7351 730.7761 730.8149 730.85 730.8798 730.9038 730.9218 730.934 730.9415 730.9461 730.9495 730.9531 730.958 730.9635 730.9678 730.9694 730.9664 730.9582 730.9448 730.9266 730.9049 730.8817 730.8589 730.837 730.8159 730.7978 730.7838 730.7719
730.5925 730.5165 730.4243 730.2815 730.1765 730.0989 730.0306 729.974 729.9332 729.9105 729.9069 729.9216 729.9513 729.9918 730.0378 730.0841 730.1268 730.1636 730.194 730.2175 730.2354 730.2574 730.28 730.2997 730.3096 730.3197 730.3406 730.3641 730.3857 730.4061 730.4282 730.4553 730.488 730.5256 730.5667 730.6096 730.6537 730.6985 730.7437 730.7888 730.8328 730.8748 730.9132 730.9471 730.9751 730.9969 731.0124 731.0218 731.0262 731.0278 731.0286 731.0308 731.0351 731.0411 731.0467 731.0493 731.0469 731.0384 731.0234 731.0032 730.9791 730.9536 730.9291 730.9064 730.8851 730.8674 730.8551 730.8448
730.2802 730.2811 730.2759 730.167 730.071 729.9974 729.9382 729.8923 729.8618 729.8489 729.8549 729.8799 729.9211 729.9738 730.0319 730.0889 730.1401 730.183 730.218 730.2433 730.2548 730.28 730.3065 730.3311 730.3511 730.3709 730.3951 730.421 730.4462 730.4708 730.4976 730.5287 730.565 730.6057 730.6497 730.6957 730.7429 730.791 730.8396 730.8877 730.934 730.9767 731.0144 731.0464 731.0719 731.0906 731.1028 731.109 731.1105 731.1095 731.1083 731.1096 731.1141 731.1213 731.1287 731.1327 731.1309 731.1218 731.1053 731.0825 731.0558 731.0281 731.0018 730.9778 730.9563 730.9388 730.9272 730.9183
730.0265 730.0463 730.0549 730.004 729.9414 729.8854 729.8395 729.8054 729.7858 729.7841 729.8019 729.8395 729.8942 729.9608 730.0325 730.1014 730.161 730.2087 730.2487 730.28 730.2801 730.3117 730.3459 730.3776 730.4061 730.4336 730.4619 730.4901 730.5175 730.5449 730.575 730.6091 730.6482 730.6912 730.7371 730.7851 730.8349 730.886 730.9379 730.9891 731.0377 731.0812 731.118 731.1474 731.1695 731.1847 731.1934 731.1966 731.1959 731.193 731.1908 731.1918 731.1972 731.2058 731.2148 731.2202 731.2189 731.209 731.1904 731.1649 731.1355 731.1055 731.0771 731.0519 731.0297 731.0118 730.9999 730.9911
729.8003 729.8259 729.8446 729.832 729.8026 729.7695 729.7403 729.7195 729.7119 729.7217 729.7518 729.8029 729.8719 729.9539 730.041 730.1233 730.1912 730.2396 730.28 730.3152 730.3356 730.3685 730.4055 730.4418 730.4762 730.5089 730.5403 730.5699 730.5983 730.6273 730.6594 730.6958 730.7366 730.781 730.8279 730.8773 730.9292 730.9832 731.0382 731.0924 731.1429 731.187 731.2225 731.2489 731.2671 731.2783 731.284 731.2855 731.2839 731.2806 731.2784 731.2798 731.2861 731.2961 731.3066 731.313 731.3117 731.3005 731.2795 731.2511 731.2186 731.186 731.1557 731.1289 731.1058 731.0865 731.0729 731.0627
729.5974 729.6329 729.6643 729.6772 729.674 729.6623 729.6495 729.6421 729.6463 729.6676 729.7095 729.7728 729.8559 729.9535 730.0569 730.1544 730.2327 730.2801 730.3257 730.3678 730.4039 730.4429 730.4834 730.5233 730.5615 730.5973 730.63 730.6595 730.6876 730.7168 730.7498 730.7875 730.8295 730.8744 730.9219 730.972 731.0256 731.0819 731.1399 731.1967 731.2489 731.2929 731.3265 731.3492 731.363 731.3705 731.3745 731.3765 731.3766 731.3745 731.3729 731.375 731.382 731.3929 731.4043 731.4114 731.4097 731.3966 731.3729 731.3413 731.3057 731.2705 731.238 731.2096 731.1849 731.1635 731.1464 731.1335
729.4318 729.4807 729.5253 729.5556 729.5709 729.5758 729.5768 729.5811 729.5963 729.6281 729.68 729.7534 729.8478 729.9589 730.0774 730.1893 730.2797 730.3303 730.3835 730.4366 730.4856 730.5325 730.5776 730.6208 730.6615 730.6985 730.7306 730.7583 730.7844 730.8125 730.8455 730.8837 730.926 730.9707 731.0182 731.0688 731.1236 731.1821 731.2424 731.3011 731.3544 731.3979 731.429 731.4474 731.4562 731.4603 731.4643 731.4701 731.4755 731.4761 731.4756 731.4779 731.4847 731.4956 731.5073 731.5146 731.5121 731.4962 731.4696 731.4353 731.3969 731.3593 731.3251 731.295 731.2682 731.2433 731.2214 731.2039
729.3225 729.3839 729.4385 729.4786 729.5042 729.5194 729.5304 729.5446 729.5694 729.6102 729.6698 729.7493 729.8504 729.9707 730.0999 730.2156 730.2806 730.3696 730.4503 730.5215 730.5836 730.6387 730.6884 730.7341 730.7758 730.812 730.8416 730.8656 730.8881 730.9138 730.9454 730.983 731.0247 731.0688 731.1158 731.1667 731.2227 731.2826 731.3442 731.4037 731.4569 731.5001 731.5289 731.5421 731.5455 731.5464 731.552 731.5653 731.5815 731.5854 731.5853 731.5869 731.5925 731.6022 731.613 731.6201 731.6169 731.5968 731.5676 731.532 731.4911 731.4514 731.4165 731.3856 731.3567 731.327 731.2988 731.2755
729.2894 729.3582 729.4166 729.4565 729.4822 729.5004 729.5173 729.5391 729.5724 729.6216 729.6865 729.767 729.8684 729.9937 730.1351 730.2783 730.3558 730.4522 730.5477 730.632 730.7036 730.7642 730.8167 730.863 730.9036 730.9368 730.9618 730.9805 730.998 731.02 731.0492 731.085 731.1249 731.1676 731.2136 731.2645 731.321 731.3817 731.4431 731.5018 731.554 731.5973 731.6257 731.6332 731.6309 731.6285 731.6356 731.6586 731.6943 731.6993 731.6985 731.6989 731.7021 731.7084 731.7162 731.7219 731.7195 731.6919 731.6623 731.6293 731.586 731.5452 731.5114 731.4822 731.4521 731.4161 731.3801 731.3503
729.3508 729.4203 729.4729 729.4987 729.5125 729.5259 729.5441 729.5713 729.6127 729.6708 729.7408 729.816 729.9095 730.0319 730.1638 730.2826 730.4308 730.5651 730.6794 730.773 730.8488 730.9107 730.9628 731.0073 731.0442 731.0719 731.0901 731.1017 731.1129 731.13 731.1555 731.1882 731.2253 731.2656 731.3103 731.3607 731.4171 731.4771 731.5366 731.5922 731.6412 731.6863 731.7198 731.7219 731.7157 731.7112 731.7164 731.7425 731.8092 731.8101 731.81 731.81 731.81 731.81 731.81 731.8101 731.8098 731.7684 731.7457 731.7238 731.6768 731.6368 731.6083 731.5853 731.5574 731.5118 731.4671 731.4321
729.5254 729.5869 729.6224 729.6129 729.6003 729.6027 729.6188 729.6486 729.6965 729.7662 729.8467 729.9094 729.9899 730.1246 730.2796 730.4291 730.591 730.7374 730.8563 730.9487 731.0205 731.0776 731.1252 731.165 731.1958 731.2152 731.2241 731.2269 731.2307 731.2419 731.2628 731.2914 731.3248 731.3619 731.4047 731.4542 731.5095 731.5676 731.6226 731.6721 731.713 731.7609 731.8097 731.8101 731.8101 731.8101 731.8099 731.8115 731.8826 731.9106 731.9186 731.9185 731.9143 731.9034 731.8888 731.8732 731.8508 731.8101 731.81 731.8096 731.7546 731.7233 731.7063 731.6951 731.6763 731.6136 731.5617 731.5266
729.8348 729.8744 729.8807 729.8009 729.7501 729.7401 729.7528 729.7803 729.8292 729.9121 730.0202 730.0594 730.1143 730.279 730.4679 730.6494 730.8208 730.9675 731.077 731.1558 731.2144 731.2607 731.2998 731.3323 731.3549 731.3632 731.3606 731.3528 731.3481 731.353 731.3687 731.3923 731.4211 731.4548 731.496 731.5444 731.5973 731.6526 731.6998 731.7428 731.7653 731.81 731.8677 731.9052 731.9355 731.959 731.9727 731.9823 732.0193 732.0399 732.0446 732.0367 732.0251 732.0005 731.9661 731.9337 731.903 731.8727 731.8627 731.8502 731.8104 731.8099 731.8101 731.8103 731.8083 731.7158 731.6691 731.6453
730.3076 730.2917 730.2512 730.0519 729.9673 729.9547 729.9641 729.9814 730.0157 730.0986 730.2676 730.28 730.2982 730.5074 730.7328 730.9305 731.1019 731.2418 731.3284 731.3823 731.42 731.4507 731.4786 731.5026 731.5161 731.5095 731.4939 731.4746 731.4613 731.46 731.4705 731.4889 731.5123 731.5428 731.5836 731.6315 731.679 731.7326 731.7654 731.8098 731.8102 731.8653 731.9447 732.0234 732.0938 732.1476 732.1788 732.1886 732.1967 732.199 732.196 732.1807 732.1547 732.1105 732.0503 731.9984 731.9626 731.9409 731.9331 731.9297 731.9225 731.9323 731.9406 731.9363 731.9032 731.8135 731.8098 731.8102
731.005 730.8397 730.6387 730.3556 730.2842 730.277 730.2785 730.2797 730.2806 730.3057 730.4897 730.5913 730.6849 730.8741 731.0846 731.2562 731.4048 731.536 731.5862 731.6085 731.6232 731.6368 731.6516 731.666 731.6718 731.6446 731.6171 731.5865 731.5659 731.5601 731.5663 731.5791 731.5963 731.6232 731.6667 731.7175 731.7511 731.8096 731.8103 731.8478 731.8778 731.9489 732.0569 732.1788 732.2911 732.3731 732.4124 732.4106 732.3911 732.3783 732.3778 732.3657 732.3214 732.2433 732.1468 732.0688 732.0269 732.0155 732.024 732.0437 732.0654 732.0912 732.1118 732.1165 732.0946 732.05 732.046 732.0536
731.7095 731.4247 731.2115 730.9988 730.8218 730.7324 730.7054 730.7086 730.7239 730.7676 730.8909 731.001 731.1161 731.2814 731.4662 731.5721 731.6685 731.8037 731.8106 731.8101 731.8101 731.8101 731.81 731.8101 731.8091 731.7516 731.7229 731.682 731.6578 731.6509 731.6549 731.6625 731.672 731.6927 731.7438 731.8093 731.8112 731.8722 731.8966 731.927 731.9722 732.0637 732.2056 732.3736 732.5288 732.6344 732.6709 732.6409 732.5841 732.5663 732.5984 732.6215 732.5466 732.4136 732.2653 732.1526 732.1004 732.1003 732.1318 732.1819 732.2338 732.2827 732.3236 732.349 732.3519 732.3403 732.343 732.3549
732.0511 731.848 731.7856 731.6917 731.4254 731.2736 731.2272 731.2341 731.2584 731.2977 731.365 731.4342 731.5129 731.6291 731.7985 731.8098 731.8132 731.9177 731.9596 731.9752 731.9796 731.9734 731.9548 731.9244 731.88 731.8107 731.8095 731.7561 731.736 731.7327 731.7365 731.74 731.7412 731.7499 731.8104 731.9005 731.9513 732.0016 732.0251 732.0468 732.0963 732.2056 732.3818 732.5969 732.7955 732.9197 732.9459 732.8804 732.7681 732.7596 732.8788 733.0051 732.8613 732.6401 732.4241 732.2694 732.2 732.2037 732.2543 732.3327 732.4152 732.4934 732.5614 732.6124 732.6418 732.6553 732.6697 732.6868
732.4852 732.3571 732.2849 732.1998 732.0132 731.8804 731.818 731.8018 731.7999 731.8009 731.8053 731.8072 731.8073 731.8118 731.9089 731.9408 731.9626 732.0308 732.085 732.1221 732.1426 732.1392 732.1057 732.0496 731.981 731.9106 731.8693 731.8106 731.8099 731.8099 731.8099 731.8099 731.8099 731.8106 731.9086 732.0289 732.1166 732.1677 732.1816 732.1893 732.234 732.3542 732.5601 732.8201 733.0585 733.1873 733.2037 733.1229 732.9421 732.9785 733.2695 733.6119 733.2935 732.9503 732.6609 732.4539 732.3488 732.337 732.3867 732.4801 732.5892 732.7009 732.8005 732.8798 732.9367 732.9755 733.0049 733.0277
733.2241 733.0704 732.9235 732.8788 732.977 732.7239 732.4846 732.3373 732.2434 732.1691 732.111 732.0504 731.9847 731.9345 731.979 732.0203 732.0643 732.1311 732.2025 732.2688 732.3179 732.3285 732.2836 732.2056 732.1194 732.0432 731.986 731.9347 731.9105 731.8876 731.8641 731.8502 731.8589 731.906 732.0275 732.1721 732.284 732.3384 732.3403 732.3289 732.359 732.4779 732.7009 732.9951 733.2588 733.3315 733.3293 733.3248 733.1321 733.3149 733.9455 734.4755 733.8466 733.4001 733.0514 732.7687 732.5771 732.5036 732.5146 732.6003 732.7303 732.8792 733.0152 733.1276 733.2181 733.2877 733.3354 733.3611
734.462 734.1602 733.7548 733.5204 733.861 733.3925 733.027 732.7942 732.6273 732.4717 732.346 732.2322 732.125 732.0455 732.0443 732.077 732.1344 732.2174 732.3195 732.4293 732.525 732.5663 732.5063 732.4037 732.3006 732.2177 732.149 732.089 732.0377 731.9823 731.9266 731.8921 731.9047 731.9835 732.1313 732.3003 732.4313 732.4888 732.4774 732.4434 732.4513 732.5545 732.7725 733.074 733.3314 733.1193 733.0267 733.1912 733.5471 733.9828 734.5632 735.0231 734.7719 734.1747 733.7331 733.3015 732.9264 732.717 732.6204 732.6655 732.8148 733.0084 733.1896 733.3469 733.4829 733.5906 733.6561 733.6752
736.3679 735.7792 734.9581 734.1206 733.538 733.4795 733.338 733.1603 732.9714 732.741 732.5448 732.3818 732.2465 732.1509 732.1064 732.1267 732.1957 732.3044 732.4484 732.6161 732.7808 732.8832 732.7844 732.6496 732.5295 732.4446 732.3563 732.2694 732.1862 732.0972 732.0081 731.9481 731.9534 732.0454 732.2134 732.4048 732.5529 732.6122 732.5851 732.5272 732.5142 732.6002 732.7963 733.0674 733.3267 733.2105 733.7348 734.2143 734.5565 734.9344 735.3907 735.9261 735.9434 735.4572 734.8246 734.1003 733.4595 733.0443 732.7269 732.6792 732.8477 733.0959 733.3346 733.5527 733.7478 733.8964 733.9683 733.9594
738.5876 737.7803 736.6313 735.407 734.3933 734.0664 733.8007 733.5422 733.276 732.9414 732.6822 732.4832 732.329 732.2068 732.1644 732.1997 732.2896 732.4277 732.6166 732.8448 733.09 733.314 733.1129 732.9451 732.8077 732.7392 732.609 732.4702 732.3467 732.2256 732.1066 732.0205 732.0106 732.1027 732.2834 732.4958 732.6628 732.7247 732.6776 732.5986 732.584 732.6937 732.918 733.184 733.4423 734.0602 734.9025 735.5458 735.8347 736.0965 736.5974 737.1311 737.2997 736.8124 736.0042 735.1447 734.3851 733.6966 732.9851 732.746 732.9144 733.21 733.5054 733.7902 734.0484 734.2244 734.2721 734.1998
740.8415 739.9579 738.6036 737.0778 735.6529 734.9606 734.3646 733.8624 733.3116 732.8967 732.6482 732.489 732.3732 732.3021 732.3065 732.3842 732.4977 732.6537 732.8785 733.1503 733.4374 733.8405 733.475 733.314 733.133 733.12 732.8928 732.6724 732.5055 732.3566 732.2124 732.1025 732.0746 732.1608 732.3517 732.5899 732.787 732.8589 732.7826 732.6851 732.7059 732.9349 733.3748 733.9576 734.5984 735.4623 736.3206 736.8351 737.0119 737.234 737.8517 738.3983 738.569 737.983 737.121 736.3654 735.6833 734.9537 733.9045 733.1714 733.2286 733.4948 733.7985 734.1222 734.425 734.587 734.5546 734.3727
742.7516 741.9971 740.6324 738.9082 737.1044 735.5728 734.7429 734.0447 733.3761 732.9761 732.8234 732.7405 732.6636 732.6355 732.6924 732.8293 732.9482 733.0818 733.3226 733.638 733.9703 734.2419 734.1089 733.8711 733.5165 733.5689 733.1376 732.8365 732.6515 732.4849 732.3166 732.1826 732.1366 732.2165 732.4204 732.6964 732.9471 733.0518 732.9247 732.8026 732.8837 733.3069 734.1025 735.0411 736.0263 736.9773 737.7213 738.0074 738.0624 738.2322 -9999 739.3025 739.347 738.8021 738.014 737.4775 737.2233 736.688 735.5612 734.4674 734.076 734.1206 734.3088 734.5936 734.8975 734.9731 734.7817 734.441
744.0117 743.6842 742.6102 740.8889 738.9451 737.162 735.8192 734.8004 733.9023 733.4984 733.5232 733.5249 733.4348 733.4077 733.5038 733.7254 733.8131 733.8354 734.0093 734.2881 734.6476 734.9431 735.0248 734.8053 734.2391 733.6624 733.1922 732.9395 732.8032 732.6224 732.418 732.2529 732.1876 732.2631 732.4843 732.8092 733.14 733.3167 733.1136 732.9691 733.1114 733.7349 734.8823 736.158 737.369 738.2773 738.8307 738.9621 -9999 -9999 -9999 -9999 -9999 739.2515 738.6049 738.3375 738.6696 738.5592 737.58 736.3184 735.3879 735.1437 735.0659 735.1848 735.4515 735.3438 734.9012 734.3654
