backend/lakes/data/Cooking Lake/cook_dem_tm.asc
ncols         283
nrows         205
xllcorner     623250
yllcorner     5915100
cellsize      50
NODATA_value  -9999
[rows 90 to 119 of 205, columns 204 to 271 of 283]
734.7241 733.8527 733.4954 733.1512 732.9319 732.9596 733.2104 733.5314 733.6713 733.8187 733.9544 733.9487 733.8451 733.8557 734.129 734.7037 735.6083 736.9076 738.2458 739.3665 740.4479 741.499 742.1749 742.6291 742.7468 742.7274 742.3863 741.1232 739.7753 739.0704 738.8495 738.7839 738.756 738.769 739.0557 -9999 -9999 -9999 -9999 -9999 -9999 -9999 -9999 -9999 -9999 -9999 -9999 -9999 -9999 -9999 -9999 -9999 -9999 -9999 -9999 -9999 -9999 -9999 -9999 -9999 -9999 -9999 -9999 -9999 -9999 -9999 -9999 -9999
734.8312 733.7263 733.1324 732.7833 732.6002 732.6432 732.8984 733.1971 733.2608 733.2642 733.2269 733.107 732.9503 732.8946 733.0475 733.4695 734.2045 735.1951 736.2379 737.1541 738.0026 739.299 740.3654 741.2651 741.6967 741.8052 741.5531 740.7404 739.7625 739.0715 738.9977 739 738.9973 738.9552 739.2457 740.0807 -9999 -9999 -9999 -9999 -9999 -9999 -9999 -9999 -9999 -9999 -9999 -9999 -9999 -9999 -9999 -9999 -9999 -9999 -9999 -9999 -9999 -9999 -9999 -9999 -9999 -9999 -9999 -9999 -9999 -9999 -9999 -9999
734.7126 733.5496 732.8772 732.5286 732.3792 732.4321 732.6697 732.9161 732.8898 732.7889 732.6509 732.464 732.2798 732.2149 732.2801 732.5444 733.1111 733.8562 734.6808 735.4807 736.3127 737.3683 738.3337 739.0057 739.3367 739.4291 739.3922 739.1598 738.7238 738.5365 738.621 738.7573 738.9747 739.2092 739.8243 740.4319 -9999 -9999 -9999 -9999 -9999 -9999 -9999 -9999 -9999 -9999 -9999 -9999 -9999 -9999 -9999 -9999 -9999 -9999 -9999 -9999 -9999 -9999 -9999 -9999 -9999 -9999 -9999 -9999 -9999 -9999 -9999 -9999
734.7521 733.4907 732.7606 732.3991 732.2797 732.3281 732.5269 732.6895 732.5878 732.4279 732.2424 732.0238 731.8268 731.7992 731.7933 731.8727 732.2915 732.8057 733.4661 734.1533 734.8928 735.6857 736.4675 736.9592 736.6515 736.5096 736.6076 736.8802 736.955 737.273 737.6237 738.0305 738.7728 739.6845 740.2363 740.6755 741.0272 -9999 -9999 -9999 -9999 -9999 -9999 -9999 -9999 -9999 -9999 -9999 -9999 -9999 -9999 -9999 -9999 -9999 -9999 -9999 -9999 -9999 -9999 -9999 -9999 -9999 -9999 -9999 -9999 -9999 -9999 -9999
735.063 733.6077 732.796 732.4053 732.2758 732.308 732.4464 732.4669 732.3547 732.1974 732.0199 731.8135 731.6415 731.5485 731.4873 731.5175 731.7538 731.9784 732.4795 732.9998 733.597 734.1553 734.7448 735.1212 734.8197 734.6355 734.7589 735.0704 735.0516 735.1245 735.6049 736.5682 737.8761 739.3069 740.1917 740.7943 741.1306 741.6615 -9999 -9999 -9999 -9999 -9999 -9999 -9999 -9999 -9999 -9999 -9999 -9999 -9999 -9999 -9999 -9999 -9999 -9999 -9999 -9999 -9999 -9999 -9999 -9999 -9999 -9999 -9999 -9999 -9999 -9999
735.5227 733.8541 732.9978 732.5751 732.3779 732.3301 732.3541 732.3289 732.2314 732.0981 731.9584 731.8073 731.6027 731.4429 731.3184 731.2617 731.3262 731.4547 731.7349 731.9473 732.2731 732.7516 733.1848 733.4781 733.2583 733.1198 733.2119 733.4329 733.3655 733.4698 734.0598 735.054 736.5103 738.2419 739.7203 740.8716 741.566 742.0333 742.3306 -9999 -9999 -9999 -9999 -9999 -9999 -9999 -9999 -9999 -9999 -9999 -9999 -9999 -9999 -9999 -9999 -9999 -9999 -9999 -9999 -9999 -9999 -9999 -9999 -9999 -9999 -9999 -9999 -9999
736.1165 734.3683 733.4412 732.9156 732.6246 732.4645 732.3836 732.3104 732.2109 732.0865 731.955 731.8087 731.5931 731.3962 731.2273 731.0914 731.031 731.0453 731.1478 731.2592 731.4735 731.7523 731.9155 732.0125 731.9354 731.8825 731.9065 731.9538 731.8981 731.968 732.4324 733.453 734.9388 736.7299 738.8425 740.5597 741.7758 742.3644 742.6025 742.4814 -9999 -9999 -9999 -9999 -9999 -9999 -9999 -9999 -9999 -9999 -9999 -9999 -9999 -9999 -9999 -9999 -9999 -9999 -9999 -9999 -9999 -9999 -9999 -9999 -9999 -9999 -9999 -9999
736.6021 735.095 734.0098 733.3502 732.9408 732.6803 732.5092 732.3806 732.2545 732.1169 731.9709 731.8087 731.5865 731.3716 731.1787 730.9921 730.8455 730.7672 730.7581 730.7957 730.8987 731.0678 731.1735 731.2424 731.2482 731.2325 731.2018 731.1324 731.0255 731.0346 731.3688 732.1905 733.6324 735.5657 737.6869 739.6286 741.349 742.2948 742.6594 742.5353 742.0408 -9999 -9999 -9999 -9999 -9999 -9999 -9999 -9999 -9999 -9999 -9999 -9999 -9999 -9999 -9999 -9999 -9999 -9999 -9999 -9999 -9999 -9999 -9999 -9999 -9999 -9999 -9999
736.9497 735.6311 734.432 733.6858 733.211 732.8856 732.6523 732.4744 732.3156 732.1554 731.9887 731.8089 731.582 731.364 731.1575 730.9505 730.7497 730.6083 730.5311 730.5082 730.545 730.6366 730.7584 730.8772 730.9645 730.9969 730.9488 730.8165 730.6484 730.5791 730.7826 731.4163 732.6017 734.4666 736.5245 738.1293 740.3812 741.8638 742.4607 742.358 741.7888 -9999 -9999 -9999 -9999 -9999 -9999 -9999 -9999 -9999 -9999 -9999 -9999 -9999 -9999 -9999 -9999 -9999 -9999 -9999 -9999 -9999 -9999 -9999 -9999 -9999 -9999 -9999
737.0717 736.1339 734.717 733.9108 733.3789 733.0243 732.76 732.5474 732.3602 732.179 731.9981 731.8093 731.5911 731.3783 731.1646 730.9437 730.7191 730.5367 730.4233 730.361 730.3521 730.4092 730.5339 730.707 730.8777 730.9828 730.9681 730.8282 730.6256 730.4913 730.585 731.0558 732.0152 733.5502 735.2759 736.9562 739.4241 741.3638 742.1142 741.9391 741.0757 -9999 -9999 -9999 -9999 -9999 -9999 -9999 -9999 -9999 -9999 -9999 -9999 -9999 -9999 -9999 -9999 -9999 -9999 -9999 -9999 -9999 -9999 -9999 -9999 -9999 -9999 -9999
736.6436 736.0797 735.2679 734.1511 733.4708 733.099 732.83 732.5999 732.3915 732.1912 731.9969 731.8094 731.6262 731.4194 731.2043 730.9634 730.7198 730.5098 730.3774 730.3015 730.2681 730.2981 730.4157 730.615 730.8442 731.0244 731.0793 730.9846 730.7958 730.635 730.6584 731.0134 731.8033 733.047 734.5802 736.3588 738.6055 740.7755 741.719 741.4915 740.4276 -9999 -9999 -9999 -9999 -9999 -9999 -9999 -9999 -9999 -9999 -9999 -9999 -9999 -9999 -9999 -9999 -9999 -9999 -9999 -9999 -9999 -9999 -9999 -9999 -9999 -9999 -9999
735.3504 735.3011 734.9202 734.1493 733.4535 733.135 732.8799 732.6416 732.4204 732.2107 732.0071 731.8134 731.6932 731.4996 731.2637 731.0065 730.7353 730.5029 730.3457 730.2679 730.2311 730.2418 730.3356 730.5242 730.7737 731.0101 731.1482 731.1387 731.0124 730.8733 730.8635 731.1302 731.7788 732.8094 734.1886 735.8961 737.9677 740.2252 741.4366 741.2539 740.0075 -9999 -9999 -9999 -9999 -9999 -9999 -9999 -9999 -9999 -9999 -9999 -9999 -9999 -9999 -9999 -9999 -9999 -9999 -9999 -9999 -9999 -9999 -9999 -9999 -9999 -9999 -9999
733.738 734.1097 734.1857 733.9843 733.6371 733.2366 732.9255 732.6669 732.4427 732.2435 732.0639 731.9139 731.8069 731.5941 731.3376 731.0544 730.7598 730.4984 730.3234 730.2336 730.1986 730.199 730.2604 730.4086 730.6337 730.8879 731.0953 731.1897 731.1656 731.0938 731.0909 731.2867 731.7993 732.6857 733.9301 735.4941 737.3837 739.5906 741.0965 740.79 739.4257 -9999 -9999 -9999 -9999 -9999 -9999 -9999 -9999 -9999 -9999 -9999 -9999 -9999 -9999 -9999 -9999 -9999 -9999 -9999 -9999 -9999 -9999 -9999 -9999 -9999 -9999 -9999
732.5265 732.9591 733.35 733.6119 733.53 733.1791 732.8826 732.6369 732.4315 732.2574 732.1009 731.9561 731.8109 731.6237 731.3804 731.0929 730.7843 730.4996 730.3013 730.2052 730.1715 730.1655 730.1937 730.2849 730.4511 730.6784 730.9203 731.1094 731.2081 731.24 731.2843 731.4387 731.8178 732.5992 733.7258 735.1317 736.8011 738.7603 740.2308 740.1292 738.9149 -9999 -9999 -9999 -9999 -9999 -9999 -9999 -9999 -9999 -9999 -9999 -9999 -9999 -9999 -9999 -9999 -9999 -9999 -9999 -9999 -9999 -9999 -9999 -9999 -9999 -9999 -9999
731.768 732.0217 732.5159 732.99 733.2234 732.9973 732.7418 732.5364 732.3745 732.2396 732.1116 731.9728 731.8103 731.621 731.3836 731.1035 730.7964 730.5046 730.2905 730.1858 730.1577 730.1559 730.1626 730.1978 730.2894 730.4541 730.6859 730.9374 731.1512 731.3096 731.4418 731.6019 731.8495 732.5208 733.5266 734.8157 736.0103 737.8451 739.3652 739.8959 738.7916 -9999 -9999 -9999 -9999 -9999 -9999 -9999 -9999 -9999 -9999 -9999 -9999 -9999 -9999 -9999 -9999 -9999 -9999 -9999 -9999 -9999 -9999 -9999 -9999 -9999 -9999 -9999
731.389 731.5485 731.8701 732.2906 732.5139 732.5327 732.4458 732.3527 732.2679 732.191 732.1029 731.9797 731.8103 731.6003 731.348 731.0688 730.7777 730.5015 730.2927 730.1862 730.163 730.1709 730.1752 730.1766 730.2048 730.2972 730.4822 730.7502 731.0453 731.3191 731.5635 731.7994 731.9677 732.4118 733.1348 734.0673 735.1125 736.9833 738.6783 739.5565 738.6478 -9999 -9999 -9999 -9999 -9999 -9999 -9999 -9999 -9999 -9999 -9999 -9999 -9999 -9999 -9999 -9999 -9999 -9999 -9999 -9999 -9999 -9999 -9999 -9999 -9999 -9999 -9999
731.2777 731.3434 731.5358 731.7899 731.8813 732.0618 732.1014 732.1306 732.1296 732.1207 732.0781 731.9793 731.8117 731.5703 731.2804 730.985 730.7097 730.4711 730.3007 730.2097 730.1904 730.2048 730.2167 730.2118 730.2072 730.2468 730.3781 730.6232 730.9483 731.2848 731.5804 731.8099 731.97 732.2703 732.7999 733.5863 734.7034 736.3674 737.9464 738.587 737.8733 738.5704 -9999 -9999 -9999 -9999 -9999 -9999 -9999 -9999 -9999 -9999 -9999 -9999 -9999 -9999 -9999 -9999 -9999 -9999 -9999 -9999 -9999 -9999 -9999 -9999 -9999 -9999
731.2869 731.2711 731.3584 731.5027 731.6242 731.7989 731.8193 731.9309 731.974 732.0304 732.0295 731.9474 731.8024 731.5076 731.1758 730.8557 730.59 730.3972 730.3009 730.2493 730.2363 730.2462 730.2631 730.2673 730.2637 730.2859 730.3862 730.5995 730.9152 731.2687 731.5832 731.8088 731.9357 732.1415 732.5433 733.2318 734.3268 735.9744 737.4152 737.6182 738.6555 739.1697 -9999 -9999 -9999 -9999 -9999 -9999 -9999 -9999 -9999 -9999 -9999 -9999 -9999 -9999 -9999 -9999 -9999 -9999 -9999 -9999 -9999 -9999 -9999 -9999 -9999 -9999
731.3137 731.2455 731.2615 731.3369 731.4417 731.5779 731.674 731.8054 731.8141 731.9238 731.939 731.8115 731.6178 731.3276 731.0006 730.6847 730.4333 730.2816 730.2799 730.28 730.28 730.2794 730.2935 730.306 730.3219 730.3646 730.4692 730.6708 730.9677 731.3083 731.6101 731.8087 731.9064 732.0565 732.3778 732.9825 734.009 735.7637 737.4077 738.5453 739.4956 739.9113 -9999 -9999 -9999 -9999 -9999 -9999 -9999 -9999 -9999 -9999 -9999 -9999 -9999 -9999 -9999 -9999 -9999 -9999 -9999 -9999 -9999 -9999 -9999 -9999 -9999 -9999
731.2981 731.2095 731.1836 731.2123 731.2827 731.3867 731.4954 731.6152 731.6934 731.8061 731.8019 731.6125 731.3614 731.0684 730.7644 730.4855 730.2812 730.1921 730.2054 730.2368 730.2621 730.28 730.2987 730.3098 730.3446 730.4294 730.5743 730.7928 731.0841 731.4072 731.6798 731.8109 731.9041 732.0403 732.3364 732.911 733.9008 735.5764 737.2384 738.6671 739.7208 740.0251 -9999 -9999 -9999 -9999 -9999 -9999 -9999 -9999 -9999 -9999 -9999 -9999 -9999 -9999 -9999 -9999 -9999 -9999 -9999 -9999 -9999 -9999 -9999 -9999 -9999 -9999
731.2145 731.132 731.0894 731.0875 731.1241 731.1948 731.2848 731.3813 731.4581 731.5133 731.4696 731.2957 731.054 730.7761 730.5062 730.2822 730.1497 730.1039 730.1262 730.1706 730.2122 730.2466 730.2799 730.28 730.3245 730.4615 730.666 730.9229 731.2227 731.5363 731.8042 731.886 731.9551 732.0929 732.399 732.9772 733.9324 735.2545 736.6532 737.9791 739.0204 -9999 -9999 -9999 -9999 -9999 -9999 -9999 -9999 -9999 -9999 -9999 -9999 -9999 -9999 -9999 -9999 -9999 -9999 -9999 -9999 -9999 -9999 -9999 -9999 -9999 -9999 -9999
731.0679 731.0068 730.9655 730.9482 730.9584 730.9971 731.0558 731.1186 731.1616 731.1647 731.0891 730.9337 730.7386 730.5029 730.2821 730.1285 730.0468 730.0298 730.0587 730.1044 730.1466 730.1793 730.2041 730.2207 730.2805 730.4819 730.75 731.0439 731.343 731.614 731.8099 731.9132 732.0076 732.1785 732.5096 733.0605 733.855 734.9716 736.1107 737.2311 738.2596 -9999 -9999 -9999 -9999 -9999 -9999 -9999 -9999 -9999 -9999 -9999 -9999 -9999 -9999 -9999 -9999 -9999 -9999 -9999 -9999 -9999 -9999 -9999 -9999 -9999 -9999 -9999
730.8832 730.8468 730.8165 730.7958 730.7899 730.8029 730.8304 730.858 730.8645 730.828 730.7289 730.5834 730.465 730.2823 730.1266 730.0227 729.9772 729.9811 730.0157 730.0581 730.0942 730.1229 730.1529 730.2042 730.285 730.5508 730.8635 731.1765 731.4657 731.6938 731.8112 731.9286 732.0645 732.2975 732.7034 733.32 734.1082 735.0325 735.984 736.9828 738.0034 -9999 -9999 -9999 -9999 -9999 -9999 -9999 -9999 -9999 -9999 -9999 -9999 -9999 -9999 -9999 -9999 -9999 -9999 -9999 -9999 -9999 -9999 -9999 -9999 -9999 -9999 -9999
730.6937 730.6752 730.6574 730.6411 730.6294 730.6262 730.6301 730.6296 730.6089 730.5555 730.4381 730.29 730.2743 730.1414 730.0251 729.9579 729.9423 729.9656 730.0078 730.0486 730.0776 730.1041 730.1467 730.2761 730.4426 730.7277 731.0376 731.3342 731.6013 731.8068 731.8697 731.9635 732.1327 732.4427 732.9668 733.7391 734.695 735.4807 736.2247 737.0641 737.9818 -9999 -9999 -9999 -9999 -9999 -9999 -9999 -9999 -9999 -9999 -9999 -9999 -9999 -9999 -9999 -9999 -9999 -9999 -9999 -9999 -9999 -9999 -9999 -9999 -9999 -9999 -9999
730.5272 730.5149 730.5065 730.4974 730.4874 730.4788 730.4701 730.4528 730.4167 730.3802 730.2797 730.1585 730.103 730.0189 729.9517 729.9248 729.9402 729.9857 730.0405 730.0849 730.1097 730.1379 730.1516 730.297 730.6323 730.9795 731.2602 731.4968 731.6985 731.8102 731.873 731.9836 732.2036 732.5999 733.2563 734.237 735.3104 736.1912 736.9521 737.4989 -9999 -9999 -9999 -9999 -9999 -9999 -9999 -9999 -9999 -9999 -9999 -9999 -9999 -9999 -9999 -9999 -9999 -9999 -9999 -9999 -9999 -9999 -9999 -9999 -9999 -9999 -9999 -9999
730.4003 730.3807 730.3778 730.3756 730.3711 730.365 730.3558 730.3339 730.281 730.279 730.1814 730.0699 729.994 729.9359 729.9089 729.9219 729.9697 730.0399 730.1116 730.168 730.1936 730.2759 730.2973 730.5772 730.9807 731.3419 731.5308 731.6659 731.808 731.8392 731.8867 732.0267 732.3096 732.7895 733.5529 734.8051 736.0314 737.0605 737.7747 738.0096 -9999 -9999 -9999 -9999 -9999 -9999 -9999 -9999 -9999 -9999 -9999 -9999 -9999 -9999 -9999 -9999 -9999 -9999 -9999 -9999 -9999 -9999 -9999 -9999 -9999 -9999 -9999 -9999
730.3188 730.2803 730.28 730.28 730.28 730.28 730.2801 730.2798 730.2283 730.1885 730.1024 730.0034 729.9294 729.8913 729.8969 729.9453 730.0239 730.1174 730.2038 730.2787 730.2833 730.4382 730.6354 730.9877 731.4146 731.7665 731.8107 731.8136 731.8741 731.8984 731.9649 732.1572 732.5278 733.109 733.9532 735.2742 736.533 737.5962 738.0861 738.2109 -9999 -9999 -9999 -9999 -9999 -9999 -9999 -9999 -9999 -9999 -9999 -9999 -9999 -9999 -9999 -9999 -9999 -9999 -9999 -9999 -9999 -9999 -9999 -9999 -9999 -9999 -9999 -9999
730.2798 730.2352 730.2147 730.2073 730.2059 730.2073 730.2093 730.2053 730.1709 730.1227 730.0464 729.9603 729.8976 729.8787 729.9099 729.986 730.0902 730.2004 730.28 730.3586 730.4562 730.6802 730.998 731.3954 731.7883 732.0222 732.0703 732.0704 732.0873 732.1075 732.1951 732.4435 732.9258 733.651 734.5961 735.5383 736.3324 737.2181 737.8998 -9999 -9999 -9999 -9999 -9999 -9999 -9999 -9999 -9999 -9999 -9999 -9999 -9999 -9999 -9999 -9999 -9999 -9999 -9999 -9999 -9999 -9999 -9999 -9999 -9999 -9999 -9999 -9999 -9999
730.2032 730.1737 730.153 730.1437 730.1417 730.1428 730.1442 730.1398 730.1174 730.0762 730.0125 729.9415 729.8934 729.8917 729.942 730.0345 730.153 730.2787 730.3473 730.4467 730.6266 730.9361 731.3561 731.7921 732.1395 732.3479 732.4396 732.4965 732.5336 732.5636 732.6583 732.9357 733.5145 734.4014 735.0406 735.8354 736.4136 737.0134 737.5074 -9999 -9999 -9999 -9999 -9999 -9999 -9999 -9999 -9999 -9999 -9999 -9999 -9999 -9999 -9999 -9999 -9999 -9999 -9999 -9999 -9999 -9999 -9999 -9999 -9999 -9999 -9999 -9999 -9999
730.1279 730.1071 730.0914 730.0848 730.0847 730.0874 730.0899 730.089 730.0771 730.0483 730.0006 729.9469 729.9152 729.9281 729.9908 730.0871 730.1912 730.2809 730.3926 730.541 730.7933 731.1874 731.7256 732.2477 732.6664 732.9216 733.0814 733.2354 733.3248 733.3738 733.46 733.7096 734.2793 734.8647 735.2928 736.0068 736.5558 736.9984 737.2968 -9999 -9999 -9999 -9999 -9999 -9999 -9999 -9999 -9999 -9999 -9999 -9999 -9999 -9999 -9999 -9999 -9999 -9999 -9999 -9999 -9999 -9999 -9999 -9999 -9999 -9999 -9999 -9999 -9999
