backend/lakes/data/Charron Lake/char_dem_tm.asc
ncols         166
nrows         151
xllcorner     655500
yllcorner     6074250
cellsize      50
NODATA_value  -9999
[rows 62 to 92 of 151, columns 70 to 139 of 166]
578.4512 576.7695 575.4111 574.3948 573.6718 573.0969 572.6391 572.3199 572.1648 572.0448 571.9648 571.9269 571.9276 571.9561 571.9899 571.9937 571.9722 571.9273 571.8632 571.7888 571.7203 571.6797 571.6279 571.584 571.5428 571.504 571.4694 571.4401 571.417 571.3996 571.3875 571.38 571.3646 571.3438 571.3171 571.2858 571.2512 571.213 571.1708 571.1267 571.088 571.07 571.0789 571.0861 571.0879 571.0701 571.03 570.9392 570.8684 570.8622 570.9388 571.1034 571.4029 571.6656 571.9529 572.3633 572.9743 573.6016 574.1237 574.803 575.835 577.1735 578.5271 579.5466 579.8926 579.566 579.0913 -9999 -9999 -9999
577.4604 575.9443 574.8189 573.9872 573.3833 572.8663 572.4916 572.2878 572.1722 572.0857 572.0178 571.9755 571.9647 571.9791 571.99 571.98 571.9487 571.8975 571.8301 571.7537 571.6804 571.6462 571.6053 571.5642 571.525 571.4883 571.4559 571.4289 571.408 571.3921 571.38 571.3737 571.3605 571.3408 571.3158 571.2878 571.2586 571.2285 571.1964 571.1617 571.1285 571.1067 571.1025 571.1045 571.1049 571.0953 571.0687 570.958 570.8992 570.9388 571.0929 571.3654 571.6421 571.8458 572.1497 572.6191 573.2384 573.8262 574.4891 575.4489 576.7342 578.1299 579.2875 580.0579 580.2888 579.9349 579.3052 -9999 -9999 -9999
576.4035 575.2548 574.4081 573.7021 573.1121 572.6453 572.376 572.2891 572.2294 572.1621 572.0871 572.024 571.99 571.99 571.9796 571.9586 571.9229 571.8718 571.809 571.7415 571.6799 571.6335 571.5906 571.5496 571.5111 571.4755 571.4445 571.4196 571.4014 571.3888 571.38 571.3723 571.36 571.3419 571.3199 571.2969 571.2751 571.2554 571.2352 571.2095 571.1772 571.1447 571.1235 571.1115 571.0977 571.0698 571.0193 570.9504 570.9604 571.0959 571.3707 571.6442 571.8217 572.0172 572.3829 572.9196 573.5434 574.1911 575.0711 576.281 577.7042 579.0236 580.0338 580.6483 580.8745 580.5947 -9999 -9999 -9999 -9999
575.591 574.7931 574.1689 573.5649 573.0002 572.5687 572.2983 572.2773 572.2897 572.2411 572.15 572.0577 571.9901 571.9714 571.9559 571.9328 571.8978 571.8506 571.7944 571.7354 571.68 571.6295 571.5836 571.5411 571.5016 571.4657 571.4348 571.4109 571.395 571.3857 571.38 571.3738 571.363 571.347 571.3285 571.3109 571.2973 571.2886 571.2816 571.2639 571.2267 571.1726 571.1298 571.101 571.0696 571.0226 570.9933 570.9806 571.0948 571.3688 571.6487 571.8332 571.9922 572.2678 572.7497 573.2946 573.9012 574.7014 575.8549 577.2868 578.7449 579.976 580.8386 581.264 581.4287 -9999 -9999 -9999 -9999 -9999
575.0421 574.4926 573.9295 573.339 572.7911 572.4337 572.2896 572.29 572.3065 572.2893 572.1871 572.0769 571.9902 571.9558 571.9351 571.911 571.8776 571.8342 571.7837 571.731 571.68 571.6296 571.5824 571.538 571.4962 571.4579 571.4252 571.4008 571.3866 571.3813 571.38 571.3779 571.3693 571.3559 571.3412 571.3284 571.3214 571.3226 571.3311 571.322 571.2749 571.1809 571.1125 571.0695 571.0165 571.0101 571.0718 571.124 571.3669 571.6446 571.8357 571.9847 572.1466 572.4501 572.9966 573.6027 574.3044 575.3264 576.7247 578.3009 579.7717 580.9402 581.688 582.0389 582.0684 -9999 -9999 -9999 -9999 -9999
574.6722 574.2205 573.6808 573.1141 572.6229 572.3032 572.2623 572.29 572.29 572.265 572.1799 572.0769 571.9901 571.9487 571.9239 571.8984 571.8654 571.824 571.7766 571.7274 571.68 571.6327 571.5861 571.5398 571.4944 571.4513 571.4141 571.387 571.3733 571.3727 571.38 571.3827 571.3774 571.3675 571.3579 571.35 571.3468 571.3527 571.3801 571.3802 571.3212 571.1559 571.0694 571.0231 571.0024 571.0969 571.3476 571.505 571.6816 571.8318 571.9836 572.1453 572.4124 572.8899 573.4402 573.9912 574.8023 575.9874 577.5095 579.1649 580.6664 581.8005 582.4641 582.794 -9999 -9999 -9999 -9999 -9999 -9999
574.3557 573.9303 573.4522 572.9637 572.5471 572.2946 572.2899 572.2966 572.2899 572.2429 572.1616 572.0687 571.9901 571.949 571.9227 571.8962 571.8627 571.8212 571.774 571.7253 571.6799 571.6393 571.5949 571.5461 571.4951 571.4445 571.3995 571.3666 571.3507 571.3521 571.3655 571.38 571.3826 571.38 571.38 571.38 571.3801 571.3806 571.4275 571.4281 571.3417 571.0803 571.0261 571.0726 571.1224 571.3663 571.6451 571.8118 571.9649 571.9971 572.1337 572.4039 572.876 573.4048 573.8381 574.3874 575.3281 576.6288 578.2033 579.9014 581.381 582.3741 582.9281 -9999 -9999 -9999 -9999 -9999 -9999 -9999
573.9907 573.5597 573.111 572.6425 572.3223 572.2899 572.2913 572.29 572.2701 572.2169 572.1403 572.0579 571.99 571.9547 571.9303 571.9035 571.869 571.8265 571.7784 571.7279 571.6801 571.6528 571.6101 571.5568 571.4974 571.4366 571.3809 571.3389 571.3175 571.3181 571.3358 571.3601 571.38 571.394 571.4094 571.4249 571.4386 571.4457 571.4341 571.3404 571.1022 571.0105 571.0949 571.3457 571.504 571.684 571.8423 571.9863 572.1062 572.1907 572.3857 572.839 573.3564 573.8016 574.2638 574.928 575.9554 577.2703 578.7823 580.3644 581.7016 582.4097 -9999 -9999 -9999 -9999 -9999 -9999 -9999 -9999
573.6836 573.2975 572.9192 572.4711 572.2874 572.2661 572.288 572.29 572.2542 572.1942 572.1216 572.0491 571.9901 571.9664 571.9454 571.9184 571.883 571.84 571.7924 571.7449 571.7051 571.6799 571.6307 571.5696 571.4999 571.4268 571.3581 571.3048 571.2759 571.274 571.295 571.3284 571.3627 571.3921 571.4178 571.4396 571.4535 571.4423 571.3359 571.0965 571.0474 571.0958 571.3623 571.6476 571.8143 571.9666 571.9956 572.1215 572.2925 572.4789 572.8011 573.2856 573.7542 574.2009 574.7838 575.6349 576.7466 578.0109 579.3386 580.6825 581.8562 582.6552 -9999 -9999 -9999 -9999 -9999 -9999 -9999 -9999
573.3965 573.0221 572.6321 572.3066 572.2253 572.2468 572.29 572.2806 572.236 572.1735 572.1075 572.0497 572.0088 571.99 571.9675 571.9386 571.9019 571.8582 571.8104 571.7615 571.717 571.68 571.6414 571.5789 571.4992 571.4134 571.3317 571.267 571.2297 571.2245 571.2474 571.2876 571.3316 571.3679 571.3911 571.3975 571.3825 571.3326 571.0927 571.0764 571.2139 571.3834 571.6472 571.8462 571.988 572.0983 572.1503 572.3314 572.6169 572.906 573.2923 573.7242 574.1561 574.7062 575.514 576.5369 577.7017 578.8398 579.9274 580.9526 581.8448 -9999 -9999 -9999 -9999 -9999 -9999 -9999 -9999 -9999
573.1739 572.7802 572.4904 572.2903 572.2346 572.2561 572.29 572.268 572.216 572.1531 572.0946 572.0502 572.0231 572.0083 571.99 571.9613 571.9237 571.8798 571.8312 571.7783 571.7262 571.6801 571.6564 571.5864 571.4933 571.395 571.3027 571.2291 571.1849 571.1759 571.1987 571.2427 571.292 571.3275 571.3351 571.3043 571.2166 571.0787 571.0867 571.3306 571.4692 571.6542 571.8279 571.9872 572.124 572.2775 572.3842 572.731 573.0866 573.3646 573.7337 574.1367 574.6711 575.4544 576.4644 577.6015 578.6876 579.6346 580.454 581.1474 581.7343 -9999 -9999 -9999 -9999 -9999 -9999 -9999 -9999 -9999
572.9645 572.6245 572.4468 572.3322 572.2861 572.2845 572.29 572.2534 572.1957 572.134 572.0834 572.0514 572.0368 572.0303 572.0176 571.99 571.9508 571.9059 571.8566 571.7983 571.7421 571.6997 571.6793 571.5848 571.4758 571.3689 571.2722 571.1954 571.1484 571.1365 571.1568 571.2003 571.2525 571.2853 571.2767 571.2202 571.0906 571.0859 571.3426 571.6206 571.6896 571.8137 571.9884 572.1547 572.334 572.5992 572.8397 573.2253 573.5092 573.7839 574.1523 574.6573 575.4102 576.3761 577.5202 578.6151 579.5715 580.3578 580.9451 581.3917 -9999 -9999 -9999 -9999 -9999 -9999 -9999 -9999 -9999 -9999
572.6573 572.5515 572.4908 572.4205 572.3616 572.322 572.2899 572.2399 572.1792 572.1204 572.0778 572.0579 572.0566 572.062 572.0586 572.035 571.9902 571.9406 571.8891 571.8152 571.743 571.6804 571.6335 571.5427 571.4369 571.3341 571.2435 571.1729 571.1298 571.1169 571.1309 571.168 571.2222 571.2506 571.224 571.1428 571.1017 571.3331 571.6362 571.8539 571.9635 572.0748 572.3049 572.5139 572.787 573.1261 573.4196 573.7258 573.976 574.265 574.7331 575.4255 576.3292 577.369 578.4742 579.444 580.3098 580.9669 581.4331 581.7366 -9999 -9999 -9999 -9999 -9999 -9999 -9999 -9999 -9999 -9999
572.5701 572.5996 572.5987 572.5306 572.441 572.3589 572.2899 572.2339 572.1739 572.1185 572.0831 572.0742 572.0865 572.1058 572.115 572.1004 572.0567 571.9912 571.9339 571.8239 571.7361 571.6788 571.5899 571.4901 571.3909 571.3007 571.2255 571.171 571.1416 571.1331 571.1349 571.152 571.2072 571.2211 571.1986 571.264 571.4642 571.7308 572.0537 572.2958 572.4929 572.6846 572.9437 573.1592 573.4308 573.7349 574.0031 574.287 574.6388 575.0549 575.6196 576.4205 577.3719 578.3734 579.2715 580.0899 580.8706 581.5054 581.9559 -9999 -9999 -9999 -9999 -9999 -9999 -9999 -9999 -9999 -9999 -9999
572.5997 572.6276 572.6377 572.5991 572.4953 572.3871 572.2908 572.2458 572.1876 572.1337 572.1028 572.1023 572.1257 572.1569 572.1769 572.1719 572.1368 572.0759 571.9872 571.7948 571.6804 571.6116 571.5257 571.4351 571.3538 571.286 571.2332 571.2032 571.2012 571.2096 571.1949 571.1666 571.218 571.1019 571.3032 571.6785 571.9951 572.3663 572.7985 573.1381 573.3981 573.5726 573.756 573.9177 574.1605 574.465 574.7906 575.187 575.6553 576.1631 576.7746 577.6007 578.5056 579.2689 579.9586 580.6267 581.3113 582.0013 -9999 -9999 -9999 -9999 -9999 -9999 -9999 -9999 -9999 -9999 -9999 -9999
572.6517 572.6548 572.6456 572.6 572.5154 572.4194 572.3363 572.2893 572.2211 572.1644 572.1355 572.1398 572.1685 572.2032 572.2236 572.2139 572.1682 572.0852 571.9526 571.6951 571.6156 571.5612 571.4807 571.4037 571.3506 571.3162 571.2883 571.2858 571.3259 571.3774 571.3587 571.2828 571.4014 571.5328 571.83 572.2372 572.6288 573.1044 573.6184 574.0506 574.3815 574.5658 574.6938 574.8555 575.1074 575.4718 575.8849 576.4371 577.0273 577.5783 578.2186 578.9655 579.6371 580.1071 580.5665 581.1213 581.8149 -9999 -9999 -9999 -9999 -9999 -9999 -9999 -9999 -9999 -9999 -9999 -9999 -9999
572.7198 572.6925 572.6556 572.5999 572.526 572.4421 572.3599 572.2905 572.2471 572.1995 572.174 572.1794 572.2057 572.2318 572.2351 572.1975 572.1078 571.955 571.7139 571.6178 571.6094 571.5781 571.4872 571.4213 571.4106 571.4266 571.422 571.4393 571.5273 571.6371 571.6238 571.7618 571.9626 572.2278 572.5472 572.9073 573.2958 573.7797 574.3357 574.8715 575.2687 575.4962 575.6749 575.9222 576.2655 576.7711 577.2632 577.9211 578.5446 579.1826 579.7472 580.2665 580.663 580.8826 581.1133 581.5742 -9999 -9999 -9999 -9999 -9999 -9999 -9999 -9999 -9999 -9999 -9999 -9999 -9999 -9999
572.7914 572.7366 572.6705 572.5999 572.5378 572.4672 572.3928 572.3289 572.2896 572.2371 572.2104 572.2115 572.2263 572.2308 572.1995 572.1118 571.953 571.7091 571.5974 571.6132 571.6787 571.6755 571.5566 571.5082 571.564 571.6587 571.6819 571.7114 571.8502 572.016 572.1784 572.422 572.683 573.0213 573.3371 573.6276 573.9934 574.4853 575.0949 575.6581 576.0983 576.4156 576.7604 577.1564 577.5787 578.2085 578.8693 579.5685 580.2241 580.8304 581.2722 581.4883 581.5055 581.5039 581.6418 -9999 -9999 -9999 -9999 -9999 -9999 -9999 -9999 -9999 -9999 -9999 -9999 -9999 -9999 -9999
572.8579 572.7801 572.6884 572.6006 572.5586 572.4964 572.4221 572.349 572.29 572.2526 572.2314 572.2249 572.2194 572.1899 572.1081 571.9512 571.7074 571.6069 571.5836 571.6826 571.762 571.7833 571.7026 571.7106 571.8499 572.0098 572.1351 572.2322 572.4351 572.6651 572.9589 573.2732 573.563 573.8901 574.2255 574.5746 574.9818 575.479 576.0791 576.6744 577.1735 577.5787 578.1271 578.7159 579.2318 579.7483 580.3516 581.0055 581.7227 582.3401 582.6765 582.6449 582.2994 582.1002 -9999 -9999 -9999 -9999 -9999 -9999 -9999 -9999 -9999 -9999 -9999 -9999 -9999 -9999 -9999 -9999
572.8997 572.812 572.7139 572.6361 572.5996 572.5303 572.4508 572.3673 572.2904 572.2646 572.2379 572.2121 572.1759 572.0984 571.9489 571.7043 571.6224 571.6757 571.7083 571.9312 572.0198 572.1243 572.1422 572.218 572.4122 572.6215 572.8273 573.0034 573.2458 573.5277 573.8792 574.2681 574.6154 574.9861 575.3914 575.8106 576.3065 576.8483 577.4301 578.0773 578.6853 579.2881 579.9789 580.6175 581.0096 581.2511 581.6208 582.2114 582.9769 583.6424 583.8959 583.7106 583.1801 -9999 -9999 -9999 -9999 -9999 -9999 -9999 -9999 -9999 -9999 -9999 -9999 -9999 -9999 -9999 -9999 -9999
572.9 572.813 572.7123 572.6337 572.5999 572.5448 572.4763 572.4005 572.3311 572.29 572.228 572.1666 572.0891 571.9421 571.6994 571.6024 571.6906 571.9247 572.0482 572.2927 572.4847 572.6852 572.7941 572.9644 573.1642 573.4125 573.6464 573.8651 574.1518 574.5226 574.9479 575.3917 575.7974 576.2969 576.8561 577.337 577.9103 578.5364 579.2141 579.8546 580.4726 581.1611 581.9147 582.5255 582.757 582.7181 582.8047 583.3113 584.0786 584.761 584.9613 -9999 -9999 -9999 -9999 -9999 -9999 -9999 -9999 -9999 -9999 -9999 -9999 -9999 -9999 -9999 -9999 -9999 -9999 -9999
572.9 572.799 572.6886 572.6006 572.5763 572.5422 572.4889 572.4184 572.3425 572.2878 572.1779 572.0834 571.9677 571.7029 571.6255 571.7078 571.9901 572.3344 572.621 572.8997 573.1534 573.4057 573.5862 573.797 574.0071 574.2971 574.5872 574.8522 575.1887 575.6487 576.1774 576.6935 577.1111 577.7 578.3476 578.9329 579.6001 580.3181 580.9871 581.5478 582.0901 582.8031 583.5961 584.2079 584.3654 584.1812 584.1004 584.4611 -9999 -9999 -9999 -9999 -9999 -9999 -9999 -9999 -9999 -9999 -9999 -9999 -9999 -9999 -9999 -9999 -9999 -9999 -9999 -9999 -9999 -9999
572.9003 572.775 572.6639 572.5997 572.5629 572.5328 572.4858 572.4077 572.2931 572.1879 572.0711 571.9883 571.8901 571.8065 571.8925 572.1844 572.6238 573.0927 573.4696 573.7303 573.9572 574.2396 574.5189 574.7899 575.054 575.3647 575.6519 575.9545 576.3712 576.9272 577.5254 578.0854 578.5065 579.2169 580.0101 580.6492 581.272 581.9709 582.6027 583.0425 583.4592 584.1292 584.936 585.5801 585.7546 585.5864 -9999 -9999 -9999 -9999 -9999 -9999 -9999 -9999 -9999 -9999 -9999 -9999 -9999 -9999 -9999 -9999 -9999 -9999 -9999 -9999 -9999 -9999 -9999 -9999
572.8939 572.7183 572.6006 572.5484 572.5222 572.5014 572.4606 572.3817 572.2638 572.0962 571.9902 571.9717 572.0215 572.1939 572.5359 573.0126 573.5834 574.1643 574.5813 574.8092 574.973 575.2194 575.5432 575.9124 576.2999 576.6688 576.8875 577.1615 577.62 578.2679 578.9343 579.5458 580.235 580.9897 581.7064 582.29 582.8408 583.5087 584.1132 584.4628 584.7289 585.2845 586.061 -9999 -9999 -9999 -9999 -9999 -9999 -9999 -9999 -9999 -9999 -9999 -9999 -9999 -9999 -9999 -9999 -9999 -9999 -9999 -9999 -9999 -9999 -9999 -9999 -9999 -9999 -9999
572.7845 572.6075 572.5242 572.4796 572.4564 572.4379 572.3825 572.2451 572.0144 571.9898 572.0452 572.1962 572.5122 572.8981 573.4252 574.069 574.7706 575.4214 575.8511 576.0642 576.1656 576.3631 576.7221 577.1704 577.6739 578.1096 578.2435 578.4602 578.9091 579.5472 580.3386 581.2118 582.0093 582.7017 583.3005 583.7726 584.2453 584.9094 585.5399 585.8801 586.0419 -9999 -9999 -9999 -9999 -9999 -9999 -9999 -9999 -9999 -9999 -9999 -9999 -9999 -9999 -9999 -9999 -9999 -9999 -9999 -9999 -9999 -9999 -9999 -9999 -9999 -9999 -9999 -9999 -9999
572.7314 572.5956 572.4789 572.4119 572.3754 572.3555 572.2726 572.0129 571.9415 572.0465 572.3456 572.7311 573.229 573.7781 574.4983 575.3195 576.1583 576.9058 577.3534 577.5477 577.5328 577.6571 578.0469 578.5513 579.1633 579.7027 579.7648 579.977 580.4865 581.2429 582.0862 582.9449 583.6559 584.1957 584.6683 585.0049 585.4141 586.1073 -9999 -9999 -9999 -9999 -9999 -9999 -9999 -9999 -9999 -9999 -9999 -9999 -9999 -9999 -9999 -9999 -9999 -9999 -9999 -9999 -9999 -9999 -9999 -9999 -9999 -9999 -9999 -9999 -9999 -9999 -9999 -9999
572.6001 572.4874 572.3962 572.3363 572.2903 572.2893 572.2133 572.1273 572.2009 572.532 572.9915 573.5048 574.1766 574.9456 575.8638 576.8453 577.7704 578.6074 579.0825 579.3077 579.1547 579.1841 579.5106 580.1053 580.7738 581.3188 581.6387 581.9703 582.4594 583.1002 583.7816 584.477 585.0082 585.3801 585.7187 585.9822 -9999 -9999 -9999 -9999 -9999 -9999 -9999 -9999 -9999 -9999 -9999 -9999 -9999 -9999 -9999 -9999 -9999 -9999 -9999 -9999 -9999 -9999 -9999 -9999 -9999 -9999 -9999 -9999 -9999 -9999 -9999 -9999 -9999 -9999
572.4435 572.3679 572.3173 572.2896 572.2474 572.2771 572.3021 572.4376 572.7072 573.1476 573.6745 574.4077 575.3367 576.4258 577.6102 578.7112 579.6328 580.489 580.9742 581.2499 581.3407 581.4496 581.728 582.2266 582.833 583.3422 583.6953 584.0336 584.4289 584.8461 585.2151 585.6237 585.8844 586.1105 -9999 -9999 -9999 -9999 -9999 -9999 -9999 -9999 -9999 -9999 -9999 -9999 -9999 -9999 -9999 -9999 -9999 -9999 -9999 -9999 -9999 -9999 -9999 -9999 -9999 -9999 -9999 -9999 -9999 -9999 -9999 -9999 -9999 -9999 -9999 -9999
572.2907 572.2897 572.2903 572.2843 572.3012 572.453 572.6236 572.8708 573.254 573.7908 574.5231 575.5313 576.7986 578.2735 579.731 581.0041 581.9634 582.7104 583.1495 583.3972 583.5405 583.6887 583.9152 584.3245 584.8373 585.2576 585.5551 585.8488 586.1906 586.4043 586.4166 586.4442 -9999 -9999 -9999 -9999 -9999 -9999 -9999 -9999 -9999 -9999 -9999 -9999 -9999 -9999 -9999 -9999 -9999 -9999 -9999 -9999 -9999 -9999 -9999 -9999 -9999 -9999 -9999 -9999 -9999 -9999 -9999 -9999 -9999 -9999 -9999 -9999 -9999 -9999
572.2579 572.3027 572.4421 572.474 572.5949 572.8605 573.1244 573.3719 573.8406 574.5734 575.609 576.9725 578.6005 580.3729 582.025 583.3534 584.2823 584.907 585.2448 585.4149 585.5275 585.6492 585.8177 586.1229 586.5097 586.7909 587.0008 587.271 587.652 587.792 587.5468 -9999 -9999 -9999 -9999 -9999 -9999 -9999 -9999 -9999 -9999 -9999 -9999 -9999 -9999 -9999 -9999 -9999 -9999 -9999 -9999 -9999 -9999 -9999 -9999 -9999 -9999 -9999 -9999 -9999 -9999 -9999 -9999 -9999 -9999 -9999 -9999 -9999 -9999 -9999
572.4908 572.6019 572.8229 572.874 572.9684 573.3022 573.6389 573.953 574.6105 575.639 577.0271 578.7374 580.6371 582.5654 584.2971 585.6407 586.5353 587.072 587.3082 587.3692 587.36 587.3765 587.475 587.6364 587.8531 587.9971 588.1253 588.3751 -9999 -9999 -9999 -9999 -9999 -9999 -9999 -9999 -9999 -9999 -9999 -9999 -9999 -9999 -9999 -9999 -9999 -9999 -9999 -9999 -9999 -9999 -9999 -9999 -9999 -9999 -9999 -9999 -9999 -9999 -9999 -9999 -9999 -9999 -9999 -9999 -9999 -9999 -9999 -9999 -9999 -9999
