backend/lakes/data/Charron Lake/char_dem_tm.asc
ncols         166
nrows         151
xllcorner     655500
yllcorner     6074250
cellsize      50
NODATA_value  -9999
[rows 31 to 61 of 151, columns 70 to 139 of 166]
-9999 -9999 -9999 -9999 -9999 -9999 -9999 -9999 -9999 -9999 -9999 -9999 -9999 -9999 -9999 -9999 -9999 -9999 -9999 -9999 -9999 -9999 -9999 580.198 579.9268 579.6671 579.3311 578.774 577.9093 576.9066 575.9395 575.2277 574.7374 574.3959 574.1276 573.9438 573.7779 573.5252 573.3552 573.1873 572.9291 572.7684 572.6647 572.5994 572.5488 572.5272 572.4794 572.4113 572.3375 572.2557 572.1776 572.1899 572.2524 572.3041 572.3325 572.3427 572.3234 572.2516 572.1154 572.0012 571.98 572.0036 572.1223 572.2833 572.4394 572.5995 572.7452 572.891 573.0453 573.3639
-9999 -9999 -9999 -9999 -9999 -9999 -9999 -9999 -9999 -9999 -9999 -9999 -9999 -9999 -9999 -9999 -9999 -9999 -9999 -9999 -9999 -9999 -9999 580.2426 579.9249 579.3907 578.7402 577.8792 576.875 575.9516 575.2289 574.7289 574.3885 574.1304 573.9565 573.7795 573.5081 573.2383 573.0802 572.9102 572.7511 572.6737 572.5995 572.5302 572.4865 572.4594 572.4176 572.3583 572.316 572.2568 572.1469 572.2308 572.2854 572.3237 572.3499 572.3486 572.2564 572.0586 571.7208 571.573 571.6605 571.8119 571.9813 572.1313 572.299 572.469 572.6064 572.7524 572.9294 573.3062
-9999 -9999 -9999 -9999 -9999 -9999 -9999 -9999 -9999 -9999 -9999 -9999 -9999 -9999 -9999 -9999 -9999 -9999 -9999 -9999 -9999 -9999 580.6783 580.2921 579.8452 579.0322 578.0778 577.039 576.0286 575.2549 574.7343 574.3899 574.1298 573.9584 573.8024 573.5137 573.2338 573.0414 572.8964 572.7358 572.6049 572.5952 572.5164 572.4329 572.4015 572.3839 572.3528 572.291 572.29 572.2833 572.1129 572.2837 572.29 572.29 572.2897 572.2726 572.1068 571.746 571.4088 571.3199 571.4029 571.6567 571.8233 572.0117 572.2677 572.4192 572.5903 572.6962 572.9008 573.2129
-9999 -9999 -9999 -9999 -9999 -9999 -9999 -9999 -9999 -9999 -9999 -9999 -9999 -9999 -9999 -9999 -9999 -9999 -9999 -9999 -9999 581.0425 580.6563 580.2113 579.5947 578.5706 577.4354 576.3199 575.3771 574.7581 574.3874 574.1277 573.9495 573.8107 573.6324 573.2769 573.0492 572.8979 572.7484 572.598 572.4684 572.4429 572.3924 572.2941 572.2888 572.2898 572.2876 572.2312 572.2043 572.1677 572.0756 572.1663 572.1885 572.1694 572.1097 572.0085 571.9105 571.6761 571.4035 571.3024 571.3777 571.5386 571.7018 571.9635 572.1398 572.2989 572.4714 572.6124 572.8909 573.1993
-9999 -9999 -9999 -9999 -9999 -9999 -9999 -9999 -9999 -9999 -9999 -9999 -9999 -9999 -9999 -9999 -9999 -9999 -9999 -9999 -9999 580.9492 580.4966 579.9257 579.0993 577.9758 576.7739 575.6913 574.8925 574.4241 574.1442 573.9696 573.8091 573.6596 573.4509 573.1723 572.9009 572.756 572.5878 572.4412 572.2983 572.2902 572.2821 572.1699 572.1433 572.142 572.1401 572.1156 572.0958 572.0703 572.0347 572.0667 572.0782 572.0582 571.991 571.9251 571.8654 571.7616 571.639 571.3842 571.3797 571.4851 571.6642 571.8303 572.0128 572.2797 572.4301 572.6034 572.8915 573.2003
-9999 -9999 -9999 -9999 -9999 -9999 -9999 -9999 -9999 -9999 -9999 -9999 -9999 -9999 -9999 -9999 -9999 -9999 -9999 -9999 580.8343 580.5609 580.0823 579.431 578.5028 577.2804 576.0458 575.0869 574.4982 574.241 574.1062 573.9054 573.673 573.4571 573.2007 572.9017 572.6347 572.5554 572.3235 572.2673 572.1685 572.1368 572.1034 571.9959 571.9896 571.9903 571.9907 571.9902 571.9901 571.99 571.9897 571.9901 571.9904 571.9894 571.9399 571.8921 571.8513 571.7877 571.6729 571.3887 571.3265 571.3796 571.5073 571.7 571.9899 572.2712 572.3917 572.5988 572.89 573.2213
-9999 -9999 -9999 -9999 -9999 -9999 -9999 -9999 -9999 -9999 -9999 -9999 -9999 -9999 -9999 -9999 -9999 -9999 -9999 580.0895 580.0607 579.8908 579.4762 578.7692 577.7299 576.4955 575.3854 574.6492 574.2762 574.1167 573.9901 573.7955 573.5058 573.2033 572.8781 572.5688 572.32 572.2526 572.0255 571.9949 571.9893 571.9905 571.9875 571.9154 571.8896 571.8843 571.8877 571.8956 571.9046 571.9136 571.9204 571.9218 571.922 571.9183 571.8905 571.856 571.8173 571.7604 571.6647 571.3881 571.2852 571.2928 571.3926 571.6654 571.9636 572.1727 572.314 572.5976 572.9132 573.3035
-9999 -9999 -9999 -9999 -9999 -9999 -9999 -9999 -9999 -9999 -9999 -9999 -9999 -9999 -9999 -9999 -9999 -9999 579.4537 579.3727 579.1757 579.03 578.7076 577.9514 576.8599 575.7142 574.8231 574.3419 574.1157 573.9751 573.8029 573.53 573.2111 572.8513 572.4587 572.1674 572.0039 571.9765 571.8613 571.834 571.8463 571.8639 571.868 571.8362 571.8151 571.8088 571.8135 571.8237 571.8352 571.8456 571.8534 571.8569 571.8583 571.8549 571.8379 571.8096 571.7639 571.6823 571.5762 571.3809 571.2762 571.2728 571.3792 571.6061 571.8509 572.1277 572.4156 572.7242 573.0782 573.5584
-9999 -9999 -9999 -9999 -9999 -9999 -9999 -9999 -9999 -9999 -9999 -9999 -9999 -9999 -9999 -9999 -9999 -9999 578.9653 578.6861 578.2915 578.1393 577.8521 577.0864 575.9859 575.0333 574.4301 574.1226 573.9631 573.7968 573.528 573.2129 572.8491 572.4304 572.0505 571.8531 571.7651 571.7528 571.7233 571.7242 571.7465 571.7704 571.7806 571.7701 571.7585 571.7548 571.7598 571.7697 571.7798 571.7885 571.7946 571.7976 571.799 571.7971 571.7874 571.7671 571.7334 571.6777 571.5417 571.3805 571.2822 571.2744 571.3804 571.6085 571.8382 572.1212 572.4681 572.8739 573.2669 573.7259
-9999 -9999 -9999 -9999 -9999 -9999 -9999 -9999 -9999 -9999 -9999 -9999 -9999 -9999 -9999 -9999 -9999 578.8324 578.4036 577.9201 577.4798 577.3894 577.0844 576.1567 575.1945 574.5236 574.1402 573.9556 573.7931 573.5269 573.2122 572.8498 572.4316 572.0374 571.7765 571.6478 571.6082 571.6195 571.635 571.6591 571.6876 571.7123 571.7247 571.7239 571.7194 571.7183 571.7225 571.73 571.7368 571.7419 571.7451 571.7462 571.7465 571.745 571.7384 571.7189 571.6801 571.6172 571.5026 571.3804 571.2893 571.2776 571.3859 571.6615 571.8784 572.1495 572.5659 573.0363 573.5455 574.0134
-9999 -9999 -9999 -9999 -9999 -9999 -9999 -9999 -9999 -9999 -9999 -9999 -9999 -9999 -9999 -9999 578.7234 578.3541 577.8162 577.2644 576.9529 576.7695 576.27 575.3563 574.6142 574.1464 573.9523 573.7913 573.5266 573.2123 572.8497 572.4324 572.0388 571.767 571.6035 571.5353 571.5328 571.5648 571.6021 571.6373 571.665 571.6853 571.6941 571.6958 571.6948 571.6952 571.6979 571.7017 571.7046 571.7059 571.7063 571.7054 571.7044 571.7036 571.6997 571.6801 571.6376 571.5623 571.4575 571.3783 571.287 571.2744 571.3856 571.6699 571.9117 572.1743 572.6113 573.1293 573.6981 574.2614
-9999 -9999 -9999 -9999 -9999 -9999 -9999 -9999 -9999 -9999 -9999 -9999 -9999 -9999 -9999 578.848 578.5223 578.0027 577.3131 576.8533 576.5084 576.1358 575.5104 574.72 574.1569 573.8541 573.7775 573.5281 573.2138 572.8499 572.4321 572.0396 571.7695 571.6006 571.5162 571.4994 571.5266 571.5724 571.6147 571.6502 571.6683 571.68 571.68 571.68 571.68 571.68 571.68 571.68 571.68 571.68 571.68 571.68 571.68 571.68 571.68 571.6614 571.6088 571.5145 571.384 571.3074 571.2482 571.2584 571.384 571.6752 571.9732 572.2772 572.7372 573.3529 573.9958 574.6948
-9999 -9999 -9999 -9999 -9999 -9999 -9999 -9999 -9999 -9999 -9999 -9999 -9999 -9999 -9999 578.8783 578.5113 577.9257 577.1617 576.6306 576.1659 575.6302 574.9095 574.2359 573.8419 573.6541 573.5021 573.2144 572.8517 572.4323 572.0403 571.7729 571.6058 571.5194 571.4968 571.5201 571.5688 571.6202 571.6512 571.6799 571.68 571.6804 571.6764 571.6725 571.6686 571.6639 571.6593 571.6566 571.6575 571.6622 571.6697 571.6786 571.6862 571.689 571.6816 571.6504 571.5837 571.4817 571.3597 571.2435 571.2056 571.2448 571.3817 571.6699 571.9766 572.3132 572.8194 573.5195 574.3352 575.3275
-9999 -9999 -9999 -9999 -9999 -9999 -9999 -9999 -9999 -9999 -9999 -9999 -9999 -9999 579.0748 578.9841 578.5576 577.9191 577.101 576.4304 575.7935 575.0737 574.3724 573.8659 573.6093 573.4502 573.1889 572.8488 572.4335 572.0431 571.7803 571.6156 571.5292 571.5043 571.5244 571.5729 571.6316 571.6797 571.68 571.6887 571.6852 571.6798 571.6729 571.6658 571.6577 571.6481 571.6385 571.6334 571.636 571.6465 571.6631 571.6809 571.6934 571.6924 571.6687 571.6097 571.5038 571.3413 571.1044 571.1079 571.1644 571.2624 571.4084 571.6786 571.9843 572.412 573.0214 573.8312 574.8562 576.1544
-9999 -9999 -9999 -9999 -9999 -9999 -9999 -9999 -9999 -9999 -9999 -9999 -9999 579.1014 579.109 578.9416 578.4292 577.7328 576.85 576.0278 575.1747 574.4149 573.8632 573.5215 573.3096 573.0508 572.7442 572.4073 572.0441 571.7963 571.6371 571.5494 571.5199 571.5344 571.5776 571.6321 571.6799 571.7021 571.6967 571.6903 571.6811 571.6723 571.6637 571.6548 571.6444 571.6313 571.618 571.6104 571.6135 571.6282 571.6504 571.6724 571.6829 571.6689 571.6172 571.5143 571.3464 571.0989 570.9998 571.0694 571.1927 571.3735 571.6309 571.8101 572.0645 572.5577 573.3038 574.2855 575.5493 577.1224
-9999 -9999 -9999 -9999 -9999 -9999 -9999 -9999 -9999 579.9999 580.028 579.8511 579.4574 579.1982 578.9664 578.572 577.9482 577.1415 576.2065 575.2547 574.4128 573.8192 573.3945 573.1539 572.9041 572.5923 572.2953 572.0246 571.8228 571.6799 571.5912 571.552 571.5553 571.5887 571.6364 571.6799 571.701 571.7046 571.6932 571.6793 571.6661 571.6552 571.6456 571.6364 571.6258 571.6119 571.5969 571.587 571.5889 571.604 571.6264 571.6447 571.644 571.6064 571.5126 571.3479 571.098 570.9552 570.9456 571.0673 571.2371 571.417 571.7075 571.9871 572.3498 572.8973 573.7051 574.8642 576.3777 578.1689
-9999 -9999 -9999 -9999 -9999 -9999 -9999 579.9042 579.9108 580.0023 580.0927 579.9387 579.4478 578.9547 578.4833 577.9032 577.1571 576.2686 575.2823 574.3692 573.6832 573.2685 572.9383 572.7263 572.5166 572.2007 572.0048 571.8772 571.7617 571.6704 571.6145 571.5963 571.6106 571.6447 571.6799 571.6958 571.6978 571.6892 571.6732 571.656 571.6407 571.6286 571.6187 571.6096 571.6 571.5875 571.5726 571.5613 571.5608 571.573 571.5897 571.5962 571.5745 571.5018 571.3453 571.0973 570.9361 570.8711 570.9163 571.0726 571.3561 571.6408 571.9393 572.1995 572.562 573.1914 574.1606 575.5231 577.2344 579.1197
-9999 -9999 -9999 -9999 -9999 -9999 579.9487 579.8274 579.7601 579.7559 579.7919 579.4958 578.9232 578.2575 577.6608 576.9492 576.1454 575.2303 574.3221 573.5652 573.0623 572.7562 572.5303 572.3022 572.1568 572.0438 571.9891 571.9148 571.8113 571.7229 571.6686 571.6502 571.6597 571.68 571.6876 571.6848 571.6747 571.6594 571.6412 571.6232 571.6075 571.5946 571.5841 571.5752 571.5665 571.5562 571.5431 571.531 571.5273 571.5348 571.5421 571.5302 571.4808 571.3659 571.1062 570.95 570.8595 570.8521 570.9395 571.1031 571.4052 571.7126 572.0372 572.4334 572.9269 573.6375 574.7422 576.2514 578.0322 579.8769
-9999 -9999 -9999 -9999 -9999 580.0946 579.9767 579.7037 579.4069 579.1274 578.9576 578.6133 577.9851 577.2484 576.5508 575.8073 575.0048 574.2048 573.4958 572.946 572.57 572.3519 572.157 572.0041 571.99 571.99 572.0007 571.9886 571.8756 571.7748 571.7112 571.6838 571.68 571.6755 571.6667 571.6538 571.6377 571.6199 571.6015 571.5842 571.5693 571.5563 571.5449 571.5354 571.5269 571.5178 571.5068 571.4945 571.4866 571.4897 571.4882 571.4552 571.3796 571.2501 571.0698 570.9315 570.8674 570.9009 571.0607 571.3345 571.6385 571.9443 572.2748 572.7119 573.2692 574.1091 575.3975 577.0303 578.7662 580.4323
-9999 -9999 -9999 -9999 580.0338 579.971 579.7842 579.3972 578.854 578.2509 577.825 577.3848 576.7841 576.0853 575.3784 574.6974 573.9692 573.3326 572.8683 572.5063 572.1958 572.1277 572.0374 571.9899 571.99 571.9921 571.99 571.9594 571.8701 571.7787 571.7142 571.68 571.66 571.6437 571.6276 571.6108 571.5933 571.5757 571.5584 571.5424 571.5286 571.516 571.5039 571.4937 571.4843 571.4741 571.4653 571.4524 571.437 571.4382 571.4336 571.3798 571.2833 571.165 571.0674 570.954 570.9099 570.9525 571.1044 571.4045 571.7123 572.0388 572.4599 572.9901 573.687 574.6957 576.155 577.8485 579.4279 580.8378
-9999 -9999 -9999 -9999 579.6348 579.6241 579.4446 578.9521 578.1268 577.2266 576.5191 575.9605 575.4617 574.8972 574.2885 573.7123 573.1518 572.6604 572.3746 572.156 572.0278 571.9907 571.9899 571.989 571.9958 571.9899 571.9569 571.9025 571.8215 571.7402 571.6801 571.644 571.619 571.5986 571.5803 571.5634 571.5469 571.531 571.5156 571.5009 571.4877 571.4757 571.463 571.4534 571.4425 571.4276 571.4222 571.4108 571.3802 571.3801 571.379 571.3029 571.1935 571.0728 571.0144 570.9669 570.9825 571.0775 571.3326 571.6355 571.9423 572.275 572.7162 573.2775 574.1283 575.402 577.0376 578.6792 580.0306 581.161
-9999 -9999 -9999 579.1834 579.1064 579.2243 579.0479 578.442 577.3844 576.2337 575.3437 574.7269 574.3031 573.8654 573.4258 572.9728 572.5476 572.1878 572.0131 571.9894 571.9899 571.9774 571.9872 571.9952 571.9899 571.9549 571.8994 571.8302 571.7518 571.6802 571.6311 571.5973 571.5721 571.5513 571.5334 571.5178 571.5033 571.4893 571.4756 571.4622 571.4486 571.4368 571.422 571.4161 571.4066 571.3802 571.38 571.3797 571.3427 571.3186 571.2898 571.2219 571.1391 571.0688 571.0004 570.9865 571.0657 571.2036 571.4117 571.7078 572.0469 572.4823 572.9926 573.6396 574.6783 576.1997 577.9882 579.4894 580.4393 581.3275
-9999 -9999 579.0389 578.8977 578.8767 578.9025 578.5613 577.7159 576.5648 575.3584 574.4318 573.8319 573.4802 573.1321 572.8715 572.5202 572.1777 572.0303 571.9896 571.9701 571.981 571.9882 571.9959 571.9899 571.9537 571.8969 571.8273 571.7524 571.6802 571.624 571.5827 571.552 571.5282 571.5085 571.4919 571.4775 571.4648 571.4526 571.44 571.4281 571.413 571.4031 571.3801 571.38 571.3798 571.3457 571.326 571.3098 571.2784 571.2451 571.2015 571.1387 571.0701 571.0153 570.976 570.9905 571.1033 571.3805 571.6538 571.9611 572.3383 572.8198 573.2975 573.984 575.2064 576.9247 578.7333 580.0371 580.608 581.3351
-9999 579.0195 578.8678 578.7263 578.5864 578.3423 577.7544 576.8032 575.6316 574.5442 573.7465 573.2534 572.9628 572.6578 572.521 572.1825 571.9939 571.9893 571.9781 571.9787 571.9916 571.9982 571.9899 571.9525 571.895 571.8254 571.7511 571.6802 571.6219 571.5762 571.541 571.5135 571.4917 571.4735 571.4579 571.4442 571.4324 571.4221 571.4089 571.4004 571.3801 571.3799 571.3501 571.3314 571.3141 571.2822 571.2542 571.229 571.2035 571.1721 571.1259 571.07 571.0183 570.9879 570.9961 571.0781 571.3328 571.6287 571.8673 572.2043 572.6938 573.1782 573.6362 574.3595 575.6803 577.4783 579.1722 580.2573 580.8512 581.303
579.5009 579.1978 578.9169 578.6008 578.2302 577.7041 576.8562 575.7847 574.7252 573.8364 573.2403 572.8683 572.5797 572.325 572.2515 572.0024 571.9133 571.9357 571.9642 571.9863 571.9982 571.9899 571.9508 571.8918 571.8229 571.75 571.6801 571.6218 571.5745 571.5369 571.5071 571.4832 571.4636 571.4469 571.4318 571.4175 571.405 571.3977 571.3801 571.3799 571.3523 571.3311 571.2988 571.2684 571.2386 571.2052 571.1756 571.1459 571.1313 571.1122 571.0701 571.027 570.9991 571.0052 571.07 571.1976 571.4116 571.7074 572.033 572.4878 573.0198 573.5115 573.9328 574.684 576.0468 577.7819 579.2319 580.1353 580.6371 581.0287
579.8687 579.5172 579.0175 578.4172 577.7549 576.9268 575.9256 574.88 573.9685 573.3073 572.877 572.568 572.2993 572.1232 572.0448 571.9313 571.897 571.9277 571.9675 571.9919 571.9899 571.9524 571.8908 571.8181 571.7474 571.6801 571.6226 571.5747 571.5357 571.5045 571.4796 571.4594 571.4423 571.4271 571.4123 571.3964 571.3801 571.3799 571.3549 571.3347 571.3037 571.2723 571.2371 571.201 571.1649 571.1304 571.1072 571.0704 571.07 571.0697 571.0355 571.0112 571.0176 571.073 571.2057 571.3967 571.65 571.942 572.3082 572.8193 573.2845 573.6783 574.1531 574.9963 576.3273 577.7679 578.877 579.718 580.1573 580.5673
580.2046 579.8072 579.0133 578.0638 577.0795 576.0942 575.0583 574.1452 573.451 572.9626 572.5823 572.2982 572.1036 571.9899 571.9407 571.9058 571.9113 571.9473 571.9814 571.99 571.9586 571.8992 571.823 571.7427 571.6801 571.6252 571.5775 571.5372 571.5042 571.4779 571.4568 571.4398 571.4252 571.4116 571.3971 571.38 571.3582 571.3408 571.3114 571.28 571.2451 571.2107 571.1763 571.141 571.1045 571.0703 571.0698 571.0344 571.0192 571.0135 571.0031 571.0117 571.0689 571.2173 571.3878 571.6342 571.8258 572.1066 572.5816 573.1153 573.5643 573.9004 574.4266 575.4248 576.7103 577.6191 578.4377 579.1818 579.6492 580.033
580.3176 579.7598 578.7319 577.5028 576.2769 575.1993 574.2642 573.5898 573.0181 572.6 572.2965 572.0947 571.9718 571.9131 571.9019 571.912 571.9403 571.974 571.99 571.9662 571.9135 571.8426 571.7629 571.6808 571.6325 571.5867 571.5446 571.5084 571.4788 571.4555 571.4371 571.4224 571.4097 571.3965 571.38 571.3571 571.3291 571.299 571.262 571.2233 571.1857 571.153 571.125 571.0974 571.07 571.0421 571.0251 570.9937 570.972 570.9675 570.98 571.0162 571.0853 571.3514 571.5284 571.7107 572.0129 572.4841 573.0629 573.4927 573.7859 574.1955 574.9134 576.0599 577.2947 577.9935 578.5137 578.9545 579.2571 -9999
580.1678 579.3424 578.0711 576.6588 575.4211 574.4256 573.6604 573.0784 572.6094 572.2941 572.0869 571.9602 571.8972 571.8839 571.9036 571.9366 571.9707 571.99 571.9733 571.9265 571.861 571.79 571.7284 571.6795 571.6175 571.5653 571.522 571.4867 571.4586 571.4366 571.4197 571.4063 571.3944 571.38 571.3591 571.3318 571.2985 571.26 571.2162 571.1716 571.1321 571.1044 571.0879 571.07 571.0521 571.0269 570.997 570.9586 570.9302 570.9312 570.9745 571.0681 571.1747 571.3839 571.6541 571.9086 572.2772 572.8839 573.5002 573.6033 573.9742 574.6041 575.6382 576.9199 578.0289 578.5148 578.7522 578.9314 579.0089 -9999
579.7886 578.5836 577.1533 575.7747 574.671 573.8422 573.2295 572.742 572.3364 572.1107 571.9716 571.897 571.8745 571.891 571.9285 571.9668 571.99 571.9801 571.9402 571.8774 571.803 571.7312 571.6801 571.6404 571.5913 571.5439 571.5027 571.4688 571.4419 571.421 571.4047 571.3915 571.38 571.3632 571.3394 571.309 571.2723 571.2296 571.1815 571.1322 571.0905 571.07 571.07 571.0634 571.0535 571.028 570.9877 570.9351 570.8936 570.8907 570.9469 571.0696 571.2368 571.3951 571.6835 572.0901 572.5828 573.1487 573.6401 573.8798 574.3686 575.2765 576.5472 577.8725 578.8052 579.012 578.9766 578.9993 -9999 -9999
579.2208 577.6635 576.2068 575.0001 574.1217 573.4882 572.9698 572.5623 572.272 572.0642 571.9468 571.8948 571.8914 571.9209 571.9623 571.99 571.9875 571.9565 571.901 571.8289 571.7512 571.6805 571.6417 571.6057 571.5643 571.5226 571.485 571.4534 571.4281 571.4086 571.3932 571.38 571.3687 571.3503 571.3246 571.2928 571.2556 571.2129 571.1646 571.114 571.0701 571.0594 571.07 571.07 571.07 571.045 570.9989 570.9279 570.8693 570.8587 570.9209 571.0745 571.3499 571.5085 571.74 572.1947 572.8239 573.4532 573.8569 574.2638 575.0229 576.1998 577.5961 578.8299 579.5443 579.3709 579.0215 578.9011 -9999 -9999
