backend/lakes/data/Keho Lake/keho_dem_tm.asc
ncols         185
nrows         120
xllcorner     638700
yllcorner     5529700
cellsize      50
NODATA_value  -9999
[rows 60 to 89 of 120, columns 66 to 131 of 185]
954.3909 954.3062 954.2297 954.1613 954.1003 954.0464 953.9988 953.9565 953.9185 953.8833 953.8506 953.8198 953.7903 953.7621 953.7352 953.7101 953.687 953.6661 953.6477 953.632 953.6187 953.6075 953.598 953.5903 953.5846 953.5804 953.5782 953.5781 953.5804 953.5851 953.5921 953.6025 953.6182 953.6407 953.6719 953.7137 953.7677 953.834 953.9118 953.9996 954.0947 954.1925 954.2885 954.3765 954.4504 954.5071 954.5476 954.5746 954.5898 954.5963 954.599 954.6047 954.6201 954.6488 954.6896 954.7401 954.7974 954.8612 954.9324 955.0153 955.1152 955.237 955.3746 955.5045 955.5947 955.7325
954.418 954.333 954.2563 954.1875 954.1262 954.0717 954.0236 953.9809 953.9426 953.9072 953.8741 953.8428 953.8129 953.7842 953.7567 953.7307 953.7067 953.6848 953.6652 953.6479 953.6328 953.6193 953.6073 953.5968 953.5883 953.5815 953.5771 953.5752 953.576 953.5798 953.5868 953.5972 953.6125 953.6346 953.6652 953.7059 953.7585 953.823 953.8987 953.984 954.0762 954.1713 954.265 954.3524 954.428 954.4896 954.538 954.5759 954.6039 954.6217 954.6327 954.6426 954.6579 954.6829 954.7186 954.7648 954.8215 954.8892 954.9688 955.0635 955.1816 955.3397 955.5341 955.7274 955.8073 956.0059
954.4562 954.3705 954.2933 954.2242 954.1625 954.1078 954.0593 954.0162 953.9772 953.9413 953.9077 953.8759 953.8453 953.8162 953.7881 953.7615 953.7365 953.7134 953.6926 953.6741 953.6573 953.6417 953.6274 953.6144 953.603 953.5938 953.587 953.5834 953.5833 953.5863 953.5933 953.6039 953.6196 953.6414 953.6713 953.7111 953.7618 953.8236 953.8953 953.9761 954.063 954.1524 954.2415 954.3267 954.4042 954.4719 954.5299 954.5801 954.6216 954.6517 954.671 954.6846 954.6992 954.7213 954.7548 954.8025 954.8671 954.9507 955.0529 955.1711 955.3105 955.511 955.7708 956.0449 956.2397 956.4348
954.504 954.4172 954.3399 954.271 954.2095 954.1548 954.1062 954.0626 954.0229 953.9861 953.9518 953.9194 953.8882 953.8582 953.8295 953.8022 953.7764 953.7523 953.7302 953.7102 953.6918 953.6741 953.6573 953.6419 953.6281 953.6162 953.6074 953.6021 953.601 953.6039 953.6108 953.6221 953.6383 953.6605 953.6901 953.7288 953.7776 953.8356 953.9024 953.9769 954.0566 954.1385 954.2212 954.3033 954.3824 954.4567 954.5247 954.5872 954.6415 954.6826 954.709 954.7252 954.7398 954.7612 954.7979 954.8564 954.9426 955.0607 955.2087 955.3738 955.5383 955.8007 956.1594 956.4847 956.7388 956.8945
954.5584 954.4717 954.3953 954.3274 954.2668 954.2126 954.1641 954.1201 954.0798 954.0424 954.0071 953.9735 953.9415 953.9107 953.8812 953.8532 953.8267 953.8018 953.7784 953.7567 953.7362 953.7163 953.6971 953.6791 953.6627 953.6486 953.6377 953.6309 953.6287 953.6314 953.6388 953.6508 953.668 953.691 953.7208 953.7588 953.8053 953.8594 953.9203 953.9872 954.0585 954.132 954.2076 954.2863 954.3668 954.4467 954.5236 954.5967 954.6614 954.7108 954.7426 954.7614 954.778 954.8042 954.8523 954.9337 955.0577 955.2323 955.4576 955.7141 955.9121 956.2734 956.6607 956.953 957.206 957.2704
954.6168 954.5323 954.4584 954.3928 954.3339 954.2809 954.2329 954.1888 954.148 954.1097 954.0736 954.0389 954.0057 953.974 953.9437 953.9149 953.8875 953.8615 953.8369 953.8134 953.7906 953.7683 953.7465 953.7257 953.7067 953.6902 953.6774 953.6688 953.6658 953.6681 953.676 953.689 953.7074 953.7316 953.7621 953.7998 953.8442 953.894 953.9487 954.0079 954.0706 954.1356 954.2043 954.2794 954.3607 954.4446 954.5276 954.6079 954.6794 954.7341 954.7701 954.7935 954.8174 954.8572 954.9286 955.0471 955.2255 955.4749 955.8008 956.1889 956.5234 956.8452 957.1718 957.2978 957.418 957.4901
954.6793 954.5994 954.5294 954.467 954.4108 954.3596 954.3125 954.2686 954.2273 954.1884 954.1511 954.1156 954.0814 954.0486 954.0173 953.9875 953.9591 953.9319 953.9058 953.8804 953.8553 953.8303 953.8055 953.7819 953.7601 953.741 953.7257 953.7156 953.7114 953.7135 953.7217 953.7357 953.7556 953.7814 953.8128 953.8503 953.8932 953.9389 953.9878 954.0398 954.0944 954.1516 954.214 954.2856 954.3666 954.4521 954.5381 954.6211 954.6949 954.7528 954.7938 954.8265 954.8665 954.9324 955.0428 955.2159 955.4678 955.814 956.2727 956.7419 957.1274 957.3153 957.4996 957.5703 957.6097 957.6699
954.7468 954.6733 954.6085 954.5504 954.4973 954.4481 954.4021 954.3586 954.3174 954.2778 954.2397 954.2031 954.168 954.1343 954.1021 954.0713 954.0417 954.0132 953.9854 953.9578 953.9301 953.9021 953.8745 953.8479 953.8232 953.8013 953.7834 953.771 953.7654 953.7668 953.7754 953.7904 953.8115 953.8391 953.8718 953.9094 953.9507 953.9933 954.0371 954.0833 954.1313 954.1821 954.2389 954.307 954.3857 954.4701 954.5555 954.6375 954.7104 954.7705 954.8199 954.8698 954.9384 955.0464 955.2147 955.4631 955.81 956.2755 956.7765 957.2252 957.5251 957.6771 957.7717 957.8041 957.8177 957.85
954.8221 954.7559 954.6968 954.643 954.5933 954.5464 954.5016 954.4586 954.4172 954.3773 954.3386 954.3011 954.2653 954.2308 954.1978 954.166 954.1353 954.1051 954.0754 954.0456 954.0151 953.9843 953.9535 953.9238 953.896 953.8709 953.8501 953.8353 953.8279 953.8285 953.8369 953.8526 953.8749 953.9037 953.9377 953.9757 954.0161 954.0565 954.0969 954.1388 954.1821 954.2275 954.2797 954.3442 954.4187 954.4991 954.5812 954.6595 954.731 954.7954 954.8596 954.9379 955.0499 955.2181 955.4646 955.81 956.2734 956.7728 957.2308 957.5732 957.8054 957.9308 957.9852 957.9952 957.9962 958.0142
954.9073 954.8483 954.7948 954.7452 954.6984 954.6534 954.6097 954.5673 954.5259 954.4857 954.4468 954.4091 954.3727 954.3377 954.3038 954.271 954.239 954.2073 954.1755 954.1433 954.1102 954.0764 954.0427 954.0099 953.9788 953.9503 953.9263 953.9087 953.8993 953.8986 953.9064 953.9222 953.9454 953.9752 954.0104 954.0489 954.0891 954.1286 954.167 954.2064 954.2466 954.2883 954.3364 954.3969 954.4651 954.54 954.6171 954.6919 954.7639 954.8384 954.9276 955.0477 955.2202 955.4678 955.8134 956.2775 956.7736 957.2239 957.5601 957.8137 957.9944 958.1007 958.1431 958.1454 958.1448 958.1617
955.0039 954.9509 954.9023 954.8562 954.8119 954.7685 954.7257 954.6837 954.6425 954.6022 954.5632 954.5255 954.489 954.4537 954.4192 954.3855 954.3522 954.3188 954.2852 954.2507 954.2151 954.1787 954.1422 954.1063 954.0719 954.0399 954.0122 953.9915 953.9799 953.9774 953.984 953.9995 954.0228 954.0533 954.0894 954.1287 954.1696 954.2092 954.2474 954.286 954.3246 954.3639 954.4084 954.4642 954.5253 954.5948 954.667 954.741 954.8194 954.9133 955.0402 955.2181 955.4689 955.8159 956.2821 956.7779 957.2196 957.5347 957.7733 957.9625 958.1094 958.2062 958.2507 958.2593 958.2663 958.295
955.1115 955.0631 955.0181 954.9748 954.9324 954.8903 954.8481 954.8065 954.7654 954.7253 954.6865 954.649 954.6129 954.5775 954.5427 954.5082 954.4736 954.4387 954.4032 954.3669 954.3292 954.2905 954.2515 954.2129 954.1753 954.1395 954.1082 954.0841 954.0697 954.0652 954.0702 954.0845 954.1075 954.1381 954.1749 954.2153 954.2574 954.2986 954.3379 954.3771 954.4155 954.4532 954.4948 954.5457 954.6005 954.6661 954.7358 954.8141 954.9086 955.0348 955.2145 955.468 955.8165 956.2832 956.778 957.2145 957.5099 957.7209 957.8887 958.0367 958.1652 958.261 958.3129 958.3326 958.3488 958.3878
955.2276 955.1821 955.1397 955.0987 955.0577 955.0167 954.9752 954.9338 954.8931 954.8535 954.8152 954.7783 954.7427 954.7076 954.6727 954.6375 954.6019 954.5659 954.5289 954.4911 954.4518 954.4114 954.3704 954.3292 954.2886 954.2493 954.2141 954.1866 954.1692 954.1622 954.165 954.1775 954.1993 954.2297 954.2672 954.3091 954.3533 954.3969 954.4385 954.4794 954.5186 954.5557 954.5951 954.6417 954.6924 954.7571 954.8282 954.9187 955.0419 955.2158 955.4652 955.8154 956.2836 956.776 957.2016 957.4813 957.6732 957.8138 957.934 958.0565 958.1765 958.2744 958.3345 958.3623 958.381 958.4219
955.3472 955.3036 955.2636 955.2246 955.1853 955.1453 955.1045 955.0638 955.0237 954.9849 954.9475 954.9114 954.8765 954.8419 954.8071 954.7716 954.7355 954.6987 954.6609 954.6219 954.5818 954.5402 954.4977 954.4546 954.4113 954.3688 954.33 954.2991 954.2784 954.2684 954.2683 954.2783 954.2985 954.3284 954.3665 954.4102 954.457 954.504 954.5488 954.5921 954.6331 954.6711 954.7096 954.7535 954.8035 954.8705 954.9485 955.0613 955.2278 955.4652 955.803 956.2765 956.7791 957.2065 957.4484 957.6337 957.7617 957.8572 957.9448 958.0461 958.1583 958.256 958.3192 958.3491 958.3625 958.3877
955.4628 955.422 955.3851 955.3488 955.3115 955.2729 955.2333 955.1937 955.1548 955.1172 955.0811 955.0461 955.0122 954.9783 954.9438 954.9086 954.8723 954.8352 954.7972 954.7582 954.7178 954.6758 954.6324 954.5879 954.5424 954.4971 954.455 954.4207 954.3969 954.3832 954.3795 954.3864 954.4044 954.4336 954.4725 954.5186 954.5685 954.6195 954.6683 954.7144 954.7582 954.7986 954.8386 954.8832 954.9357 955.0079 955.0995 955.2465 955.4705 955.7835 956.2258 956.7518 957.2221 957.519 957.6722 957.7715 957.8423 957.8982 957.9558 958.0319 958.1283 958.2195 958.2792 958.3036 958.3059 958.3073
955.5666 955.531 955.4993 955.4666 955.4323 955.3961 955.3585 955.3206 955.2837 955.248 955.2135 955.1798 955.147 955.1143 955.0807 955.046 955.0104 954.9738 954.9364 954.8981 954.8584 954.8168 954.7733 954.7279 954.6808 954.6332 954.5881 954.5505 954.5231 954.5055 954.4977 954.5007 954.5162 954.5446 954.5846 954.6335 954.6873 954.7425 954.7954 954.8448 954.8925 954.9375 954.9828 955.0326 955.0911 955.1698 955.2828 955.4777 955.7697 956.1587 956.6319 957.1525 957.5396 957.7775 957.8835 957.928 957.951 957.9674 957.9904 958.0362 958.1075 958.1853 958.241 958.2593 958.2457 958.2191
955.6522 955.6251 955.6016 955.5733 955.5428 955.5105 955.4758 955.4408 955.407 955.3739 955.3411 955.309 955.278 955.2471 955.2152 955.1819 955.1474 955.1123 955.0767 955.04 955.002 954.9617 954.9187 954.873 954.825 954.7756 954.7279 954.6871 954.6558 954.6337 954.6212 954.6199 954.6325 954.66 954.7015 954.7537 954.8116 954.8712 954.9286 954.9816 955.0334 955.0852 955.1406 955.203 955.2723 955.3552 955.4998 955.7571 956.1266 956.5323 956.9523 957.3668 957.7684 958.0125 958.1072 958.119 958.1 958.0748 958.0602 958.0744 958.1221 958.1882 958.246 958.2723 958.249 958.1917
955.7141 955.6996 955.6872 955.6625 955.6372 955.6111 955.5804 955.5496 955.5203 955.4911 955.4606 955.4304 955.4017 955.3737 955.3444 955.3132 955.2808 955.248 955.2153 955.1817 955.1464 955.1079 955.0662 955.0211 954.9728 954.9224 954.8727 954.8285 954.7928 954.7657 954.7479 954.7421 954.7516 954.7784 954.8215 954.8771 954.9396 955.0037 955.0656 955.1221 955.1774 955.2365 955.3069 955.3923 955.4843 955.5618 955.7534 956.0868 956.5078 956.9158 957.2976 957.6959 958.0344 958.2556 958.3368 958.3291 958.2753 958.2112 958.1656 958.1609 958.2031 958.278 958.3634 958.4255 958.4074 958.3171
955.7501 955.75 955.7499 955.725 955.7084 955.6928 955.6661 955.6411 955.6187 955.5957 955.5674 955.5395 955.5144 955.4909 955.4658 955.4371 955.4072 955.3779 955.3494 955.3202 955.2886 955.2528 955.2129 955.1692 955.1218 955.071 955.0198 954.9723 954.9319 954.8993 954.8759 954.8651 954.8716 954.8976 954.9424 955.0016 955.0688 955.1376 955.2038 955.2639 955.3203 955.3829 955.4689 955.5876 955.7292 955.791 956.0516 956.433 956.8825 957.2751 957.6312 958.0155 958.3319 958.4999 958.5417 958.5206 958.4443 958.3549 958.3011 958.3145 958.3959 958.523 958.6863 958.8483 958.8514 958.7025
955.7761 955.77 955.7657 955.75 955.75 955.7499 955.725 955.709 955.6971 955.6837 955.656 955.6313 955.6119 955.5953 955.5764 955.5496 955.5223 955.4976 955.4749 955.4518 955.4252 955.3922 955.3547 955.3137 955.2686 955.2186 955.1664 955.116 955.0705 955.0319 955.0028 954.9871 954.9903 955.0154 955.0616 955.1246 955.1967 955.2702 955.3405 955.4049 955.4607 955.5169 955.6113 955.7518 955.936 956.1141 956.4008 956.7754 957.2065 957.5406 957.8834 958.2706 958.5958 958.7504 958.7471 958.6964 958.5948 958.4968 958.4728 958.5665 958.7659 959.0114 959.3327 959.715 959.759 959.4739
955.7922 955.781 955.7754 955.7685 955.7683 955.7653 955.75 955.75 955.75 955.7498 955.7194 955.7014 955.6908 955.6833 955.673 955.6451 955.6208 955.6021 955.5869 955.5715 955.5516 955.5206 955.486 955.4496 955.4091 955.3611 955.309 955.2563 955.2062 955.1616 955.1268 955.1064 955.1063 955.1301 955.1772 955.2437 955.3207 955.3984 955.4714 955.5427 955.6026 955.6409 955.751 955.9276 956.1594 956.4181 956.7183 957.0294 957.3358 957.667 958.0264 958.4357 958.799 958.9935 959.0123 958.9149 958.7672 958.6666 958.7135 958.9689 959.399 959.8506 960.4642 960.9916 961.0735 960.7661
955.8082 955.7931 955.7863 955.7819 955.7799 955.7766 955.7708 955.7728 955.7749 955.7711 955.7501 955.75 955.75 955.7501 955.7497 955.715 955.6968 955.6866 955.6801 955.6738 955.6626 955.6304 955.5996 955.5714 955.5391 955.4939 955.4436 955.3911 955.3365 955.2861 955.2467 955.2227 955.2194 955.241 955.2878 955.3569 955.439 955.5187 955.5874 955.667 955.746 955.756 955.9026 956.1147 956.3875 956.6926 957.0088 957.2729 957.5212 957.7743 958.1016 958.5055 958.8984 959.1436 959.2456 959.1426 958.974 958.9047 959.0786 959.5902 960.3593 961.1024 961.7054 962.0714 962.1159 961.9141
955.8329 955.8138 955.8043 955.7983 955.7938 955.7898 955.7872 955.79 955.7946 955.7958 955.7913 955.7944 955.7964 955.7931 955.7806 955.7502 955.7499 955.75 955.75 955.7501 955.7496 955.7103 955.6881 955.6731 955.6544 955.6101 955.5653 955.5181 955.4596 955.4048 955.363 955.3372 955.3312 955.3494 955.3932 955.4633 955.5518 955.632 955.6766 955.7497 955.83 955.9049 956.0728 956.3058 956.6002 956.9202 957.2413 957.4553 957.6424 957.8743 958.1204 958.4951 958.8951 959.1897 959.424 959.3616 959.2137 959.2441 959.6432 960.6019 961.4637 962.2142 962.7999 963.0634 963.0839 962.9805
955.8744 955.85 955.8358 955.8254 955.8165 955.8097 955.807 955.8107 955.8188 955.8278 955.8347 955.8414 955.8429 955.8362 955.8206 955.7999 955.7953 955.7954 955.7957 955.7928 955.7817 955.7502 955.7499 955.7501 955.7493 955.6995 955.6685 955.6376 955.5734 955.5178 955.4786 955.4551 955.4479 955.4603 955.4957 955.5608 955.6587 955.7474 955.7519 955.8244 955.9222 956.0415 956.2258 956.472 956.7698 957.067 957.3061 957.5862 957.7883 957.9705 958.1268 958.4731 958.8772 959.2734 959.5858 959.5864 959.4716 959.6918 960.4622 961.5369 962.4894 963.1949 963.764 964.0217 964.0505 963.9977
955.9404 955.9087 955.8868 955.8693 955.8538 955.842 955.8373 955.8417 955.8539 955.8699 955.8854 955.8969 955.8989 955.8906 955.8737 955.8549 955.8447 955.8405 955.8381 955.8336 955.8236 955.8083 955.807 955.8046 955.7911 955.7506 955.7501 955.7482 955.673 955.6281 955.6021 955.5873 955.5815 955.5864 955.6049 955.649 955.7491 955.8318 955.8705 955.9417 956.0455 956.1857 956.3722 956.6212 956.9186 957.2419 957.4526 957.7142 957.9264 958.0463 958.1078 958.2977 958.7249 959.2137 959.5944 959.7854 959.7053 960.1476 961.3076 962.4471 963.3486 964.045 964.5762 964.9252 965.0026 964.9734
956.037 955.9954 955.9628 955.9347 955.91 955.8915 955.8835 955.8883 955.9047 955.9275 955.9506 955.9674 955.9719 955.9633 955.9449 955.9238 955.908 955.8989 955.894 955.8897 955.8837 955.8776 955.8759 955.8712 955.858 955.8361 955.8291 955.8109 955.7527 955.7498 955.7501 955.7504 955.7504 955.7498 955.749 955.7562 955.8578 955.9546 956.0245 956.1068 956.2106 956.3503 956.5336 956.7708 957.041 957.3245 957.5802 957.7737 957.9791 958.1266 958.1276 958.1592 958.5048 959.0255 959.5155 959.92 960.0339 960.996 962.2018 963.2565 964.1173 964.8069 965.2953 965.756 -9999 -9999
956.1682 956.1139 956.0675 956.0256 955.9892 955.9626 955.9509 955.9564 955.9773 956.0073 956.038 956.0605 956.0686 956.0607 956.0408 956.0167 955.996 955.9825 955.9758 955.9724 955.9701 955.9689 955.9684 955.9642 955.9551 955.9444 955.9406 955.9329 955.9169 955.9286 955.9473 955.9646 955.9736 955.972 955.9679 955.98 956.053 956.1463 956.2327 956.325 956.4255 956.5519 956.738 956.9896 957.3089 957.6603 957.9783 958.0875 958.0794 958.1506 958.2087 958.2045 958.4148 958.894 959.4539 960.0306 960.894 961.9312 963.053 964.0563 964.878 965.4976 966.0062 -9999 -9999 -9999
956.334 956.2653 956.2023 956.1439 956.0941 956.0588 956.0435 956.0508 956.078 956.1165 956.1555 956.1841 956.1957 956.189 956.1683 956.1416 956.1172 956.1007 956.093 956.091 956.0919 956.0938 956.0942 956.0903 956.084 956.0815 956.0883 956.1012 956.1187 956.1505 956.1865 956.221 956.2455 956.2519 956.2483 956.2596 956.3112 956.3961 956.4937 956.5961 956.6839 956.7935 956.993 957.3019 957.7212 958.186 958.5819 958.7772 958.6121 958.3419 958.2963 958.3901 958.6256 959.149 959.9156 960.9562 961.9562 962.9862 964.0145 964.9405 965.6671 966.1933 -9999 -9999 -9999 -9999
956.5308 956.447 956.3655 956.2892 956.2255 956.1821 956.1647 956.1758 956.2115 956.2612 956.3103 956.3448 956.3589 956.3529 956.3317 956.3036 956.2773 956.2594 956.2516 956.2518 956.2556 956.2594 956.259 956.2523 956.245 956.2474 956.2661 956.3 956.3438 956.3979 956.4537 956.503 956.5483 956.5763 956.5732 956.5764 956.6099 956.6827 956.7898 956.9129 956.9735 957.0555 957.2861 957.6738 958.1698 958.6993 959.2008 959.4993 959.2723 958.5195 958.5648 958.7633 959.1793 959.8841 961.0131 962.1805 963.187 964.1585 965.0898 965.9402 966.5991 -9999 -9999 -9999 -9999 -9999
956.7487 956.652 956.5521 956.4584 956.3828 956.3336 956.3167 956.3335 956.3801 956.4443 956.5066 956.5461 956.5601 956.5531 956.5317 956.504 956.4781 956.4608 956.4545 956.4571 956.4639 956.4688 956.4646 956.4482 956.434 956.4374 956.4667 956.5186 956.5818 956.6555 956.7324 956.7894 956.8526 956.9225 956.9278 956.9205 956.9333 956.9793 957.079 957.2443 957.2733 957.319 957.5948 958.0182 958.5342 959.0447 959.5015 959.7869 959.1306 958.6801 959.1013 959.5771 960.2154 961.177 962.3766 963.5432 964.5434 965.4485 966.2621 967.0305 -9999 -9999 -9999 -9999 -9999 -9999
