backend/lakes/data/Keho Lake/keho_dem_tm.asc
ncols         185
nrows         120
xllcorner     638700
yllcorner     5529700
cellsize      50
NODATA_value  -9999
[rows 30 to 59 of 120, columns 66 to 131 of 185]
956.6401 956.6155 956.6022 956.5919 956.5833 956.5816 956.6044 956.6781 956.8016 956.8895 957.0132 957.2124 957.2799 957.2876 957.2988 957.3594 957.5459 957.6335 957.6727 957.759 957.963 958.1746 958.2953 958.314 958.302 958.2406 958.1163 957.9823 957.8367 957.6745 957.5144 957.3801 957.2836 957.2795 957.2715 957.2036 957.2684 957.2794 957.28 957.2802 957.2718 957.2739 957.3491 957.5555 957.6412 957.6959 957.8453 958.0723 958.4091 958.8382 959.3046 959.8239 960.2913 960.8585 961.4223 961.9611 962.4253 962.6938 963.0965 963.5795 963.9584 963.9741 963.8281 -9999 -9999 -9999
956.3098 956.2865 956.2795 956.2749 956.2697 956.2688 956.2853 956.339 956.4354 956.5309 956.6449 956.7723 956.8302 956.8567 956.9056 957.0253 957.223 957.2718 957.2786 957.3257 957.5229 957.6554 957.7168 957.7434 957.7946 957.8044 957.7693 957.7189 957.6533 957.5441 957.4086 957.2777 957.1588 957.1018 957.0618 957.0095 957.0079 956.9917 956.9681 956.9592 956.9581 956.9756 957.0593 957.2377 957.2797 957.312 957.4703 957.6119 957.8257 958.0866 958.4055 958.7761 959.161 959.6079 960.0757 960.7759 961.3386 961.7671 962.1922 962.7345 963.1283 963.1755 963.1986 963.5291 -9999 -9999
956.0065 955.9894 955.9901 955.991 955.989 955.9867 955.9921 956.0253 956.1203 956.2144 956.3173 956.41 956.4644 956.5059 956.5732 956.6929 956.8387 956.9072 956.954 957.046 957.2275 957.2761 957.2881 957.3212 957.4567 957.5066 957.5059 957.4951 957.4926 957.4125 957.2801 957.1337 956.9992 956.9042 956.8326 956.7721 956.736 956.7044 956.6697 956.6504 956.6588 956.6904 956.7726 956.8961 956.9744 957.0703 957.2425 957.3016 957.4629 957.6071 957.8284 958.1107 958.436 958.8068 959.1952 959.6301 960.1644 960.7079 961.0833 961.7217 962.371 962.6133 962.8159 963.1552 963.6477 964.0067
955.7589 955.7491 955.7496 955.7499 955.7498 955.7492 955.7488 955.7618 955.8779 955.9545 956.0522 956.1259 956.1697 956.2062 956.2685 956.3753 956.4875 956.5612 956.6225 956.7156 956.8422 956.9103 956.9665 957.0677 957.2408 957.2755 957.2794 957.2902 957.3613 957.2811 957.1329 956.9659 956.8134 956.6955 956.6043 956.5315 956.4794 956.4389 956.4042 956.3813 956.3855 956.4193 956.4866 956.5833 956.6785 956.794 956.9454 957.0716 957.2438 957.2988 957.4813 957.7216 958.02 958.3832 958.8107 959.308 959.7867 959.6564 959.8746 960.5961 961.4411 961.9818 962.4264 962.8931 963.344 963.7109
955.6365 955.5835 955.5598 955.55 955.5492 955.557 955.5787 955.632 955.7419 955.7585 955.8618 955.9131 955.9359 955.9524 955.9918 956.0937 956.1843 956.2441 956.2949 956.3675 956.4725 956.557 956.6371 956.7443 956.8772 956.9551 957.0278 957.1276 957.2488 957.1253 956.9501 956.7697 956.61 956.4841 956.3878 956.309 956.2502 956.2087 956.1799 956.1612 956.1619 956.1862 956.2343 956.3062 956.3918 956.4993 956.6367 956.7851 956.9491 957.0748 957.2679 957.4855 957.7623 958.1086 958.5171 958.9528 959.1525 959.0569 959.1744 959.6765 960.5922 961.2439 961.8237 962.316 962.7703 963.1201
955.4977 955.4368 955.3998 955.382 955.3802 955.3949 955.43 955.4929 955.5815 955.6447 955.7435 955.7506 955.7498 955.749 955.7593 955.8737 955.9387 955.9703 955.9941 956.0403 956.1453 956.2329 956.3052 956.3848 956.4772 956.5679 956.6833 956.8042 956.8879 956.8204 956.6859 956.5333 956.3922 956.2786 956.1899 956.1144 956.0511 956.0181 955.9968 955.9932 955.9941 956.0066 956.0365 956.0829 956.1436 956.2257 956.3428 956.4914 956.6619 956.8347 957.0416 957.2741 957.5349 957.832 958.1342 958.4125 958.5529 958.554 958.6515 958.9833 959.5702 960.286 960.9412 961.3763 961.745 962.0823
955.3541 955.2957 955.2552 955.2339 955.2317 955.2488 955.2866 955.3454 955.4185 955.4869 955.5557 955.5764 955.585 955.6013 955.645 955.7432 955.7512 955.7504 955.7495 955.7642 955.891 955.9619 956.0033 956.0399 956.0844 956.1557 956.2955 956.4153 956.4789 956.4521 956.3717 956.2705 956.1704 956.0865 956.0173 955.951 955.8854 955.8615 955.8568 955.8704 955.8803 955.8851 955.8967 955.9199 955.9545 956.0045 956.0931 956.2269 956.3941 956.5818 956.7931 957.0262 957.2798 957.5339 957.7174 957.8792 958.028 958.0995 958.1883 958.3932 958.7542 959.2309 959.6886 960.1504 960.4246 960.6075
955.2129 955.1592 955.1202 955.0986 955.0958 955.1122 955.1468 955.1967 955.2554 955.3134 955.3661 955.3977 955.4229 955.4542 955.5024 955.5634 955.5772 955.5796 955.5913 955.6354 955.7409 955.7512 955.7505 955.7496 955.7512 955.7832 955.9509 956.0488 956.0899 956.0831 956.0491 956.0031 955.9549 955.9125 955.8742 955.827 955.7521 955.7496 955.7508 955.7935 955.8065 955.8081 955.8088 955.8149 955.8331 955.855 955.9109 956.016 956.1595 956.3296 956.5209 956.7338 956.9714 957.209 957.288 957.3694 957.564 957.6667 957.7268 957.8203 958.0019 958.2942 958.6609 959.0186 959.2677 959.4905
955.0778 955.0296 954.9941 954.9734 954.97 954.9841 955.0134 955.0537 955.0995 955.1451 955.188 955.2244 955.2596 955.3 955.3466 955.3918 955.4143 955.4272 955.4478 955.4881 955.5434 955.549 955.5387 955.5313 955.5416 955.599 955.7321 955.7539 955.7556 955.7542 955.752 955.7505 955.7496 955.7495 955.7499 955.7476 955.6903 955.6792 955.6989 955.7491 955.7501 955.7499 955.7499 955.7502 955.7731 955.7794 955.8073 955.8734 955.9727 956.0945 956.2335 956.3883 956.564 956.7448 956.8463 956.9526 957.1308 957.1894 957.1962 957.2018 957.2565 957.4313 957.7662 958.0435 958.2449 958.4651
954.9528 954.9105 954.8789 954.8596 954.8549 954.8657 954.8895 954.9213 954.9563 954.9916 955.0267 955.0621 955.1011 955.1447 955.1909 955.2325 955.261 955.282 955.3038 955.3328 955.3601 955.3633 955.3547 955.3506 955.3657 955.4133 955.4848 955.5022 955.5013 955.5028 955.5121 955.528 955.5482 955.5704 955.5912 955.6029 955.587 955.5881 955.6114 955.6478 955.6619 955.6724 955.6868 955.7104 955.7497 955.7501 955.7682 955.7957 955.8407 955.8975 955.9633 956.0382 956.1384 956.287 956.3806 956.4316 956.4584 956.4657 956.4572 956.4494 956.4889 956.6597 956.9982 957.1929 957.3148 957.4924
954.8414 954.8051 954.7776 954.7592 954.7524 954.759 954.7772 954.8019 954.8286 954.8556 954.8839 954.9155 954.9529 954.9958 955.041 955.083 955.1162 955.1412 955.1628 955.1818 955.1957 955.1965 955.1906 955.189 955.2015 955.2324 955.2701 955.2852 955.2887 955.2943 955.3075 955.3286 955.3555 955.3859 955.4161 955.4401 955.4519 955.4681 955.495 955.5272 955.5512 955.5739 955.6019 955.6392 955.6838 955.7147 955.7496 955.7499 955.7498 955.7499 955.7499 955.7513 955.7773 955.9252 955.9906 955.9719 955.8427 955.798 955.7803 955.7711 955.7933 955.9197 956.2203 956.386 956.483 956.6406
954.7463 954.7151 954.6913 954.6736 954.6642 954.6656 954.6776 954.696 954.7162 954.7368 954.759 954.7856 954.8187 954.858 954.9006 954.9424 954.9783 955.0065 955.027 955.0415 955.0482 955.0471 955.0421 955.0408 955.0488 955.0669 955.0876 955.0995 955.1061 955.1146 955.1292 955.1499 955.1759 955.2063 955.2392 955.2709 955.2992 955.3284 955.3613 955.3958 955.4274 955.459 955.496 955.5406 955.5894 955.6326 955.6674 955.6729 955.6616 955.6412 955.6196 955.6107 955.6426 955.7435 955.7542 955.734 955.5736 955.4608 955.3964 955.3677 955.3888 955.4969 955.6923 955.7559 955.7778 955.8455
954.6682 954.6404 954.6191 954.6018 954.5897 954.5857 954.5908 954.6028 954.6176 954.6328 954.6498 954.6714 954.6992 954.7332 954.7712 954.8105 954.847 954.8771 954.8988 954.9115 954.9161 954.9138 954.9087 954.9061 954.91 954.9203 954.9324 954.9417 954.9493 954.9591 954.9734 954.9921 955.0148 955.0411 955.0717 955.1055 955.1411 955.1786 955.218 955.2575 955.2959 955.3344 955.3766 955.4251 955.4761 955.5234 955.5608 955.5774 955.5735 955.5554 955.5344 955.5259 955.5461 955.5907 955.5878 955.5409 955.4145 955.2928 955.2043 955.155 955.1541 955.2113 955.2992 955.325 955.3292 955.3757
954.6057 954.579 954.5586 954.5413 954.5267 954.5172 954.5154 954.5208 954.53 954.5408 954.5531 954.5698 954.5924 954.6207 954.653 954.6879 954.7227 954.7534 954.7768 954.7909 954.796 954.7946 954.7899 954.7861 954.7869 954.7925 954.8005 954.8082 954.8158 954.8256 954.8391 954.8556 954.8744 954.896 954.9219 954.9533 954.9896 955.0295 955.0724 955.1163 955.1603 955.2045 955.2507 955.3014 955.3546 955.4042 955.4447 955.4709 955.481 955.4752 955.4633 955.4579 955.4675 955.4832 955.472 955.4233 955.3271 955.2191 955.1256 955.0613 955.0333 955.0428 955.0674 955.0682 955.0632 955.0922
954.5565 954.5292 954.5074 954.4889 954.4716 954.4573 954.4488 954.4473 954.451 954.4573 954.4656 954.4778 954.4954 954.5183 954.545 954.5745 954.6053 954.635 954.66 954.677 954.6852 954.6865 954.6837 954.6801 954.6791 954.6821 954.6882 954.6952 954.7025 954.7117 954.7239 954.7387 954.7545 954.7719 954.793 954.8199 954.853 954.8911 954.9332 954.978 955.0247 955.0725 955.1222 955.1749 955.2308 955.2839 955.3282 955.3615 955.3829 955.3917 955.3915 955.3915 955.3976 955.4036 955.3923 955.3541 955.2838 955.1956 955.108 955.036 954.9883 954.9642 954.9539 954.939 954.9251 954.9358
954.5185 954.489 954.4642 954.4426 954.4224 954.4034 954.3885 954.3802 954.378 954.3799 954.3843 954.3923 954.4055 954.4238 954.4454 954.4695 954.4954 954.5221 954.5471 954.567 954.5797 954.5854 954.5862 954.5846 954.584 954.5863 954.5917 954.5984 954.6055 954.6138 954.6246 954.6377 954.6516 954.666 954.6827 954.705 954.734 954.7684 954.8076 954.8504 954.8962 954.9443 954.9953 955.0493 955.1071 955.1647 955.2148 955.2544 955.284 955.3036 955.3147 955.3218 955.3297 955.3358 955.3303 955.306 955.2589 955.1921 955.116 955.0439 954.9862 954.9435 954.9132 954.8888 954.8691 954.8652
954.4896 954.457 954.4276 954.4016 954.3777 954.3546 954.3339 954.3185 954.3098 954.3066 954.3073 954.3115 954.3204 954.3346 954.3522 954.3716 954.3925 954.4149 954.4377 954.4587 954.4754 954.4866 954.4924 954.4948 954.4965 954.4998 954.5055 954.5127 954.5201 954.5278 954.5369 954.548 954.5602 954.5728 954.5866 954.6049 954.6296 954.6606 954.6968 954.7371 954.7806 954.8271 954.8768 954.9301 954.9871 955.047 955.1034 955.1506 955.1877 955.2156 955.2349 955.2484 955.26 955.2701 955.2728 955.2617 955.2344 955.189 955.1279 955.0617 955.0014 954.9521 954.9119 954.8809 954.8578 954.8458
954.4683 954.4315 954.3969 954.3654 954.3368 954.3097 954.2841 954.2621 954.2466 954.2378 954.2341 954.2345 954.2394 954.2493 954.2633 954.2793 954.2961 954.3141 954.3333 954.353 954.3713 954.3865 954.3977 954.4053 954.4109 954.4166 954.4237 954.4321 954.4406 954.4482 954.4559 954.465 954.4754 954.4868 954.4993 954.5149 954.5364 954.5646 954.5988 954.6376 954.6796 954.7244 954.7721 954.8228 954.8772 954.9353 954.9946 955.0491 955.0945 955.1304 955.1569 955.1755 955.1902 955.2034 955.2134 955.2141 955.2026 955.1765 955.1331 955.0776 955.02 954.9697 954.9279 954.8929 954.8669 954.8511
954.4535 954.4113 954.3712 954.3338 954.2996 954.2682 954.2388 954.2117 954.1897 954.1744 954.1656 954.1616 954.1622 954.1678 954.1781 954.1912 954.2051 954.2195 954.2349 954.2516 954.2688 954.2854 954.3003 954.3129 954.3229 954.3319 954.3411 954.3512 954.3612 954.3698 954.3773 954.3848 954.3937 954.4042 954.4161 954.4309 954.4506 954.4771 954.5105 954.5492 954.5911 954.6354 954.6823 954.7307 954.7821 954.8367 954.8939 954.951 955.0034 955.0475 955.0818 955.1064 955.1241 955.1393 955.1531 955.1631 955.1646 955.155 955.1298 955.0878 955.0385 954.989 954.9481 954.9136 954.8855 954.8667
954.4434 954.3944 954.3487 954.3057 954.266 954.2297 954.1968 954.1663 954.1392 954.1177 954.1031 954.0944 954.0904 954.0911 954.0968 954.1066 954.1183 954.1304 954.1427 954.1561 954.1708 954.1862 954.2019 954.2171 954.2308 954.243 954.2546 954.2665 954.2781 954.2886 954.2968 954.3039 954.3119 954.3219 954.3342 954.3497 954.3698 954.3964 954.4303 954.4701 954.5134 954.5587 954.6055 954.6539 954.703 954.7543 954.8075 954.8629 954.917 954.9662 955.0074 955.0392 955.0621 955.0803 955.0966 955.1125 955.1248 955.1289 955.1211 955.0958 955.0562 955.013 954.9713 954.9379 954.91 954.8894
954.4363 954.3793 954.3277 954.2798 954.235 954.1943 954.1576 954.1245 954.0942 954.0679 954.0479 954.0339 954.0252 954.0209 954.0213 954.0264 954.0351 954.0454 954.056 954.067 954.0789 954.092 954.1062 954.1213 954.1365 954.1509 954.1644 954.1776 954.1907 954.2026 954.2126 954.2207 954.2289 954.2391 954.2526 954.2701 954.2925 954.3213 954.3572 954.3993 954.4452 954.4928 954.5414 954.5905 954.6394 954.6878 954.7376 954.789 954.8406 954.8892 954.9327 954.9697 954.9993 955.0233 955.0448 955.0659 955.0875 955.1036 955.1115 955.1038 955.0781 955.0413 955.0038 954.9689 954.9406 954.9197
954.4304 954.3649 954.307 954.2545 954.2061 954.1615 954.1213 954.0853 954.0531 954.024 953.9996 953.9808 953.9674 953.9584 953.9535 953.9531 953.9573 953.9647 953.9736 953.9833 953.9933 954.0043 954.0164 954.0297 954.0443 954.0591 954.0734 954.0873 954.1007 954.1138 954.1255 954.1354 954.1448 954.1563 954.1715 954.1919 954.2181 954.251 954.2906 954.3364 954.3861 954.4372 954.4886 954.5399 954.5892 954.6366 954.6829 954.7298 954.7762 954.8199 954.8601 954.897 954.9309 954.9622 954.9923 955.0219 955.0526 955.0816 955.1029 955.1122 955.1028 955.077 955.0435 955.0109 954.9816 954.9596
954.4246 954.3506 954.2863 954.2296 954.1783 954.1311 954.088 954.0494 954.0151 953.9845 953.9574 953.9348 953.9171 953.9039 953.8945 953.8889 953.8876 953.8905 953.8965 953.9044 953.9133 953.9231 953.9335 953.9449 953.9576 953.9713 953.9854 953.9992 954.0125 954.0254 954.038 954.0497 954.0612 954.0745 954.0923 954.1163 954.1471 954.1852 954.2303 954.281 954.3354 954.391 954.4465 954.5006 954.5518 954.5984 954.642 954.6835 954.7231 954.7592 954.792 954.8236 954.8572 954.8937 954.9332 954.9751 955.0165 955.0585 955.0942 955.1179 955.1254 955.114 955.0894 955.0598 955.0328 955.0117
954.4174 954.3364 954.2664 954.2055 954.1518 954.103 954.0582 954.0173 953.9812 953.949 953.9204 953.8953 953.8741 953.8573 953.8441 953.8343 953.8279 953.8257 953.8274 953.8323 953.8393 953.8478 953.8573 953.8673 953.8781 953.89 953.9028 953.9161 953.9288 953.9411 953.9536 953.9665 953.98 953.9957 954.0166 954.0445 954.0802 954.124 954.1754 954.2323 954.2924 954.3535 954.4141 954.4722 954.5255 954.5723 954.6127 954.6486 954.6798 954.7065 954.7297 954.7535 954.7828 954.8209 954.8678 954.9208 954.9765 955.0291 955.0798 955.1173 955.1393 955.1438 955.1321 955.1109 955.0887 955.072
954.4078 954.3221 954.2481 954.1837 954.1274 954.0774 954.032 953.9902 953.9525 953.9189 953.8889 953.8621 953.8385 953.8184 953.8018 953.7886 953.7784 953.7717 953.7688 953.7695 953.7734 953.7796 953.7876 953.7965 953.8059 953.8161 953.8274 953.8395 953.8516 953.863 953.8749 953.8879 953.9031 953.9216 953.9457 953.9775 954.0181 954.0676 954.1252 954.189 954.2559 954.3235 954.3901 954.4527 954.5085 954.5557 954.5933 954.6227 954.645 954.6615 954.6744 954.6898 954.7137 954.7507 954.8015 954.8632 954.9296 954.9958 955.0546 955.1066 955.1415 955.16 955.1632 955.1547 955.1423 955.1344
954.3964 954.3079 954.2318 954.1653 954.1069 954.0554 954.0097 953.9681 953.9297 953.895 953.8639 953.8357 953.8101 953.7874 953.7678 953.7515 953.7383 953.7283 953.7216 953.7183 953.7184 953.7212 953.7266 953.7335 953.7415 953.7502 953.7596 953.7702 953.7813 953.7922 953.8033 953.816 953.8319 953.8527 953.88 953.9156 953.9608 954.0156 954.0792 954.1498 954.2239 954.299 954.3724 954.4406 954.499 954.546 954.5808 954.6042 954.6178 954.6243 954.6281 954.6358 954.6552 954.6908 954.7428 954.8085 954.8824 954.9567 955.0259 955.0837 955.1315 955.1631 955.1804 955.1868 955.1885 955.1941
954.3848 954.2954 954.2181 954.1508 954.0913 954.0389 953.9924 953.951 953.9131 953.8781 953.8459 953.8165 953.7896 953.7648 953.7427 953.7236 953.7076 953.6949 953.6852 953.6787 953.6754 953.6748 953.6767 953.6805 953.6863 953.6932 953.7009 953.7094 953.7188 953.7289 953.7395 953.752 953.7682 953.7904 953.8203 953.8593 953.9084 953.9679 954.0369 954.1134 954.1947 954.2775 954.3583 954.4324 954.494 954.5406 954.5727 954.5913 954.598 954.5963 954.5928 954.5954 954.6117 954.6465 954.6988 954.765 954.8405 954.9191 954.9932 955.0588 955.1127 955.157 955.1896 955.2117 955.2299 955.2523
954.3755 954.2867 954.2092 954.1414 954.0815 954.0288 953.9819 953.9401 953.9025 953.8677 953.8353 953.8052 953.7772 953.7511 953.7271 953.7056 953.6869 953.6714 953.6593 953.6502 953.6441 953.6405 953.6392 953.6396 953.6423 953.6467 953.6524 953.6588 953.6661 953.6747 953.6847 953.697 953.7133 953.7362 953.7678 953.8091 953.8613 953.9247 953.9981 954.08 954.1672 954.2567 954.3444 954.4243 954.4899 954.537 954.5671 954.5825 954.5852 954.5789 954.5712 954.5712 954.5863 954.6206 954.6725 954.7369 954.8098 954.8867 954.9629 955.0332 955.0959 955.1508 955.1993 955.24 955.2765 955.3177
954.3715 954.2845 954.2072 954.1389 954.0789 954.0259 953.979 953.9369 953.8988 953.8643 953.8322 953.8018 953.7731 953.7461 953.7208 953.6975 953.6768 953.6589 953.6444 953.6328 953.6241 953.6178 953.6138 953.6115 953.6111 953.6124 953.6155 953.6199 953.6252 953.632 953.6409 953.6528 953.6691 953.6921 953.7242 953.7668 953.8209 953.8867 953.9634 954.0493 954.1412 954.236 954.3287 954.4132 954.4824 954.5319 954.5623 954.577 954.5795 954.5732 954.5652 954.5649 954.5802 954.6138 954.6638 954.725 954.7925 954.8643 954.9386 955.0128 955.0853 955.156 955.2241 955.2861 955.3428 955.4055
954.3757 954.2903 954.2136 954.1453 954.0847 954.0314 953.9844 953.9423 953.904 953.8691 953.8369 953.8064 953.7773 953.7497 953.7235 953.6991 953.6769 953.6573 953.6406 953.6267 953.6157 953.6069 953.6 953.5952 953.592 953.5906 953.5908 953.593 953.5969 953.6022 953.6098 953.621 953.6371 953.66 953.6918 953.7344 953.7891 953.8558 953.934 954.022 954.1168 954.2145 954.3101 954.3972 954.4692 954.5219 954.5562 954.5748 954.5812 954.5793 954.5752 954.577 954.5924 954.6242 954.6704 954.7267 954.7887 954.8548 954.926 955.0034 955.0883 955.1809 955.2773 955.3674 955.4445 955.5348
