backend/lakes/data/Keho Lake/keho_dem_tm.asc
ncols         185
nrows         120
xllcorner     638700
yllcorner     5529700
cellsize      50
NODATA_value  -9999
[rows 30 to 59 of 120, columns 0 to 65 of 185]
-9999 -9999 -9999 -9999 -9999 -9999 -9999 -9999 -9999 -9999 -9999 -9999 -9999 -9999 -9999 -9999 -9999 959.9 959.9469 960.0002 959.944 959.5795 958.8878 958.7506 959.0059 959.4943 959.8867 959.1479 959.2661 959.7887 960.6118 960.9985 961.0981 961.0005 960.9795 961.269 -9999 -9999 -9999 962.7965 962.9702 963.0263 963.1204 -9999 -9999 -9999 961.7332 961.0861 960.907 960.8745 960.9214 961.0005 961.0715 961.1256 961.3086 961.5114 961.4294 960.7859 959.7244 958.8593 958.1673 957.6415 957.2637 956.9828 956.7931 956.692
-9999 -9999 -9999 -9999 -9999 -9999 -9999 -9999 -9999 -9999 -9999 -9999 -9999 -9999 -9999 -9999 959.7976 959.7739 959.8278 959.9197 959.9569 959.7612 958.9662 958.7937 958.9768 959.2888 959.4141 958.9652 958.8931 959.4497 960.1891 960.744 960.9267 960.8148 960.823 961.1164 961.7866 -9999 962.3578 962.4683 962.5751 962.6755 962.84 962.7188 962.3976 962.0236 961.6198 961.086 960.9056 960.7583 960.744 960.8951 961.0023 961.0121 961.1649 961.4014 961.3361 960.5908 959.5396 958.5636 957.8054 957.2798 956.9161 956.656 956.4791 956.3723
-9999 -9999 -9999 -9999 -9999 -9999 -9999 -9999 -9999 -9999 -9999 -9999 -9999 -9999 -9999 959.7878 959.6447 959.585 959.6118 959.6995 959.7843 959.7324 958.9944 958.7965 958.8669 959.0104 959.027 958.8296 958.8429 959.2791 959.9211 960.3531 960.4026 960.412 960.575 960.955 961.4862 961.9052 962.0153 962.0283 962.019 962.0231 962.1507 962.2192 962.0459 961.8236 961.5348 961.1659 960.8871 960.4839 960.3286 960.5826 960.6795 960.4735 960.5095 960.7242 960.4532 960.272 959.2108 958.166 957.3892 956.903 956.5737 956.3417 956.1826 956.0819
-9999 -9999 -9999 -9999 -9999 -9999 -9999 -9999 -9999 -9999 -9999 -9999 -9999 -9999 -9999 959.5994 959.4702 959.3782 959.338 959.3371 959.334 959.331 958.954 958.7721 958.7563 958.7924 958.7731 958.6873 958.7145 958.9448 959.2396 959.3738 959.5622 959.8036 960.1644 960.6009 961.0568 961.4529 961.63 961.6095 961.4494 961.2659 961.416 961.644 961.6184 961.512 961.3341 960.9958 960.4819 959.8896 959.5588 959.9442 959.802 959.4479 959.3685 959.481 959.4651 959.2646 958.457 957.5876 956.978 956.566 956.2813 956.0786 955.9388 955.8613
-9999 -9999 -9999 -9999 -9999 -9999 -9999 -9999 -9999 -9999 -9999 -9999 -9999 -9999 -9999 959.5466 959.4221 959.2896 959.1558 959.019 958.856 958.8967 958.7834 958.6906 958.6561 958.6441 958.6104 958.5576 958.5579 958.6443 958.75 958.7992 958.9135 959.2676 959.7915 960.2626 960.6858 961.0411 961.2736 961.2246 960.9103 960.4877 960.5004 960.7234 960.945 960.9922 960.9526 960.6342 959.951 959.2226 958.9175 958.9614 958.8437 958.6151 958.5303 958.5697 958.5539 958.3337 957.6752 957.0829 956.6254 956.294 956.0565 955.8818 955.7563 955.7419
-9999 -9999 -9999 -9999 -9999 -9999 -9999 -9999 -9999 -9999 -9999 -9999 -9999 -9999 959.7028 959.6868 959.6449 959.4789 959.2538 958.9531 958.8474 958.7562 958.6837 958.6244 958.586 958.5536 958.5134 958.4673 958.4448 958.4658 958.5125 958.5726 958.7101 959.025 959.6422 960.0408 960.3771 960.6987 960.9446 960.8435 960.3012 959.5472 959.3568 959.6092 960.1419 960.2868 960.33 959.9159 959.3358 958.7352 958.3835 958.2388 958.0927 957.9106 957.84 957.838 957.7665 957.4898 957.0809 956.6776 956.3416 956.0836 955.892 955.7477 955.6329 955.5784
-9999 -9999 -9999 -9999 -9999 -9999 -9999 -9999 -9999 -9999 -9999 -9999 -9999 -9999 -9999 959.9058 959.9749 959.8277 959.7035 959.5519 959.0726 958.7852 958.6556 958.5887 958.55 958.5049 958.4614 958.4187 958.3902 958.3983 958.4587 958.5878 958.8331 959.2849 959.7499 959.9541 960.0466 960.2371 960.4323 960.3907 959.61 959.0195 958.8004 958.9478 959.3079 959.6971 959.4211 959.0676 958.6843 958.2537 957.921 957.7069 957.5532 957.3493 957.2871 957.2736 957.2045 956.9546 956.6523 956.364 956.1133 955.9097 955.7479 955.6088 955.4996 955.4252
-9999 -9999 -9999 -9999 -9999 -9999 -9999 -9999 -9999 -9999 -9999 -9999 -9999 -9999 -9999 959.9997 960.0308 959.9996 960.0424 959.9968 959.6197 959.0363 958.7783 958.6335 958.5465 958.481 958.4274 958.3854 958.3651 958.38 958.467 958.6527 958.9596 959.3375 959.2245 959.6019 959.6024 959.6124 959.7098 959.7048 959.1843 958.7167 958.505 958.587 958.8699 959.1635 958.9337 958.5856 958.225 957.8612 957.5513 957.318 957.2222 957.0132 956.8877 956.8114 956.7101 956.5238 956.308 956.1108 955.9203 955.7488 955.5952 955.4633 955.358 955.2789
-9999 -9999 -9999 -9999 -9999 -9999 -9999 -9999 -9999 -9999 -9999 -9999 -9999 -9999 -9999 959.9989 959.9819 960.0087 960.2856 960.4224 960.066 959.5154 959.0492 958.7499 958.5785 958.4739 958.4013 958.351 958.3281 958.349 958.4347 958.5974 958.8158 958.9876 958.9006 958.9578 959.0255 958.9357 958.9736 959.0417 958.7873 958.4661 958.2791 958.2964 958.4622 958.6124 958.4943 958.2038 957.8739 957.5522 957.2739 957.0448 956.8899 956.7047 956.5536 956.4344 956.3144 956.173 956.016 955.9033 955.7502 955.5917 955.4441 955.3173 955.216 955.1386
-9999 -9999 -9999 -9999 -9999 -9999 -9999 -9999 -9999 -9999 -9999 -9999 -9999 -9999 -9999 -9999 959.9512 960.0323 960.512 960.9126 960.6154 960.0071 959.2978 958.843 958.5952 958.4578 958.3698 958.3106 958.2821 958.294 958.3552 958.4678 958.6031 958.6902 958.6689 958.6961 958.7692 958.6878 958.6802 958.6792 958.5043 958.2507 958.0648 958.0194 958.0834 958.1409 958.0606 957.8448 957.5642 957.2807 957.0242 956.8017 956.6176 956.436 956.2732 956.1302 956.0018 955.9036 955.7663 955.7375 955.5955 955.4408 955.2981 955.1768 955.0804 955.0076
-9999 -9999 -9999 -9999 -9999 -9999 -9999 -9999 -9999 -9999 -9999 -9999 -9999 -9999 -9999 -9999 959.964 960.0539 960.5549 960.9937 960.924 960.3925 959.4191 958.8624 958.5704 958.4163 958.3225 958.2596 958.2252 958.2216 958.2515 958.3169 958.3981 958.4546 958.4599 958.4695 958.4954 958.4734 958.4724 958.4379 958.2792 958.0459 957.8491 957.7524 957.7487 957.7472 957.6688 957.5228 957.2872 957.0393 956.8007 956.5845 956.3932 956.2158 956.0518 955.8987 955.7626 955.738 955.6189 955.5409 955.4196 955.2845 955.1563 955.0457 954.957 954.8901
-9999 -9999 -9999 -9999 -9999 -9999 -9999 -9999 -9999 -9999 -9999 -9999 -9999 -9999 -9999 -9999 -9999 960.1311 960.4866 960.8286 960.8943 960.3656 959.5882 958.8878 958.5477 958.3668 958.2631 958.198 958.1603 958.1424 958.1439 958.171 958.2169 958.2572 958.2661 958.2543 958.2416 958.2307 958.2321 958.1868 958.036 957.8179 957.6281 957.5035 957.4734 957.438 957.3149 957.2621 957.0656 956.8334 956.6025 956.3903 956.2028 956.0378 955.8877 955.7477 955.619 955.5491 955.4502 955.3569 955.2487 955.1339 955.0245 954.9283 954.8497 954.7897
-9999 -9999 -9999 -9999 -9999 -9999 -9999 -9999 -9999 -9999 -9999 -9999 -9999 -9999 -9999 -9999 -9999 960.0926 960.275 960.4178 960.4121 960.0675 959.6414 958.945 958.5706 958.3502 958.214 958.1355 958.0932 958.069 958.0488 958.0433 958.0597 958.086 958.0898 958.0586 958.0087 957.9706 957.9497 957.8923 957.7491 957.5573 957.4184 957.2882 957.2795 957.2708 957.1497 957.046 956.871 956.6534 956.4272 956.2161 956.0332 955.8848 955.7484 955.6097 955.4847 955.3884 955.2905 955.1948 955.0968 954.9994 954.9083 954.8278 954.7604 954.7073
-9999 -9999 -9999 -9999 -9999 -9999 -9999 -9999 -9999 -9999 -9999 -9999 -9999 -9999 -9999 -9999 -9999 -9999 960.0614 960.0236 959.986 959.7054 959.4721 959.0691 958.6766 958.391 958.205 958.0967 958.0424 958.0121 957.98 957.9455 957.9277 957.9351 957.9316 957.8903 957.8141 957.7371 957.6776 957.6 957.4642 957.2997 957.2714 957.17 957.1274 957.0889 956.9922 956.8752 956.7104 956.5046 956.2808 956.0656 955.88 955.748 955.616 955.485 955.3635 955.2572 955.1572 955.0624 954.9722 954.8879 954.8118 954.7451 954.6884 954.6418
-9999 -9999 -9999 -9999 -9999 -9999 -9999 -9999 -9999 -9999 -9999 -9999 -9999 -9999 -9999 -9999 -9999 -9999 959.998 959.9375 959.9985 960.0072 959.9193 959.4658 958.9067 958.5018 958.2505 958.1078 958.0375 957.9983 957.9548 957.8947 957.8349 957.8118 957.7915 957.7522 957.6698 957.5695 957.4784 957.3877 957.2809 957.1746 957.126 957.0558 957.0026 956.9462 956.8576 956.7411 956.5862 956.3922 956.175 955.9562 955.7563 955.6323 955.5104 955.3868 955.268 955.1587 955.0575 954.9641 954.8791 954.8033 954.7371 954.6804 954.6321 954.5909
-9999 -9999 -9999 -9999 -9999 -9999 -9999 -9999 -9999 -9999 -9999 -9999 -9999 -9999 -9999 -9999 -9999 -9999 959.9309 959.8993 960.1027 960.4905 960.6234 960.0554 959.22 958.6765 958.3589 958.1884 958.1086 958.0588 957.9992 957.9152 957.8206 957.7427 957.6811 957.6461 957.5745 957.475 957.3749 957.2808 957.2062 957.1231 957.0551 956.985 956.9222 956.855 956.7661 956.6512 956.504 956.3236 956.1219 955.9221 955.7476 955.593 955.457 955.3293 955.2084 955.0964 954.9941 954.9016 954.8192 954.7475 954.686 954.6343 954.5905 954.5524
-9999 -9999 -9999 -9999 -9999 -9999 -9999 -9999 -9999 -9999 -9999 -9999 -9999 -9999 -9999 -9999 -9999 -9999 -9999 960.0364 960.4731 960.9218 960.9694 960.5543 959.673 958.9451 958.548 958.3533 958.2795 958.2171 958.126 958.0046 957.869 957.7443 957.6473 957.5861 957.5206 957.4379 957.3547 957.2802 957.2223 957.1382 957.0529 956.9719 956.8971 956.8217 956.7306 956.6154 956.472 956.3007 956.1099 955.9183 955.7472 955.5883 955.4467 955.3139 955.1881 955.0718 954.9669 954.8737 954.7916 954.7205 954.6594 954.6074 954.5633 954.5248
-9999 -9999 -9999 -9999 -9999 -9999 -9999 -9999 -9999 -9999 -9999 -9999 -9999 -9999 -9999 -9999 -9999 -9999 -9999 -9999 960.837 961.0481 960.9998 960.6227 959.9413 959.2858 958.833 958.6128 958.5731 958.4866 958.3369 958.1544 957.9661 957.7953 957.6588 957.5638 957.4938 957.4297 957.3704 957.3174 957.2791 957.1879 957.0947 957.0085 956.9254 956.8441 956.7538 956.6406 956.4985 956.3311 956.1449 955.9489 955.7563 955.6215 955.4829 955.3428 955.2078 955.0839 954.9736 954.8774 954.7932 954.7195 954.655 954.5989 954.55 954.5073
-9999 -9999 -9999 -9999 -9999 -9999 -9999 -9999 -9999 -9999 -9999 -9999 -9999 -9999 -9999 -9999 -9999 -9999 -9999 -9999 961.001 961.0011 960.9056 960.6071 960.1272 959.6301 959.2344 958.9935 959.027 958.8685 958.6142 958.344 958.0947 957.8804 957.7095 957.5836 957.4962 957.4323 957.3789 957.33 957.2803 957.2257 957.1526 957.079 956.9969 956.9155 956.8309 956.7255 956.5868 956.4249 956.2509 956.0715 955.8969 955.7479 955.5859 955.4232 955.2698 955.1323 955.0128 954.91 954.8204 954.7411 954.67 954.6062 954.5493 954.4988
-9999 -9999 -9999 -9999 -9999 -9999 -9999 -9999 -9999 -9999 -9999 -9999 -9999 -9999 -9999 -9999 -9999 -9999 -9999 -9999 -9999 960.9249 960.8145 960.6093 960.3114 959.9993 959.7568 959.6375 959.6539 959.3141 958.9142 958.5444 958.2383 957.9916 957.7961 957.6472 957.5392 957.4633 957.4058 957.3589 957.3176 957.2797 957.2213 957.1736 957.0958 957.0241 956.9539 956.8639 956.7296 956.5773 956.4231 956.2679 956.1068 955.9373 955.75 955.557 955.3763 955.2184 955.085 954.9718 954.8724 954.7827 954.7007 954.6259 954.5582 954.4976
-9999 -9999 -9999 -9999 -9999 -9999 -9999 -9999 -9999 -9999 -9999 -9999 -9999 -9999 -9999 -9999 -9999 -9999 -9999 -9999 -9999 -9999 960.7631 960.657 960.5115 960.353 960.2239 960.1173 959.9619 959.6211 959.1815 958.7391 958.3948 958.135 957.9241 957.7545 957.6248 957.5286 957.4578 957.4043 957.3615 957.3224 957.2807 957.2781 957.1989 957.1504 957.1106 957.0494 956.9124 956.775 956.6528 956.5327 956.3893 956.202 955.9849 955.7525 955.5342 955.3466 955.1927 955.0641 954.9495 954.8431 954.7445 954.6544 954.5732 954.5006
-9999 -9999 -9999 -9999 -9999 -9999 -9999 -9999 -9999 -9999 -9999 -9999 -9999 -9999 -9999 -9999 -9999 -9999 -9999 -9999 -9999 -9999 -9999 960.7784 960.7384 960.6896 960.6447 960.5806 960.396 959.9769 959.4948 958.9886 958.6049 958.3362 958.1066 957.9058 957.7446 957.6227 957.5327 957.4679 957.422 957.3864 957.3574 957.3366 957.2824 957.2795 957.2811 957.2659 957.1123 957.0069 956.9373 956.87 956.7571 956.55 956.3046 956.0301 955.7563 955.5244 955.3409 955.1906 955.052 954.9208 954.7988 954.6888 954.5914 954.5056
-9999 -9999 -9999 -9999 -9999 -9999 -9999 -9999 -9999 -9999 -9999 -9999 -9999 -9999 -9999 -9999 -9999 -9999 -9999 -9999 -9999 -9999 -9999 -9999 961.0015 960.9995 961.0004 960.9934 960.8815 960.4469 959.9395 959.3831 958.9548 958.6556 958.3637 958.0974 957.8851 957.729 957.619 957.5446 957.4988 957.4716 957.4569 957.4476 957.4342 957.4374 957.4497 957.4232 957.3055 957.2845 957.2904 957.2891 957.2191 956.9801 956.7188 956.3989 956.0641 955.7611 955.5323 955.3519 955.1774 955.0103 954.8582 954.7245 954.6091 954.5099
-9999 -9999 -9999 -9999 -9999 -9999 -9999 -9999 -9999 -9999 -9999 -9999 -9999 -9999 -9999 -9999 -9999 -9999 -9999 -9999 -9999 -9999 -9999 -9999 -9999 961.2544 961.2296 961.1973 961.0957 960.8367 960.5459 960.2222 959.5412 959.1545 958.7026 958.3103 958.0242 957.8303 957.7026 957.6245 957.5852 957.5742 957.5813 957.5983 957.6162 957.6426 957.6722 957.691 957.6642 957.694 957.7604 957.8016 957.7313 957.4905 957.2475 956.8607 956.4448 956.0646 955.7614 955.5406 955.3115 955.0982 954.9125 954.755 954.6227 954.5116
-9999 -9999 -9999 -9999 -9999 -9999 -9999 -9999 -9999 -9999 -9999 -9999 -9999 -9999 -9999 -9999 -9999 -9999 -9999 -9999 -9999 -9999 -9999 -9999 -9999 -9999 961.3485 961.2764 961.1718 961.0394 960.9337 960.8162 960.2896 959.7795 959.041 958.4872 958.1282 957.9077 957.7745 957.7012 957.6759 957.6884 957.7247 957.7753 957.8271 957.8821 957.9448 958.0215 958.0698 958.1551 958.2869 958.3983 958.4028 958.2545 957.9438 957.4111 956.8629 956.3783 956.0005 955.7227 955.4187 955.1594 954.9467 954.7722 954.6281 954.5083
-9999 -9999 -9999 -9999 -9999 -9999 -9999 -9999 -9999 -9999 -9999 -9999 -9999 -9999 -9999 -9999 -9999 -9999 -9999 -9999 -9999 -9999 -9999 -9999 -9999 -9999 -9999 961.2787 961.1586 961.0394 961.0003 960.9753 960.6844 960.1887 959.1666 958.5459 958.1721 957.9552 957.833 957.7743 957.7692 957.8105 957.8824 957.9705 958.0585 958.1444 958.2385 958.3553 958.4578 958.5919 958.7837 958.9707 959.0784 959.0578 958.7416 958.0438 957.2618 956.6278 956.139 955.7568 955.4364 955.1689 954.95 954.7712 954.6235 954.5003
-9999 -9999 -9999 -9999 -9999 -9999 -9999 -9999 -9999 -9999 -9999 -9999 -9999 -9999 -9999 -9999 -9999 -9999 -9999 -9999 -9999 -9999 -9999 -9999 -9999 -9999 -9999 -9999 961.1412 961.003 961.001 961.0022 960.7603 960.1023 959.1132 958.5358 958.1903 957.9953 957.8931 957.8534 957.8708 957.9419 958.0532 958.1802 958.3031 958.4137 958.5253 958.66 958.7825 958.9301 959.1434 959.3586 959.5457 959.7852 959.469 958.5499 957.511 956.7769 956.2105 955.7578 955.4163 955.1466 954.9305 954.7554 954.6107 954.4889
-9999 -9999 -9999 -9999 -9999 -9999 -9999 -9999 -9999 -9999 -9999 -9999 -9999 -9999 -9999 -9999 -9999 -9999 -9999 -9999 -9999 -9999 -9999 -9999 -9999 -9999 -9999 -9999 -9999 -9999 961.1419 961.1161 960.8729 960.1113 959.1694 958.6037 958.2583 958.0697 957.9788 957.9542 957.9916 958.0917 958.2406 958.4067 958.5576 958.6798 958.7887 958.9086 959.0227 959.1323 959.2919 959.4021 959.3688 959.3299 959.6671 958.7319 957.6141 956.8654 956.2594 955.7564 955.3886 955.1135 954.9017 954.7332 954.5945 954.4772
-9999 -9999 -9999 -9999 -9999 -9999 -9999 -9999 -9999 -9999 -9999 -9999 -9999 -9999 -9999 -9999 -9999 -9999 -9999 -9999 -9999 -9999 -9999 -9999 -9999 -9999 -9999 -9999 -9999 -9999 961.2911 961.2082 960.9297 960.2198 959.4471 958.8148 958.4233 958.2191 958.1179 958.0956 958.1478 958.2723 958.4569 958.6585 958.8253 958.9395 959.0195 959.0958 959.173 959.2174 959.2933 959.3212 959.2014 959.1432 959.1652 958.5157 957.6116 956.9581 956.324 955.7626 955.365 955.0823 954.8745 954.7135 954.5818 954.4695
-9999 -9999 -9999 -9999 -9999 -9999 -9999 -9999 -9999 -9999 -9999 -9999 -9999 -9999 -9999 -9999 -9999 -9999 -9999 -9999 -9999 -9999 -9999 -9999 -9999 -9999 -9999 -9999 -9999 -9999 961.4197 961.2577 960.9351 960.2885 959.7373 959.1071 958.686 958.4797 958.3392 958.298 958.3588 958.4995 958.7158 958.9506 959.1154 959.1924 959.2133 959.2223 959.2388 959.2239 959.2111 959.1995 959.0958 959.0073 958.8411 958.3668 957.7273 957.1345 956.4211 955.7794 955.3505 955.0613 954.8574 954.7035 954.5785 954.4708
