backend/lakes/data/Jessie Lake/jess_dem_tm.asc
ncols         130
nrows         102
xllcorner     774400
yllcorner     6015150
cellsize      50
NODATA_value  -9999
[rows 30 to 59 of 102, columns 0 to 67 of 130]
-9999 -9999 -9999 -9999 -9999 -9999 -9999 -9999 -9999 -9999 -9999 -9999 -9999 -9999 -9999 -9999 548.0354 547.6869 547.3005 546.8424 546.2171 546.0288 545.6653 545.384 545.3365 545.5342 545.9636 546.0467 545.6315 545.4241 545.4515 545.3942 545.3159 545.2944 545.3633 545.4715 545.498 545.2275 544.8201 544.4717 544.241 544.0062 543.7237 543.3278 543.0093 542.8392 542.843 542.9963 543.2277 543.4558 543.7191 543.8373 543.8383 543.9299 544.3252 545.0236 546.1652 547.6934 549.3983 551.0617 552.48 553.5273 554.1667 554.5186 554.6496 -9999 -9999 -9999
-9999 -9999 -9999 -9999 -9999 -9999 -9999 -9999 -9999 -9999 -9999 -9999 -9999 -9999 -9999 -9999 547.775 547.5396 547.2779 546.989 546.6767 546.0287 545.4791 545.2274 545.3588 545.8123 546.5328 546.4498 545.9328 545.7942 545.9976 545.862 545.6472 545.4913 545.4669 545.5 545.4528 545.0176 544.5289 544.1619 543.9766 543.7802 543.5439 543.2362 542.9559 542.769 542.7061 542.7614 542.8958 543.0599 543.2193 543.2864 543.295 543.3716 543.6429 544.069 544.9338 546.1661 547.6395 549.3497 551.0279 552.4892 553.5749 554.2101 554.4869 -9999 -9999 -9999
-9999 -9999 -9999 -9999 -9999 -9999 -9999 -9999 -9999 -9999 -9999 -9999 -9999 -9999 -9999 -9999 548.5415 548.4553 548.2031 547.9337 547.5472 546.425 545.5939 545.3 545.5864 546.2907 547.0112 547.093 546.776 546.6635 546.7427 546.516 546.1199 545.7538 545.5833 545.4902 545.2003 544.6898 544.1652 543.8235 543.7551 543.593 543.4003 543.1688 542.9372 542.7495 542.6371 542.6123 542.6656 542.7665 542.8705 542.9229 542.9341 542.9713 543.1074 543.3863 543.9706 544.9261 546.1722 547.6637 549.4051 551.1537 552.6464 553.689 554.1918 554.2555 -9999 -9999
-9999 -9999 -9999 -9999 -9999 -9999 -9999 -9999 -9999 -9999 -9999 -9999 -9999 -9999 -9999 -9999 549.3415 549.3251 549.1692 548.8596 548.2935 547.0853 545.9171 545.5693 545.9901 546.9302 547.7376 547.9291 547.663 547.6028 547.7544 547.5301 546.8458 546.1741 545.7625 545.4573 544.9799 544.4003 543.8522 543.5988 543.5184 543.4143 543.2825 543.1198 542.9388 542.7629 542.6196 542.5327 542.5166 542.5639 542.6398 542.6957 542.7162 542.7303 542.7893 542.9635 543.3669 544.0641 545.0915 546.394 547.9561 549.8029 551.5703 552.9504 553.7922 554.0162 -9999 -9999
-9999 -9999 -9999 -9999 -9999 -9999 -9999 -9999 -9999 -9999 -9999 -9999 -9999 -9999 -9999 -9999 549.9491 549.9976 549.908 549.5229 548.7873 547.586 546.4774 546.2094 546.7598 547.6634 548.4158 548.693 548.3608 548.3558 548.6743 548.5624 547.9268 547.1258 546.1984 545.5421 544.9233 544.2988 543.7778 543.5217 543.4146 543.3256 543.2241 543.1051 542.965 542.8066 542.6471 542.5137 542.437 542.4341 542.4869 542.5521 542.594 542.6118 542.6435 542.7594 543.0593 543.6202 544.4089 545.5491 547.012 548.7591 550.6415 552.1943 553.2373 553.784 -9999 -9999
-9999 -9999 -9999 -9999 -9999 -9999 -9999 -9999 -9999 -9999 -9999 -9999 -9999 -9999 -9999 -9999 -9999 550.2867 550.2694 549.9551 549.23 548.1799 547.2509 547.0154 547.4172 548.1409 548.8364 549.0774 549.017 549.0811 549.3007 549.2477 548.7974 547.9914 546.9411 545.9172 545.0976 544.3839 543.8304 543.5798 543.4525 543.3532 543.2507 543.1441 543.0259 542.884 542.719 542.5524 542.4222 542.3652 542.3872 542.4534 542.5191 542.561 542.5963 542.684 542.9031 543.3208 543.9669 545.0002 546.373 548.0591 549.9703 551.567 552.627 553.1667 553.1873 552.759
-9999 -9999 -9999 -9999 -9999 -9999 -9999 -9999 -9999 -9999 -9999 -9999 -9999 -9999 -9999 -9999 -9999 -9999 550.3761 550.2332 549.7314 548.817 547.9769 547.6733 547.8641 548.3768 548.8277 549.2037 549.4542 549.6392 549.7551 549.6931 549.3481 548.6797 547.6409 546.4322 545.3986 544.6048 544.0558 543.7714 543.6039 543.4799 543.3612 543.2441 543.1281 542.9958 542.8334 542.6478 542.4735 542.3591 542.3339 542.3832 542.4618 542.5332 542.5942 542.6843 542.8721 543.2243 543.7963 544.6774 545.9056 547.4885 549.3666 550.9197 551.9879 552.5989 552.7266 552.2776
-9999 -9999 -9999 -9999 -9999 -9999 -9999 -9999 -9999 -9999 -9999 -9999 -9999 -9999 -9999 -9999 -9999 -9999 -9999 550.293 549.9279 549.1113 548.311 547.9836 547.9641 548.2066 548.558 -9999 -9999 549.9816 549.9913 549.8884 549.5674 548.935 547.9343 546.5953 545.5412 544.7638 544.2415 543.9429 543.7759 543.6429 543.5189 543.3884 543.2637 543.1353 542.9811 542.7924 542.5898 542.4224 542.3373 542.3458 542.4165 542.5067 542.5986 542.7121 542.9015 543.2308 543.748 544.4513 545.4949 546.9076 548.7448 550.2267 551.2199 551.8282 551.9548 551.7318
-9999 -9999 -9999 -9999 -9999 -9999 -9999 -9999 -9999 -9999 -9999 -9999 -9999 -9999 -9999 -9999 -9999 -9999 -9999 -9999 549.9232 549.203 548.3131 547.9666 547.9106 -9999 -9999 -9999 -9999 -9999 550.0043 549.8729 549.541 548.8947 547.8527 546.4932 545.5178 544.8158 544.3425 544.0553 543.8895 543.7789 543.6716 543.5404 543.4099 543.2843 543.1436 542.9677 542.7595 542.5553 542.4105 542.3598 542.3962 542.4839 542.5934 542.7273 542.9216 543.2283 543.6865 544.2263 545.1198 546.3956 548.0944 549.4534 550.2897 550.7565 550.8389 550.7606
-9999 -9999 -9999 -9999 -9999 -9999 -9999 -9999 -9999 -9999 -9999 -9999 -9999 -9999 -9999 -9999 -9999 -9999 -9999 -9999 -9999 -9999 -9999 -9999 -9999 -9999 -9999 -9999 -9999 -9999 -9999 549.7644 549.376 548.691 547.5256 546.2291 545.4087 544.8001 544.3802 544.1117 543.9509 543.853 543.778 543.6572 543.5365 543.4211 543.2986 543.1467 542.9553 542.7415 542.553 542.441 542.4238 542.4829 542.587 542.7206 542.8972 543.1444 543.4839 543.9278 544.7175 545.8375 547.2664 548.4099 549.0559 549.3214 549.269 549.202
-9999 -9999 -9999 -9999 -9999 -9999 -9999 -9999 -9999 -9999 -9999 -9999 -9999 -9999 -9999 -9999 -9999 -9999 -9999 -9999 -9999 -9999 -9999 -9999 -9999 -9999 -9999 -9999 -9999 -9999 -9999 549.5313 549.1272 548.4195 547.2698 546.1225 545.335 544.79 544.4017 544.1373 543.9689 543.8612 543.7804 543.7061 543.6224 543.5305 543.4294 543.3056 543.144 542.9468 542.7439 542.5865 542.5135 542.5275 542.6044 542.7191 542.865 543.0585 543.3267 543.7191 544.3046 545.1809 546.2497 547.1453 547.6016 547.6811 547.4454 547.3112
-9999 -9999 -9999 -9999 -9999 -9999 -9999 -9999 -9999 -9999 -9999 -9999 -9999 -9999 -9999 -9999 -9999 -9999 -9999 -9999 -9999 -9999 -9999 -9999 -9999 -9999 -9999 -9999 -9999 -9999 -9999 549.1306 548.9115 548.2858 547.2102 546.1473 545.423 544.8574 544.4449 544.1627 543.9756 543.8567 543.7801 543.7351 543.681 543.6124 543.5313 543.4319 543.3019 543.1353 542.9456 542.7715 542.6586 542.6285 542.6685 542.7512 542.8579 542.991 543.1717 543.4371 543.8382 544.4813 545.286 546.028 546.6 546.6066 546.4055 546.1796
-9999 -9999 -9999 -9999 -9999 -9999 -9999 -9999 -9999 -9999 -9999 -9999 -9999 -9999 -9999 -9999 -9999 -9999 -9999 -9999 -9999 -9999 -9999 -9999 -9999 -9999 -9999 -9999 -9999 -9999 -9999 548.9863 548.8913 548.2322 547.273 546.2286 545.5096 544.9308 544.4954 544.1883 543.9855 543.8561 543.7802 543.7556 543.7217 543.6697 543.6044 543.5246 543.4208 543.2859 543.1235 542.9592 542.8335 542.776 542.7852 542.835 542.9005 542.9745 543.0725 543.2233 543.4722 543.8823 544.4989 545.1661 545.6943 545.6801 545.4659 545.2574
-9999 -9999 -9999 -9999 -9999 -9999 -9999 -9999 -9999 -9999 -9999 -9999 -9999 -9999 -9999 -9999 -9999 -9999 -9999 -9999 -9999 -9999 -9999 -9999 -9999 -9999 -9999 -9999 -9999 -9999 -9999 549.0234 548.7976 548.1428 547.2568 546.2937 545.5971 544.9879 544.5353 544.2159 544.0015 543.8697 543.8011 543.78 543.7482 543.7043 543.6495 543.5859 543.5042 543.3965 543.2639 543.123 543.0078 542.947 542.9429 542.9709 543.0019 543.0267 543.0569 543.1189 543.2513 543.4999 543.8922 544.4293 544.8774 544.8448 544.6201 544.455
-9999 -9999 -9999 -9999 -9999 -9999 -9999 -9999 -9999 -9999 -9999 -9999 -9999 -9999 -9999 -9999 -9999 -9999 -9999 -9999 -9999 -9999 -9999 -9999 -9999 -9999 -9999 -9999 -9999 -9999 -9999 549.244 548.8778 548.0977 547.1414 546.2012 545.5136 544.9747 544.5557 544.2434 544.0243 543.885 543.8109 543.78 543.7562 543.7218 543.6736 543.6215 543.5592 543.4753 543.37 543.2561 543.1631 543.1185 543.1222 543.1458 543.1534 543.1415 543.1227 543.1212 543.1691 543.3026 543.5397 543.8555 544.1653 544.1483 543.9133 543.8044
-9999 -9999 -9999 -9999 -9999 -9999 -9999 -9999 -9999 -9999 -9999 -9999 -9999 -9999 -9999 -9999 -9999 -9999 -9999 -9999 -9999 -9999 -9999 -9999 -9999 -9999 -9999 -9999 -9999 -9999 -9999 549.3837 548.9791 548.2463 547.2692 546.2423 545.5505 545.0337 544.62 544.2958 544.0602 543.9055 543.8184 543.78 543.7615 543.7358 543.6918 543.6455 543.5979 543.5352 543.4552 543.3666 543.2986 543.2785 543.3062 543.3438 543.3351 543.2977 543.2482 543.2028 543.1925 543.2465 543.3815 543.5794 543.7676 543.7549 543.5596 543.4239
-9999 -9999 -9999 -9999 -9999 -9999 -9999 -9999 -9999 -9999 -9999 -9999 -9999 -9999 -9999 -9999 -9999 -9999 -9999 -9999 -9999 -9999 -9999 -9999 -9999 -9999 -9999 -9999 -9999 -9999 -9999 549.4011 549.1479 548.7089 547.8488 546.8548 545.9014 545.2649 544.7701 544.3886 544.1127 543.9323 543.8279 543.78 543.7671 543.7532 543.7114 543.6722 543.6376 543.5912 543.5383 543.4733 543.4263 543.4281 543.4851 543.5544 543.5217 543.4672 543.4065 543.3319 543.2769 543.2719 543.327 543.4261 543.5082 543.4727 543.3258 543.1864
-9999 -9999 -9999 -9999 -9999 -9999 -9999 -9999 -9999 -9999 -9999 -9999 -9999 -9999 -9999 -9999 -9999 -9999 -9999 -9999 -9999 -9999 -9999 -9999 -9999 -9999 -9999 -9999 -9999 -9999 -9999 549.2591 549.1534 548.9314 548.3069 547.4998 546.4499 545.6063 544.9652 544.4948 544.1682 543.96 543.842 543.79 543.78 543.7799 543.7362 543.7112 543.6942 543.6561 543.6395 543.6011 543.5717 543.5817 543.6516 543.7675 543.683 543.6272 543.5802 543.4829 543.3901 543.3372 543.3311 543.3562 543.3691 543.3131 543.1844 543.0411
-9999 -9999 -9999 -9999 -9999 -9999 -9999 -9999 -9999 -9999 -9999 -9999 -9999 -9999 -9999 -9999 -9999 -9999 -9999 -9999 -9999 -9999 -9999 -9999 -9999 -9999 -9999 -9999 -9999 -9999 -9999 -9999 549.0058 548.8538 548.433 547.7859 546.7921 545.817 545.0813 544.5551 544.1996 543.9789 543.8591 543.813 543.8109 543.8142 543.7821 543.7806 543.7784 543.728 543.7762 543.7823 543.7863 543.7913 543.81 543.8799 543.799 543.7844 543.7714 543.6388 543.5115 543.4221 543.3713 543.3443 543.313 543.2401 543.1139 542.9612
-9999 -9999 -9999 -9999 -9999 -9999 -9999 -9999 -9999 -9999 -9999 -9999 -9999 -9999 -9999 -9999 -9999 -9999 -9999 -9999 -9999 -9999 -9999 -9999 -9999 -9999 -9999 -9999 -9999 -9999 -9999 549.1377 548.9916 548.6993 548.2675 547.6389 546.6685 545.7419 545.0334 544.5284 544.1907 543.9858 543.8841 543.8641 543.8988 543.9478 543.964 543.9373 543.8673 543.7903 543.9234 544.0628 544.1721 544.2296 544.2466 544.2368 544.1429 544.0547 543.9514 543.7839 543.6337 543.5195 543.4392 543.3757 543.3114 543.223 543.0927 542.9285
-9999 -9999 -9999 -9999 -9999 -9999 -9999 -9999 -9999 -9999 -9999 -9999 -9999 -9999 -9999 -9999 -9999 -9999 -9999 -9999 -9999 -9999 -9999 -9999 -9999 -9999 -9999 -9999 -9999 -9999 -9999 549.549 549.0489 548.4891 547.8934 547.1049 546.1014 545.3931 544.8425 544.4341 544.156 543.9924 543.9269 543.9508 544.0477 544.1752 544.2616 544.2196 544.1071 544.0491 544.2101 544.4533 544.671 544.7819 544.798 544.7269 544.5713 544.3879 544.1912 543.9772 543.7825 543.6384 543.5332 543.4437 543.3512 543.243 543.1042 542.9304
-9999 -9999 -9999 -9999 -9999 -9999 -9999 -9999 -9999 -9999 -9999 -9999 -9999 -9999 -9999 -9999 -9999 -9999 -9999 -9999 -9999 -9999 -9999 -9999 -9999 -9999 -9999 -9999 -9999 -9999 -9999 550.1366 549.2883 548.3656 547.5483 546.7029 545.7312 545.119 544.6777 544.3567 544.1425 544.0264 544.0038 544.0773 544.248 544.476 544.6688 544.5981 544.4189 544.3266 544.5442 544.887 545.2056 545.3364 545.3434 545.224 544.992 544.7191 544.446 544.1875 543.9609 543.7811 543.6505 543.5428 543.4282 543.2935 543.1377 542.9543
-9999 -9999 -9999 -9999 -9999 -9999 -9999 -9999 -9999 -9999 -9999 -9999 -9999 -9999 -9999 -9999 -9999 -9999 -9999 -9999 -9999 -9999 -9999 -9999 -9999 -9999 -9999 -9999 -9999 -9999 -9999 550.6913 549.7465 548.5779 547.4528 546.5061 545.5985 545.0284 544.6353 544.3635 544.1959 544.1219 544.1381 544.2547 544.4981 544.8177 545.14 544.9937 544.7352 544.5791 544.8682 545.2776 545.6702 545.7482 545.7388 545.6021 545.307 544.9724 544.655 544.3717 544.1299 543.9333 543.7807 543.6617 543.5374 543.3741 543.1888 542.9919
-9999 -9999 -9999 -9999 -9999 -9999 -9999 -9999 -9999 -9999 -9999 -9999 -9999 -9999 -9999 -9999 -9999 -9999 -9999 -9999 -9999 -9999 -9999 -9999 -9999 -9999 -9999 -9999 -9999 -9999 -9999 -9999 549.9581 548.8515 547.6844 546.6587 545.743 545.1533 544.7441 544.4808 544.3424 544.3083 544.3644 544.5184 544.8587 545.2427 545.3911 545.2178 544.9984 544.8078 545.1825 545.5377 545.8303 545.8253 545.7683 545.7292 545.4205 545.0837 544.7718 544.496 544.2595 544.063 543.9056 543.7809 543.6642 543.476 543.2551 543.0358
-9999 -9999 -9999 -9999 -9999 -9999 -9999 -9999 -9999 -9999 -9999 -9999 -9999 -9999 -9999 -9999 -9999 -9999 -9999 -9999 -9999 -9999 -9999 -9999 -9999 -9999 -9999 -9999 -9999 -9999 -9999 -9999 549.8516 548.9801 548.0009 547.0322 546.1761 545.4668 544.9761 544.6906 544.5758 544.5938 544.7145 544.9185 545.5211 546.0334 545.676 545.0795 545.2053 545.0147 545.5678 545.8378 545.9836 545.7261 545.5206 545.4777 545.2897 545.0459 544.7938 544.5525 544.3346 544.1464 543.9897 543.8735 543.7758 543.5665 543.3206 543.0812
-9999 -9999 -9999 -9999 -9999 -9999 -9999 -9999 -9999 -9999 -9999 -9999 -9999 -9999 -9999 -9999 -9999 -9999 -9999 -9999 -9999 -9999 -9999 -9999 -9999 -9999 -9999 -9999 -9999 -9999 -9999 -9999 549.5491 548.9274 548.2047 547.3815 546.6354 545.8014 545.2484 544.9413 544.8478 544.9303 545.1608 545.4327 546.3027 546.6459 546.0089 545.2228 545.4395 545.2016 545.8116 546.0289 546.1906 545.6514 545.4384 545.3185 545.157 544.9777 544.7781 544.5641 544.357 544.169 543.9986 543.8685 543.777 543.5839 543.3535 543.1185
-9999 -9999 -9999 -9999 -9999 -9999 -9999 -9999 -9999 -9999 -9999 -9999 -9999 -9999 -9999 -9999 -9999 -9999 -9999 -9999 -9999 -9999 -9999 -9999 -9999 -9999 -9999 -9999 -9999 -9999 -9999 -9999 -9999 548.7246 548.0742 547.4955 546.9306 546.2418 545.5729 545.205 545.0912 545.1749 545.3969 545.7105 546.2761 546.4917 546.082 545.5566 545.592 545.6031 545.9508 546.1387 546.1588 545.813 545.5568 545.3683 545.1854 544.9951 544.7869 544.5623 544.337 544.1261 543.9386 543.7847 543.6893 543.5347 543.3437 543.1405
-9999 -9999 -9999 -9999 -9999 -9999 -9999 -9999 -9999 -9999 -9999 -9999 -9999 -9999 -9999 -9999 -9999 -9999 -9999 -9999 -9999 -9999 -9999 -9999 -9999 -9999 -9999 -9999 -9999 -9999 -9999 -9999 -9999 548.4558 547.9518 547.5454 547.149 546.6849 545.9548 545.4732 545.2981 545.3561 545.5513 545.8354 546.1829 546.318 546.1223 545.8615 545.8399 545.912 546.1089 546.2273 546.1924 545.9632 545.7216 545.5032 545.29 545.0674 544.8262 544.5685 544.3097 544.0715 543.8829 543.7748 543.6288 543.4743 543.3124 543.1473
-9999 -9999 -9999 -9999 -9999 -9999 -9999 -9999 -9999 -9999 -9999 -9999 -9999 -9999 -9999 -9999 -9999 -9999 -9999 -9999 -9999 -9999 -9999 -9999 -9999 -9999 -9999 -9999 -9999 -9999 -9999 -9999 -9999 -9999 548.1923 547.688 547.2864 546.9406 546.4694 545.7329 545.4521 545.4766 545.639 545.8629 546.092 546.1971 546.1366 546.0375 546.0419 546.1166 546.2354 546.2961 546.2452 546.0739 545.8599 545.6393 545.4105 545.1616 544.887 544.5923 544.2938 544.015 543.7863 543.6722 543.5507 543.4147 543.2804 543.1525
-9999 -9999 -9999 -9999 -9999 -9999 -9999 -9999 -9999 -9999 -9999 -9999 -9999 -9999 -9999 -9999 -9999 -9999 -9999 -9999 -9999 -9999 -9999 -9999 -9999 -9999 -9999 -9999 -9999 -9999 -9999 -9999 -9999 -9999 548.766 547.9294 547.3102 546.9484 546.49 545.9167 545.4789 545.5166 545.6631 545.8443 546.0145 546.1089 546.1166 546.1046 546.1381 546.2095 546.2854 546.3105 546.2524 546.1135 545.931 545.7276 545.5037 545.2485 544.9577 544.6395 544.3146 544.0131 543.7764 543.6276 543.519 543.3972 543.2824 543.1846
