backend/lakes/data/Whitefish Lake/whif_dem_tm.asc
ncols         184
nrows         174
xllcorner     696850
yllcorner     6022150
cellsize      50
NODATA_value  -9999
[rows 87 to 115 of 174, columns 66 to 131 of 184]
540.8096 540.9496 541.9222 543.1336 544.6899 546.2518 547.7352 549.0536 550.3319 551.7576 553.1941 554.6795 555.9764 557.1194 558.1563 559.1559 560.2184 561.4191 562.7936 564.2103 565.51 566.5803 567.5081 567.856 567.8127 567.4877 566.9197 565.9453 564.8301 563.8008 562.7634 561.9128 561.2677 560.3942 559.3985 558.3717 557.5487 556.6967 555.8774 555.1997 554.886 554.7489 554.7454 554.8854 555.1507 555.3997 555.8458 556.4042 557.0076 557.627 558.2155 558.7197 559.0969 559.3823 559.6493 559.8937 560.1249 560.3307 560.4658 560.5807 560.9282 561.7202 563.1835 564.3832 565.6378 567.1169
540.3926 540.6872 541.5338 542.7196 544.0544 545.5887 546.9529 548.233 549.4441 550.8134 552.1899 553.5961 554.9553 556.1086 557.1531 558.1579 559.1487 560.2264 561.4323 562.7328 563.9596 564.8886 565.7465 565.9281 565.6724 565.0778 564.4828 563.6981 562.823 562.2327 562.5602 561.7338 560.9058 560.0087 559.0925 558.1982 557.3748 556.5602 555.7878 555.1589 554.7632 554.5906 554.6368 554.8494 555.162 555.5239 555.9834 556.52 557.0924 557.673 558.2125 558.6068 558.9063 559.1635 559.4536 559.707 559.9149 560.077 560.1853 560.2841 560.5754 561.2174 562.2326 563.3778 564.7402 566.4182
540.0326 540.4024 541.1436 542.1548 543.3321 544.8096 546.2488 547.6022 548.8569 550.0305 551.2863 552.56 553.9168 555.1287 556.2013 557.2357 558.2174 559.2219 560.3279 561.4484 562.5556 563.4739 564.1519 564.23 563.894 563.2038 562.6472 562.0925 561.496 561.4045 561.7128 561.4404 560.7218 559.861 559.0192 558.1904 557.342 556.5212 555.769 555.1586 554.6529 554.4064 554.4813 554.7712 555.1617 555.5931 556.0662 556.5737 557.1061 557.6476 558.1727 558.4576 558.7186 558.9999 559.2798 559.5245 559.7078 559.8353 559.9048 559.988 560.2007 560.6434 561.3419 562.3286 563.6339 565.1263
539.7195 540.1095 540.793 541.7126 542.8619 544.2297 545.8039 547.0957 548.2476 549.3351 550.5771 551.8762 553.1001 554.2961 555.389 556.4734 557.4713 558.4333 559.4894 560.4891 561.4018 562.2134 562.6951 562.6649 562.3043 561.675 561.3553 561.1658 560.8529 560.8079 560.9641 560.8676 560.4359 559.7543 559.001 558.2092 557.3142 556.4346 555.6496 555.0629 554.4236 554.1038 554.2567 554.6669 555.1623 555.6306 556.0891 556.5526 557.0164 557.4607 557.8638 558.2273 558.5682 558.8611 559.1261 559.3435 559.5068 559.6088 559.6569 559.707 559.8499 560.139 560.6163 561.3533 562.4655 563.7925
539.4207 539.8423 540.4819 541.3181 542.3568 543.605 545.3029 546.574 547.7075 548.8557 549.9711 551.1861 552.382 553.6385 554.8532 555.8786 556.895 557.9549 558.8763 559.7407 560.5135 561.1347 561.3774 561.3704 561.2075 560.8467 560.6329 560.5208 560.3989 560.2942 560.3242 560.2733 560.0131 559.5347 558.8962 558.1898 557.2124 556.2098 555.2874 554.5834 553.9604 553.6713 553.9529 554.5217 555.156 555.6201 556.0425 556.4601 556.8796 557.3013 557.7332 558.1846 558.4672 558.7261 558.9618 559.1598 559.3001 559.3973 559.4427 559.4707 559.5505 559.7328 560.0475 560.5662 561.3808 562.5104
539.1741 539.582 540.1943 540.9966 541.9745 543.1458 544.5846 545.8826 547.0209 548.1826 549.3245 550.5822 551.8461 552.9659 554.0741 555.1209 556.1332 557.1708 558.1467 558.9889 559.6721 560.1437 560.3889 560.4591 560.3939 560.2196 560.0903 560.0004 559.902 559.7866 559.762 559.7172 559.5421 559.2163 558.6969 558.0071 556.9261 555.8778 554.9756 554.0793 553.4231 553.1982 553.5713 554.2689 555.0552 555.5067 555.8876 556.2766 556.6675 557.0671 557.4788 557.8889 558.2127 558.5077 558.7535 558.9425 559.0715 559.1828 559.244 559.2702 559.3133 559.4234 559.6248 559.9679 560.5468 561.3921
538.9363 539.3682 539.9675 540.7386 541.6713 542.7755 543.9034 545.1053 546.2833 547.5482 548.8172 549.9653 551.1204 552.1693 553.201 554.2344 555.2261 556.2373 557.2437 558.1579 558.8462 559.2474 559.5482 559.6966 559.7101 559.6358 559.5595 559.4851 559.3846 559.2702 559.2477 559.1829 558.9901 558.718 558.1526 557.2983 556.2323 555.2067 554.2883 553.418 552.8064 552.6828 553.0802 553.7823 554.5557 555.1428 555.5763 555.9938 556.3761 556.7484 557.1329 557.5106 557.8681 558.2099 558.4993 558.7053 558.8298 558.95 559.0413 559.0871 559.1262 559.1954 559.3237 559.5454 559.9249 560.5471
538.715 539.1638 539.7538 540.4866 541.3372 542.2692 543.2319 544.4299 545.7246 546.9298 548.1678 549.2974 550.4268 551.4315 552.3865 553.412 554.3536 555.2717 556.2546 557.2134 557.9982 558.3605 558.7781 558.9708 559.0139 558.9887 558.9523 558.9102 558.8445 558.7603 558.7527 558.6389 558.3093 558.0305 557.2998 556.3434 555.3178 554.4152 553.524 552.7257 552.1642 552.1312 552.5483 553.2155 553.9915 554.6797 555.2095 555.6864 556.0495 556.3899 556.7332 557.1044 557.4713 557.8522 558.2061 558.4497 558.5415 558.676 558.8077 558.9008 558.9652 559.0334 559.1223 559.2633 559.5143 559.9208
538.5044 538.9672 539.5503 540.248 541.0426 541.9047 542.8385 543.8384 545.0774 546.3125 547.6235 548.8284 549.8271 550.8246 551.8742 552.7653 553.5961 554.4218 555.2755 556.1906 556.9911 557.5333 558.0469 558.1989 558.2196 558.2133 558.2068 558.2057 558.2018 558.189 558.1625 558.0074 557.5478 557.0521 556.2644 555.3196 554.4458 553.6497 552.8145 552.126 551.7197 551.7231 552.0991 552.6782 553.4836 554.3119 555.0586 555.4602 555.7462 556.0327 556.359 556.7063 557.0856 557.4778 557.8681 558.1873 558.2206 558.3969 558.5587 558.7032 558.8104 558.9073 558.9956 559.0922 559.255 559.5336
538.3129 538.7815 539.3591 540.0322 540.7827 541.5811 542.4028 543.2855 544.6058 545.9623 547.1469 548.1986 549.1244 550.0853 551.126 552.0616 552.8639 553.6406 554.4315 555.224 555.9742 556.5127 557.0172 557.2322 557.2819 557.2875 557.2939 557.3076 557.313 557.2715 557.1255 556.8262 556.4484 555.9848 555.233 554.4014 553.5925 552.8398 552.14 551.6182 551.3416 551.377 551.6956 552.2084 553.0331 553.8781 554.6192 555.13 555.4214 555.7484 556.0748 556.4363 556.7974 557.1694 557.5281 557.831 558.0059 558.2083 558.3479 558.5132 558.6675 558.7971 558.9109 559.0092 559.1158 559.3053
538.1604 538.6199 539.1879 539.8385 540.563 541.3507 542.1622 543.0623 544.2905 545.6364 546.655 547.5792 548.4613 549.3422 550.3745 551.3031 552.1201 552.8864 553.6464 554.377 555.0295 555.4358 555.9814 556.2014 556.2516 556.2523 556.259 556.276 556.2792 556.2108 555.977 555.522 555.2509 554.9467 554.2756 553.5466 552.8148 552.1476 551.6104 551.2341 551.0695 551.1664 551.52 552.0944 552.8049 553.5603 554.2309 554.7643 555.1648 555.6282 556.0554 556.4428 556.7943 557.1131 557.4023 557.6644 557.8965 558.1084 558.2113 558.3756 558.554 558.7102 558.8465 558.9677 559.0724 559.1981
538.0566 538.4862 539.0356 539.6518 540.3386 541.0974 541.9163 542.8386 543.825 544.9738 545.9955 546.9307 547.9014 548.8847 549.7573 550.5914 551.3816 552.1383 552.8776 553.5527 554.1111 554.5756 555.0409 555.1772 555.1898 555.1821 555.1827 555.1922 555.1937 555.1388 554.9356 554.5037 554.1844 553.8349 553.2811 552.7444 552.1459 551.634 551.2371 550.9894 550.9299 551.097 551.4908 552.0878 552.785 553.4872 554.1243 554.7034 555.2262 555.8907 556.4786 556.9464 557.3441 557.5668 557.717 557.8513 557.9932 558.2069 558.2729 558.3663 558.4941 558.6624 558.8099 558.9365 559.0721 559.1841
538.0105 538.3788 538.8689 539.4441 540.0919 540.8079 541.5731 542.3797 543.2091 544.2697 545.2877 546.2482 547.2758 548.2272 549.0667 549.8573 550.637 551.4003 552.1234 552.7548 553.2079 553.6628 554.0224 554.1548 554.1727 554.1678 554.1704 554.1689 554.1248 553.9774 553.6769 553.359 553.1044 552.7822 552.2934 552.0184 551.6027 551.2501 551.0036 550.8933 550.9523 551.2059 551.65 552.2451 553.0592 553.7943 554.4781 555.1516 555.8176 556.5516 557.2141 557.6681 558.1074 558.2007 558.2067 558.2064 558.2141 558.3306 558.3855 558.4329 558.5101 558.6331 558.797 558.943 559.0641 559.2109
538.0261 538.3199 538.7377 539.2534 539.847 540.5077 541.2263 541.9955 542.8354 543.6962 544.6798 545.7579 546.6895 547.5491 548.3405 549.0984 549.874 550.6467 551.369 551.9809 552.2994 552.7766 553.0453 553.1478 553.1597 553.1567 553.1609 553.1539 553.0737 552.8308 552.3854 552.1415 551.9919 551.7735 551.3923 551.2151 551.0624 550.9482 550.8998 550.9579 551.1713 551.5748 552.1821 552.9672 553.7996 554.4697 555.1754 555.9074 556.6287 557.381 558.0391 558.2828 558.5894 558.6736 558.6369 558.5725 558.5287 558.551 558.5581 558.5663 558.5903 558.6652 558.7898 558.9423 559.1002 559.2269
538.0923 538.3102 538.6495 539.0928 539.618 540.2101 540.8589 541.5491 542.275 543.0258 543.9338 544.9874 545.9613 546.8054 547.588 548.3458 549.1019 549.8636 550.5562 551.1127 551.5472 551.9893 552.1248 552.1404 552.1339 552.1271 552.124 552.1094 552.0269 551.7689 551.2621 550.9248 550.6803 550.4196 550.3258 550.4332 550.5975 550.7638 550.9446 551.1941 551.5878 552.1953 553.0521 553.9844 554.8428 555.3764 556.1106 556.8644 557.5182 558.1902 558.6949 558.9309 559.0976 559.118 559.0354 558.9268 558.8407 558.7963 558.7624 558.743 558.7339 558.7535 558.8316 558.9496 559.1058 559.2731
538.1959 538.3443 538.6029 538.9651 539.4136 539.9304 540.5029 541.1208 541.7678 542.4475 543.2152 544.2201 545.1664 546.0176 546.8128 547.5895 548.3546 549.0859 549.7366 550.2046 550.6675 551.0128 551.1327 551.1402 551.1173 551.0918 551.0544 550.9724 550.7834 550.4227 550.0624 549.8079 549.5672 549.2546 549.43 549.8585 550.3314 550.7646 551.164 551.5976 552.1749 553.0144 554.0272 555.0042 555.785 556.439 557.2009 557.9778 558.4887 559.062 559.4294 559.5803 559.6335 559.5668 559.4204 559.2691 559.1464 559.0588 558.9925 558.9462 558.9151 558.902 558.9247 558.9979 559.1316 559.2884
538.3437 538.4304 538.6038 538.8777 539.2423 539.6833 540.1861 540.7429 541.355 542.0405 542.8353 543.6172 544.4294 545.234 546.0281 546.8223 547.6041 548.3317 548.9463 549.2745 549.7749 550.0381 550.1177 550.1174 550.093 550.0629 550.0188 549.9188 549.692 549.2679 549.1028 549.0712 549.0543 548.9262 549.1002 549.7162 550.3895 551.0075 551.566 552.1391 552.8744 553.8166 554.8809 555.804 556.6314 557.416 558.2732 559.1198 559.7414 560.1396 560.2961 560.2649 560.1931 560.0112 559.7861 559.6013 559.4541 559.3353 559.2346 559.1633 559.115 559.0828 559.0765 559.1123 559.1921 559.3234
538.5804 538.6098 538.6913 538.8496 539.1216 539.4791 539.9095 540.4022 540.9601 541.5848 542.2758 542.9697 543.6959 544.4572 545.2422 546.0369 546.8223 547.5323 548.1011 548.5331 548.9642 549.0938 549.1032 549.0836 549.064 549.0543 549.0642 549.0712 549.02 548.7775 548.698 548.762 548.8948 549.0668 549.4238 550.0661 550.7937 551.4829 552.1062 552.7385 553.5107 554.4316 555.3644 556.4031 557.3802 558.3209 559.3676 560.3605 561.1146 561.3539 561.2418 560.9197 560.7077 560.3668 560.1055 559.9274 559.772 559.6216 559.4909 559.3864 559.3188 559.2726 559.2462 559.2496 559.2919 559.3903
538.9168 538.9205 538.9638 538.9282 539.0768 539.3379 539.6841 540.0992 540.5781 541.1233 541.7163 542.3334 542.9861 543.7009 544.463 545.2473 546.0115 546.7013 547.2045 547.6671 548.0074 548.1221 548.1127 548.0655 548.0249 548.0348 548.1475 548.3215 548.4647 548.5094 548.5987 548.7874 549.077 549.4786 550.0068 550.6833 551.4087 552.0795 552.6556 553.2762 554.0404 554.9853 555.927 557.0016 558.0885 559.2126 560.421 561.6072 562.5298 562.7037 562.2418 561.4839 560.9938 560.6157 560.3973 560.2728 560.1155 559.9276 559.761 559.6279 559.5267 559.4636 559.4238 559.4088 559.4293 559.4985
539.3218 539.2877 539.2675 539.1528 539.1445 539.2837 539.5337 539.8564 540.2454 540.6979 541.2062 541.756 542.3497 542.9926 543.7009 544.4346 545.1384 545.8177 546.2156 546.7144 546.9921 547.0798 547.0643 547.019 546.9877 547.0364 547.3007 547.7057 548.1191 548.4556 548.7415 549.0836 549.5431 550.0884 550.7128 551.3978 552.0695 552.6257 553.1403 553.6953 554.3669 555.2031 556.2949 557.4854 558.5934 559.9259 561.3288 562.8703 563.9442 564.0614 563.3735 562.4165 561.5403 561.0079 560.7635 560.6627 560.4591 560.2425 560.0471 559.8816 559.751 559.6567 559.5996 559.5723 559.5815 559.6362
539.7846 539.7054 539.6108 539.433 539.3344 539.3444 539.4868 539.7032 539.9934 540.3535 540.7781 541.2618 541.7987 542.3779 542.9882 543.6157 544.1532 544.755 545.225 545.7012 545.8672 545.8889 545.8821 545.9077 545.9642 546.1025 546.5789 547.2628 547.9794 548.6165 549.0912 549.6115 550.1783 550.7887 551.4368 552.0817 552.6332 553.1194 553.5909 554.0922 554.6746 555.4113 556.6199 557.9557 559.1286 560.4261 561.8478 563.6902 564.6608 564.8076 564.2884 563.4653 562.6222 561.7398 561.2802 560.9666 560.7913 560.5737 560.3523 560.1531 559.9859 559.8599 559.7753 559.7317 559.7292 559.7764
540.2959 540.1595 539.9462 539.7329 539.6086 539.571 539.5796 539.6654 539.8503 540.1129 540.4502 540.8617 541.3348 541.8462 542.3696 542.8757 543.1702 543.6995 544.052 544.2979 544.3734 544.3746 544.4226 544.6353 544.9774 545.4296 546.0966 547.037 548.0166 548.9379 549.5867 550.2347 550.868 551.4862 552.1011 552.657 553.1436 553.5979 554.0664 554.5765 555.1555 555.8874 556.9 558.0244 558.9955 560.3333 561.9166 563.8964 564.9 565.1618 564.9026 564.379 563.9009 563.0299 562.1581 561.4362 561.2261 560.9351 560.6808 560.4357 560.2253 560.0627 559.9515 559.8879 559.8716 559.9087
540.827 540.6104 540.3123 540.0588 539.9099 539.8312 539.768 539.7591 539.8343 539.9929 540.2338 540.5585 540.9542 541.3812 541.8022 542.1925 542.5022 542.883 543.0065 543.0526 543.0583 543.0664 543.1788 543.5986 544.2846 545.0883 545.9988 547.0541 548.116 549.0825 549.9955 550.8309 551.5247 552.1178 552.6716 553.1809 553.6398 554.0914 554.5894 555.15 555.7407 556.402 557.1359 557.8926 558.6353 560.0704 561.7936 563.8223 564.8375 565.1951 565.1368 564.8765 564.5879 564.0394 563.0353 562.179 561.6803 561.273 560.988 560.7054 560.4512 560.251 560.1155 560.0359 560.0081 560.0365
541.3337 541.0085 540.6855 540.418 540.2493 540.1375 540.0356 539.9556 539.9385 539.9995 540.1384 540.3611 540.6683 541.0054 541.3357 541.6407 541.9106 542.1653 542.2831 542.3502 542.4232 542.5377 542.8008 543.0886 544.0483 545.168 546.1676 547.2965 548.3837 549.3122 550.4167 551.4067 552.1185 552.6694 553.1803 553.6764 554.1398 554.6176 555.175 555.8139 556.4633 557.0925 557.6232 558.1987 558.8773 560.0624 561.6505 563.5944 564.5974 564.9832 564.9829 564.8127 564.6503 564.2352 563.4018 562.6218 562.0424 561.5885 561.2477 560.9088 560.632 560.4138 560.2581 560.1689 560.1342 560.1639
541.691 541.3231 541.0292 540.7777 540.5923 540.4669 540.3574 540.2389 540.1575 540.14 540.1794 540.2828 540.4967 540.7478 540.9969 541.2374 541.4648 541.6743 541.8398 541.9831 542.1487 542.2938 542.5403 543.0214 544.2048 545.6054 546.6438 547.7365 548.8594 549.8062 550.8947 551.9476 552.5974 553.129 553.6396 554.1592 554.6561 555.2029 555.8737 556.6138 557.3689 558.0613 558.4323 558.871 559.3651 560.1951 561.4712 563.1615 564.2997 564.6828 564.6183 564.3541 564.2732 563.8007 563.2761 562.6988 562.1748 561.7 561.27 560.9781 560.7343 560.5336 560.3815 560.2913 560.2637 560.2904
541.9508 541.5841 541.3392 541.1377 540.9619 540.813 540.6989 540.5746 540.4716 540.4175 540.3907 540.3472 540.4637 540.6271 540.8102 540.9966 541.1906 541.3878 541.592 541.8084 542.025 542.24 542.4874 543.0836 544.421 545.8556 546.9684 548.0133 549.0485 550.0533 551.1125 552.1014 552.8232 553.4506 554.0463 554.6451 555.2048 555.8986 556.6713 557.5217 558.4427 559.3021 559.7256 559.9496 560.1258 560.509 561.4404 562.994 564.2189 564.484 564.2971 564.0111 563.8058 563.4321 562.9999 562.528 562.0678 561.6418 561.2655 561.0037 560.79 560.6124 560.4786 560.3964 560.3751 560.4049
542.3459 541.9076 541.6624 541.5027 541.3514 541.1884 541.0549 540.9333 540.843 540.7993 540.7701 540.6276 540.5899 540.6432 540.7686 540.9145 541.0833 541.2772 541.4799 541.7635 542.0047 542.2313 542.5991 543.3331 544.7842 546.1056 547.2233 548.1984 549.1127 550.1533 551.1893 552.1156 552.8988 553.6091 554.3374 555.0811 555.7496 556.5721 557.4685 558.4855 559.7332 560.7955 561.2235 561.2562 561.1178 561.0432 561.6721 563.1007 564.2287 564.3116 563.8863 563.5885 563.3519 563.0329 562.6541 562.2423 561.8452 561.5054 561.254 560.9995 560.8042 560.6556 560.5463 560.4827 560.4707 560.5073
542.9597 542.3708 542.0413 541.8779 541.7262 541.556 541.3929 541.2837 541.2212 541.189 541.111 540.9282 540.7933 540.75 540.8159 540.9603 541.1202 541.2998 541.5031 541.8369 542.1328 542.4037 542.9332 543.9561 545.4452 546.5735 547.5905 548.48 549.2585 550.3107 551.2965 552.12 552.9017 553.6561 554.405 555.1777 555.999 556.9569 558.085 559.3709 560.8516 562.0402 562.6507 562.6254 562.215 561.8657 562.4874 563.5482 564.2944 564.2878 563.7289 563.23 562.9321 562.6237 562.2753 561.9026 561.5507 561.2643 561.0829 560.9079 560.7647 560.6602 560.5878 560.5492 560.5516 560.5946
543.7712 542.9812 542.4954 542.2842 542.0876 541.8817 541.708 541.616 541.6025 541.6135 541.4947 541.2681 541.0732 540.9697 540.986 541.14 541.3182 541.5143 541.7296 542.0323 542.3514 542.6332 543.2156 544.4252 545.8369 546.9927 548.0172 548.9294 549.7192 550.6638 551.5617 552.2018 552.9447 553.6688 554.4153 555.1747 556.05 557.0726 558.2946 559.7946 561.4383 563.0304 564.0049 564.1139 563.696 563.4141 563.6976 564.2244 564.3098 564.0129 563.446 562.9033 562.507 562.213 561.8953 561.562 561.2629 561.0518 560.9139 560.7987 560.7055 560.6422 560.609 560.6016 560.6229 560.6754
