backend/lakes/data/Whitefish Lake/whif_dem_tm.asc
ncols         184
nrows         174
xllcorner     696850
yllcorner     6022150
cellsize      50
NODATA_value  -9999
[rows 58 to 86 of 174, columns 66 to 131 of 184]
559.6321 560.9492 561.4253 561.4453 561.2643 561.0165 560.7974 560.666 560.6328 560.673 560.7576 560.9032 561.0283 561.2419 561.2614 561.2587 561.2564 561.2712 561.4929 561.7741 562.1094 562.5099 563.0161 563.6782 564.5969 565.8402 567.0991 568.1001 568.8441 569.559 570.1915 570.5529 571.0256 571.3364 571.5917 571.8789 572.0992 572.2991 572.5377 572.7598 572.8181 572.7972 572.7869 572.7834 572.8352 573.0054 573.3335 573.425 573.445 573.4787 573.539 573.6962 573.461 573.178 572.7933 572.3602 571.9399 571.5697 571.2506 570.9627 570.6893 570.4248 570.348 570.0199 569.77 569.4843
558.834 560.2953 561.2436 561.6095 561.5887 561.2911 560.9534 560.6891 560.5289 560.4647 560.4825 560.567 560.679 560.8146 560.8602 560.8851 560.927 561.0253 561.2559 561.4977 561.7578 562.0431 562.4224 562.9296 563.6532 564.6252 565.8082 566.8911 567.5939 568.3683 569.0276 569.6025 570.1563 570.3985 570.5898 570.998 571.2687 571.4987 571.8156 572.0334 572.0913 572.0668 572.0603 572.0646 572.1485 572.247 572.4336 572.5285 572.642 572.7972 573.0614 573.3765 573.1223 572.9036 572.5906 572.1979 571.7784 571.3876 571.043 570.7195 570.3883 570.0349 569.7642 569.4148 569.1068 568.8647
558.3588 559.8519 561.1484 561.8717 562.1376 561.9362 561.3809 560.9079 560.5679 560.3551 560.2632 560.2677 560.3273 560.4072 560.4631 560.5207 560.6127 560.7692 561.0063 561.2582 561.4733 561.6301 561.907 562.2719 562.8134 563.565 564.4842 565.4534 566.2083 567.0427 567.6815 568.3885 568.9444 569.3585 569.7141 570.1635 570.3806 570.5764 571.0037 571.2357 571.2876 571.2589 571.2655 571.2689 571.298 571.3649 571.427 571.5411 571.7924 572.0597 572.4153 572.7449 572.7455 572.6169 572.3587 571.9916 571.5653 571.1426 570.764 570.3848 569.948 569.5147 569.1274 568.7502 568.4437 568.2813
557.9573 559.4614 561.0598 562.203 562.8801 562.9312 562.2855 561.4287 560.8068 560.3821 560.1426 560.0453 560.0394 560.0781 560.132 560.2092 560.3331 560.5216 560.7693 561.0303 561.2491 561.2724 561.494 561.7164 562.1043 562.6292 563.3152 564.1129 564.7377 565.592 566.385 567.1337 567.6549 568.2125 568.6072 568.9816 569.3497 569.7042 570.1444 570.3032 570.3424 570.3669 570.3863 570.3873 570.3867 570.3931 570.4292 570.5526 570.972 571.2722 571.6968 572.1285 572.3311 572.3 572.0903 571.7431 571.2996 570.8192 570.3828 569.9056 569.4015 568.9141 568.4828 568.1233 567.8451 567.8075
557.3987 558.9703 560.9434 562.5243 563.6545 564.0515 563.3665 562.2834 561.2492 560.5578 560.1484 559.9369 559.8588 559.8618 559.9089 559.9944 560.1287 560.3237 560.565 560.804 560.9817 561.0707 561.2469 561.2781 561.5543 561.8395 562.2498 562.889 563.4679 564.2322 565.0594 565.7809 566.4313 567.0577 567.3969 567.7024 568.2043 568.5619 568.8268 568.9471 569.0524 569.2346 569.3512 569.3906 569.4099 569.4713 569.5868 569.8333 570.2667 570.4963 571.0129 571.6058 571.9499 571.9681 571.785 571.4638 571.0153 570.457 569.9177 569.3765 568.8218 568.3093 567.8883 567.6202 567.3752 567.4865
556.976 558.7384 560.9126 562.756 564.1471 564.6323 564.1987 563.0961 561.7402 560.866 560.3097 559.9768 559.8159 559.7833 559.8313 559.9255 560.056 560.2394 560.4673 560.6898 560.8235 560.8934 560.987 561.0591 561.2468 561.2625 561.3589 561.8225 562.243 562.8425 563.6954 564.3322 565.0319 565.6683 566.1737 566.619 567.1127 567.3542 567.4507 567.506 567.6653 568.0587 568.2782 568.3606 568.4255 568.5944 568.79 569.0923 569.5182 569.9523 570.5135 571.2581 571.6038 571.6063 571.4252 571.1644 570.7788 570.2921 569.5289 568.9011 568.288 567.7693 567.3916 567.341 567.2131 567.3652
556.7832 558.6699 560.9139 562.8134 564.2701 564.9 564.722 563.9165 562.5961 561.4519 560.7001 560.2075 559.937 559.8645 559.9283 560.0572 560.1793 560.3356 560.5548 560.7952 560.8838 560.9088 560.9445 560.9882 561.0483 561.0385 561.0201 561.223 561.287 561.5323 562.1793 562.7579 563.515 564.1958 564.8939 565.4064 565.8197 566.1383 566.2626 566.3398 566.554 566.9857 567.2098 567.3273 567.4669 567.8115 568.0571 568.426 568.9385 569.6379 570.4313 571.1708 571.3151 571.2122 570.9795 570.7794 570.4043 569.8781 569.1744 568.5002 567.8334 567.3586 567.0631 567.0166 567.0751 567.3593
556.6583 558.6263 560.8922 562.7504 564.2615 565.0049 565.0066 564.3896 563.4039 562.3113 561.3463 560.6516 560.2358 560.1211 560.2286 560.4451 560.5643 560.6765 560.8837 561.2092 561.2748 561.3016 561.3495 561.3661 561.304 561.2353 561.006 560.9658 560.9522 561.0348 561.2628 561.4185 561.8734 562.6259 563.628 564.1773 564.5467 565.0287 565.1868 565.2346 565.3491 565.6022 565.9109 566.2623 566.6742 567.196 567.4124 567.866 568.5251 569.4218 570.3713 570.8892 570.9064 570.7606 570.4556 570.3594 569.9729 569.4342 568.7736 568.0966 567.4312 567.0336 566.7809 566.7544 566.9495 567.3594
556.4259 558.5164 560.8298 562.6171 564.2297 565.0788 565.259 564.9209 564.2309 563.2711 562.2303 561.3066 560.7213 560.5735 560.7479 561.1412 561.2859 561.3527 561.4963 561.8529 562.0826 562.3027 562.5532 562.5972 562.2509 561.8776 561.4583 561.3538 561.3312 561.2756 561.2495 561.1337 561.3881 561.5519 562.4023 563.0146 563.4944 564.0222 564.2145 564.2761 564.3229 564.4453 564.8198 565.3618 565.9163 566.4583 566.8672 567.366 568.0524 569.0571 570.1694 570.5762 570.4366 570.3685 570.0794 569.8441 569.4633 568.9585 568.3743 567.7984 567.3114 566.8461 566.5327 566.5101 566.8251 567.3562
556.0204 558.3717 560.8206 562.7362 564.2836 565.1553 565.4534 565.3256 564.8759 564.1626 563.1774 562.1494 561.4276 561.2979 561.5016 562.0368 562.4376 562.6432 562.8166 562.9843 563.1865 563.507 563.9545 563.9557 563.4552 563.0428 562.7496 562.652 562.5727 562.2059 561.8137 561.3815 561.3483 561.7801 562.1324 562.4718 562.7947 563.0985 563.382 563.645 563.8895 564.1154 564.3638 564.9855 565.5491 566.0589 566.5187 566.9644 567.4603 568.3709 569.5122 570.2289 569.9979 569.8564 569.5885 569.3016 568.925 568.444 567.8987 567.3638 566.9142 566.5353 566.2181 566.2426 566.7017 567.3506
555.7715 558.2137 560.7115 562.6935 564.2512 565.1262 565.5204 565.5492 565.27 564.7312 564.0067 563.0718 562.5443 562.5599 562.876 563.4009 563.9475 564.1831 564.272 564.3118 564.3894 564.6039 565.0087 564.9768 564.5881 564.3506 564.2061 564.1211 563.942 563.4081 562.9629 562.5541 562.3345 562.517 562.6217 562.8396 563.1569 563.3708 563.5641 563.8363 564.2328 564.4343 564.8887 565.4369 565.892 566.2421 566.5143 566.757 567.062 567.6355 568.7051 569.4382 569.511 569.3579 569.057 568.7523 568.3802 567.9032 567.3555 566.8199 566.3676 566.0221 565.8356 566.0624 566.6289 567.353
555.4602 557.8348 560.2592 562.3077 563.9735 564.8936 565.4155 565.599 565.4572 565.0162 564.3753 563.8103 563.7081 564.0868 564.5457 564.9928 565.4921 565.7254 565.7875 565.7891 565.8207 565.9565 566.172 566.15 565.946 565.7372 565.474 565.2243 564.8959 564.4492 564.2047 563.9151 563.4659 563.3622 563.4053 563.628 564.0795 564.2526 564.3548 564.5709 565.0553 565.4675 565.9832 566.3773 566.6245 566.736 566.7703 566.8127 566.9783 567.3947 568.2181 568.8516 569.0353 568.8837 568.5743 568.2361 567.8525 567.3433 566.7604 566.219 565.7891 565.5269 565.5145 565.899 566.5716 567.3581
554.8373 557.0369 559.308 561.5356 563.3185 564.4368 565.1768 565.5638 565.6029 565.3505 564.9465 564.6501 564.9717 565.7549 566.5475 566.9955 567.2637 567.3582 567.3622 567.3415 567.3369 567.3781 567.4516 567.4528 567.356 567.1279 566.6469 566.2404 565.8214 565.4407 565.191 564.8828 564.4394 564.2805 564.2737 564.4193 564.8883 565.2533 565.5337 565.8877 566.2573 566.6385 567.147 567.3248 567.3392 567.2217 567.0374 566.9407 567.0323 567.3747 567.9611 568.4364 568.5662 568.3923 568.0674 567.7716 567.3259 566.7294 566.1239 565.6063 565.226 565.0547 565.1702 565.7065 566.4897 567.3452
554.0595 556.187 558.551 560.8962 562.7496 564.0906 564.9128 565.4896 565.7664 565.8018 565.7985 566.027 566.728 567.5327 568.3419 568.7755 568.9404 568.96 568.928 568.8944 568.8876 568.9062 568.9406 568.9368 568.8139 568.4619 567.7896 567.3138 566.8036 566.4368 566.1995 565.9181 565.5116 565.2726 565.2292 565.3901 565.8264 566.3037 566.6719 567.1047 567.2639 567.4099 567.6785 567.6882 567.5251 567.3453 567.0204 566.8591 566.963 567.3366 567.744 568.0467 568.1206 567.8708 567.4521 567.2147 566.6611 566.0397 565.465 565.0253 564.7188 564.6478 564.8795 565.4846 566.328 567.2318
553.2643 555.4907 557.8596 560.1753 562.0576 563.4936 564.4773 565.3051 565.8438 566.1983 566.5724 567.196 568.1313 569.1429 570.0467 570.4554 570.5503 570.525 570.4766 570.4415 570.4544 570.4797 570.4993 570.4801 570.3397 569.9797 569.2562 568.6476 568.0049 567.604 567.3968 567.1292 566.6187 566.3257 566.2523 566.4011 566.7643 567.2411 567.4207 567.5911 567.5907 567.8255 567.8802 567.6847 567.3001 566.8593 566.5004 566.3566 566.4941 566.8975 567.3427 567.6149 567.6892 567.3436 566.8211 566.3627 565.8385 565.3076 564.8332 564.5509 564.3161 564.311 564.5751 565.1869 566.0042 566.8212
552.1769 554.5623 556.8347 559.0542 561.1755 562.8353 564.0941 565.0095 565.7394 566.3835 567.0846 567.9641 569.2562 570.4604 571.4586 572.0025 572.1392 572.1096 572.0438 571.9859 572.0287 572.0693 572.0751 571.9882 571.6989 571.2665 570.6582 570.2168 569.7407 569.1844 568.8376 568.4382 567.7957 567.4785 567.3802 567.446 567.6461 567.9922 568.0409 567.9903 568.1368 568.0366 567.7064 567.1461 566.3726 565.8237 565.5259 565.4528 565.6418 566.1396 566.6831 567.1357 567.134 566.6141 565.9982 565.4266 565.0165 564.6716 564.3368 564.3062 564.1641 564.1426 564.3314 564.8949 565.6858 566.4928
550.7543 553.2299 555.5664 557.9007 560.1795 561.9614 563.3127 564.3621 565.3164 566.3097 567.4675 568.8684 570.2824 571.5515 572.6452 573.3079 573.4647 573.4534 573.4139 573.3835 573.3941 573.408 573.3893 573.2538 572.8282 572.4508 572.0052 571.5758 571.1152 570.6064 570.3205 569.9686 569.3221 568.9172 568.6942 568.6851 568.7525 568.7642 568.4244 567.8193 567.6672 567.4453 566.8245 565.8538 564.8738 564.4056 564.2861 564.3325 564.5532 565.1288 565.5861 565.8765 565.8586 565.5164 565.0294 564.4817 564.3235 564.3047 564.2379 564.2355 564.1531 564.1361 564.3016 564.6685 565.3932 566.1155
549.0073 551.6553 554.1019 556.442 558.7845 560.7968 562.2776 563.4457 564.5399 565.847 567.4636 569.32 570.7959 572.1597 573.3802 574.068 574.3124 574.3455 574.3096 574.2644 574.2365 574.208 574.1295 573.9283 573.5631 573.4269 573.22 572.752 572.3441 571.9015 571.5963 571.2261 570.6422 570.2309 569.8199 569.6652 569.5546 569.2072 568.5839 567.7001 566.8865 566.3314 565.1873 564.1726 563.3007 562.9517 563.0368 563.3021 563.686 564.1713 564.3835 564.4714 564.4584 564.3456 564.1603 563.8544 563.8619 564.0673 564.2566 564.3098 564.2181 564.1426 564.1735 564.3801 565.1262 565.781
547.4097 550.059 552.604 555.0579 557.3913 559.382 561.0233 562.3276 563.5369 564.8932 566.694 568.6207 570.4756 572.2976 573.5233 574.2692 574.6155 574.7328 574.7365 574.6963 574.6545 574.6161 574.5468 574.411 574.2223 574.1108 573.9167 573.5425 573.312 572.8975 572.6617 572.3909 571.837 571.1829 570.5082 570.205 569.8083 569.1804 568.2769 567.2074 566.0656 564.6808 563.3901 562.3544 561.5806 561.4281 561.7944 562.2686 562.7654 563.1559 563.299 563.3128 563.2772 563.2175 563.1402 563.1017 563.361 563.843 564.3054 564.4032 564.3106 564.207 564.1707 564.3046 564.7253 565.3295
545.8154 548.5464 551.1867 553.5469 555.7313 557.7561 559.5037 561.0215 562.3386 563.693 565.2694 567.1917 569.1901 571.1005 572.7466 573.7803 574.3386 574.6374 574.754 574.7668 574.7534 574.7488 574.7405 574.7075 574.6552 574.5963 574.4507 574.1877 573.9153 573.5533 573.4772 573.3596 572.7794 571.8617 570.9324 570.3144 569.4464 568.4481 567.2225 565.7947 564.2783 562.7401 561.4939 560.5817 559.9663 559.975 560.5396 561.1636 561.8024 562.1773 562.2811 562.2606 562.2099 562.1651 562.1426 562.2429 562.7279 563.4869 564.2382 564.4407 564.4232 564.3102 564.1991 564.1726 564.3455 564.8771
544.5649 547.1291 549.7182 552.0383 554.1058 556.0119 557.851 559.5255 561.0209 562.4019 563.8678 565.5276 567.4966 569.4245 571.155 572.6317 573.5052 574.1213 574.4471 574.5665 574.6311 574.6989 574.7788 574.8535 574.9114 574.9231 574.8353 574.6548 574.4329 574.2057 574.1049 573.9037 573.2985 572.0533 570.7189 569.6797 568.5808 567.1669 565.6097 563.9774 562.3921 561.1637 559.8108 558.7978 558.382 558.4657 558.9109 559.783 560.7209 561.1538 561.2653 561.2681 561.2592 561.2579 561.2689 561.3788 561.9973 562.9218 563.8107 564.3174 564.5021 564.4563 564.3059 564.1816 564.3026 564.5896
543.5081 545.7011 548.3499 550.6569 552.6732 554.5324 556.2259 557.9959 559.5845 561.0633 562.528 564.121 565.8597 567.6293 569.3546 570.9077 572.2122 573.2633 573.8853 574.1519 574.3522 574.5338 574.7185 574.8918 575.0358 575.1068 575.0581 574.8998 574.6907 574.4757 574.2903 573.9117 573.121 571.6761 570.1552 568.6965 567.2159 565.6522 563.9026 562.155 560.7262 559.5132 558.3505 557.6067 557.4111 557.6591 557.929 558.5118 559.3564 559.9312 560.2102 560.3397 560.4398 560.5685 560.7195 560.9054 561.4203 562.3907 563.4233 564.2723 564.6346 564.697 564.4381 564.2261 564.1708 564.3079
543.0259 544.5748 547.0989 549.4425 551.5276 553.303 554.9493 556.5728 558.1341 559.6427 561.1468 562.6829 564.2883 565.9207 567.561 569.1738 570.6691 572.0256 573.0578 573.5157 573.9414 574.2871 574.5871 574.8563 575.0579 575.1541 575.098 574.8892 574.5936 574.2664 573.9423 573.2886 572.1364 570.5904 568.9563 567.2975 565.6193 563.921 562.2441 560.6951 559.3477 558.2013 557.2217 556.6529 556.5795 556.8419 557.1249 557.6212 558.2847 558.8988 559.2972 559.5514 559.7695 560.0354 560.2911 560.6098 561.1756 561.9404 562.9679 564.0743 564.7549 565.2889 565.4097 564.7598 564.3107 564.1565
542.8154 543.3251 545.6581 548.1494 550.2926 552.0959 553.683 555.2077 556.7043 558.217 559.7523 561.2723 562.7803 564.3145 565.8822 567.4737 569.0579 570.5412 571.7964 572.6747 573.4005 573.9463 574.3804 574.7372 574.9821 575.07 574.9598 574.635 574.1548 573.6007 573.1152 572.0957 570.7 569.1254 567.4306 565.6836 563.9158 562.2441 560.9351 559.457 558.1842 557.1372 556.3141 555.842 555.8285 556.0833 556.4528 556.9568 557.5716 558.1783 558.629 558.9828 559.295 559.6849 559.9805 560.2998 560.7411 561.3306 562.2487 563.4297 564.5763 565.861 566.7949 566.0629 564.918 564.2988
543.0753 542.4896 544.4893 546.9014 549.1326 550.9768 552.5276 553.9965 555.4032 556.9105 558.4896 559.9948 561.393 562.8123 564.3 565.85 567.4327 568.9969 570.4196 571.6093 572.6104 573.4205 574.0359 574.4902 574.7653 574.826 574.6415 574.1729 573.4959 572.7282 571.8407 570.5923 569.1178 567.4895 565.807 564.0468 562.2385 560.748 559.49 558.2369 557.1515 556.2583 555.6022 555.1822 555.1782 555.4935 555.9677 556.5143 557.1123 557.6995 558.2293 558.7012 559.1176 559.4978 559.7922 560.0786 560.4153 560.8607 561.5401 562.7352 564.163 565.7415 567.0196 567.0997 566.0525 564.8477
543.132 542.2333 543.5913 545.9162 548.1895 550.0228 551.6342 553.0018 554.3452 555.8047 557.5068 558.9302 560.2014 561.4465 562.8112 564.2896 565.8429 567.4229 568.9596 570.3662 571.5979 572.635 573.4568 574.0407 574.3105 574.3406 574.0876 573.4642 572.6171 571.6085 570.4156 569.015 567.4705 565.8658 564.2124 562.5401 560.9136 559.4713 558.276 557.2227 556.3273 555.6164 555.1495 554.8745 554.8872 555.1777 555.7048 556.2805 556.9053 557.5551 558.1934 558.7167 559.1484 559.4944 559.7575 560.0017 560.2834 560.6624 561.2298 562.1058 563.4405 565.0006 566.671 567.3915 567.0718 565.9507
542.7203 541.9542 543.1161 545.1671 547.1812 548.9811 550.5531 551.9813 553.3433 554.8448 556.4178 557.8829 559.1129 560.2559 561.4465 562.8037 564.2908 565.8538 567.4288 568.9515 570.3524 571.566 572.5629 573.261 573.4789 573.4575 573.1597 572.3661 571.3799 570.1892 568.8022 567.3292 565.8085 564.2516 562.6857 561.1346 559.6406 558.3664 557.3381 556.4674 555.7521 555.1959 554.8967 554.7584 554.842 555.1517 555.6223 556.1974 556.8425 557.5286 558.209 558.7936 559.2411 559.5684 559.8094 560.03 560.2883 560.6105 561.0061 561.4878 562.6193 564.0581 565.6137 567.1384 567.4965 567.0203
542.0508 541.6486 542.7883 544.3854 546.2145 547.9443 549.4688 550.901 552.2422 553.6895 555.2233 556.7009 558.0338 559.1628 560.2538 561.4354 562.8013 564.3009 565.8624 567.4043 568.8575 570.1432 571.228 571.8852 572.0966 571.9956 571.5554 570.6685 569.6416 568.3384 566.9008 565.4982 564.1222 562.7014 561.2844 559.9072 558.6034 557.594 556.6773 555.9482 555.4478 555.1429 554.8734 554.7771 554.8787 555.1561 555.6201 556.2012 556.8523 557.5414 558.2186 558.8298 559.2856 559.604 559.8452 560.0695 560.3337 560.658 561.0093 561.2603 561.9814 563.2184 564.7842 566.5176 567.4106 567.5353
541.3787 541.3145 542.4711 543.68 545.456 547.0958 548.6465 549.9601 551.2339 552.585 554.1058 555.5637 556.9478 558.1271 559.1719 560.2375 561.4246 562.803 564.2959 565.7908 567.1819 568.3495 569.5282 570.0764 570.187 570.0054 569.4819 568.469 567.3271 566.1124 564.7017 563.5875 562.498 561.3383 560.1639 559.0199 558.0363 557.0664 556.2023 555.5271 555.1552 554.9422 554.8163 554.8298 554.968 555.1801 555.6771 556.2706 556.9097 557.5758 558.2182 558.8019 559.2365 559.5447 559.7966 560.0314 560.2902 560.5723 560.7777 560.9203 561.373 562.4152 563.9152 565.3585 566.7747 567.5453
