backend/lakes/data/Whitefish Lake/whif_dem_tm.asc
ncols         184
nrows         174
xllcorner     696850
yllcorner     6022150
cellsize      50
NODATA_value  -9999
[rows 58 to 86 of 174, columns 0 to 65 of 184]
-9999 -9999 -9999 -9999 -9999 -9999 -9999 -9999 -9999 -9999 -9999 -9999 -9999 -9999 -9999 622.9584 617.3226 610.854 603.585 595.742 587.8555 580.682 574.9256 570.299 566.7841 563.988 561.5726 559.9951 559.0352 558.4958 558.1555 557.6367 557.1219 556.6415 556.1985 555.8066 555.4794 555.1535 554.7782 554.3665 553.9253 553.3992 552.6693 551.6064 550.0386 548.2112 546.5195 545.5256 545.1154 545.5463 546.2296 547.4417 548.8745 550.111 550.8998 551.452 552.0482 552.5533 553.2931 553.9275 554.7335 555.369 556.1095 556.77 557.4877 558.3965
-9999 -9999 -9999 -9999 -9999 -9999 -9999 -9999 -9999 -9999 -9999 -9999 -9999 -9999 -9999 -9999 618.8927 612.523 605.283 597.3539 589.2533 581.7117 575.5103 570.7021 567.2098 564.5182 562.0847 560.5222 559.5082 558.8153 558.2612 557.823 557.3303 556.8641 556.4468 556.0814 555.7703 555.4802 555.1599 554.791 554.3878 553.9518 553.3896 552.5696 551.3575 549.6041 547.779 546.1937 545.0739 544.5326 544.8406 545.8463 547.2633 548.6737 549.6729 550.3285 550.927 551.4672 552.0513 552.543 553.3507 554.1752 555.0677 555.891 556.7131 557.674
-9999 -9999 -9999 -9999 -9999 -9999 -9999 -9999 -9999 -9999 -9999 -9999 -9999 -9999 -9999 -9999 620.3074 614.145 607.0553 599.1461 590.9088 583.1094 576.5888 571.6537 568.3115 565.2865 563.0031 561.3998 560.2784 559.4143 558.7023 558.1422 557.5652 557.0829 556.6821 556.3411 556.0547 555.7963 555.5137 555.1653 554.7726 554.3546 553.8698 553.2007 552.2504 550.9879 549.2742 547.3853 545.718 544.4232 543.8955 544.3777 545.6669 547.1455 548.429 549.211 549.9366 550.554 551.0989 551.5974 552.2442 553.0796 554.0273 555.0203 555.982 557.0756
-9999 -9999 -9999 -9999 -9999 -9999 -9999 -9999 -9999 -9999 -9999 -9999 -9999 -9999 -9999 -9999 621.4927 615.6135 608.755 600.972 592.7213 584.7694 577.947 572.6748 568.934 566.1417 564.1086 562.5826 561.3329 560.2435 559.2502 558.356 557.7739 557.3009 556.9302 556.6256 556.3827 556.1721 555.9366 555.6093 555.1766 554.7217 554.2275 553.6103 552.7726 551.747 550.6122 548.6057 546.5795 544.7579 543.4629 543.1934 544.1464 545.5914 546.9601 548.0439 548.9966 549.7634 550.3676 550.886 551.4565 552.1648 553.0577 554.1096 555.2728 556.5279
-9999 -9999 -9999 -9999 -9999 -9999 -9999 -9999 -9999 -9999 -9999 -9999 -9999 -9999 -9999 -9999 -9999 616.787 610.2381 602.6837 594.5198 586.5027 579.4978 573.9315 569.9059 567.1595 565.2823 563.8966 562.5801 561.2758 560.0441 558.9285 558.1385 557.5857 557.236 556.9819 556.8097 556.6708 556.4988 556.2049 555.7395 555.1911 554.6409 554.0398 553.3663 552.5701 551.5205 549.6154 547.7885 545.5766 543.6136 542.8148 543.0941 544.1683 545.5532 546.8184 547.9641 548.9577 549.707 550.2919 550.8368 551.4528 552.2222 553.2861 554.6628 555.9454
-9999 -9999 -9999 -9999 -9999 -9999 -9999 -9999 -9999 -9999 -9999 -9999 -9999 -9999 -9999 -9999 -9999 617.4884 611.3174 604.0718 596.0667 588.0356 580.8906 575.1667 571.0595 568.2728 566.4331 565.0555 563.761 562.3071 560.8917 559.5171 558.4274 557.9018 557.609 557.4705 557.4022 557.3458 557.2338 556.9633 556.4684 555.8887 555.2096 554.5571 553.9232 553.2574 552.3551 550.9918 549.1403 546.7569 544.5414 543.1135 542.7325 543.1361 544.2004 545.5482 546.8215 547.9762 548.9549 549.687 550.2946 550.9075 551.611 552.522 553.9347 555.3663
-9999 -9999 -9999 -9999 -9999 -9999 -9999 -9999 -9999 -9999 -9999 -9999 -9999 -9999 -9999 -9999 -9999 617.5733 611.8236 604.9148 597.1098 589.1321 581.9164 576.2324 572.2241 569.5002 567.5276 566.0522 564.584 563.1179 561.5726 560.2319 559.1412 558.4599 558.2803 558.2685 558.2857 558.2686 558.1351 557.7346 557.3054 556.8026 556.0477 555.2267 554.5125 553.8488 553.0295 551.9161 550.5161 548.2012 545.7963 543.9791 542.9894 542.7693 543.1791 544.2308 545.5727 546.8377 547.9764 548.9487 549.7236 550.4631 551.2435 552.2275 553.5986 555.1219
-9999 -9999 -9999 -9999 -9999 -9999 -9999 -9999 -9999 -9999 -9999 -9999 -9999 -9999 -9999 -9999 -9999 616.9459 611.6067 605.0238 597.4614 589.6303 582.5087 576.9393 572.9978 570.2876 568.3629 566.8996 565.3489 563.8931 562.3728 561.1427 560.21 559.717 559.5983 559.6232 559.653 559.5852 559.2909 558.6862 558.3232 557.9142 557.105 556.1383 555.2319 554.4705 553.6672 552.7322 551.4411 549.2961 546.954 545.0348 543.696 542.9664 542.8079 543.1926 544.246 545.5754 546.8239 547.965 548.9916 549.9307 550.9359 552.0989 553.4386 554.9982
-9999 -9999 -9999 -9999 -9999 -9999 -9999 -9999 -9999 -9999 -9999 -9999 -9999 -9999 -9999 -9999 -9999 615.5871 610.5776 604.268 596.9569 589.3286 582.3577 576.9012 573.1085 570.5466 568.7269 567.2371 565.6899 564.2362 562.9165 561.948 561.325 561.1374 561.1673 561.2341 561.2618 561.1726 560.8326 560.1558 559.6384 559.0276 558.1685 557.1848 556.1688 555.2368 554.395 553.4564 552.1774 550.3641 548.2757 546.2625 544.6951 543.569 542.9249 542.7217 543.1652 544.2315 545.5605 546.8408 548.0837 549.2799 550.5306 551.8489 553.1492 554.7477
-9999 -9999 -9999 -9999 -9999 -9999 -9999 -9999 -9999 -9999 -9999 -9999 -9999 -9999 -9999 -9999 -9999 613.7138 608.7094 602.5502 595.4741 588.1042 581.3423 576.0893 572.6095 570.4266 568.7594 567.2917 565.7631 564.3494 563.2874 562.6737 562.3936 562.4386 562.6684 562.8143 562.834 562.6749 562.207 561.5344 560.9763 560.188 559.2726 558.2672 557.2186 556.1989 555.2319 554.2474 553.0188 551.4292 549.4597 547.5714 545.8985 544.4473 543.2657 542.6724 542.6235 543.1395 544.229 545.6355 547.1118 548.6194 549.955 551.2745 552.5804 554.2303
-9999 -9999 -9999 -9999 -9999 -9999 -9999 -9999 -9999 -9999 -9999 -9999 -9999 -9999 -9999 -9999 615.1647 610.9197 605.8131 599.7476 592.9357 585.9688 579.6464 574.8859 571.7825 570.129 568.632 567.2637 565.8085 564.499 563.7407 563.4152 563.3701 563.5914 564.0353 564.2346 564.2563 564.0712 563.5115 562.8785 562.1588 561.2964 560.3929 559.4779 558.3749 557.2809 556.251 555.2097 553.9741 552.4407 550.7251 548.9877 547.3183 545.7783 544.3856 543.3317 542.7194 542.6412 543.1672 544.3695 545.987 547.6433 549.2064 550.6928 552.1866 553.8771
-9999 -9999 -9999 -9999 -9999 -9999 -9999 -9999 -9999 -9999 -9999 -9999 -9999 -9999 -9999 615.7966 611.8318 607.2956 602.0601 596.0909 589.623 583.255 577.6885 573.6763 571.0166 569.5747 568.3846 567.2454 565.9919 564.9325 564.3588 564.2539 564.314 564.554 565.0317 565.3031 565.3485 565.1484 564.6285 564.1026 563.2928 562.3876 561.5047 560.776 559.6887 558.4892 557.4209 556.4135 555.1901 553.7322 552.134 550.4987 548.8976 547.3654 545.9889 544.8218 543.538 542.79 542.704 543.3621 544.8928 546.5914 548.3795 550.0253 551.7182 553.4944
-9999 -9999 -9999 -9999 -9999 -9999 -9999 -9999 -9999 -9999 -9999 -9999 -9999 -9999 -9999 612.3323 607.9592 603.13 597.7874 591.9955 586.0425 580.4824 575.9234 572.7206 570.5613 569.2966 568.2617 567.2855 566.2845 565.4882 565.1725 565.1951 565.4075 565.7791 566.1488 566.3506 566.3901 566.2582 565.8805 565.2422 564.3571 563.4298 562.5935 561.8582 560.9631 559.8231 558.6989 557.7966 556.5999 555.1848 553.6506 552.0799 550.5163 549.038 547.6846 546.4447 545.0399 543.5981 542.8231 542.8267 543.6569 545.3172 547.1329 548.9982 550.8036 552.7205
-9999 -9999 -9999 -9999 -9999 -9999 -9999 -9999 -9999 -9999 -9999 -9999 -9999 -9999 -9999 608.6575 603.8788 598.7895 593.4418 588.0283 582.8261 578.0905 574.6549 572.1697 570.4181 569.3185 568.3257 567.4254 566.722 566.2206 566.1321 566.2678 566.6016 567.1278 567.4123 567.496 567.4719 567.3851 567.1013 566.3625 565.4045 564.3986 563.5399 562.8148 562.0457 561.1041 560.0712 559.1242 558.0456 556.7062 555.233 553.723 552.1929 550.74 549.422 548.2515 546.7469 545.1126 543.5945 542.8639 542.9948 544.0645 545.7618 547.79 549.7284 551.9229
-9999 -9999 -9999 -9999 -9999 -9999 -9999 -9999 -9999 -9999 -9999 -9999 -9999 -9999 -9999 605.1448 600.0043 594.7248 589.4938 584.6597 580.5291 576.5357 573.9655 571.9794 570.4068 569.352 568.5191 567.8174 567.3092 566.9844 567.1747 567.4169 567.8201 568.4973 568.8402 568.8728 568.6964 568.4725 568.0677 567.3428 566.3964 565.3752 564.4296 563.6972 563.0607 562.2231 561.2828 560.3735 559.4402 558.2361 556.8789 555.4709 553.9802 552.5307 551.2018 550.0109 548.5916 546.882 545.1211 543.5773 542.8889 543.1166 544.3611 546.3439 548.6496 551.0418
-9999 -9999 -9999 -9999 -9999 -9999 -9999 -9999 -9999 -9999 -9999 -9999 -9999 -9999 -9999 602.3768 596.9374 591.4966 586.3668 582.1215 579.152 575.6422 573.7242 572.0169 570.4791 569.5367 568.8914 568.3428 567.9086 567.6873 568.1483 568.7153 569.3065 570.0141 570.2836 570.1949 569.7931 569.4554 568.9518 568.2338 567.3433 566.3599 565.4056 564.592 564.0809 563.2837 562.3873 561.5247 560.8152 559.7518 558.5455 557.3707 555.8974 554.4967 553.0483 551.8569 550.5034 548.8951 547.0105 545.147 543.5916 542.9534 543.3444 544.9937 547.2898 549.7264
-9999 -9999 -9999 -9999 -9999 -9999 -9999 -9999 -9999 -9999 -9999 -9999 -9999 -9999 -9999 601.1323 595.4514 589.8362 584.596 580.3352 577.4556 574.7339 573.1326 571.7723 570.5498 569.8691 569.4797 569.0888 568.8237 568.9114 569.4003 570.0947 570.6414 571.1941 571.3561 571.1118 570.6015 570.2999 569.7435 569.041 568.223 567.3261 566.4235 565.6313 564.9924 564.2552 563.416 562.6404 561.9641 561.1256 560.1331 559.1245 557.8476 556.4332 555.0371 553.7961 552.5378 551.1137 549.2458 547.2076 545.2761 543.6953 543.0767 543.6509 545.528 548.0708
-9999 -9999 -9999 -9999 -9999 -9999 -9999 -9999 -9999 -9999 -9999 -9999 -9999 -9999 -9999 601.9529 596.155 590.446 585.079 580.606 577.5253 575.0773 573.4025 572.1168 571.0765 570.4547 570.2343 569.8456 569.7748 570.1477 570.6368 571.347 571.9672 572.3512 572.3737 572.007 571.4762 571.0048 570.4203 569.7593 569.0112 568.188 567.3458 566.5629 565.8692 565.1657 564.3723 563.6533 563.0577 562.3424 561.5366 560.7482 559.5757 558.2278 556.9069 555.7464 554.6757 553.3549 551.7048 549.6782 547.5881 545.5189 543.6836 543.0867 543.9545 546.2543
-9999 -9999 -9999 -9999 -9999 -9999 -9999 -9999 -9999 -9999 -9999 -9999 -9999 -9999 -9999 604.5615 598.8503 593.1795 587.7657 583.0126 579.4396 576.6696 574.6373 573.1501 571.9873 571.2324 570.835 570.517 570.6475 571.2335 571.9101 572.5762 573.213 573.447 573.3525 572.8342 572.2312 571.6569 571.0466 570.402 569.7133 568.9354 568.1382 567.3787 566.7141 566.1311 565.4117 564.7023 564.2308 563.5714 562.8976 562.1298 561.1149 559.88 558.6749 557.7274 556.7151 555.584 554.201 552.3524 550.2746 547.9731 545.2413 543.31 543.1589 544.8572
-9999 -9999 -9999 -9999 -9999 -9999 -9999 -9999 -9999 -9999 -9999 -9999 -9999 -9999 -9999 607.8928 602.6083 597.1624 591.8335 586.8631 582.6849 579.2907 576.64 574.6671 573.231 572.2443 571.7411 571.5684 571.8824 572.4406 573.1454 573.6489 574.1826 574.3704 574.1654 573.5622 572.8909 572.2439 571.5879 570.9281 570.2841 569.5472 568.8167 568.1191 567.5045 567.1454 566.5472 566.0511 565.5837 564.8392 564.2243 563.4421 562.5475 561.4365 560.3882 559.5135 558.5964 557.7036 556.4537 554.8145 552.7208 550.1767 547.0786 544.3694 543.177 543.6954
-9999 -9999 -9999 -9999 -9999 -9999 -9999 -9999 -9999 -9999 -9999 -9999 -9999 -9999 -9999 611.163 606.5748 601.5919 596.444 591.389 586.689 582.6173 579.2417 576.6567 574.7528 573.4461 572.744 572.6223 573.0753 573.5172 574.1754 574.7673 575.2469 575.3967 575.1385 574.4755 573.5916 572.8101 572.0436 571.2789 570.5171 569.9642 569.3736 568.7914 568.2848 567.9036 567.472 567.272 566.9858 566.2891 565.5485 564.6893 563.9432 562.9484 562.0059 561.2247 560.3611 559.5287 558.408 556.925 554.749 552.5452 549.5065 546.3054 543.9694 543.344
-9999 -9999 -9999 -9999 -9999 -9999 -9999 -9999 -9999 -9999 -9999 -9999 -9999 -9999 -9999 614 610.2393 605.8448 601.049 596.0632 591.1344 586.4898 582.412 579.1937 576.7382 574.9696 573.8538 573.5462 573.8591 574.4263 575.2145 575.9757 576.5146 576.6451 576.3242 575.5382 574.4093 573.3613 572.4597 571.646 570.9167 570.3564 569.807 569.3052 568.8745 568.5153 568.1927 567.9773 567.7172 567.2821 566.6614 565.8441 565.0322 564.2309 563.6596 562.8579 561.928 561.1743 560.1565 558.8812 557.1845 555.0479 552.1782 548.7574 545.5842 543.4766
-9999 -9999 -9999 -9999 -9999 -9999 -9999 -9999 -9999 -9999 -9999 -9999 -9999 -9999 -9999 -9999 613.3602 609.5653 605.2042 600.4895 595.663 590.8994 586.4165 582.4464 579.3673 577.0952 575.5602 574.8156 574.779 575.3425 576.3728 577.4498 578.1304 578.196 577.6887 576.5503 575.0482 573.6298 572.703 571.8681 571.115 570.4331 569.98 569.5664 569.1893 568.8452 568.5313 568.2377 567.9453 567.621 567.3053 566.5467 565.7004 564.8933 564.5886 564.1338 563.3947 562.6287 561.6035 560.4929 559.141 557.309 554.6775 551.2434 547.5418 544.3878
-9999 -9999 -9999 -9999 -9999 -9999 -9999 -9999 -9999 -9999 -9999 -9999 -9999 -9999 -9999 -9999 615.8636 612.5673 608.6076 604.2868 599.8394 595.3252 590.818 586.5139 582.7209 579.8442 577.7274 576.3602 575.7866 576.2145 577.6385 579.4509 580.3151 580.2586 579.2416 577.5414 575.5424 573.7646 572.7029 571.8691 571.1167 570.424 569.9585 569.5338 569.1451 568.8062 568.5153 568.1967 567.7853 567.4169 567.3414 566.7009 566.033 565.4539 565.1479 564.8069 564.3185 563.7283 562.7224 561.6136 560.47 558.8403 556.5654 553.2131 549.2009 545.3371
-9999 -9999 -9999 -9999 -9999 -9999 -9999 -9999 -9999 -9999 -9999 -9999 -9999 -9999 -9999 -9999 -9999 -9999 611.1592 607.2631 603.361 599.3919 595.2134 590.9215 586.8065 583.202 580.3543 578.1783 576.7462 576.7039 578.5018 580.552 581.1066 581.0961 580.4165 578.1307 575.7386 573.8085 572.6841 571.8517 571.1124 570.4151 569.8406 569.2958 568.7866 568.3647 568.0809 567.8116 567.4579 567.1088 566.849 566.1938 565.6479 565.2549 565.0126 564.7755 564.5005 564.1959 563.1649 562.1525 561.0505 559.4662 557.3758 554.1273 550.1311 546.079
-9999 -9999 -9999 -9999 -9999 -9999 -9999 -9999 -9999 -9999 -9999 -9999 -9999 -9999 -9999 -9999 -9999 -9999 -9999 609.4704 606.1782 602.8817 599.2537 595.2311 591.0431 587.0245 583.4252 580.2884 577.7815 576.535 577.4313 579.1096 579.7722 580.0313 579.6945 577.4785 575.2899 573.6787 572.6537 571.8514 571.1275 570.4094 569.6517 568.8737 568.1287 567.4498 567.0158 566.6541 566.1928 565.6502 564.9528 564.4492 564.1523 563.9675 563.8524 563.7588 563.6483 563.4348 562.5511 561.5759 560.5103 559.3206 557.0243 553.7587 549.9093 546.0486
-9999 -9999 -9999 -9999 -9999 -9999 -9999 -9999 -9999 -9999 -9999 -9999 -9999 -9999 -9999 -9999 -9999 -9999 -9999 -9999 608.463 605.7831 602.6999 599.0453 594.9232 590.6111 586.3548 582.3306 578.8082 576.29 575.3469 576.2338 576.9867 577.5189 577.4721 575.9253 574.3038 573.3948 572.5595 571.8062 571.0984 570.3698 569.4007 568.3102 567.2634 566.1289 565.0815 564.2263 563.3368 562.5671 561.8749 561.5032 561.4399 561.3901 561.371 561.3336 561.2242 560.9118 560.298 559.503 558.61 557.2969 555.0092 551.9176 548.4231 545.0706
-9999 -9999 -9999 -9999 -9999 -9999 -9999 -9999 -9999 -9999 -9999 -9999 -9999 -9999 -9999 -9999 -9999 -9999 -9999 -9999 -9999 608.1576 605.4871 602.1171 598.1016 593.6047 588.8128 584.0151 579.7479 576.3788 574.3909 574.0327 574.4272 575.0292 575.051 574.1654 573.3537 572.7972 572.2541 571.6004 570.9127 570.2088 569.0666 567.7153 566.3859 564.8211 563.197 561.5736 560.0659 558.907 558.0763 557.6605 557.5045 557.3937 557.3519 557.3224 557.2072 556.9423 556.5064 555.897 555.1446 553.966 551.9399 549.225 546.2867 543.6905
-9999 -9999 -9999 -9999 -9999 -9999 -9999 -9999 -9999 -9999 -9999 -9999 -9999 -9999 -9999 -9999 -9999 -9999 -9999 -9999 -9999 -9999 607.7123 604.5262 600.574 595.9381 590.7855 585.497 580.726 576.7665 574.0433 573.0809 573.1089 573.4369 573.4756 573.0646 572.5944 572.1904 571.7654 571.2233 570.522 569.8032 568.7482 567.4252 565.8851 563.9996 561.71 559.3426 557.2207 555.4305 554.1323 553.4373 553.1324 552.9489 552.8914 552.8436 552.6971 552.4081 552.0648 551.63 551.0022 550.0764 548.5188 546.3566 544.1321 542.3968
