backend/lakes/data/Whitefish Lake/whif_dem_tm.asc
ncols         184
nrows         174
xllcorner     696850
yllcorner     6022150
cellsize      50
NODATA_value  -9999
[rows 29 to 57 of 174, columns 66 to 131 of 184]
-9999 -9999 -9999 -9999 -9999 -9999 -9999 -9999 -9999 -9999 -9999 -9999 -9999 -9999 -9999 -9999 -9999 -9999 -9999 -9999 -9999 -9999 -9999 -9999 -9999 -9999 -9999 -9999 -9999 -9999 -9999 -9999 -9999 -9999 -9999 -9999 -9999 -9999 -9999 -9999 -9999 -9999 -9999 -9999 -9999 -9999 -9999 -9999 -9999 -9999 -9999 -9999 -9999 -9999 -9999 -9999 -9999 -9999 -9999 -9999 -9999 -9999 -9999 -9999 -9999 -9999
-9999 -9999 -9999 -9999 -9999 -9999 -9999 -9999 -9999 -9999 -9999 -9999 -9999 -9999 -9999 -9999 -9999 -9999 -9999 -9999 -9999 -9999 -9999 -9999 -9999 -9999 -9999 -9999 -9999 -9999 -9999 -9999 -9999 -9999 -9999 -9999 -9999 -9999 -9999 -9999 -9999 -9999 -9999 -9999 -9999 -9999 -9999 -9999 -9999 -9999 -9999 -9999 -9999 -9999 -9999 -9999 -9999 -9999 -9999 -9999 -9999 -9999 -9999 -9999 -9999 -9999
-9999 -9999 -9999 -9999 -9999 -9999 -9999 -9999 -9999 -9999 -9999 -9999 -9999 -9999 -9999 -9999 -9999 -9999 -9999 -9999 -9999 -9999 -9999 -9999 -9999 -9999 -9999 -9999 -9999 -9999 -9999 -9999 -9999 -9999 -9999 -9999 -9999 -9999 -9999 -9999 -9999 -9999 -9999 -9999 -9999 -9999 -9999 -9999 -9999 -9999 -9999 -9999 -9999 -9999 -9999 -9999 -9999 -9999 -9999 -9999 -9999 -9999 -9999 -9999 -9999 -9999
-9999 -9999 -9999 -9999 -9999 -9999 -9999 -9999 -9999 -9999 -9999 -9999 -9999 -9999 -9999 -9999 -9999 -9999 -9999 -9999 -9999 -9999 -9999 -9999 -9999 -9999 -9999 -9999 -9999 -9999 -9999 -9999 -9999 -9999 -9999 -9999 -9999 -9999 -9999 -9999 -9999 -9999 -9999 -9999 -9999 -9999 -9999 -9999 -9999 -9999 -9999 -9999 -9999 -9999 -9999 -9999 -9999 -9999 -9999 -9999 -9999 -9999 -9999 -9999 -9999 -9999
-9999 -9999 -9999 -9999 -9999 -9999 -9999 -9999 -9999 -9999 -9999 -9999 -9999 -9999 -9999 -9999 -9999 -9999 -9999 -9999 -9999 -9999 -9999 -9999 -9999 -9999 -9999 -9999 -9999 -9999 -9999 -9999 -9999 -9999 -9999 -9999 -9999 -9999 -9999 -9999 -9999 -9999 -9999 -9999 -9999 -9999 -9999 -9999 -9999 -9999 -9999 -9999 -9999 -9999 -9999 -9999 -9999 -9999 -9999 -9999 -9999 -9999 -9999 -9999 -9999 -9999
-9999 -9999 -9999 -9999 600.3223 599.8311 599.2774 598.6472 597.855 -9999 -9999 -9999 -9999 -9999 -9999 -9999 -9999 -9999 -9999 -9999 -9999 -9999 -9999 -9999 -9999 -9999 -9999 -9999 -9999 -9999 -9999 -9999 -9999 -9999 -9999 -9999 -9999 -9999 -9999 -9999 -9999 -9999 -9999 -9999 -9999 -9999 -9999 -9999 -9999 -9999 -9999 -9999 -9999 -9999 -9999 -9999 -9999 -9999 -9999 -9999 -9999 -9999 -9999 -9999 -9999 -9999
-9999 602.1335 600.4146 598.9513 597.8295 596.9575 596.0565 595.1779 594.3088 593.5828 -9999 -9999 -9999 -9999 -9999 -9999 -9999 -9999 -9999 -9999 -9999 -9999 -9999 -9999 -9999 -9999 -9999 -9999 -9999 -9999 -9999 -9999 -9999 -9999 -9999 -9999 -9999 -9999 -9999 -9999 -9999 -9999 -9999 -9999 -9999 -9999 -9999 -9999 -9999 -9999 -9999 -9999 -9999 -9999 -9999 -9999 -9999 -9999 -9999 -9999 -9999 -9999 -9999 -9999 -9999 -9999
601.4088 599.6738 597.7722 596.0103 594.5511 593.3585 592.3167 591.4312 590.6759 590.1125 589.8286 -9999 -9999 -9999 -9999 -9999 -9999 -9999 -9999 -9999 -9999 -9999 -9999 -9999 -9999 -9999 -9999 -9999 -9999 -9999 -9999 -9999 -9999 -9999 -9999 -9999 -9999 -9999 -9999 -9999 -9999 -9999 -9999 -9999 -9999 -9999 -9999 -9999 -9999 -9999 -9999 -9999 -9999 -9999 -9999 -9999 -9999 -9999 -9999 -9999 -9999 -9999 -9999 -9999 -9999 -9999
597.8505 596.1407 594.1471 592.1786 590.4634 589.1033 588.0801 587.415 587.0049 586.8337 586.8142 587.0979 588.1583 589.6476 590.8903 591.7766 592.4392 592.985 593.7773 594.7533 596.0362 597.8036 -9999 -9999 -9999 -9999 -9999 -9999 -9999 -9999 -9999 -9999 -9999 -9999 -9999 -9999 -9999 -9999 -9999 -9999 -9999 -9999 -9999 -9999 -9999 -9999 -9999 -9999 -9999 -9999 -9999 -9999 -9999 -9999 -9999 -9999 -9999 -9999 -9999 -9999 -9999 -9999 -9999 -9999 -9999 -9999
593.172 591.5965 589.6377 587.6102 585.8376 584.5567 583.7123 583.4111 583.5333 583.9386 584.311 584.8029 585.8314 587.2581 588.2959 589.0891 589.8112 590.5652 591.6994 593.0859 594.6473 596.538 598.5893 600.1851 601.152 601.4143 -9999 -9999 -9999 -9999 -9999 -9999 -9999 -9999 -9999 -9999 -9999 -9999 -9999 -9999 -9999 -9999 -9999 -9999 -9999 -9999 -9999 -9999 -9999 -9999 -9999 -9999 -9999 -9999 -9999 -9999 -9999 -9999 -9999 -9999 -9999 -9999 -9999 -9999 -9999 -9999
587.8884 586.5656 584.8055 582.9093 581.2804 580.2893 579.7858 579.9091 580.5958 581.6287 582.4982 583.1722 583.9793 584.9742 585.6305 586.1021 586.6998 587.4684 588.6776 590.2321 592.0228 594.0641 596.2985 598.3676 599.8636 600.6017 600.47 599.4358 597.3203 594.2822 590.5961 586.5478 582.3599 -9999 -9999 -9999 -9999 -9999 -9999 -9999 -9999 -9999 -9999 -9999 -9999 -9999 -9999 -9999 -9999 -9999 -9999 -9999 -9999 -9999 -9999 -9999 -9999 -9999 -9999 -9999 -9999 -9999 -9999 -9999 -9999 -9999
582.6391 581.6738 580.3387 578.9565 577.7663 577.0541 576.9991 577.255 578.2361 579.629 580.9034 581.5541 581.9323 582.3735 582.6841 582.8309 583.2675 583.9156 584.9741 586.473 588.3231 590.496 592.889 595.2659 597.2316 598.3746 598.4363 597.363 595.2889 592.4174 589.1051 585.71 582.3383 579.1508 576.6065 575.0119 574.1711 573.9633 -9999 -9999 -9999 -9999 -9999 -9999 574.3942 574.6196 574.9963 575.9851 577.6223 579.9203 -9999 -9999 -9999 -9999 -9999 -9999 -9999 -9999 -9999 -9999 -9999 -9999 575.5835 575.5828 575.6348 575.7393
577.9666 577.3688 576.6191 575.8022 575.0404 574.4454 574.4755 575.0726 576.1253 577.4949 578.8418 579.5538 579.5068 579.3934 579.5772 579.5386 579.871 580.3443 581.1312 582.3754 584.0598 586.1895 588.5591 590.9449 593.0334 594.3546 594.5651 593.6748 591.8763 589.4177 586.7507 584.2365 581.8978 579.6638 577.6 576.0092 575.0407 574.4924 573.9752 573.5192 -9999 -9999 574.7319 575.9194 576.8284 577.225 577.5495 578.3875 580.2181 582.7437 585.1977 -9999 -9999 -9999 -9999 -9999 -9999 -9999 -9999 577.4525 576.5331 576.0203 575.6741 575.6052 575.6641 575.7456
574.4139 574.1148 573.8093 573.5266 573.2721 572.9767 573.0291 573.4652 574.1744 575.2743 576.2831 576.8644 577.0901 577.1758 577.3502 577.316 577.3336 577.5269 577.975 578.7696 579.9521 581.7675 583.851 585.8759 587.7653 589.049 589.3701 588.7652 587.442 585.6395 583.7796 582.2206 580.8787 579.5508 578.0524 576.7544 575.9036 575.2319 574.605 574.1469 574.316 575.1413 576.7488 578.5292 579.6047 580.017 580.2441 580.8004 582.5431 584.9189 587.1542 588.4851 588.644 -9999 -9999 -9999 -9999 581.8123 580.6548 579.5344 578.2534 577.1204 576.2484 575.9997 575.9926 575.9985
572.0176 571.9291 571.8856 571.9221 572.0466 572.0081 572.0884 572.3657 572.7601 573.3638 573.9326 574.4362 574.9243 575.1846 575.3384 575.3043 575.2324 575.256 575.4353 575.8647 576.6655 577.9827 579.5979 580.8127 582.228 583.2909 583.6624 583.3322 582.5257 581.4583 580.4646 579.7996 579.2858 578.631 577.8474 576.9355 576.3745 575.9305 575.4352 575.2759 575.8569 577 578.8518 580.6835 581.2338 581.4653 581.8527 582.059 583.4742 585.5767 587.7803 589.38 589.9028 589.2917 -9999 585.9692 584.426 583.2556 582.2437 581.2858 580.0255 578.4754 577.2581 576.5964 576.3682 576.2751
570.0485 570.1959 570.3383 570.5518 570.9386 571.15 571.2584 571.3737 571.5294 571.7992 572.1714 572.689 573.2068 573.4441 573.5255 573.4963 573.4345 573.3969 573.4173 573.5641 573.9604 574.6736 575.5394 576.3864 577.4109 578.1556 578.413 578.2667 577.8931 577.4706 577.178 577.1846 577.1877 577.2244 577.035 576.5576 576.4675 576.2478 575.9861 576.118 577.1011 578.4022 579.8779 581.213 581.1424 580.9597 580.9538 581.1993 582.4575 584.5411 587.0079 589.1863 590.153 589.9179 588.3721 586.5565 585.1781 583.9234 582.8215 581.8198 581.0593 579.3875 577.856 576.9079 576.6033 576.5048
567.9727 568.4554 568.8214 569.2095 569.7855 570.1548 570.2849 570.3048 570.3032 570.3734 570.6235 571.1683 571.64 571.8663 571.9268 571.903 571.8513 571.8016 571.7765 571.8314 572.0515 572.4241 572.7407 573.2509 573.9584 574.0722 574.0601 573.9928 573.9643 574.1004 574.4453 575.1144 575.4406 575.8624 576.2228 576.2083 576.4853 576.3651 575.9905 576.4486 577.5303 578.3514 579.2714 579.5576 579.5811 579.2584 578.59 578.8474 580.3504 582.5159 585.0742 587.6514 589.2787 589.6619 588.2917 586.4252 584.7958 583.357 582.0369 581.0836 580.2759 578.7203 577.3913 576.5772 576.4849 576.4927
566.1077 566.8069 567.2416 567.5824 568.0557 568.6102 568.8502 568.8909 568.8669 568.9092 569.1659 569.7282 570.1654 570.3588 570.405 570.3932 570.364 570.3336 570.3071 570.2966 570.3303 570.4017 570.4604 570.6219 570.8553 570.8437 570.7998 570.8606 571.1245 571.7228 572.4437 573.2439 573.7997 574.4957 575.1071 575.5154 576.2209 576.4946 575.996 576.2053 576.7992 577.3503 577.9113 578.8411 578.8007 578.4656 578.0928 578.0057 578.8433 580.3616 582.4918 585.0716 587.2087 588.0884 587.1521 585.3314 583.3893 581.6194 580.2947 579.4022 578.3398 577.4603 576.6039 576.0266 575.9303 575.9396
564.188 564.9931 565.5864 566.0459 566.5941 567.1274 567.3505 567.4174 567.4152 567.433 567.5876 567.9691 568.5052 568.7748 568.8588 568.8663 568.8411 568.8159 568.7972 568.7727 568.746 568.7201 568.6912 568.7 568.7285 568.6931 568.7084 568.9407 569.4225 570.2165 571.0738 571.9254 572.7397 573.5896 574.4435 575.265 576.0933 576.4998 576.0302 576.0022 576.2954 576.9128 577.5467 578.1815 578.181 577.9161 577.5898 577.4102 577.7435 578.6244 580.0512 582.0186 583.9843 585.041 584.5729 583.0506 581.2363 579.6334 578.9003 578.2159 577.2567 576.4703 575.8248 575.4146 575.2875 575.2719
562.2692 563.3029 564.0069 564.5339 565.1635 565.6287 565.8892 566.0969 566.1904 566.2467 566.3911 566.66 567.0634 567.2492 567.3104 567.3279 567.2997 567.2947 567.3273 567.3433 567.338 567.328 567.3166 567.3139 567.3197 567.3365 567.4381 567.8186 568.3702 569.228 570.2094 571.1223 572.2178 573.3472 574.3049 575.2082 576.0249 576.4937 576.0316 576.205 576.4786 576.9017 577.4136 577.6722 577.6605 577.4982 577.2167 576.9763 576.9481 577.2764 577.9923 579.0521 580.4888 581.4124 581.3196 580.3337 579.3567 579.019 578.1343 577.2372 576.3281 575.5928 575.0498 574.7471 574.6378 574.6166
561.1765 561.8032 562.4878 563.1729 563.8687 564.2701 564.5638 564.9766 565.1603 565.2256 565.3098 565.4144 565.5883 565.6943 565.7466 565.7944 565.7462 565.7816 565.9426 566.0441 566.0896 566.1407 566.199 566.2725 566.3754 566.5515 566.8337 567.2984 567.7828 568.6743 569.6654 570.6719 572.05 573.3329 574.319 575.1598 575.845 576.2639 576.4108 576.4962 576.4468 576.7919 577.0503 577.2582 577.3026 577.2097 576.9752 576.6698 576.4368 576.3922 576.6035 577.1077 577.9119 578.5244 578.5429 578.0193 577.5613 577.4498 577.0276 576.2348 575.4033 574.7479 574.267 574.0676 574.0146 574.0065
560.7358 561.3033 561.4715 561.9951 562.5071 563.0192 563.5426 564.1069 564.2974 564.333 564.3365 564.3475 564.3917 564.4329 564.4164 564.4063 564.4001 564.5081 564.8524 565.01 565.0834 565.2247 565.3904 565.5975 565.8497 566.212 566.618 567.0717 567.5706 568.6282 569.7452 570.8787 572.338 573.4946 574.4017 575.121 575.6774 576.0799 576.4717 576.0347 576.0337 576.2739 576.5613 576.8704 577.0931 577.0983 576.8944 576.5604 576.1942 575.9031 575.7446 575.7668 576.0806 576.3859 576.4274 576.094 575.8523 575.8765 575.7662 575.1757 574.472 573.9705 573.528 573.4451 573.4413 573.4381
560.4636 560.8498 560.9812 561.2298 561.4385 561.9655 562.5645 563.1326 563.4625 563.6171 563.6559 563.7 563.7922 563.9028 563.7722 563.6794 563.6953 563.8842 564.2325 564.3073 564.3524 564.6102 564.8944 565.2955 565.7721 566.2928 566.8282 567.4291 568.2274 569.3151 570.4896 571.7566 573.0539 573.8735 574.5366 575.0699 575.476 575.7856 575.9761 575.746 575.7283 575.8483 576.1119 576.5128 576.8834 577.0551 576.9416 576.6181 576.1911 575.7393 575.3241 574.931 574.9045 574.9193 574.9003 574.6448 574.4648 574.5591 574.6802 574.2148 573.6105 573.3952 573.0826 572.9504 572.8976 572.8649
560.2998 560.5565 560.6865 560.8075 560.9464 561.2842 561.7957 562.3302 562.7382 562.9691 563.0909 563.2009 563.3253 563.4213 563.3241 563.2316 563.2448 563.408 563.6528 563.7889 563.9464 564.2791 564.6304 565.2734 566.0272 566.7341 567.4407 568.2697 569.2266 570.3119 571.4534 572.6072 573.4707 574.0646 574.5559 574.9278 575.1756 575.3729 575.4875 575.4306 575.4681 575.5226 575.6728 576.0339 576.507 576.8705 576.9552 576.7246 576.3191 575.7999 575.2306 574.6782 574.3251 574.0896 573.8518 573.5914 573.4866 573.481 573.5292 573.3984 573.0668 572.8748 572.6558 572.5026 572.4011 572.3196
560.1597 560.4369 560.5944 560.6723 560.7496 560.9429 561.2734 561.7224 562.1561 562.4085 562.583 562.7469 562.8968 562.9874 562.9445 562.885 562.8937 563.0193 563.2117 563.3842 563.5933 563.9313 564.4119 565.4118 566.505 567.3939 568.2701 569.1955 570.1535 571.111 572.1704 573.2236 573.6951 574.0521 574.4303 574.6777 574.7969 574.8936 574.9915 575.0657 575.1561 575.2017 575.2405 575.4528 575.8817 576.374 576.6983 576.6929 576.3844 575.9178 575.3203 574.6765 574.1105 573.6887 573.4291 573.142 572.9659 572.8712 572.828 572.7382 572.5548 572.3959 572.2266 572.0684 571.929 571.7994
560.1317 560.4894 560.6874 560.7369 560.7422 560.8113 560.9887 561.2711 561.6288 561.9065 562.1068 562.3109 562.4885 562.5945 562.5952 562.5692 562.5775 562.6758 562.853 563.0614 563.3275 563.74 564.4122 565.6482 567.0314 567.9953 568.937 569.8453 570.5402 571.4066 572.2885 573.0578 573.4716 573.8356 574.1809 574.372 574.3971 574.4046 574.476 574.6559 574.7979 574.8157 574.7985 574.877 575.1697 575.6398 576.1199 576.3683 576.2719 575.9133 575.3966 574.7449 574.0596 573.4705 573.1229 572.8312 572.6056 572.4379 572.3331 572.2353 572.1006 571.9589 571.8053 571.6451 571.4803 571.3041
560.1913 560.7019 560.9396 560.923 560.8406 560.8011 560.8571 561.0203 561.2644 561.5167 561.6716 561.8996 562.0974 562.2192 562.2534 562.2534 562.264 562.3457 562.5214 562.7711 563.1082 563.6082 564.3951 565.6345 567.0458 568.1102 569.189 570.2149 570.7724 571.3984 572.0627 572.667 573.0876 573.451 573.8192 573.9772 573.9685 573.9362 573.9991 574.2341 574.3918 574.4209 574.3299 574.3578 574.5137 574.8409 575.3286 575.7268 575.8581 575.6772 575.3087 574.7725 574.0886 573.4551 573.0049 572.6428 572.3538 572.1232 571.9552 571.8226 571.6915 571.5532 571.4048 571.2369 571.0634 570.8499
560.2468 560.9762 561.2543 561.1362 560.9694 560.8414 560.8007 560.8707 561.0395 561.2462 561.2799 561.5319 561.7207 561.8607 561.9175 561.9296 561.939 562.0029 562.1816 562.4639 562.8511 563.3988 564.2028 565.2203 566.462 567.6263 568.813 569.8027 570.4385 571.0386 571.621 572.1176 572.5215 572.8732 573.3428 573.4496 573.4556 573.4458 573.4864 573.7987 573.9532 573.9869 573.915 573.8784 573.9601 574.1317 574.5287 574.9136 575.1536 575.1547 574.955 574.6393 574.0506 573.4635 572.973 572.5465 572.1888 571.8987 571.671 571.4877 571.3295 571.176 571.0301 570.8431 570.6882 570.4291
560.1337 561.1681 561.4263 561.2659 561.0825 560.8961 560.7717 560.7467 560.818 560.941 561.0403 561.2439 561.2874 561.5053 561.5843 561.5963 561.5983 561.6372 561.8259 562.1167 562.4992 562.9918 563.6423 564.4707 565.6344 566.955 568.1228 569.0839 569.8026 570.4232 570.995 571.4183 571.832 572.182 572.5283 572.7228 572.8372 572.9438 573.111 573.4038 573.4594 573.4539 573.447 573.4253 573.4315 573.509 573.8688 574.1206 574.2986 574.3597 574.3066 574.1924 573.8326 573.4294 572.9395 572.4735 572.0674 571.7267 571.4435 571.2015 570.9985 570.8109 570.6745 570.4296 570.3494 570.0457
