backend/lakes/data/Baptiste Lake/bapt_dem_tm.asc
ncols         109
nrows         190
xllcorner     590700
yllcorner     6061500
cellsize      50
NODATA_value  -9999
[rows 128 to 159 of 190, columns 0 to 72 of 109]
-9999 -9999 -9999 -9999 -9999 -9999 -9999 -9999 -9999 -9999 -9999 -9999 -9999 -9999 -9999 -9999 -9999 -9999 -9999 -9999 -9999 -9999 -9999 -9999 -9999 -9999 -9999 -9999 -9999 -9999 -9999 -9999 588.8727 587.7659 585.4943 582.7424 580.0173 577.5355 575.0718 572.0092 568.3101 564.489 561.0751 557.9979 555.1768 553.0201 552.021 552.2439 552.9871 554.0392 554.9064 555.5068 555.6581 555.6777 555.5927 555.546 555.8606 556.0953 556.362 557.8701 559.887 562.0562 564.2029 566.1725 567.7167 569.2819 571.3232 574.1472 577.7103 581.9331 586.5262 591.2354 595.4648
-9999 -9999 -9999 -9999 -9999 -9999 -9999 -9999 -9999 -9999 -9999 -9999 -9999 -9999 -9999 -9999 -9999 -9999 -9999 -9999 -9999 -9999 -9999 -9999 -9999 -9999 -9999 -9999 -9999 -9999 -9999 -9999 588.8736 587.6176 585.5128 583.0371 580.5496 578.2221 575.8868 572.9673 569.3053 565.3144 561.6593 558.5214 555.9532 554.167 553.3377 553.454 554.2113 555.0895 555.8922 556.47 556.5889 556.4752 556.026 555.6033 555.936 556.567 556.6871 558.1959 560.2006 562.2898 564.2526 565.9077 567.0685 568.4137 570.3232 573.0152 576.3315 580.1037 584.1041 588.2016 591.92
-9999 -9999 -9999 -9999 -9999 -9999 -9999 -9999 -9999 -9999 -9999 -9999 -9999 -9999 -9999 -9999 -9999 -9999 -9999 -9999 -9999 -9999 -9999 -9999 -9999 -9999 -9999 -9999 -9999 -9999 -9999 588.9083 588.0603 586.5352 584.5211 582.2905 580.0392 577.808 575.4865 572.7271 569.2668 565.4788 561.9178 558.9074 556.6589 555.328 554.7567 554.8318 555.2868 555.9501 556.6067 557.0604 557.1842 556.965 556.4569 555.7512 555.8187 556.286 557.3489 559.0793 561.0964 563.1325 564.9522 566.3646 567.1078 567.8944 569.3685 571.7535 574.738 578.0269 581.4368 584.9505 588.2515
-9999 -9999 -9999 -9999 -9999 -9999 -9999 -9999 -9999 -9999 -9999 -9999 -9999 -9999 -9999 -9999 -9999 -9999 -9999 -9999 -9999 -9999 -9999 -9999 -9999 -9999 -9999 -9999 -9999 -9999 -9999 588.1442 586.7654 584.9789 582.9503 580.7648 578.5355 576.2394 573.7256 570.9791 567.894 564.7032 561.6707 559.0421 557.1169 556.0947 555.7325 555.7856 556.0959 556.6162 557.1475 557.4458 557.5852 557.3422 556.9684 556.5538 556.5889 557.439 558.7753 560.5126 562.4891 564.5064 566.2645 567.4045 567.6882 567.7659 568.6788 570.3982 572.8841 575.7104 578.657 581.6964 584.6536
-9999 -9999 -9999 -9999 -9999 -9999 -9999 -9999 -9999 -9999 -9999 -9999 -9999 -9999 -9999 -9999 -9999 -9999 -9999 -9999 -9999 -9999 -9999 -9999 -9999 -9999 -9999 -9999 -9999 -9999 587.7241 586.8552 585.2839 583.4553 581.4078 579.0739 576.6254 574.0325 571.2759 568.5309 565.8746 563.3391 561.0513 559.0909 557.6364 556.7731 556.5325 556.5623 556.7541 557.1559 557.561 557.6061 557.6908 557.6057 557.5779 557.6274 558.0641 559.0503 560.3752 562.0926 564.1093 566.1475 567.8182 568.8663 568.9374 568.4618 568.4763 569.3318 571.1458 573.5238 576.113 578.7463 581.3882
-9999 -9999 -9999 -9999 -9999 -9999 -9999 -9999 -9999 -9999 -9999 -9999 -9999 -9999 -9999 -9999 -9999 -9999 -9999 -9999 -9999 -9999 -9999 -9999 -9999 -9999 -9999 -9999 -9999 -9999 586.2419 585.3485 584.0522 582.4476 580.3702 577.7499 574.9417 572.0026 569.056 566.3201 563.9801 561.9849 560.359 559.0532 558.1522 557.5218 557.1929 557.2455 557.5471 557.593 557.7424 557.7692 557.8042 557.838 558.0248 558.4771 559.2313 560.2564 561.5964 563.3788 565.4999 567.5601 569.213 570.2122 570.1894 569.3552 568.7578 569.1005 570.1667 571.9588 574.1899 576.4958 578.7755
-9999 -9999 -9999 -9999 -9999 -9999 -9999 -9999 -9999 -9999 -9999 -9999 -9999 -9999 -9999 -9999 -9999 -9999 -9999 -9999 -9999 -9999 -9999 -9999 -9999 -9999 -9999 -9999 -9999 -9999 584.8922 584.1701 583.2094 581.913 579.8816 577.0074 573.8256 570.5708 567.5132 564.8489 562.7194 561.0082 559.7149 558.879 558.5155 558.0715 557.7511 557.8325 558.3003 557.9116 557.9285 557.9186 557.8975 557.9282 558.1358 558.6441 559.5703 560.7582 562.2935 564.2315 566.4433 568.4472 569.8597 570.6975 570.8046 570.3361 569.6819 569.6432 570.2068 571.4177 573.1372 574.9575 576.7858
-9999 -9999 -9999 -9999 -9999 -9999 -9999 -9999 -9999 -9999 -9999 -9999 -9999 -9999 -9999 -9999 -9999 -9999 -9999 -9999 -9999 -9999 -9999 -9999 -9999 -9999 -9999 -9999 -9999 -9999 584.7369 583.8585 582.9759 581.7939 579.7584 576.6836 573.1808 569.6766 566.5696 564.0286 562.0451 560.4618 559.3821 558.6554 558.5132 558.5818 558.6182 558.636 558.7811 558.5469 558.3109 558.1436 558.0046 557.9567 558.1172 558.6386 559.6965 561.1041 562.7742 564.7198 566.831 568.5972 569.9183 570.7212 571.0031 570.8544 570.5591 570.5044 570.7599 571.6093 572.7979 574.0479 575.3912
-9999 -9999 -9999 -9999 -9999 -9999 -9999 -9999 -9999 -9999 -9999 -9999 -9999 -9999 -9999 -9999 -9999 -9999 -9999 -9999 -9999 -9999 -9999 -9999 -9999 -9999 -9999 -9999 -9999 -9999 585.1161 583.925 582.8807 581.665 579.6364 576.4172 572.6773 569.0139 565.8882 563.5287 561.8087 560.4937 559.5773 558.953 558.7374 559.1082 559.4539 559.337 559.1927 558.9154 558.6088 558.3773 558.1293 557.9935 558.1167 558.6852 559.9538 561.571 563.3719 565.2972 567.2083 568.7377 569.8439 570.6407 571.0612 571.1116 571.0654 571.1354 571.4696 572.0438 572.6965 573.6187 574.6646
-9999 -9999 -9999 -9999 -9999 -9999 -9999 -9999 -9999 -9999 -9999 -9999 -9999 -9999 -9999 -9999 -9999 -9999 -9999 -9999 -9999 -9999 -9999 -9999 -9999 -9999 -9999 -9999 -9999 -9999 586.0524 584.2389 582.6833 580.9616 579.0486 575.7786 571.9636 568.2776 565.2407 563.0968 561.6334 560.6398 560.0273 559.6124 559.511 559.5914 559.6667 559.5974 559.379 559.0996 558.822 558.5884 558.2504 558.0681 558.2095 558.8702 560.3605 562.2627 564.2803 566.2354 567.9446 569.3801 570.4208 571.0021 571.2764 571.283 571.3104 571.4232 571.7 572.4137 572.8108 573.5753 574.5248
-9999 -9999 -9999 -9999 -9999 -9999 -9999 -9999 -9999 -9999 -9999 -9999 -9999 -9999 -9999 -9999 -9999 -9999 -9999 -9999 -9999 -9999 -9999 -9999 -9999 -9999 -9999 -9999 -9999 589.5848 586.7786 584.5452 582.7556 580.8609 578.3207 574.9198 571.1141 567.5076 564.653 562.7674 561.5971 560.9078 560.5461 560.2075 560.002 559.8145 559.6044 559.5109 559.3212 559.0686 558.8145 558.5897 558.2714 558.1486 558.4282 559.328 561.0585 563.184 565.3458 567.2229 568.8241 570.2137 571.1039 571.5506 571.5881 571.4528 571.4502 571.5962 571.8409 572.2975 572.6796 573.5319 574.5101
-9999 -9999 -9999 -9999 -9999 -9999 -9999 -9999 -9999 -9999 -9999 -9999 -9999 -9999 -9999 -9999 -9999 -9999 -9999 -9999 -9999 -9999 -9999 -9999 -9999 -9999 -9999 -9999 591.9063 589.3696 586.7099 584.4024 582.3918 580.1045 577.2382 573.8432 570.1303 566.6927 564.1343 562.5768 561.6147 561.0941 560.8257 560.5983 560.3502 559.9916 559.6077 559.386 559.148 558.8759 558.6033 558.3746 558.1632 558.1702 558.6259 559.7919 561.7158 564.0027 566.197 567.8554 569.2946 570.6394 571.5599 571.9836 571.9807 571.6534 571.5994 571.6951 571.9281 572.2992 572.6755 573.5214 574.5242
-9999 -9999 -9999 -9999 -9999 -9999 -9999 -9999 -9999 -9999 -9999 -9999 -9999 -9999 -9999 -9999 -9999 -9999 -9999 -9999 -9999 -9999 -9999 -9999 -9999 -9999 -9999 -9999 590.5081 588.1908 585.8268 583.6254 581.4131 578.8174 575.9537 572.6386 569.0723 565.8814 563.6507 562.4119 561.6281 561.1977 560.9716 560.8213 560.587 560.111 559.6176 559.2449 558.9091 558.5884 558.3137 558.1112 557.9954 558.1169 558.6975 560.0367 562.0359 564.3505 566.5129 568.131 569.5975 571.0005 571.9054 572.4044 572.5945 572.207 571.9187 571.8614 572.0795 572.5283 572.9434 573.6924 574.7493
-9999 -9999 -9999 -9999 -9999 -9999 -9999 -9999 -9999 -9999 -9999 -9999 -9999 -9999 -9999 -9999 -9999 -9999 -9999 -9999 -9999 -9999 -9999 -9999 -9999 -9999 -9999 590.8091 588.6824 586.4709 584.3594 582.3129 580.0751 577.5411 574.7567 571.4334 567.9369 564.9606 563.0062 562.0435 561.5511 561.1605 560.9288 560.8226 560.5686 560.0475 559.5615 559.0293 558.5667 558.1582 557.952 557.8369 557.8104 557.9977 558.6003 559.8381 561.6672 563.8768 566.1743 568.2009 569.9796 571.4023 572.2956 572.8615 573.35 572.7847 572.2697 572.0579 572.2429 572.7193 573.4045 574.3123 575.5316
-9999 -9999 -9999 -9999 -9999 -9999 -9999 -9999 -9999 -9999 -9999 -9999 -9999 -9999 -9999 -9999 -9999 -9999 -9999 -9999 -9999 -9999 -9999 -9999 -9999 -9999 -9999 589.1398 586.8953 584.7803 582.8766 580.9459 578.7454 576.3671 573.6976 570.3911 566.9534 564.1687 562.4518 561.6031 561.2041 560.8876 560.6293 560.5557 560.1744 559.6616 559.2292 558.6539 558.0728 557.6484 557.5931 557.5991 557.6576 557.8476 558.3519 559.3213 560.9611 563.1783 565.7545 568.2946 570.3759 571.8116 572.7888 573.5044 573.7975 573.3995 572.6555 572.3564 572.6857 573.4379 574.2915 575.3959 576.6799
-9999 -9999 -9999 -9999 -9999 -9999 -9999 -9999 -9999 -9999 -9999 -9999 -9999 -9999 -9999 -9999 -9999 -9999 -9999 -9999 -9999 -9999 -9999 -9999 -9999 -9999 589.6475 587.6377 585.5005 583.5388 581.7617 579.8387 577.6236 575.3071 572.7429 569.4527 566.0979 563.4789 561.8885 561.1818 560.8355 560.509 560.2204 560.0095 559.5811 559.2343 558.9092 558.3764 557.6766 557.3425 557.3107 557.4161 557.5984 557.802 558.3053 559.1938 560.7424 563.1442 566.0739 568.8825 571.0427 572.4833 573.4211 573.9829 574.1509 573.7457 573.0958 572.8124 573.4713 574.4387 575.4896 576.6765 577.9785
-9999 -9999 -9999 -9999 -9999 -9999 -9999 -9999 -9999 -9999 -9999 -9999 -9999 -9999 -9999 -9999 -9999 -9999 -9999 -9999 -9999 -9999 -9999 -9999 -9999 -9999 587.8516 586.282 584.6071 582.8921 580.983 578.8422 576.8248 574.6737 571.9561 568.6183 565.3875 563.012 561.6191 560.9032 560.4617 559.8245 559.5911 559.3338 558.759 558.6512 558.4751 557.812 557.361 557.113 557.0818 557.239 557.5605 557.8344 558.5762 559.8317 561.2375 563.8131 566.9971 569.867 571.9026 573.0926 573.777 574.3379 574.5898 574.4255 573.8043 573.7147 574.4638 575.5479 576.7832 578.0983 579.3676
-9999 -9999 -9999 -9999 -9999 -9999 -9999 -9999 -9999 -9999 -9999 -9999 -9999 -9999 -9999 -9999 -9999 -9999 -9999 -9999 -9999 -9999 -9999 -9999 -9999 -9999 585.8859 584.9677 583.9219 582.454 580.2696 578.0094 576.1345 574.0583 571.2009 567.9174 564.9432 562.8096 561.5325 560.6968 560.0565 559.4009 558.9633 558.4606 557.8774 558.0305 557.9807 557.5828 557.1932 556.9429 556.8468 556.9179 557.2076 557.6713 558.6588 560.0977 561.989 564.7933 568.0835 570.9417 572.7592 573.7625 574.3015 574.5988 574.7065 574.6753 574.533 574.6109 575.4055 576.653 578.1492 579.6172 580.826
-9999 -9999 -9999 -9999 -9999 -9999 -9999 -9999 -9999 -9999 -9999 -9999 -9999 -9999 -9999 -9999 -9999 -9999 -9999 -9999 -9999 -9999 -9999 -9999 -9999 -9999 584.3876 584.0218 583.476 582.1925 579.8574 577.5355 575.6107 573.4348 570.5178 567.3804 564.7598 562.791 561.5355 560.575 559.7081 559.0148 558.4707 557.7842 557.4265 557.4884 557.5493 557.3004 557.0216 556.8035 556.6578 556.6088 556.9099 557.6023 558.823 560.514 562.6783 565.5275 568.7864 571.5993 573.1852 574.431 574.75 574.7192 574.6015 574.5989 574.6108 575.0795 576.0328 577.5916 579.3682 580.8456 581.8975
-9999 -9999 -9999 -9999 -9999 -9999 -9999 -9999 -9999 -9999 -9999 -9999 -9999 -9999 -9999 -9999 -9999 -9999 -9999 -9999 -9999 -9999 -9999 -9999 -9999 585.1173 584.5238 583.991 583.4063 581.7676 579.3616 577.1917 575.2274 572.9097 569.9952 567.0524 564.8592 562.8759 561.5836 560.5577 559.5744 558.6904 558.056 557.5337 557.1268 557.0076 557.0172 556.9542 556.838 556.7159 556.5992 556.468 556.6329 557.3692 558.6287 560.4316 562.7012 565.5237 568.7849 571.8496 574.0518 575.1752 575.0072 574.7097 574.491 574.4944 574.7489 575.5729 576.7292 578.4034 580.2427 581.6859 582.55
-9999 -9999 -9999 -9999 -9999 -9999 -9999 -9999 -9999 -9999 -9999 -9999 -9999 -9999 -9999 -9999 -9999 -9999 -9999 -9999 -9999 -9999 -9999 -9999 -9999 586.164 585.5178 584.7631 583.6416 581.6725 578.9846 576.8767 574.9001 572.5036 569.5822 566.6742 564.4202 562.731 561.5339 560.4579 559.3907 558.41 557.6394 557.152 556.8037 556.609 556.6079 556.6896 556.7004 556.6685 556.5983 556.4097 556.4022 556.8773 558.1719 559.9316 562.0712 564.7231 567.8932 571.0579 573.4745 574.6473 574.6293 574.5211 574.457 574.6921 575.3507 576.2747 577.4805 579.2144 580.9141 582.199 582.9858
-9999 -9999 -9999 -9999 -9999 -9999 -9999 -9999 -9999 -9999 -9999 -9999 -9999 -9999 -9999 -9999 -9999 -9999 -9999 -9999 -9999 -9999 -9999 -9999 -9999 589.2001 588.1818 586.7568 584.7746 582.173 579.1361 576.8143 574.6572 572.1995 569.3729 566.5538 564.2505 562.6104 561.3458 560.0696 558.8354 557.8293 557.201 556.8219 556.5987 556.4783 556.4984 556.5994 556.6385 556.6417 556.5993 556.4504 556.3931 556.7403 557.8459 559.3115 561.1591 563.5345 566.4526 569.5765 572.161 573.9115 574.4395 574.6072 574.7684 575.3352 575.973 576.9011 578.2643 579.9532 581.526 582.7437 583.3361
-9999 -9999 -9999 -9999 -9999 -9999 -9999 -9999 -9999 -9999 -9999 -9999 -9999 -9999 -9999 -9999 -9999 -9999 -9999 -9999 -9999 -9999 -9999 -9999 -9999 593.477 591.9413 589.6863 586.7902 583.4188 579.8995 577.1475 574.6549 572.1321 569.4454 566.7343 564.3217 562.4962 561.0181 559.6307 558.4217 557.4954 556.8926 556.6014 556.4929 556.4543 556.4854 556.5536 556.6 556.6204 556.607 556.5976 556.6152 556.9928 557.6663 558.7536 560.3505 562.4934 565.1663 568.1922 571.0176 573.247 574.5619 575.2787 575.7873 576.3527 576.9342 577.8674 579.1896 580.6472 581.9731 582.9652 583.4915
-9999 -9999 -9999 -9999 -9999 -9999 -9999 -9999 -9999 -9999 -9999 -9999 -9999 -9999 -9999 -9999 -9999 -9999 -9999 -9999 -9999 -9999 -9999 -9999 -9999 598.1656 596.1384 593.0845 589.3302 585.2135 581.155 577.8098 574.8989 572.2336 569.5503 566.8141 564.2844 562.2635 560.6237 559.1339 557.8395 557.0187 556.6082 556.4957 556.5002 556.5056 556.5275 556.5468 556.5641 556.5998 556.6078 556.7339 556.9786 557.4619 557.8568 558.6887 560.1151 562.116 564.6852 567.7219 570.8113 573.5457 575.5164 576.7711 577.6465 578.1365 578.558 579.2479 580.0904 581.097 582.2126 583.0209 583.5584
-9999 -9999 -9999 -9999 -9999 -9999 -9999 -9999 -9999 -9999 -9999 -9999 -9999 -9999 -9999 -9999 -9999 -9999 -9999 -9999 -9999 -9999 -9999 -9999 -9999 -9999 600.185 596.471 591.9667 587.1756 582.5641 578.5861 575.1967 572.2366 569.3578 566.5264 563.9948 561.9238 560.2238 558.7029 557.4075 556.6586 556.5143 556.5215 556.5992 556.6 556.5998 556.5606 556.5174 556.5359 556.6048 556.8672 557.203 557.6176 558.1494 559.0883 560.5447 562.5632 565.2545 568.5181 571.9294 575.0601 577.5731 579.3774 580.4428 580.7748 580.7765 580.8892 581.1025 581.5309 582.2404 583.0507 -9999
-9999 -9999 -9999 -9999 -9999 -9999 -9999 -9999 -9999 -9999 -9999 -9999 -9999 -9999 -9999 -9999 -9999 -9999 -9999 -9999 -9999 -9999 -9999 -9999 -9999 -9999 603.5363 599.3383 594.2509 588.9046 583.79 579.2327 575.4066 572.0827 568.9034 565.9225 563.4445 561.3671 559.6094 558.0812 556.8947 556.544 556.5992 556.6 556.6525 556.6657 556.6487 556.5995 556.5219 556.6007 556.8118 557.1564 557.5598 558.0067 558.7297 559.9575 561.6644 563.943 566.9139 570.4453 574.137 577.5974 580.5328 582.7051 583.759 583.7488 583.2274 582.7114 582.3677 582.2275 582.8085 583.4324 -9999
-9999 -9999 -9999 -9999 -9999 -9999 -9999 -9999 -9999 -9999 -9999 -9999 -9999 -9999 -9999 -9999 -9999 -9999 -9999 -9999 -9999 -9999 -9999 -9999 -9999 -9999 605.7862 601.2908 595.7979 590.0425 584.5596 579.657 575.4402 571.7808 568.4247 565.4383 563.0259 560.9603 559.1649 557.7332 556.8497 556.5983 556.6097 556.6604 556.7299 556.7614 556.7371 556.6727 556.6135 556.8098 557.1411 557.5578 558.0122 558.6706 559.739 561.3397 563.4694 566.1638 569.46 573.1636 576.9594 580.5501 583.6778 585.9086 586.864 586.5141 585.5494 584.5347 583.7174 583.1439 -9999 -9999 -9999
-9999 -9999 -9999 -9999 -9999 -9999 -9999 -9999 -9999 -9999 -9999 -9999 -9999 -9999 -9999 -9999 -9999 -9999 -9999 -9999 -9999 -9999 -9999 -9999 -9999 609.8843 606.9615 602.1919 596.397 590.3658 584.6873 579.7178 575.2252 571.392 568.0079 565.0728 562.6895 560.6295 558.8798 557.6097 556.901 556.6665 556.6731 556.7651 556.8776 556.9498 556.9519 556.9507 557.0251 557.2008 557.5552 557.9912 558.6441 559.6752 561.2028 563.2807 565.8995 569.0339 572.5505 576.2651 579.9534 583.3124 586.1442 588.213 589.1115 588.6194 587.3617 586.0308 584.8736 -9999 -9999 -9999 -9999
-9999 -9999 -9999 -9999 -9999 -9999 -9999 -9999 -9999 -9999 -9999 -9999 -9999 -9999 -9999 -9999 -9999 -9999 -9999 -9999 -9999 -9999 -9999 -9999 -9999 610.6892 607.2547 602.082 595.9993 589.7921 584.0204 578.9048 574.558 570.8698 567.6004 564.7094 562.2758 560.1848 558.5387 557.5331 557.0067 556.8102 556.8195 556.9393 557.1052 557.2375 557.2604 557.3235 557.5649 557.6665 557.9405 558.5025 559.4827 560.9685 563.0181 565.6336 568.7612 572.1971 575.7479 579.2834 582.4415 585.0468 587.2341 589.003 589.8417 589.6589 588.4608 -9999 -9999 -9999 -9999 -9999 -9999
-9999 -9999 -9999 -9999 -9999 -9999 -9999 -9999 -9999 -9999 -9999 -9999 -9999 -9999 -9999 -9999 -9999 -9999 -9999 -9999 -9999 -9999 -9999 -9999 613.0795 610.9612 606.7611 601.0798 594.7217 588.4434 582.8031 577.7067 573.5837 570.1594 567.0921 564.278 561.8574 559.8914 558.517 557.6385 557.2335 557.0422 557.0353 557.1583 557.374 557.5829 557.5981 557.6796 558.1589 558.364 558.4467 559.0679 560.4465 562.437 565.0502 568.2331 571.7514 575.3054 578.7203 581.7488 583.9376 585.5331 586.9572 588.3235 589.2123 -9999 -9999 -9999 -9999 -9999 -9999 -9999 -9999
-9999 -9999 -9999 -9999 -9999 -9999 -9999 -9999 -9999 -9999 -9999 -9999 -9999 -9999 -9999 -9999 -9999 -9999 -9999 -9999 -9999 -9999 -9999 -9999 613.0859 610.1877 605.335 599.2463 592.6816 586.3406 580.7452 576.052 572.3077 569.191 566.3676 563.745 561.4913 559.7321 558.579 557.8853 557.5721 557.3345 557.2912 557.3744 557.5966 557.8098 557.9326 558.1381 558.5468 559.0735 559.1237 560.1381 561.8403 564.192 567.2795 570.8811 574.6266 578.1087 580.9978 583.3096 584.5822 585.281 586.2309 587.2499 -9999 -9999 -9999 -9999 -9999 -9999 -9999 -9999 -9999
-9999 -9999 -9999 -9999 -9999 -9999 -9999 -9999 -9999 -9999 -9999 -9999 -9999 -9999 -9999 -9999 -9999 -9999 -9999 -9999 -9999 -9999 -9999 -9999 611.1704 607.9114 602.8167 596.6405 590.1194 583.9563 578.5927 574.2618 570.8207 567.9323 565.2993 562.9177 560.9642 559.5342 558.6014 558.0748 557.8082 557.6155 557.5939 557.6136 557.8351 558.0928 558.2715 558.5421 558.7057 559.162 560.0843 561.5056 563.3964 565.9901 569.4419 573.3909 577.2051 580.2411 582.1357 583.9727 584.2153 584.7526 585.6032 -9999 -9999 -9999 -9999 -9999 -9999 -9999 -9999 -9999 -9999
