backend/lakes/data/Baptiste Lake/bapt_dem_tm.asc
ncols         109
nrows         190
xllcorner     590700
yllcorner     6061500
cellsize      50
NODATA_value  -9999
[rows 32 to 63 of 190, columns 0 to 72 of 109]
-9999 -9999 -9999 -9999 -9999 -9999 -9999 -9999 -9999 -9999 -9999 -9999 -9999 -9999 -9999 -9999 580.9315 579.8615 578.8992 577.833 576.673 576.1589 576.6868 576.957 576.1288 574.8203 573.6735 573.0094 572.5905 572.2056 571.9073 571.7161 571.598 571.3898 571.262 571.403 571.8038 572.5069 573.2187 574.1135 575.1174 576.442 578.0493 579.7185 581.4729 583.068 584.4546 585.402 585.5397 585.1659 584.8992 584.9255 585.36 585.8795 586.2268 586.259 585.9944 -9999 -9999 -9999 -9999 -9999 -9999 -9999 -9999 -9999 -9999 -9999 -9999 -9999 -9999 -9999 -9999
-9999 -9999 -9999 -9999 -9999 -9999 -9999 -9999 -9999 -9999 -9999 -9999 -9999 -9999 -9999 -9999 -9999 580.4532 579.2834 578.1198 576.9565 576.0958 576.3159 576.9988 576.4407 575.0833 573.7621 573.0308 572.5954 572.2086 571.9043 571.7076 571.591 571.2888 571.0426 570.9804 571.1353 571.4891 571.7806 572.2862 573.0187 574.2046 575.8266 577.6909 579.688 581.5053 582.8861 583.7161 583.7468 583.3873 583.0578 583.0262 583.535 584.4185 585.2965 585.8675 585.9304 585.8719 -9999 -9999 -9999 -9999 -9999 -9999 -9999 -9999 -9999 -9999 -9999 -9999 -9999 -9999 -9999
-9999 -9999 -9999 -9999 -9999 -9999 -9999 -9999 -9999 -9999 -9999 -9999 -9999 -9999 -9999 -9999 -9999 581.6653 580.3302 579.0063 577.7523 576.649 576.0383 576.9238 576.442 575.1417 573.7955 573.033 572.5962 572.184 571.8484 571.6057 571.4464 571.1736 570.9064 570.7502 570.7396 570.8403 570.9327 571.1218 571.5083 572.412 573.9532 575.8878 577.8367 579.5054 580.6591 581.1889 580.979 580.5765 580.2978 580.3771 581.198 582.5532 583.9534 585.087 585.7977 586.1331 586.6322 -9999 -9999 -9999 -9999 -9999 -9999 -9999 -9999 -9999 -9999 -9999 -9999 -9999 -9999
-9999 -9999 -9999 -9999 -9999 -9999 -9999 -9999 -9999 -9999 -9999 -9999 -9999 -9999 -9999 -9999 -9999 582.9421 581.5955 580.0702 578.5881 577.2676 576.4914 576.5588 576.0193 574.9587 573.7405 572.9541 572.5546 572.1084 571.7777 571.5945 571.368 571.0973 570.836 570.6498 570.5703 570.571 570.5825 570.5967 570.6859 571.3102 572.4637 574.2012 575.9192 577.2256 578.0074 578.3021 578.0132 577.6257 577.4268 577.6961 578.7271 580.5247 582.5131 584.3513 585.8395 586.7713 587.211 -9999 -9999 -9999 -9999 -9999 -9999 -9999 -9999 -9999 -9999 -9999 -9999 -9999 -9999
-9999 -9999 -9999 -9999 -9999 -9999 -9999 -9999 -9999 -9999 -9999 -9999 -9999 -9999 -9999 -9999 584.0081 583.5636 582.6131 581.0563 579.2159 577.5385 576.5688 576.0553 575.4398 574.5623 573.5891 572.7177 572.2902 571.9111 571.6105 571.462 571.2667 571.0278 570.7974 570.6298 570.5552 570.5583 570.5998 570.6379 570.908 571.5641 571.6362 572.761 574.095 575.0895 575.6108 575.8785 575.8201 575.647 575.577 575.8911 576.9216 578.7078 581.0651 583.5071 585.6834 587.1559 587.8549 588.1257 -9999 -9999 -9999 -9999 -9999 -9999 -9999 -9999 -9999 -9999 -9999 -9999 -9999
-9999 -9999 -9999 -9999 -9999 -9999 -9999 -9999 -9999 -9999 -9999 -9999 -9999 -9999 -9999 -9999 584.0004 583.8562 583.452 582.2602 580.233 578.1013 576.6462 575.6373 574.7798 574.0748 573.4215 572.6439 572.1389 571.7816 571.5925 571.3792 571.1671 570.9495 570.7548 570.6266 570.5878 570.6025 570.6 570.5919 570.7532 571.0149 571.1598 571.8531 572.8323 573.5872 573.9826 574.325 574.463 574.4526 574.5323 574.9554 575.9493 577.6531 579.8788 582.6536 585.3263 587.2941 588.0861 588.2402 -9999 -9999 -9999 -9999 -9999 -9999 -9999 -9999 -9999 -9999 -9999 -9999 -9999
-9999 -9999 -9999 -9999 -9999 -9999 -9999 -9999 -9999 -9999 -9999 -9999 -9999 -9999 -9999 -9999 583.9583 584.0121 584.2645 583.418 581.4042 578.9889 577.0158 575.6348 574.553 573.6707 573.0355 572.5273 572.0063 571.6155 571.4424 571.2466 571.0376 570.8425 570.685 570.6 570.6141 570.6633 570.5994 570.3506 570.2244 570.3419 570.6838 571.3859 572.1121 572.7538 573.1895 573.5936 573.6248 573.6449 573.9187 574.587 575.6852 577.3342 579.0192 581.7958 584.7064 587.0698 588.3737 588.8627 -9999 -9999 -9999 -9999 -9999 -9999 -9999 -9999 -9999 -9999 -9999 -9999 -9999
-9999 -9999 -9999 -9999 -9999 -9999 -9999 -9999 -9999 -9999 -9999 -9999 -9999 -9999 -9999 -9999 583.8871 584.14 584.9727 584.2046 582.5065 580.052 577.7369 576.0224 574.6418 573.5369 572.6829 572.229 571.8644 571.5995 571.3606 571.1222 570.8988 570.7219 570.6003 570.5651 570.6004 570.6896 570.5533 570.0114 569.6389 569.6569 570.0809 570.7463 571.4928 572.1665 572.5565 572.9335 573.193 573.4255 573.7888 574.5712 575.5399 576.7549 578.3085 581.0433 584.0609 586.7315 588.5165 589.121 -9999 -9999 -9999 -9999 -9999 -9999 -9999 -9999 -9999 -9999 -9999 -9999 -9999
-9999 -9999 -9999 -9999 -9999 -9999 -9999 -9999 -9999 -9999 -9999 -9999 -9999 -9999 -9999 -9999 -9999 584.017 584.5288 584.4719 583.4089 581.2075 578.7218 576.6863 575.0173 573.6546 572.637 572.0965 571.7535 571.582 571.2742 570.9911 570.7505 570.6 570.5143 570.4999 570.545 570.5834 570.2456 569.661 569.356 569.3295 569.6073 570.1157 570.7871 571.6165 571.9135 572.5442 573.0582 573.632 574.3687 574.8837 575.5661 576.4609 577.9167 580.5883 583.621 586.4713 588.5974 589.6686 -9999 -9999 -9999 -9999 -9999 -9999 -9999 -9999 -9999 -9999 -9999 -9999 -9999
-9999 -9999 -9999 -9999 -9999 -9999 -9999 -9999 -9999 -9999 -9999 -9999 -9999 -9999 -9999 -9999 -9999 584.173 584.9253 585.0964 584.3485 582.4862 579.9174 577.4995 575.5845 574.0478 572.8514 572.1547 571.6171 571.3477 571.084 570.8372 570.6053 570.4836 570.3956 570.3444 570.3157 570.2465 569.9882 569.5997 569.3063 569.2012 569.3148 569.618 570.1236 570.7852 571.4642 572.2374 572.832 573.6276 574.4759 574.9771 575.5822 576.3702 577.8278 580.5051 583.5717 586.5637 589.02 590.702 -9999 -9999 -9999 -9999 -9999 -9999 -9999 -9999 -9999 -9999 -9999 -9999 -9999
-9999 -9999 -9999 -9999 -9999 -9999 -9999 -9999 -9999 -9999 -9999 -9999 -9999 -9999 -9999 -9999 -9999 -9999 585.9048 586.1804 585.578 583.7789 581.1202 578.4006 576.279 574.6334 573.3915 572.4492 571.6292 571.1855 570.9162 570.739 570.5957 570.4126 570.2646 570.1436 570.0319 569.9124 569.7864 569.5947 569.3403 569.1888 569.1815 569.3234 569.6195 570.1066 570.6912 571.3178 572.0888 573.1353 574.0282 574.714 575.4709 576.3049 577.8849 580.597 583.7653 587.0313 589.9976 592.4592 -9999 -9999 -9999 -9999 -9999 -9999 -9999 -9999 -9999 -9999 -9999 -9999 -9999
-9999 -9999 -9999 -9999 -9999 -9999 -9999 -9999 -9999 -9999 -9999 -9999 -9999 -9999 -9999 -9999 -9999 -9999 587.3074 587.6699 586.9464 584.9725 582.0916 579.1371 576.9344 575.141 573.7137 572.5693 571.6241 571.059 570.756 570.5982 570.4508 570.2778 570.1065 569.9384 569.7684 569.6089 569.5986 569.5116 569.3583 569.2256 569.1652 569.1956 569.3398 569.6135 570.0175 570.4645 571.0425 572.0876 573.2516 574.2747 575.1066 576.0806 577.9005 580.6074 583.869 587.4891 591.1074 594.4257 -9999 -9999 -9999 -9999 -9999 -9999 -9999 -9999 -9999 -9999 -9999 -9999 -9999
-9999 -9999 -9999 -9999 -9999 -9999 -9999 -9999 -9999 -9999 -9999 -9999 -9999 -9999 -9999 -9999 -9999 -9999 588.8083 589.3175 588.3599 586.0081 582.7296 579.4606 577.361 575.4625 573.9635 572.6473 571.6079 570.9468 570.6081 570.4264 570.2748 570.1155 569.944 569.7663 569.5994 569.478 569.4653 569.4442 569.3818 569.2955 569.2251 569.1968 569.2343 569.3646 569.5999 569.9034 570.313 571.0334 572.1702 573.4332 574.5782 575.752 577.5183 580.1777 583.537 587.489 591.715 595.8051 -9999 -9999 -9999 -9999 -9999 -9999 -9999 -9999 -9999 -9999 -9999 -9999 -9999
-9999 -9999 -9999 -9999 -9999 -9999 -9999 -9999 -9999 -9999 -9999 -9999 -9999 -9999 -9999 -9999 -9999 -9999 590.0385 590.6513 589.489 586.7523 583.0343 579.3186 576.8319 575.267 574.0442 572.7489 571.6166 570.8586 570.5703 570.2889 570.1057 569.9503 569.7795 569.5989 569.4376 569.3489 569.3529 569.3835 569.3979 569.3782 569.3278 569.2733 569.2447 569.2717 569.3831 569.5912 569.889 570.4459 571.3165 572.552 573.9465 575.2498 576.8909 579.3416 582.6469 586.7256 591.2779 595.7789 599.4047 -9999 -9999 -9999 -9999 590.1235 588.5994 588.9387 589.9139 590.9922 591.9922 592.7845 593.2067
-9999 -9999 -9999 -9999 -9999 -9999 -9999 -9999 -9999 -9999 -9999 -9999 -9999 -9999 -9999 -9999 -9999 -9999 590.6495 591.0729 589.9155 587.0298 583.0652 579.0853 576.4342 575.1305 574.2788 573.1001 571.7744 570.7368 570.3325 570.0728 569.9165 569.7775 569.5985 569.4013 569.2472 569.1843 569.2169 569.3003 569.3813 569.4312 569.4266 569.3748 569.308 569.2616 569.2713 569.3703 569.6091 570.1503 571.031 571.7106 572.9802 574.332 575.9628 578.2314 581.2725 585.1939 589.6868 594.1776 597.7511 599.2949 598.0934 595.1232 591.7332 589.0807 587.8683 587.9796 588.7635 589.6341 590.3209 590.748 590.9121
-9999 -9999 -9999 -9999 -9999 -9999 -9999 -9999 -9999 -9999 -9999 -9999 -9999 -9999 -9999 -9999 -9999 -9999 590.1907 590.6757 589.5486 586.7891 582.8516 578.838 576.2267 575.163 574.5679 573.7116 572.3607 571.0632 570.3561 569.9434 569.7518 569.5924 569.3756 569.1752 569.0325 568.988 569.0468 569.1719 569.3153 569.4276 569.4767 569.4501 569.3718 569.2838 569.2202 569.2239 569.3406 569.6572 570.2544 570.844 571.9288 573.1998 574.8766 576.9296 579.6507 583.2185 587.3796 591.572 594.8665 596.2488 595.191 592.66 589.8393 587.6959 586.7056 586.5706 587.0661 587.6697 588.1259 588.3118 588.3212
-9999 -9999 -9999 -9999 -9999 -9999 -9999 -9999 -9999 -9999 -9999 -9999 -9999 -9999 -9999 -9999 -9999 -9999 589.4552 589.6147 588.7623 586.3433 582.5785 578.6939 576.2552 575.5302 575.1125 574.4172 573.2947 571.8773 570.6423 569.8806 569.5722 569.304 569.097 568.9343 568.8188 568.7883 568.8578 569.0062 569.1891 569.3565 569.4535 569.4597 569.3904 569.2914 569.1947 569.1331 569.1461 569.2795 569.5558 569.8749 570.7722 572.0847 573.7043 575.5532 577.952 581.0891 584.7714 588.507 591.4224 592.6188 591.7836 589.752 587.5048 585.7587 584.8102 584.4607 584.6559 585.0387 585.3723 585.4957 585.516
-9999 -9999 -9999 -9999 -9999 -9999 -9999 -9999 -9999 -9999 -9999 -9999 -9999 -9999 -9999 -9999 -9999 -9999 589.1171 589.0279 588.314 586.2072 582.6516 578.9472 576.6882 576.3342 575.8331 574.9641 574.0065 572.5124 570.8942 569.7455 569.2483 568.9526 568.8073 568.7223 568.6457 568.62 568.6796 568.8226 569.0195 569.2158 569.3458 569.3818 569.3334 569.2435 569.1503 569.061 568.9951 568.9811 569.0102 569.1684 569.7582 570.8134 572.2719 574.0074 576.127 578.8574 582.0709 585.3177 587.8145 588.798 588.1462 586.53 584.6597 583.095 582.1316 581.6653 581.6336 581.8363 582.0815 582.2519 582.4472
-9999 -9999 -9999 -9999 -9999 -9999 -9999 -9999 -9999 -9999 -9999 -9999 -9999 -9999 -9999 -9999 -9999 -9999 590.0344 589.4227 588.5651 586.5928 583.2994 579.8875 577.6904 577.4022 576.316 575.2464 574.2534 572.9214 571.2275 569.86 569.1282 568.708 568.5991 568.6 568.5503 568.5111 568.5358 568.6451 568.8263 569.026 569.1576 569.2029 569.1804 569.1184 569.0504 568.9678 568.8492 568.7538 568.6029 568.6225 569.0298 569.748 570.8773 572.4287 574.3322 576.6214 579.3275 582.1116 584.1912 584.9305 584.3774 583.0486 581.3978 579.9086 578.9799 578.6118 578.3823 578.4777 578.6887 578.8893 579.2231
-9999 -9999 -9999 -9999 -9999 -9999 -9999 -9999 -9999 -9999 -9999 -9999 -9999 -9999 -9999 -9999 -9999 -9999 591.0609 590.0096 589.0267 587.4348 584.7132 581.7219 579.1378 577.5782 576.3851 575.2433 574.2557 572.971 571.4932 570.2059 569.2677 568.6454 568.5122 568.5995 568.5364 568.4671 568.4355 568.4851 568.6255 568.8103 568.9048 568.9338 568.9243 568.9008 568.8729 568.8094 568.6117 568.4887 568.2128 568.1844 568.5326 569.0614 569.9069 571.1791 572.8143 574.6713 576.7877 578.9911 580.6017 581.0816 580.5964 579.6042 578.4664 577.4062 576.6581 576.246 576.1391 576.3798 576.7067 576.9069 577.0821
-9999 -9999 -9999 -9999 -9999 -9999 -9999 -9999 -9999 -9999 -9999 -9999 -9999 -9999 -9999 -9999 -9999 -9999 591.6547 590.3714 589.5121 588.4642 586.6981 584.2644 581.6376 579.2573 577.2695 575.5399 574.1875 572.8712 571.5599 570.4732 569.5966 569.0028 568.6433 568.632 568.5615 568.4629 568.3801 568.3504 568.4172 568.5702 568.5955 568.6006 568.6027 568.6041 568.6058 568.5573 568.1652 567.7496 567.5316 567.5663 567.9956 568.6532 569.5713 570.6745 571.9117 573.1519 574.6319 576.1111 577.1526 577.4185 577.1582 576.6916 576.1451 575.6462 575.31 575.2034 575.345 575.6572 576.0874 576.2605 576.2568
-9999 -9999 -9999 -9999 -9999 -9999 -9999 -9999 -9999 -9999 -9999 -9999 -9999 -9999 -9999 -9999 -9999 -9999 591.5145 590.3184 589.926 589.5074 588.5021 586.9832 584.752 582.1571 579.4744 576.9523 574.7451 572.938 571.5508 570.5596 569.8948 569.5345 569.1675 568.8976 568.6918 568.5341 568.4073 568.2982 568.2332 568.1609 568.2047 568.2622 568.3162 568.3366 568.282 568.0825 567.6121 567.0569 566.6431 566.7448 567.4454 568.3849 569.4731 570.5925 571.5992 572.0673 572.9672 573.8854 574.4175 574.5684 574.5555 574.6075 574.6417 574.6969 574.8292 575.1229 575.6373 576.2571 576.5214 576.5352 576.254
-9999 -9999 -9999 -9999 -9999 -9999 -9999 -9999 -9999 -9999 -9999 -9999 -9999 -9999 -9999 -9999 -9999 -9999 -9999 590.8579 590.6613 590.4333 590.1101 589.4424 587.8878 585.5168 582.5716 579.3774 576.2719 573.6301 571.7339 570.5966 570.0209 569.7778 569.5604 569.1046 568.801 568.6339 568.551 568.5394 568.5781 568.2573 568.0494 568.0374 568.0878 568.0859 567.9454 567.6026 567.0439 566.3582 565.7419 565.9943 566.7858 567.9058 569.2146 570.3831 571.0568 571.4025 571.8632 572.4576 572.7796 573.0546 573.297 573.6376 574.1417 574.6203 575.0977 575.6675 576.3875 576.8145 576.9937 576.95 576.7156
-9999 -9999 -9999 -9999 -9999 -9999 -9999 -9999 -9999 -9999 -9999 -9999 -9999 -9999 -9999 -9999 -9999 -9999 -9999 592.4157 592.2456 592.0209 591.7939 591.5403 590.5775 588.6201 585.7355 582.1653 578.3159 574.8152 572.2591 570.794 570.1317 569.8341 569.5792 569.0203 568.7549 568.6516 568.6121 568.6 568.5542 568.2965 568.0522 567.9256 567.9218 567.849 567.5872 567.0834 566.36 565.443 564.7879 565.3641 566.454 567.7654 569.1253 570.1157 570.6599 571.0757 571.5328 571.8153 572.1416 572.5792 573.0816 573.7115 574.5764 575.3762 576.0386 576.783 577.6261 578.3904 578.8214 578.7342 578.1363
-9999 -9999 -9999 -9999 -9999 -9999 -9999 -9999 -9999 -9999 -9999 -9999 -9999 -9999 -9999 -9999 -9999 -9999 -9999 -9999 -9999 594.3879 593.8781 593.5068 592.7792 591.1697 588.5052 584.8189 580.5001 576.3047 573.1951 571.4128 570.4045 569.8376 569.4341 568.707 568.5988 568.5999 568.6 568.5793 568.4957 568.296 568.0791 567.9128 567.7887 567.5745 567.1142 566.4191 565.45 564.4373 563.8392 564.6884 566.162 567.7847 569.2053 570.0332 570.5532 570.8704 571.3177 571.6377 572.1609 572.8174 573.6627 574.5955 575.6507 576.5834 577.452 578.4789 579.6733 580.8228 581.5375 581.4221 580.4595
-9999 -9999 -9999 -9999 -9999 -9999 -9999 -9999 -9999 -9999 -9999 -9999 -9999 -9999 -9999 -9999 -9999 -9999 -9999 -9999 -9999 -9999 596.2557 595.6008 594.7769 593.2508 590.7295 587.0327 582.446 577.7614 574.3015 572.4503 570.7732 569.7418 569.0726 568.5883 568.4991 568.5333 568.561 568.5405 568.446 568.2712 568.0677 567.8665 567.6098 567.1521 566.5195 565.6029 564.5265 563.697 563.598 564.4953 566.0519 567.6284 568.9697 569.7881 570.2739 570.673 571.4473 572.075 572.8647 573.8788 574.8937 575.9116 576.9972 578.1184 579.3812 580.7363 582.0969 583.335 584.1303 584.0015 582.9211
-9999 -9999 -9999 -9999 -9999 -9999 -9999 -9999 -9999 -9999 -9999 -9999 -9999 -9999 -9999 -9999 -9999 -9999 -9999 -9999 -9999 -9999 -9999 -9999 596.7403 595.0813 592.4813 588.6775 583.8692 578.8524 575.0255 572.8308 570.8465 569.5751 568.7224 568.489 568.4713 568.5198 568.5482 568.5168 568.4072 568.2263 568.0114 567.792 567.5099 566.7576 565.96 564.9578 563.8521 563.411 563.6946 564.7419 566.113 567.4718 568.6748 569.5697 570.1238 570.6835 571.7031 572.8192 574.0061 575.2162 576.3254 577.4484 578.703 580.1068 581.5763 582.9847 584.1665 585.1324 585.6667 585.5812 584.5291
-9999 -9999 -9999 -9999 -9999 -9999 -9999 -9999 -9999 -9999 -9999 -9999 -9999 -9999 -9999 -9999 -9999 -9999 -9999 -9999 -9999 -9999 -9999 -9999 598.5602 596.7234 593.8932 589.8768 584.8632 579.5928 575.3412 572.5549 570.6705 569.5249 568.7969 568.5972 568.5483 568.5631 568.5671 568.514 568.3787 568.1631 567.9008 567.6182 567.2982 566.5997 565.6697 564.6308 563.6491 563.348 563.8879 564.7228 565.8576 567.2076 568.4983 569.5046 570.2354 571.0495 572.3979 573.8746 575.1829 576.4523 577.7336 579.2303 580.7919 582.2584 583.5604 584.6184 585.2869 585.7453 585.9846 585.8636 584.9863
-9999 -9999 -9999 -9999 -9999 -9999 -9999 -9999 -9999 -9999 -9999 -9999 -9999 -9999 -9999 -9999 -9999 -9999 -9999 -9999 -9999 -9999 -9999 -9999 599.9472 598.0081 594.9553 590.7537 585.646 580.2972 575.7592 572.5709 570.6106 569.509 568.8484 568.6208 568.6 568.6 568.5904 568.5231 568.3668 568.1094 567.812 567.5855 567.2073 566.5707 565.6167 564.5649 563.5655 563.061 563.6084 564.5888 565.7917 567.1667 568.456 569.5681 570.6534 571.8989 573.4487 574.9127 576.0031 577.3827 579.0505 580.9401 582.6471 583.9743 584.8551 585.3232 585.5057 585.4532 585.2065 585.1245 584.973
-9999 -9999 -9999 -9999 -9999 -9999 -9999 -9999 -9999 -9999 -9999 -9999 -9999 -9999 -9999 -9999 -9999 -9999 -9999 -9999 -9999 -9999 -9999 -9999 600.4371 598.6839 595.6393 591.4464 586.4318 581.1667 576.5049 573.0209 570.7975 569.5547 568.8904 568.6155 568.5609 568.5799 568.6 568.5457 568.3838 568.0639 567.6333 567.3599 566.9646 566.3665 565.4339 564.4058 563.3589 562.6206 563.4113 564.6745 566.108 567.4944 568.6403 569.8707 571.3306 572.9203 574.4385 575.596 576.4044 577.6554 579.687 581.7362 583.3247 584.4624 584.9053 585.0799 585.1387 585.0489 584.9432 584.5374 584.1686
-9999 -9999 -9999 -9999 -9999 -9999 -9999 -9999 -9999 -9999 -9999 -9999 -9999 -9999 -9999 -9999 -9999 -9999 -9999 -9999 -9999 -9999 -9999 -9999 599.8966 598.4366 595.7956 591.9741 587.3251 582.3246 577.6454 573.9206 571.3632 569.8267 569.0624 568.6761 568.554 568.5698 568.6158 568.6003 568.4725 568.1305 567.6049 567.0348 566.3957 565.5682 564.7207 563.8748 563.0312 562.7408 563.5809 565.1711 566.7886 568.1911 569.2285 570.6398 572.3123 573.9363 575.2792 576.0556 576.2026 577.2035 578.9285 580.6964 581.9054 582.8459 583.462 583.8269 584.2659 584.6774 584.8815 584.2262 583.8253
-9999 -9999 -9999 -9999 -9999 -9999 -9999 -9999 -9999 -9999 -9999 -9999 -9999 -9999 -9999 -9999 -9999 -9999 -9999 -9999 -9999 -9999 -9999 -9999 -9999 597.2681 595.3717 592.2282 588.2686 583.7361 579.1342 575.1927 572.3108 570.4661 569.4318 568.8242 568.6 568.5975 568.67 568.7 568.5934 568.1938 567.4813 566.4882 565.4594 564.5312 563.9651 563.3365 562.6301 563.0089 564.3041 566.115 567.6763 569.0488 570.3528 571.9335 573.5579 574.8647 575.8229 576.3287 575.1013 576.1421 577.3801 578.5208 579.4266 580.0367 580.7985 581.6627 582.7234 583.7012 584.1947 584.063 583.4085
