backend/lakes/data/Utikuma Lake/utik_dem_tm.asc
ncols         597
nrows         435
xllcorner     460550
yllcorner     6177950
cellsize      50
NODATA_value  -9999
[rows 210 to 239 of 435, columns 132 to 197 of 597]
634.2557 634.2347 634.2 634.1674 634.151 634.1216 634.091 634.0544 634.0156 633.9741 633.9312 633.886 633.8386 633.7961 633.7648 633.7257 633.6602 633.5912 633.5897 633.5904 633.5875 633.4893 633.3773 633.2687 633.1611 633.0918 632.9855 632.9754 632.8655 632.7607 632.6893 632.6202 632.5576 632.4745 632.3829 632.38 632.3765 632.2802 632.2141 632.1295 632.0798 632.0399 631.9783 631.9047 631.8523 631.7723 631.7701 631.7692 631.709 631.6548 631.6241 631.5986 631.5792 631.5627 631.5491 631.5371 631.5262 631.516 631.5063 631.4969 631.4875 631.4784 631.4695 631.4611 631.4543 631.4504
634.3207 634.2831 634.2397 634.2002 634.1998 634.1676 634.1473 634.1144 634.0823 634.0463 634.0092 633.9692 633.9269 633.8853 633.8461 633.8022 633.7498 633.7046 633.6954 633.69 633.6678 633.59 633.5 633.4357 633.3428 633.2614 633.1655 633.0986 632.9805 632.8739 632.8253 632.7513 632.6889 632.6233 632.5496 632.5154 632.4717 632.3832 632.3761 632.2842 632.2428 632.2119 632.1398 632.0708 632.0099 631.9333 631.889 631.845 631.7701 631.7074 631.6873 631.6556 631.6337 631.6111 631.5919 631.5737 631.5569 631.541 631.5261 631.5125 631.4998 631.4882 631.4771 631.4664 631.4567 631.4489
634.3959 634.3502 634.3033 634.2616 634.236 634.2002 634.1998 634.1654 634.1443 634.1121 634.0815 634.0458 634.0066 633.9664 633.926 633.8842 633.8423 633.8086 633.7906 633.7719 633.7349 633.6658 633.5916 633.5873 633.5004 633.4381 633.3437 633.2493 633.1155 632.9856 632.9756 632.8811 632.8353 632.7975 632.7235 632.6686 632.6027 632.5248 632.4705 632.3828 632.3799 632.377 632.2887 632.239 632.1971 632.1121 632.03 631.9507 631.8564 631.7717 631.7691 631.7167 631.6963 631.6647 631.6418 631.6177 631.596 631.5748 631.5551 631.5367 631.5198 631.5044 631.49 631.4764 631.4639 631.4526
634.4785 634.4302 634.382 634.337 634.2987 634.2611 634.2366 634.2002 634.1998 634.1656 634.1453 634.1121 634.0748 634.0381 634.0004 633.9628 633.9284 633.9001 633.8774 633.8505 633.8093 633.751 633.6924 633.6578 633.5915 633.5875 633.4984 633.4238 633.2959 633.1662 633.0889 632.9853 632.9802 632.9756 632.879 632.8268 632.749 632.6766 632.606 632.5355 632.5029 632.4635 632.3825 632.3801 632.3765 632.2742 632.1719 632.0863 631.9904 631.9027 631.8451 631.7715 631.7693 631.7194 631.6995 631.6674 631.6433 631.6174 631.5939 631.5709 631.5493 631.5288 631.5094 631.4915 631.4753 631.4609
634.563 634.5156 634.4678 634.4216 634.3779 634.3361 634.299 634.2613 634.2367 634.2002 634.1998 634.1647 634.1287 634.0989 634.0658 634.0328 634.0042 633.9801 633.9567 633.9275 633.8871 633.8362 633.7837 633.7385 633.688 633.657 633.5917 633.5865 633.4714 633.349 633.2643 633.1891 633.1465 633.0912 632.9851 632.9762 632.884 632.8297 632.7535 632.6904 632.6378 632.5855 632.5256 632.5017 632.469 632.38 632.2878 632.2319 632.1436 632.0609 631.9802 631.8997 631.8435 631.7714 631.7693 631.72 631.6998 631.6672 631.6422 631.6148 631.5888 631.5621 631.5358 631.5118 631.4914 631.4737
634.6433 634.5991 634.5541 634.509 634.4641 634.4198 634.3767 634.3346 634.2973 634.26 634.2371 634.2 634.1671 634.1506 634.1216 634.0916 634.0681 634.0488 634.0276 633.9998 633.9622 633.9161 633.8671 633.8201 633.7746 633.7363 633.6928 633.6671 633.5895 633.494 633.4436 633.4017 633.335 633.2599 633.1601 633.0895 632.9847 632.9764 632.8867 632.8384 632.7743 632.7204 632.6632 632.6183 632.5608 632.4723 632.3824 632.377 632.2872 632.2264 632.1399 632.0591 631.9788 631.8989 631.8431 631.7714 631.7693 631.7205 631.7001 631.6666 631.6384 631.6046 631.5695 631.538 631.5124 631.4915
634.7148 634.6743 634.6343 634.5931 634.5505 634.5063 634.4611 634.4153 634.3704 634.3261 634.2854 634.24 634.2002 634.1999 634.1677 634.1373 634.1197 634.1068 634.0887 634.064 634.0299 633.9877 633.9415 633.8953 633.8513 633.8108 633.77 633.7291 633.6633 633.5912 633.5898 633.5869 633.5029 633.4399 633.3448 633.2579 633.1571 633.0874 632.9844 632.9769 632.8949 632.8524 632.7908 632.7385 632.6722 632.592 632.5129 632.4636 632.3825 632.3768 632.2865 632.226 632.1393 632.0586 631.9785 631.8987 631.8427 631.7712 631.7694 631.7209 631.6978 631.6554 631.6093 631.5695 631.5393 631.5156
634.7732 634.7354 634.7037 634.6688 634.6312 634.5898 634.5454 634.4982 634.449 634.3988 634.349 634.2995 634.2577 634.2345 634.2 634.1696 634.1611 634.1561 634.1392 634.1184 634.0877 634.0487 634.0054 633.9614 633.9188 633.8779 633.8366 633.793 633.741 633.6937 633.6787 633.6555 633.5913 633.5878 633.5022 633.4371 633.3413 633.2548 633.1543 633.0846 632.9839 632.9776 632.9015 632.8599 632.7921 632.7236 632.6497 632.5849 632.5133 632.465 632.3826 632.3768 632.2863 632.2256 632.1387 632.0574 631.9747 631.8909 631.8374 631.7712 631.7694 631.7123 631.6533 631.6058 631.5735 631.5479
634.81 634.7777 634.7609 634.7325 634.7024 634.6657 634.625 634.5789 634.5284 634.4755 634.4215 634.3687 634.321 634.2809 634.2379 634.2001 634.2 634.2 634.1771 634.1627 634.1346 634.0982 634.0585 634.0186 633.9791 633.9396 633.8992 633.8575 633.8142 633.7759 633.7502 633.7202 633.6771 633.6509 633.5912 633.5876 633.5004 633.4346 633.3378 633.2502 633.1479 633.0764 632.9829 632.978 632.9022 632.8551 632.7845 632.7213 632.6516 632.5876 632.5149 632.4657 632.3827 632.3768 632.2858 632.224 632.1309 632.035 631.9585 631.8877 631.8422 631.7703 631.7015 631.6476 631.6182 631.5909
634.8459 634.8101 634.8099 634.7814 634.7621 634.7303 634.6962 634.6533 634.6038 634.5508 634.4963 634.4423 634.391 634.3438 634.2988 634.262 634.245 634.2279 634.2001 634.2 634.1714 634.1368 634.1013 634.0681 634.0347 633.9982 633.9596 633.9203 633.8812 633.8453 633.8146 633.783 633.7482 633.717 633.6774 633.6521 633.5913 633.5875 633.498 633.4303 633.3265 633.2254 633.13 633.0681 632.9824 632.978 632.9021 632.8561 632.7876 632.7247 632.6543 632.5895 632.5164 632.4669 632.3829 632.3768 632.277 632.176 632.0995 632.0228 631.95 631.8607 631.7701 631.7005 631.6807 631.647
634.8972 634.8606 634.8396 634.8101 634.8099 634.7796 634.7576 634.7186 634.6712 634.6206 634.569 634.5166 634.4652 634.4166 634.3718 634.3335 634.3048 634.2776 634.2491 634.2311 634.2 634.1675 634.1362 634.1124 634.0884 634.0557 634.0187 633.9813 633.9441 633.9083 633.8749 633.8429 633.8116 633.782 633.7509 633.7217 633.6818 633.6553 633.5916 633.5872 633.4865 633.3801 633.2908 633.2063 633.1187 633.0624 632.9821 632.9781 632.9045 632.8588 632.7905 632.7272 632.6567 632.5923 632.5194 632.4708 632.38 632.2903 632.241 632.1643 632.0849 631.983 631.8722 631.7726 631.7688 631.7118
634.9581 634.9187 634.8873 634.8579 634.8396 634.8101 634.8099 634.7721 634.7271 634.6812 634.636 634.5883 634.5394 634.4923 634.4489 634.4097 634.3751 634.3413 634.3074 634.2753 634.2378 634.2 634.1672 634.1553 634.1436 634.1122 634.0754 634.0402 634.0043 633.9678 633.9329 633.9004 633.8708 633.844 633.8179 633.7914 633.7609 633.7308 633.6899 633.6639 633.5898 633.5036 633.4466 633.3596 633.2665 633.1885 633.1097 633.058 632.9818 632.9783 632.9063 632.8606 632.792 632.7271 632.65 632.5703 632.4724 632.3821 632.3776 632.2954 632.2349 632.1349 632.0304 631.924 631.8535 631.7718
635.0244 634.983 634.947 634.915 634.8883 634.8615 634.8448 634.81 634.7706 634.7315 634.6968 634.6553 634.6099 634.5654 634.5247 634.4871 634.4508 634.4135 634.3741 634.3327 634.2872 634.2406 634.2002 634.2 634.1999 634.1638 634.1261 634.0958 634.062 634.0253 633.9894 633.9562 633.9271 633.9023 633.8797 633.857 633.8314 633.8026 633.7671 633.7271 633.662 633.5914 633.5878 633.499 633.4052 633.3289 633.2493 633.1761 633.1023 633.0545 632.9816 632.9783 632.9064 632.858 632.7769 632.6835 632.5863 632.5035 632.4562 632.382 632.3771 632.2822 632.2083 632.0984 631.9954 631.9063
635.0925 635.0505 635.0127 634.9783 634.947 634.9165 634.8874 634.8501 634.81 634.7734 634.7536 634.7167 634.6732 634.6317 634.5952 634.5618 634.5276 634.4901 634.4485 634.403 634.3541 634.306 634.2671 634.2505 634.2345 634.2 634.1658 634.1481 634.1165 634.0797 634.0443 634.0106 633.9811 633.9568 633.9364 633.9167 633.8947 633.8682 633.8351 633.7944 633.7418 633.6899 633.6602 633.5899 633.5127 633.4646 633.3884 633.3082 633.2337 633.1676 633.0984 633.0531 632.9818 632.9782 632.8927 632.7952 632.7028 632.6267 632.5659 632.5031 632.4609 632.3828 632.3759 632.2637 632.1511 632.0697
635.1595 635.118 635.0801 635.0446 635.0104 634.9756 634.9387 634.8964 634.8508 634.8102 634.8098 634.7706 634.727 634.6885 634.6583 634.6316 634.6019 634.5673 634.5267 634.4811 634.4321 634.3835 634.3412 634.3093 634.2777 634.2378 634.2002 634.1998 634.1649 634.1276 634.0967 634.0636 634.0325 634.0073 633.9879 633.9703 633.951 633.9273 633.8976 633.8612 633.8174 633.7712 633.7255 633.6593 633.5912 633.5884 633.5109 633.4305 633.3643 633.2959 633.2259 633.1643 633.1004 633.0598 632.9802 632.8916 632.8098 632.7484 632.6893 632.6311 632.5765 632.5143 632.4724 632.3797 632.2809 632.2338
635.2229 635.183 635.1466 635.1115 635.0762 635.0391 634.999 634.9549 634.9095 634.8705 634.8485 634.81 634.7697 634.7347 634.7133 634.6956 634.6711 634.641 634.6039 634.561 634.514 634.4656 634.4196 634.3781 634.3372 634.2947 634.2573 634.2358 634.2 634.1653 634.1472 634.1146 634.0806 634.0533 634.0339 634.0178 634.0007 633.98 633.9543 633.9234 633.8866 633.8448 633.7977 633.7408 633.6862 633.655 633.59 633.5234 633.4838 633.4203 633.3505 633.2845 633.217 633.151 633.0675 632.9799 632.9034 632.8667 632.8113 632.7587 632.7001 632.637 632.5693 632.4752 632.3823 632.3798
635.2805 635.2441 635.2103 635.1766 635.1421 635.1052 635.0649 635.021 634.9758 634.9337 634.8964 634.8533 634.81 634.7734 634.7625 634.755 634.7328 634.7078 634.6752 634.6373 634.5941 634.5477 634.5002 634.4539 634.4079 634.3624 634.3203 634.2831 634.2402 634.2003 634.1998 634.1622 634.1237 634.0941 634.0751 634.0596 634.0438 634.0256 634.0043 633.9791 633.9491 633.9133 633.8706 633.8206 633.7683 633.7184 633.6533 633.5908 633.5891 633.5253 633.4575 633.3981 633.3286 633.2491 633.1577 633.0626 632.9814 632.9786 632.916 632.8774 632.8181 632.7573 632.6823 632.5946 632.519 632.4915
635.3312 635.3018 635.2708 635.2385 635.2056 635.1709 635.1326 635.0903 635.0454 634.9999 634.954 634.9044 634.8536 634.8102 634.81 634.8099 634.7817 634.7645 634.7361 634.7054 634.6677 634.6259 634.5802 634.5331 634.4854 634.4381 634.3925 634.3483 634.3032 634.2635 634.2399 634.2 634.1606 634.1298 634.1132 634.0976 634.0813 634.0647 634.0469 634.0272 634.0039 633.975 633.9386 633.8943 633.8438 633.789 633.7281 633.6738 633.6448 633.59 633.5349 633.499 633.4335 633.3505 633.2584 633.1671 633.0895 633.0449 632.981 632.9789 632.9167 632.8729 632.798 632.7124 632.6381 632.5869
635.377 635.3593 635.3285 635.2954 635.265 635.2335 635.1989 635.1595 635.1163 635.0702 635.0214 634.9702 634.9198 634.8786 634.86 634.8414 634.8101 634.8099 634.7821 634.763 634.7312 634.6971 634.656 634.6121 634.566 634.5193 634.4725 634.4259 634.379 634.3345 634.2938 634.2466 634.2 634.1639 634.1533 634.1343 634.1146 634.0985 634.0833 634.0681 634.0505 634.0281 633.9984 633.96 633.9131 633.8594 633.801 633.7459 633.6984 633.6422 633.5905 633.5894 633.5261 633.4459 633.3606 633.2787 633.2036 633.1414 633.0801 633.0417 632.9811 632.9788 632.9022 632.8159 632.7391 632.6766
635.4203 635.4197 635.3812 635.3448 635.3191 635.2916 635.2616 635.2265 635.1866 635.1425 635.095 635.0454 634.9969 634.9547 634.9227 634.8921 634.8597 634.8392 634.8101 634.8099 634.7803 634.7589 634.7236 634.6869 634.645 634.6018 634.5566 634.5104 634.4624 634.4131 634.3618 634.3055 634.2482 634.2003 634.1999 634.1703 634.1444 634.1293 634.1155 634.1034 634.0899 634.0728 634.0488 634.0161 633.974 633.9237 633.868 633.812 633.7583 633.7054 633.6622 633.6406 633.59 633.5248 633.4539 633.389 633.3197 633.2522 633.1888 633.1362 633.0831 633.0499 632.9801 632.9008 632.8258 632.7617
635.4933 635.4634 635.42 635.3832 635.3688 635.3442 635.3196 635.2889 635.2538 635.2136 635.1699 635.1237 635.0773 635.0338 634.9945 634.9565 634.9194 634.8875 634.8572 634.8386 634.8101 634.8099 634.7773 634.7539 634.7174 634.6813 634.6402 634.5969 634.5499 634.4989 634.443 634.382 634.3205 634.2683 634.2385 634.2 634.1699 634.1609 634.1461 634.1355 634.1235 634.1097 634.09 634.0619 634.0248 633.9792 633.9272 633.8724 633.8182 633.7671 633.7238 633.6888 633.6434 633.5899 633.5326 633.4941 633.4315 633.3627 633.2977 633.2399 633.1841 633.1304 633.0591 632.98 632.9047 632.8417
635.5717 635.5211 635.4669 635.4202 635.4198 635.3892 635.3723 635.3444 635.3156 635.2805 635.2419 635.1999 635.1561 635.1128 635.0704 635.0283 634.9868 634.9484 634.9135 634.8849 634.8572 634.8397 634.8101 634.8098 634.7755 634.7521 634.7161 634.6793 634.6359 634.5872 634.5313 634.4691 634.405 634.3453 634.2942 634.2424 634.2002 634.1999 634.1761 634.1671 634.1531 634.141 634.1231 634.0982 634.066 634.0256 633.9784 633.9269 633.8743 633.8237 633.7778 633.7356 633.6895 633.6387 633.5905 633.5894 633.5281 633.4598 633.3966 633.3398 633.2814 633.2173 633.1414 633.0589 632.9799 632.9149
635.6561 635.597 635.5381 635.4875 635.4577 635.4202 635.4199 635.3894 635.3707 635.34 635.3083 635.2705 635.2295 635.1881 635.1459 635.1024 635.0583 635.0161 634.9773 634.9433 634.9126 634.8866 634.8591 634.8412 634.8101 634.8098 634.7758 634.7517 634.7135 634.672 634.6195 634.5589 634.4948 634.4305 634.3688 634.3099 634.2612 634.2332 634.2001 634.2 634.1788 634.1696 634.1511 634.1273 634.0996 634.0646 634.0225 633.9755 633.926 633.8765 633.8291 633.7839 633.7388 633.6945 633.6573 633.6381 633.59 633.5333 633.4785 633.4312 633.3744 633.3063 633.2272 633.141 633.0543 632.9811
635.744 635.6833 635.6227 635.5675 635.5223 635.4808 635.455 635.4202 635.4199 635.3881 635.3676 635.3329 635.2943 635.2567 635.2173 635.1752 635.1309 635.0868 635.0458 635.0089 634.9756 634.9453 634.9158 634.889 634.8601 634.8414 634.8101 634.8098 634.7745 634.7474 634.7004 634.6437 634.5837 634.5199 634.4547 634.3919 634.337 634.2933 634.2544 634.23 634.2001 634.2 634.1765 634.1515 634.1293 634.099 634.0615 634.0197 633.9744 633.9269 633.8793 633.8333 633.7891 633.7482 633.7126 633.6819 633.6389 633.59 633.5429 633.5142 633.4614 633.3937 633.3168 633.2349 633.1533 633.0845
635.8309 635.7721 635.7118 635.6543 635.6024 635.5554 635.516 635.4784 635.4545 635.4202 635.4198 635.384 635.347 635.3168 635.2826 635.2443 635.2017 635.1576 635.116 635.0782 635.0438 635.0112 634.9792 634.9479 634.9166 634.8888 634.8597 634.8417 634.8102 634.8098 634.7666 634.7159 634.6668 634.6083 634.5442 634.4808 634.4222 634.3705 634.3248 634.2868 634.252 634.2303 634.2 634.1731 634.1604 634.1328 634.0983 634.0618 634.0209 633.976 633.9293 633.8831 633.8391 633.7987 633.7615 633.7249 633.6819 633.6342 633.5903 633.5897 633.5376 633.4729 633.4032 633.3317 633.2578 633.1881
635.9125 635.856 635.7975 635.741 635.6878 635.6381 635.5923 635.5496 635.5132 635.478 635.4562 635.42 635.3864 635.3698 635.3406 635.3087 635.2689 635.226 635.1854 635.1486 635.1144 635.0809 635.0471 635.0128 634.9789 634.9467 634.9159 634.8895 634.8623 634.8461 634.81 634.7697 634.7416 634.6908 634.6305 634.5706 634.5117 634.4562 634.4054 634.3595 634.3168 634.2783 634.2369 634.2002 634.1999 634.168 634.1334 634.1038 634.0674 634.0248 633.9789 633.9329 633.8887 633.8478 633.8091 633.7708 633.7297 633.6879 633.6522 633.6333 633.59 633.5367 633.4794 633.4243 633.3594 633.2892
635.9825 635.9276 635.873 635.8206 635.7708 635.722 635.6743 635.6279 635.5841 635.542 635.5033 635.4594 635.4202 635.4199 635.389 635.3678 635.3307 635.2894 635.252 635.2175 635.1848 635.1515 635.1166 635.0804 635.0446 635.0099 634.9767 634.9454 634.9148 634.8859 634.8481 634.8102 634.8097 634.762 634.7067 634.6563 634.6005 634.5437 634.49 634.4401 634.3923 634.3458 634.2996 634.2595 634.2357 634.2 634.1656 634.1484 634.1147 634.0727 634.0276 633.9821 633.9382 633.8969 633.8578 633.8192 633.7804 633.7421 633.7075 633.6771 633.6365 633.59 633.5424 633.5106 633.454 633.3849
636.0301 635.9825 635.9346 635.889 635.8463 635.802 635.7553 635.7075 635.6597 635.6121 635.5651 635.5176 635.4764 635.4526 635.4201 635.4199 635.3832 635.344 635.3131 635.2828 635.2531 635.2206 635.1852 635.1481 635.1111 635.0751 635.0403 635.0061 634.9718 634.9372 634.9005 634.8677 634.8495 634.81 634.765 634.7355 634.6847 634.6276 634.5731 634.5229 634.4742 634.4248 634.3754 634.329 634.2875 634.2419 634.2003 634.1998 634.1617 634.118 634.0735 634.0296 633.9869 633.9465 633.9077 633.8696 633.8318 633.7948 633.7589 633.7227 633.6807 633.634 633.5903 633.5896 633.5355 633.4694
636.0771 636.03 635.9853 635.9457 635.9131 635.8745 635.8302 635.7831 635.7345 635.6851 635.6349 635.5854 635.5406 635.5049 635.4723 635.4536 635.42 635.3861 635.3687 635.3422 635.3167 635.2855 635.2501 635.2133 635.1763 635.1401 635.1049 635.0695 635.0331 634.9959 634.9586 634.924 634.8928 634.8519 634.8103 634.8096 634.7587 634.7015 634.649 634.603 634.5567 634.508 634.4575 634.4069 634.3571 634.3075 634.2646 634.2401 634.2001 634.1582 634.1161 634.0746 634.0344 633.9963 633.9589 633.9211 633.8837 633.8466 633.8097 633.7717 633.7308 633.6888 633.6531 633.6342 633.5901 633.536
636.1268 636.077 636.03 635.9916 635.973 635.9384 635.8957 635.8502 635.8032 635.755 635.7054 635.6558 635.6086 635.5662 635.5275 635.4937 635.4552 635.4201 635.4199 635.3911 635.373 635.3431 635.3085 635.2737 635.2383 635.2031 635.1685 635.1335 635.097 635.059 635.0208 634.9838 634.9479 634.9095 634.8744 634.8542 634.81 634.76 634.7137 634.6769 634.6356 634.5895 634.5402 634.4883 634.4349 634.3817 634.3328 634.2909 634.2452 634.2 634.1578 634.1179 634.0804 634.0461 634.0105 633.9731 633.9352 633.8975 633.8601 633.8221 633.783 633.7439 633.7084 633.6775 633.6365 633.59
