backend/lakes/data/Utikuma Lake/utik_dem_tm.asc
ncols         597
nrows         435
xllcorner     460550
yllcorner     6177950
cellsize      50
NODATA_value  -9999
[rows 330 to 359 of 435, columns 198 to 263 of 597]
636.1583 636.1333 636.1099 636.088 636.0673 636.048 636.03 636.0133 635.9979 635.9836 635.9705 635.9581 635.9469 635.9362 635.9258 635.9157 635.9056 635.895 635.8838 635.8721 635.86 635.8474 635.8338 635.8196 635.8057 635.7922 635.7789 635.7652 635.7506 635.7356 635.7206 635.7056 635.6909 635.6763 635.6611 635.6449 635.6273 635.6085 635.589 635.5693 635.5505 635.5331 635.5179 635.5032 635.4888 635.477 635.4646 635.4509 635.4443 635.4362 635.42 635.42 635.42 635.42 635.42 635.42 635.42 635.42 635.42 635.4009 635.3918 635.3872 635.3843 635.3823 635.3807 635.3794
636.179 636.1536 636.1296 636.1073 636.0858 636.0659 636.0472 636.03 636.0142 635.9998 635.9867 635.9746 635.9637 635.9539 635.9443 635.9349 635.9256 635.9161 635.9058 635.8945 635.8831 635.8715 635.8593 635.8463 635.8335 635.8209 635.8087 635.796 635.7826 635.7688 635.7544 635.7399 635.7252 635.7109 635.6966 635.6816 635.6656 635.6486 635.6309 635.6128 635.5951 635.5783 635.5624 635.5469 635.5317 635.5175 635.5031 635.4892 635.4783 635.4673 635.4561 635.454 635.4545 635.4554 635.4561 635.4556 635.4535 635.449 635.4397 635.42 635.42 635.42 635.42 635.42 635.42 635.42
636.1992 636.1736 636.1493 636.1263 636.1041 636.0837 636.0643 636.0464 636.03 636.0151 636.002 635.9901 635.9797 635.9708 635.9624 635.954 635.9454 635.9368 635.9274 635.917 635.9061 635.8952 635.8842 635.8727 635.8612 635.8497 635.8384 635.8269 635.8146 635.8018 635.7882 635.774 635.7599 635.746 635.7322 635.7184 635.704 635.6888 635.673 635.6567 635.6405 635.6247 635.6093 635.5937 635.5781 635.5627 635.5475 635.533 635.5201 635.5086 635.4992 635.4954 635.4949 635.4956 635.496 635.4949 635.4916 635.4853 635.4753 635.4635 635.4623 635.4639 635.4663 635.4688 635.4709 635.4725
636.219 636.1934 636.1687 636.1454 636.1224 636.1014 636.0814 636.0626 636.0455 636.03 636.0165 636.0046 635.9949 635.9869 635.9797 635.9724 635.9648 635.9569 635.9484 635.939 635.9287 635.9185 635.9085 635.8984 635.8884 635.8783 635.868 635.8574 635.8462 635.8344 635.8218 635.8084 635.7947 635.7814 635.7682 635.7553 635.7424 635.7291 635.7148 635.7003 635.6857 635.6711 635.6565 635.6414 635.626 635.6105 635.595 635.5802 635.5668 635.5551 635.546 635.541 635.5394 635.5394 635.5396 635.5383 635.5349 635.5292 635.5217 635.5151 635.5144 635.5171 635.5212 635.5257 635.5298 635.533
636.2386 636.2129 636.188 636.1642 636.1406 636.119 636.0983 636.0786 636.0608 636.0444 636.03 636.0179 636.0084 636.0021 635.996 635.9899 635.9835 635.9763 635.9685 635.9602 635.9509 635.9415 635.9324 635.9236 635.9147 635.9059 635.8969 635.8874 635.8772 635.8663 635.8547 635.8424 635.8297 635.8171 635.8048 635.7928 635.781 635.7692 635.7566 635.7435 635.7301 635.7167 635.7029 635.6886 635.6737 635.6586 635.6436 635.629 635.6155 635.6039 635.5948 635.589 635.5863 635.5856 635.5854 635.5844 635.5818 635.5779 635.5734 635.5704 635.5714 635.5754 635.581 635.587 635.5927 635.5973
636.2581 636.2322 636.207 636.183 636.1589 636.1368 636.1155 636.0947 636.0762 636.0587 636.043 636.03 636.0203 636.0165 636.0107 636.0059 636.001 635.9944 635.9873 635.9802 635.9724 635.9641 635.9558 635.9479 635.9402 635.9325 635.9246 635.9161 635.9069 635.897 635.8864 635.8756 635.8643 635.8528 635.8417 635.8307 635.8199 635.8091 635.7979 635.786 635.7737 635.761 635.748 635.7345 635.7203 635.7061 635.6918 635.678 635.6652 635.6539 635.6448 635.6384 635.6348 635.6334 635.6329 635.6322 635.6306 635.6287 635.627 635.627 635.6296 635.6351 635.642 635.6492 635.6558 635.6614
636.2776 636.2515 636.2261 636.2018 636.1772 636.1548 636.1329 636.1111 636.092 636.0734 636.056 636.0412 636.03 636.03 636.0228 636.0195 636.0167 636.0103 636.0043 635.9989 635.9923 635.9853 635.9783 635.9712 635.9642 635.9576 635.9508 635.9433 635.9348 635.9258 635.9164 635.907 635.8976 635.8879 635.8782 635.8685 635.8589 635.849 635.8387 635.8278 635.8163 635.8042 635.7918 635.7789 635.7657 635.7522 635.7389 635.7262 635.7145 635.7041 635.6954 635.6888 635.6846 635.6825 635.6817 635.6812 635.6804 635.6801 635.6805 635.6827 635.687 635.6936 635.7013 635.7092 635.7164 635.7225
636.2971 636.2708 636.2451 636.2205 636.1957 636.173 636.1508 636.1281 636.1088 636.0894 636.0707 636.0559 636.0447 636.0381 636.03 636.03 636.03 636.0226 636.0187 636.0157 636.0099 636.0045 635.9991 635.9927 635.9865 635.9808 635.9752 635.9688 635.9609 635.9525 635.9442 635.9363 635.929 635.9215 635.9138 635.9056 635.897 635.8881 635.8788 635.8688 635.8578 635.8463 635.8344 635.822 635.8096 635.7971 635.785 635.7737 635.7634 635.7544 635.7466 635.7404 635.7358 635.7332 635.7318 635.731 635.7306 635.7311 635.733 635.7368 635.7423 635.7495 635.7576 635.7655 635.7726 635.7786
636.3169 636.2903 636.2643 636.2395 636.2143 636.1914 636.1688 636.1459 636.1266 636.1069 636.0872 636.0726 636.0612 636.0509 636.0422 636.0395 636.0369 636.03 636.03 636.03 636.0234 636.0201 636.017 636.0111 636.0057 636.0012 635.9971 635.9922 635.9847 635.9768 635.9695 635.9633 635.958 635.9531 635.9478 635.9413 635.9335 635.9254 635.917 635.9082 635.8982 635.8871 635.8756 635.8638 635.8522 635.8408 635.8301 635.8204 635.8118 635.8044 635.798 635.7927 635.7885 635.7855 635.7836 635.7822 635.7816 635.7823 635.7847 635.7891 635.7952 635.8023 635.8101 635.8175 635.824 635.8292
636.3369 636.3099 636.2837 636.2587 636.2331 636.21 636.1874 636.1643 636.1451 636.1257 636.105 636.0908 636.0793 636.0668 636.0564 636.0518 636.049 636.0446 636.0414 636.0371 636.03 636.03 636.03 636.0243 636.0204 636.0178 636.0157 636.013 636.0053 635.998 635.9921 635.9877 635.9845 635.9819 635.979 635.9745 635.9669 635.9592 635.9521 635.945 635.9366 635.926 635.9148 635.9037 635.8932 635.8832 635.8741 635.8663 635.8597 635.8544 635.8497 635.8456 635.842 635.8395 635.8372 635.8351 635.834 635.8342 635.8364 635.8404 635.8458 635.8523 635.8592 635.8657 635.8709 635.8751
636.3569 636.3297 636.3032 636.278 636.2521 636.2289 636.2064 636.1833 636.1643 636.1453 636.1238 636.1097 636.0989 636.0846 636.0721 636.0669 636.0651 636.0613 636.0547 636.0458 636.0367 636.0328 636.0322 636.03 636.03 636.03 636.03 636.03 636.0209 636.0155 636.0121 636.0099 636.0085 636.0077 636.007 636.0045 635.9956 635.9883 635.983 635.9782 635.9719 635.9619 635.9512 635.9412 635.9323 635.9243 635.9174 635.9115 635.9071 635.9037 635.9008 635.8976 635.8951 635.8935 635.8912 635.8889 635.8871 635.8867 635.8879 635.8909 635.8951 635.9 635.9054 635.9104 635.9143 635.9172
636.377 636.3495 636.3229 636.2975 636.2712 636.248 636.2256 636.2024 636.1841 636.1648 636.1434 636.1295 636.1195 636.1038 636.0892 636.084 636.0839 636.0802 636.0702 636.0562 636.0428 636.0352 636.0338 636.0349 636.0374 636.0393 636.0398 636.0376 636.03 636.03 636.03 636.03 636.03 636.03 636.03 636.03 636.0173 636.0115 636.0087 636.0068 636.0035 635.9928 635.9829 635.975 635.9686 635.9633 635.9586 635.955 635.9527 635.9513 635.9497 635.9465 635.9451 635.9456 635.9438 635.9414 635.9393 635.9383 635.9387 635.9404 635.9429 635.9459 635.9492 635.9524 635.9547 635.9564
636.3967 636.3693 636.3427 636.3172 636.2906 636.2675 636.2452 636.2219 636.2039 636.1851 636.1633 636.1499 636.1406 636.1237 636.1073 636.1028 636.1049 636.1014 636.0878 636.0679 636.049 636.0375 636.036 636.0397 636.0447 636.0488 636.0505 636.0496 636.0463 636.0465 636.0475 636.0486 636.0493 636.0491 636.0474 636.0424 636.03 636.03 636.03 636.03 636.03 636.0162 636.0089 636.0045 636.0013 635.9987 635.9966 635.9951 635.9945 635.9945 635.994 635.9882 635.9875 635.9925 635.9917 635.9897 635.988 635.9871 635.987 635.9876 635.9885 635.9897 635.991 635.9922 635.993 635.9937
636.4161 636.3886 636.3621 636.3367 636.3102 636.2874 636.2651 636.2415 636.2241 636.2057 636.1833 636.1711 636.1624 636.144 636.1259 636.1226 636.1276 636.1248 636.1072 636.0806 636.0551 636.0396 636.0388 636.0453 636.0535 636.0601 636.0638 636.0651 636.0646 636.0652 636.0663 636.0676 636.0685 636.0681 636.0659 636.0609 636.0536 636.0518 636.0508 636.0485 636.043 636.03 636.03 636.03 636.03 636.03 636.03 636.03 636.03 636.03 636.03 636.0171 636.017 636.03 636.03 636.03 636.03 636.03 636.03 636.03 636.03 636.03 636.03 636.03 636.03 636.03
636.4352 636.4077 636.3811 636.3558 636.3297 636.3074 636.2852 636.2614 636.2445 636.2267 636.2043 636.1921 636.1846 636.165 636.1451 636.1432 636.1518 636.1499 636.1283 636.0942 636.0613 636.0417 636.0421 636.052 636.064 636.0739 636.0801 636.0834 636.0848 636.0857 636.0867 636.0878 636.0886 636.0884 636.0869 636.0835 636.079 636.0763 636.0735 636.0693 636.0626 636.0543 636.0529 636.0536 636.0549 636.0563 636.0575 636.0578 636.0569 636.0535 636.0457 636.03 636.03 636.0464 636.0552 636.0601 636.0626 636.064 636.0646 636.0648 636.0649 636.0651 636.0654 636.0659 636.0665 636.0668
636.4537 636.4266 636.4 636.375 636.3494 636.3276 636.3054 636.2815 636.2654 636.2483 636.2255 636.214 636.2074 636.1865 636.165 636.1647 636.1773 636.1768 636.151 636.1089 636.068 636.0437 636.0455 636.0596 636.076 636.0896 636.0988 636.104 636.1067 636.1081 636.109 636.1099 636.1105 636.1107 636.11 636.1082 636.1055 636.1026 636.0989 636.0938 636.0872 636.0806 636.0777 636.0774 636.0786 636.0803 636.082 636.0825 636.0812 636.0765 636.0684 636.0586 636.0588 636.0696 636.0793 636.0863 636.0907 636.0932 636.0945 636.0952 636.096 636.0971 636.0986 636.1005 636.1027 636.1042
636.4719 636.4451 636.4188 636.3943 636.3694 636.348 636.3258 636.302 636.287 636.2705 636.2472 636.2361 636.2306 636.2092 636.1859 636.187 636.2037 636.205 636.1751 636.1245 636.075 636.0457 636.0488 636.0671 636.0884 636.1063 636.1188 636.1262 636.1303 636.1323 636.1332 636.1338 636.1343 636.1348 636.1349 636.1342 636.1326 636.1301 636.1261 636.1208 636.1144 636.108 636.1039 636.1021 636.1023 636.1038 636.1057 636.1067 636.106 636.1025 636.0969 636.0914 636.0919 636.0988 636.1066 636.1134 636.1183 636.1212 636.123 636.1243 636.1259 636.1281 636.131 636.1346 636.1386 636.1422
636.4901 636.4636 636.4377 636.4137 636.3894 636.3684 636.3463 636.323 636.3093 636.2933 636.2692 636.2587 636.2548 636.2327 636.208 636.2106 636.2312 636.234 636.2001 636.1409 636.0822 636.0476 636.052 636.0744 636.1005 636.1229 636.1389 636.1489 636.1547 636.1575 636.1586 636.1592 636.1598 636.1602 636.1605 636.1605 636.1599 636.1579 636.1543 636.1492 636.1429 636.1365 636.1314 636.1283 636.1273 636.1283 636.1302 636.132 636.1323 636.131 636.1282 636.1259 636.1268 636.1313 636.1374 636.1432 636.1479 636.151 636.153 636.1547 636.1568 636.1598 636.1639 636.169 636.1747 636.1804
636.5086 636.4825 636.457 636.4333 636.4095 636.3887 636.3671 636.3448 636.3324 636.3163 636.2915 636.2819 636.2802 636.2577 636.2312 636.2351 636.2599 636.2641 636.2258 636.1577 636.0898 636.0496 636.055 636.0813 636.1118 636.1384 636.1581 636.1711 636.1787 636.1829 636.1847 636.1855 636.1859 636.1862 636.1865 636.1869 636.1868 636.1853 636.1824 636.1777 636.1721 636.1659 636.1603 636.1563 636.1543 636.1545 636.1561 636.1584 636.1602 636.161 636.1608 636.1608 636.1624 636.166 636.1708 636.1758 636.1802 636.1835 636.1857 636.1876 636.1901 636.1936 636.1985 636.2045 636.2114 636.2186
636.5275 636.5019 636.4769 636.4534 636.4298 636.4091 636.3883 636.3675 636.356 636.3395 636.3138 636.306 636.3071 636.2841 636.2555 636.2605 636.2892 636.295 636.2523 636.175 636.0975 636.0515 636.0579 636.0881 636.123 636.1536 636.1765 636.1921 636.2018 636.2075 636.2105 636.2118 636.2122 636.2124 636.2126 636.2129 636.2129 636.2119 636.2096 636.2059 636.201 636.1955 636.19 636.1855 636.1829 636.1824 636.1837 636.1862 636.1891 636.1918 636.1937 636.1956 636.198 636.2016 636.2059 636.2106 636.215 636.2185 636.2213 636.2236 636.2263 636.2301 636.2352 636.2417 636.249 636.2569
636.5472 636.5219 636.4972 636.4738 636.4506 636.4299 636.4103 636.3909 636.3796 636.3625 636.337 636.3318 636.3357 636.312 636.2805 636.2863 636.3191 636.3267 636.2796 636.193 636.1055 636.0535 636.061 636.0951 636.1344 636.1688 636.1948 636.2126 636.2242 636.2314 636.2356 636.2377 636.2383 636.2385 636.2384 636.2385 636.2385 636.2375 636.2357 636.2328 636.2291 636.2245 636.2197 636.2154 636.2125 636.2115 636.2124 636.215 636.2185 636.2223 636.226 636.2296 636.2332 636.2372 636.2415 636.2463 636.251 636.2552 636.2588 636.2619 636.265 636.2689 636.274 636.2803 636.2875 636.2953
636.5681 636.5428 636.5182 636.4948 636.4718 636.4514 636.4333 636.415 636.4034 636.3859 636.3616 636.3597 636.3658 636.3401 636.3052 636.3118 636.3493 636.3593 636.308 636.2117 636.1138 636.0554 636.0643 636.1027 636.1465 636.1844 636.2133 636.2332 636.2464 636.2548 636.2597 636.2625 636.2638 636.2642 636.2638 636.2635 636.2632 636.2622 636.2607 636.2585 636.2556 636.2523 636.2485 636.2451 636.2426 636.2413 636.2418 636.2442 636.2479 636.2523 636.257 636.2619 636.2668 636.2715 636.2763 636.2815 636.2868 636.2919 636.2966 636.3008 636.3046 636.3088 636.3138 636.3197 636.3263 636.3335
636.5904 636.5648 636.5399 636.5164 636.4938 636.4739 636.4572 636.4396 636.4273 636.4103 636.3886 636.39 636.3969 636.3676 636.3289 636.3372 636.3804 636.3932 636.3376 636.2313 636.1225 636.0574 636.0676 636.1105 636.1589 636.2004 636.2318 636.2537 636.2681 636.2773 636.283 636.2864 636.2882 636.2889 636.2886 636.2878 636.2871 636.2861 636.2847 636.283 636.2808 636.2784 636.276 636.2736 636.2716 636.2706 636.271 636.2732 636.2766 636.2813 636.2866 636.2924 636.2981 636.3035 636.3091 636.3148 636.3209 636.3269 636.3328 636.3381 636.3431 636.348 636.3531 636.3588 636.3649 636.3713
636.6143 636.588 636.5625 636.5388 636.5166 636.4976 636.4818 636.4646 636.4518 636.4365 636.4186 636.4222 636.4275 636.3932 636.3516 636.363 636.4131 636.4293 636.3689 636.2517 636.1315 636.0593 636.0707 636.1182 636.1716 636.217 636.2509 636.2744 636.2897 636.2994 636.3054 636.3091 636.3114 636.3125 636.3123 636.3113 636.3103 636.3092 636.3079 636.3063 636.3046 636.303 636.3016 636.3003 636.2993 636.2988 636.2993 636.3013 636.3046 636.3091 636.3146 636.3207 636.3269 636.333 636.3392 636.3456 636.3523 636.3591 636.3659 636.3726 636.3785 636.3843 636.39 636.3958 636.4018 636.4079
636.64 636.6129 636.5867 636.5623 636.5402 636.522 636.5069 636.4905 636.4776 636.4656 636.4515 636.455 636.4559 636.4166 636.3739 636.3909 636.4489 636.4678 636.4016 636.2726 636.1404 636.0613 636.0737 636.1259 636.1842 636.2336 636.2701 636.2952 636.3113 636.3214 636.3275 636.3311 636.3333 636.3346 636.3346 636.334 636.3329 636.3317 636.3304 636.3291 636.3278 636.3265 636.3257 636.3252 636.325 636.3251 636.326 636.328 636.3313 636.3357 636.3409 636.347 636.3534 636.36 636.3667 636.3735 636.3807 636.3881 636.3956 636.403 636.41 636.4168 636.4233 636.4296 636.4359 636.4421
636.6688 636.64 636.6123 636.5868 636.5645 636.5468 636.5324 636.5177 636.5056 636.4976 636.4862 636.4864 636.4811 636.4384 636.3982 636.4231 636.4888 636.5087 636.4347 636.2932 636.149 636.0632 636.0769 636.1334 636.1967 636.2501 636.2894 636.3159 636.3329 636.3432 636.3493 636.3527 636.3546 636.3557 636.356 636.3556 636.3547 636.3536 636.3527 636.3516 636.3505 636.3495 636.3488 636.3486 636.3489 636.3498 636.3511 636.3534 636.3567 636.3609 636.3658 636.3716 636.378 636.3848 636.3917 636.3989 636.4064 636.4141 636.4219 636.4297 636.4375 636.4452 636.4525 636.4595 636.4664 636.4731
636.7008 636.6702 636.64 636.6128 636.5894 636.5714 636.5586 636.5468 636.5363 636.5319 636.5208 636.5147 636.5028 636.4604 636.4274 636.4617 636.533 636.5502 636.466 636.3112 636.1561 636.0651 636.0809 636.1421 636.2101 636.2672 636.3088 636.3368 636.3544 636.3651 636.371 636.3741 636.3756 636.3763 636.3766 636.3765 636.3759 636.3751 636.3744 636.3738 636.3729 636.3721 636.3715 636.3713 636.3719 636.3732 636.375 636.3775 636.3809 636.3849 636.3896 636.3949 636.4009 636.4075 636.4146 636.422 636.4297 636.4375 636.4453 636.4532 636.4613 636.4695 636.4776 636.4855 636.493 636.5004
636.7361 636.7033 636.67 636.64 636.6145 636.5954 636.5854 636.5778 636.569 636.5663 636.5532 636.5389 636.5221 636.4854 636.4639 636.5073 636.5792 636.5881 636.4904 636.3229 636.1599 636.067 636.0865 636.1529 636.2253 636.2855 636.3291 636.3581 636.3761 636.3868 636.3927 636.3955 636.3966 636.3969 636.3969 636.3968 636.3964 636.396 636.3956 636.3954 636.3951 636.3947 636.3942 636.394 636.3945 636.3959 636.398 636.4007 636.404 636.4078 636.4122 636.4171 636.4226 636.4288 636.4358 636.4432 636.4508 636.4586 636.4664 636.4742 636.4823 636.4906 636.4991 636.5077 636.516 636.5239
636.7744 636.7393 636.7023 636.6686 636.64 636.6179 636.6127 636.6099 636.6014 636.5978 636.5814 636.5592 636.5413 636.5155 636.5085 636.5576 636.6225 636.6156 636.5012 636.3232 636.1577 636.0687 636.0947 636.167 636.2435 636.3063 636.351 636.3804 636.3983 636.4087 636.4142 636.4166 636.4175 636.4175 636.4172 636.417 636.4169 636.4167 636.4166 636.4167 636.4169 636.4169 636.4169 636.4169 636.4174 636.4187 636.4205 636.4232 636.4261 636.4297 636.4337 636.4382 636.4432 636.449 636.4556 636.4628 636.4701 636.4778 636.4855 636.4933 636.5012 636.5094 636.5182 636.527 636.5358 636.5443
636.8151 636.778 636.738 636.7004 636.668 636.6401 636.64 636.64 636.6279 636.6227 636.6043 636.577 636.5627 636.5516 636.5593 636.608 636.6558 636.6241 636.4902 636.3057 636.1467 636.0705 636.1066 636.1859 636.2662 636.3304 636.3754 636.4042 636.4214 636.4309 636.4356 636.4376 636.4385 636.4384 636.438 636.4377 636.4376 636.4376 636.4377 636.438 636.4385 636.439 636.4394 636.4398 636.4406 636.4417 636.4431 636.4453 636.4478 636.4507 636.4542 636.4581 636.4626 636.4679 636.4741 636.4809 636.4879 636.4951 636.5027 636.5104 636.5182 636.5264 636.535 636.5439 636.5531 636.562
