backend/lakes/data/Utikuma Lake/utik_dem_tm.asc
ncols         597
nrows         435
xllcorner     460550
yllcorner     6177950
cellsize      50
NODATA_value  -9999
[rows 300 to 329 of 435, columns 132 to 197 of 597]
-9999 -9999 -9999 -9999 -9999 -9999 -9999 -9999 -9999 -9999 -9999 -9999 -9999 -9999 -9999 -9999 645.9296 645.0519 644.3488 643.7775 643.5258 643.0193 642.1549 641.0731 639.8881 638.4948 637.348 636.7003 636.4136 636.3612 636.4402 636.5779 636.7291 636.8682 636.9808 637.0575 637.0921 637.0834 637.035 636.9568 636.8623 636.7667 636.6868 636.6398 636.5822 636.5205 636.4563 636.3932 636.3333 636.2773 636.225 636.1765 636.1322 636.0937 636.0626 636.041 636.03 636.0148 635.9991 635.9824 635.9646 635.9456 635.9257 635.9048 635.8837 635.8623
-9999 -9999 -9999 -9999 -9999 -9999 -9999 -9999 -9999 -9999 -9999 -9999 -9999 -9999 -9999 -9999 -9999 645.2922 644.5951 644.3545 644.6688 644.5153 643.6324 642.2368 640.5958 638.86 637.45 636.7058 636.4078 636.3817 636.4979 636.6694 636.8445 636.9969 637.1141 637.1891 637.2178 637.2001 637.1404 637.0486 636.9388 636.8262 636.7234 636.6405 636.6002 636.5413 636.4753 636.4106 636.3503 636.2945 636.2424 636.1937 636.1486 636.1081 636.074 636.0477 636.03 636.0168 636.0026 635.9865 635.9687 635.9498 635.9299 635.9093 635.8883 635.8671
-9999 -9999 -9999 -9999 -9999 -9999 -9999 -9999 -9999 -9999 -9999 -9999 -9999 -9999 -9999 -9999 -9999 -9999 645.1913 645.1906 645.6116 645.4763 644.6664 643.1075 641.1927 639.199 637.5865 636.7577 636.4418 636.4322 636.5775 636.7764 636.9703 637.1313 637.2485 637.3182 637.3388 637.3113 637.241 637.1376 637.0153 636.8903 636.7773 636.6904 636.6396 636.564 636.491 636.4243 636.3641 636.3092 636.2579 636.2094 636.1638 636.1218 636.0847 636.0537 636.03 636.0203 636.0066 635.9901 635.972 635.9531 635.9333 635.9127 635.8918 635.8708
-9999 -9999 -9999 -9999 -9999 -9999 -9999 -9999 -9999 -9999 -9999 644.2251 645.8888 647.3841 648.4318 -9999 -9999 -9999 -9999 -9999 -9999 646.1794 645.2805 643.6607 641.664 639.5464 637.7766 636.8685 636.5223 636.5139 636.6755 636.8926 637.0984 637.2625 637.3754 637.4363 637.4464 637.4084 637.3282 637.2151 637.0826 636.9465 636.8215 636.7186 636.6401 636.5668 636.4977 636.4338 636.3755 636.322 636.2719 636.2241 636.1785 636.1356 636.097 636.0649 636.0419 636.03 636.0121 635.9937 635.9747 635.9554 635.9357 635.9153 635.8947 635.8741
-9999 -9999 -9999 -9999 -9999 -9999 -9999 -9999 642.9871 642.4553 643.1826 644.558 646.1795 647.6229 648.6694 649.0569 648.9346 648.4634 -9999 -9999 -9999 646.9334 645.8823 644.2164 642.1667 639.9622 638.0679 637.0535 636.6475 636.6188 636.7816 637.0065 637.2174 637.3798 637.4849 637.5342 637.5323 637.4839 637.3949 637.2743 637.1343 636.9889 636.852 636.7339 636.64 636.5676 636.5035 636.4434 636.3872 636.335 636.2856 636.2383 636.1925 636.1489 636.1089 636.0748 636.0485 636.03 636.0129 635.9954 635.9768 635.9574 635.9374 635.9172 635.8969 635.8766
-9999 -9999 -9999 -9999 -9999 -9999 -9999 644.858 643.9604 643.3226 643.7184 644.6039 645.8361 646.9513 647.8713 648.4811 648.9074 649.0065 648.9147 648.7491 -9999 647.7926 646.6965 645.0098 642.8793 640.5676 638.5158 637.2997 636.7937 636.7272 636.88 637.1041 637.3141 637.4714 637.5667 637.6036 637.5897 637.5317 637.4362 637.3112 637.1671 637.0164 636.8712 636.7422 636.64 636.5745 636.5158 636.4578 636.4021 636.3497 636.3003 636.2527 636.2064 636.1619 636.1201 636.0833 636.0529 636.03 636.014 635.9974 635.9791 635.9595 635.9393 635.9191 635.8988 635.8788
-9999 -9999 -9999 -9999 -9999 -9999 645.9784 645.7369 644.7791 644.022 643.9106 644.0593 644.6602 645.4531 646.2542 647.0624 647.9902 648.7665 649.1499 649.1973 648.9247 648.3227 647.3591 645.7684 643.5995 641.17 638.9495 637.488 636.9051 636.8116 636.9536 637.1721 637.377 637.527 637.6123 637.6382 637.6141 637.5488 637.4497 637.3243 637.1813 637.0312 636.8845 636.7505 636.6406 636.5944 636.5386 636.4788 636.4209 636.367 636.3163 636.2678 636.2208 636.1752 636.1318 636.092 636.0576 636.03 636.0183 636.0018 635.9825 635.9623 635.9417 635.9211 635.9008 635.8808
-9999 -9999 -9999 -9999 -9999 646.1398 646.7979 646.1903 645.0637 643.886 643.0407 642.6382 642.7136 643.2426 644.0757 645.1063 646.4099 647.6695 648.5376 648.7869 648.5533 648.0196 647.1898 645.8491 643.8099 641.3846 639.0826 637.5589 636.9613 636.86 636.9929 637.2017 637.3976 637.5392 637.6161 637.6338 637.603 637.5342 637.4353 637.314 637.1777 637.0356 636.8982 636.777 636.6862 636.6396 636.5691 636.5022 636.4411 636.3855 636.3336 636.2841 636.236 636.1892 636.1445 636.1035 636.0688 636.0434 636.03 636.0087 635.9871 635.9655 635.9442 635.9233 635.9029 635.8829
-9999 -9999 -9999 -9999 646.0435 646.8169 646.6926 645.767 644.3911 642.9281 641.5722 640.6663 640.4531 640.9178 641.9128 643.085 644.4976 645.9451 647.0731 647.5632 647.3792 646.8911 646.1668 644.9775 643.1766 640.9946 638.9172 637.5074 636.9564 636.8663 636.9928 637.189 637.3727 637.5052 637.5757 637.5892 637.5568 637.4891 637.3951 637.2821 637.1569 637.0271 636.9021 636.7916 636.7041 636.6401 636.5782 636.5171 636.4586 636.4037 636.3514 636.301 636.252 636.204 636.158 636.1155 636.079 636.0504 636.03 636.0101 635.9896 635.9685 635.9471 635.926 635.9053 635.8854
-9999 -9999 -9999 646.8303 646.1122 646.108 645.6725 644.5413 643.0613 641.5456 640.382 639.6934 639.4609 639.8896 640.8086 641.8292 642.7321 643.9039 644.9782 645.5828 645.5742 645.1302 644.3857 643.2591 641.7043 639.8601 638.2219 637.2572 636.8625 636.8196 636.9492 637.1333 637.3036 637.4269 637.4935 637.5073 637.4784 637.4171 637.3323 637.2312 637.1199 637.0048 636.8932 636.7924 636.7079 636.64 636.5831 636.5286 636.4747 636.4216 636.3698 636.3187 636.2686 636.2194 636.1719 636.1274 636.0879 636.0549 636.03 636.0118 635.9928 635.9721 635.9507 635.9292 635.9085 635.8885
-9999 -9999 648.2319 646.8686 645.8301 645.1071 644.2067 642.8824 641.3625 640.1048 639.2384 638.8129 638.8165 639.3337 640.223 641.0686 641.4058 641.8726 642.6163 643.1974 643.3179 642.9474 642.1947 641.1191 639.8436 638.494 637.5028 636.9236 636.7054 636.726 636.8661 637.0402 637.1971 637.3118 637.3764 637.3942 637.3734 637.3234 637.252 637.1658 637.0704 636.9711 636.8735 636.7831 636.7045 636.64 636.5892 636.5411 636.4914 636.4404 636.3887 636.3372 636.2861 636.2356 636.1865 636.1399 636.0973 636.0601 636.03 636.0168 635.9983 635.9769 635.955 635.9332 635.9124 635.8923
-9999 -9999 647.8125 646.2966 645.0535 643.9463 642.6505 641.0872 639.6848 638.6998 638.1631 638.019 638.2266 638.7813 639.567 640 640.1216 640.2252 640.4402 640.863 641.0068 640.6879 640.0311 639.1582 638.2101 637.439 636.8947 636.6012 636.5289 636.6061 636.7563 636.9214 637.0657 637.1721 637.236 637.26 637.2506 637.2152 637.1602 637.0912 637.0132 636.9304 636.8474 636.7684 636.6979 636.64 636.5988 636.5568 636.5103 636.4603 636.4086 636.3563 636.3042 636.2526 636.2021 636.1539 636.1099 636.0725 636.0449 636.03 636.006 635.9822 635.9594 635.9375 635.9166 635.8965
-9999 648.6299 647.0247 645.4981 644.1238 642.7532 641.0976 639.4725 638.197 637.4942 637.2535 637.3024 637.6217 638.0547 638.5959 638.9027 638.9966 639.007 639.0447 639.1648 639.1359 638.8156 638.3372 637.7001 637.1477 636.7249 636.4564 636.3462 636.3705 636.484 636.6378 636.7927 636.9248 637.0234 637.0869 637.1178 637.1208 637.1013 637.0641 637.0133 636.9529 636.8871 636.8192 636.7529 636.6918 636.6401 636.6141 636.5768 636.5313 636.4813 636.4291 636.376 636.3229 636.2703 636.2185 636.1687 636.123 636.0837 636.0529 636.03 636.0072 635.9847 635.963 635.9419 635.9214 635.9015
648.878 647.6312 646.1801 644.7177 643.1602 641.5436 639.7255 638.2164 637.2882 636.8237 636.7215 636.8608 637.1647 637.3809 637.7569 637.9863 638.1224 638.1406 638.0992 638.0384 637.9526 637.7228 637.3212 636.8892 636.5382 636.3018 636.1853 636.1768 636.2526 636.3805 636.5286 636.671 636.791 636.8822 636.9445 636.981 636.9951 636.9905 636.9704 636.9374 636.8945 636.8452 636.7927 636.7411 636.6948 636.6597 636.64 636.5986 636.5518 636.5018 636.4496 636.3962 636.3425 636.2888 636.2357 636.1842 636.1359 636.0929 636.0575 636.03 636.0077 635.9871 635.9669 635.9469 635.927 635.9073
647.9018 646.7505 645.4368 643.9592 642.1736 640.302 638.5637 637.4867 636.8597 636.5562 636.4967 636.6028 636.7992 636.9768 637.2139 637.3369 637.5339 637.582 637.5131 637.3332 637.2571 637.1378 636.7953 636.4647 636.222 636.0839 636.0448 636.0853 636.1814 636.308 636.4435 636.5712 636.6791 636.7628 636.823 636.8627 636.8849 636.8923 636.8865 636.869 636.8417 636.8073 636.7686 636.7295 636.6939 636.6647 636.64 636.6069 636.566 636.5193 636.4688 636.4163 636.3625 636.3084 636.254 636.2005 636.149 636.1018 636.0613 636.03 636.0093 635.9907 635.972 635.953 635.9338 635.9144
647.2906 646.0931 644.6637 643.0458 641.1719 639.2715 637.9306 637.2589 636.8509 636.6173 636.5258 636.5419 636.6248 636.7329 636.8799 637.022 637.2161 637.2468 637.2054 636.9882 636.8379 636.6909 636.4535 636.2253 636.0657 635.9901 635.9924 636.0546 636.155 636.2727 636.3931 636.5051 636.6005 636.6763 636.7329 636.7729 636.7993 636.8141 636.8185 636.8125 636.7974 636.7749 636.7474 636.718 636.6896 636.6641 636.64 636.6123 636.5771 636.5348 636.4871 636.4362 636.3832 636.329 636.2739 636.2188 636.1647 636.1134 636.0673 636.03 636.0149 635.9976 635.9795 635.9611 635.9421 635.923
647.0862 645.6093 643.8939 642.0342 640.0261 638.7852 638.0765 637.5687 637.1858 636.9077 636.7246 636.6246 636.5923 636.6123 636.6788 636.7689 636.8712 636.8895 636.8395 636.692 636.5486 636.4063 636.2391 636.0896 635.9944 635.9645 635.9937 636.067 636.1667 636.275 636.3813 636.4785 636.5616 636.6289 636.6803 636.7178 636.744 636.7613 636.7705 636.7713 636.7642 636.7501 636.7307 636.7082 636.6847 636.6618 636.64 636.6179 636.588 636.5496 636.5046 636.4558 636.4042 636.3507 636.2957 636.2396 636.1841 636.1311 636.0839 636.0479 636.03 636.0082 635.9894 635.9708 635.9517 635.9326
646.8278 644.9457 642.9108 640.8511 639.2236 639.3339 638.7032 638.1047 637.6288 637.2557 636.9684 636.7606 636.6309 636.5734 636.5751 636.6056 636.6343 636.6292 636.5901 636.5015 636.3859 636.2564 636.1252 636.0218 635.9693 635.9729 636.0237 636.1069 636.2073 636.3101 636.4066 636.4918 636.5637 636.6219 636.6663 636.6982 636.7207 636.736 636.7449 636.7474 636.7439 636.7346 636.7202 636.702 636.6816 636.6606 636.64 636.6261 636.6 636.5643 636.5219 636.475 636.4251 636.3729 636.3185 636.2628 636.2067 636.1525 636.1028 636.0612 636.03 636.0143 635.9995 635.9818 635.9626 635.9431
646.1344 643.8189 641.5528 639.5353 638.283 638.6387 638.7001 638.3119 637.8781 637.4791 637.1354 636.8633 636.6787 636.5865 636.5688 636.5813 636.5767 636.5665 636.5588 636.5179 636.4078 636.257 636.1121 636.0123 635.9749 635.9975 636.0655 636.1602 636.266 636.369 636.4615 636.5393 636.6019 636.6511 636.6871 636.7113 636.7271 636.7367 636.7412 636.7412 636.7372 636.7291 636.7167 636.7008 636.683 636.6656 636.6508 636.64 636.613 636.5786 636.5382 636.4934 636.4456 636.3951 636.3422 636.2874 636.2317 636.1772 636.1266 636.083 636.0498 636.03 636.0146 635.9948 635.9744 635.9543
645.0207 642.3894 640.0997 638.4366 637.8124 638.0981 638.2883 638.1458 637.8479 637.5005 637.1634 636.8839 636.7003 636.6341 636.6735 636.7523 636.7716 636.8036 636.8692 636.8805 636.713 636.4586 636.2236 636.0698 636.0105 636.0319 636.1089 636.2152 636.3306 636.4399 636.5346 636.6101 636.6667 636.7078 636.7348 636.75 636.7573 636.759 636.7563 636.7505 636.7429 636.7332 636.7203 636.7045 636.6871 636.6702 636.6548 636.64 636.6198 636.5902 636.5532 636.511 636.4652 636.4167 636.3657 636.3125 636.2579 636.204 636.1531 636.1082 636.0724 636.0475 636.03 636.0066 635.9855 635.9657
643.7866 641.0616 638.9438 637.7905 637.5067 637.7795 637.899 637.8307 637.6263 637.3501 637.0622 636.8242 636.6927 636.7106 636.8927 637.1624 637.3051 637.4827 637.7079 637.7993 637.4332 636.9337 636.501 636.2194 636.0896 636.0801 636.1504 636.2629 636.389 636.5094 636.6122 636.6908 636.7455 636.7808 636.7993 636.8054 636.804 636.7966 636.7853 636.772 636.759 636.7456 636.7301 636.7125 636.694 636.6758 636.6578 636.64 636.6271 636.6018 636.5676 636.5278 636.4841 636.4377 636.3887 636.3373 636.2843 636.2313 636.1804 636.1338 636.0934 636.0594 636.03 636.0132 635.9957 635.9777
642.7531 640.0097 638.2265 637.3805 637.2626 637.4565 637.5146 637.457 637.307 637.1019 636.8928 636.7369 636.6956 636.8267 637.1961 637.7288 638.2859 638.8648 639.3987 639.5892 638.6888 637.7505 636.9976 636.5045 636.2418 636.1582 636.1946 636.2994 636.4325 636.5655 636.6805 636.7672 636.8243 636.8572 636.8692 636.8676 636.8583 636.8422 636.8221 636.8015 636.7827 636.7644 636.7449 636.7244 636.704 636.6846 636.6665 636.6512 636.64 636.6143 636.5818 636.5443 636.5026 636.458 636.4109 636.3615 636.3102 636.2584 636.2079 636.1606 636.118 636.0811 636.0505 636.03 636.011 635.9924
642.0703 639.3712 637.7771 637.1063 637.074 637.1349 637.1475 637.0874 636.975 636.8456 636.7444 636.7174 636.8096 637.0636 637.6384 638.6055 639.7059 640.8644 641.6628 641.5745 640.4272 638.9593 637.8004 636.9978 636.5145 636.2922 636.2527 636.3259 636.4554 636.5989 636.728 636.8268 636.8907 636.925 636.9339 636.9274 636.9119 636.8886 636.8612 636.8346 636.8105 636.7872 636.763 636.7391 636.7166 636.6953 636.6751 636.6566 636.64 636.6207 636.5938 636.5599 636.5209 636.478 636.4324 636.3846 636.3352 636.285 636.2356 636.1886 636.1454 636.1076 636.0759 636.0513 636.03 636.0101
641.6877 639.0493 637.5161 636.8806 636.8401 636.8418 636.8289 636.7727 636.7046 636.6697 636.718 636.8834 637.1912 637.6286 638.5509 639.8757 641.5012 643.0922 644.1033 643.9129 642.5563 640.7454 639.1392 637.8094 636.9607 636.51 636.3384 636.348 636.4581 636.606 636.7484 636.861 636.9354 636.9753 636.9852 636.9773 636.9586 636.9303 636.8979 636.8674 636.8394 636.8114 636.7827 636.7557 636.7316 636.7083 636.6848 636.6616 636.64 636.6277 636.606 636.5758 636.5392 636.498 636.4539 636.4076 636.3597 636.311 636.2629 636.2167 636.174 636.1357 636.1028 636.0753 636.0515 636.03
641.4122 638.8724 637.3749 636.6832 636.549 636.5786 636.5654 636.537 636.5446 636.6492 636.9041 637.3292 637.9196 638.6407 639.7633 641.2947 643.2192 645.0579 646.2064 646.083 644.7811 642.8434 640.7917 638.9529 637.5867 636.8215 636.4628 636.3762 636.4486 636.5916 636.7433 636.8684 636.9543 637.0028 637.0179 637.0129 636.9944 636.964 636.9294 636.8973 636.8669 636.8349 636.8026 636.7739 636.749 636.7241 636.6982 636.6729 636.6522 636.64 636.6191 636.5917 636.5576 636.5183 636.4755 636.4302 636.3835 636.3362 636.2894 636.2443 636.2021 636.1639 636.1301 636.1006 636.0748 636.0515
641.011 638.6537 637.3009 636.5873 636.3699 636.4083 636.3762 636.3938 636.527 636.8439 637.3986 638.1944 639.0754 639.9592 641.1136 642.6147 644.4515 646.2455 647.397 647.5369 646.4631 644.5834 642.3734 640.2122 638.3436 637.212 636.6372 636.4327 636.4487 636.5734 636.7265 636.8579 636.9517 637.0087 637.0319 637.0331 637.0184 636.9887 636.955 636.9235 636.8912 636.8562 636.8218 636.7932 636.7686 636.7424 636.7133 636.6844 636.6594 636.64 636.6278 636.6058 636.5751 636.538 636.4965 636.4523 636.4066 636.3606 636.3149 636.2709 636.2295 636.1914 636.157 636.1261 636.0988 636.0739
640.2354 638.2694 637.2164 636.5729 636.2573 636.1994 636.2189 636.3497 636.6732 637.2876 638.2738 639.4601 640.6981 641.7928 642.5881 643.4158 644.8214 646.3909 647.6847 648.0627 647.2762 645.5379 643.3342 641.0547 638.9794 637.6231 636.8983 636.5715 636.5049 636.5874 636.726 636.8484 636.9396 637.0005 637.0316 637.0413 637.0329 637.0062 636.9755 636.9459 636.9122 636.8748 636.8402 636.8135 636.7897 636.7615 636.7286 636.6962 636.6693 636.6506 636.64 636.6194 636.5914 636.5565 636.5166 636.4735 636.4287 636.3837 636.3392 636.296 636.2554 636.2177 636.1829 636.1512 636.1228 636.0967
639.3376 637.8691 637.073 636.5801 636.2521 636.1277 636.1913 636.4535 637.0013 637.952 639.3956 640.9404 642.5309 643.5829 643.7723 643.7941 644.7037 645.9232 647.2184 647.9189 647.2369 645.713 643.7591 641.7133 639.7698 638.3706 637.4413 636.9148 636.6964 636.688 636.7837 636.8646 636.9325 636.989 637.0264 637.0443 637.043 637.0203 636.9935 636.9661 636.9307 636.8912 636.858 636.8344 636.8112 636.7798 636.7422 636.7061 636.677 636.6559 636.64 636.6282 636.6049 636.5728 636.5348 636.4932 636.4496 636.4055 636.3621 636.3198 636.2798 636.2424 636.2076 636.1755 636.1462 636.1193
638.4589 637.4224 636.8621 636.5194 636.2733 636.1715 636.314 636.7394 637.5428 638.8965 640.6841 642.4615 644.2468 645.2549 645.0842 644.6705 644.8849 645.6655 -9999 647.4323 646.9651 645.6501 644.0408 642.4841 640.963 639.5425 638.4512 637.5982 637.1135 636.9318 636.9438 636.9215 636.9379 636.9838 637.0273 637.0527 637.0565 637.0365 637.0125 636.9858 636.9478 636.9064 636.876 636.8556 636.8318 636.7953 636.7521 636.7136 636.6849 636.6651 636.6506 636.64 636.617 636.5864 636.5502 636.5103 636.4683 636.4255 636.383 636.3418 636.3025 636.2656 636.2311 636.1989 636.1691 636.1414
637.6784 637.0466 636.6732 636.4293 636.2825 636.2672 636.541 637.174 638.2426 639.7894 641.6752 643.7137 645.6485 646.618 646.3524 645.6755 645.5924 -9999 -9999 -9999 646.813 645.5476 644.2037 643.1876 642.2953 641.1866 639.9431 638.7784 637.8547 637.3565 637.2056 636.9896 636.946 636.9928 637.0485 637.0798 637.084 637.0621 637.0365 637.0078 636.9653 636.922 636.8951 636.8771 636.8502 636.8064 636.7577 636.7194 636.6945 636.6774 636.6603 636.64 636.6246 636.5968 636.5625 636.5245 636.4844 636.4432 636.4022 636.3621 636.3237 636.2874 636.2533 636.2213 636.1914 636.1633
