backend/lakes/data/Utikuma Lake/utik_dem_tm.asc
ncols         597
nrows         435
xllcorner     460550
yllcorner     6177950
cellsize      50
NODATA_value  -9999
[rows 300 to 329 of 435, columns 264 to 329 of 597]
633.704 633.7185 633.7368 633.7538 633.7684 633.7806 633.791 633.801 633.813 633.8301 633.8519 633.8779 633.9058 633.9327 633.9565 633.976 633.9921 634.0057 634.0179 634.0332 634.0551 634.0828 634.1097 634.1379 634.1511 634.1674 634.1998 634.2 634.2 634.2002 634.2311 634.2469 634.2597 634.2859 634.3102 634.3347 634.3656 634.3984 634.4336 634.4739 634.5181 634.5641 634.6095 634.6521 634.6917 634.725 634.7543 634.7684 634.7828 634.81 634.8362 634.8486 634.8721 634.8972 634.9286 634.9634 635.0021 635.0438 635.0883 635.1356 635.1853 635.2354 635.2823 635.3223 635.3523 635.3779
633.7795 633.7941 633.813 633.8306 633.8458 633.8588 633.8704 633.8813 633.8932 633.9077 633.9261 633.9487 633.9741 634.0001 634.0236 634.0427 634.0598 634.0753 634.0852 634.097 634.1169 634.146 634.1661 634.1998 634.2 634.2002 634.2325 634.2474 634.2554 634.2642 634.2881 634.3102 634.3317 634.3585 634.3868 634.4169 634.4504 634.4861 634.524 634.5653 634.6086 634.6512 634.6918 634.7271 634.7603 634.7823 634.8099 634.81 634.8101 634.8342 634.8605 634.8824 634.9091 634.9397 634.975 635.0135 635.0544 635.0972 635.1423 635.1902 635.2406 635.2912 635.3379 635.375 635.3952 635.4199
633.8645 633.8815 633.9021 633.9189 633.9321 633.9427 633.9526 633.9622 633.9722 633.9835 633.9975 634.0155 634.0375 634.0621 634.0859 634.1028 634.1199 634.1403 634.1458 634.1514 634.1658 634.1998 634.2002 634.2336 634.2499 634.262 634.2872 634.3076 634.3234 634.3395 634.3622 634.3867 634.4124 634.4406 634.4706 634.5027 634.537 634.5728 634.6106 634.6509 634.6909 634.7267 634.7605 634.7828 634.8099 634.8101 634.8301 634.8373 634.8434 634.8627 634.8878 634.9147 634.9456 634.9807 635.0197 635.0612 635.104 635.1477 635.193 635.2407 635.2904 635.3398 635.385 635.4199 635.42 635.4399
633.9552 633.9764 634.0009 634.0151 634.0237 634.03 634.0361 634.0424 634.0492 634.0566 634.0657 634.0779 634.0949 634.1176 634.1442 634.1547 634.1682 634.1998 634.2 634.2 634.2002 634.2355 634.2574 634.2887 634.3134 634.3343 634.3586 634.3815 634.4019 634.422 634.4449 634.4703 634.4974 634.526 634.5557 634.587 634.6196 634.6524 634.687 634.7245 634.7595 634.7825 634.8099 634.8101 634.8285 634.8364 634.8502 634.8608 634.8722 634.891 634.9162 634.9462 634.9808 635.02 635.0624 635.1066 635.1509 635.195 635.2402 635.2872 635.335 635.3806 635.42 635.4489 635.4576 635.4702
634.0452 634.0707 634.1038 634.1127 634.1154 634.1171 634.1191 634.1216 634.1245 634.1279 634.1319 634.1377 634.1471 634.1644 634.1998 634.2 634.2003 634.236 634.2533 634.2625 634.2727 634.3011 634.3303 634.3621 634.3906 634.4159 634.4408 634.465 634.4874 634.5087 634.5308 634.5552 634.582 634.6099 634.6372 634.6653 634.6941 634.7196 634.7468 634.7798 634.8099 634.8101 634.8279 634.8345 634.8468 634.8575 634.8704 634.8832 634.8979 634.918 634.9441 634.9764 635.0146 635.0576 635.1036 635.1503 635.1954 635.2396 635.2848 635.3312 635.3773 635.42 635.4558 635.4818 635.4956 635.5063
634.1273 634.1506 634.1995 634.2001 634.2 634.2 634.2 634.2 634.2 634.2 634.2 634.2 634.2 634.2003 634.237 634.2563 634.2717 634.3011 634.3241 634.3412 634.359 634.3856 634.4161 634.4481 634.4777 634.5039 634.5287 634.5531 634.5759 634.5956 634.6147 634.6361 634.6611 634.6876 634.71 634.733 634.7582 634.7716 634.7856 634.81 634.8307 634.8361 634.8459 634.8538 634.8642 634.8759 634.8897 634.9045 634.9218 634.9436 634.9711 635.0056 635.047 635.0941 635.1443 635.1941 635.2401 635.2826 635.3279 635.3745 635.42 635.461 635.4947 635.5194 635.5352 635.5455
634.1999 634.2005 634.246 634.2655 634.2736 634.277 634.2783 634.2783 634.2775 634.2761 634.2742 634.2726 634.2727 634.2794 634.3069 634.3333 634.3583 634.3863 634.4107 634.4318 634.4532 634.4795 634.5093 634.5403 634.5692 634.5938 634.6165 634.64 634.6627 634.6783 634.6919 634.708 634.7297 634.7554 634.7687 634.7839 634.8099 634.81 634.81 634.8292 634.8464 634.8553 634.8633 634.871 634.881 634.8933 634.9083 634.925 634.9445 634.9681 634.9973 635.0341 635.0787 635.1304 635.1862 635.2408 635.288 635.3257 635.3717 635.42 635.4657 635.5057 635.5381 635.5618 635.5774 635.5871
634.2836 634.2875 634.3138 634.3339 634.3456 634.3522 634.3558 634.3572 634.3571 634.3561 634.3546 634.3546 634.3588 634.371 634.3958 634.4244 634.4534 634.4813 634.5056 634.5275 634.5502 634.5757 634.6031 634.632 634.6594 634.6791 634.697 634.7185 634.743 634.7517 634.7576 634.7661 634.7814 634.8099 634.81 634.8101 634.8309 634.8379 634.8414 634.8533 634.8654 634.8739 634.8809 634.8884 634.8982 634.9111 634.9271 634.9454 634.9669 634.9924 635.0238 635.0629 635.1111 635.1681 635.2311 635.2939 635.3452 635.3704 635.4199 635.4709 635.5177 635.5566 635.5869 635.6085 635.6226 635.6307
634.3755 634.3804 634.3955 634.4104 634.4213 634.4288 634.4341 634.4373 634.4385 634.4389 634.4394 634.4421 634.4501 634.4664 634.4913 634.5204 634.5501 634.5776 634.6 634.6204 634.6425 634.6671 634.6899 634.7151 634.7421 634.7532 634.7627 634.7787 634.8098 634.81 634.81 634.81 634.8101 634.8336 634.8422 634.8468 634.8591 634.8669 634.8722 634.8801 634.8881 634.8947 634.9005 634.9075 634.9172 634.9306 634.9474 634.967 634.9902 635.0179 635.052 635.0942 635.1465 635.2095 635.281 635.3555 635.4193 635.4208 635.4774 635.5334 635.5798 635.6158 635.642 635.6595 635.6702 635.6754
634.4714 634.4754 634.4839 634.4929 634.5009 634.5078 634.514 634.5183 634.5209 634.5226 634.5248 634.5298 634.5406 634.5596 634.5852 634.6132 634.6417 634.6678 634.6859 634.7021 634.7223 634.7471 634.7609 634.7783 634.8098 634.81 634.81 634.8101 634.8381 634.8492 634.8527 634.853 634.855 634.8682 634.8777 634.8846 634.8929 634.8994 634.9042 634.9093 634.9144 634.9187 634.9232 634.9294 634.939 634.9526 634.9702 634.9913 635.0164 635.0468 635.0844 635.1312 635.1891 635.2589 635.3383 635.4203 635.4933 635.5273 635.5735 635.6187 635.6558 635.6835 635.7024 635.7137 635.7191 635.7201
634.5676 634.5703 634.5743 634.5778 634.5819 634.5879 634.5948 634.5994 634.6022 634.6042 634.6073 634.6134 634.6257 634.6461 634.672 634.6959 634.7211 634.7469 634.7572 634.7659 634.7807 634.8099 634.81 634.8101 634.837 634.8475 634.8518 634.8567 634.8744 634.8871 634.8936 634.8968 634.9008 634.9093 634.9175 634.9242 634.9301 634.9348 634.9382 634.9413 634.9441 634.9464 634.9495 634.9548 634.964 634.9778 634.9963 635.0194 635.0471 635.0813 635.1243 635.1783 635.2451 635.3263 635.4205 635.5216 635.604 635.6526 635.6887 635.7177 635.74 635.7555 635.7648 635.7684 635.7675 635.7634
634.6599 634.6618 634.6629 634.66 634.66 634.6655 634.6741 634.6781 634.6799 634.6813 634.6836 634.6892 634.7008 634.7211 634.748 634.7627 634.7799 634.8099 634.81 634.81 634.8101 634.8351 634.845 634.8517 634.8696 634.8829 634.8921 634.9012 634.9149 634.9271 634.9355 634.9412 634.9463 634.953 634.9598 634.9655 634.9697 634.9728 634.9747 634.9762 634.9773 634.9782 634.98 634.9843 634.9929 635.0071 635.0271 635.0527 635.0848 635.125 635.1758 635.2401 635.3208 635.4207 635.5405 635.6556 635.7434 635.7889 635.8082 635.8175 635.8229 635.8253 635.8245 635.8202 635.813 635.804
634.7427 634.7444 634.744 634.7324 634.7281 634.7343 634.748 634.7504 634.7505 634.7505 634.7515 634.7546 634.7621 634.7782 634.8099 634.81 634.8101 634.8362 634.8462 634.8497 634.8534 634.8686 634.8806 634.8913 634.906 634.9199 634.9319 634.9436 634.9565 634.9688 634.9784 634.9856 634.9916 634.9977 635.0035 635.0082 635.0114 635.0131 635.0137 635.0139 635.0139 635.0139 635.0147 635.0182 635.0265 635.0411 635.063 635.0927 635.1309 635.1796 635.2416 635.3204 635.4206 635.5477 635.6835 635.8058 635.8944 635.9227 635.9167 635.9052 635.8951 635.8861 635.8766 635.8656 635.853 635.8395
634.81 634.81 634.8099 634.7852 634.7783 634.7852 634.8099 634.81 634.81 634.81 634.81 634.81 634.81 634.8101 634.8365 634.8466 634.8531 634.8702 634.8823 634.8896 634.8965 634.9075 634.9188 634.9305 634.9441 634.9581 634.9716 634.9847 634.9982 635.0107 635.0214 635.0298 635.0366 635.0426 635.0479 635.0518 635.0543 635.0553 635.0552 635.0544 635.0537 635.0531 635.0534 635.0565 635.0647 635.0803 635.105 635.1401 635.1868 635.2469 635.3234 635.4204 635.5448 635.6859 635.8257 635.9435 636.029 636.0299 635.9956 635.9688 635.9498 635.9339 635.9183 635.9022 635.8854 635.8687
634.8569 634.85 634.8367 634.8101 634.81 634.8101 634.8365 634.8499 634.8566 634.8597 634.8606 634.8599 634.8585 634.8596 634.8743 634.8857 634.8959 634.9094 634.9214 634.9309 634.9395 634.9492 634.9596 634.9707 634.9833 634.9968 635.0109 635.0249 635.0391 635.0524 635.0642 635.0737 635.0811 635.0873 635.0923 635.0961 635.0983 635.0991 635.0989 635.0978 635.0967 635.0957 635.0958 635.0989 635.1075 635.1249 635.1537 635.196 635.2533 635.3273 635.4203 635.5371 635.6718 635.8137 635.9437 636.0301 636.0802 636.0712 636.0301 636.0049 635.9865 635.9684 635.9494 635.9297 635.9099 635.8909
634.8934 634.8833 634.868 634.85 634.8466 634.8505 634.8691 634.8853 634.8964 634.9031 634.9063 634.9071 634.9071 634.9093 634.9179 634.9277 634.9382 634.9503 634.9623 634.9728 634.9824 634.992 635.0017 635.012 635.0234 635.0361 635.05 635.0645 635.0792 635.0933 635.1058 635.1163 635.1246 635.1313 635.1366 635.1404 635.1427 635.1439 635.1441 635.1436 635.1425 635.1415 635.1416 635.1449 635.1547 635.1749 635.2094 635.2607 635.3307 635.4202 635.5304 635.6547 635.7859 635.9149 636.029 636.0798 636.1025 636.0905 636.0578 636.03 636.0123 635.9924 635.9708 635.9486 635.9269 635.9064
634.926 634.9158 634.9026 634.8903 634.8865 634.8911 634.9047 634.9197 634.9324 634.9418 634.9478 634.9512 634.9534 634.9564 634.9625 634.9705 634.98 634.9913 635.003 635.0141 635.0245 635.0344 635.0439 635.0536 635.0638 635.0756 635.0888 635.103 635.118 635.1328 635.1461 635.1574 635.1667 635.1741 635.1799 635.1842 635.1871 635.1892 635.1904 635.191 635.1908 635.1903 635.1907 635.1943 635.2054 635.2299 635.272 635.335 635.4202 635.5269 635.6448 635.7653 635.8784 635.9712 636.0303 636.0811 636.101 636.0935 636.0709 636.0479 636.03 636.0071 635.9833 635.9596 635.9368 635.9158
634.9577 634.949 634.9386 634.9296 634.9263 634.9299 634.9398 634.9526 634.9655 634.9765 634.985 634.9913 634.9959 635.0002 635.0056 635.0122 635.0206 635.031 635.0424 635.0538 635.0649 635.0753 635.085 635.0945 635.1041 635.1147 635.127 635.1407 635.1556 635.1707 635.1846 635.1967 635.2068 635.2151 635.222 635.2273 635.2312 635.2344 635.2369 635.2391 635.2406 635.2415 635.2428 635.2473 635.2596 635.2896 635.3421 635.4202 635.5247 635.6414 635.7592 635.8695 635.963 636.0299 636.0616 636.0857 636.0939 636.0864 636.0696 636.0499 636.03 636.01 635.9872 635.9635 635.9409 635.9203
634.9901 634.9832 634.975 634.9678 634.9646 634.9667 634.9736 634.9838 634.9955 635.0071 635.0177 635.0267 635.0339 635.0402 635.0459 635.0521 635.0596 635.0691 635.08 635.0916 635.1031 635.1138 635.124 635.1335 635.143 635.1531 635.1646 635.1775 635.1918 635.2068 635.2212 635.2338 635.2446 635.2539 635.262 635.2687 635.2741 635.2786 635.2826 635.2867 635.2906 635.2932 635.2966 635.3032 635.3158 635.3533 635.4202 635.519 635.6365 635.757 635.8672 635.9608 636.0299 636.0663 636.0797 636.0845 636.0818 636.0721 636.0597 636.0444 636.03 636.0085 635.9852 635.9619 635.9402 635.9209
635.0239 635.0182 635.0115 635.0054 635.0018 635.0021 635.0062 635.0135 635.0234 635.0349 635.0466 635.0576 635.0674 635.0758 635.083 635.0898 635.0971 635.106 635.1163 635.1277 635.1393 635.1503 635.1606 635.1705 635.1801 635.1899 635.2007 635.2129 635.2267 635.2414 635.2558 635.2688 635.2802 635.2903 635.2993 635.3075 635.3146 635.3206 635.326 635.3319 635.3386 635.3431 635.3494 635.3615 635.3707 635.42 635.5066 635.6206 635.7467 635.866 635.9606 636.0299 636.0674 636.081 636.08 636.0728 636.0637 636.052 636.0441 636.03 636.0173 635.9987 635.9774 635.9557 635.9358 635.9187
635.0592 635.0541 635.0481 635.0424 635.0381 635.0366 635.0381 635.0427 635.0504 635.0609 635.0731 635.0856 635.0974 635.1078 635.1169 635.125 635.1329 635.1417 635.1516 635.1626 635.174 635.1851 635.1953 635.2053 635.2151 635.2249 635.2352 635.2469 635.2601 635.2743 635.2885 635.3015 635.313 635.3234 635.3331 635.3425 635.351 635.3588 635.3645 635.3719 635.3826 635.3866 635.3947 635.4198 635.4203 635.4869 635.5888 635.7134 635.845 635.9606 636.03 636.0675 636.08 636.0763 636.0662 636.0527 636.0436 636.03 636.03 636.0178 636.0035 635.9859 635.9663 635.9467 635.9292 635.915
635.0957 635.0905 635.0845 635.0785 635.0735 635.0705 635.07 635.0724 635.0781 635.0873 635.0994 635.1127 635.1257 635.1378 635.1487 635.1582 635.1672 635.1763 635.186 635.1967 635.2077 635.2185 635.2286 635.2386 635.2485 635.2582 635.2683 635.2795 635.292 635.3054 635.3192 635.3319 635.3433 635.353 635.3627 635.3729 635.382 635.392 635.3959 635.4025 635.4199 635.42 635.42 635.4512 635.4836 635.5563 635.6609 635.7861 635.9168 636.0295 636.0687 636.0784 636.0723 636.0569 636.0459 636.03 636.03 636.0193 636.0135 636.0027 635.9886 635.972 635.9541 635.9367 635.9222 635.9113
635.1323 635.1267 635.1205 635.1141 635.1082 635.1039 635.1019 635.1029 635.1072 635.1152 635.1268 635.1404 635.1542 635.1672 635.1792 635.1899 635.2001 635.21 635.2198 635.2302 635.2408 635.2513 635.2613 635.2709 635.2805 635.2902 635.2999 635.3104 635.3218 635.3346 635.3478 635.36 635.3708 635.3788 635.3875 635.3986 635.4059 635.42 635.42 635.42 635.4395 635.4502 635.4622 635.4939 635.5406 635.6151 635.7141 635.8278 635.9407 636.03 636.0609 636.0611 636.0504 636.03 636.03 636.0181 636.0129 636.0049 635.9974 635.9873 635.9744 635.9591 635.943 635.9281 635.9165 635.9091
635.168 635.1619 635.1553 635.1486 635.1422 635.1371 635.1344 635.1346 635.1385 635.1459 635.1569 635.1703 635.1844 635.1979 635.2101 635.2214 635.2319 635.2423 635.2526 635.2629 635.2732 635.2832 635.2931 635.3027 635.3119 635.3212 635.3306 635.3397 635.3495 635.3612 635.374 635.3852 635.3962 635.4007 635.4065 635.42 635.42 635.436 635.4458 635.4548 635.4723 635.4886 635.5082 635.5413 635.5908 635.6614 635.7494 635.8456 635.9362 636.0031 636.03 636.03 636.03 636.016 636.0104 636.002 635.9959 635.9894 635.9824 635.9735 635.9622 635.9487 635.9345 635.9221 635.9136 635.91
635.2017 635.1953 635.1884 635.1817 635.1754 635.1703 635.1675 635.1679 635.172 635.1794 635.1903 635.2035 635.2175 635.2308 635.2426 635.2532 635.2634 635.2737 635.2843 635.2947 635.3047 635.3143 635.3241 635.3339 635.3425 635.3516 635.3608 635.3675 635.3747 635.3847 635.3979 635.406 635.42 635.42 635.42 635.4351 635.4457 635.4626 635.4791 635.4957 635.5151 635.5349 635.5579 635.5905 635.637 635.6993 635.7738 635.8521 635.9228 635.9745 635.9996 636.0052 636.0052 635.9976 635.9914 635.9853 635.9805 635.9756 635.9702 635.9634 635.9545 635.9432 635.9311 635.921 635.9155 635.9156
635.2328 635.2263 635.2195 635.2131 635.2076 635.2033 635.2014 635.2028 635.2078 635.2158 635.2268 635.2397 635.2534 635.2661 635.2767 635.2859 635.2948 635.3044 635.3151 635.3258 635.335 635.3439 635.3535 635.3638 635.3715 635.3801 635.3908 635.3942 635.3974 635.4042 635.42 635.42 635.4354 635.4437 635.4508 635.4649 635.4802 635.4988 635.5192 635.541 635.5635 635.5861 635.6105 635.6411 635.6821 635.7343 635.7946 635.8565 635.9115 635.952 635.9745 635.9829 635.9839 635.98 635.9756 635.9719 635.9692 635.9662 635.9629 635.9592 635.9539 635.9451 635.9349 635.9269 635.924 635.9275
635.2614 635.2554 635.249 635.2434 635.239 635.2363 635.2363 635.2396 635.246 635.2546 635.2655 635.2782 635.2915 635.3037 635.3125 635.3194 635.3263 635.3345 635.345 635.3564 635.364 635.3711 635.3804 635.3923 635.3971 635.4039 635.42 635.42 635.42 635.42 635.4373 635.4484 635.4641 635.4777 635.4905 635.506 635.5231 635.5428 635.5652 635.5894 635.6145 635.6393 635.6646 635.693 635.7278 635.7698 635.8171 635.8649 635.907 635.9386 635.9579 635.9669 635.9692 635.9677 635.9657 635.965 635.9651 635.9638 635.9626 635.9633 635.964 635.9578 635.9495 635.943 635.9415 635.9474
635.2883 635.2831 635.2778 635.2732 635.2701 635.2695 635.2722 635.2783 635.2866 635.2953 635.3052 635.3169 635.3302 635.3427 635.3492 635.353 635.3572 635.3635 635.3739 635.3877 635.3921 635.3956 635.4028 635.42 635.42 635.42 635.4379 635.4467 635.4515 635.4573 635.4723 635.4879 635.5049 635.5215 635.5377 635.5551 635.5734 635.5935 635.6158 635.6404 635.6663 635.6921 635.7178 635.7446 635.7744 635.8079 635.8441 635.8798 635.9115 635.9359 635.9517 635.9606 635.9644 635.9642 635.9641 635.9668 635.9713 635.9712 635.9714 635.9768 635.9884 635.9851 635.979 635.9746 635.9738 635.9785
635.3151 635.311 635.3071 635.3038 635.3021 635.3033 635.3086 635.3181 635.3296 635.3371 635.3444 635.3539 635.3671 635.382 635.3855 635.3865 635.3877 635.3911 635.3997 635.4199 635.42 635.42 635.42 635.4384 635.448 635.4558 635.4711 635.4836 635.4937 635.5042 635.5195 635.5367 635.5549 635.5729 635.5909 635.6096 635.629 635.6493 635.6707 635.6938 635.7185 635.7438 635.7692 635.7946 635.8208 635.848 635.8755 635.9017 635.9253 635.9442 635.9567 635.9655 635.9716 635.9719 635.9725 635.9789 635.9918 635.9916 635.9913 635.9992 636.0299 636.0301 636.0301 636.0301 636.0301 636.03
635.3441 635.3412 635.3387 635.3369 635.3363 635.3385 635.3452 635.3577 635.3748 635.3794 635.3823 635.3877 635.3982 635.4199 635.42 635.42 635.42 635.42 635.42 635.4412 635.4512 635.4562 635.4612 635.4753 635.4884 635.5013 635.5169 635.5316 635.5449 635.5583 635.5743 635.5925 635.6113 635.6299 635.6485 635.668 635.6881 635.7083 635.7283 635.749 635.771 635.7941 635.8181 635.8422 635.8661 635.8889 635.9104 635.9293 635.947 635.9627 635.9719 635.981 635.9932 635.9929 635.9926 636.0004 636.0299 636.0301 636.03 636.0305 636.0734 636.0985 636.1134 636.1222 636.126 636.1277
