backend/lakes/data/Lac la Biche/bich_dem_tm.asc
ncols         661
nrows         424
xllcorner     672100
yllcorner     6069750
cellsize      50
NODATA_value  -9999
[rows 150 to 179 of 424, columns 0 to 66 of 661]
-9999 -9999 -9999 -9999 -9999 -9999 -9999 -9999 -9999 -9999 -9999 -9999 -9999 -9999 -9999 -9999 -9999 -9999 -9999 -9999 -9999 550.2189 548.4576 546.459 544.1531 541.6196 539.6794 538.1727 537.1676 536.5624 536.21 535.9919 535.8129 535.6501 535.4733 535.2462 534.9678 534.6647 534.3734 534.1321 534.0181 533.9244 533.8726 533.879 533.9747 534.1305 534.3182 534.5043 534.6669 534.7787 534.8194 534.7813 534.6522 534.4335 534.132 533.7905 533.4779 533.2263 533.0359 532.8868 532.7474 532.5999 532.447 532.3024 532.1721 532.0562 531.9507
-9999 -9999 -9999 -9999 -9999 -9999 -9999 -9999 -9999 -9999 -9999 -9999 -9999 -9999 -9999 -9999 -9999 -9999 -9999 -9999 552.0381 550.8665 548.7689 546.4233 543.9334 541.2808 539.8109 538.478 537.2766 536.5571 536.1421 535.9199 535.7815 535.6502 535.5019 535.2938 535.0264 534.7313 534.4532 534.24 534.1289 534.0184 533.9698 533.9791 534.1302 534.3475 534.5701 534.7618 534.9197 535.0342 535.0706 535.0432 534.9559 534.795 534.53 534.1436 533.7717 533.4703 533.2519 533.0943 532.9434 532.7775 532.6003 532.4326 532.2831 532.1514 532.0315
-9999 -9999 -9999 -9999 -9999 -9999 -9999 -9999 -9999 -9999 -9999 -9999 -9999 -9999 -9999 -9999 -9999 -9999 -9999 -9999 551.884 550.4991 548.4764 546.1154 543.5325 540.8281 539.2522 538.0278 537.1127 536.4357 536.0304 535.8245 535.7317 535.6501 535.5309 535.3408 535.0866 534.8041 534.5409 534.3387 534.2141 534.1303 534.1282 534.139 534.3712 534.6459 534.889 535.0603 535.199 535.3256 535.3495 535.3336 535.296 535.2202 535.0428 534.636 534.1538 533.7736 533.5177 533.3639 533.2005 533.0099 532.8036 532.6006 532.424 532.2724 532.135
-9999 -9999 -9999 -9999 -9999 -9999 -9999 -9999 -9999 -9999 -9999 -9999 -9999 -9999 -9999 -9999 -9999 -9999 -9999 -9999 551.3142 550.0557 548.0801 545.6359 542.9207 540.3674 538.6864 537.4287 536.726 536.2312 535.9162 535.7543 535.6891 535.65 535.5511 535.3757 535.1363 534.8705 534.6263 534.443 534.3358 534.2968 534.3633 534.4857 534.7357 535.024 535.2642 535.3716 535.4651 535.6405 535.6536 535.6534 535.6531 535.6541 535.6059 535.1949 534.6647 534.1512 533.8306 533.7052 533.5167 533.291 533.0524 532.8169 532.6009 532.4224 532.2651
-9999 -9999 -9999 -9999 -9999 -9999 -9999 -9999 -9999 -9999 -9999 -9999 -9999 -9999 -9999 -9999 -9999 -9999 -9999 551.3394 550.6068 549.5746 547.565 544.965 542.1493 540.0587 538.3947 537.207 536.4899 536.0613 535.8249 535.7161 535.6796 535.65 535.5585 535.3934 535.171 534.9286 534.713 534.5649 534.5059 534.538 534.665 534.8574 535.1172 535.4003 535.6379 535.6495 535.6619 535.8834 536.0203 536.0712 536.0509 536.0074 535.9178 535.636 535.1755 534.6108 534.1735 534.1059 533.8577 533.5917 533.3266 533.0663 532.82 532.6016 532.4231
-9999 -9999 -9999 -9999 -9999 -9999 -9999 -9999 -9999 -9999 -9999 -9999 -9999 -9999 -9999 -9999 -9999 -9999 -9999 550.7211 549.8649 548.9202 546.8 544.1541 541.7012 539.8625 538.1503 537.0627 536.3228 535.9119 535.7249 535.6667 535.6638 535.65 535.5582 535.3976 535.1927 534.9808 534.8034 534.6996 534.6945 534.79 534.9684 535.192 535.4279 535.6492 535.8102 535.8795 536.0026 536.2766 536.5351 536.6249 536.4996 536.3207 536.141 535.9048 535.5957 535.0582 534.6248 534.3956 534.1313 533.8683 533.6021 533.3302 533.0593 532.8071 532.5905
-9999 -9999 -9999 -9999 -9999 -9999 -9999 -9999 -9999 -9999 -9999 -9999 -9999 -9999 -9999 -9999 -9999 -9999 -9999 551.106 549.8091 548.2138 545.9384 543.1726 540.9054 539.0995 537.5555 536.6689 536.0877 535.7611 535.6296 535.6178 535.6484 535.65 535.552 535.3918 535.2059 535.0306 534.8996 534.8409 534.8818 535.0229 535.2343 535.4641 535.6493 535.7933 535.916 536.0574 536.3264 536.774 537.285 537.4601 537.0918 536.6788 536.3469 536.0255 535.6681 535.322 534.967 534.6716 534.3883 534.1288 533.8728 533.5986 533.3002 532.9761 532.618
-9999 -9999 -9999 -9999 -9999 -9999 -9999 -9999 -9999 -9999 -9999 -9999 -9999 -9999 -9999 -9999 -9999 -9999 553.8671 551.9322 549.9946 547.9005 545.4048 542.4464 540.1855 538.4727 537.2108 536.3996 535.9053 535.6509 535.5635 535.5822 535.6365 535.65 535.5434 535.3844 535.2216 535.0883 535.0074 534.9878 535.0573 535.218 535.4337 535.6469 535.7609 535.8478 535.9529 536.1561 536.5778 537.3057 538.4147 538.8818 537.9376 537.2009 536.7168 536.2995 535.9413 535.6374 535.2906 534.946 534.6259 534.3557 534.1266 533.8759 533.5941 533.2923 532.9313
-9999 -9999 -9999 -9999 -9999 -9999 -9999 -9999 -9999 -9999 -9999 -9999 -9999 -9999 -9999 -9999 -9999 -9999 555.3616 552.7822 550.2795 547.7684 544.9562 541.8278 539.6143 537.9851 536.9808 536.203 535.7636 535.5685 535.5253 535.5651 535.6307 535.65 535.5369 535.3872 535.2596 535.1827 535.1379 535.1396 535.2159 535.3663 535.5395 535.6513 535.7623 535.8256 535.9162 536.1495 536.6732 537.6194 539.2148 539.5874 539.0355 538.0002 537.4362 536.8268 536.3714 535.9771 535.6295 535.2408 534.8656 534.554 534.3181 534.1251 533.8982 533.6973 533.3574
-9999 -9999 -9999 -9999 -9999 -9999 -9999 -9999 -9999 -9999 -9999 -9999 -9999 -9999 -9999 -9999 -9999 -9999 556.4797 553.5565 550.6245 547.7664 544.7356 541.6116 539.3186 537.5338 536.5773 535.9622 535.6298 535.5008 535.4958 535.5573 535.6306 535.65 535.5382 535.4155 535.3488 535.3076 535.2811 535.2874 535.3558 535.4902 535.649 535.7201 535.7627 535.7695 535.8204 536.0419 536.5861 537.5818 539.2126 539.7469 539.7123 539.3223 538.8306 537.7188 537.0745 536.4771 536.0156 535.623 535.185 534.7891 534.4897 534.2847 534.1352 534.1087 533.7981
-9999 -9999 -9999 -9999 -9999 -9999 -9999 -9999 -9999 -9999 -9999 -9999 -9999 -9999 -9999 -9999 -9999 -9999 556.9213 554.011 550.9448 547.8308 544.5512 541.3668 539.2799 537.4009 536.3859 535.8376 535.571 535.4773 535.4877 535.5562 535.6342 535.65 535.5574 535.495 535.4594 535.4331 535.4107 535.4099 535.4554 535.5481 535.6503 535.7263 535.7297 535.682 535.6832 535.8713 536.384 537.3105 538.6566 539.546 540.1428 540.2841 539.8571 538.9399 538.1302 537.3422 536.7295 536.266 535.7702 535.1986 534.7518 534.4841 534.3547 534.3093 534.1241
-9999 -9999 -9999 -9999 -9999 -9999 -9999 -9999 -9999 -9999 -9999 -9999 -9999 -9999 -9999 -9999 -9999 -9999 556.7433 554.1259 551.2497 548.0895 544.6418 541.3609 539.2598 537.3653 536.3361 535.8214 535.5889 535.5034 535.5056 535.568 535.65 535.6653 535.6205 535.5798 535.552 535.5286 535.5059 535.4983 535.5252 535.5854 535.6501 535.7033 535.6677 535.573 535.5344 535.7034 536.2147 537.1437 538.4093 539.6357 540.8569 541.6099 541.4541 540.7295 539.9445 539.0388 538.1559 537.5596 537.0339 535.9626 535.1856 534.7595 534.5674 534.4819 534.3527
-9999 -9999 -9999 -9999 -9999 -9999 -9999 -9999 -9999 -9999 -9999 -9999 -9999 -9999 -9999 -9999 -9999 -9999 556.3746 554.2274 551.7723 548.7448 545.1726 541.6656 539.2263 537.3455 536.3521 535.8631 535.6447 535.5549 535.5371 535.5786 535.65 535.6766 535.6623 535.6307 535.6002 535.5766 535.5583 535.5535 535.5745 535.6157 535.65 535.6637 535.5858 535.4595 535.4116 535.6039 536.1724 537.1898 538.6729 540.3463 542.192 543.5716 543.9416 543.6393 542.9018 541.8848 540.7345 539.5735 538.897 537.1243 535.7943 535.1386 534.8323 534.6841 534.5581
-9999 -9999 -9999 -9999 -9999 -9999 -9999 -9999 -9999 -9999 -9999 -9999 -9999 -9999 -9999 -9999 -9999 -9999 556.4305 554.7124 552.6372 549.7874 546.1398 542.4059 539.5519 537.4677 536.4301 535.9308 535.6982 535.5961 535.5616 535.5855 535.65 535.6748 535.6727 535.6411 535.6023 535.5787 535.5717 535.5813 535.6089 535.6422 535.65 535.6093 535.49 535.3607 535.3625 535.6652 536.4095 537.6715 539.6323 541.9856 544.4341 546.4724 547.5179 547.7076 547.2026 546.0607 544.2915 542.1425 540.0038 537.9687 536.4523 535.6135 535.1808 534.944 534.7795
-9999 -9999 -9999 -9999 -9999 -9999 -9999 -9999 -9999 -9999 -9999 -9999 -9999 -9999 -9999 -9999 -9999 -9999 -9999 555.8315 553.8287 550.9072 547.1159 543.1699 540.0385 537.6875 536.5365 535.9822 535.7165 535.5988 535.5566 535.5706 535.6194 535.65 535.6575 535.6204 535.5723 535.5499 535.558 535.5887 535.6306 535.6614 535.6498 535.536 535.3834 535.2911 535.4207 535.9567 537.0555 538.8002 541.2613 544.2739 547.3605 550.0175 551.675 552.3002 551.9998 550.7457 548.4347 545.3527 542.1334 539.2578 537.2959 536.1591 535.606 535.264 535.0323
-9999 -9999 -9999 -9999 -9999 -9999 -9999 -9999 -9999 -9999 -9999 -9999 -9999 -9999 -9999 -9999 -9999 -9999 -9999 556.92 554.8627 551.7195 547.777 543.7606 540.5239 537.9218 536.617 535.9835 535.6802 535.5526 535.5214 535.5482 535.6049 535.65 535.6413 535.5844 535.5264 535.5077 535.5305 535.5818 535.6361 535.65 535.5808 535.4279 535.2754 535.2659 535.5958 536.4622 537.9977 540.3155 543.356 546.9807 550.5688 553.5563 555.5208 556.4312 556.2728 555.0628 552.5614 548.9849 544.9467 541.364 538.6157 536.944 536.0557 535.6202 535.3154
-9999 -9999 -9999 -9999 -9999 -9999 -9999 -9999 -9999 -9999 -9999 -9999 -9999 -9999 -9999 -9999 -9999 -9999 -9999 557.5693 555.1909 551.7916 547.7562 543.8299 540.7766 538.0118 536.6005 535.9169 535.5983 535.4741 535.4661 535.5188 535.598 535.65 535.6208 535.5406 535.4752 535.4644 535.502 535.5696 535.6383 535.65 535.5254 535.3391 535.2063 535.3161 535.9136 537.244 539.4714 542.2109 545.7819 549.7959 553.546 556.3665 557.8811 558.9566 559.0425 558.2172 556.046 552.5474 548.3054 544.0934 540.6711 538.2087 536.7588 535.9973 535.6265
-9999 -9999 -9999 -9999 -9999 -9999 -9999 -9999 -9999 -9999 -9999 -9999 -9999 -9999 -9999 -9999 -9999 -9999 -9999 557.3549 554.6259 551.0295 547.0434 543.285 540.1922 537.7236 536.4351 535.7972 535.5044 535.4041 535.4157 535.498 535.5951 535.65 535.5974 535.4956 535.4291 535.4313 535.481 535.5565 535.634 535.6499 535.4988 535.3016 535.2128 535.4584 536.3266 538.122 541.1627 544.3065 548.2678 552.4271 555.9877 558.017 557.4409 -9999 559.6809 559.6105 558.3432 555.475 551.5984 547.3124 543.3235 540.1903 537.9398 536.631 535.9694
-9999 -9999 -9999 -9999 -9999 -9999 -9999 -9999 -9999 -9999 -9999 -9999 -9999 -9999 -9999 -9999 -9999 -9999 -9999 556.2692 553.2277 549.6166 545.8785 542.4828 539.656 537.4713 536.3032 535.7163 535.4559 535.3768 535.4096 535.4987 535.6045 535.65 535.577 535.4633 535.4039 535.4208 535.4794 535.5525 535.6279 535.65 535.5118 535.3428 535.3356 535.7418 536.8438 538.94 542.2971 546.2623 550.546 554.6331 557.8552 559.329 -9999 -9999 559.7321 560.0366 559.498 557.5364 554.5236 550.6206 546.5092 542.7842 539.8071 537.7465 536.5898
-9999 -9999 -9999 -9999 -9999 -9999 -9999 -9999 -9999 -9999 -9999 -9999 -9999 -9999 -9999 -9999 -9999 -9999 -9999 554.7078 551.5235 548.0639 544.6967 541.7433 539.3226 537.3661 536.3055 535.7631 535.5028 535.4255 535.451 535.5353 535.6263 535.65 535.553 535.4382 535.4005 535.4415 535.5096 535.5775 535.6505 535.6815 535.5841 535.4849 535.6158 536.263 537.6831 540.2251 543.878 548.2098 552.4754 556.1853 558.9075 559.5896 -9999 -9999 -9999 560.001 559.8398 558.9153 556.9618 553.7767 549.8516 545.8301 542.2578 539.5652 537.7429
-9999 -9999 -9999 -9999 -9999 -9999 -9999 -9999 -9999 -9999 -9999 -9999 -9999 -9999 -9999 -9999 -9999 -9999 -9999 552.5984 549.6465 546.5576 543.6046 541.0429 539.1171 537.3748 536.4382 535.9312 535.6532 535.5317 535.5311 535.5884 535.65 535.618 535.519 535.4255 535.4235 535.4949 535.5753 535.6504 535.7715 535.8066 535.7327 535.7184 536.0369 537.0165 538.8668 541.6989 545.5825 549.9927 553.8976 556.784 558.9531 559.6506 -9999 -9999 -9999 -9999 560.0696 559.9201 558.8092 556.5673 553.146 549.2281 545.3845 542.1122 539.7214
-9999 -9999 -9999 -9999 -9999 -9999 -9999 -9999 -9999 -9999 -9999 -9999 -9999 -9999 -9999 -9999 -9999 -9999 -9999 550.226 547.6 544.9683 542.52 540.4706 539.0234 537.5184 536.6859 536.1892 535.8658 535.6821 535.6195 535.6334 535.65 535.5875 535.4921 535.4283 535.4646 535.5668 535.6496 535.7294 535.8854 535.9534 535.9131 535.9929 536.5046 537.8033 540.189 543.2256 547.3361 551.5079 554.7947 556.4772 557.9972 -9999 -9999 -9999 -9999 -9999 -9999 560.7446 560.1743 558.6541 555.9327 552.5328 548.8576 545.3615 542.4726
-9999 -9999 -9999 -9999 -9999 -9999 -9999 -9999 -9999 -9999 -9999 -9999 -9999 -9999 -9999 -9999 -9999 -9999 -9999 547.8267 545.5452 543.4947 541.7196 540.1697 539.0679 537.9316 537.0668 536.476 536.0823 535.8228 535.6937 535.6578 535.6499 535.5654 535.4833 535.4595 535.5324 535.6503 535.6383 535.7137 535.9303 536.075 536.102 536.3086 537.0707 538.8521 541.8258 544.9961 549.0345 552.8898 555.8343 557.4189 557.9572 -9999 -9999 -9999 -9999 -9999 -9999 -9999 560.9072 559.8212 557.8503 555.2906 552.1669 548.8508 545.786
-9999 -9999 -9999 -9999 -9999 -9999 -9999 -9999 -9999 -9999 -9999 -9999 -9999 -9999 -9999 -9999 -9999 -9999 -9999 -9999 543.7441 542.23 541.0703 540.0812 539.3223 538.2788 537.3355 536.6708 536.2222 535.9209 535.7395 535.6501 535.597 535.5297 535.4911 535.5301 535.662 535.8567 535.7516 535.7299 535.9679 536.2098 536.3511 536.6886 537.6804 540.0598 543.3542 546.9288 550.7412 554.1505 556.6351 557.7626 557.5507 -9999 -9999 -9999 -9999 -9999 -9999 -9999 -9999 560.1774 558.8351 557.0911 554.7977 551.9434 548.8671
-9999 -9999 -9999 -9999 -9999 -9999 -9999 -9999 -9999 -9999 -9999 -9999 -9999 -9999 -9999 -9999 -9999 -9999 -9999 -9999 542.3373 541.3624 540.6932 540.1552 539.6049 538.2918 537.3088 536.6636 536.2392 535.9479 535.7589 535.6499 535.5638 535.5067 535.5161 535.6477 535.9409 536.179 535.9952 535.8412 536.0569 536.4235 536.761 537.2325 538.375 541.2537 544.8079 548.5948 552.0034 554.9615 556.7721 557.3797 -9999 -9999 -9999 -9999 -9999 -9999 -9999 -9999 -9999 -9999 -9999 557.7554 556.4935 554.334 551.6295
-9999 -9999 -9999 -9999 -9999 -9999 -9999 -9999 -9999 -9999 -9999 -9999 -9999 -9999 -9999 -9999 -9999 -9999 -9999 -9999 541.5032 540.8262 540.4107 540.0088 539.2977 537.7659 536.9835 536.4952 536.1553 535.9147 535.7501 535.6498 535.5573 535.5035 535.5298 535.6652 536.0951 536.3782 536.1617 535.8901 536.0997 536.6558 537.3184 538.0028 539.192 542.4211 546.0032 549.6526 552.4046 554.9244 555.9841 555.825 -9999 -9999 -9999 -9999 -9999 -9999 -9999 -9999 -9999 -9999 -9999 557.5869 556.7156 555.4847 553.5914
-9999 -9999 -9999 -9999 -9999 -9999 -9999 -9999 -9999 -9999 -9999 -9999 -9999 -9999 -9999 -9999 -9999 -9999 -9999 -9999 541.1346 540.5358 540.2316 539.908 539.1748 537.5816 536.8212 536.3821 536.0781 535.863 535.7258 535.65 535.5875 535.5594 535.6514 535.8718 536.2271 536.4473 536.2073 535.8348 536.0228 536.7698 537.7881 538.8143 539.9612 543.1851 547.0208 550.5364 552.9928 554.4762 554.8658 -9999 -9999 -9999 -9999 -9999 -9999 -9999 -9999 -9999 -9999 -9999 -9999 -9999 555.5471 555.1833 554.3208
-9999 -9999 -9999 -9999 -9999 -9999 -9999 -9999 -9999 -9999 -9999 -9999 -9999 -9999 -9999 -9999 -9999 -9999 -9999 -9999 540.9465 540.3192 540.118 539.9133 539.262 537.7263 536.9111 536.4092 536.0649 535.8311 535.6987 535.6528 535.6499 535.6517 535.8204 536.061 536.3015 536.4177 536.1581 535.7266 535.8303 536.5715 537.4541 538.6561 540.8304 544.2515 547.984 551.1667 553.1284 554.0074 553.8403 -9999 -9999 -9999 -9999 -9999 -9999 -9999 -9999 -9999 -9999 -9999 -9999 -9999 -9999 553.97 553.8295
-9999 -9999 -9999 -9999 -9999 -9999 -9999 -9999 -9999 -9999 -9999 -9999 -9999 -9999 -9999 -9999 -9999 -9999 -9999 -9999 540.6161 540.0272 540.0242 540.0037 539.549 538.2145 537.1774 536.511 536.0773 535.8034 535.6662 535.6492 535.7094 535.7997 535.9677 536.168 536.3014 536.3125 536.0581 535.684 535.7133 536.4095 537.5787 539.5475 542.3041 545.7333 549.1108 551.8423 553.4922 553.9966 -9999 -9999 -9999 -9999 -9999 -9999 -9999 -9999 -9999 -9999 -9999 -9999 -9999 -9999 -9999 -9999 552.2135
-9999 -9999 -9999 -9999 -9999 -9999 -9999 -9999 -9999 -9999 -9999 -9999 -9999 -9999 -9999 -9999 -9999 -9999 -9999 540.8723 540.0927 539.8851 540 540.0418 539.6227 538.3782 537.248 536.5083 536.0263 535.7299 535.597 535.6091 535.7317 535.8854 536.0399 536.1771 536.2488 536.1797 535.9989 535.752 535.9514 536.8667 538.537 541.1442 544.3147 547.6144 550.6098 552.927 554.2798 554.6237 -9999 -9999 -9999 -9999 -9999 -9999 -9999 -9999 -9999 -9999 -9999 -9999 -9999 -9999 -9999 -9999 550.0814
