backend/lakes/data/Lac la Biche/bich_dem_tm.asc
ncols         661
nrows         424
xllcorner     672100
yllcorner     6069750
cellsize      50
NODATA_value  -9999
[rows 180 to 209 of 424, columns 469 to 535 of 661]
535.8542 536.8308 538.288 539.8846 540.8734 540.1149 538.8296 537.7064 536.8558 536.2438 535.6735 535.1696 534.6156 534.0078 533.2162 532.51 531.7286 531.094 530.673 530.3782 530.1818 530.0793 530.075 530.17 530.3607 530.6589 531.1427 531.8878 532.8455 533.9012 534.5057 534.9824 535.567 536.3827 537.7789 540.3007 544.1437 548.9146 554.9495 561.5085 567.6642 572.7094 576.3018 -9999 -9999 -9999 -9999 -9999 -9999 -9999 -9999 -9999 -9999 -9999 -9999 -9999 -9999 -9999 -9999 -9999 -9999 -9999 -9999 -9999 -9999 -9999 -9999
536.7997 538.1938 540.3962 542.7382 544.0037 542.8592 541.0182 539.4788 538.2554 537.1535 536.2654 535.5741 534.8832 534.1464 533.4041 532.5941 531.7803 531.0881 530.6872 530.3915 530.1658 530.0175 529.9556 529.9833 530.0994 530.3202 530.6993 531.3102 532.3765 533.3339 534.0754 534.6072 535.0939 535.7254 537.0125 539.5175 543.666 548.1093 553.9667 560.6675 567.1673 572.5369 576.2505 -9999 -9999 -9999 -9999 -9999 -9999 -9999 -9999 -9999 -9999 -9999 -9999 -9999 -9999 -9999 -9999 -9999 -9999 -9999 -9999 -9999 -9999 -9999 -9999
537.8503 539.7463 542.376 545.2762 546.837 546.2238 544.2049 542.3182 540.2874 538.3834 536.9282 535.8311 535.0796 534.2272 533.5487 532.6345 531.8495 531.1394 530.7906 530.4639 530.1845 529.9844 529.8761 529.8613 529.9399 530.1246 530.4645 531.0254 531.7783 532.6073 533.394 534.0687 534.5671 535.0698 536.0289 538.1226 541.7117 546.24 552.0474 558.9238 565.7927 571.5912 575.7113 -9999 -9999 -9999 -9999 -9999 -9999 -9999 -9999 -9999 -9999 -9999 -9999 -9999 -9999 -9999 -9999 -9999 -9999 -9999 -9999 -9999 -9999 -9999 -9999
539.1993 541.1577 543.7435 546.6563 548.7958 548.6646 547.0903 545.1092 542.6906 540.0405 537.7707 536.3237 535.4504 534.4788 533.8704 532.8243 532.1377 531.48 531.0493 530.5887 530.2245 529.9725 529.8324 529.7946 529.8495 529.995 530.2455 530.6283 531.132 531.8262 532.6009 533.3623 534.0259 534.5118 535.2112 536.7002 539.5871 543.8939 549.5568 556.5331 563.7259 569.9866 574.6039 577.5953 -9999 -9999 -9999 -9999 -9999 -9999 -9999 -9999 -9999 -9999 -9999 -9999 -9999 -9999 -9999 -9999 -9999 -9999 -9999 -9999 -9999 -9999 -9999
540.8364 542.5497 544.3005 546.4001 548.269 548.9572 547.6361 546.1733 543.8522 541.0251 538.2539 536.4481 535.4214 534.3644 533.8955 533.1621 532.5085 531.7021 531.0969 530.6052 530.2191 529.9526 529.8068 529.7677 529.8121 529.9203 530.0865 530.3213 530.6486 531.1268 531.8059 532.575 533.3223 533.9961 534.6069 535.7065 537.9016 541.6346 546.9194 553.7752 561.1251 567.8326 573.0508 576.5938 -9999 -9999 -9999 -9999 -9999 -9999 -9999 -9999 -9999 -9999 -9999 -9999 -9999 -9999 -9999 -9999 -9999 -9999 -9999 -9999 -9999 -9999 -9999
542.7004 543.5715 543.9432 544.937 546.092 546.6761 546.0828 544.7468 542.801 540.2791 537.8188 536.0616 535.1925 534.52 534.0823 533.3301 532.5641 531.644 531.0471 530.5392 530.163 529.9142 529.7877 529.7672 529.8182 529.9047 530.008 530.1357 530.325 530.6344 531.1134 531.7859 532.5607 533.3433 534.1238 534.9954 536.5896 539.641 544.424 550.8254 558.0486 565.048 570.8349 574.9172 577.3174 -9999 -9999 -9999 -9999 -9999 -9999 -9999 -9999 -9999 -9999 -9999 -9999 -9999 -9999 -9999 -9999 -9999 -9999 -9999 -9999 -9999 -9999
543.8374 542.3501 542.2241 542.6292 543.2306 543.5497 543.299 542.2527 540.8397 539.1246 537.3007 535.8229 535.0967 534.5977 534.1014 533.2203 532.3697 531.2906 530.7626 530.3638 530.0603 529.8616 529.7741 529.785 529.8551 529.9374 530.0045 530.0623 530.1482 530.3196 530.6273 531.1119 531.8293 532.7537 533.8 534.5487 535.7272 538.0385 541.9585 547.7012 554.4862 561.5514 567.8568 572.5444 575.4233 576.7516 -9999 -9999 -9999 -9999 -9999 -9999 -9999 -9999 -9999 -9999 -9999 -9999 -9999 -9999 -9999 -9999 -9999 -9999 -9999 -9999 -9999
542.2139 541.4126 540.9473 540.8611 541.052 541.0625 540.8677 540.5866 539.5214 538.2238 536.9528 535.7509 535.0972 534.6174 534.0247 532.8782 531.9644 531.1124 530.5963 530.2352 529.9795 529.8257 529.7778 529.8198 529.909 529.9969 530.0522 530.0764 530.1024 530.1781 530.3485 530.6638 531.2115 532.2048 533.202 534.1 535.0255 536.6501 539.7074 544.4845 550.5665 557.5315 564.1331 569.3537 572.7426 574.4504 -9999 -9999 -9999 -9999 -9999 -9999 -9999 -9999 -9999 -9999 -9999 -9999 -9999 -9999 -9999 -9999 -9999 -9999 -9999 -9999 -9999
540.5287 540.2222 539.6775 539.2097 539.0824 539.0042 539.0363 539.0788 538.3363 537.3789 536.5325 535.6856 535.0444 534.5083 533.8705 532.6886 531.6677 531.0272 530.529 530.186 529.9584 529.8369 529.8176 529.8778 529.9722 530.0625 530.1238 530.1519 530.168 530.2056 530.2886 530.4545 530.7858 531.4126 532.5153 533.6505 534.475 535.6481 537.8579 541.5708 546.9185 553.4279 560.0604 565.644 569.5737 571.8335 572.7982 -9999 -9999 -9999 -9999 -9999 -9999 -9999 -9999 -9999 -9999 -9999 -9999 -9999 -9999 -9999 -9999 -9999 -9999 -9999 -9999
539.3493 538.9507 538.417 537.6362 537.3052 537.1796 537.3091 537.42 537.1965 536.7262 536.1593 535.5265 534.7617 534.0807 533.3188 532.3536 531.2582 530.7823 530.47 530.21 530.0207 529.9256 529.9221 529.9786 530.0499 530.1257 530.2008 530.2679 530.3275 530.3938 530.4517 530.5107 530.6671 531.0643 531.8144 532.8482 533.8519 534.7556 536.2853 539.1292 543.5371 549.4682 555.9236 561.7364 566.2301 569.2442 570.9445 -9999 -9999 -9999 -9999 -9999 -9999 -9999 -9999 -9999 -9999 -9999 -9999 -9999 -9999 -9999 -9999 -9999 -9999 -9999 -9999
538.5774 537.9066 537.2456 536.5797 536.1487 535.89 536.1577 536.3467 536.3411 536.1179 535.6113 534.9012 534.0992 533.3514 532.6469 531.9128 531.123 530.7817 530.61 530.3826 530.2146 530.1362 530.1363 530.1639 530.1688 530.2029 530.293 530.4245 530.5676 530.7269 530.8149 530.7925 530.7546 530.8618 531.2664 532.3104 533.1626 533.9642 535.0601 537.1199 540.6885 545.833 551.8404 557.6705 562.679 566.4954 569.079 570.621 -9999 -9999 -9999 -9999 -9999 -9999 -9999 -9999 -9999 -9999 -9999 -9999 -9999 -9999 -9999 -9999 -9999 -9999 -9999
538.0323 537.2535 536.5734 535.9792 535.6303 535.4435 535.6078 535.6549 535.6506 535.5098 534.9012 534.1218 533.3008 532.6542 532.226 531.8168 531.3734 531.1078 531.0335 530.7417 530.5784 530.5115 530.5098 530.4943 530.377 530.3417 530.4576 530.6788 530.896 531.1766 531.3481 531.2532 531.0454 530.9296 531.0952 531.776 532.5235 533.2054 534.0966 535.6479 538.3912 542.5336 547.9388 553.4455 558.768 563.2722 566.7289 569.1264 570.5916 -9999 -9999 -9999 -9999 -9999 -9999 -9999 -9999 -9999 -9999 -9999 -9999 -9999 -9999 -9999 -9999 -9999 -9999
537.8591 537.1208 536.3231 535.671 535.3275 535.1523 535.1373 535.0707 534.9447 534.701 534.1475 533.4324 532.6846 532.3063 532.1446 532.0693 531.9043 531.755 531.6141 531.2943 531.1826 531.09 531.0646 531.014 530.7306 530.6323 530.8297 531.2071 531.4028 531.6295 531.9604 531.7832 531.4175 531.1212 531.0796 531.3929 531.9677 532.6441 533.3869 534.5062 536.4873 539.6546 544.12 549.2153 554.4946 559.4279 563.6312 566.9037 569.1999 570.6249 -9999 -9999 -9999 -9999 -9999 -9999 -9999 -9999 -9999 -9999 -9999 -9999 -9999 -9999 -9999 -9999 -9999
537.8308 537.1185 536.2953 535.6403 535.2582 535.0317 534.8776 534.6676 534.4008 534.1293 533.6886 533.1376 532.6013 532.3322 532.3377 532.5613 532.5963 532.5811 532.5429 532.431 532.2909 531.9133 531.7175 531.5728 531.3095 531.2351 531.653 532.3905 532.6229 531.4872 532.4278 532.1768 531.6979 531.2722 531.0394 531.0922 531.5713 532.379 532.9963 533.8685 535.1792 537.3601 540.7213 545.0342 549.9175 554.9944 559.7411 563.8116 566.9945 569.2463 570.6934 -9999 -9999 -9999 -9999 -9999 -9999 -9999 -9999 -9999 -9999 -9999 -9999 -9999 -9999 -9999 -9999
537.8732 537.1261 536.3336 535.6785 535.3488 535.103 534.8813 534.5528 534.1479 533.9142 533.5817 533.2009 532.8247 532.6133 532.647 532.9929 533.2532 533.3201 533.3043 533.2211 533.0612 532.7707 532.6788 532.6733 532.6902 532.4616 533.329 534.3201 534.2574 532.5819 532.4952 532.2195 531.785 531.3507 531.037 530.9369 531.1441 531.8221 532.5155 533.2309 534.2666 535.8018 538.1465 541.3503 545.467 550.2626 555.2355 559.9082 563.9168 567.0649 569.3732 570.9222 -9999 -9999 -9999 -9999 -9999 -9999 -9999 -9999 -9999 -9999 -9999 -9999 -9999 -9999 -9999
538.1226 537.2582 536.5488 535.9536 535.6328 535.3608 535.1697 534.8165 534.415 534.1217 533.7988 533.5664 533.3201 533.2661 533.3452 533.6357 534.0161 534.1146 534.1799 534.2148 534.2255 534.2153 534.2698 534.2757 534.2186 534.2868 534.9316 534.7515 533.9279 532.8433 532.469 532.1638 531.7883 531.3992 531.0873 530.949 531.0727 531.427 532.0233 532.7447 533.7729 534.8256 536.357 538.6134 541.6439 545.7062 550.4872 555.4392 560.0667 564.0323 567.2245 569.6562 -9999 -9999 -9999 -9999 -9999 -9999 -9999 -9999 -9999 -9999 -9999 -9999 -9999 -9999 -9999
538.806 537.8439 537.0273 536.3109 535.9001 535.6607 535.6104 535.2463 534.8338 534.4962 534.1644 534.081 533.8765 534.0418 534.1317 534.3257 534.6818 534.9781 535.4229 535.7894 536.1113 536.4123 536.6736 536.6119 536.4001 536.141 535.4139 534.2073 532.6758 532.4368 532.3125 532.084 531.7738 531.4342 531.1365 530.9552 530.9443 531.113 531.6824 532.4576 533.2581 534.2036 535.3607 536.8322 538.9326 542.0756 546.1085 550.8375 555.7153 560.2449 564.1694 567.3816 569.7852 -9999 -9999 -9999 -9999 -9999 -9999 -9999 -9999 -9999 -9999 -9999 -9999 -9999 -9999
539.9183 538.8007 537.6555 536.8218 536.3276 536.0356 535.901 535.6342 535.2748 535.0166 534.6832 534.4637 534.2679 534.676 534.9725 535.3797 535.6367 536.0755 537.0149 538.0072 538.8137 539.4441 539.9271 539.4007 538.3625 537.3344 535.2478 533.2964 532.8728 532.5288 532.3276 532.0483 531.7657 531.4644 531.1825 530.9865 530.9353 531.0731 531.4026 532.0063 532.7814 533.8253 534.7074 535.7855 537.248 539.4346 542.6859 546.6638 551.2831 555.9718 560.325 564.1188 567.1509 569.3931 -9999 -9999 -9999 -9999 -9999 -9999 -9999 -9999 -9999 -9999 -9999 -9999 -9999
541.5975 540.4852 539.1454 537.8791 537.13 536.608 536.3313 536.0018 535.678 535.5868 535.2493 535.076 535.0746 535.4966 535.699 536.1107 536.6899 537.6573 539.1575 540.7891 542.0223 542.6941 543.3005 541.7078 539.2844 536.799 534.1422 532.1207 531.8577 531.9351 532.0972 531.8842 531.703 531.4651 531.2063 530.998 530.8922 530.9146 531.0908 531.5905 532.4323 533.3116 534.2388 535.2974 536.3257 537.8519 540.2817 543.4689 547.2961 551.6061 555.9587 559.9778 563.4184 566.1718 568.2141 569.4169 569.8629 570.3012 570.5485 570.4534 570.0753 -9999 -9999 -9999 -9999 -9999 -9999
543.9051 542.9161 541.3847 539.7348 538.4525 537.5082 537.0494 536.5359 536.1335 535.9185 535.6628 535.6232 535.6678 536.0167 536.3582 536.8435 537.8162 539.5469 541.8595 543.9741 544.3094 544.1086 545.4649 542.56 539.0043 535.8492 533.1836 531.4056 531.067 531.2155 531.4621 531.5326 531.556 531.4156 531.1996 530.9973 530.8596 530.8047 530.8669 531.1567 531.9058 532.7884 533.864 534.7856 535.7633 536.9695 538.6467 541.0612 544.1086 547.6053 551.4626 555.2514 558.6954 561.649 563.9556 565.4584 566.2206 566.6853 567.0005 567.222 567.3619 567.6138 568.2216 569.0885 570.186 571.2887 -9999
546.3709 545.7302 544.061 542.0118 540.2397 538.8955 538.0021 537.2485 536.682 536.3706 536.097 536.0416 536.188 536.5795 537.0612 537.5539 538.8682 540.9344 543.7352 546.2963 545.3901 544.0378 543.2147 540.7792 537.6279 534.7617 532.523 531.1286 530.7162 530.7771 530.9889 531.1657 531.2922 531.2968 531.1545 530.992 530.8596 530.7815 530.8093 531.0612 531.5697 532.4321 533.3406 534.335 535.4897 536.3641 537.4683 539.2586 541.6537 544.3999 547.3513 550.4655 553.4609 556.1737 558.3791 559.8572 560.6782 561.2361 561.7503 562.3409 563.0775 564.0959 565.5095 567.0941 568.8013 570.3286 571.6722
548.6109 548.2946 546.906 544.7218 542.3193 540.5221 539.2822 538.3109 537.4561 537.0571 536.6387 536.5333 536.7379 537.239 537.7872 538.3565 539.4264 541.05 543.3495 544.7648 543.9119 542.3605 540.6818 538.4288 535.9807 533.7198 531.8818 530.9009 530.5709 530.5909 530.7477 530.9235 531.0707 531.1293 531.0708 530.9688 530.8588 530.7651 530.7279 530.8456 531.158 531.9178 532.834 534.0271 535.2148 535.9441 536.7141 537.9542 539.8555 541.9828 544.1647 546.2691 548.4424 550.5386 552.3342 553.6082 554.3876 554.977 555.6277 556.4781 557.6215 559.1847 561.2629 563.6103 566.0805 568.3788 570.2964
550.3001 549.9122 548.8984 546.8742 544.4593 542.2162 540.7391 539.6536 538.6216 537.9504 537.381 537.2554 537.4976 538.1814 538.6589 539.0295 539.6074 540.6694 541.9554 542.139 541.4795 539.9874 538.2031 536.3629 534.5386 532.793 531.305 530.598 530.42 530.4729 530.6138 530.7762 530.9192 530.9996 530.9806 530.8951 530.7855 530.6877 530.6476 530.7397 531.0529 531.6193 532.568 533.5641 534.4961 535.4524 536.1517 537.154 538.589 540.2297 541.8476 543.1196 544.3091 545.6102 546.8275 547.7598 548.4366 549.0032 549.6614 550.5811 551.826 553.5627 555.9691 558.8351 561.9977 565.135 567.9203
551.2316 550.4811 549.4259 547.645 545.6314 543.8478 542.0817 540.723 539.8846 539.252 538.67 538.4702 538.7139 539.2858 539.4742 539.4933 539.5144 539.9568 540.951 540.41 539.4009 537.8895 536.326 534.9769 533.6838 532.356 531.1429 530.5082 530.2783 530.3004 530.4442 530.6177 530.775 530.877 530.8912 530.8218 530.7111 530.6082 530.5585 530.6003 530.8099 531.2592 532.298 533.1729 534.0466 534.8392 535.5484 536.3776 537.4772 538.8201 540.1445 540.7827 541.3584 542.0488 542.7004 543.1658 543.7126 544.2278 544.8243 545.6571 546.7993 548.4406 550.7172 553.6256 557.1741 560.9163 564.464
550.9438 549.8182 548.4674 546.993 545.5126 544.2212 543.1802 542.3223 541.6559 540.9258 540.0611 539.5529 539.4847 539.5823 539.5773 539.5009 539.4728 539.4426 539.5402 538.8812 537.7285 536.3879 535.0997 533.9911 532.876 531.9246 531.0909 530.5547 530.2982 530.2395 530.307 530.4491 530.6036 530.7223 530.7744 530.7402 530.6473 530.5443 530.4828 530.49 530.6494 531.0557 531.7818 532.6674 533.4827 534.1721 534.8289 535.5852 536.4737 537.4359 538.3555 538.7897 539.1222 539.5866 540.0369 540.4153 540.8715 541.348 541.8827 542.5924 543.5836 544.9628 546.7874 549.1478 552.5594 556.3783 560.2454
549.8856 -9999 547.0272 545.6844 544.5575 544.213 543.9227 543.5781 543.1733 542.7267 541.3297 540.1949 539.6077 539.3175 539.1401 538.9849 538.7999 538.5311 538.2616 537.5162 536.4381 535.2434 534.157 533.2474 532.4154 531.6063 531.0483 530.593 530.3394 530.2457 530.2611 530.3456 530.4631 530.5685 530.6311 530.6373 530.5788 530.4891 530.4181 530.3979 530.4929 530.7734 531.2969 532.3416 533.0523 533.6827 534.247 534.9208 535.6498 536.3954 537.0396 537.2937 537.5219 538.0084 538.4459 538.8077 539.2386 539.6995 540.1904 540.8102 541.6718 542.8336 544.2853 546.2902 549.0998 552.3795 555.8246
548.7108 -9999 545.6336 544.478 544.1199 544.1996 544.1389 543.7652 542.9127 541.5756 540.5536 539.6451 538.9915 538.5271 538.2797 538.1382 537.8723 537.4104 537.0191 536.3008 535.2858 534.2302 533.3252 532.5364 531.7513 531.1144 530.7391 530.4647 530.2989 530.2244 530.2154 530.2545 530.3255 530.4052 530.468 530.4976 530.4813 530.424 530.3605 530.3378 530.4114 530.6486 531.1187 531.9402 532.6738 533.392 534.0537 534.5604 535.1061 535.6636 536.1525 536.4531 536.7522 537.1827 537.5894 537.8702 538.2699 538.7097 539.1833 539.7535 540.5363 541.5496 542.6356 544.2189 546.4022 548.9798 551.7321
548.1896 546.2523 544.5906 543.8854 543.8483 543.9926 543.5767 542.4592 541.1335 540.0262 539.1378 538.4763 537.9515 537.4029 537.1485 537.0687 536.9275 536.4352 535.8321 535.1228 534.2248 533.349 532.5697 531.8793 531.185 530.7566 530.4603 530.2622 530.1582 530.1233 530.124 530.1438 530.1807 530.2336 530.2928 530.3423 530.3589 530.3361 530.2953 530.2835 530.3636 530.5933 531.0448 531.6605 532.4453 533.0795 533.6912 534.1981 534.7705 535.2466 535.6448 535.972 536.3188 536.7303 537.119 537.2395 537.6085 537.962 538.4253 538.9498 539.6247 540.3739 541.2695 542.5466 544.2341 546.1686 548.1779
548.1042 546.016 544.2561 543.5376 543.4484 543.4373 542.2559 540.7386 539.4988 538.4504 537.5916 537.1407 536.8709 536.3654 535.9094 535.7678 535.6378 535.4138 534.8678 534.1595 533.3503 532.5562 531.8773 531.4529 531.0464 530.616 530.2996 530.0991 530.0056 529.9872 529.9991 530.013 530.0298 530.0618 530.1158 530.1785 530.2224 530.228 530.2113 530.2159 530.278 530.4358 530.7247 531.14 531.8207 532.5493 533.2776 534.0133 534.5344 534.9553 535.2928 535.6415 535.9895 536.3435 536.6315 536.8356 537.1393 537.2843 537.7267 538.1497 538.7348 539.2635 540.001 541.0823 542.4479 543.9247 545.3555
548.2011 546.0748 544.1802 543.1069 542.5818 542.1401 540.6465 539.2889 538.1593 537.1888 536.4073 535.8683 535.66 535.3855 534.9879 534.7322 534.3823 534.2033 533.8945 533.3004 532.5471 531.7732 531.1835 531.0415 530.7548 530.4343 530.1648 529.9789 529.8889 529.8752 529.8917 529.9009 529.9017 529.9144 529.958 530.0246 530.0827 530.1062 530.1069 530.129 530.1703 530.2577 530.4211 530.6907 531.1455 531.8207 532.5953 533.4023 534.0896 534.5638 534.8569 535.2408 535.6461 535.9852 536.1774 536.4174 536.6823 536.8618 537.1311 537.2379 537.4928 538.0529 538.7208 539.7229 540.9308 542.1434 543.2104
