backend/lakes/data/Lac la Biche/bich_dem_tm.asc
ncols         661
nrows         424
xllcorner     672100
yllcorner     6069750
cellsize      50
NODATA_value  -9999
[rows 240 to 269 of 424, columns 201 to 267 of 661]
523.8146 523.4263 522.9899 522.6328 522.3795 522.229 521.9708 521.9376 521.9404 521.9435 521.9176 521.6888 521.5751 521.5199 521.489 521.4777 521.4767 521.4792 521.483 521.4886 521.4968 521.5081 521.5218 521.5361 521.5483 521.5569 521.5616 521.5632 521.5627 521.5608 521.5599 521.5684 521.5956 521.6437 521.7384 521.9277 521.9411 521.9399 521.9382 521.9583 522.1912 522.3563 522.5721 522.7395 522.9371 523.1903 523.4575 523.6805 523.7904 523.9573 524.0835 524.1411 524.1254 524.1189 524.203 524.3659 524.4779 524.6266 524.915 525.009 525.2145 525.7177 526.2516 526.5773 526.9356 527.1376 527.3416
524.2986 523.9 523.4623 523.0664 522.8776 522.7508 522.5167 522.4329 522.4159 522.3724 522.2233 521.9659 521.9376 521.9388 521.9398 521.9404 521.9408 521.9409 521.941 521.9415 521.9423 521.9425 521.9401 521.9387 521.9385 521.9385 521.9387 521.9387 521.9387 521.9387 521.9385 521.9384 521.9385 521.938 521.9493 522.1284 522.2228 522.2763 522.3146 522.3934 522.6005 522.8003 523.015 523.1223 523.2365 523.4569 523.6735 523.8629 524.0117 524.1835 524.3659 524.5054 524.509 524.5034 524.6162 524.9403 525.1092 525.2269 525.5764 525.8362 526.2584 526.5705 526.9882 527.3185 527.5312 527.7012 527.9754
524.9246 524.4553 524.0365 523.5671 523.4637 523.3887 523.0762 522.9603 522.938 522.8792 522.6641 522.4581 522.4095 522.4189 522.4354 522.4456 522.4497 522.4505 522.4509 522.4518 522.4491 522.4277 522.3674 522.314 522.2808 522.2635 522.2567 522.2552 522.2555 522.2559 522.256 522.2546 522.2512 522.2505 522.2795 522.4058 522.532 522.6418 522.7175 522.8318 523.041 523.2091 523.4415 523.4583 523.4679 523.6583 523.8558 524.0399 524.2172 524.4077 524.6732 524.9529 524.9921 524.9905 525.1125 525.6957 526.2233 526.3762 526.4893 526.5967 526.9587 527.3149 527.6227 527.97 528.0425 528.1085 528.4079
525.709 525.1206 524.8358 524.3652 524.1478 523.8785 523.5257 523.4557 523.4547 523.4186 523.1271 522.9647 522.927 522.938 522.9547 522.9647 522.9683 522.9689 522.9695 522.972 522.9708 522.9335 522.7877 522.6771 522.6163 522.5869 522.5754 522.5731 522.5743 522.5763 522.5793 522.5837 522.5884 522.598 522.6324 522.7277 522.8674 523.0327 523.1034 523.2048 523.4378 523.4738 523.6421 523.712 523.7791 523.9421 524.1048 524.2814 524.4896 524.6679 525.005 525.4006 525.6451 525.728 525.9088 526.4501 526.9146 527.14 527.2941 527.3785 527.6018 527.9584 528.0994 528.4467 528.6336 528.8083 528.9873
526.4679 525.9132 525.5624 525.0845 524.8771 524.4879 524.193 523.9879 523.8782 523.757 523.5078 523.4623 523.4525 523.4519 523.4534 523.4545 523.4553 523.456 523.457 523.4592 523.4611 523.4295 523.1731 523.0423 522.9879 522.965 522.9564 522.955 522.9566 522.9596 522.9651 522.9741 522.9838 522.9948 523.0146 523.0706 523.197 523.4368 523.4579 523.4844 523.7267 523.8322 523.9351 524.0206 524.1453 524.3445 524.4729 524.6473 524.936 525.0823 525.572 526.0009 526.4099 526.5072 526.6019 527.0337 527.4632 527.702 527.9761 528.0311 528.1193 528.4469 528.6859 529.0052 529.2094 529.4935 529.5579
527.1563 526.6383 526.3752 525.8449 525.4283 525.0403 524.8827 524.5609 524.4015 524.3064 524.177 524.1094 523.9771 523.8923 523.86 523.8563 523.8644 523.8755 523.8849 523.8911 523.8694 523.7604 523.499 523.4661 523.4672 523.4673 523.4669 523.467 523.4679 523.4695 523.4716 523.4698 523.4576 523.4531 523.455 523.4652 523.4985 523.72 523.8352 523.9694 524.2233 524.3269 524.3774 524.4532 524.6111 524.9149 525.0111 525.1849 525.5593 525.854 526.3654 526.6129 527.0057 527.2532 527.3652 527.611 527.9808 528.0976 528.4473 528.6533 528.8466 529.0355 529.2191 529.5192 529.5898 529.8737 530.0851
527.9156 527.44 527.0956 526.5299 526.0299 525.7099 525.5198 525.2087 525.1296 525.0998 524.9924 524.88 524.5593 524.3975 524.3485 524.3467 524.3598 524.3708 524.3678 524.3762 524.3646 524.282 524.1113 524.1406 524.1678 524.1744 524.1749 524.176 524.1796 524.1844 524.1815 524.1354 523.9968 523.9302 523.9703 524.0905 524.1505 524.2673 524.3676 524.5502 524.8972 524.9791 525.0089 525.1003 525.2178 525.5724 525.8381 526.2477 526.4732 526.6508 527.116 527.3591 527.6294 527.9599 528.0179 528.088 528.4266 528.6689 529.0027 529.2242 529.5055 529.5532 529.5816 529.8143 529.9951 530.2764 530.6201
528.548 528.129 527.8913 527.2893 526.7421 526.5195 526.4567 526.3815 526.3489 526.2549 525.8828 525.5955 525.2188 525.113 525.1044 525.1163 525.121 525.0978 525.0111 524.9868 524.9786 524.9233 524.7403 524.9018 524.9608 524.9705 524.9681 524.9689 524.9723 524.9769 524.9705 524.8912 524.5778 524.4563 524.5571 524.8689 524.9802 525.0819 525.1196 525.2159 525.5533 525.7209 525.889 526.2422 526.3792 526.4857 526.5974 526.9618 527.2792 527.5102 527.9243 528.0189 528.0735 528.3536 528.5271 528.6821 528.9788 529.2024 529.5187 529.588 529.8105 529.9114 530.0044 530.1963 530.4369 530.7104 531.1306
529.1401 528.8768 528.649 528.1392 527.8062 527.446 527.3109 527.2173 527.0671 526.8762 526.5784 526.4788 526.3842 526.3549 526.3676 526.3904 526.3642 526.2508 525.9023 525.7666 525.687 525.521 525.2621 525.5284 525.7019 525.7505 525.7375 525.7341 525.74 525.7399 525.7039 525.5529 525.2027 525.1073 525.1944 525.573 525.8868 526.2581 526.3583 526.3906 526.4714 526.5062 526.5956 526.956 527.2233 527.3086 527.3774 527.6072 527.9568 528.0711 528.3683 528.515 528.5906 528.7844 529.0153 529.2021 529.5118 529.5906 529.8497 530.0056 530.1573 530.2808 530.465 530.6851 531.03 531.3099 531.8538
529.6196 529.5486 529.4484 528.9869 528.6556 528.2947 528.1655 527.985 527.6655 527.4645 527.3083 527.2723 527.2439 527.178 527.1985 527.2607 527.1274 526.9103 526.627 526.6451 526.6317 526.496 526.392 526.5027 526.6448 526.6542 526.5544 526.5138 526.5092 526.5122 526.509 526.4708 526.3671 526.3299 526.3575 526.5042 526.739 527.1066 527.2444 527.2698 527.2785 527.2806 527.35 527.6025 527.9559 528.0231 528.037 528.0988 528.3788 528.5574 528.7925 528.9928 529.0703 529.2197 529.521 529.6216 529.8883 530.0426 530.2633 530.4769 530.5796 530.7094 531.0384 531.3084 531.8063 532.3361 532.7068
530.1974 530.0699 529.9166 529.6171 529.5311 529.4412 529.2975 528.8097 528.3182 528.1678 528.0584 528.0267 527.9704 527.7574 527.7685 527.944 527.7138 527.5391 527.5079 527.7985 527.8036 527.4795 527.354 527.4823 527.8117 527.8099 527.4761 527.3208 527.2786 527.2733 527.2745 527.2642 527.2382 527.2432 527.2821 527.4495 527.8189 528.0073 528.0461 528.0419 528.0342 528.0234 528.0242 528.0969 528.4041 528.5938 528.7446 528.8092 528.9268 529.0369 529.2191 529.514 529.575 529.6794 530.11 530.2939 530.4355 530.5396 530.7196 531.0252 531.088 531.2028 531.7585 532.3218 532.6844 533.1899 533.5786
530.6837 530.5148 530.3659 530.2168 530.1804 530.1388 529.9846 529.6212 529.4282 529.301 528.9556 528.778 528.5941 528.259 528.2379 528.4308 528.2432 528.1539 528.1157 528.3198 528.3191 528.0871 528.0333 528.094 528.3386 528.3337 528.0894 528.0237 528.0161 528.0173 528.0186 528.0241 528.0545 528.1403 528.1794 528.2805 528.6116 528.7744 528.8103 528.8061 528.7954 528.7809 528.7677 528.798 528.9528 529.1576 529.485 529.5558 529.5635 529.5627 529.6222 529.9623 530.248 530.4888 530.9431 531.0601 531.0868 531.0864 531.1424 531.4683 531.7356 531.9786 532.5302 533.0359 533.5012 534.0507 534.3879
531.0633 530.8605 530.7483 530.6847 530.6744 530.6595 530.5585 530.2837 530.0922 529.9117 529.6279 529.556 529.5121 529.4182 529.4188 529.4827 529.4177 529.2969 528.9928 528.9373 528.8862 528.7867 528.7629 528.7986 528.8956 528.8907 528.8029 528.7679 528.7606 528.7601 528.7685 528.8146 528.9732 529.3127 529.418 529.4575 529.539 529.5676 529.5667 529.5622 529.5597 529.5565 529.5485 529.5411 529.5621 529.6779 530.1188 530.2813 530.2916 530.2726 530.3206 530.5773 530.98 531.1429 531.4691 531.6606 531.7898 531.8081 531.8504 532.0884 532.4867 532.7013 533.2179 533.6771 534.2124 534.8976 535.4379
531.2733 531.0928 531.0782 531.0787 531.082 531.0847 531.0497 530.7643 530.6002 530.4829 530.3571 530.326 530.3223 530.3065 530.3147 530.3323 530.2826 530.1266 529.796 529.6805 529.5809 529.536 529.5288 529.5345 529.5557 529.587 529.66 529.6845 529.6849 529.6804 529.6765 529.6932 529.8024 530.1381 530.2873 530.3267 530.3434 530.3389 530.3281 530.3215 530.319 530.3164 530.3069 530.2924 530.3121 530.4849 530.9499 531.0743 531.0744 531.0529 531.0565 531.1865 531.6223 531.8293 532.0208 532.2362 532.5292 532.5817 532.5866 532.7059 533.1627 533.5034 534.0283 534.3966 534.9611 535.6052 536.0457
531.6027 531.4958 531.4817 531.4918 531.4962 531.4741 531.3765 531.1302 531.0885 531.0842 531.0752 531.0774 531.0824 531.0831 531.0861 531.0925 531.0903 531.0578 530.9528 530.8167 530.4694 530.3062 530.2606 530.2625 530.313 530.4765 530.8274 530.9429 530.9619 530.9587 530.9515 530.9474 530.9741 531.0602 531.09 531.0896 531.0852 531.0795 531.0752 531.0745 531.0728 531.0692 531.0658 531.0555 531.0588 531.1792 531.6226 531.8006 531.835 531.8207 531.8395 532.0159 532.4549 532.5809 532.6454 532.8248 533.184 533.3117 533.3564 533.5237 533.9946 534.2795 534.8745 535.4114 535.7154 536.1733 536.5123
532.0409 531.9922 531.9844 531.9905 531.9921 531.9741 531.9139 531.8094 531.7938 531.8086 531.824 531.8328 531.8393 531.8418 531.8442 531.8502 531.8575 531.8501 531.7892 531.6361 531.3274 531.2197 531.1984 531.1988 531.2172 531.3152 531.6503 531.8146 531.8627 531.8693 531.863 531.8518 531.8474 531.8575 531.8533 531.8413 531.829 531.819 531.818 531.832 531.8257 531.804 531.8041 531.7994 531.827 532.0104 532.4586 532.6216 532.7176 532.73 532.7311 532.8275 533.17 533.3456 533.5372 533.905 534.0961 534.1297 534.1338 534.2546 534.7365 535.0794 535.5998 536.0282 536.3429 536.6823 536.9089
532.6072 532.6071 532.6091 532.6113 532.6129 532.6138 532.6097 532.5997 532.6033 532.6056 532.6171 532.6111 532.6154 532.614 532.611 532.6099 532.6111 532.6136 532.6143 532.6155 532.624 532.6261 532.6282 532.6239 532.5923 532.5283 532.5803 532.6093 532.6135 532.6112 532.6077 532.604 532.602 532.5995 532.5949 532.5902 532.5867 532.5907 532.6262 532.7137 532.7172 532.6611 532.7013 532.7133 532.7269 532.8548 533.2417 533.5355 533.8957 533.996 534.0001 534.0155 534.0996 534.1746 534.3727 534.7402 534.9012 534.9284 534.9461 535.0968 535.5264 535.6969 536.0804 536.4635 536.8127 537.1459 537.2284
533.3623 533.3717 533.3772 533.3803 533.3843 533.3928 533.4058 533.4203 533.426 533.4001 533.439 533.3997 533.4277 533.4265 533.4151 533.4064 533.4026 533.4091 533.4469 533.5805 533.8983 534.0072 534.0309 534.0096 533.8916 533.557 533.4243 533.3852 533.3701 533.3607 533.3538 533.355 533.3716 533.3704 533.3615 533.3549 533.3596 533.405 533.5632 533.8886 533.9172 533.7427 533.9203 533.9973 534.0386 534.1486 534.2733 534.4076 534.7474 534.8906 534.9149 534.9154 534.9519 535.0889 535.4462 535.6162 535.6508 535.6469 535.6393 535.6918 535.9917 536.2087 536.48 536.8197 537.1953 537.5867 537.7981
534.1163 534.1185 534.1192 534.1196 534.1201 534.121 534.1224 534.121 534.0977 533.9806 534.0874 533.979 534.0971 534.1222 534.1244 534.1238 534.123 534.1219 534.129 534.2013 534.534 534.7322 534.798 534.7535 534.5717 534.2416 534.1553 534.1436 534.1419 534.14 534.1432 534.1766 534.2695 534.2928 534.2874 534.2789 534.2725 534.287 534.3904 534.6937 534.7045 534.4837 534.7598 534.9369 535.0963 535.4155 535.5233 535.5565 535.6275 535.6501 535.657 535.6655 535.6616 535.725 535.9885 536.1361 536.1973 536.2294 536.2308 536.2742 536.4573 536.6716 536.8486 537.1867 537.6511 538.154 538.4698
534.6554 534.6569 534.6569 534.6563 534.653 534.6418 534.6131 534.5454 534.3993 534.1622 534.2288 534.1642 534.409 534.5609 534.6299 534.6616 534.6824 534.7056 534.7428 534.8179 535.0118 535.161 535.2245 535.2075 535.1226 535.0207 534.9738 534.9616 534.9585 534.9612 534.9911 535.1188 535.4392 535.5234 535.5284 535.5212 535.5136 535.5086 535.5331 535.6074 535.6016 535.5406 535.6039 535.6334 535.6887 535.9903 536.1779 536.2217 536.2263 536.2389 536.3076 536.4134 536.3942 536.4481 536.4808 536.5281 536.6108 536.7216 536.738 536.7613 536.8823 537.1406 537.2225 537.6143 538.1235 538.6776 539.2133
535.0501 535.0505 535.0508 535.0509 535.0472 535.0328 534.9982 534.9279 534.8066 534.666 534.6658 534.6779 534.8322 534.9616 535.0341 535.0747 535.1124 535.1688 535.2523 535.2968 535.3718 535.4376 535.4724 535.4818 535.5013 535.6246 535.6382 535.6375 535.6365 535.6355 535.6373 535.6755 535.9114 536.0295 536.0643 536.081 536.1041 536.1102 536.1102 536.0981 536.0583 536.0157 536.0203 536.0414 536.1343 536.3914 536.6394 536.6943 536.6846 536.7123 536.8506 537.0942 537.0024 537.1047 536.905 536.8448 536.9329 537.1567 537.1774 537.1736 537.2075 537.4911 537.7571 538.199 538.7333 539.3271 540.0579
535.3612 535.3607 535.3616 535.3632 535.3621 535.3541 535.3359 535.3036 535.2538 535.204 535.2023 535.2196 535.2833 535.3401 535.373 535.395 535.4254 535.4918 535.6404 535.6497 535.6507 535.6511 535.6507 535.6497 535.6573 535.8408 535.9335 535.9672 535.99 536.0239 536.0648 536.1035 536.2098 536.2756 536.3062 536.3721 536.5033 536.5947 536.6493 536.6053 536.5276 536.4648 536.4425 536.4578 536.5486 536.7815 537.1271 537.1861 537.1955 537.233 537.3383 537.4858 537.3764 537.5615 537.2834 537.1871 537.2116 537.4376 537.5533 537.6093 537.7218 538.0186 538.3932 538.9403 539.5514 540.2177 541.1186
535.6503 535.6498 535.6494 535.6488 535.6487 535.649 535.6497 535.6493 535.6469 535.6447 535.6449 535.6453 535.6474 535.6492 535.6504 535.6501 535.649 535.6544 535.798 535.8729 535.9078 535.908 535.894 535.8933 535.9424 536.0909 536.1746 536.2068 536.2539 536.3538 536.4885 536.5377 536.5695 536.5854 536.5972 536.7495 537.1327 537.4486 537.7059 537.6542 537.5081 537.3679 537.2659 537.2072 537.2047 537.3156 537.6593 537.8708 538.0442 538.2571 538.4971 538.4636 538.4608 538.6481 538.2393 537.9691 537.9056 538.0176 538.1298 538.1804 538.3246 538.6672 539.087 539.8002 540.5597 541.4554 541.9665
535.9923 535.9865 535.9739 535.9561 535.9498 535.9626 535.9771 535.9592 535.9 535.84 535.791 535.7716 535.7876 535.8365 535.8873 535.8998 535.8898 535.9019 536.0031 536.1136 536.2058 536.2273 536.2113 536.216 536.3051 536.4843 536.5471 536.563 536.6327 536.8147 537.1124 537.201 537.2246 537.259 537.2481 537.5118 538.319 539.2147 539.9598 539.8873 539.5931 539.2358 538.8926 538.6226 538.4769 538.5051 538.7068 538.9386 539.2094 539.5138 539.7764 539.6343 539.6102 539.7344 539.327 539.0363 538.9313 538.954 539.0276 538.937 538.9999 539.3828 539.7342 540.6178 541.3906 541.882 542.0914
536.4741 536.4735 536.466 536.4359 536.4244 536.4517 536.4738 536.3938 536.1978 536.0161 535.8755 535.8198 535.8708 536.0024 536.1537 536.207 536.1979 536.204 536.2826 536.4279 536.6035 536.6427 536.6229 536.6289 536.776 537.1094 537.1893 537.2332 537.3643 537.6038 538.0356 538.2781 538.3882 538.5976 538.5871 539.0513 540.1392 541.4296 542.4586 542.5957 542.3088 541.7749 541.1585 540.6143 540.271 540.1873 540.2528 540.4519 540.7683 541.0751 541.194 541.1268 541.0288 540.9374 540.7241 540.5546 540.4346 540.322 540.3335 539.931 539.7228 540.0179 540.4462 541.1913 541.9208 542.0002 542.0008
537.1813 537.2301 537.2844 537.2532 537.2465 537.3064 537.3506 537.1434 536.7068 536.3617 536.0787 535.9603 536.0305 536.2559 536.5328 536.6224 536.6136 536.6058 536.6617 536.8293 537.1249 537.1673 537.1566 537.1763 537.3878 537.9511 538.1889 538.4517 538.879 539.2583 539.5797 539.8127 539.7856 540.0767 540.2264 541.0106 542.4724 544.0703 545.2394 545.67 545.5112 544.8497 543.9557 543.0828 542.4808 542.2975 542.257 542.4858 542.9249 543.4316 543.9563 544.0045 543.8179 543.546 543.2734 543.0257 542.762 542.3208 541.8682 541.4022 540.848 540.7729 540.9626 541.3801 541.7906 541.8632 541.7997
538.1478 538.4027 538.6591 538.6096 538.6201 538.7839 538.9009 538.3547 537.5712 537.0624 536.5745 536.3646 536.4114 536.6751 537.0901 537.1666 537.1614 537.1664 537.213 537.3472 537.6383 537.7454 537.8097 538.0057 538.5241 539.3095 539.5061 539.9152 540.5549 541.0859 541.4454 541.7787 541.4421 541.7133 542.3405 543.5848 545.4948 547.3457 548.5686 549.2051 549.2113 548.434 547.2723 546.0128 545.0208 544.6329 544.6179 545.1874 545.685 546.1901 546.6288 546.4841 546.0375 545.6063 545.0708 544.4644 543.9594 543.6303 542.8456 542.0914 541.5466 541.3636 541.3185 541.4449 541.6188 541.6613 541.5496
539.4253 539.7804 540.1791 540.175 540.2192 540.4546 540.6193 539.9899 539.0939 538.2789 537.5786 537.2862 537.2335 537.3518 537.6712 537.7903 537.8389 537.967 538.1989 538.5062 538.7006 538.7831 538.8696 539.1436 539.8372 540.8438 541.0576 541.6867 542.4117 543.1122 543.5796 543.9528 544.2763 545.0221 546.071 547.5365 549.491 551.2144 552.2467 553.0771 553.2705 552.5144 551.2177 549.6252 548.179 547.3499 547.0568 547.188 547.5563 547.7186 547.9082 547.8055 547.0792 546.4058 545.8051 544.8812 544.0927 543.7565 543.2084 542.5957 542.0932 541.9362 541.6904 541.6092 541.6151 -9999 541.3687
540.9473 541.3378 541.8684 541.9208 542.0063 542.2872 542.5411 542.009 541.1814 540.2845 539.5731 539.1801 538.954 538.8695 538.9257 538.9678 538.9862 539.1541 539.5227 540.0986 540.3159 540.4705 540.6136 540.874 541.523 542.5535 543.5195 544.5817 545.512 546.3927 546.9899 547.5161 548.2413 549.2824 550.4828 551.811 553.2827 554.3303 554.2815 555.4192 556.1386 555.5002 554.3307 552.6599 550.7547 549.1951 548.2072 547.9828 548.0002 548.0002 548.0009 547.6795 546.8681 546.0502 545.348 544.5781 543.9984 543.738 543.4971 543.2037 542.9211 542.7094 542.3451 -9999 -9999 -9999 541.3024
542.8492 543.2125 543.7493 544.0214 544.2006 544.4634 544.7026 544.5438 544.0067 543.1818 542.5032 542.0454 541.5912 541.2211 540.9779 540.9374 540.9143 540.9984 541.2646 541.9382 542.4703 542.9421 543.3624 543.9514 544.6649 545.6072 546.7428 547.9479 548.9528 549.9144 550.5829 551.1682 552.0198 553.0844 554.1303 555.1195 556.0609 556.6887 556.1316 557.0311 557.6406 556.9705 555.9252 554.569 552.4977 550.2269 548.4406 547.8915 547.8076 547.8236 547.7264 547.218 546.2137 -9999 -9999 -9999 -9999 -9999 -9999 -9999 -9999 -9999 -9999 -9999 -9999 -9999 541.2634
