backend/lakes/data/Lac la Biche/bich_dem_tm.asc
ncols         661
nrows         424
xllcorner     672100
yllcorner     6069750
cellsize      50
NODATA_value  -9999
[rows 240 to 269 of 424, columns 134 to 200 of 661]
-9999 -9999 -9999 -9999 -9999 -9999 -9999 -9999 -9999 -9999 -9999 -9999 -9999 -9999 -9999 -9999 -9999 -9999 -9999 -9999 -9999 -9999 -9999 -9999 -9999 -9999 -9999 548.3276 547.1481 545.738 543.908 541.9274 539.9308 538.1306 536.48 535.1619 533.955 532.7714 531.7968 531.058 530.4609 529.9766 529.5994 529.5355 529.326 529.2262 529.0794 528.9286 528.7949 528.6846 528.5839 528.4822 528.3841 528.2924 528.2133 528.1219 528.0316 528.0283 527.8801 527.6548 527.3647 526.9641 526.4515 525.7673 525.0521 524.481 524.0704
-9999 -9999 -9999 -9999 -9999 -9999 -9999 -9999 -9999 -9999 -9999 -9999 -9999 -9999 -9999 -9999 -9999 -9999 -9999 -9999 -9999 -9999 -9999 -9999 -9999 -9999 -9999 545.3461 544.4971 543.6808 542.583 541.6738 540.734 539.6531 538.0898 536.3698 534.6977 533.3917 532.4122 531.6176 531.0416 530.5355 530.1199 529.861 529.5841 529.5464 529.3435 529.1495 528.9878 528.8513 528.741 528.644 528.549 528.4553 528.3672 528.2803 528.2035 528.1549 528.0299 527.8537 527.6973 527.3892 526.9709 526.4401 525.739 525.0479 524.5892
-9999 -9999 -9999 -9999 -9999 -9999 -9999 -9999 -9999 -9999 -9999 -9999 -9999 -9999 -9999 -9999 -9999 -9999 -9999 -9999 -9999 -9999 -9999 -9999 -9999 -9999 -9999 -9999 542.3303 541.9993 541.6321 541.452 541.416 541.1659 539.7066 537.7651 535.7922 534.1158 532.8443 532.0564 531.4932 531.0546 530.6395 530.3 530.0037 529.8151 529.564 529.348 529.1713 529.017 528.8982 528.8065 528.7224 528.6381 528.5568 528.4802 528.4097 528.3372 528.2148 528.0481 528.0142 527.7222 527.3578 526.9518 526.4266 525.7652 525.2245
-9999 -9999 -9999 -9999 -9999 -9999 -9999 -9999 -9999 -9999 -9999 -9999 -9999 -9999 -9999 -9999 -9999 -9999 -9999 -9999 -9999 -9999 -9999 -9999 -9999 -9999 -9999 -9999 -9999 540.7974 540.7777 540.984 541.5469 541.9259 540.9141 539.0807 536.8705 534.919 533.4861 532.5225 531.8702 531.4236 531.0682 530.7277 530.4159 530.1398 529.8417 529.5637 529.3616 529.1726 529.0482 528.9697 528.9043 528.8373 528.7728 528.7147 528.6636 528.6149 528.556 528.48 528.3749 528.0588 527.7053 527.4185 527.0084 526.561 526.2445
-9999 -9999 -9999 -9999 -9999 -9999 -9999 -9999 -9999 -9999 -9999 -9999 -9999 -9999 -9999 -9999 -9999 -9999 -9999 -9999 -9999 -9999 -9999 -9999 -9999 -9999 -9999 -9999 -9999 -9999 540 540.2258 541.0874 541.9481 541.549 539.9561 537.7312 535.8035 534.066 532.836 532.1679 531.7028 531.3591 531.0741 530.7809 530.4791 530.1456 529.8116 529.5499 529.3022 529.184 529.1319 529.0944 529.052 529.0099 528.975 528.9506 528.9438 528.9656 529.0114 528.933 528.6556 528.1729 527.9812 527.5931 527.2793 526.9334
-9999 -9999 -9999 -9999 -9999 -9999 -9999 -9999 -9999 -9999 -9999 -9999 -9999 -9999 -9999 -9999 -9999 -9999 -9999 -9999 -9999 -9999 -9999 -9999 -9999 -9999 -9999 -9999 -9999 -9999 539.5066 539.7177 540.3055 541.2325 541.5201 540.1538 537.9189 535.9177 534.3652 533.3342 532.5557 531.9789 531.5863 531.3108 531.0759 530.7949 530.4388 530.0039 529.5781 529.3719 529.3229 529.3134 529.3044 529.2875 529.2688 529.2547 529.2491 529.2645 529.3389 529.5385 529.5584 529.4489 528.9826 528.6631 528.1782 527.967 527.5604
-9999 -9999 -9999 -9999 -9999 -9999 -9999 -9999 -9999 -9999 -9999 -9999 -9999 -9999 -9999 -9999 -9999 -9999 -9999 -9999 -9999 -9999 -9999 -9999 -9999 -9999 -9999 -9999 -9999 -9999 539.2484 539.3909 539.7555 540.1669 540.2353 538.9387 537.3433 535.8007 534.7142 533.9032 532.9385 532.2535 531.785 531.4866 531.2802 531.0755 530.7616 530.2996 529.8487 529.5708 529.5569 529.5594 529.5605 529.5607 529.5604 529.5601 529.5594 529.5583 529.5777 529.8119 529.9245 529.8691 529.598 529.4452 528.9899 528.6755 528.1804
-9999 -9999 -9999 -9999 -9999 -9999 -9999 -9999 -9999 -9999 -9999 -9999 -9999 -9999 -9999 -9999 -9999 -9999 -9999 -9999 -9999 -9999 -9999 -9999 -9999 -9999 -9999 -9999 -9999 -9999 539.1921 539.292 539.5497 539.76 539.5573 538.1118 536.9443 535.8217 535.0795 534.4276 533.7017 532.6541 532.0132 531.6445 531.4267 531.261 531.0543 530.6118 530.2037 529.9478 529.8741 529.8676 529.8839 529.8967 529.9035 529.907 529.9107 529.9221 529.9719 530.1287 530.2357 530.2227 530.0773 529.9117 529.6063 529.4468 528.9603
-9999 -9999 -9999 -9999 -9999 -9999 -9999 -9999 -9999 -9999 -9999 -9999 -9999 -9999 -9999 -9999 -9999 -9999 -9999 -9999 -9999 -9999 -9999 -9999 -9999 -9999 -9999 -9999 -9999 -9999 539.4319 539.5288 539.7116 539.8354 539.5527 538.314 537.2083 536.3052 535.5518 534.8367 534.06 532.9747 532.2692 531.8304 531.5577 531.3468 531.0892 530.8129 530.5193 530.3263 530.2291 530.2179 530.2576 530.2792 530.2861 530.2894 530.2958 530.3146 530.3645 530.462 530.5381 530.5385 530.4426 530.3048 530.1085 529.9144 529.5424
-9999 -9999 -9999 -9999 -9999 -9999 -9999 -9999 -9999 -9999 -9999 -9999 -9999 -9999 -9999 -9999 -9999 -9999 -9999 -9999 -9999 -9999 -9999 -9999 -9999 -9999 -9999 -9999 -9999 -9999 540.1766 540.4175 540.4865 540.3925 539.819 538.7464 537.7156 536.863 535.8641 535.2054 534.5396 533.7299 532.7469 532.1594 531.8004 531.5663 531.3159 531.0737 530.8206 530.6943 530.5721 530.5668 530.6589 530.6854 530.6879 530.6879 530.692 530.705 530.7344 530.7833 530.8251 530.8248 530.7286 530.6169 530.4832 530.2992 529.9744
-9999 -9999 -9999 -9999 -9999 -9999 -9999 -9999 -9999 -9999 -9999 -9999 -9999 -9999 -9999 -9999 -9999 -9999 -9999 -9999 -9999 -9999 -9999 -9999 -9999 -9999 -9999 -9999 -9999 -9999 541.8254 542.3885 542.5866 541.9982 540.9344 539.5441 538.3231 537.2805 536.3866 535.666 535.0081 534.1984 533.3537 532.6454 532.1895 531.9507 531.646 531.3421 531.0938 531.0588 530.8654 530.8677 531.0618 531.081 531.0796 531.079 531.0792 531.0795 531.0799 531.0803 531.081 531.0762 530.9429 530.8664 530.7999 530.6908 530.4388
-9999 -9999 -9999 -9999 -9999 -9999 -9999 -9999 -9999 -9999 -9999 -9999 -9999 -9999 -9999 -9999 -9999 -9999 -9999 -9999 -9999 -9999 -9999 -9999 -9999 -9999 -9999 -9999 -9999 -9999 544.849 545.684 545.8074 544.7722 542.9346 540.8776 539.2679 537.9692 536.9925 536.1692 535.5225 534.7616 534.0469 533.3222 532.7297 532.5281 532.1052 531.7184 531.4675 531.3315 531.1163 531.124 531.3585 531.4291 531.4358 531.4368 531.4389 531.4338 531.4109 531.3635 531.3037 531.2241 531.0856 531.0803 531.0823 531.0667 530.8406
-9999 -9999 -9999 -9999 -9999 -9999 -9999 -9999 -9999 -9999 -9999 -9999 -9999 -9999 -9999 -9999 -9999 -9999 -9999 -9999 -9999 -9999 -9999 -9999 -9999 -9999 -9999 -9999 -9999 -9999 -9999 549.2342 549.2806 547.9845 545.6357 542.9211 540.6086 538.775 537.4053 536.4969 535.7369 535.1708 534.6168 534.06 533.5098 533.1857 532.6428 532.1783 531.9709 531.884 531.801 531.8196 531.9078 531.8533 531.8041 531.7917 531.7974 531.7949 531.7572 531.662 531.5603 531.468 531.3842 531.3711 531.3545 531.2773 531.0914
-9999 -9999 -9999 -9999 -9999 -9999 -9999 -9999 -9999 -9999 -9999 -9999 -9999 -9999 -9999 -9999 -9999 -9999 -9999 -9999 -9999 -9999 -9999 -9999 -9999 -9999 -9999 -9999 -9999 -9999 -9999 551.97 551.8688 550.7086 548.3848 545.2758 542.1984 539.7828 538.0779 536.9957 536.1763 535.6329 535.1387 534.6484 534.1967 533.968 533.3505 532.7402 532.6019 532.5815 532.5733 532.5771 532.5481 532.2954 532.1859 532.1656 532.1764 532.1826 532.1433 531.9862 531.8582 531.7802 531.7379 531.7257 531.6849 531.5587 531.3888
-9999 -9999 -9999 -9999 -9999 -9999 -9999 -9999 -9999 -9999 -9999 -9999 -9999 -9999 -9999 -9999 -9999 -9999 -9999 -9999 -9999 -9999 -9999 -9999 -9999 -9999 -9999 -9999 -9999 -9999 -9999 553.3531 552.4027 552.0891 550.5707 547.4755 543.9229 540.8959 538.7805 537.3845 536.59 536.0717 535.6354 535.1899 534.8048 534.5127 534.0674 533.5459 533.3546 533.2216 533.1556 533.0972 532.9589 532.6697 532.6161 532.604 532.6028 532.6039 532.5745 532.3223 532.1943 532.1492 532.1411 532.142 532.0952 531.9073 531.7286
-9999 -9999 -9999 -9999 -9999 -9999 -9999 -9999 -9999 -9999 -9999 -9999 -9999 -9999 -9999 -9999 -9999 -9999 -9999 -9999 -9999 -9999 -9999 -9999 -9999 -9999 -9999 -9999 -9999 -9999 -9999 -9999 553.7584 553.5095 552.2929 549.3227 545.5997 542.2423 539.6887 538.0608 537.1463 536.5723 536.1014 535.6503 535.2739 534.9645 534.6118 534.197 534.0549 533.7747 533.6635 533.6104 533.5278 533.3964 533.33 533.2013 533.1176 533.0529 532.9299 532.663 532.6156 532.6033 532.6017 532.6028 532.5676 532.2881 532.1243
-9999 -9999 -9999 -9999 -9999 -9999 -9999 -9999 -9999 -9999 -9999 -9999 -9999 -9999 -9999 -9999 -9999 -9999 -9999 -9999 -9999 -9999 -9999 -9999 -9999 -9999 -9999 -9999 -9999 -9999 -9999 -9999 -9999 554.277 553.3242 550.6816 547.1141 543.5795 540.7038 538.8297 537.7531 537.1321 536.5853 536.0558 535.6473 535.3606 535.1476 534.8148 534.525 534.1849 534.1313 534.1313 534.1293 534.1146 534.0617 533.7825 533.6521 533.5875 533.51 533.3906 533.332 533.209 533.1283 533.0627 532.9351 532.6615 532.6103
-9999 -9999 -9999 -9999 -9999 -9999 -9999 -9999 -9999 -9999 -9999 -9999 -9999 -9999 -9999 -9999 -9999 -9999 -9999 -9999 -9999 -9999 -9999 -9999 -9999 -9999 -9999 -9999 -9999 -9999 -9999 -9999 -9999 554.2167 553.6093 551.5127 548.4409 545.0504 541.9923 539.7274 538.433 537.6929 537.06 536.3912 535.9204 535.6577 535.6234 535.3411 535.0419 534.7852 534.6838 534.6533 534.6334 534.5773 534.4353 534.1644 534.1275 534.1281 534.1264 534.1138 534.0638 533.7898 533.6609 533.5925 533.5066 533.3823 533.3547
-9999 -9999 -9999 -9999 -9999 -9999 -9999 -9999 -9999 -9999 -9999 -9999 -9999 -9999 -9999 -9999 -9999 -9999 -9999 -9999 -9999 -9999 -9999 -9999 -9999 -9999 -9999 -9999 -9999 -9999 -9999 -9999 -9999 -9999 553.0499 551.6463 549.2823 546.3113 543.2664 540.7514 539.2763 538.4168 537.439 536.6911 536.1654 535.8745 535.7809 535.6449 535.4407 535.2965 535.1781 535.1132 535.0616 534.9697 534.8264 534.6575 534.6108 534.6058 534.5981 534.5539 534.4227 534.1611 534.127 534.1274 534.124 534.1123 534.1128
-9999 -9999 -9999 -9999 -9999 -9999 -9999 -9999 -9999 -9999 -9999 -9999 -9999 -9999 -9999 -9999 -9999 -9999 -9999 -9999 -9999 -9999 -9999 -9999 -9999 -9999 -9999 -9999 -9999 -9999 -9999 -9999 -9999 -9999 -9999 551.3429 549.7148 547.3443 544.6454 542.1915 540.4855 539.6718 538.4037 537.3151 536.5688 536.1105 535.8792 535.7438 535.6506 535.6437 535.5215 535.4567 535.4075 535.3027 535.1874 535.0873 535.0437 535.0145 534.9796 534.9135 534.7909 534.6332 534.5936 534.6029 534.6227 534.6387 534.65
-9999 -9999 -9999 -9999 -9999 -9999 -9999 -9999 -9999 -9999 -9999 -9999 -9999 -9999 -9999 -9999 -9999 -9999 -9999 -9999 -9999 -9999 -9999 -9999 -9999 -9999 -9999 -9999 -9999 -9999 -9999 -9999 -9999 -9999 -9999 551.424 550.2534 548.3774 546.1275 543.924 542.1385 540.987 539.6749 538.4063 537.3163 536.5509 536.0884 535.8414 535.7309 535.7046 535.6503 535.6499 535.6479 535.5394 535.4678 535.4221 535.396 535.3416 535.2891 535.2256 535.1395 535.0509 535.0164 535.0167 535.0292 535.0409 535.0476
-9999 -9999 -9999 -9999 -9999 -9999 -9999 -9999 -9999 -9999 -9999 -9999 -9999 -9999 -9999 -9999 -9999 -9999 -9999 -9999 -9999 -9999 -9999 -9999 -9999 -9999 -9999 -9999 -9999 -9999 -9999 -9999 -9999 -9999 -9999 -9999 551.446 549.8743 547.9421 546.0177 544.3971 543.0727 541.6374 540.1252 538.6318 537.3686 536.5426 536.073 535.8464 535.7607 535.7271 535.733 535.723 535.6511 535.6497 535.6499 535.648 535.5635 535.5155 535.4761 535.4332 535.3929 535.3724 535.3665 535.366 535.3652 535.363
-9999 -9999 -9999 -9999 -9999 -9999 -9999 -9999 -9999 -9999 -9999 -9999 -9999 -9999 -9999 -9999 -9999 -9999 -9999 -9999 -9999 -9999 -9999 -9999 -9999 -9999 -9999 -9999 -9999 -9999 -9999 -9999 -9999 -9999 -9999 -9999 552.96 551.5414 549.8831 548.3046 547.1221 546.0947 544.7003 542.6224 540.5289 538.6788 537.3242 536.5278 536.1068 535.913 535.8424 535.8352 535.8279 535.7942 535.7808 535.7604 535.7224 535.6503 535.6498 535.6499 535.6497 535.6493 535.649 535.6489 535.6491 535.6497 535.6506
-9999 -9999 -9999 -9999 -9999 -9999 -9999 -9999 -9999 -9999 -9999 -9999 -9999 -9999 -9999 -9999 -9999 -9999 -9999 -9999 -9999 -9999 -9999 -9999 -9999 -9999 -9999 -9999 -9999 -9999 -9999 -9999 -9999 -9999 -9999 -9999 -9999 553.0939 551.6812 550.4413 549.7188 549.0374 547.8756 545.6694 542.8173 540.2741 538.4156 537.2209 536.5533 536.2058 536.0552 536.0166 535.9974 535.9625 535.9172 535.8538 535.7816 535.7227 535.7245 535.7487 535.7764 535.7988 535.8184 535.8468 535.8833 535.9305 535.9804
-9999 -9999 -9999 -9999 -9999 -9999 -9999 -9999 -9999 -9999 -9999 -9999 -9999 -9999 -9999 -9999 -9999 -9999 -9999 -9999 -9999 -9999 -9999 -9999 -9999 -9999 -9999 -9999 -9999 -9999 -9999 -9999 -9999 -9999 -9999 -9999 -9999 -9999 553.1968 552.1693 551.6436 551.1035 550.2874 548.2651 545.2073 541.8871 539.5968 538.0794 537.1606 536.6346 536.3765 536.299 536.2466 536.1863 536.1016 535.9838 535.8676 535.7968 535.7983 535.8454 535.9027 535.9474 535.9991 536.0795 536.172 536.2883 536.4366
-9999 -9999 -9999 -9999 -9999 -9999 -9999 -9999 -9999 -9999 -9999 -9999 -9999 -9999 -9999 -9999 -9999 -9999 -9999 -9999 -9999 -9999 -9999 -9999 -9999 -9999 -9999 -9999 -9999 -9999 -9999 -9999 -9999 -9999 -9999 -9999 -9999 -9999 -9999 553.4597 552.7256 552.0895 551.3925 549.7881 546.8773 543.3377 540.7654 538.9938 537.8492 537.1588 536.7787 536.6812 536.5687 536.4779 536.3631 536.1834 536.0149 535.9203 535.9248 536.0058 536.1119 536.1825 536.2849 536.4655 536.626 536.7987 537.0956
-9999 -9999 -9999 -9999 -9999 -9999 -9999 -9999 -9999 -9999 -9999 -9999 -9999 -9999 -9999 -9999 -9999 -9999 -9999 -9999 -9999 -9999 -9999 -9999 -9999 -9999 -9999 -9999 -9999 -9999 -9999 -9999 -9999 -9999 -9999 -9999 -9999 -9999 -9999 -9999 553.4392 552.4557 551.6347 550.1277 547.7972 544.6772 541.9099 539.9728 538.6433 537.7552 537.2283 537.1375 536.9157 536.8201 536.7151 536.4663 536.2531 536.1416 536.1542 536.2864 536.4838 536.5776 536.7543 537.1468 537.4244 537.5516 537.9028
-9999 -9999 -9999 -9999 -9999 -9999 -9999 -9999 -9999 -9999 -9999 -9999 -9999 -9999 -9999 -9999 -9999 -9999 -9999 -9999 -9999 -9999 -9999 -9999 -9999 -9999 -9999 -9999 -9999 -9999 -9999 -9999 -9999 -9999 -9999 -9999 -9999 -9999 -9999 -9999 -9999 552.438 551.1851 549.8971 548.1108 545.7383 543.025 541.1337 539.6779 538.583 537.8472 537.4641 537.1935 537.1731 537.1415 536.8195 536.6118 536.5182 536.5397 536.7194 537.0752 537.1914 537.4648 538.2401 538.982 539.0704 539.2136
-9999 -9999 -9999 -9999 -9999 -9999 -9999 -9999 -9999 -9999 -9999 -9999 -9999 -9999 -9999 -9999 -9999 -9999 -9999 -9999 -9999 -9999 -9999 -9999 -9999 -9999 -9999 -9999 -9999 -9999 -9999 -9999 -9999 -9999 -9999 -9999 -9999 -9999 -9999 -9999 -9999 552.9284 551.071 549.8591 548.5919 546.9952 544.8743 542.8522 541.1417 539.7538 538.7288 538.0599 537.6755 537.5392 537.4421 537.2266 537.168 537.1528 537.176 537.3176 537.7367 538.106 538.645 539.5411 540.4447 540.6858 540.7877
-9999 -9999 -9999 -9999 -9999 -9999 -9999 -9999 -9999 -9999 -9999 -9999 -9999 -9999 -9999 -9999 -9999 -9999 -9999 -9999 -9999 -9999 -9999 -9999 -9999 -9999 -9999 -9999 -9999 -9999 -9999 -9999 -9999 -9999 -9999 -9999 -9999 -9999 -9999 -9999 -9999 -9999 552.1868 550.6164 549.5191 548.4167 546.9664 545.0886 543.0688 541.3681 540.0333 539.084 538.5552 538.3227 538.2189 538.1411 538.1566 538.2025 538.3168 538.545 538.9514 539.421 540.0585 540.993 542.0656 542.515 542.7241
