backend/lakes/data/Upper Mann Lake/uppm_dem_tm.asc
ncols         114
nrows         114
xllcorner     724900
yllcorner     6000000
cellsize      50
NODATA_value  -9999
[rows 60 to 89 of 114, columns 0 to 65 of 114]
-9999 -9999 -9999 -9999 -9999 -9999 -9999 -9999 -9999 -9999 -9999 -9999 -9999 -9999 -9999 613.0538 613.5231 614.6182 615.7099 616.3455 616.1244 614.8918 613.5173 612.5935 611.5315 610.5669 610.0161 609.4237 608.9702 608.6786 608.6796 609.1167 610 610.5728 611.1954 612.0478 613.3002 614.929 617.0623 619.0806 620.4094 620.8887 620.4951 619.4636 618.2971 616.918 615.3179 613.7136 612.1998 611.0842 610.3701 610.1974 610.239 610.1864 610.1797 610.1357 610.1541 610.155 610.0967 610.1873 609.8742 609.1276 608.8159 608.6813 608.6609 608.7057
-9999 -9999 -9999 -9999 -9999 -9999 -9999 -9999 -9999 -9999 -9999 -9999 -9999 -9999 -9999 616.3389 616.6886 617.3674 617.6818 617.2279 616.6146 614.6151 612.6214 611.2847 610.274 609.5967 609.2322 608.912 608.6501 608.4289 608.4687 608.8856 610.0102 610.949 611.9174 613.2325 614.6472 616.1511 617.8791 619.2802 619.0755 618.4231 617.0731 615.7465 614.6655 613.6588 612.6478 611.7127 610.7805 610.2198 610.1006 610.1797 610.1863 610.1765 610.127 610.1465 610.2461 610.3679 610.4813 610.6039 610.7369 610.3961 610.115 609.6777 609.4242 609.3722
-9999 -9999 -9999 -9999 -9999 -9999 -9999 -9999 -9999 -9999 -9999 -9999 -9999 -9999 -9999 620.3944 620.4843 620.5588 619.94 618.5725 617.0848 614.7923 612.5036 610.6735 609.6306 609.0391 608.8105 608.6575 608.529 608.4741 608.6542 609.1794 610.2022 611.4315 612.6746 614.2291 615.3636 616.1489 617.2749 617.744 617.1908 615.8251 614.3505 613.3138 612.6111 612.0234 611.6211 610.9827 610.2314 610.009 610.173 610.1954 610.0422 609.8751 609.8763 610.0181 610.2546 610.5148 610.7522 610.9575 611.5703 611.5921 611.4036 610.817 610.0431 609.558
-9999 -9999 -9999 -9999 -9999 -9999 -9999 -9999 -9999 -9999 -9999 -9999 -9999 -9999 -9999 624.2669 624.0953 623.605 622.1503 619.9548 617.6605 615.2327 612.9003 610.8328 609.5726 608.832 608.6522 608.5459 608.5626 608.6596 608.9685 609.5953 610.577 612.0266 613.3223 614.7923 615.1856 615.868 615.8185 615.2338 614.4643 613.3975 612.3305 611.7928 611.6823 611.7207 611.6744 611.1031 610.2299 609.8799 609.8466 609.7723 609.0946 609.1685 609.4069 609.7229 610.1246 610.5248 610.964 611.5582 611.3687 611.5352 611.6142 611.4655 610.4012 609.7269
-9999 -9999 -9999 -9999 -9999 -9999 -9999 -9999 -9999 -9999 -9999 -9999 -9999 -9999 -9999 627.1975 626.8393 625.9832 623.9915 621.1743 618.323 615.8215 613.5802 611.5099 609.9126 608.8048 608.509 608.4832 608.6558 608.8528 609.2955 610.0753 611.1519 612.5577 614.2607 615.9114 615.4377 614.7367 613.7009 612.7017 612.0446 611.5145 611.0313 610.8922 611.1641 611.6158 611.653 611.2785 610.2457 609.6483 609.2743 608.8442 608.5468 608.6533 608.9681 609.4252 609.8995 610.2584 610.4285 610.5226 610.9188 611.4269 611.6436 611.4166 610.3718 609.8793
-9999 -9999 -9999 -9999 -9999 -9999 -9999 -9999 -9999 -9999 -9999 -9999 -9999 -9999 -9999 629.0982 628.6578 627.5735 625.2566 622.046 618.8771 616.3448 614.2055 612.17 610.3537 609.2076 608.6679 608.5087 608.6577 608.9154 609.4364 610.2924 611.5799 613.1398 614.9399 616.5861 615.0938 613.3765 611.8287 610.7701 610.3192 610.1781 610.1423 610.2102 610.5656 610.9086 611.027 610.4598 609.853 609.3632 608.9952 608.6501 608.3291 608.3387 608.6768 609.3114 609.8517 610.1771 610.1801 610.1682 610.3204 610.4462 611.0782 610.6636 610.0699 610.1896
-9999 -9999 -9999 -9999 -9999 -9999 -9999 -9999 -9999 -9999 -9999 -9999 -9999 -9999 -9999 630.2932 629.8755 628.6105 626.0303 622.5436 619.2095 616.7064 614.6548 612.7815 610.9395 609.8488 609.1306 608.6837 608.6584 608.8865 609.4026 610.235 611.4137 612.7208 613.818 614.3585 613.2822 611.7572 610.5279 609.7208 609.4276 609.4789 609.6777 609.9202 610.175 610.2066 610.2755 609.9825 609.59 609.2144 608.9025 608.642 608.277 608.2568 608.6884 609.5341 610.1772 610.4006 610.3542 610.3237 610.4545 610.6298 610.7631 610.243 610.1973 610.7535
-9999 -9999 -9999 -9999 -9999 -9999 -9999 -9999 -9999 -9999 -9999 -9999 -9999 -9999 -9999 631.0073 630.554 629.1862 626.433 622.8502 619.4999 617.0524 615.0966 613.4348 611.8287 610.7663 609.9082 609.1925 608.7163 608.8723 609.2563 609.8427 610.6133 611.6698 612.0643 612.0063 611.3474 610.4393 609.6443 609.1675 609.0953 609.3434 609.7454 610.1232 610.2652 610.1802 610.1742 610.0286 609.7153 609.3284 608.969 608.6514 608.3391 608.4408 609.1258 610.2729 610.9594 611.0309 610.9213 610.9125 611.1439 611.5343 611.5458 611.0922 611.0719 611.7778
-9999 -9999 -9999 -9999 -9999 -9999 -9999 -9999 -9999 -9999 -9999 -9999 -9999 -9999 -9999 631.1758 630.7094 629.2589 626.603 623.2097 619.9565 617.4892 615.4905 613.8807 612.5708 611.5896 610.7987 610.0165 609.3572 609.1558 609.2404 609.5204 609.9342 610.3973 610.6342 610.519 610.0901 609.5524 609.1266 608.9798 609.1868 609.7053 610.4097 611.0443 611.1763 610.9747 611.0335 610.962 610.5153 609.8883 609.3507 608.8964 608.6713 609.034 610.2913 611.6111 612.1381 611.9489 611.7634 611.8429 612.2241 612.8466 612.9131 612.4922 612.4077 613.2522
-9999 -9999 -9999 -9999 -9999 -9999 -9999 -9999 -9999 -9999 -9999 -9999 -9999 -9999 -9999 -9999 630.1004 628.8038 626.5917 623.6876 620.6536 618.0557 615.903 614.2087 613.1437 612.2062 611.424 610.7178 609.9143 609.476 609.3258 609.3567 609.5162 609.6985 609.7648 609.6285 609.3413 609.0409 608.8961 609.0486 609.5781 610.4755 611.7374 612.7204 613.0983 613.0417 613.3522 613.2717 612.2795 610.9608 610.1815 609.5432 609.413 610.1284 611.6499 612.5793 612.8876 612.9895 612.8564 613.2254 613.8751 614.5619 614.7679 614.462 614.4102 615.2209
-9999 -9999 -9999 -9999 -9999 -9999 -9999 -9999 -9999 -9999 -9999 -9999 -9999 -9999 -9999 -9999 629.4316 628.3324 626.65 624.3953 621.6852 618.9313 616.524 614.6363 613.6735 612.5956 611.6359 610.8037 610.1169 609.6896 609.4503 609.3436 609.329 609.3469 609.3099 609.1694 608.9667 608.8112 608.8546 609.238 610.0736 611.3967 613.0257 613.802 614.7868 614.7532 615.3084 615.3005 613.8593 612.1046 611.3842 610.4456 610.294 611.5137 612.9489 613.4387 613.2393 613.2881 613.6496 614.6411 615.6519 616.6112 617.2095 617.0669 617.1078 617.6921
-9999 -9999 -9999 -9999 -9999 -9999 -9999 -9999 -9999 -9999 -9999 -9999 -9999 -9999 -9999 -9999 629.1779 628.198 627.0497 625.3599 622.8888 620.0237 617.4308 615.2889 613.8767 612.8826 611.7917 610.6216 610.2468 609.9395 609.6703 609.4643 609.3375 609.2443 609.1394 609.0016 608.849 608.7635 608.8931 609.3799 610.3673 612.0356 613.8964 614.978 615.6252 614.4258 613.1043 614.1664 613.8468 613.9591 612.9226 611.4691 610.9142 612.554 614.0223 614.4844 613.7127 613.978 614.7773 616.133 617.4275 618.7856 619.9073 620.4382 620.5813 620.6118
-9999 -9999 -9999 -9999 -9999 -9999 -9999 -9999 -9999 -9999 -9999 -9999 -9999 -9999 -9999 -9999 -9999 628.8464 627.8482 626.4222 624.1655 621.3267 618.6846 616.4757 614.8948 613.8238 612.764 611.4907 610.9282 610.4528 610.0638 609.7548 609.5138 609.3263 609.1782 609.0574 608.9289 608.8502 608.9737 609.4003 610.2427 611.6838 613.506 615.0411 615.8958 614.7495 615.1102 614.6732 615.2574 614.9516 613.1473 611.4664 610.9358 612.6945 613.6526 614.5065 614.6306 614.9158 615.7493 617.0925 618.8784 620.9592 622.8682 624.0463 624.4163 624.1323
-9999 -9999 -9999 -9999 -9999 -9999 -9999 -9999 -9999 -9999 -9999 -9999 -9999 -9999 -9999 -9999 -9999 629.8307 628.6431 627.2189 625.395 622.7288 620.0668 617.7858 616.1168 614.9441 614.0018 612.7797 611.6368 610.8917 610.5234 610.25 609.8334 609.5349 609.3827 609.3528 609.2013 609.1085 609.1851 609.4358 609.8702 610.6346 611.91 613.1599 613.9888 613.976 614.2684 614.8496 614.9886 613.7889 611.9818 610.5714 610.5649 612.356 613.6454 614.6427 615.2773 615.8336 616.5393 617.687 619.8313 622.6345 625.1927 626.7313 627.4294 627.3121
-9999 -9999 -9999 -9999 -9999 -9999 -9999 -9999 -9999 -9999 -9999 -9999 -9999 -9999 -9999 -9999 -9999 630.906 629.3909 627.8185 626.3951 624.0231 621.3339 618.9525 617.1819 615.8978 615.0002 614.1537 613.2123 612.634 612.1804 611.5813 610.6894 610.1307 609.8994 610.0433 609.809 609.6969 609.746 609.8297 609.791 609.905 610.3567 610.9874 611.5991 611.8601 612.1941 612.6391 612.5938 611.787 610.6608 610.1365 610.5422 612.0309 613.5375 614.6883 615.6932 616.5532 617.1442 618.0666 620.1689 623.1763 625.9252 627.0472 628.0603 628.977
-9999 -9999 -9999 -9999 -9999 -9999 -9999 -9999 -9999 -9999 -9999 -9999 -9999 -9999 -9999 -9999 -9999 631.4691 629.8229 628.319 626.7979 624.8033 622.4178 619.9617 617.9893 616.7247 615.9641 615.3928 614.8467 614.4919 614.1564 613.484 612.3063 611.2538 610.7434 611.1007 610.843 610.8303 610.9324 610.8941 610.3069 609.8037 609.7426 609.9996 610.2197 610.2728 610.3707 610.5439 610.5617 610.334 610.0873 610.1993 611.0604 612.0294 613.1024 614.3403 615.5999 616.8417 617.3777 618.0852 619.7581 622.5663 625.4594 627.4697 628.2935 628.2553
-9999 -9999 -9999 -9999 -9999 -9999 -9999 -9999 -9999 -9999 -9999 -9999 -9999 -9999 -9999 -9999 -9999 -9999 629.5092 627.8956 626.5216 625.2211 623.6033 621.53 619.4694 617.9805 617.2722 616.9215 616.6514 616.4126 616.0187 615.2555 614.1183 612.9276 612.2498 612.6305 612.6989 612.9659 613.145 612.7502 611.5375 610.3796 610.1041 610.5133 611.0079 610.9402 610.3941 610.194 610.1814 610.181 610.1728 610.3578 610.9773 611.6281 612.2888 613.6843 615.3787 615.748 616.8475 617.6063 619.1907 621.618 624.1902 626.2184 627.143 626.3093
-9999 -9999 -9999 -9999 -9999 -9999 -9999 -9999 -9999 -9999 -9999 -9999 -9999 -9999 -9999 -9999 -9999 -9999 -9999 627.6535 626.6984 625.9936 625.027 623.4104 621.5839 620.0898 619.2615 618.9923 618.8333 618.6411 618.1552 617.2346 615.9669 614.6853 613.892 614.2142 614.5322 615.011 615.3505 614.3872 612.8131 611.4042 611.2471 612.3154 613.1641 612.9896 611.8622 611.1628 610.8734 610.7605 610.5847 610.6855 611.1276 611.564 611.7727 612.4534 613.92 615.2023 615.8812 616.9272 618.629 620.717 622.7512 624.2713 624.8633 624.0336
-9999 -9999 -9999 -9999 -9999 -9999 -9999 -9999 -9999 -9999 -9999 -9999 -9999 -9999 -9999 -9999 -9999 -9999 -9999 -9999 627.1328 626.9432 626.4613 625.2446 623.8433 622.7745 622.0859 621.7273 621.6082 621.4374 620.8737 619.6869 618.1677 616.6719 615.6005 615.4924 615.7011 616.23 617.0356 615.4402 613.6796 612.3885 612.9726 614.3757 615.0143 614.7855 613.1754 612.1948 611.6531 611.246 611.1216 611.3001 611.8331 612.2474 611.8567 611.8323 612.6351 614.1567 615.5571 616.5046 617.8564 619.4597 621.0533 622.1955 622.606 622.1427
-9999 -9999 -9999 -9999 -9999 -9999 -9999 -9999 -9999 -9999 -9999 -9999 -9999 -9999 -9999 -9999 -9999 -9999 -9999 -9999 -9999 628.0283 627.7289 626.8226 625.8818 625.4387 625.0836 624.7415 624.6229 624.5391 624.0836 622.7755 620.8664 619.0695 617.634 616.8403 616.3663 615.8098 615.168 614.9302 613.9419 613.4323 614.573 615.8135 615.9503 615.2542 613.4377 612.6411 611.9333 611.5117 611.7129 612.2236 613.1955 613.7974 613.0538 612.0999 612.3912 613.3813 614.5798 615.9428 616.941 618.0091 619.2631 620.2724 620.9178 621.0073
-9999 -9999 -9999 -9999 -9999 -9999 -9999 -9999 -9999 -9999 -9999 -9999 -9999 -9999 -9999 -9999 -9999 -9999 -9999 -9999 -9999 -9999 628.9977 628.2349 627.6957 627.7964 627.7057 627.3713 627.2878 627.4121 627.2941 626.1725 624.0862 621.8793 619.9717 618.6381 617.8612 617.118 616.3477 615.5559 614.1636 613.9465 615.3667 616.2034 616.0077 615.1542 613.736 612.7265 612.1444 611.7808 612.5197 613.4659 614.6884 615.5579 614.719 613.3101 612.717 612.8919 613.4851 614.311 615.2184 616.5428 617.7398 618.8544 619.993 620.9538
-9999 -9999 -9999 -9999 -9999 -9999 -9999 -9999 -9999 -9999 -9999 -9999 -9999 -9999 -9999 -9999 -9999 -9999 -9999 -9999 -9999 -9999 -9999 629.8665 629.5795 629.9284 629.921 629.5215 629.4831 629.8903 630.2043 629.5314 627.5452 624.987 622.6578 620.9099 620.0825 619.173 617.8635 616.2586 614.23 613.3478 614.7056 615.7686 615.5037 614.8671 614.6675 614.2747 613.1349 612.4576 613.4803 614.4395 615.5424 617.1457 616.0561 614.2166 613.0245 612.5457 612.6224 613.0613 613.7993 615.299 617.0995 618.8375 620.3862 621.5798
-9999 -9999 -9999 -9999 -9999 -9999 -9999 -9999 -9999 -9999 -9999 -9999 -9999 -9999 -9999 -9999 -9999 -9999 -9999 -9999 -9999 -9999 -9999 -9999 631.7449 632.0864 632.0452 631.6426 631.6638 632.2941 632.9084 632.6531 630.9547 628.3872 625.8202 623.9279 622.7604 621.473 619.5147 617.0912 614.6678 613.4923 614.0236 614.6163 614.847 615.1367 615.6249 615.9227 614.0327 613.07 613.7593 614.3362 614.4354 615.0287 615.7564 614.2665 613.0223 612.3679 612.29 612.7167 613.6491 615.416 617.6879 619.9624 621.8356 622.8674
-9999 -9999 -9999 -9999 -9999 -9999 -9999 -9999 -9999 -9999 -9999 -9999 -9999 -9999 -9999 -9999 -9999 -9999 -9999 -9999 -9999 -9999 -9999 -9999 -9999 -9999 -9999 -9999 -9999 634.9711 635.6899 635.5393 634.0681 631.7924 629.3982 627.4663 625.9339 624.0203 621.3604 618.2477 615.381 613.5334 613.2847 613.5836 614.4847 615.1072 615.3431 614.3382 613.8397 613.9888 614.6536 615.1199 615.282 614.877 615.6413 614.0004 612.8808 612.4037 612.5847 613.3832 614.8081 616.8655 619.4083 622.0847 624.2471 624.7291
-9999 -9999 -9999 -9999 -9999 -9999 -9999 -9999 -9999 -9999 -9999 -9999 -9999 -9999 -9999 -9999 -9999 -9999 -9999 -9999 -9999 -9999 -9999 -9999 -9999 -9999 -9999 -9999 -9999 637.7708 638.4441 638.142 636.7308 634.7481 632.7049 630.9106 629.1611 626.7364 623.4261 619.6257 616.1555 613.9154 613.1877 613.439 614.2719 615.3419 616.014 616.0269 615.5148 615.5754 616.0162 616.124 616.0338 615.9641 614.8842 613.5718 612.7797 612.7404 613.4629 614.8908 616.8232 619.0897 621.8142 624.8713 627.0548 626.872
-9999 -9999 -9999 -9999 -9999 -9999 -9999 -9999 -9999 -9999 -9999 -9999 -9999 -9999 -9999 -9999 -9999 -9999 -9999 -9999 -9999 -9999 -9999 -9999 -9999 -9999 -9999 -9999 -9999 -9999 640.7532 640.3082 638.9307 637.1395 635.3991 633.8201 632.0319 629.3485 625.5917 621.2151 617.1443 614.4601 613.4897 613.8187 614.7789 616.0551 617.0051 617.1095 616.8877 616.9399 617.2317 616.7289 617.1223 616.7106 614.8223 613.4053 612.9307 613.4755 614.9247 616.9675 619.3394 621.7109 624.6409 627.7417 629.6931 629.1006
-9999 -9999 -9999 -9999 -9999 -9999 -9999 -9999 -9999 -9999 -9999 -9999 -9999 -9999 -9999 -9999 -9999 -9999 -9999 -9999 -9999 -9999 -9999 -9999 -9999 -9999 -9999 -9999 -9999 -9999 -9999 -9999 640.6324 639.0607 637.5366 636.0885 634.3066 631.5618 627.598 622.873 618.3854 615.1886 614.0215 614.1999 615.415 616.7412 617.5663 617.7894 617.6083 617.5356 617.7585 617.7877 617.967 617.0408 615.1143 613.595 613.4662 614.6882 616.7294 619.1636 621.6942 624.2625 627.1664 630.0346 631.6775 631.2012
-9999 -9999 -9999 -9999 -9999 -9999 -9999 -9999 -9999 -9999 -9999 -9999 -9999 -9999 -9999 -9999 -9999 -9999 -9999 -9999 -9999 -9999 -9999 -9999 -9999 -9999 -9999 -9999 -9999 -9999 -9999 -9999 -9999 -9999 -9999 -9999 636.0391 633.3214 629.3709 624.5895 619.9651 616.6498 615.3287 615.4629 616.4358 617.4733 618.1559 618.5506 617.7712 617.4299 617.9463 618.7933 619.1317 617.8581 616.025 614.557 614.5642 616.0613 618.4723 621.1691 623.7553 626.2715 628.9683 631.6635 633.4708 633.2056
-9999 -9999 -9999 -9999 -9999 -9999 -9999 -9999 -9999 -9999 -9999 -9999 -9999 -9999 -9999 -9999 -9999 -9999 -9999 -9999 -9999 -9999 -9999 -9999 -9999 -9999 -9999 -9999 -9999 -9999 -9999 -9999 -9999 -9999 -9999 -9999 637.4167 634.7823 630.999 626.4108 621.9625 618.7787 617.5242 617.0694 617.4704 617.8304 618.9191 618.0372 616.7749 616.275 617.4077 619.2432 620.3713 619.246 617.282 615.5494 615.3025 616.9214 619.4136 622.1503 624.6753 627.1105 629.6935 632.3002 634.2584 634.3937
-9999 -9999 -9999 -9999 -9999 -9999 -9999 -9999 -9999 -9999 -9999 -9999 -9999 -9999 -9999 -9999 -9999 -9999 -9999 -9999 -9999 -9999 -9999 -9999 -9999 -9999 -9999 -9999 -9999 -9999 -9999 -9999 -9999 -9999 -9999 -9999 638.4415 636.0327 632.5488 628.3224 624.1667 620.923 619.0757 618.2604 617.9182 617.6546 617.7762 616.6646 615.1675 614.4643 616.3752 619.2384 621.3541 620.976 619.0776 617.0682 615.9711 616.9515 618.9417 621.373 623.8508 626.4304 629.161 631.8808 634.0881 -9999
