backend/lakes/data/Upper Mann Lake/uppm_dem_tm.asc
ncols         114
nrows         114
xllcorner     724900
yllcorner     6000000
cellsize      50
NODATA_value  -9999
[rows 30 to 59 of 114, columns 0 to 65 of 114]
-9999 -9999 -9999 -9999 -9999 -9999 -9999 -9999 -9999 -9999 -9999 -9999 -9999 -9999 -9999 -9999 -9999 -9999 -9999 -9999 -9999 -9999 -9999 -9999 -9999 -9999 -9999 -9999 -9999 -9999 -9999 -9999 -9999 -9999 -9999 -9999 -9999 -9999 -9999 -9999 -9999 -9999 -9999 -9999 -9999 -9999 -9999 -9999 -9999 -9999 -9999 -9999 -9999 -9999 -9999 -9999 -9999 -9999 -9999 -9999 -9999 638.0853 633.2875 628.6216 624.6771 621.8723
-9999 -9999 -9999 -9999 -9999 -9999 -9999 -9999 -9999 -9999 -9999 -9999 -9999 -9999 -9999 -9999 -9999 -9999 -9999 -9999 -9999 -9999 -9999 -9999 -9999 -9999 -9999 -9999 -9999 -9999 -9999 -9999 -9999 -9999 -9999 -9999 -9999 -9999 -9999 -9999 -9999 -9999 -9999 -9999 -9999 -9999 -9999 -9999 -9999 -9999 -9999 -9999 -9999 -9999 -9999 -9999 -9999 -9999 -9999 -9999 -9999 638.832 634.5825 630.2385 626.0557 622.4327
-9999 -9999 -9999 -9999 -9999 -9999 -9999 -9999 -9999 -9999 -9999 -9999 -9999 -9999 -9999 -9999 -9999 -9999 -9999 -9999 -9999 -9999 -9999 -9999 -9999 -9999 -9999 -9999 -9999 -9999 -9999 -9999 -9999 -9999 -9999 -9999 -9999 -9999 -9999 -9999 -9999 -9999 -9999 -9999 -9999 -9999 -9999 -9999 -9999 -9999 -9999 -9999 -9999 -9999 -9999 -9999 -9999 -9999 -9999 -9999 641.9308 638.715 635.2104 631.4967 627.4518 623.4816
-9999 -9999 -9999 -9999 -9999 -9999 -9999 -9999 -9999 -9999 -9999 -9999 -9999 -9999 -9999 -9999 -9999 -9999 -9999 -9999 -9999 -9999 -9999 -9999 -9999 -9999 -9999 -9999 -9999 -9999 -9999 -9999 -9999 -9999 -9999 -9999 -9999 -9999 -9999 -9999 -9999 -9999 -9999 -9999 -9999 -9999 -9999 -9999 -9999 -9999 624.6741 626.4819 628.4455 630.6315 -9999 -9999 -9999 -9999 -9999 -9999 640.5197 638.0599 635.4781 632.6117 628.9747 624.9586
-9999 -9999 -9999 -9999 -9999 -9999 -9999 -9999 -9999 -9999 -9999 -9999 -9999 -9999 -9999 -9999 -9999 -9999 -9999 -9999 -9999 -9999 -9999 -9999 -9999 -9999 -9999 -9999 -9999 -9999 -9999 -9999 -9999 -9999 -9999 -9999 -9999 -9999 -9999 -9999 -9999 -9999 -9999 -9999 -9999 -9999 -9999 -9999 620.9012 622.0267 623.5316 625.4284 627.487 629.6014 632.034 634.8537 637.7152 -9999 -9999 -9999 639.0563 637.5211 635.8108 633.528 630.3651 626.2736
-9999 -9999 -9999 -9999 -9999 -9999 -9999 -9999 -9999 -9999 -9999 -9999 -9999 -9999 -9999 -9999 -9999 -9999 -9999 -9999 -9999 -9999 -9999 -9999 -9999 -9999 -9999 -9999 -9999 -9999 -9999 -9999 -9999 -9999 -9999 -9999 -9999 -9999 -9999 -9999 -9999 -9999 -9999 -9999 -9999 -9999 619.6053 619.5522 620.0615 620.9778 622.2558 623.9803 625.9794 628.0568 630.279 632.764 635.3619 637.5946 -9999 -9999 638.2784 637.3998 635.9841 633.7764 631.313 627.2294
-9999 -9999 -9999 -9999 -9999 -9999 -9999 -9999 -9999 -9999 -9999 -9999 -9999 -9999 -9999 -9999 -9999 -9999 -9999 -9999 -9999 -9999 -9999 -9999 -9999 -9999 -9999 -9999 -9999 -9999 -9999 -9999 -9999 -9999 -9999 -9999 -9999 -9999 -9999 -9999 -9999 -9999 -9999 619.9628 619.9136 619.6526 619.2985 619.0455 619.4004 619.9954 620.9257 622.2798 624.0605 626.0779 628.2294 630.5556 633.0298 635.38 637.1042 -9999 -9999 637.4662 636.0503 634.4739 632.0967 627.9103
-9999 -9999 -9999 -9999 -9999 -9999 -9999 -9999 -9999 -9999 -9999 -9999 -9999 -9999 -9999 -9999 -9999 -9999 -9999 -9999 -9999 -9999 -9999 -9999 -9999 -9999 -9999 -9999 -9999 -9999 -9999 -9999 -9999 -9999 -9999 -9999 -9999 -9999 619.2341 618.9789 618.9495 618.9872 619.0582 619.0722 619.0292 618.967 618.8959 618.7471 618.877 619.033 619.5071 620.4687 621.955 623.8278 625.9463 628.307 630.858 633.457 635.7507 637.3586 637.9641 637.5898 636.2155 634.6451 632.0441 627.937
-9999 -9999 -9999 -9999 -9999 -9999 -9999 -9999 -9999 -9999 -9999 -9999 -9999 -9999 -9999 -9999 -9999 -9999 -9999 -9999 -9999 -9999 -9999 -9999 -9999 -9999 -9999 -9999 -9999 -9999 -9999 -9999 -9999 -9999 -9999 619.0516 618.3935 618.1077 617.9853 617.9767 618.0142 618.0972 618.3325 618.3309 618.0939 618.029 618.0677 618.204 618.0933 618.0497 618.0493 618.5811 619.7672 621.4631 623.4336 625.864 628.5654 631.4246 634.1544 636.2259 637.0611 636.3149 634.7531 633.1552 630.8518 627.3133
-9999 -9999 -9999 -9999 -9999 -9999 -9999 -9999 -9999 -9999 -9999 -9999 -9999 -9999 -9999 -9999 -9999 -9999 -9999 -9999 -9999 -9999 -9999 -9999 -9999 -9999 -9999 -9999 -9999 -9999 -9999 -9999 -9999 -9999 618.8738 617.8896 617.188 617.1876 617.2351 617.3113 617.4086 617.5781 617.8508 617.8181 617.4662 617.3628 617.5096 617.9581 617.8309 617.3942 616.7379 616.7885 617.6844 619.2992 620.823 623.1736 625.9109 628.8308 631.6876 633.9284 634.7692 633.8091 632.1348 630.7024 628.9824 626.29
-9999 -9999 -9999 -9999 -9999 -9999 -9999 -9999 -9999 -9999 -9999 -9999 -9999 -9999 -9999 -9999 -9999 -9999 -9999 -9999 -9999 -9999 -9999 -9999 -9999 -9999 -9999 -9999 -9999 -9999 -9999 -9999 -9999 619.8642 618.785 617.4637 616.9022 616.9911 616.983 617.0118 617.0337 617.0838 617.0493 617.0294 617.0103 617.0192 617.0579 617.5205 617.3187 616.2805 615.2561 615.0221 615.5627 616.8304 618.3342 620.4063 622.9403 625.7026 628.4869 630.776 631.6679 630.702 629.1632 628.0659 626.9644 625.0398
-9999 -9999 -9999 -9999 -9999 -9999 -9999 -9999 -9999 -9999 -9999 -9999 -9999 -9999 -9999 -9999 -9999 -9999 -9999 -9999 -9999 -9999 -9999 -9999 -9999 -9999 -9999 -9999 -9999 -9999 -9999 -9999 620.1638 620.6631 619.6603 618.2521 617.2096 616.8997 617.0328 617.0422 616.9584 616.9998 617.0151 617.2312 617.7408 617.7869 617.6284 617.1622 616.2478 615.0966 614.2639 614.0012 614.3153 615.108 616.3431 618.0392 620.0028 622.4097 624.9747 627.3221 628.4328 627.7468 626.5663 625.7922 625.0836 623.627
-9999 -9999 -9999 -9999 -9999 -9999 -9999 -9999 -9999 -9999 -9999 -9999 -9999 -9999 -9999 -9999 -9999 -9999 -9999 -9999 -9999 -9999 -9999 -9999 -9999 -9999 -9999 -9999 -9999 -9999 -9999 -9999 620.9166 620.9957 620.6334 619.4956 618.1386 617.2462 617.7032 617.4081 617.1082 617.0174 616.949 616.912 616.9709 616.736 616.3284 615.598 614.8838 614.1553 613.6506 613.5889 613.9359 614.5501 615.3621 616.592 617.8839 619.6548 621.8904 624.1714 625.6125 625.4232 624.6005 623.9697 623.2577 621.9681
-9999 -9999 -9999 -9999 -9999 -9999 -9999 -9999 -9999 -9999 -9999 -9999 -9999 -9999 -9999 -9999 -9999 -9999 -9999 -9999 -9999 -9999 -9999 -9999 -9999 -9999 -9999 -9999 -9999 -9999 -9999 622.1027 621.325 621.0115 620.981 620.416 619.0762 617.897 617.6719 617.5924 617.7971 617.5122 616.9269 616.3896 615.8586 615.2589 614.8643 614.382 613.895 613.5358 613.3577 613.6619 614.301 615.0621 615.9291 616.262 616.5795 617.5909 619.4112 621.7144 623.4286 623.6169 622.9368 622.1957 621.3204 620.032
-9999 -9999 -9999 -9999 -9999 -9999 -9999 -9999 -9999 -9999 -9999 -9999 -9999 -9999 -9999 -9999 -9999 -9999 -9999 -9999 -9999 -9999 -9999 -9999 -9999 -9999 -9999 -9999 -9999 -9999 625.1295 623.428 621.8975 621.1786 620.8378 620.0028 618.7752 617.5641 616.9395 616.8104 617.2239 617.4097 616.6107 615.7285 614.9089 614.3074 613.9316 613.5908 613.2612 613.2188 613.2659 613.991 615.0367 615.9867 616.3085 616.1982 616.1495 616.6718 617.8578 619.8881 621.5287 621.7523 621.0362 620.1843 619.2684 618.04
-9999 -9999 -9999 -9999 -9999 -9999 -9999 -9999 -9999 -9999 -9999 -9999 -9999 -9999 -9999 -9999 -9999 -9999 -9999 -9999 -9999 -9999 -9999 -9999 -9999 -9999 -9999 -9999 -9999 627.8637 627.2308 625.3627 623.1386 621.3775 620.1837 619.0457 617.8153 616.552 615.6425 615.2612 615.7925 616.1185 615.6182 614.8616 614.1771 613.6808 613.4267 613.2181 612.9937 613.0367 613.3856 614.3379 615.7021 616.3523 616.3876 616.0444 615.8596 616.1616 616.8253 618.4453 619.7025 619.6782 618.9677 618.179 617.3853 616.2311
-9999 -9999 -9999 -9999 -9999 -9999 -9999 -9999 -9999 -9999 -9999 -9999 -9999 -9999 -9999 -9999 -9999 -9999 -9999 -9999 -9999 -9999 -9999 -9999 -9999 -9999 -9999 -9999 627.368 628.7554 629.1176 627.3143 624.4927 621.7578 619.6674 618.2433 616.9363 615.5439 614.4031 613.7921 614.3682 614.7183 614.495 614.0054 613.5967 613.3113 613.228 613.0561 612.8627 612.8947 613.296 614.2963 615.2639 615.8819 615.8392 615.3816 615.2546 615.5595 616.2236 617.4614 618.0363 617.7996 617.2138 616.416 615.6225 614.596
-9999 -9999 -9999 -9999 -9999 -9999 -9999 -9999 -9999 -9999 -9999 -9999 -9999 -9999 -9999 -9999 -9999 -9999 -9999 -9999 -9999 -9999 -9999 -9999 -9999 -9999 -9999 -9999 627.3672 629.5173 630.4455 628.5658 625.2648 621.8945 619.4828 617.8992 616.6242 615.0813 613.6699 613.1874 613.4537 614.1467 613.5212 613.2479 613.2299 613.2423 613.3267 613.2207 612.9293 612.7927 612.9563 613.425 614.0413 614.32 614.2111 613.9189 614.2095 614.7642 615.4594 616.1539 616.3519 615.9868 615.2991 614.5579 613.8851 613.0215
-9999 -9999 -9999 -9999 -9999 -9999 -9999 -9999 -9999 -9999 -9999 -9999 -9999 -9999 -9999 -9999 -9999 -9999 -9999 -9999 -9999 -9999 -9999 -9999 -9999 -9999 -9999 -9999 627.2443 629.5499 630.3873 628.6602 625.2416 621.7318 619.3775 618.0057 617.1443 615.7776 614.2905 613.4276 613.1755 613.2552 613.0649 613.1356 613.4899 613.8919 614.0232 613.8922 613.3687 612.9221 612.7645 612.8651 613.0674 613.0768 612.873 612.7605 613.1274 613.7983 614.4372 614.7363 614.6505 614.1451 613.3213 612.5957 612.1177 611.8396
-9999 -9999 -9999 -9999 -9999 -9999 -9999 -9999 -9999 -9999 -9999 -9999 -9999 -9999 -9999 -9999 -9999 -9999 -9999 -9999 -9999 -9999 -9999 -9999 -9999 -9999 622.6515 624.564 626.7545 628.8089 629.735 628.0229 624.7935 621.5911 619.5165 618.5812 617.8823 616.9325 615.4761 614.1119 613.3868 613.101 613.1906 613.8052 614.8356 615.2067 615.2644 614.9836 614.3464 613.4302 612.8408 612.5641 612.4185 612.1748 611.7347 611.5436 611.804 612.5353 612.9636 613.0892 612.8358 612.2183 611.5223 611.0538 611.0853 612.3637
-9999 -9999 -9999 -9999 -9999 -9999 -9999 -9999 -9999 -9999 -9999 -9999 -9999 -9999 -9999 -9999 -9999 -9999 -9999 -9999 -9999 -9999 -9999 -9999 618.9575 621.3017 622.8382 624.1262 625.7153 627.2902 627.9584 626.4869 623.8336 621.4131 620.3498 619.931 619.0314 617.7899 616.4749 614.8373 613.9209 613.5411 614.011 615.2933 616.4678 616.9376 616.8886 616.3357 615.3595 614.2593 613.1783 612.5137 612.0811 611.6428 610.8419 610.3547 610.4459 610.9913 611.2843 611.4091 611.1196 610.5948 610.264 610.25 610.957 612.4407
-9999 -9999 -9999 -9999 -9999 -9999 -9999 -9999 -9999 -9999 -9999 -9999 -9999 -9999 -9999 -9999 -9999 -9999 -9999 -9999 611.3798 612.4103 614.4879 617.2497 620.0018 622.1236 622.7683 623.1544 624.0233 625.0668 625.4316 624.2297 622.2322 620.5793 620.0676 619.9064 619.334 617.927 616.4291 615.0286 614.5697 614.556 615.8116 617.5688 619.0286 619.5338 619.0502 617.9189 616.4558 614.951 613.5421 612.6309 611.9291 611.3954 610.3788 610.0189 610.0076 610.2396 610.358 610.3031 610.2909 610.1146 609.9996 610.1184 610.7038 611.7443
-9999 -9999 -9999 -9999 -9999 -9999 -9999 -9999 -9999 -9999 -9999 -9999 -9999 -9999 -9999 -9999 -9999 -9999 610.9788 611.1051 611.738 613.0707 615.3881 618.2798 620.9851 622.6027 622.0389 621.4597 621.6143 622.1547 622.3378 621.4185 619.9598 618.8986 618.7152 618.6884 618.1325 617.1625 616.0348 615.1024 615.5826 616.5721 618.3649 620.525 622.2451 622.738 621.7988 619.9775 617.9569 616.1252 614.4046 613.0588 611.8425 611.1086 610.4091 610.1713 610.0608 610.1189 610.1747 610.171 610.1849 610.1486 610.1218 610.1704 610.413 610.9455
-9999 -9999 -9999 -9999 -9999 -9999 -9999 -9999 -9999 -9999 -9999 -9999 -9999 -9999 -9999 -9999 -9999 610.3552 610.7245 611.1605 612.2448 613.8733 616.111 618.6714 620.8197 621.3911 620.225 619.1993 618.8438 618.9601 619.061 618.3517 617.1432 616.2325 616.1234 616.3425 616.2922 616.147 615.9998 616.2963 617.5165 619.3292 621.5949 623.9136 625.6345 626.0198 624.7971 622.586 620.0737 617.7236 615.6632 613.7119 612.0751 611.1117 610.454 610.1958 610.1796 610.2308 610.2491 610.1939 610.0797 610.0377 610.065 610.1547 610.2825 610.6065
-9999 -9999 -9999 -9999 -9999 -9999 -9999 -9999 -9999 -9999 -9999 -9999 -9999 -9999 -9999 -9999 -9999 610.1746 610.7477 611.6581 613.11 614.7278 616.4313 618.1851 619.5551 619.4045 618.3169 617.3176 616.577 616.1625 616.2552 615.4952 614.1509 613.2891 613.126 613.5195 614.1844 614.9177 615.9454 617.528 619.683 622.2813 624.9128 627.1831 628.6885 628.8751 627.5065 625.1277 622.3247 619.5475 617.0386 614.7404 612.7156 611.3797 610.5232 610.1817 610.2188 610.2909 610.1954 609.8429 609.0858 608.8712 608.9814 609.4579 609.8829 610.072
-9999 -9999 -9999 -9999 -9999 -9999 -9999 -9999 -9999 -9999 -9999 -9999 -9999 -9999 -9999 -9999 609.8729 610.0371 610.9254 612.2806 613.9274 615.4695 616.4818 617.0338 617.5197 617.4129 616.9291 616.0233 615.2892 614.4327 614.5706 613.2383 611.71 610.8629 610.7014 611.1057 612.0683 613.5841 615.6298 618.3183 621.4256 624.6835 627.579 629.6904 630.8497 630.7541 629.271 626.8033 623.8448 620.8123 618.0076 615.5558 613.3383 611.6456 610.5328 610.1799 610.2234 610.2305 609.8352 608.9854 608.3892 608.1632 608.2612 608.5962 608.7628 608.8363
-9999 -9999 -9999 -9999 -9999 -9999 -9999 -9999 -9999 -9999 -9999 -9999 -9999 -9999 -9999 -9999 609.7699 610.0326 611.1473 612.8345 614.8055 616.6876 617.4557 616.3687 615.9218 615.9388 615.4877 614.913 615.0127 615.7209 613.8086 611.7916 610.4891 609.8221 609.7208 610.0575 610.7763 612.4425 615.0274 618.3445 622.0882 625.821 628.9033 630.8472 631.5079 630.9946 629.3394 626.7042 623.6356 620.5643 617.7124 615.2233 613.172 611.5751 610.3387 610.0967 610.182 610.0793 609.084 608.4462 607.9849 607.7474 607.7476 607.9002 607.9977 608.0662
-9999 -9999 -9999 -9999 -9999 -9999 -9999 -9999 -9999 -9999 -9999 -9999 -9999 -9999 -9999 609.995 609.8306 610.2841 611.6981 613.5667 615.4948 616.8962 617.5107 617.2465 616.1532 614.6882 613.9855 613.2134 613.1091 613.2758 611.9555 610.7305 609.9429 609.6234 609.7192 610.1038 610.647 612.0444 614.5069 617.8337 621.7354 625.5291 628.5307 630.2387 630.3987 629.408 627.3318 624.5156 621.4556 618.6077 616.1235 614.2086 612.8433 611.5444 610.3433 610.1105 610.1852 610.0778 609.0984 608.4705 607.9805 607.6579 607.5391 607.5693 607.6345 607.7036
-9999 -9999 -9999 -9999 -9999 -9999 -9999 -9999 -9999 -9999 -9999 -9999 -9999 -9999 -9999 610.0594 610.1762 611.1283 612.747 614.5468 615.8308 616.413 616.4097 615.9736 614.8521 613.4168 612.4303 611.5414 611.0283 610.8894 610.3946 609.9426 609.762 609.827 610.1245 610.4464 611.0587 612.3748 614.6691 617.5927 621.0222 624.3674 626.74 627.8003 627.4812 626.0438 623.743 620.9349 618.0651 615.6639 613.7595 612.582 612.0278 611.2965 610.4463 610.1711 610.1913 610.1521 609.8166 609.0172 608.3552 607.8824 607.6526 607.6128 607.6616 607.7288
-9999 -9999 -9999 -9999 -9999 -9999 -9999 -9999 -9999 -9999 -9999 -9999 -9999 -9999 -9999 611.0052 611.3826 612.5853 614.1777 615.6581 616.0006 615.5774 614.7984 614.1808 613.1514 611.9664 611.0698 610.2605 609.7222 609.4681 609.3291 609.4291 609.8036 610.1664 610.5756 611.1023 611.9758 613.4741 615.6196 618.223 620.7319 622.8016 623.9094 623.9254 623.0695 621.4832 619.3566 616.975 614.7219 612.9449 611.6644 610.9726 611.0956 610.4619 610.2135 610.1096 610.1085 609.9949 609.6702 609.7944 608.989 608.3663 608.0665 607.989 608.0269 608.0909
