backend/lakes/data/Oliver Lake/oliv_dem_tm.asc
ncols         100
nrows         92
xllcorner     629750
yllcorner     5902250
cellsize      50
NODATA_value  -9999
[rows 30 to 59 of 92, columns 0 to 67 of 100]
-9999 -9999 -9999 -9999 -9999 -9999 -9999 -9999 -9999 -9999 -9999 -9999 -9999 -9999 -9999 -9999 764.629 762.2451 760.4703 759.6879 759.4597 758.837 757.6675 756.6592 755.7675 755.0234 754.7151 755.6167 756.3782 756.9855 756.2141 755.9862 756.0018 756.3326 756.9359 757.3512 756.4638 756.403 756.8174 756.0632 757.0396 758.5808 759.4004 759.2883 758.6331 758.1226 757.9293 757.4834 756.6143 756.5369 757.8141 759.4457 761.1694 762.728 763.92 764.7089 765.2701 765.8157 765.9221 765.1203 763.603 761.9136 760.8702 761.0945 762.7552 764.5278 765.2657 764.3246
-9999 -9999 -9999 -9999 -9999 -9999 -9999 -9999 -9999 -9999 -9999 -9999 -9999 -9999 -9999 -9999 764.5782 763.0076 761.8414 761.514 761.3931 760.3814 758.6175 757.3542 756.2581 755.9178 755.8455 756.429 756.9824 756.3969 755.8439 755.6176 755.5798 755.6906 755.8122 755.6459 755.1189 755.6526 756.1775 756.0126 756.6308 757.6541 758.5854 758.1846 757.6663 757.187 757.025 756.5875 756.0355 756.2797 757.0598 757.9252 758.6863 759.9081 761.1135 762.0286 762.6301 763.2332 763.6657 763.5885 762.9504 762.0757 761.2767 761.9287 762.8925 763.6707 763.6772 762.5727
-9999 -9999 -9999 -9999 -9999 -9999 -9999 -9999 -9999 -9999 -9999 -9999 -9999 -9999 -9999 -9999 -9999 763.9872 763.1417 762.8132 762.2933 761.0643 758.8141 756.8629 755.7816 755.906 756.0046 756.2542 756.1262 755.5655 755.2021 755.0753 755.0319 755.0243 754.9315 754.6127 754.5148 754.8561 755.7505 755.9427 756.0912 756.6522 757.0822 756.6471 756.3509 756.3873 756.368 755.9951 755.8086 756.4581 756.7508 756.7482 756.1908 756.7873 757.9613 758.9159 759.6714 760.5469 761.449 762.0995 762.3269 762.6651 762.5432 762.5968 761.092 762.0522 761.6556 760.9053
-9999 -9999 -9999 -9999 -9999 -9999 -9999 -9999 -9999 -9999 -9999 -9999 -9999 -9999 -9999 -9999 -9999 765.0364 764.1611 763.5165 762.6248 761.063 758.7998 756.6629 755.2142 755.9052 755.981 755.9031 755.2819 754.6533 754.4788 754.4742 754.4829 754.4754 754.4062 754.1484 754.2631 754.5648 755.0774 755.2276 755.1271 755.3079 755.5811 755.3137 755.3491 755.6492 755.6016 755.423 755.4746 756.8044 756.4716 755.543 754.1385 754.5332 755.6031 756.3965 757.1758 758.1743 759.1782 759.9059 760.3987 760.8088 760.7604 760.585 760.2554 759.7172 759.3258 759.1749
-9999 -9999 -9999 -9999 -9999 -9999 -9999 -9999 -9999 -9999 -9999 -9999 -9999 -9999 -9999 -9999 -9999 766.0685 765.0012 763.9883 762.9243 761.4467 759.2164 757.3475 756.0449 755.9954 755.7704 755.3405 754.597 754.1561 754.0089 753.9878 753.9901 753.9352 753.7618 753.4532 753.3121 754.0052 754.4743 754.7335 754.7517 754.7821 754.8147 754.6728 754.5284 754.6349 754.8933 755.1244 755.585 756.6581 755.9449 754.9722 754.2653 754.1932 754.6299 755.1014 755.6605 756.5102 757.2247 757.6901 757.8818 757.9993 757.9218 757.9805 757.8838 757.4734 757.0847 757.1771
-9999 -9999 -9999 -9999 -9999 -9999 -9999 -9999 -9999 -9999 -9999 -9999 -9999 -9999 -9999 -9999 -9999 766.8434 765.4139 764.0444 762.925 761.5545 759.6279 758.085 756.7705 756.1717 755.7115 755.1843 754.501 754.0542 753.8395 753.7549 753.7037 753.6171 753.4348 753.1602 752.9785 753.1924 753.9457 754.4774 754.6359 754.6041 754.489 754.4489 754.227 754.2427 754.482 754.7711 755.0109 755.1221 754.5668 753.9348 754.0125 754.2784 754.5418 755.0536 755.8047 755.9446 756.0245 755.9426 755.6318 755.5444 755.6266 755.8322 756.1647 756.0992 755.681 755.8307
-9999 -9999 -9999 -9999 -9999 -9999 -9999 -9999 -9999 -9999 -9999 -9999 -9999 -9999 -9999 -9999 768.1 766.9333 765.2006 763.6129 762.524 761.2474 759.5862 757.9832 756.963 756.2953 755.8527 755.4771 754.8983 754.2837 753.9169 753.7552 753.677 753.6012 753.4799 753.3293 753.2653 753.4564 753.9822 754.4618 754.5939 754.4582 754.1932 754.0339 753.8897 753.9459 754.186 754.4691 754.492 754.1472 753.0535 752.0662 753.4105 754.3378 754.4966 754.8406 755.2659 755.3324 755.1345 754.7608 754.2302 754.0926 754.287 754.4736 755.0894 755.6019 755.0733 755.1355
-9999 -9999 -9999 -9999 -9999 -9999 -9999 -9999 -9999 -9999 -9999 -9999 -9999 -9999 -9999 -9999 767.7662 766.3077 764.6697 763.2063 762.001 760.5121 758.7781 757.5917 756.8925 756.324 756.1111 756.2077 756.0322 754.7185 754.1064 753.8801 753.8236 753.8054 753.7769 753.7471 753.7686 753.9056 754.0887 754.1962 754.2386 753.9073 753.6485 753.5087 753.4528 753.5933 753.8497 754.1575 754.2419 753.7361 751.6658 749.9979 752.4523 753.9843 754.4504 754.5113 754.6664 754.7258 754.2586 753.6622 755.0089 754.6725 754.5103 754.7411 754.7079 754.8602 754.9981 754.9999
-9999 -9999 -9999 -9999 -9999 -9999 -9999 -9999 -9999 -9999 -9999 -9999 -9999 -9999 -9999 -9999 766.8473 765.3122 764.0301 762.8185 761.4786 759.5976 757.8094 756.9289 756.4239 756.1583 756.3015 756.9391 756.09 754.7305 754.1701 754.0076 754.0197 754.0801 754.1287 754.1567 754.1926 754.2904 754.107 753.6019 753.1862 753.0032 752.9507 752.9442 752.972 753.2142 753.4495 753.8334 754.1504 754.1187 752.7229 751.9985 753.1323 754.231 754.4169 754.1454 754.0675 754.287 753.0341 754.2803 755.3923 755.2512 755.0451 755.846 755.4821 755.203 755.1437 755.1542
-9999 -9999 -9999 -9999 -9999 -9999 -9999 -9999 -9999 -9999 -9999 -9999 -9999 -9999 -9999 -9999 766.0735 764.5222 763.5187 762.4963 760.8282 758.8174 757.1542 756.3436 756.0298 756.1021 756.92 756.6317 755.7286 754.6028 754.1887 754.1208 754.2022 754.3108 754.365 754.3108 754.1576 754.4708 754.1851 753.1744 752.6743 752.4756 752.4522 752.5187 752.6633 752.9216 752.992 753.3723 753.7584 754.1719 754.1297 753.5593 753.9023 754.3754 753.4926 752.4561 753.5447 754.7048 754.4792 754.9982 755.9214 755.6198 755.0817 756.3036 756.0372 755.6612 755.5054 755.5717
-9999 -9999 -9999 -9999 -9999 -9999 -9999 -9999 -9999 -9999 -9999 -9999 -9999 -9999 -9999 -9999 765.8508 764.3047 763.2354 762.1528 760.3259 758.2841 756.756 755.9917 755.7921 755.9872 756.3417 756.0473 755.3208 754.5141 754.2315 754.2296 754.3413 754.4498 754.4241 754.0522 752.7777 753.9698 754.3327 753.1503 752.5166 752.2391 752.1711 752.2267 752.371 752.5682 752.7001 752.9346 753.0769 753.5605 753.7727 753.6143 753.6475 753.5632 752.0825 753.2345 754.5861 755.3582 755.2192 755.0693 755.6361 755.5969 754.6014 756.0728 756.2961 756.0229 755.9639 756.1731
-9999 -9999 -9999 -9999 -9999 -9999 -9999 -9999 -9999 -9999 -9999 -9999 -9999 -9999 -9999 -9999 766.0896 764.334 763.1552 762.0887 760.3843 758.4552 756.7766 755.8986 755.6047 755.653 755.7372 755.4934 754.9932 754.4846 754.2979 754.3226 754.4335 754.5275 754.4722 754.0535 752.772 754.0911 754.0188 753.0452 752.4854 752.1901 752.0715 752.0806 752.1902 752.3588 752.5217 752.6907 752.7953 752.963 752.9897 752.8674 752.7684 752.975 753.5258 754.5031 755.6067 755.9899 755.8458 755.5115 755.3966 755.0339 754.9481 755.9636 756.4846 756.407 756.5479 757.153
-9999 -9999 -9999 -9999 -9999 -9999 -9999 -9999 -9999 -9999 -9999 -9999 -9999 -9999 -9999 -9999 766.3057 764.5287 763.2523 762.2481 760.8008 759.129 757.5599 756.1428 755.5708 755.4172 755.3362 755.1165 754.7866 754.4793 754.361 754.3834 754.4718 754.5527 754.5521 754.3944 754.0949 754.2129 753.8282 753.0361 752.6066 752.309 752.1335 752.0856 752.1625 752.3373 752.55 752.7302 752.781 752.6657 752.3201 751.7791 751.2733 751.7099 752.9219 754.4409 755.1229 755.2748 755.9645 755.8276 755.6313 755.4265 755.2665 755.948 756.3032 756.4336 756.8307 757.8086
-9999 -9999 -9999 -9999 -9999 -9999 -9999 -9999 -9999 -9999 -9999 -9999 -9999 -9999 -9999 -9999 766.4139 764.7775 763.735 762.9643 761.5532 759.801 758.0371 756.3463 755.6198 755.3511 755.0554 754.8641 754.6727 754.4813 754.4075 754.4052 754.4482 754.4933 754.5041 754.4415 754.3162 754.1794 753.8141 753.2988 752.9346 752.5881 752.3369 752.2261 752.2825 752.5052 752.8395 753.1347 753.1116 752.752 752.0671 751.138 750.0676 751.1917 751.8622 753.5651 755.0478 755.4999 755.9987 755.9996 755.9869 756.0939 756.2262 756.1699 756.1418 756.204 756.6355 757.731
-9999 -9999 -9999 -9999 -9999 -9999 -9999 -9999 -9999 -9999 -9999 -9999 -9999 -9999 -9999 -9999 766.9289 765.2563 764.1227 763.2289 761.8563 759.8151 757.8196 756.3749 755.7011 755.2468 755.2544 755.0356 754.8012 754.5892 754.4794 754.4069 754.383 754.3683 754.337 754.2815 754.1893 754.0541 753.8239 753.5396 753.2783 752.9644 752.6593 752.4753 752.5037 752.8109 753.4163 754.1671 753.7821 753.2009 752.3472 751.4027 750.618 750.7496 751.0063 752.3036 753.9271 755.0576 755.8352 756.0322 756.3668 757.0933 757.4448 756.6472 756.1207 755.8806 756.0592 756.9272
-9999 -9999 -9999 -9999 -9999 -9999 -9999 -9999 -9999 -9999 -9999 -9999 -9999 -9999 -9999 770.1398 768.0677 766.1081 764.5825 763.1562 761.2089 758.9571 757.2029 756.1619 755.4382 755.6305 755.4865 755.2739 754.9996 754.7137 754.4797 754.368 754.2997 754.2222 754.1263 754.0277 753.9438 753.8728 753.8036 753.7473 753.6934 753.538 753.1755 752.833 752.7392 753.0642 754.049 754.2883 754.1278 753.6383 752.8442 752.1399 751.6555 751.2446 751.041 751.1319 752.3334 753.7911 755.152 756.383 757.36 758.2839 758.7026 757.7642 756.3988 755.7079 755.5995 756.1373
-9999 -9999 -9999 -9999 -9999 -9999 -9999 -9999 -9999 -9999 -9999 -9999 -9999 -9999 -9999 771.8325 769.6812 767.3508 765.0895 762.7365 760.1238 757.8889 756.5355 755.6295 756.0432 755.9998 755.8632 755.6271 755.281 754.8937 754.504 754.3612 754.2503 754.1093 753.932 753.7644 753.6609 753.6429 753.7082 753.8566 754.0704 754.2541 754.1534 753.348 752.8979 752.8949 753.1743 753.5858 753.9307 753.6077 753.1215 752.8945 753.1015 752.8096 752.2138 751.6366 751.226 752.7832 754.8348 756.6193 758.0673 758.4738 758.9291 758.2817 756.6425 755.5659 755.2805 755.7037
-9999 -9999 -9999 -9999 -9999 -9999 -9999 -9999 -9999 -9999 -9999 -9999 -9999 -9999 -9999 -9999 771.4254 768.9606 766.0327 762.9147 759.8752 757.3719 755.8209 756.7966 756.7796 756.5801 756.3276 756.0143 755.5768 755.176 754.8109 754.4803 754.2767 754.0668 753.7943 753.5265 753.3716 753.3647 753.4911 753.7296 754.0739 754.4531 754.4125 753.9872 753.0472 752.8881 752.9692 753.2277 753.4293 753.274 753.0593 753.1815 754.0613 752.7198 753.0823 753.3578 752.2915 752.1301 754.0636 756.0876 757.5345 757.4192 758.2317 757.4775 755.8325 755.0927 755.0866 755.8931
-9999 -9999 -9999 -9999 -9999 -9999 -9999 -9999 -9999 -9999 -9999 -9999 -9999 -9999 -9999 -9999 772.9117 770.7286 767.5212 764.0213 760.7244 758.0458 756.0123 757.8273 757.49 757.105 756.6784 756.1836 755.6567 755.1902 754.8021 754.4836 754.3145 754.1011 753.7345 753.3341 753.1068 753.0743 753.1801 753.345 753.5502 753.7493 753.7252 753.1734 752.9166 752.9489 752.8866 753.0052 753.0559 752.9634 752.9582 753.4341 753.9788 753.0485 753.9564 754.1629 752.1718 751.1283 752.7487 754.7094 756.1378 756.48 756.8652 756.2242 754.8961 754.7802 755.3969 755.9969
-9999 -9999 -9999 -9999 -9999 -9999 -9999 -9999 -9999 -9999 -9999 -9999 -9999 -9999 -9999 -9999 774.6001 772.6147 769.3984 765.7775 762.3874 759.5384 757.4049 756.2036 757.0854 757.4709 756.8807 756.217 755.5779 755.0549 754.6943 754.4805 754.3977 754.2415 753.7728 753.2021 752.9402 752.8858 752.9369 752.9482 752.9526 752.9628 752.9539 753.0251 753.0782 753.1071 752.6512 752.8296 752.8362 752.7974 752.969 753.6986 754.4186 754.4321 754.8212 753.8489 751.8857 750.4324 751.6213 753.367 754.5036 755.2438 755.7717 755.7661 754.5719 754.7916 755.7706 755.9354
-9999 -9999 -9999 -9999 -9999 -9999 -9999 -9999 -9999 -9999 -9999 -9999 -9999 -9999 -9999 -9999 -9999 774.1268 771.2207 767.7943 764.517 761.7641 759.6599 758.4746 758.336 757.3788 756.8972 756.1918 755.4309 754.8367 754.5264 754.4457 754.48 754.4583 753.8944 753.1411 753.0548 752.9962 752.9468 752.7811 752.7785 753.0073 753.5684 754.118 754.1376 753.5377 751.6008 752.6354 752.7269 752.7719 753.0681 753.9092 754.5473 754.9084 755.1212 753.6374 752.2164 751.2357 751.7285 752.8704 753.4001 754.2686 755.2882 755.502 754.5104 755.4981 756.0071 756.0674
-9999 -9999 -9999 -9999 -9999 -9999 -9999 -9999 -9999 -9999 -9999 -9999 -9999 -9999 -9999 -9999 -9999 -9999 772.869 769.7818 766.7325 764.1537 762.2317 761.0638 760.3387 759.0685 757.7701 756.5104 755.3767 754.5981 754.3245 754.3654 754.48 754.4332 753.9316 753.209 753.9962 753.7588 753.176 752.8537 753.0126 753.6004 754.2985 754.6619 754.9052 753.7754 752.8526 752.7473 752.7463 752.9687 753.5605 754.3929 754.7281 754.0692 755.0263 753.4991 752.5554 752.2418 752.7816 753.5239 753.4272 753.3987 754.4003 754.4786 754.1719 755.5157 756.0422 756.2454
-9999 -9999 -9999 -9999 -9999 -9999 -9999 -9999 -9999 -9999 -9999 -9999 -9999 -9999 -9999 -9999 -9999 -9999 774.4368 771.7408 768.8605 766.3454 764.4899 763.269 762.2178 760.6345 758.8151 756.9904 755.3922 754.3607 754.1649 754.3317 754.4799 754.2403 753.1227 753.9913 754.4368 754.2141 753.2678 753.1008 753.6575 754.2585 754.4998 754.5262 755.1206 755.1395 753.9346 753.0936 752.9658 753.322 754.0461 754.9965 755.4164 755.0858 754.6398 753.2548 752.769 752.9191 753.572 753.8636 753.6738 753.1776 753.2556 753.6504 754.2245 755.0991 755.5108 755.0228
-9999 -9999 -9999 -9999 -9999 -9999 -9999 -9999 -9999 -9999 -9999 -9999 -9999 -9999 -9999 -9999 -9999 -9999 -9999 773.4968 770.7924 768.2368 766.2944 764.906 763.5923 761.7947 759.6751 757.4893 755.5187 754.2517 754.2474 754.5414 754.7451 754.4338 753.2736 754.2497 754.1418 753.522 752.9783 753.8809 754.6145 755.1242 754.9512 754.4815 754.8367 754.9343 754.2785 753.6427 753.4456 753.6498 754.1458 754.8133 755.7814 755.83 754.6805 753.296 752.9144 753.0803 753.5137 753.7019 753.4039 752.9211 752.7546 752.9974 753.6641 754.4526 754.4849 754.5088
-9999 -9999 -9999 -9999 -9999 -9999 -9999 -9999 -9999 -9999 -9999 -9999 -9999 -9999 -9999 -9999 -9999 -9999 -9999 -9999 -9999 769.8492 767.8022 766.2069 764.6652 762.6994 760.3768 758.0043 756.0176 754.9474 754.8949 755.1268 755.4872 755.5599 754.1718 753.7145 753.0845 752.9929 753.3273 754.3813 755.2815 755.4871 754.9324 754.4796 754.5423 754.5972 754.3353 754.0229 753.88 753.9368 754.1865 754.5131 754.9878 755.6797 754.8793 753.7215 753.1157 753.0297 753.1909 753.2486 753.0313 752.7059 752.5967 752.8728 753.561 754.7333 755.3896 755.6652
-9999 -9999 -9999 -9999 -9999 -9999 -9999 -9999 -9999 -9999 -9999 -9999 -9999 -9999 -9999 -9999 -9999 -9999 -9999 -9999 -9999 -9999 -9999 767.5026 765.7606 763.6823 761.2825 758.8564 756.9286 755.8122 755.7401 755.7186 756.0994 756.5155 755.2183 754.2111 754.1008 754.0596 754.1246 754.9355 755.8604 755.6263 754.6548 754.257 754.2419 754.3319 754.3392 754.3157 754.2738 754.2222 754.3302 754.3597 754.482 754.7455 755.3298 754.0593 753.1929 752.8778 752.8585 752.8737 752.793 752.6989 752.8209 753.3911 754.4877 755.5063 755.6758 754.4891
-9999 -9999 -9999 -9999 -9999 -9999 -9999 -9999 -9999 -9999 -9999 -9999 -9999 -9999 -9999 -9999 -9999 -9999 -9999 -9999 -9999 -9999 -9999 768.9893 767.2538 765.1717 762.8021 760.3956 758.3403 756.9706 756.2513 756.1135 756.5313 756.9305 756.1118 755.432 755.5094 755.0886 754.8491 755.6874 756.0619 755.8113 754.636 754.1473 754.0873 754.2142 754.3871 754.6212 754.6963 754.4949 754.6724 754.4513 754.4957 754.8631 755.2071 754.1193 753.0728 752.6775 752.6028 752.6681 752.7813 752.9676 753.4097 754.402 755.1353 754.5044 755.0602 755.4885
-9999 -9999 -9999 -9999 -9999 -9999 -9999 -9999 -9999 -9999 -9999 -9999 -9999 -9999 -9999 -9999 -9999 -9999 -9999 -9999 -9999 -9999 -9999 -9999 769.0463 767.1107 764.8844 762.5791 760.4684 758.7698 757.574 757.0884 757.0282 757.0861 757.0437 757.0768 757.048 756.146 755.6678 755.9786 756.0924 755.8524 754.7146 754.2065 754.1497 754.2966 754.4921 754.9634 755.1742 754.6823 755.1713 754.5618 754.4816 754.8075 754.9636 753.8773 752.9495 752.5143 752.4346 752.595 752.9485 753.5249 754.4086 755.4178 755.7892 755.4612 754.6282 754.6298
-9999 -9999 -9999 -9999 -9999 -9999 -9999 -9999 -9999 -9999 -9999 -9999 -9999 -9999 -9999 -9999 -9999 -9999 -9999 -9999 -9999 -9999 -9999 -9999 -9999 -9999 767.1518 765.0576 763.0615 761.1786 759.6175 758.6398 758.0953 757.9629 758.1177 758.4595 757.9148 756.7608 756.0313 756.0709 756.8147 756.1587 755.1075 754.4972 754.5136 754.7234 754.6527 755.1767 755.2914 755.3666 755.1537 754.8402 754.5031 754.4716 754.1677 753.2194 752.6134 752.2976 752.2685 752.4957 752.9683 753.7128 754.7569 755.7941 756.1323 755.0467 754.491 754.5426
-9999 -9999 -9999 -9999 -9999 -9999 -9999 -9999 -9999 -9999 -9999 -9999 -9999 -9999 -9999 -9999 -9999 -9999 -9999 -9999 -9999 -9999 -9999 -9999 -9999 -9999 769.189 767.3856 765.6311 763.7676 761.9769 760.5063 759.468 758.9653 759.0635 759.3086 758.5005 756.8481 756.2128 756.2435 756.951 756.4879 755.4014 754.8231 755.197 755.9129 755.4254 755.0903 755.2703 755.9557 755.9035 755.278 754.5214 754.1703 753.7054 752.9658 752.4235 752.1344 752.1066 752.3145 752.717 753.259 753.8258 754.2476 754.3474 754.0284 754.221 754.4316
