backend/lakes/data/Pinehurst Lake/pinh_dem_tm.asc
ncols         245
nrows         216
xllcorner     724950
yllcorner     6055450
cellsize      50
NODATA_value  -9999
[rows 90 to 119 of 216, columns 67 to 133 of 245]
586.481 585.1268 584.0469 583.1165 582.4075 581.9614 581.5181 580.9975 580.7925 580.6208 580.1492 579.7509 579.2979 578.8657 578.4167 577.9698 577.5161 577.0658 576.6251 576.2034 575.809 575.4474 575.1249 574.8468 574.6172 574.437 574.3019 574.2057 574.1385 574.0897 574.0543 574.0315 574.0196 574.0281 574.0765 574.1652 574.2893 574.4723 574.7207 574.9781 575.2178 575.4791 575.7838 576.0839 576.2965 576.3864 576.447 576.6135 576.9478 577.4056 577.8395 578.1421 578.3165 578.4855 578.858 579.6923 581.2258 583.6687 586.0906 587.8643 589.0646 589.7736 590.041 590.2266 590.6411 590.8781 590.917
583.6308 582.8119 582.1083 581.539 580.9915 580.779 580.5931 580.1401 579.8726 579.6558 579.3041 578.9401 578.5503 578.1627 577.7675 577.3677 576.9667 576.5723 576.1946 575.8408 575.5159 575.2223 574.9621 574.7379 574.5518 574.4034 574.2896 574.2041 574.14 574.089 574.0472 574.0153 573.9949 573.9959 574.0381 574.1273 574.2546 574.4386 574.6978 574.9771 575.2291 575.4944 575.8026 576.1086 576.3323 576.4274 576.4841 576.6518 576.9994 577.4592 577.9017 578.196 578.3395 578.4658 578.8001 579.6234 581.2103 583.801 586.5821 588.9084 590.5002 591.3943 591.6515 591.6575 591.6891 591.6101 591.479
581.8385 581.4196 580.9244 580.6262 580.1323 579.8373 579.6013 579.2695 579.0065 578.7794 578.5028 578.2021 577.8834 577.5541 577.2211 576.8819 576.5421 576.2091 575.8912 575.596 575.3268 575.0856 574.8732 574.6904 574.5381 574.4153 574.3185 574.2423 574.1802 574.1257 574.0767 574.0353 574.0041 573.9941 574.0269 574.1116 574.24 574.4228 574.6853 574.983 575.2529 575.5211 575.8375 576.1392 576.3615 576.4597 576.5189 576.6917 577.053 577.5274 577.962 578.2389 578.3528 578.4446 578.754 579.5813 581.236 584.0089 587.187 590.2397 592.4 593.381 593.5341 593.2505 592.9002 592.4398 592.1414
580.7991 580.6577 580.1913 579.797 579.3619 579.0243 578.7444 578.4586 578.213 578.0007 577.7821 577.5477 577.2963 577.0341 576.7615 576.49 576.2146 575.9437 575.6833 575.4395 575.2162 575.015 574.8374 574.6843 574.5564 574.453 574.37 574.3022 574.2432 574.1866 574.1316 574.0814 574.0409 574.0195 574.04 574.1166 574.2416 574.4215 574.6818 574.9905 575.276 575.5526 575.8705 576.1796 576.3954 576.5011 576.5708 576.7477 577.1072 577.5852 578.0247 578.2868 578.3708 578.4346 578.7313 579.5778 581.3251 584.3548 588.1142 591.7275 594.2349 595.5551 595.7612 595.0494 594.1547 593.293 592.9022
580.1132 579.8874 579.4982 579.0934 578.6843 578.3304 578.0306 577.7617 577.5338 577.3411 577.1642 576.9865 576.7976 576.5956 576.386 576.1693 575.9574 575.7456 575.5393 575.3421 575.1573 574.9879 574.8362 574.7043 574.5936 574.5039 574.4323 574.3721 574.3175 574.2618 574.2034 574.1462 574.0974 574.0667 574.0746 574.14 574.2581 574.4312 574.6853 574.9987 575.295 575.575 575.8958 576.2167 576.4353 576.5563 576.6407 576.8209 577.1655 577.627 578.0646 578.3293 578.4045 578.4487 578.7277 579.5713 581.359 584.5255 588.6167 592.531 594.9789 596.9861 597.6232 596.6331 595.4167 594.3907 593.7026
579.5469 579.2685 578.8986 578.5054 578.1192 577.7708 577.4695 577.2103 576.9945 576.8188 576.6696 576.5322 576.3922 576.2427 576.0827 575.9189 575.7524 575.5923 575.4346 575.2794 575.1288 574.9858 574.8545 574.7384 574.6404 574.5613 574.4983 574.4459 574.3969 574.3445 574.2861 574.2255 574.1694 574.1305 574.127 574.1795 574.2877 574.451 574.6936 575.0065 575.3107 575.5886 575.9044 576.2356 576.4789 576.6127 576.7183 576.8976 577.2194 577.6493 578.0749 578.3506 578.4391 578.481 578.7308 579.5128 581.2122 584.2554 588.3344 592.5402 595.6575 597.9194 599.0479 597.9292 596.4636 595.4069 594.6777
579.0262 578.7579 578.406 578.0344 577.6753 577.3474 577.0596 576.8149 576.6118 576.4467 576.3119 576.1959 576.0864 575.9736 575.8536 575.7276 575.6014 575.4761 575.3553 575.236 575.1158 574.9965 574.8824 574.7791 574.691 574.6204 574.5654 574.5204 574.4787 574.432 574.3766 574.3156 574.2561 574.2092 574.1951 574.234 574.3301 574.4808 574.707 575.012 575.322 575.5977 575.9012 576.2368 576.4977 576.6558 576.7825 576.9613 577.2509 577.6458 578.0598 578.3573 578.4773 578.5283 578.7336 579.3853 580.8532 583.5084 587.3279 591.6379 595.1259 596.9296 598.0797 598.0217 597.187 596.2872 595.7828
578.5598 578.3344 578.0093 577.6697 577.3481 577.0544 576.7927 576.5677 576.3795 576.223 576.093 575.9828 575.8849 575.7907 575.6949 575.5966 575.4967 575.3991 575.3033 575.2084 575.1121 575.0135 574.9151 574.823 574.7433 574.6799 574.6323 574.5954 574.5617 574.5231 574.4739 574.4155 574.3551 574.304 574.2792 574.304 574.3859 574.5217 574.7285 575.0165 575.3274 575.6019 575.8915 576.225 576.4999 576.6688 576.8024 576.9872 577.2591 577.6149 578.0212 578.3603 578.5339 578.6107 578.7637 579.2272 580.3364 582.4493 585.9623 590.0572 593.5696 595.3517 597.3189 597.7578 597.7354 597.1478 596.5997
578.159 577.9888 577.6953 577.3979 577.1254 576.876 576.6492 576.4501 576.2784 576.1296 576.0001 575.8866 575.7859 575.694 575.6063 575.5212 575.4384 575.3579 575.2798 575.202 575.1218 575.0381 574.9527 574.8706 574.7983 574.7413 574.7002 574.6708 574.6461 574.6171 574.5767 574.5244 574.4662 574.4127 574.3806 574.3905 574.4565 574.5757 574.7607 575.0258 575.3281 575.6 575.8762 576.2037 576.4977 576.6668 576.7924 576.9714 577.235 577.567 577.9695 578.3649 578.6185 578.7533 578.8798 579.1764 579.9634 581.6394 584.6915 588.5245 592.3366 595.3743 597.6634 598.527 598.5974 597.8907 597.2461
577.7655 577.6951 577.444 577.2083 576.9977 576.7993 576.6089 576.4376 576.2811 576.1378 576.0063 575.8855 575.7762 575.6763 575.5842 575.4995 575.4219 575.3506 575.2838 575.2179 575.1494 575.0764 575.0002 574.9257 574.8593 574.8071 574.7715 574.7489 574.733 574.7144 574.6846 574.6414 574.5887 574.5358 574.4979 574.4954 574.5433 574.645 574.8061 575.0438 575.3304 575.5963 575.8542 576.173 576.4932 576.6822 576.7854 576.9417 577.199 577.5241 577.9255 578.3749 578.7214 578.9462 579.094 579.2862 579.8274 581.1519 583.7146 587.1541 590.731 593.895 596.4272 598.2407 598.9448 598.2761 597.8284
577.5101 577.3849 577.2553 577.1196 576.975 576.8228 576.6638 576.5076 576.3571 576.2136 576.0779 575.9503 575.8313 575.7207 575.6185 575.526 575.4444 575.3739 575.312 575.2542 575.1948 575.1306 575.0619 574.993 574.9308 574.8818 574.8498 574.8327 574.8247 574.816 574.7979 574.7656 574.7213 574.6716 574.6311 574.6178 574.6486 574.7302 574.8667 575.0737 575.3372 575.5975 575.8352 576.1306 576.4683 576.7218 576.826 576.9443 577.1758 577.4999 577.9008 578.3852 578.8165 579.1409 579.3538 579.5013 579.8522 580.8257 582.7986 585.8746 589.0331 591.7801 594.2501 596.3583 597.8267 598.4291 598.036
577.5864 577.453 577.3324 577.2124 577.084 576.9449 576.7955 576.6409 576.4865 576.3361 576.1922 576.0555 575.9265 575.8051 575.6919 575.5891 575.4994 575.4241 575.3617 575.3076 575.2552 575.1993 575.1378 575.0745 575.0154 574.9684 574.9385 574.9253 574.9236 574.9242 574.9172 574.8968 574.8623 574.8188 574.778 574.757 574.7716 574.833 574.9445 575.1187 575.3521 575.6022 575.8298 576.0897 576.4212 576.7271 576.9121 577.0192 577.2043 577.5074 577.9026 578.3832 578.8625 579.2656 579.5669 579.7347 579.9529 580.5679 581.9165 584.6263 587.4537 589.9489 592.129 594.0519 595.7109 596.6099 597.1346
577.855 577.7196 577.5856 577.4491 577.3053 577.1521 576.9895 576.8213 576.6528 576.4883 576.3309 576.1823 576.0423 575.9103 575.787 575.6745 575.5762 575.4946 575.429 575.3756 575.3279 575.2791 575.2253 575.1681 575.113 575.0679 575.0392 575.0284 575.0314 575.04 575.0435 575.0348 575.0113 574.9753 574.9371 574.9108 574.9116 574.953 575.0403 575.181 575.3805 575.6096 575.8359 576.0685 576.3665 576.691 576.9536 577.1255 577.3011 577.564 577.9407 578.3812 578.8509 579.2816 579.6607 579.9166 580.1407 580.5569 581.3751 583.6284 586.1987 588.4592 590.3308 592.1078 593.806 595.2736 596.1193
578.209 578.0728 577.924 577.7642 577.5941 577.4146 577.2269 577.0349 576.8439 576.6592 576.4841 576.3197 576.1667 576.024 575.8912 575.7701 575.6643 575.5767 575.5079 575.4546 575.4105 575.3682 575.3221 575.2717 575.2216 575.1792 575.1519 575.1426 575.1488 575.1638 575.1769 575.1793 575.1671 575.14 575.1057 575.0771 575.0666 575.0887 575.1531 575.2626 575.4257 575.6265 575.8434 576.069 576.3326 576.6336 576.9327 577.1827 577.403 577.6649 578.0084 578.4113 578.8224 579.2177 579.6144 579.9689 580.3135 580.749 581.1147 582.8981 585.1568 587.291 589.0013 590.5432 592.2595 593.8012 594.9908
578.5848 578.4467 578.2843 578.1025 577.9058 577.6981 577.4829 577.2645 577.0483 576.8401 576.6442 576.4624 576.2946 576.14 575.998 575.8692 575.7567 575.6641 575.5926 575.5397 575.4996 575.4642 575.4264 575.3839 575.3398 575.3011 575.2755 575.2676 575.2762 575.2961 575.3171 575.3297 575.3282 575.3107 575.2815 575.2521 575.2336 575.2384 575.2808 575.3624 575.488 575.6592 575.8528 576.0746 576.3214 576.5978 576.8782 577.1714 577.4542 577.7567 578.0925 578.4708 578.8336 579.1618 579.4835 579.8297 580.185 580.4688 580.9261 582.4371 584.4234 586.5644 588.0882 589.3765 590.7192 592.3066 593.7007
578.9759 578.8231 578.641 578.4354 578.2123 577.9773 577.7352 577.4917 577.2517 577.0209 576.8044 576.6048 576.4225 576.2562 576.1047 575.9687 575.8504 575.7534 575.6797 575.6277 575.5919 575.564 575.5358 575.5028 575.4666 575.4329 575.4097 575.4031 575.4135 575.4369 575.4642 575.4854 575.4937 575.4853 575.4619 575.4329 575.4091 575.3998 575.4202 575.4775 575.5692 575.7034 575.8773 576.0772 576.3155 576.5762 576.8435 577.1268 577.4455 577.7892 578.1465 578.5276 578.9005 579.1851 579.3964 579.6211 579.8917 580.2232 580.8551 582.2567 584.098 586.1347 587.4653 588.5313 589.5714 590.7635 592.2892
579.3775 579.2017 578.992 578.7563 578.5031 578.239 577.9706 577.7027 577.4411 577.1907 576.9564 576.741 576.5456 576.3689 576.2096 576.0675 575.9443 575.8438 575.7683 575.7171 575.6856 575.6656 575.6478 575.6261 575.5996 575.573 575.5537 575.5488 575.5605 575.5861 575.6182 575.6462 575.6627 575.6627 575.6453 575.6173 575.5892 575.5695 575.5693 575.6029 575.6672 575.7648 575.9062 576.0922 576.3102 576.5558 576.8115 577.0888 577.4189 577.79 578.1783 578.5589 578.9429 579.2539 579.4309 579.5393 579.7372 580.1061 580.8477 582.2227 583.8954 585.6276 586.9711 587.9583 588.7946 589.6978 590.8346
579.7708 579.5659 579.3242 579.0554 578.7694 578.475 578.1794 577.8885 577.6072 577.3401 577.0916 576.864 576.6583 576.4738 576.309 576.163 576.037 575.9344 575.8578 575.8077 575.7803 575.7679 575.761 575.7516 575.7369 575.7195 575.7059 575.7039 575.7169 575.744 575.7792 575.8125 575.8354 575.8425 575.8306 575.804 575.7722 575.7444 575.7269 575.7361 575.7769 575.8438 575.949 576.106 576.3129 576.5434 576.7853 577.0458 577.3752 577.7759 578.2015 578.5851 578.9393 579.271 579.4913 579.6127 579.7413 580.1047 580.8682 582.2751 583.8306 585.3874 586.7982 587.6942 588.3875 589.1023 589.9986
580.1322 579.8969 579.6219 579.3185 578.999 578.6744 578.3531 578.0413 577.7435 577.4634 577.2042 576.9683 576.7561 576.5669 576.3993 576.2523 576.1261 576.0234 575.9473 575.899 575.8757 575.8707 575.8746 575.8782 575.8766 575.8702 575.8646 575.8668 575.8817 575.91 575.9472 575.9842 576.0121 576.0243 576.0171 575.9919 575.9568 575.9213 575.8911 575.8762 575.8939 575.9374 576.0099 576.1302 576.312 576.5355 576.7712 577.0212 577.3256 577.728 578.189 578.6267 578.9645 579.2548 579.5173 579.7039 579.8818 580.1963 580.8743 582.2299 583.8187 585.3912 586.7878 587.6057 588.261 588.9005 589.6233
580.4308 580.1732 579.8679 579.5316 579.1807 578.8287 578.4852 578.1567 577.847 577.5585 577.2933 577.0529 576.8376 576.6471 576.4795 576.3336 576.2096 576.1094 576.0358 575.9905 575.9718 575.9741 575.9884 576.005 576.0175 576.0239 576.0281 576.0364 576.0543 576.0838 576.1221 576.1614 576.1926 576.2089 576.205 576.181 576.1431 576.0996 576.059 576.0249 576.0165 576.0408 576.0891 576.1738 576.3182 576.5253 576.7611 577.0123 577.3011 577.6761 578.1323 578.6192 579.0178 579.3095 579.5605 579.8083 580.067 580.4113 580.9738 582.2609 583.8258 585.4039 586.7914 587.5945 588.3214 589.0541 589.8646
580.6456 580.3776 580.0455 579.6796 579.3014 578.9274 578.5684 578.2305 577.9159 577.6256 577.3602 577.1199 576.9052 576.7158 576.5505 576.4083 576.2886 576.1929 576.1237 576.0826 576.0692 576.0786 576.1028 576.1323 576.1591 576.1794 576.1953 576.2114 576.2336 576.2649 576.3037 576.3441 576.3774 576.3962 576.3945 576.3709 576.3304 576.2802 576.2286 576.1811 576.1481 576.1498 576.1813 576.2404 576.3452 576.5203 576.7511 577.0093 577.2966 577.6439 578.0796 578.5496 579.0221 579.3851 579.6759 579.968 580.3108 580.7581 581.3284 582.4227 583.8472 585.3823 586.792 587.7081 588.509 589.3035 590.0997
580.8063 580.5039 580.1421 579.7498 579.35 578.9614 578.5959 578.259 577.9497 577.6663 577.4073 577.1726 576.9625 576.7773 576.6163 576.4794 576.3657 576.2761 576.2128 576.1774 576.1695 576.1859 576.2196 576.2612 576.3021 576.337 576.3655 576.3912 576.419 576.4527 576.4921 576.5327 576.567 576.587 576.5864 576.5623 576.519 576.4635 576.4013 576.342 576.2914 576.267 576.2803 576.3228 576.4001 576.5349 576.7459 577.0061 577.3019 577.6354 578.0303 578.4954 578.9544 579.3992 579.7797 580.134 580.5017 580.8618 581.5546 582.5627 583.8507 585.3337 586.7792 587.8698 588.8461 589.8232 590.7678
580.8114 580.5171 580.1466 579.7365 579.3208 578.9257 578.5652 578.2415 577.9497 577.6838 577.4396 577.2162 577.0146 576.8362 576.6818 576.5514 576.4448 576.3625 576.3062 576.2772 576.2758 576.2992 576.3414 576.3939 576.4481 576.4974 576.5394 576.5757 576.6103 576.6472 576.6874 576.7277 576.7616 576.7817 576.7813 576.756 576.7094 576.6486 576.5784 576.506 576.4432 576.3979 576.3868 576.4125 576.4727 576.5786 576.7546 577.0057 577.3033 577.6366 578.0062 578.4254 578.8946 579.3506 579.8072 580.275 580.7783 581.1948 581.8602 582.7639 583.9052 585.3706 586.863 588.2035 589.4075 590.5294 591.7065
580.8111 580.4872 580.0846 579.6464 579.2141 578.8193 578.4769 578.1818 577.9215 577.6843 577.4633 577.257 577.0675 576.8981 576.7513 576.6285 576.53 576.456 576.4076 576.3859 576.391 576.4211 576.4711 576.5334 576.5997 576.6624 576.7177 576.7653 576.8079 576.849 576.8903 576.9297 576.9622 576.9812 576.9799 576.953 576.9025 576.8358 576.7584 576.6752 576.5986 576.5408 576.507 576.509 576.5514 576.6392 576.7859 577.0089 577.2982 577.6305 577.9871 578.3757 578.8071 579.2768 579.7548 580.2611 580.8148 581.436 582.2014 583.1205 584.1964 585.7461 587.3477 589.0282 590.5775 592.0732 593.1927
580.8124 580.4274 579.9622 579.4819 579.0299 578.6427 578.3358 578.0881 577.8751 577.6777 577.4869 577.3018 577.127 576.9681 576.8301 576.7156 576.6256 576.5604 576.5205 576.5066 576.5187 576.5553 576.6122 576.6829 576.7593 576.834 576.9018 576.9607 577.012 577.0581 577.101 577.1395 577.1696 577.1864 577.1831 577.1539 577.0996 577.0264 576.9418 576.8495 576.7594 576.6864 576.6398 576.6188 576.6351 576.7031 576.8289 577.0207 577.2836 577.6012 577.9563 578.3278 578.7312 579.1807 579.6722 580.2072 580.828 581.6506 582.5931 583.6799 584.9723 586.6702 588.5582 590.5496 592.4662 594.004 595.249
580.7917 580.3032 579.7585 579.238 578.7687 578.3986 578.1524 577.9739 577.8236 577.6754 577.5193 577.3575 577.1986 577.0513 576.9225 576.8168 576.7358 576.6797 576.6486 576.6428 576.662 576.7046 576.7675 576.8447 576.9294 577.0142 577.0931 577.163 577.2231 577.275 577.32 577.3578 577.3853 577.3986 577.3922 577.36 577.3011 577.2218 577.1293 577.0289 576.9264 576.8381 576.7756 576.7407 576.7327 576.769 576.8707 577.0364 577.2639 577.5519 577.8888 578.2621 578.6593 579.0984 579.5953 580.1616 580.8436 581.7986 582.8554 584.0219 585.7103 587.734 590.1031 592.5933 594.804 596.4438 597.8525
580.5213 580.0151 579.4432 578.9181 578.4408 578.0958 577.9473 577.8578 577.7825 577.6882 577.5676 577.4289 577.2859 577.1508 577.0325 576.9363 576.8646 576.8179 576.7959 576.7981 576.824 576.8721 576.9398 577.0222 577.1129 577.2053 577.2933 577.3728 577.4416 577.4995 577.5474 577.5851 577.6098 577.6187 577.6083 577.5726 577.5088 577.4228 577.3223 577.2133 577.1011 576.9962 576.9164 576.8671 576.843 576.8503 576.9124 577.0453 577.241 577.4915 577.7976 578.1583 578.566 579.0201 579.5355 580.1291 580.8278 581.7229 582.8081 584.2115 586.3834 588.9164 591.7141 594.774 597.4566 599.5904 601.4006
580.263 579.6641 579.0764 578.5618 578.0838 577.7692 577.7589 577.76 577.7632 577.7205 577.6321 577.5151 577.3889 577.2679 577.1621 577.0771 577.0159 576.9789 576.9657 576.9756 577.0076 577.0603 577.1315 577.217 577.3115 577.4092 577.504 577.5911 577.6675 577.7315 577.7828 577.821 577.8437 577.8481 577.8326 577.7925 577.7241 577.6307 577.5224 577.4045 577.2822 577.1646 577.0645 576.9972 576.959 576.9465 576.9704 577.0555 577.2097 577.4249 577.698 578.0338 578.4403 578.9158 579.4655 580.0963 580.8094 581.5853 582.6533 584.2016 586.5783 589.4575 592.9213 596.8318 600.5427 603.729 606.323
579.8312 579.2017 578.6234 578.1404 577.764 577.585 577.6086 577.6843 577.7599 577.76 577.7031 577.6093 577.5039 577.402 577.3127 577.2418 577.1926 577.1659 577.1613 577.1781 577.2152 577.2712 577.3442 577.4308 577.5265 577.6264 577.7252 577.8178 577.9003 577.97 578.025 578.0644 578.0862 578.0869 578.0658 578.0206 577.9475 577.8475 577.7303 577.6041 577.4717 577.3414 577.2253 577.1359 577.0802 577.0501 577.0482 577.0857 577.186 577.3551 577.5919 577.9014 578.2921 578.7717 579.3417 579.9981 580.7256 581.347 582.386 583.9808 586.3405 589.4312 593.5668 598.5896 603.6374 608.1674 611.7671
579.3221 578.6847 578.1587 577.7642 577.5301 577.4542 577.5125 577.6213 577.7221 577.7599 577.7599 577.7021 577.6281 577.5531 577.4861 577.4329 577.3973 577.3813 577.385 577.4077 577.4484 577.506 577.5787 577.664 577.7584 577.8577 577.9573 578.0524 578.139 578.2134 578.2723 578.3138 578.3357 578.3344 578.3082 578.2576 578.1796 578.0736 577.9481 577.8125 577.6713 577.5287 577.3967 577.2888 577.2113 577.1637 577.1382 577.144 577.191 577.3025 577.4918 577.7644 578.1305 578.5941 579.1467 579.7555 580.3647 580.9357 581.9875 583.5153 585.6421 588.8148 593.4818 599.4334 605.8039 611.6433 616.3323
