backend/lakes/data/Pinehurst Lake/pinh_dem_tm.asc
ncols         245
nrows         216
xllcorner     724950
yllcorner     6055450
cellsize      50
NODATA_value  -9999
[rows 120 to 149 of 216, columns 0 to 66 of 245]
-9999 -9999 -9999 -9999 -9999 -9999 -9999 -9999 -9999 -9999 -9999 -9999 -9999 -9999 630.8897 626.2443 620.5168 614.2123 607.9448 602.3339 598.0093 594.9804 592.2398 590.1648 589.2218 589.0527 588.9364 589.1025 589.6274 590.3409 590.6937 590.6238 590.3037 589.8271 589.231 588.8764 588.7685 588.8606 588.8065 588.7878 588.7485 588.4967 587.7853 586.9883 586.4374 586.1488 586.0532 585.9702 585.8093 585.5197 585.194 584.8622 584.5341 584.2054 583.8615 583.5 583.1277 582.7705 582.4421 582.1443 581.8712 581.6122 581.3546 581.0853 580.7707 580.1962 579.5338
-9999 -9999 -9999 -9999 -9999 -9999 -9999 -9999 -9999 -9999 -9999 -9999 -9999 -9999 632.9046 628.1771 622.3275 615.9075 609.4999 603.717 599.1134 595.6501 592.7583 590.5721 589.601 589.4518 589.3403 589.7847 590.9258 592.5681 593.3575 593.2985 592.7398 591.8326 590.8514 590.3046 590.0236 589.9828 589.9733 589.9908 589.9774 589.7149 588.8356 587.8116 586.9705 586.5449 586.4324 586.272 585.9932 585.6469 585.2781 584.9111 584.559 584.2198 583.8627 583.433 582.9969 582.5981 582.2462 581.936 581.6558 581.3895 581.1167 580.8091 580.41 579.8224 579.1387
-9999 -9999 -9999 -9999 -9999 -9999 -9999 -9999 -9999 -9999 -9999 -9999 -9999 -9999 -9999 629.3558 623.5589 617.246 610.924 605.0925 600.1647 596.3569 593.4374 591.3601 590.1609 589.9109 589.7916 590.616 592.5626 594.7563 596.1611 596.5281 595.913 594.6699 593.416 592.5664 591.8875 591.653 591.6025 591.5824 591.4971 591.0956 590.021 588.757 587.6514 586.9579 586.792 586.4453 586.0889 585.7034 585.3002 584.8944 584.505 584.153 583.8348 583.3201 582.8164 582.3757 582.0027 581.6832 581.3943 581.112 580.8094 580.4572 580.0198 579.4646 578.8455
-9999 -9999 -9999 -9999 -9999 -9999 -9999 -9999 -9999 -9999 -9999 -9999 -9999 -9999 -9999 629.7426 624.1284 618.0895 612.0326 606.3132 601.2795 597.3578 594.5458 592.5693 591.1725 590.4313 590.5027 591.8929 594.2518 596.8129 598.9355 600.1328 599.817 598.3414 596.5527 595.0629 594.2571 594.0329 593.9403 593.7465 593.448 592.832 591.3511 589.7125 588.3091 587.3752 586.9023 586.5267 586.1453 585.7332 585.2955 584.8384 584.3664 583.8867 583.5551 583.0831 582.5731 582.1079 581.718 581.3968 581.1047 580.8091 580.4818 580.1091 579.6757 579.1761 578.6486
-9999 -9999 -9999 -9999 -9999 -9999 -9999 -9999 -9999 -9999 -9999 -9999 -9999 -9999 -9999 629.3472 624.0236 618.3481 612.6921 607.3151 602.4822 598.6454 595.9059 594.0263 592.7715 592.1692 592.2233 593.6907 596.2502 599.1176 601.621 603.2419 603.5235 602.2149 600.1934 598.4896 597.7012 597.5831 597.4069 596.8149 595.9394 594.5695 592.5927 590.438 588.8148 587.6741 586.9562 586.6257 586.2295 585.785 585.3159 584.8295 584.338 583.8568 583.4019 582.8826 582.3365 581.8314 581.4119 581.0961 580.8088 580.5071 580.1772 579.8118 579.4099 578.9804 578.5541
-9999 -9999 -9999 -9999 -9999 -9999 -9999 -9999 -9999 -9999 -9999 -9999 -9999 -9999 -9999 -9999 623.2473 617.9696 612.7592 607.8614 603.4412 599.8152 597.2757 595.5828 594.4093 593.873 594.1173 595.8843 598.6334 601.6986 604.434 606.3916 606.7897 605.5708 603.8083 602.2975 601.6503 601.5609 601.2669 600.2709 598.7025 596.551 593.9819 591.3021 589.3721 588.052 587.2596 586.8756 586.3743 585.8725 585.3688 584.86 584.353 583.8562 583.325 582.7454 582.1459 581.5815 581.1056 580.805 580.5254 580.241 579.9308 579.5936 579.2406 578.8877 578.5602
-9999 -9999 -9999 -9999 -9999 -9999 -9999 -9999 -9999 -9999 -9999 -9999 -9999 -9999 -9999 -9999 621.8852 616.9686 612.1842 607.8176 604.0032 600.8506 598.6557 597.1817 596.2596 595.9355 596.4229 598.2955 601.2245 604.5362 607.5872 609.5963 609.709 608.3819 606.7404 605.5327 604.9995 604.831 604.4197 603.2423 601.1743 598.4065 595.3322 592.3456 589.9646 588.3945 587.4491 586.9037 586.4413 585.9545 585.4396 584.9092 584.3778 583.8542 583.2909 582.6749 582.0259 581.4001 580.8333 580.5394 580.2952 580.0446 579.7688 579.4731 579.1799 578.908 578.6696
-9999 -9999 -9999 -9999 -9999 -9999 -9999 -9999 -9999 -9999 -9999 -9999 -9999 -9999 -9999 -9999 -9999 615.5856 611.1257 607.3329 604.3605 602.0886 600.3916 599.179 598.5226 598.2626 598.7779 600.5825 603.6751 607.264 610.5168 612.4844 612.3292 610.7847 609.0282 607.8446 607.192 606.8763 606.3728 605.2983 602.9555 599.7183 596.2415 592.9875 590.3503 588.6713 587.6093 586.9418 586.5651 586.0883 585.5538 584.9895 584.4154 583.8529 583.3094 582.6836 582.0028 581.3477 580.8038 580.4461 580.1882 579.9496 579.7057 579.4573 579.2352 579.0599 578.9205
-9999 -9999 -9999 -9999 -9999 -9999 -9999 -9999 -9999 -9999 -9999 -9999 -9999 -9999 -9999 -9999 -9999 -9999 610.1605 607.0776 605.127 603.8337 602.7764 601.7839 601.0807 600.7177 600.9174 602.3812 605.4855 609.2668 612.6477 614.6202 614.7175 613.1512 611.3055 609.9637 609.086 608.6592 608.144 606.9644 604.4089 600.8301 597.0164 593.5574 590.7996 589.0696 587.9342 587.2397 586.855 586.3033 585.7399 585.1433 584.5232 583.9037 583.4424 582.8038 582.0822 581.3798 580.8033 580.4494 580.1905 579.9449 579.7274 579.5329 579.4021 579.3246 579.2676
-9999 -9999 -9999 -9999 -9999 -9999 -9999 -9999 -9999 -9999 -9999 -9999 -9999 -9999 -9999 -9999 -9999 -9999 -9999 607.6741 606.5632 606.1095 605.6302 604.8549 604.0468 603.3192 602.8865 603.7955 606.404 610.0341 613.459 615.3732 616.6055 615.5583 613.9183 612.6411 611.6057 610.9482 610.0359 608.4142 605.6642 601.8583 597.8898 594.34 591.5553 589.6845 588.3888 587.5399 586.9495 586.4951 585.9963 585.4147 584.811 584.2428 583.7776 583.056 582.2912 581.5367 580.8618 580.5576 580.2846 579.9792 579.7717 579.6631 579.6483 579.6863 579.6976
-9999 -9999 -9999 -9999 -9999 -9999 -9999 -9999 -9999 -9999 -9999 -9999 -9999 -9999 -9999 -9999 -9999 -9999 -9999 -9999 608.8076 608.8522 608.5416 607.5854 606.2918 605.0966 603.956 604.1779 606.2505 609.6794 613.4357 616.3343 617.8439 -9999 -9999 -9999 614.3154 613.4458 612.0601 609.9244 606.804 602.7944 598.7222 595.1209 592.3295 590.3227 588.9971 588.066 587.395 586.8938 586.3747 585.7957 585.1759 584.5486 583.9214 583.3314 582.663 581.986 581.3319 580.8297 580.4199 580.0771 579.8979 579.8749 579.9801 580.1586 580.2137
-9999 -9999 -9999 -9999 -9999 -9999 -9999 -9999 -9999 -9999 -9999 -9999 -9999 -9999 -9999 -9999 -9999 -9999 -9999 -9999 -9999 611.5496 610.9937 609.4789 607.4892 605.648 604.1733 604.2784 606.0254 609.3557 613.2667 616.6862 -9999 -9999 -9999 -9999 616.8644 615.9196 614.1617 611.5152 607.9174 603.6412 599.6259 596.1227 593.3809 591.3928 589.956 588.8794 588.0647 587.441 586.8877 586.2948 585.6655 585.023 584.4008 583.8381 583.2426 582.7039 582.0865 581.4727 580.8483 580.3845 580.205 580.2263 580.4132 580.7714 580.8257
-9999 -9999 -9999 -9999 -9999 -9999 -9999 -9999 -9999 -9999 -9999 -9999 -9999 -9999 -9999 -9999 -9999 -9999 -9999 -9999 -9999 -9999 -9999 610.3246 607.6984 605.7687 604.7671 605.0975 607.1067 610.3238 -9999 -9999 -9999 -9999 -9999 -9999 619.3866 618.5011 616.4017 613.2623 609.2693 604.8279 600.9216 597.5348 594.8859 592.8563 591.2635 589.9879 588.9595 588.1508 587.4885 586.8825 586.2493 585.6068 584.9925 584.442 583.9442 583.66 583.0529 582.4488 581.7025 581.0427 580.8287 580.8166 580.959 581.4611 581.5514
-9999 -9999 -9999 -9999 -9999 -9999 -9999 -9999 -9999 -9999 -9999 -9999 -9999 -9999 -9999 -9999 -9999 -9999 -9999 -9999 -9999 -9999 -9999 -9999 -9999 -9999 -9999 -9999 -9999 -9999 -9999 -9999 -9999 -9999 -9999 -9999 -9999 620.9495 618.6351 615.2172 611.1514 606.9025 602.9693 599.6792 596.8793 594.6585 592.8903 591.4055 590.105 589.0511 588.2095 587.5118 586.8802 586.2442 585.6456 585.1349 584.7275 584.4118 583.9579 583.5903 582.8853 582.3098 581.9335 581.8196 581.9283 582.2234 582.3015
-9999 -9999 -9999 -9999 -9999 -9999 -9999 -9999 -9999 -9999 -9999 -9999 -9999 -9999 -9999 -9999 -9999 -9999 -9999 -9999 -9999 -9999 -9999 -9999 -9999 -9999 -9999 -9999 -9999 -9999 -9999 -9999 -9999 -9999 -9999 -9999 -9999 622.5164 620.129 616.7737 613.0439 609.269 605.6295 602.2934 599.2764 596.7137 594.7321 593.1153 591.5788 590.1963 589.1003 588.2303 587.5144 586.8832 586.2936 585.8162 585.481 585.1786 584.8312 584.4673 583.9483 583.58 583.0842 582.8986 582.9353 583.0648 583.0787
-9999 -9999 -9999 -9999 -9999 -9999 -9999 -9999 -9999 -9999 -9999 -9999 -9999 -9999 -9999 -9999 -9999 -9999 -9999 -9999 -9999 -9999 -9999 -9999 -9999 -9999 -9999 -9999 -9999 -9999 -9999 -9999 -9999 -9999 -9999 -9999 -9999 622.3832 619.9885 617.0056 613.9625 610.9579 607.8629 604.694 601.5359 598.7635 596.6096 595.0123 593.2878 591.6675 590.2228 589.0994 588.2185 587.4993 586.8981 586.4342 586.1904 585.9041 585.6162 585.2731 584.8535 584.4368 583.9692 583.8412 583.8372 583.8542 583.8049
-9999 -9999 -9999 -9999 -9999 -9999 -9999 -9999 -9999 -9999 -9999 -9999 -9999 -9999 -9999 -9999 -9999 -9999 -9999 -9999 -9999 -9999 -9999 -9999 -9999 -9999 -9999 -9999 -9999 -9999 -9999 -9999 -9999 -9999 -9999 -9999 -9999 -9999 617.6068 615.33 613.1241 610.8948 608.502 605.8352 602.9831 600.2922 598.1934 596.6183 594.9943 593.3006 591.6341 590.1714 589.0622 588.1902 587.4913 586.9761 586.846 586.5274 586.307 585.9902 585.6412 585.2448 584.8523 584.6438 584.5283 584.4232 584.2313
-9999 -9999 -9999 -9999 -9999 -9999 -9999 -9999 -9999 -9999 -9999 -9999 -9999 -9999 -9999 -9999 -9999 -9999 -9999 -9999 -9999 -9999 -9999 -9999 -9999 -9999 -9999 -9999 -9999 -9999 -9999 -9999 -9999 -9999 -9999 -9999 -9999 -9999 -9999 611.9181 610.3334 608.7052 607.0428 605.3 603.3696 601.2137 599.2855 597.934 596.2991 594.939 593.1388 591.4542 590.0836 589.0322 588.2141 587.6184 587.2751 586.9441 586.8716 586.5706 586.3234 585.9609 585.5951 585.3389 585.1535 584.9792 584.7626
-9999 -9999 -9999 -9999 -9999 -9999 -9999 -9999 -9999 -9999 -9999 -9999 -9999 -9999 -9999 -9999 -9999 -9999 -9999 -9999 -9999 -9999 -9999 -9999 -9999 -9999 -9999 -9999 -9999 -9999 -9999 -9999 -9999 -9999 -9999 -9999 -9999 -9999 -9999 -9999 606.5333 605.4555 604.5411 603.7495 602.7241 601.4843 600.0391 599.0114 597.9794 596.3591 594.5283 592.7334 591.26 590.0147 589.0442 588.3125 587.801 587.4238 587.2034 586.9342 586.8745 586.5363 586.1847 585.9376 585.7578 585.5544 585.3462
-9999 -9999 -9999 -9999 -9999 -9999 -9999 -9999 -9999 -9999 -9999 -9999 -9999 -9999 -9999 -9999 -9999 -9999 -9999 -9999 -9999 -9999 -9999 -9999 -9999 -9999 -9999 -9999 -9999 -9999 -9999 -9999 -9999 -9999 -9999 -9999 -9999 -9999 -9999 -9999 -9999 602.4825 602.1146 601.8489 601.452 600.762 599.9945 599.3613 598.668 597.2104 595.624 593.8929 592.4739 591.0961 589.9651 589.0809 588.4155 587.9343 587.6013 587.3297 587.1685 586.9045 586.6075 586.4461 586.3369 586.1138 585.9179
-9999 -9999 -9999 -9999 -9999 -9999 -9999 -9999 -9999 -9999 -9999 -9999 -9999 -9999 -9999 -9999 -9999 -9999 -9999 -9999 -9999 -9999 -9999 -9999 -9999 -9999 -9999 -9999 -9999 -9999 -9999 -9999 -9999 -9999 -9999 -9999 -9999 -9999 -9999 -9999 -9999 -9999 600.8165 600.4309 600.0792 599.9981 599.7393 599.3199 598.5867 597.5649 596.4319 595.1938 593.6541 592.2106 590.9592 589.9343 589.1188 588.5048 588.0526 587.7034 587.4384 587.1697 586.9258 586.9063 586.8799 586.6014 586.4355
-9999 -9999 -9999 -9999 -9999 -9999 -9999 -9999 -9999 -9999 -9999 -9999 -9999 -9999 -9999 -9999 -9999 -9999 -9999 -9999 -9999 -9999 -9999 -9999 -9999 -9999 -9999 -9999 -9999 -9999 -9999 -9999 -9999 -9999 -9999 -9999 -9999 -9999 -9999 -9999 -9999 -9999 -9999 -9999 600.4632 600.5272 600.479 600.0828 599.142 598.2407 597.3591 596.3806 595.1459 593.5476 592.1085 590.8923 589.9229 589.1595 588.5747 588.1212 587.778 587.5148 587.3401 587.2639 587.1553 586.9274 586.9048
-9999 -9999 -9999 -9999 -9999 -9999 -9999 -9999 -9999 -9999 -9999 -9999 -9999 -9999 -9999 -9999 -9999 -9999 -9999 -9999 -9999 -9999 -9999 -9999 -9999 -9999 -9999 -9999 -9999 -9999 -9999 -9999 -9999 -9999 -9999 -9999 -9999 -9999 -9999 -9999 -9999 -9999 -9999 -9999 603.171 603.3774 603.3309 602.7114 601.3849 600.03 599.024 598.0306 596.8231 595.2841 593.5465 592.0536 590.8527 589.9235 589.1898 588.6191 588.2003 587.9261 587.7667 587.6556 587.4972 587.3402 587.3019
-9999 -9999 -9999 -9999 -9999 -9999 -9999 -9999 -9999 -9999 -9999 -9999 -9999 -9999 -9999 -9999 -9999 -9999 -9999 -9999 -9999 -9999 -9999 -9999 -9999 -9999 -9999 -9999 -9999 -9999 -9999 -9999 -9999 -9999 -9999 -9999 -9999 -9999 -9999 -9999 -9999 -9999 -9999 -9999 607.2512 607.778 607.826 607.0588 605.4031 603.4811 601.9245 600.6107 599.1688 597.4005 595.4509 593.5475 592.0124 590.8272 589.924 589.2139 588.7028 588.3961 588.2358 588.0807 587.8617 587.6924 587.6553
-9999 -9999 -9999 -9999 -9999 -9999 -9999 -9999 -9999 -9999 -9999 -9999 -9999 -9999 -9999 -9999 -9999 -9999 -9999 -9999 -9999 -9999 -9999 -9999 -9999 -9999 -9999 -9999 -9999 -9999 -9999 -9999 -9999 -9999 -9999 -9999 -9999 -9999 -9999 -9999 -9999 -9999 -9999 -9999 -9999 612.7584 613.1201 612.4124 610.6185 608.3749 606.3107 604.4458 602.4179 600.1287 597.7468 595.5098 593.5168 591.9752 590.8013 589.9194 589.2794 588.9119 588.7419 588.4805 588.2144 588.0436 587.9578
-9999 -9999 -9999 -9999 -9999 -9999 -9999 -9999 -9999 -9999 -9999 -9999 -9999 -9999 -9999 -9999 -9999 -9999 -9999 -9999 -9999 -9999 -9999 -9999 -9999 -9999 -9999 -9999 -9999 -9999 -9999 -9999 -9999 -9999 -9999 -9999 -9999 -9999 -9999 -9999 -9999 -9999 -9999 -9999 -9999 617.4288 618.2817 617.8261 616.1256 613.785 611.4044 609.038 606.3889 603.4297 600.4847 597.8269 595.4873 593.4822 591.9357 590.7609 589.9387 589.4556 589.2752 588.9122 588.6036 588.4478 588.3866
-9999 -9999 -9999 -9999 -9999 -9999 -9999 -9999 -9999 -9999 -9999 -9999 -9999 -9999 -9999 -9999 -9999 -9999 -9999 -9999 -9999 -9999 -9999 -9999 -9999 -9999 -9999 -9999 -9999 -9999 -9999 -9999 -9999 -9999 -9999 -9999 -9999 -9999 -9999 -9999 -9999 -9999 -9999 -9999 -9999 -9999 622.4382 622.2681 620.8359 618.6159 616.1507 613.5236 610.5312 607.1786 603.7386 600.5654 597.8152 595.4641 593.4594 591.899 590.7746 590.0845 589.8702 589.4158 589.1339 589.0493 589.0722
-9999 -9999 -9999 -9999 -9999 -9999 -9999 -9999 -9999 -9999 -9999 -9999 -9999 -9999 -9999 -9999 -9999 -9999 -9999 -9999 -9999 -9999 -9999 -9999 -9999 -9999 -9999 -9999 -9999 -9999 -9999 -9999 -9999 -9999 -9999 -9999 -9999 -9999 -9999 -9999 -9999 -9999 -9999 -9999 -9999 -9999 -9999 624.8768 623.9469 622.0394 619.7036 617.1376 614.2357 610.8842 607.2893 603.756 600.5575 597.8152 595.4963 593.4958 592.024 591.1425 590.7178 590.1634 590.0116 590.1032 590.2933
-9999 -9999 -9999 -9999 -9999 -9999 -9999 -9999 -9999 -9999 -9999 -9999 -9999 -9999 -9999 -9999 -9999 -9999 -9999 -9999 -9999 -9999 -9999 -9999 -9999 -9999 -9999 -9999 -9999 -9999 -9999 -9999 -9999 -9999 -9999 -9999 -9999 -9999 -9999 -9999 -9999 -9999 -9999 -9999 -9999 -9999 -9999 -9999 -9999 -9999 621.7295 619.4148 616.9855 614.0361 610.6927 607.1853 603.7309 600.5677 597.9434 595.6544 593.7392 592.5911 592.1407 591.579 591.5699 591.9757 592.4831
-9999 -9999 -9999 -9999 -9999 -9999 -9999 -9999 -9999 -9999 -9999 -9999 -9999 -9999 -9999 -9999 -9999 -9999 -9999 -9999 -9999 -9999 -9999 -9999 -9999 -9999 -9999 -9999 -9999 -9999 -9999 -9999 -9999 -9999 -9999 -9999 -9999 -9999 -9999 -9999 -9999 -9999 -9999 -9999 -9999 -9999 -9999 -9999 -9999 -9999 -9999 620.1704 618.4149 616.1495 613.4752 610.4221 607.0692 603.7141 600.8232 598.3033 596.0633 594.3383 593.5359 593.2501 593.5924 594.3646 595.1337
