backend/lakes/data/Pinehurst Lake/pinh_dem_tm.asc
ncols         245
nrows         216
xllcorner     724950
yllcorner     6055450
cellsize      50
NODATA_value  -9999
[rows 60 to 89 of 216, columns 67 to 133 of 245]
-9999 -9999 -9999 -9999 -9999 -9999 -9999 -9999 -9999 -9999 -9999 -9999 -9999 -9999 -9999 616.1727 614.3776 612.3553 609.9034 606.9659 603.9023 601.0946 599.033 597.4609 595.8958 594.4207 593.2975 592.7243 592.2081 592.0454 592.1172 591.88 591.5806 591.3567 591.0629 590.5075 590.064 589.7169 589.2128 588.804 588.4844 588.3397 588.2609 588.1747 588.1544 588.2845 588.6589 589.4322 590.6948 592.5406 594.5301 596.1522 598.0708 600.5711 603.9131 607.7066 611.3787 614.4454 616.6415 618.2834 620.0873 621.474 621.9738 620.6195 616.7935 611.2031 605.1468
-9999 -9999 -9999 -9999 -9999 -9999 -9999 -9999 -9999 -9999 -9999 -9999 -9999 -9999 -9999 615.3683 613.4354 611.3019 608.8052 605.6211 602.2962 599.5006 597.4655 595.9432 594.5511 593.2818 592.3495 591.7248 591.2393 590.9922 590.9606 590.6779 590.2 589.9346 589.6569 589.096 588.6011 588.2687 587.9357 587.6679 587.4474 587.478 587.5026 587.4896 587.496 587.6055 587.8611 588.4471 589.3755 590.7023 592.3705 593.842 595.323 597.2284 599.7457 602.9487 606.476 609.8387 612.7713 615.3486 617.7845 619.8993 621.1698 620.7409 617.9979 612.9828 607.0125
-9999 -9999 -9999 -9999 -9999 -9999 -9999 -9999 -9999 -9999 -9999 -9999 -9999 -9999 -9999 614.3605 612.3586 610.1112 607.6223 604.186 600.854 598.1291 596.2342 594.8625 593.7221 592.7744 591.8097 591.067 590.4917 590.0543 589.9172 589.654 589.0614 588.5687 588.1742 587.6478 587.0757 586.7502 586.4844 586.356 586.303 586.3372 586.3717 586.3961 586.4553 586.6543 586.9144 587.4821 588.1936 589.2075 590.4489 591.8284 592.9663 594.4791 596.4163 598.8821 601.6392 604.6944 607.8843 611.0289 614.1677 617.0886 619.3325 620.0754 618.615 614.372 608.6292
-9999 -9999 -9999 -9999 -9999 -9999 -9999 -9999 -9999 -9999 -9999 -9999 -9999 -9999 616.1146 613.9931 612.0742 609.8306 606.9218 603.1001 599.658 597.0046 595.425 594.1577 593.1127 592.2236 591.3278 590.5434 589.9014 589.2831 588.8362 588.3622 587.7933 587.1453 586.7014 586.177 585.5131 585.0394 584.5286 584.3245 584.2696 584.2991 584.3641 584.4478 584.588 585.0857 585.599 586.3851 586.9656 587.8112 588.7413 589.7986 590.7554 592.142 593.6686 595.5842 597.6964 600.0093 602.7624 605.9123 609.3931 612.9429 616.1169 618.1496 618.0493 614.7864 609.512
-9999 -9999 -9999 -9999 -9999 -9999 -9999 -9999 -9999 -9999 -9999 -9999 -9999 -9999 616.1552 614.1791 612.3871 610.0451 606.5475 602.3514 598.837 596.3763 595.0184 593.7244 592.8002 591.827 590.9112 590.0515 589.2587 588.4804 587.7952 587.1322 586.6224 585.844 585.1341 584.4301 583.9935 583.7106 583.3001 583.0472 582.9634 583.0637 583.3054 583.5844 583.6262 583.8597 584.1965 584.9312 585.5714 586.4229 587.1128 588.0044 588.8776 590.0727 591.4818 593.0396 594.6522 596.3497 598.4127 601.0456 604.1542 607.8376 611.5726 614.5248 615.5759 613.6455 609.2009
-9999 -9999 -9999 -9999 -9999 -9999 -9999 -9999 -9999 -9999 -9999 -9999 -9999 -9999 616.7027 614.8966 613.0897 610.397 606.4883 602.3051 598.5269 596.0098 594.4167 593.1389 592.2507 591.3776 590.5276 589.722 588.6707 587.7161 586.8959 586.1537 585.4803 584.7126 584.0071 583.473 583.0688 582.7578 582.4583 582.2499 582.161 582.3019 582.6245 582.927 582.9512 583.0711 583.3582 583.8541 584.2639 584.9513 585.5801 586.4282 587.1606 588.2779 589.6582 591.0486 592.338 593.5494 595.0679 596.9502 599.4491 602.7097 606.2751 609.5815 611.4012 610.6621 607.3731
-9999 -9999 -9999 -9999 -9999 -9999 -9999 -9999 -9999 -9999 -9999 -9999 -9999 -9999 617.9267 616.0729 614.064 611.2214 607.2924 603.0797 599.2257 596.2747 594.3153 592.9221 591.9086 590.9921 590.0582 589.0697 587.9207 586.9132 586.0536 585.2997 584.5811 583.9094 583.4462 582.9779 582.5569 582.1887 581.9194 581.7623 581.6904 581.8144 582.1216 582.3156 582.3753 582.4994 582.8011 583.2868 583.762 583.9092 584.1855 584.8739 585.536 586.5565 587.9203 589.3135 590.3803 591.4634 592.6237 593.8697 595.6885 598.0592 600.9577 603.9622 606.079 606.201 604.1216
-9999 -9999 -9999 -9999 -9999 -9999 -9999 -9999 -9999 -9999 -9999 -9999 -9999 -9999 619.5981 617.7458 615.6855 612.8729 609.1091 604.8258 600.825 597.3134 594.8213 593.0018 591.7701 590.8003 589.8452 588.5457 587.1944 586.1446 585.267 584.5219 583.8557 583.3064 582.941 582.6154 582.2429 581.8472 581.568 581.432 581.3837 581.4357 581.6165 581.7417 581.8409 581.9881 582.2756 582.681 582.9569 583.0529 583.2439 583.6709 584.0195 584.7695 586.2005 587.6232 588.8011 589.8644 590.8296 591.7027 592.8902 594.4219 596.5071 598.7105 600.5127 601.0653 599.9214
-9999 -9999 -9999 -9999 -9999 -9999 -9999 -9999 -9999 -9999 -9999 -9999 -9999 -9999 621.632 619.7615 617.8333 615.3381 611.9689 607.8623 603.5157 599.3371 596.0746 593.5438 591.9214 590.7368 589.6698 588.1198 586.7297 585.5035 584.5611 583.8439 583.2299 582.7632 582.4725 582.2681 581.9731 581.6006 581.309 581.1941 581.1467 581.1447 581.1841 581.2281 581.3131 581.4938 581.7197 581.9854 582.1553 582.2455 582.3834 582.6123 582.8832 583.4818 584.5698 586.0822 587.378 588.4646 589.4416 590.0673 590.889 591.8176 593.0784 594.5797 595.9983 596.6299 596.2449
-9999 -9999 -9999 -9999 -9999 -9999 -9999 -9999 -9999 -9999 -9999 -9999 -9999 -9999 -9999 622.0291 620.3087 618.2325 615.4128 611.5789 607.0233 602.2427 598.0753 594.6677 592.3599 590.6769 589.3279 587.5222 586.1083 584.8156 583.8758 583.2153 582.6803 582.267 582.0034 581.838 581.6362 581.3428 581.0692 580.9952 580.9694 580.9266 580.8157 580.8073 580.826 581.0741 581.2266 581.3591 581.4341 581.5117 581.6561 581.8105 582.0177 582.501 583.3568 584.538 585.9698 587.0331 587.9739 588.6236 589.3701 589.874 590.5776 591.6416 592.6287 593.186 593.2758
-9999 -9999 -9999 -9999 -9999 -9999 -9999 -9999 -9999 -9999 -9999 -9999 -9999 -9999 -9999 624.4608 622.9217 621.1697 618.8105 615.3231 610.7495 605.5425 600.4384 596.1841 592.9474 590.5345 588.8173 587.0562 585.5868 584.1738 583.2914 582.6829 582.2329 581.8546 581.5911 581.4344 581.2921 581.0557 580.816 580.8081 580.8101 580.8047 580.6472 580.5773 580.6129 580.7952 580.8113 580.811 580.8116 580.8477 581.0967 581.2232 581.3632 581.7634 582.4602 583.4083 584.5021 585.6821 586.6541 587.2088 587.8623 588.282 588.8492 589.5885 590.1995 590.6994 591.1323
-9999 -9999 -9999 -9999 -9999 -9999 -9999 -9999 -9999 -9999 -9999 -9999 -9999 -9999 -9999 -9999 625.1685 623.5622 621.4776 618.2426 613.7036 608.2 602.4571 597.4034 593.3858 590.4161 588.3555 586.4937 584.9364 583.743 582.86 582.2622 581.8606 581.5357 581.2676 581.0959 581.009 580.8113 580.6364 580.5773 580.5469 580.5026 580.3856 580.3071 580.309 580.375 580.3678 580.3544 580.3744 580.5006 580.7736 580.8014 580.8344 581.2185 581.8242 582.6627 583.6838 584.6691 585.5316 586.1869 586.7831 587.0781 587.5896 588.0724 588.6216 589.1749 589.7037
-9999 -9999 -9999 -9999 -9999 -9999 -9999 -9999 -9999 -9999 -9999 -9999 -9999 -9999 -9999 -9999 -9999 624.8442 622.814 619.5403 614.926 609.3034 603.3352 597.7651 593.2954 589.9089 587.3715 585.4329 584.0184 583.0914 582.4012 581.8948 581.5446 581.2673 581.015 580.8163 580.8011 580.6063 580.4233 580.3116 580.2317 580.1534 580.0521 579.9688 579.9356 579.9354 579.9139 579.8975 579.9336 580.0519 580.2299 580.3215 580.4479 580.7982 581.3113 582.016 582.8964 583.8206 584.6483 585.3771 585.9764 586.3977 586.8366 587.0452 587.5283 587.9469 588.3253
-9999 -9999 -9999 -9999 -9999 -9999 -9999 -9999 -9999 -9999 -9999 -9999 -9999 -9999 -9999 -9999 627.4053 625.129 622.3902 618.6399 613.8132 608.21 602.4415 596.9363 592.4331 588.9558 586.2921 584.3542 583.2017 582.4882 581.9858 581.5955 581.2867 581.0431 580.8082 580.5995 580.483 580.3107 580.1418 580.0033 579.8892 579.7854 579.6857 579.5959 579.5363 579.4993 579.4603 579.4392 579.4611 579.5522 579.6946 579.8348 580.0295 580.3513 580.8022 581.4023 582.1857 583.0994 583.991 584.8203 585.4539 585.9291 586.3116 586.5527 586.8618 586.9496 587.0158
-9999 -9999 -9999 -9999 -9999 -9999 -9999 -9999 -9999 -9999 -9999 -9999 -9999 -9999 629.8852 628.3306 626.1097 623.3348 619.921 615.6831 610.6803 605.225 599.9177 594.9345 590.7552 587.5162 585.0896 583.5842 582.6177 581.9972 581.6155 581.3438 581.0664 580.8074 580.5476 580.316 580.1364 579.9617 579.8025 579.662 579.5332 579.4164 579.3148 579.2244 579.1479 579.0873 579.032 578.9974 579.0051 579.0775 579.212 579.3822 579.6143 579.9167 580.3027 580.8156 581.5425 582.5648 583.7415 584.5432 585.1516 585.6329 585.9938 586.2014 586.3303 586.3071 586.2236
-9999 -9999 -9999 -9999 -9999 -9999 -9999 -9999 -9999 -9999 -9999 -9999 -9999 629.4344 628.1168 626.0568 623.3167 619.967 616.0099 611.4525 606.4884 601.4937 596.7115 592.3851 588.8743 586.3274 584.4955 583.1974 582.2634 581.6323 581.251 581.0814 580.809 580.5017 580.2095 579.9584 579.7524 579.5746 579.4266 579.2979 579.175 579.0594 578.9592 578.8726 578.7924 578.7181 578.6493 578.6046 578.6008 578.6669 578.804 578.9921 579.2473 579.5483 579.8942 580.3246 580.9171 581.9513 583.3882 584.2706 584.9246 585.4323 585.8018 585.978 585.9962 585.899 585.7635
-9999 -9999 -9999 -9999 -9999 -9999 -9999 -9999 -9999 -9999 -9999 628.791 628.1316 627.0866 625.2292 622.5999 619.2993 615.5099 611.2736 606.6786 602.0424 597.5081 593.3288 589.7075 586.9348 585.4044 584.0187 582.8943 581.9641 581.2706 580.8419 580.765 580.4387 580.0922 579.7817 579.524 579.3181 579.1511 579.0208 578.9164 578.8167 578.7179 578.6294 578.5514 578.475 578.4003 578.3243 578.2744 578.2689 578.3379 578.4849 578.6858 578.9568 579.2813 579.6367 580.0472 580.5341 581.222 582.6865 583.8923 584.7218 585.2916 585.684 585.8573 585.8097 585.6528 585.4994
-9999 -9999 -9999 -9999 -9999 -9999 -9999 -9999 627.7881 627.6848 627.196 626.3598 625.1702 623.465 621.0846 617.9792 614.3392 610.4261 606.2444 601.9475 597.685 593.665 590.0662 587.0781 584.9456 583.8724 583.0018 582.28 581.4905 580.8195 580.384 580.1595 579.8605 579.5435 579.2552 579.0171 578.8318 578.6912 578.5874 578.5155 578.4519 578.3835 578.3206 578.261 578.1953 578.1287 578.0588 578.0093 578.0095 578.0865 578.2488 578.4659 578.7461 579.1011 579.4971 579.9543 580.4541 580.9811 582.3569 583.7615 584.6544 585.225 585.6094 585.7939 585.723 585.5215 585.3474
-9999 -9999 -9999 -9999 -9999 -9999 624.4127 624.5681 624.5566 624.2615 623.5804 622.4236 620.7471 618.4909 615.7354 612.4467 608.835 605.1379 601.3308 597.4407 593.6579 590.1727 587.1592 584.8213 583.3535 582.4952 581.7813 581.1129 580.706 580.1778 579.7599 579.464 579.1797 578.9039 578.6569 578.4556 578.3039 578.1987 578.131 578.0945 578.0718 578.0439 578.0139 577.986 577.9435 577.8914 577.8373 577.7987 577.8127 577.9012 578.0798 578.3147 578.6017 578.9582 579.344 579.7438 580.2239 580.8853 582.2032 583.7184 584.6552 585.2034 585.5472 585.7329 585.6813 585.4619 585.2614
-9999 631.4218 628.7909 626.1024 624.0342 622.5354 621.5394 620.8591 620.3029 619.6273 618.6328 617.1877 615.1825 612.6232 609.7401 606.6048 603.4068 600.1299 596.7413 593.326 590.0558 587.1509 584.788 583.1704 582.1665 581.4713 580.8181 580.24 579.8198 579.3909 579.0154 578.7124 578.4495 578.2173 578.0189 577.8627 577.7534 577.6873 577.66 577.6617 577.6782 577.6913 577.7002 577.7059 577.6969 577.6705 577.6405 577.6223 577.6575 577.7654 577.957 578.2056 578.4951 578.8221 579.1732 579.5597 580.0532 580.7928 582.0029 583.6425 584.6514 585.1949 585.4872 585.6462 585.6405 585.4496 585.2771
631.9301 629.3975 626.4385 623.5253 621.5143 619.6271 617.8314 616.3799 615.2567 614.1616 612.879 611.2462 609.1217 606.5469 603.7877 601.0771 598.291 595.4792 592.5425 589.6357 586.9387 584.7072 583.053 581.9471 581.3044 580.7151 580.0319 579.4409 578.98 578.5786 578.2347 577.9489 577.7126 577.5215 577.3709 577.2614 577.1967 577.1746 577.186 577.2272 577.2808 577.3325 577.378 577.4181 577.442 577.4472 577.4482 577.4618 577.5217 577.6558 577.8574 578.0969 578.4072 578.7584 579.0964 579.4717 579.9564 580.6547 581.7071 583.5318 584.625 585.1865 585.4362 585.5515 585.5781 585.4731 585.3802
629.3177 626.2495 622.987 620.0687 617.7004 615.4739 613.2532 611.3423 609.8348 608.4571 607.0401 605.3281 603.2263 600.8983 598.4429 596.1119 593.7316 591.2665 588.7589 586.4641 584.5601 582.9741 581.764 580.9337 580.5398 579.8862 579.2148 578.6318 578.1639 577.7826 577.4685 577.2107 577.0056 576.8521 576.7437 576.6764 576.6537 576.674 576.7258 576.8005 576.8909 576.9783 577.0581 577.1301 577.1833 577.2203 577.2527 577.3045 577.3921 577.5494 577.7439 578.0051 578.3544 578.7443 579.1405 579.5331 580.0353 580.7928 582.0137 583.6374 584.6387 585.1808 585.4019 585.4843 585.5229 585.5468 585.5747
625.6594 621.9869 618.3347 615.2222 612.6965 610.421 608.2021 606.2152 604.585 603.1294 601.7975 600.0351 597.9899 595.909 593.7991 591.7815 589.761 587.6108 585.6229 584.0715 582.8021 581.689 580.7385 579.988 579.4803 578.8999 578.3152 577.7967 577.3686 577.0236 576.7477 576.5259 576.355 576.2365 576.1648 576.1328 576.1453 576.203 576.2924 576.3983 576.5194 576.6412 576.7534 576.8541 576.9349 576.9999 577.0642 577.1524 577.2774 577.467 577.6999 577.9789 578.3459 578.7621 579.1941 579.6534 580.1797 580.8919 582.2187 583.7128 584.6335 585.1566 585.3826 585.4644 585.5339 585.6824 585.9255
621.1088 616.9288 613.0204 609.7814 607.3065 605.226 603.2629 601.4807 599.991 598.5599 597.0635 595.3698 593.4773 591.5988 589.8362 588.1139 586.4024 584.7686 583.4083 582.334 581.51 580.6603 579.7687 579.0249 578.447 577.9109 577.4122 576.9763 576.6136 576.3226 576.0938 575.9141 575.7798 575.6939 575.6536 575.6514 575.6917 575.7793 575.9005 576.0345 576.1823 576.334 576.4761 576.6034 576.71 576.8007 576.8975 577.0173 577.1862 577.4014 577.691 577.9941 578.3492 578.7573 579.2189 579.7381 580.3185 580.9608 582.3578 583.7581 584.6351 585.1456 585.3948 585.5078 585.652 585.9222 586.423
616.0475 611.7407 607.8586 604.6924 602.3658 600.5504 598.9628 597.4375 596.0169 594.5878 592.9907 591.3076 589.6115 587.9302 586.5561 585.2318 583.9978 582.8595 581.8545 581.0105 580.4634 579.6384 578.8013 578.0774 577.4932 576.9984 576.5758 576.2227 575.9342 575.704 575.5256 575.3892 575.2915 575.2354 575.2212 575.2435 575.3063 575.4167 575.5632 575.721 575.8921 576.0697 576.238 576.3887 576.518 576.6357 576.7585 576.9072 577.1046 577.3384 577.6014 577.8876 578.2307 578.6364 579.1036 579.6398 580.2628 581.0588 582.6119 583.8922 584.7336 585.2241 585.4846 585.642 585.8726 586.3329 587.0656
610.8201 606.8826 603.3754 600.5101 598.3538 596.642 595.2252 593.7972 592.3892 590.9089 589.3758 587.8021 586.4047 585.0112 583.999 583.1137 582.2708 581.5309 580.7369 579.9659 579.332 578.5964 577.8544 577.195 576.6515 576.2103 575.8552 575.5759 575.3574 575.1871 575.0569 574.9592 574.8936 574.8641 574.8715 574.9131 574.9935 575.1221 575.2879 575.4659 575.6563 575.8564 576.0483 576.2191 576.3686 576.5052 576.6517 576.8189 577.0368 577.2988 577.5652 577.8144 578.114 578.5057 579.0032 579.6175 580.3989 581.4276 583.1841 584.3053 585.0328 585.4636 585.713 585.8889 586.2023 586.861 587.8868
605.6219 602.1553 599.1381 596.6373 594.7258 593.0869 591.689 590.2668 588.9365 587.5283 586.2648 585.0421 583.9824 583.0071 582.229 581.6266 580.9866 580.5262 579.7671 579.0151 578.339 577.6619 577.0092 576.4296 575.95 575.5699 575.2775 575.0593 574.8982 574.7788 574.6904 574.6248 574.5835 574.5749 574.6 574.6569 574.7512 574.8947 575.0764 575.2711 575.4768 575.697 575.9108 576.1002 576.2631 576.4091 576.5683 576.7402 576.9883 577.2902 577.5896 577.8458 578.0885 578.4357 578.9555 579.6979 580.7273 582.0544 583.6422 584.7441 585.4584 585.8687 586.1379 586.2903 586.6322 587.4093 588.7094
600.4944 597.496 594.975 592.8066 591.0917 589.6074 588.2321 586.9734 585.8317 584.7614 583.974 583.2745 582.3576 581.6265 580.974 580.5872 579.9985 579.4668 578.8079 578.1276 577.4868 576.8768 576.3111 575.8145 575.4047 575.0847 574.8462 574.6761 574.5579 574.4753 574.4187 574.3778 574.3531 574.3579 574.3962 574.4653 574.5707 574.7277 574.9246 575.1333 575.3502 575.5883 575.8263 576.0359 576.201 576.3345 576.4723 576.6597 576.9444 577.2991 577.6429 577.9205 578.1566 578.4429 578.9341 579.7427 580.9272 582.5491 584.056 585.2521 586.0237 586.4374 586.8191 586.972 587.4001 588.4904 589.6064
595.4116 592.9405 590.8299 588.972 587.5185 586.3577 585.1622 584.2386 583.502 582.8241 582.2377 581.7347 581.05 580.6215 580.0472 579.5798 579.0494 578.5178 577.9388 577.3485 576.7831 576.2538 575.7733 575.3567 575.0145 574.7487 574.5536 574.4183 574.328 574.2678 574.2295 574.2048 574.1906 574.2016 574.2482 574.3264 574.4403 574.6094 574.8229 575.0454 575.2695 575.5228 575.7875 576.027 576.1991 576.309 576.4183 576.6065 576.9208 577.3188 577.7051 578.0016 578.2236 578.4816 578.9354 579.7713 581.1218 583.1226 584.7432 585.9961 586.808 587.146 587.6259 588.045 588.7036 589.6105 590.0398
590.5934 588.6719 587.0125 585.5351 584.4993 583.7608 582.9955 582.3363 581.8946 581.4903 580.9831 580.6631 580.1261 579.6766 579.1807 578.7064 578.21 577.712 577.2051 576.704 576.2264 575.7841 575.3865 575.0432 574.7615 574.5422 574.3807 574.269 574.1944 574.144 574.1114 574.0925 574.0828 574.0947 574.1448 574.2294 574.3493 574.5275 574.759 574.9972 575.2281 575.4882 575.7788 576.054 576.2418 576.3356 576.416 576.5916 576.9243 577.3569 577.7717 578.0765 578.2787 578.4921 578.9091 579.7528 581.2087 583.4482 585.4159 586.881 587.8259 588.3513 588.7521 589.1619 589.7968 590.2775 590.4609
