backend/lakes/data/Pinehurst Lake/pinh_dem_tm.asc
ncols         245
nrows         216
xllcorner     724950
yllcorner     6055450
cellsize      50
NODATA_value  -9999
[rows 120 to 149 of 216, columns 67 to 133 of 245]
578.8315 578.1888 577.761 577.499 577.3785 577.3794 577.4705 577.5961 577.7136 577.7601 577.7994 577.7954 577.7661 577.7264 577.6868 577.6541 577.6334 577.6281 577.6389 577.666 577.7084 577.765 577.8347 577.916 578.0062 578.1019 578.1993 578.2941 578.3823 578.4598 578.5223 578.5665 578.5895 578.588 578.5587 578.503 578.4203 578.3092 578.1758 578.0314 577.8804 577.7278 577.5811 577.4536 577.3569 577.2894 577.2456 577.2225 577.2321 577.2883 577.4189 577.6432 577.9735 578.417 578.9591 579.5636 580.181 580.8104 581.6475 582.8761 584.7659 587.9685 592.8033 599.1568 606.3102 613.0723 618.6668
578.4308 577.7963 577.5017 577.3573 577.3217 577.3748 577.4883 577.6136 577.7593 577.8245 577.8859 577.9236 577.9365 577.9327 577.9209 577.9089 577.9031 577.9073 577.9238 577.9531 577.9946 578.0475 578.1113 578.1854 578.2683 578.3573 578.4493 578.5409 578.6281 578.7067 578.7719 578.8192 578.8447 578.8444 578.8146 578.7554 578.6688 578.5538 578.4138 578.2604 578.1005 577.9377 577.7786 577.6331 577.5143 577.4282 577.3672 577.3251 577.3015 577.315 577.3912 577.5594 577.8451 578.2634 578.8055 579.4376 580.1138 580.7927 581.4148 582.3801 584.0645 587.0255 591.5803 597.7842 605.003 612.0178 617.9453
578.2408 577.754 577.4791 577.3754 577.3749 577.4492 577.5724 577.6427 577.7609 577.9022 578.0194 578.1025 578.1541 578.1818 578.1947 578.2012 578.208 578.2202 578.24 578.2686 578.3057 578.3514 578.4059 578.4694 578.5415 578.6207 578.7045 578.79 578.8739 578.9515 579.0181 579.0684 579.0969 579.0996 579.0718 579.012 578.9227 578.8052 578.6611 578.4996 578.3311 578.1589 577.9885 577.8271 577.6871 577.5786 577.4996 577.4421 577.3975 577.376 577.407 577.5236 577.7596 578.1414 578.6689 579.3131 580.027 580.7396 581.1865 581.9514 583.3904 585.945 589.9928 595.6271 602.3531 609.0669 614.9064
578.1533 577.7628 577.5661 577.5131 577.5244 577.5941 577.7555 577.764 577.9136 578.0879 578.2389 578.3527 578.4307 578.4803 578.511 578.5313 578.5476 578.5648 578.5853 578.6099 578.6388 578.673 578.7141 578.7634 578.8215 578.8881 578.9613 579.0385 579.1166 579.1914 579.2579 579.3105 579.3428 579.3495 579.3259 579.2684 579.1788 579.0608 578.915 578.7479 578.5708 578.3907 578.2104 578.0352 577.8752 577.744 577.6418 577.5665 577.5071 577.4642 577.4612 577.5333 577.72 578.0525 578.5356 579.1373 579.7944 580.4078 580.8582 581.528 582.6981 584.7726 588.1736 592.9424 598.7926 604.9446 610.5782
578.1791 577.9003 577.7612 577.7575 577.7581 577.7676 577.9384 578.0527 578.2167 578.396 578.556 578.6805 578.769 578.8284 578.8679 578.8955 578.9174 578.937 578.9556 578.973 578.9894 579.0072 579.0302 579.0614 579.1027 579.1544 579.215 579.2822 579.353 579.4235 579.4885 579.5425 579.5786 579.5902 579.5723 579.5203 579.4335 579.3162 579.1716 579.0023 578.8184 578.6302 578.4419 578.2553 578.0789 577.9259 577.7971 577.6976 577.6222 577.5675 577.5452 577.5847 577.7263 578.0039 578.4252 578.9617 579.5647 580.1714 580.7439 581.213 582.1112 583.8309 586.58 590.3175 595.0064 600.2719 605.3871
578.3021 578.1272 578.0501 578.0597 578.092 578.1523 578.3002 578.4527 578.6245 578.8003 578.9563 579.0762 579.1603 579.2174 579.2566 579.2854 579.3088 579.3287 579.3441 579.3521 579.3512 579.3469 579.3466 579.356 579.3781 579.4132 579.4602 579.5165 579.5791 579.6442 579.7067 579.7611 579.8007 579.8179 579.8067 579.7621 579.6815 579.5676 579.4257 579.2581 579.0708 578.8754 578.6791 578.4833 578.2944 578.1234 577.9692 577.8384 577.7417 577.6774 577.6467 577.6666 577.7732 577.999 578.3528 578.8127 579.335 579.8654 580.3546 580.7963 581.5065 582.9507 585.1799 588.1051 591.6243 595.7343 600.0052
578.5184 578.4304 578.4083 578.4453 578.5157 578.6191 578.7679 578.9286 579.0974 579.2656 579.4135 579.5186 579.5869 579.6315 579.6628 579.6879 579.7098 579.7288 579.7407 579.7382 579.7148 579.6819 579.6534 579.6382 579.6396 579.658 579.6913 579.7367 579.791 579.8503 579.9097 579.964 580.0064 580.0292 580.0253 579.9893 579.9178 579.8107 579.6731 579.5095 579.323 579.1233 578.9196 578.715 578.516 578.3312 578.1561 577.9926 577.8676 577.7889 577.7524 577.7631 577.8471 578.0334 578.3293 578.72 579.1667 579.6232 580.0392 580.4163 580.9592 582.2142 584.0511 586.4333 589.1315 592.117 595.3533
578.8385 578.8069 578.8243 578.8884 578.9902 579.1249 579.2832 579.4379 579.5933 579.7524 579.8969 579.9799 580.0235 580.0494 580.0686 580.0864 580.1044 580.1217 580.132 580.1207 580.0675 579.999 579.9388 579.8979 579.8795 579.8821 579.9028 579.9382 579.9849 580.0386 580.0948 580.1486 580.1934 580.2214 580.2251 580.1984 580.1376 580.0405 579.9098 579.7516 579.5695 579.3688 579.1594 578.9465 578.7384 578.5429 578.3525 578.16 578.0006 577.8976 577.8494 577.8535 577.9277 578.0928 578.3526 578.6958 579.0958 579.5143 579.9249 580.3154 580.8223 581.8014 583.2802 585.213 587.42 589.736 592.1261
579.2374 579.2402 579.2797 579.3588 579.4784 579.6354 579.8079 579.9415 580.0669 580.2133 580.3733 580.4256 580.4408 580.4482 580.4554 580.4644 580.4756 580.4884 580.4982 580.4854 580.3905 580.2808 580.1892 580.1257 580.0905 580.0802 580.0905 580.1174 580.1573 580.2061 580.2594 580.3127 580.3594 580.3925 580.4041 580.3868 580.337 580.2522 580.1315 579.9807 579.8042 579.6067 579.3945 579.1748 578.957 578.752 578.551 578.3366 578.1404 578.0013 577.9283 577.9209 577.9942 578.1571 578.4038 578.7198 579.0898 579.4855 579.9217 580.3481 580.8194 581.558 582.7209 584.2947 586.2452 588.1261 590.0367
579.7003 579.7178 579.7603 579.8345 579.9504 580.1183 580.3185 580.4069 580.4756 580.5878 580.7968 580.8115 580.8104 580.8101 580.81 580.81 580.81 580.8102 580.811 580.8052 580.6525 580.5068 580.3933 580.3149 580.2688 580.2494 580.2518 580.2719 580.3058 580.3502 580.401 580.454 580.5028 580.5405 580.5598 580.5527 580.5141 580.4418 580.334 580.1927 580.0236 579.8312 579.6205 579.3966 579.1689 578.9528 578.7429 578.517 578.2867 578.1031 577.9904 577.9619 578.0352 578.2085 578.4519 578.741 579.0654 579.3963 579.7916 580.2407 580.7639 581.3184 582.3018 583.6782 585.2626 587.0004 588.7128
580.2245 580.238 580.265 580.3099 580.387 580.5314 580.7886 580.8115 580.8094 580.8217 581.013 581.0975 581.1271 581.1339 581.13 581.1204 581.1057 581.0835 581.0466 580.974 580.8112 580.6674 580.5508 580.4673 580.4158 580.3905 580.3866 580.4006 580.4292 580.4696 580.5181 580.5709 580.6221 580.6646 580.6912 580.6942 580.6671 580.6075 580.5135 580.3845 580.2243 580.0381 579.8312 579.6071 579.3719 579.1428 578.923 578.6907 578.4404 578.2134 578.0504 577.9879 578.0522 578.2322 578.4501 578.6807 578.8989 579.1768 579.533 579.9504 580.4125 580.9189 581.8532 583.0695 584.4258 586.1792 587.7931
580.8183 580.8121 580.8101 580.8091 580.8085 580.8335 581.0593 581.1511 581.1769 581.2033 581.3116 581.3888 581.425 581.4326 581.4226 581.401 581.3687 581.321 581.2481 581.1355 580.9717 580.8104 580.684 580.594 580.5378 580.5068 580.4966 580.5043 580.5275 580.5637 580.6099 580.6624 580.7156 580.7631 580.7969 580.81 580.7952 580.7484 580.6683 580.5531 580.4039 580.2252 580.0229 579.8014 579.5629 579.3209 579.089 578.8499 578.5931 578.338 578.1269 578.0152 578.0466 578.2029 578.3014 578.4446 578.6266 578.8796 579.2145 579.6273 580.1226 580.741 581.509 582.6307 583.8033 585.1755 586.6855
581.515 581.4613 581.4169 581.3799 581.3495 581.3575 581.4708 581.5482 581.583 581.6091 581.6619 581.7051 581.7244 581.72 581.6974 581.6607 581.6102 581.541 581.4418 581.3054 581.1342 580.9597 580.8102 580.7062 580.6426 580.6027 580.5837 580.5839 580.601 580.6326 580.676 580.7278 580.783 580.8351 580.8762 580.8992 580.8969 580.8635 580.7974 580.6963 580.5602 580.391 580.1942 579.9751 579.7371 579.4863 579.2385 578.9921 578.7284 578.4656 578.2225 578.0511 578.0045 578.0653 578.1002 578.1881 578.3406 578.5673 578.8778 579.2747 579.76 580.3441 581.0455 582.1864 583.0739 584.0751 585.3811
582.2268 582.1304 582.057 582.0029 581.957 581.9327 581.9646 582.0012 582.0205 582.0266 582.0343 582.0367 582.0267 582.0013 581.9607 581.9065 581.8383 581.7529 581.6405 581.4811 581.2966 581.1088 580.9402 580.8102 580.7347 580.6796 580.6488 580.64 580.6504 580.6771 580.7173 580.7678 580.8242 580.8802 580.9286 580.9614 580.9714 580.9523 580.9004 580.814 580.6912 580.5337 580.3441 580.1278 579.8896 579.6353 579.3743 579.114 578.8459 578.5728 578.3197 578.1101 577.9911 577.9703 577.9535 577.9927 578.1026 578.2875 578.558 578.9251 579.3998 579.9918 580.7244 581.5273 582.2686 583.0916 584.1136
582.9136 582.7743 582.6929 582.6417 582.587 582.5123 582.4791 582.4755 582.4711 582.4459 582.4092 582.3684 582.3249 582.2748 582.2144 582.1412 582.0532 581.9476 581.8147 581.6449 581.4512 581.251 581.0637 580.9098 580.8096 580.7334 580.6907 580.6733 580.6769 580.6985 580.735 580.7834 580.8401 580.8994 580.9543 580.9967 581.0188 581.014 580.9772 580.9058 580.7972 580.6517 580.4713 580.2596 580.0211 579.7637 579.4935 579.2198 578.9425 578.6606 578.3999 578.1738 578.0107 577.9252 577.886 577.8809 577.9393 578.0645 578.2732 578.5851 579.011 579.5433 580.1673 580.8247 581.5061 582.2653 583.1473
583.4999 583.3494 583.2944 583.2692 583.2161 583.0613 582.9718 582.9437 582.922 582.8551 582.7682 582.6836 582.6078 582.5352 582.457 582.3667 582.2585 582.1323 581.9796 581.798 581.5951 581.3825 581.1726 580.9774 580.811 580.7543 580.7109 580.6864 580.6829 580.6986 580.7306 580.7762 580.8322 580.8936 580.954 581.0052 581.0392 581.0488 581.0277 580.9717 580.8782 580.7452 580.5749 580.37 580.1336 579.8719 579.5948 579.309 579.0203 578.7313 578.4566 578.2278 578.0485 577.9285 577.8577 577.8273 577.84 577.9048 578.0391 578.275 578.6244 579.0792 579.6095 580.1935 580.8259 581.5654 582.4208
583.9075 583.8588 583.8607 583.8618 583.8188 583.5378 583.4214 583.3992 583.3745 583.2424 583.0938 582.9663 582.8649 582.7762 582.6854 582.5825 582.4611 582.3076 582.1328 581.9374 581.726 581.5057 581.2864 581.0829 580.912 580.8098 580.729 580.6855 580.6715 580.6801 580.7067 580.7484 580.8025 580.8647 580.9292 580.9884 581.0334 581.0569 581.0518 581.0121 580.9338 580.8148 580.655 580.4574 580.2255 579.9638 579.6794 579.3813 579.081 578.7823 578.499 578.2582 578.0775 577.9501 577.8628 577.8044 577.7822 577.7987 577.866 578.0201 578.2839 578.656 579.111 579.6382 580.2139 580.8522 581.593
584.5381 584.4686 584.4473 584.3909 584.2287 583.9136 583.8681 583.8765 583.8416 583.5914 583.3702 583.2062 583.0906 582.9938 582.8931 582.7741 582.6295 582.4561 582.2626 582.0538 581.834 581.6085 581.3818 581.1721 580.9822 580.8104 580.7178 580.6665 580.6445 580.6455 580.6655 580.7021 580.7531 580.8147 580.8821 580.9477 581.0032 581.0397 581.0499 581.027 580.9647 580.8599 580.7128 580.5229 580.2957 580.0365 579.7512 579.4429 579.1274 578.8165 578.5238 578.2731 578.084 577.9583 577.873 577.8043 577.7547 577.7438 577.7617 577.8422 578.0217 578.3141 578.6992 579.17 579.6874 580.2219 580.7481
585.1888 585.124 585.0856 585.0027 584.8301 584.6093 584.5287 584.4821 584.2421 583.8733 583.6002 583.4096 583.2894 583.1914 583.0815 582.9438 582.7722 582.5749 582.3612 582.137 581.9066 581.6741 581.4325 581.2042 580.9939 580.8102 580.704 580.6415 580.6084 580.5988 580.6097 580.6393 580.6858 580.7457 580.8147 580.8856 580.9502 580.999 581.0236 581.0171 580.9714 580.8812 580.7471 580.5684 580.3453 580.0889 579.8046 579.4962 579.1682 578.8441 578.5348 578.2704 578.0719 577.9415 577.8655 577.8027 577.7392 577.702 577.7097 577.7388 577.8506 578.068 578.3876 578.7964 579.2563 579.7029 580.1082
585.8176 585.7817 585.7526 585.6725 585.5022 585.3134 585.1705 584.9931 584.6653 584.2486 583.8687 583.6141 583.469 583.3778 583.2534 583.0898 582.8846 582.6589 582.4224 582.1795 581.9336 581.6866 581.4392 581.2043 580.9907 580.8101 580.6934 580.6158 580.5669 580.5427 580.5414 580.562 580.6024 580.6598 580.7295 580.8048 580.8768 580.937 580.9749 580.9834 580.9544 580.88 580.7582 580.5923 580.3782 580.1229 579.8394 579.5316 579.2053 578.8706 578.5492 578.2632 578.0452 577.9026 577.8303 577.7828 577.7213 577.6654 577.6516 577.6814 577.7585 577.915 578.1743 578.5192 578.9319 579.3278 579.6935
586.3979 586.3969 586.3897 586.3294 586.1364 585.9531 585.7791 585.517 585.1354 584.6891 584.2488 583.8682 583.6611 583.5718 583.4058 583.1952 582.9562 582.7031 582.4436 582.1822 581.9213 581.6638 581.4143 581.183 580.9792 580.8101 580.6854 580.5894 580.52 580.4773 580.4612 580.4711 580.5047 580.559 580.6289 580.7076 580.7863 580.8555 580.9061 580.928 580.9146 580.8564 580.7488 580.5931 580.3927 580.1438 579.8593 579.5505 579.2253 578.8949 578.5688 578.2678 578.0247 577.8599 577.775 577.7421 577.6992 577.6447 577.6282 577.667 577.7294 577.8389 578.0443 578.3317 578.6963 579.0621 579.3973
586.903 586.9051 586.9099 586.8862 586.6362 586.4901 586.353 586.0457 585.6266 585.1594 584.6915 584.2145 583.8696 583.7549 583.5217 583.262 582.9893 582.7095 582.4281 582.1493 581.8759 581.6117 581.3632 581.1409 580.9562 580.8102 580.6757 580.5566 580.4634 580.4003 580.3688 580.3678 580.3948 580.4459 580.5156 580.5969 580.6812 580.7582 580.8192 580.8536 580.8535 580.8111 580.7183 580.5746 580.3843 580.1498 579.87 579.5588 579.2307 578.903 578.5843 578.282 578.0218 577.8315 577.725 577.6936 577.6747 577.6409 577.6345 577.6899 577.7407 577.8164 577.9755 578.2195 578.5242 578.8717 579.1739
587.2352 587.2045 587.2113 587.149 586.9326 586.9142 586.8812 586.5327 586.0882 585.6012 585.0953 584.5782 584.1409 583.8546 583.5786 583.2919 582.9926 582.688 582.3845 582.0884 581.8038 581.535 581.2884 581.0742 580.9093 580.809 580.6503 580.5051 580.3894 580.3081 580.2631 580.2531 580.2747 580.3234 580.3929 580.4763 580.5648 580.6481 580.717 580.7625 580.7737 580.7448 580.6675 580.537 580.3571 580.1339 579.8687 579.5625 579.2302 578.8984 578.5848 578.291 578.0283 577.8232 577.6941 577.6477 577.6508 577.645 577.6418 577.6793 577.7479 577.8193 577.9512 578.1583 578.4086 578.7202 578.985
587.5496 587.4673 587.4976 587.4916 587.395 587.3469 587.2358 586.9147 586.4989 586.0277 585.5087 584.9532 584.3952 583.8909 583.6335 583.3214 582.9886 582.6542 582.3254 582.01 581.7139 581.4421 581.1976 580.9852 580.8115 580.7108 580.5664 580.4173 580.2906 580.1982 580.1446 580.1289 580.1475 580.1949 580.2649 580.3499 580.441 580.5287 580.6034 580.6569 580.6783 580.6599 580.5967 580.4812 580.3131 580.0995 579.8479 579.5569 579.2301 578.892 578.5757 578.2882 578.0315 577.8239 577.6811 577.6192 577.6199 577.6492 577.6654 577.6886 577.7405 577.8294 577.9549 578.1195 578.3285 578.5859 578.8195
587.9111 587.8065 587.8621 587.9095 587.8751 587.7935 587.6222 587.3115 586.9124 586.4659 585.9681 585.4063 584.8032 584.2389 583.8364 583.3937 582.996 582.6217 582.2623 581.9237 581.6151 581.343 581.1094 580.9215 580.8083 580.6409 580.4672 580.3053 580.1707 580.0731 580.0163 579.9992 580.0176 580.0656 580.1364 580.2223 580.3146 580.4044 580.4824 580.5404 580.5698 580.5601 580.5074 580.4066 580.2527 580.0504 579.8092 579.5341 579.2238 578.8892 578.567 578.2794 578.0291 577.8252 577.68 577.6042 577.5999 577.647 577.6909 577.72 577.7618 577.8318 577.9366 578.0486 578.2214 578.4269 578.6348
588.3618 588.2891 588.3489 588.4033 588.3682 588.246 588.0339 587.7178 587.3308 586.9099 586.4497 585.9087 585.25 584.5468 583.8725 583.4149 583.001 582.5955 582.2018 581.8347 581.5105 581.2385 581.0133 580.8124 580.6903 580.5206 580.3381 580.1703 580.0338 579.9373 579.883 579.8691 579.8907 579.941 580.0131 580.099 580.191 580.2804 580.3591 580.4183 580.4512 580.4488 580.4035 580.3137 580.175 579.9867 579.7571 579.4954 579.2028 578.8839 578.5619 578.2719 578.0244 577.8255 577.6854 577.6074 577.5999 577.6523 577.7064 577.7513 577.7976 577.8629 577.9412 578.0412 578.1891 578.3342 578.5173
589.0825 589.0126 588.9904 588.963 588.8744 588.6759 588.4243 588.0985 587.7136 587.3127 586.9088 586.4167 585.7074 584.8939 583.9835 583.5249 583.0601 582.5942 582.149 581.7429 581.3975 581.1313 580.9495 580.8069 580.5989 580.3882 580.1904 580.0197 579.8867 579.7972 579.7513 579.7454 579.7733 579.8278 579.9014 579.9869 580.0768 580.1635 580.2391 580.2965 580.3282 580.3284 580.2889 580.206 580.0793 579.9067 579.6912 579.4436 579.1687 578.8687 578.5575 578.2668 578.0208 577.8264 577.6914 577.6173 577.6046 577.6507 577.7018 577.7611 577.8264 577.8997 577.9805 578.0688 578.1746 578.2924 578.4319
590.2879 590.0912 589.8581 589.5374 589.3555 589.0415 588.7524 588.4185 588.0233 587.6204 587.2582 586.8436 586.0885 585.2346 584.3875 583.8098 583.1797 582.6107 582.0984 581.6428 581.2626 580.9806 580.8093 580.6443 580.436 580.2209 580.0234 579.8589 579.7369 579.6609 579.6289 579.6353 579.6727 579.7332 579.809 579.8932 579.9791 580.0603 580.1295 580.1807 580.2072 580.2038 580.1655 580.087 579.9682 579.8096 579.6108 579.3782 579.1219 578.8428 578.5493 578.2636 578.0192 577.8289 577.6979 577.6285 577.6127 577.637 577.6796 577.745 577.822 577.9071 578.0002 578.0997 578.205 578.3122 578.4282
592.4091 591.6977 590.8641 590.0647 589.6132 589.2979 589.0225 588.679 588.2635 587.8365 587.4048 586.9103 586.2808 585.4723 584.6144 583.8676 583.2007 582.5942 582.0389 581.5393 581.1227 580.8164 580.6393 580.4546 580.2453 580.0354 579.8478 579.6974 579.5935 579.537 579.5237 579.5465 579.5965 579.6648 579.7436 579.826 579.9063 579.979 580.038 580.0779 580.0936 580.0811 580.0375 579.9591 579.8446 579.6965 579.5146 579.2999 579.0609 578.8052 578.5325 578.2623 578.0207 577.834 577.707 577.6403 577.6245 577.6395 577.6754 577.7336 577.8145 577.9073 578.0092 578.1206 578.2352 578.3458 578.4656
594.9174 593.6256 592.2355 590.9409 590.0371 589.5826 589.3123 588.9119 588.4712 588.0087 587.5164 586.9595 586.4741 585.671 584.7452 583.8788 583.1967 582.5739 581.9878 581.45 581.0201 580.8007 580.5291 580.2861 580.0587 579.8512 579.6769 579.5464 579.4662 579.4346 579.4446 579.4873 579.5526 579.631 579.7136 579.794 579.8669 579.9282 579.9727 579.9956 579.9939 579.9652 579.9088 579.8247 579.7108 579.5691 579.4022 579.2078 578.9888 578.753 578.5067 578.2554 578.0261 577.8424 577.7188 577.6545 577.6396 577.6554 577.6935 577.7493 577.824 577.9171 578.022 578.1368 578.2588 578.3819 578.5045
