backend/lakes/data/Wolf Lake/wolf_dem_tm.asc
ncols         267
nrows         178
xllcorner     753900
yllcorner     6061500
cellsize      50
NODATA_value  -9999
[rows 90 to 119 of 178, columns 67 to 133 of 267]
590.9038 590.2065 589.5797 588.9935 588.4014 587.795 587.1709 586.5418 585.9574 585.4418 584.999 584.6245 584.3186 584.0791 583.9012 583.7542 583.6295 583.5148 583.4124 583.3209 583.2309 583.124 582.9911 582.8586 582.7583 582.7233 582.7557 582.8231 582.8873 582.9368 582.9937 583.1032 583.3206 583.6994 584.2916 585.1007 586.0652 587.3881 589.6206 592.9064 597.0761 601.8695 606.5653 610.5281 613.2351 614.3446 613.9598 612.2831 609.6055 606.6164 603.985 601.4919 599.3333 597.7219 596.598 595.7099 594.9274 594.2136 593.5789 593.0776 592.9818 592.7092 592.4114 592.0688 591.688 591.28 590.8661
591.4424 590.7358 590.1183 589.5536 588.994 588.3995 587.7709 587.123 586.4933 585.9175 585.4169 584.9981 584.6503 584.3769 584.1895 584.0071 583.8487 583.7135 583.6016 583.509 583.4207 583.3099 583.1555 582.9934 582.8602 582.8008 582.8263 582.903 582.9884 583.0681 583.1729 583.3632 583.7121 584.3005 585.2194 586.5413 587.7959 589.6211 592.4651 596.2721 600.8173 605.5343 609.6672 612.666 613.9421 613.7042 612.1414 609.4402 606.3589 603.8245 601.6614 599.7494 598.0834 596.7424 595.7238 594.9004 594.1799 593.5422 593.0106 592.6803 592.5671 592.3854 592.124 591.7845 591.3895 590.9481 590.4794
591.9799 591.2175 590.6173 590.084 589.5553 588.9952 588.3772 587.7167 587.0472 586.4138 585.8519 585.3793 584.9966 584.6901 584.536 584.3053 584.1202 583.9827 583.882 583.8091 583.7378 583.6288 583.4369 583.2325 583.0553 582.9616 582.9718 583.0563 583.1698 583.2961 583.4747 583.7793 584.3026 585.1544 586.5007 588.3191 589.7953 592.1959 595.5791 599.8767 604.4893 608.7563 611.99 613.8328 613.5117 611.8464 608.9986 605.6819 603.1493 601.1435 599.4785 598.0328 596.8091 595.765 594.9055 594.1799 593.5421 593.0008 592.5951 592.3606 592.2454 592.0908 591.8356 591.4749 591.0483 590.5774 590.0944
592.2165 591.5859 591.0889 590.6119 590.1163 589.5892 588.9993 588.3353 587.6318 586.941 586.3149 585.7867 585.3611 585.0278 584.9766 584.6556 584.4787 584.3794 584.3214 584.2927 584.2487 584.1437 583.8701 583.6042 583.3661 583.2271 583.2104 583.3003 583.4485 583.6262 583.8971 584.3407 585.0723 586.213 587.5488 589.3735 591.7438 594.9237 598.9431 603.4319 607.6815 610.9834 612.7633 613.1495 611.5814 608.7446 605.2958 602.3506 600.3551 598.8324 597.5985 596.5384 595.6102 594.8224 594.148 593.5447 593.0005 592.5409 592.225 592.0524 591.9501 591.7939 591.5087 591.0809 590.567 590.0228 589.5273
592.5747 592.0895 591.6342 591.1848 590.7094 590.2286 589.6764 589.0135 588.2765 587.5232 586.8275 586.2644 585.8564 585.5861 585.4346 585.0422 584.9925 585.0065 585.0424 585.0872 585.0452 584.9202 584.4792 584.1451 583.815 583.6184 583.5553 583.6448 583.8353 584.0497 584.413 584.999 585.9758 587.4052 588.6953 590.73 593.904 597.9113 602.2505 606.2792 609.5583 611.5103 611.5403 610.3868 608.0122 604.9916 602.2626 599.9607 598.3049 597.0947 596.1481 595.3472 594.6404 594.0192 593.489 593.0001 592.5352 592.129 591.8533 591.7189 591.6222 591.4384 591.083 590.5339 589.8499 589.1251 588.592
592.9882 592.605 592.1974 591.7981 591.3434 590.9408 590.454 589.8137 589.0164 588.1732 587.3772 586.7749 586.3821 586.1432 585.9279 585.733 585.8009 586.0139 586.2631 586.4572 586.2617 585.8958 585.2899 584.9268 584.4301 584.1642 584.005 584.0819 584.3359 584.534 584.97 585.626 586.686 588.1808 589.9832 592.7626 596.4994 600.9553 604.9924 607.9077 609.7183 609.9926 608.8627 606.6288 603.9121 601.8455 599.9182 598.2272 596.9128 595.9218 595.1447 594.4933 593.9203 593.4111 592.9976 592.5834 592.1596 591.7486 591.462 591.3243 591.2029 590.9532 590.4814 589.7651 588.8484 587.8854 587.0371
593.2226 592.9943 592.6881 592.4357 592.0664 591.7249 591.3234 590.7305 589.8571 588.8593 587.9235 587.2837 586.9142 586.7091 586.5494 586.5742 586.8689 587.322 587.7269 587.968 587.7225 587.3323 586.7634 586.0513 585.2538 584.9131 584.5421 584.5701 584.9335 585.0332 585.5316 586.3679 587.6454 589.4671 591.9919 595.3309 599.4388 603.6932 606.9184 608.2164 608.2228 607.1925 605.2174 603.3708 601.3782 599.7681 598.3607 597.1276 596.0874 595.2328 594.5322 593.9548 593.4654 593.0192 592.6842 592.3031 591.8689 591.3995 591.026 590.8476 590.642 590.2564 589.5896 588.6362 587.3906 586.3436 585.415
593.3324 593.1838 593.0057 592.9771 592.6681 592.4456 592.2086 591.7367 590.7327 589.3839 588.4197 587.8016 587.4898 587.3396 587.3151 587.6257 588.2617 589.0313 589.5233 589.6401 589.3527 588.9941 588.4757 587.5256 586.5637 585.8629 585.1861 585.064 585.3523 585.675 586.3418 587.4524 589.1179 591.4949 594.6708 598.6084 602.8329 606.1565 607.883 607.418 605.7787 603.7616 602.2634 600.9187 599.6003 598.4326 597.3986 596.4905 595.6501 594.8732 594.1824 593.6417 593.2574 592.9868 592.5869 592.157 591.6776 591.1199 590.5576 590.2765 589.8826 589.2468 588.2479 586.9429 585.6248 584.8034 584.0995
593.3723 593.293 593.2156 593.1776 593.0116 593.0078 593.0142 592.8102 591.8086 590.3766 589.1212 588.416 588.1667 588.0458 588.2803 589.0453 590.2053 591.4425 592.1332 592.1028 591.3713 590.6152 589.8247 588.8911 587.9338 587.2177 586.4946 586.1588 586.2028 586.5902 587.4772 588.9522 591.1079 594.0421 597.869 602.173 605.9137 607.4766 607.2906 605.5372 602.7844 601.0188 599.9279 599.1118 598.329 597.5143 596.722 595.9731 595.2596 594.5955 593.8907 593.3542 593.0035 592.7725 592.4416 592.0214 591.5178 590.9164 590.2473 589.6238 588.8247 587.7812 586.2272 585.0243 583.988 583.3176 582.8608
593.3579 593.3296 593.3282 593.3618 593.3907 593.5062 593.6102 593.4603 592.7202 591.3137 589.9073 589.0223 588.913 588.838 589.593 591.1496 593.2038 594.5398 594.7278 594.1841 593.0103 591.9153 590.9105 589.9751 589.144 588.6462 587.9003 587.4594 587.3206 587.7563 588.9186 590.8138 593.501 596.9611 601.1288 604.9469 607.3326 605.6314 605.1256 602.6879 599.8842 598.765 598.1614 597.7485 597.3542 596.7576 596.1083 595.4396 594.7681 594.1136 593.4829 593.0063 592.728 592.5228 592.2318 591.8057 591.2416 590.5286 589.6527 588.5936 587.1744 585.686 584.3334 583.2809 582.4512 582.0218 581.8001
593.3017 593.3053 593.3531 593.4553 593.6027 593.8021 593.9497 593.8102 593.1119 591.9584 590.4171 589.3329 589.2255 589.7264 591.4969 594.3811 597.2224 598.4919 597.4163 595.7642 594.1349 592.8121 591.7141 590.8403 590.1531 589.6253 589.0449 588.7515 588.5188 589.1031 590.6163 592.9932 596.2349 600.2148 604.0892 606.2366 604.9469 604.1031 602.7875 600.0187 598.3481 597.5463 597.0977 596.7798 596.4583 595.9996 595.4489 594.8348 594.1947 593.569 593.0147 592.6291 592.3923 592.1973 591.9008 591.4166 590.7222 589.7972 588.5983 587.0165 585.3289 583.8422 582.6361 581.8409 581.1654 580.9949 580.9843
593.2188 593.2333 593.2939 593.415 593.6075 593.8846 594.0956 594.054 593.5439 592.5446 590.7076 589.5211 589.9756 591.5825 594.4149 598.1826 601.3601 602.2401 600.2313 597.085 594.8785 593.2612 592.2822 591.5458 590.993 590.4971 589.9888 589.7358 589.7332 590.7295 592.6433 595.5101 599.3724 603.4222 606.3375 606.7628 605.1212 603.4005 600.9249 598.9301 597.7465 597.0356 596.5521 596.1523 595.7657 595.3109 594.7875 594.1982 593.5885 593.0162 592.5645 592.1923 591.9631 591.7498 591.3932 590.7819 589.8734 588.6398 587.0177 585.2601 583.6311 582.2738 581.27 580.8863 580.4553 580.3246 580.3731
593.1193 593.1302 593.1682 593.2458 593.3984 593.7384 594.0101 594.0212 593.5714 592.547 590.6255 589.7167 591.0046 593.6002 597.3092 601.4993 604.4255 603.9723 602.1852 598.1957 595.6028 593.9294 592.9544 592.2792 591.8375 591.3441 590.9543 590.9542 591.5956 592.7213 594.9996 598.3554 602.3428 605.636 607.1434 606.4172 604.3071 601.2769 599.4349 598.1638 597.4328 596.7491 596.2092 595.697 595.2067 594.7009 594.1657 593.5797 592.9951 592.4794 592.04 591.6476 591.4132 591.1575 590.6815 589.8612 588.6519 587.0292 585.26 583.6201 582.2089 581.1467 580.5045 580.176 579.9171 579.8347 579.8973
592.9999 592.9999 592.9996 592.9984 593.0198 593.3983 593.6462 593.6306 593.1297 591.9996 590.2211 589.8935 592.1974 595.5068 599.7281 603.9619 606.6245 605.5518 603.2408 598.9619 596.3047 594.6608 593.6956 593.0864 592.8096 592.2482 591.9033 591.9644 592.7197 594.4561 597.5298 601.1189 604.4391 606.3231 606.6141 604.7797 602.2559 599.8999 598.3585 597.3763 596.7847 596.2524 595.7773 595.2372 594.6877 594.135 593.5782 592.9946 592.411 591.9306 591.5012 591.0415 590.7662 590.428 589.7546 588.6259 587.0216 585.2612 583.6136 582.1978 581.1266 580.56 580.0769 579.7626 579.5372 579.4506 579.4935
592.8344 592.8162 592.7756 592.7334 592.7544 592.9676 592.9955 592.8534 592.2417 590.892 590.1168 591.3875 593.656 596.8577 600.8415 604.9146 607.6375 606.9349 604.0253 599.7607 597.2151 595.6401 594.715 594.1591 593.7863 593.268 593.0496 593.1252 593.7924 596.0735 599.537 602.8889 604.8942 605.1833 603.8785 601.5599 599.8862 598.3808 597.2753 596.5443 596.0498 595.6035 595.1323 594.6671 594.1355 593.5745 593.0098 592.4366 591.863 591.4233 591.0409 590.5868 590.0997 589.5645 588.5741 587.0057 585.2457 583.6085 582.1877 581.075 580.3781 580.0283 579.7151 579.442 579.2205 579.0978 579.0833
592.6191 592.5811 592.4965 592.382 592.2789 592.1968 591.9676 591.5403 590.8757 590.3212 591.5029 592.8138 594.7307 597.3296 600.4232 604.0766 607.2724 607.6137 604.5828 600.9298 598.5256 596.9756 596.0569 595.5518 595.2432 594.9282 594.76 594.8903 595.0482 596.9953 600.3965 602.7761 603.7045 602.4736 600.4715 599.072 598.0092 597.0565 596.3035 595.7695 595.3634 594.9783 594.5638 594.1113 593.574 593.0042 592.4569 591.9167 591.3599 590.9382 590.5712 590.0789 589.344 588.493 586.9932 585.2401 583.5934 582.1978 581.1155 580.3665 579.8533 579.5691 579.3765 579.1277 578.9006 578.7334 578.6425
592.3602 592.3015 592.1769 591.991 591.7708 591.5065 591.1426 590.7343 590.5091 591.2532 592.6041 593.7918 595.2275 597.0084 599.1742 601.965 605.9218 607.9174 605.6807 602.243 600.1975 598.637 597.6602 597.1378 596.8589 596.7123 596.588 597.0131 595.7316 596.6129 599.4161 600.9351 600.7226 599.3204 598.3092 597.4332 596.6985 596.0608 595.5309 595.1188 594.777 594.425 594.0234 593.5598 593.0039 592.3965 591.8196 591.3052 590.7988 590.3826 589.9797 589.4562 588.5048 587.0153 585.2617 583.5973 582.2017 581.2355 580.6195 580.0631 579.5479 579.2002 578.967 578.7499 578.5555 578.386 578.2749
592.0798 592.0002 591.8521 591.6348 591.3777 591.0977 590.8025 590.6818 591.2283 592.4709 593.3483 594.281 595.322 596.4819 597.8286 600.0262 604.1529 606.9668 606.3715 604.4915 602.5706 600.6 599.431 598.7761 598.3686 598.3031 597.7778 599.5338 596.9738 595.4954 597.2352 597.9072 598.4998 598.3591 597.4456 596.5935 595.9161 595.3855 594.9532 594.5885 594.2729 593.9304 593.5095 593.0009 592.3833 591.6844 590.9968 590.4338 590.0444 589.6398 589.0767 588.4192 587.0286 585.3236 583.6398 582.1935 581.2211 581.1183 580.5126 579.9114 579.3649 578.9308 578.6194 578.3785 578.1921 578.0491 577.9521
591.807 591.7086 591.5551 591.3492 591.1378 590.9681 590.8401 591.0352 591.7579 592.8544 593.4343 594.1811 595.0208 595.8416 596.804 598.5518 602.1848 605.2498 605.9421 605.0684 603.85 602.5372 601.3525 600.271 599.2591 599.8155 597.2425 597.0258 596.0659 595.3425 595.9885 596.566 597.1855 597.4481 596.8208 596.0753 595.4288 594.9182 594.5184 594.1663 593.8313 593.4662 592.999 592.4095 591.6829 590.8268 589.9424 589.1678 588.8752 588.5872 587.8181 586.7924 585.3293 583.7725 582.2565 581.1149 580.5505 580.4421 580.1376 579.6499 579.153 578.7092 578.3459 578.0589 577.8456 577.7122 577.6515
591.5713 591.4575 591.3109 591.1343 591.0005 590.9849 590.9683 591.2378 591.8501 592.5936 593.077 593.8809 594.7385 595.553 596.4775 598.0544 600.6807 603.4818 604.6793 604.2655 603.3344 602.1771 601.0919 600.1846 598.9482 597.6994 596.2916 595.774 595.3093 595.1021 595.4261 595.8269 596.3483 596.6655 596.3022 595.6843 595.0775 594.5626 594.1515 593.7791 593.4207 592.996 592.4353 591.723 590.8485 589.8025 588.6569 587.5873 587.1118 586.8358 586.2451 585.201 583.9171 582.5474 581.2764 580.5069 580.0704 579.8636 579.6172 579.2693 578.8572 578.4763 578.1152 577.7921 577.5119 577.3693 577.3497
591.3913 591.2731 591.1444 591.0006 590.9282 590.9343 591.0004 591.2902 591.803 592.4218 593.0132 593.7521 594.627 595.5109 596.4572 597.7488 599.5944 601.9905 603.2006 602.8628 601.6153 600.0521 598.3386 597.3818 596.913 596.1685 595.2932 594.8386 594.6816 594.7484 595.1121 595.4293 595.7574 596.0186 595.7795 595.3267 594.772 594.2692 593.8301 593.3952 592.9971 592.4777 591.7834 590.897 589.8188 588.5247 586.9962 585.7292 585.2631 585.122 584.8248 583.9331 582.8326 581.7572 580.9371 580.2882 579.8124 579.4849 579.184 578.8567 578.5038 578.1746 577.871 577.5862 577.2772 577.0143 576.9935
591.265 591.158 591.0714 590.9997 590.9164 590.9126 591.0005 591.2749 591.7193 592.2925 592.9495 593.5883 594.5166 595.4641 596.4557 597.488 598.6464 599.9254 600.9904 600.8004 599.1063 597.287 596.1635 595.5288 595.2065 594.8884 594.4651 594.1625 594.1171 594.3412 594.6868 595.0691 595.2936 595.4063 595.2661 594.9046 594.4521 594.002 593.5656 593.0392 592.579 591.9141 591.0135 589.8923 588.543 586.9233 585.4031 584.4775 584.0179 583.843 583.576 582.8109 581.8817 581.0348 580.4403 580.0281 579.5963 579.2151 578.86 578.507 578.1478 577.801 577.5349 577.3301 576.9838 576.5947 576.3176
591.1676 591.0718 591 590.9402 590.889 590.9031 591.0004 591.2184 591.5723 592.0488 592.5898 593.1512 594.192 595.1586 596.0795 596.9417 597.7999 598.6423 599.136 598.6183 596.8232 595.5275 594.701 594.2396 594.0444 593.9543 593.8208 593.6796 593.6853 593.9229 594.2705 594.5841 594.8203 594.8975 594.8016 594.5334 594.1597 593.756 593.3461 592.9556 592.2565 591.3164 590.1106 588.6489 586.9241 585.2477 583.9966 583.3369 582.9449 582.7407 582.4502 581.8154 581.0421 580.3903 579.9081 579.5412 579.222 578.9036 578.5541 578.1917 577.8168 577.4141 577.0375 576.8621 576.3213 575.8218 575.3951
591.0801 590.9999 590.9342 590.8843 590.8568 590.891 590.9994 591.1324 591.4035 591.8019 592.3158 592.9474 593.7019 594.5746 595.4645 596.2935 597.0055 597.5751 597.7418 596.778 595.5597 594.549 593.8912 593.5237 593.3444 593.344 593.3522 593.3228 593.3357 593.5294 593.8262 594.1025 594.2929 594.3826 594.3557 594.1708 593.8783 593.4998 593.0342 592.597 591.7983 590.6216 589.0726 587.1656 585.2369 583.6384 582.5502 582.0896 581.9164 581.7964 581.577 581.0271 580.4069 579.832 579.3737 579.0338 578.7509 578.4903 578.172 577.8208 577.4382 576.9827 576.4201 575.8812 575.2378 574.7042 574.2604
591.0004 590.9297 590.874 590.8351 590.8174 590.8431 590.9141 591.0019 591.2286 591.5492 591.963 592.4724 593.0371 593.7915 594.6495 595.48 596.1773 596.6267 596.6724 595.9048 594.9326 594.0588 593.4842 593.175 593.0018 592.9965 592.9991 592.9988 593.0076 593.2102 593.3829 593.6368 593.787 593.8556 593.8671 593.7771 593.5927 593.3154 592.9666 592.2975 591.2928 589.8819 588.0645 585.7421 583.7365 582.2001 581.2227 581.0018 580.9995 581.0085 580.9325 580.4348 579.881 579.351 578.8978 578.5454 578.2729 578.0244 577.7408 577.4059 576.988 576.4166 575.7096 574.9352 574.1581 573.5841 573.1198
590.9995 590.8966 590.8323 590.7981 590.7894 590.8134 590.8853 590.9993 591.1156 591.3321 591.6383 592.02 592.476 593.035 593.7739 594.5684 595.2466 595.6744 595.716 595.2148 594.4749 593.7579 593.2546 592.9942 592.7887 592.7178 592.7053 592.7296 592.8109 592.9936 593.0121 593.2355 593.3447 593.3793 593.4155 593.3697 593.2761 593.0078 592.6083 591.835 590.6379 588.9675 586.7701 584.4567 582.472 581.1824 580.5381 580.343 580.3276 580.3206 580.1989 579.8218 579.3472 578.8906 578.4771 578.1289 577.8466 577.5985 577.3315 576.9987 576.5267 575.8917 575.0922 574.2084 573.4119 573.0109 572.8456
590.9073 590.8372 590.7957 590.7745 590.7724 590.7948 590.8461 590.9247 591.001 591.1672 591.381 591.6606 592.0187 592.4727 593.0329 593.7099 594.3298 594.701 594.7706 594.5128 593.9846 593.4163 592.9995 592.7371 592.558 592.4745 592.4557 592.4966 592.5858 592.7205 592.8158 592.9943 593.0018 593.0052 593.0887 593.0059 592.9973 592.7385 592.2197 591.2941 589.8699 587.9334 585.3725 583.0144 581.3583 580.704 580.2316 579.9942 579.879 579.7844 579.6066 579.2784 578.8669 578.4423 578.0736 577.7653 577.4991 577.2544 577.0006 576.6885 576.214 575.5549 574.7133 573.778 573.0244 572.9999 572.9985
590.8905 590.8226 590.7968 590.7794 590.7766 590.7938 590.8358 590.9042 590.9996 591.0881 591.2129 591.402 591.675 592.0455 592.5057 593.0284 593.5551 593.8025 593.8481 593.7283 593.4417 593.0127 592.7125 592.4982 592.3469 592.2678 592.2484 592.2845 592.3687 592.4747 592.5707 592.6899 592.7548 592.8502 592.9968 592.9022 592.783 592.4642 591.835 590.7204 589.0088 586.6082 583.9618 581.6981 580.5838 580.2712 580.0005 579.7621 579.5587 579.374 579.1479 578.8362 578.4614 578.0688 577.7142 577.4371 577.2142 577.0004 576.7908 576.5305 576.1272 575.5164 574.6919 573.7652 573.0311 573.0483 573.1686
590.9996 590.8853 590.8644 590.826 590.804 590.8109 590.8354 590.8784 590.9373 591.0001 591.0928 591.2206 591.4227 591.718 592.1025 592.5393 592.9537 593.018 593.0203 593.0136 592.9797 592.7168 592.4941 592.3299 592.2028 592.1187 592.0911 592.1105 592.1715 592.2487 592.3232 592.4019 592.4825 592.5988 592.7214 592.692 592.546 592.175 591.4612 590.2158 588.3143 585.4571 582.5585 580.7931 579.9734 579.7806 579.7448 579.5399 579.2838 579.0443 578.7875 578.4845 578.1384 577.7749 577.4385 577.1777 576.9997 576.8331 576.683 576.5095 576.2219 575.7476 575.0294 574.2004 573.5864 573.4894 573.6234
591.1758 591.0024 590.9989 590.9095 590.8503 590.8442 590.8501 590.8635 590.8905 590.9301 591 591.0962 591.2355 591.4512 591.7366 592.0448 592.2911 592.3517 592.3737 592.4258 592.4748 592.4158 592.3318 592.2441 592.1461 592.0474 591.9824 591.9741 592.0002 592.0444 592.0854 592.1274 592.1895 592.2898 592.3942 592.3978 592.2548 591.8541 591.0677 589.7329 587.7437 584.8058 581.9056 580.3816 579.6649 579.4484 579.4081 579.2867 579.0139 578.7758 578.5035 578.2042 577.8854 577.5568 577.2487 577.0027 576.8561 576.7218 576.6294 576.5562 576.4041 576.095 575.5338 574.8236 574.2909 574.15 574.256
