backend/lakes/data/Wolf Lake/wolf_dem_tm.asc
ncols         267
nrows         178
xllcorner     753900
yllcorner     6061500
cellsize      50
NODATA_value  -9999
[rows 60 to 89 of 178, columns 134 to 200 of 267]
587.3746 591.8915 596.7494 600.7267 602.5784 604.2437 605.7775 606.5266 -9999 -9999 -9999 -9999 -9999 -9999 -9999 -9999 -9999 -9999 -9999 -9999 -9999 -9999 -9999 -9999 -9999 -9999 -9999 -9999 -9999 -9999 -9999 -9999 -9999 -9999 -9999 -9999 -9999 -9999 -9999 -9999 -9999 -9999 -9999 -9999 -9999 -9999 -9999 -9999 -9999 -9999 -9999 -9999 -9999 -9999 -9999 -9999 -9999 -9999 -9999 -9999 -9999 -9999 597.4182 600.9344 603.6078 604.7639 604.5165
590.4516 595.1617 599.8783 603.3169 604.7177 605.3047 605.575 604.8548 -9999 -9999 -9999 -9999 -9999 -9999 -9999 -9999 -9999 -9999 -9999 -9999 -9999 -9999 -9999 -9999 -9999 -9999 -9999 -9999 -9999 -9999 -9999 -9999 -9999 -9999 -9999 -9999 -9999 -9999 -9999 -9999 -9999 -9999 -9999 -9999 -9999 -9999 -9999 -9999 -9999 -9999 -9999 -9999 -9999 -9999 -9999 -9999 -9999 -9999 -9999 -9999 -9999 -9999 597.4572 600.9728 603.7168 604.4481 603.428
594.2717 598.8219 602.9421 605.8716 606.5613 605.7389 604.1494 602.7262 -9999 -9999 -9999 -9999 -9999 -9999 -9999 -9999 -9999 -9999 -9999 -9999 -9999 -9999 -9999 -9999 -9999 -9999 -9999 -9999 -9999 -9999 -9999 -9999 -9999 -9999 -9999 -9999 -9999 -9999 -9999 -9999 -9999 -9999 -9999 -9999 -9999 -9999 -9999 -9999 -9999 -9999 -9999 -9999 -9999 -9999 -9999 -9999 -9999 -9999 -9999 -9999 -9999 595.1676 597.8097 601.1874 603.783 603.8131 601.731
598.3544 602.3276 604.7993 606.6724 607.0281 604.9717 602.4781 -9999 -9999 -9999 -9999 -9999 -9999 -9999 -9999 -9999 -9999 -9999 -9999 -9999 -9999 -9999 -9999 -9999 -9999 -9999 -9999 -9999 -9999 -9999 -9999 -9999 -9999 -9999 -9999 -9999 -9999 -9999 -9999 -9999 -9999 -9999 -9999 -9999 -9999 -9999 -9999 -9999 -9999 -9999 -9999 -9999 -9999 -9999 -9999 -9999 -9999 -9999 -9999 -9999 -9999 596.397 598.6157 601.6521 603.9046 602.9517 599.5316
602.3137 604.6523 604.236 605.8468 605.6874 603.3146 601.0939 -9999 -9999 -9999 -9999 -9999 -9999 -9999 -9999 -9999 -9999 -9999 -9999 -9999 -9999 -9999 -9999 -9999 -9999 -9999 -9999 -9999 -9999 -9999 -9999 -9999 -9999 -9999 -9999 -9999 -9999 -9999 -9999 -9999 -9999 -9999 -9999 -9999 -9999 -9999 -9999 -9999 -9999 -9999 -9999 -9999 -9999 -9999 -9999 -9999 -9999 -9999 -9999 -9999 -9999 597.2332 599.7339 602.4094 603.9223 601.7323 597.4683
605.8419 606.6404 605.9814 605.8953 603.9246 601.4872 -9999 -9999 -9999 -9999 -9999 -9999 -9999 -9999 -9999 -9999 -9999 -9999 -9999 -9999 -9999 -9999 -9999 -9999 -9999 -9999 -9999 -9999 -9999 -9999 -9999 -9999 -9999 -9999 -9999 -9999 -9999 -9999 -9999 -9999 -9999 -9999 -9999 -9999 -9999 -9999 -9999 -9999 -9999 -9999 -9999 -9999 -9999 -9999 -9999 -9999 -9999 -9999 -9999 -9999 596.7793 599.1822 601.8103 603.8029 603.4863 600.1516 595.5165
608.2353 607.916 606.4081 604.4785 602.1566 -9999 -9999 -9999 -9999 -9999 -9999 -9999 -9999 -9999 -9999 -9999 -9999 -9999 -9999 -9999 -9999 -9999 -9999 -9999 -9999 -9999 -9999 -9999 -9999 -9999 -9999 -9999 -9999 -9999 -9999 -9999 -9999 -9999 -9999 -9999 -9999 -9999 -9999 -9999 -9999 -9999 -9999 -9999 -9999 -9999 -9999 -9999 -9999 -9999 -9999 -9999 -9999 -9999 -9999 -9999 599.3687 602.0131 604.2609 605.2032 602.8116 598.5508 593.6691
609.3377 607.8641 605.3702 602.7449 -9999 -9999 -9999 -9999 -9999 -9999 -9999 -9999 -9999 -9999 -9999 -9999 -9999 -9999 -9999 -9999 -9999 -9999 -9999 -9999 -9999 -9999 -9999 -9999 -9999 -9999 -9999 -9999 -9999 -9999 -9999 -9999 -9999 -9999 -9999 -9999 -9999 -9999 -9999 -9999 -9999 -9999 -9999 -9999 -9999 -9999 -9999 -9999 -9999 -9999 -9999 -9999 -9999 -9999 -9999 -9999 602.7513 605.1105 605.8163 603.4599 600.8549 596.2921 591.483
609.1304 606.718 603.7429 -9999 -9999 -9999 -9999 -9999 -9999 -9999 -9999 -9999 -9999 -9999 -9999 -9999 -9999 -9999 -9999 -9999 -9999 -9999 -9999 -9999 600.2175 600.5338 601.708 603.7693 606.665 609.5978 -9999 -9999 -9999 -9999 -9999 -9999 -9999 -9999 -9999 -9999 -9999 -9999 -9999 -9999 -9999 -9999 -9999 -9999 -9999 -9999 -9999 -9999 -9999 -9999 -9999 -9999 -9999 -9999 -9999 603.6315 606.6608 608.4363 607.7899 604.1389 599.3075 594.1156 589.2579
608.0114 -9999 -9999 -9999 -9999 -9999 -9999 -9999 -9999 -9999 -9999 -9999 -9999 -9999 -9999 -9999 -9999 -9999 -9999 -9999 -9999 -9999 599.7236 600.0013 600.2199 600.4799 601.3032 603.071 605.6019 608.2626 610.325 -9999 -9999 -9999 -9999 -9999 -9999 -9999 -9999 -9999 -9999 -9999 -9999 -9999 -9999 -9999 -9999 -9999 -9999 -9999 -9999 -9999 -9999 -9999 -9999 -9999 -9999 -9999 -9999 607.5581 610.3215 611.0108 608.6851 603.9128 597.8047 591.9617 586.9609
-9999 -9999 -9999 -9999 598.0043 597.233 597.3536 598.1494 599.3431 600.6667 601.8528 601.7697 600.3646 -9999 -9999 -9999 -9999 -9999 -9999 -9999 -9999 599.3975 599.6122 599.9934 600.1356 600.0012 600.3067 601.7252 603.8564 606.3971 608.5684 609.2188 -9999 -9999 -9999 -9999 -9999 -9999 -9999 -9999 -9999 -9999 -9999 -9999 -9999 -9999 -9999 -9999 -9999 -9999 -9999 -9999 -9999 -9999 -9999 -9999 -9999 -9999 607.6649 611.0109 612.8702 611.944 608.3204 602.444 595.7902 589.7222 584.6929
-9999 -9999 599.4842 597.9263 597.0663 596.6624 596.7004 597.2348 598.084 599.0834 599.9501 600.0746 599.4681 598.6812 599.7815 -9999 -9999 -9999 -9999 -9999 -9999 599.024 599.309 599.6691 599.845 599.3213 599.3189 600.2774 602.0593 604.3041 606.3446 607.2502 -9999 -9999 -9999 -9999 -9999 -9999 -9999 -9999 -9999 -9999 -9999 -9999 -9999 -9999 -9999 -9999 -9999 -9999 -9999 -9999 -9999 -9999 -9999 -9999 -9999 -9999 610.9485 613.3468 613.665 611.3724 606.5333 599.9728 593.1524 587.1426 582.2335
603.6707 600.8279 598.5963 597.0747 596.2645 595.9542 595.9811 596.3486 596.891 597.5598 598.219 598.5521 598.2197 598.3334 599.1035 599.9479 -9999 -9999 -9999 -9999 598.484 598.5388 598.7374 598.8869 598.7565 598.1645 598.1191 598.8983 600.242 602.1636 604.0281 604.9632 604.0267 -9999 -9999 -9999 -9999 -9999 -9999 -9999 -9999 -9999 -9999 -9999 -9999 -9999 -9999 -9999 -9999 -9999 -9999 -9999 -9999 -9999 -9999 -9999 -9999 610.6657 613.2529 614.1835 613.0327 609.3215 603.5392 596.6895 590.0837 584.415 579.8163
602.6022 600.0942 598.1142 596.5112 595.6876 595.4314 595.4588 595.5968 595.8394 596.2061 596.7911 597.6461 597.9174 598.0189 598.54 599.0204 599.1276 -9999 -9999 -9999 597.9865 597.9906 597.9929 597.9432 597.6788 597.1625 597.0836 597.6163 598.4944 600.0198 601.5871 602.4047 601.7791 -9999 -9999 -9999 -9999 -9999 -9999 -9999 -9999 -9999 -9999 -9999 -9999 -9999 -9999 -9999 -9999 -9999 -9999 -9999 -9999 -9999 -9999 -9999 -9999 612.9975 614.1895 613.6597 611.0078 606.0771 599.6281 592.8069 586.5844 581.3842 577.2383
601.6883 599.5378 597.5742 595.9974 595.2904 595.1017 595.0026 594.994 594.9883 595.0319 595.4078 596.5164 597.739 598.0154 598.2665 598.4521 598.4552 -9999 -9999 -9999 597.4729 597.317 597.1038 596.7735 596.2616 595.9971 595.9329 596.1463 596.9362 597.9852 599.128 599.8788 599.6207 598.5339 -9999 -9999 -9999 -9999 -9999 -9999 -9999 -9999 -9999 -9999 -9999 -9999 -9999 -9999 -9999 -9999 -9999 -9999 -9999 -9999 -9999 -9999 612.983 614.1144 613.9297 612.0089 607.9393 602.0731 595.3453 588.7504 582.9583 578.2337 574.5165
600.4523 598.6881 597.0491 595.4174 595.0022 594.9959 594.7653 594.6036 594.4838 594.4758 594.8347 595.6722 597.1566 597.8355 598.0619 598.1206 598.0105 597.9847 -9999 -9999 597.0278 596.752 596.4069 596.0038 595.5579 595.2354 595.0234 595.0967 595.7696 596.3447 597.2208 597.7882 597.7429 597.2227 596.8673 -9999 -9999 -9999 -9999 -9999 -9999 -9999 -9999 -9999 -9999 -9999 -9999 -9999 -9999 -9999 -9999 -9999 -9999 -9999 611.4067 613.648 614.5039 614.1785 612.5884 609.2437 604.0883 597.6749 591.0261 584.8154 579.4695 575.1908 571.7805
599.2142 597.7705 596.5601 595.5634 595.1002 594.8851 594.6072 594.4076 594.304 594.362 594.8659 596.0167 597.312 597.9055 598.0002 597.9992 597.816 597.631 -9999 -9999 -9999 596.3752 596.0138 595.6436 595.269 594.9996 594.8442 594.7986 595.0324 595.4581 595.9528 596.1448 596.1406 596.0422 596.0153 595.9884 -9999 -9999 -9999 -9999 -9999 -9999 -9999 -9999 -9999 -9999 -9999 -9999 -9999 -9999 -9999 -9999 -9999 -9999 614.2301 615.6804 615.1393 613.2364 610.1183 605.5035 599.5596 593.0045 586.6483 580.9578 576.1415 572.2426 569.1369
597.3562 596.5743 596.073 595.6182 595.2055 594.8789 594.5577 594.3552 594.2675 594.3304 594.7458 595.6577 597.4092 597.9951 598.0304 597.8945 597.6345 597.3381 -9999 -9999 -9999 596.1993 595.9883 595.5877 595.2299 595.0189 594.999 594.8951 594.9986 595.1285 595.3041 595.3777 595.3998 595.4247 595.4897 595.5242 595.3953 595.1667 594.9205 594.7107 594.5888 594.6111 -9999 -9999 -9999 -9999 -9999 -9999 -9999 -9999 -9999 -9999 -9999 614.2774 615.8533 616.2164 614.5392 611.084 606.4567 600.7598 594.3779 587.99 582.098 576.9636 572.7018 569.3512 566.8652
595.3137 595.2499 595.2558 595.1986 595.0475 594.7848 594.4989 594.3453 594.2963 594.3346 594.7094 595.5612 596.9146 597.7056 597.8849 597.7461 597.4481 597.0891 -9999 -9999 -9999 596.0004 595.821 595.5324 595.2345 595.0012 594.958 594.9034 594.939 594.9999 595.0559 595.0708 595.0845 595.1309 595.2062 595.2512 595.2045 595.0828 594.933 594.8223 594.8358 595.0688 595.6096 596.4823 -9999 -9999 -9999 -9999 -9999 -9999 -9999 -9999 614.1654 615.9288 616.28 615.0405 611.9968 607.2538 601.5114 595.1887 588.8242 582.827 577.4617 572.9022 569.2849 566.7339 565.0822
594.0609 594.2633 594.5028 594.6621 594.6763 594.5389 594.3462 594.2743 594.3 594.3599 594.6805 595.4816 596.6423 597.5797 597.784 597.6267 597.3071 -9999 -9999 -9999 -9999 595.861 595.7349 595.5592 595.3513 595.132 595.0001 594.9294 594.9229 594.9582 594.9999 595 594.9952 595.0217 595.08 595.1202 595.1077 595.0466 594.9705 594.9543 595.1157 595.6093 596.5727 598.1089 599.4897 600.2039 -9999 -9999 -9999 -9999 -9999 -9999 615.6497 616.3148 615.2493 612.3741 607.8561 602.0931 595.7039 589.3047 583.2518 577.7417 572.916 568.9454 566.0545 564.4368 563.704
593.3312 593.6306 593.9438 594.1843 594.2803 594.2052 594.0817 594.0705 594.2034 594.326 594.6812 595.4773 596.7824 597.9321 597.8889 597.6227 597.2791 -9999 -9999 -9999 -9999 595.8193 595.7777 595.7096 595.5968 595.3541 595.1365 594.9999 594.9461 594.9589 594.9691 594.9948 595 594.9962 595.0343 595.0636 595.0636 595.0375 595.0103 595.0681 595.3445 596.1214 597.7086 599.4826 600.6874 601.6705 602.0944 603.2261 -9999 -9999 -9999 614.1321 615.7355 615.186 612.6133 608.3754 602.7549 596.2751 589.7338 583.5675 577.9417 572.9402 568.6667 565.3328 563.2659 562.4047 562.6016
593.0121 593.3048 593.5877 593.8102 593.9123 593.8373 593.7384 593.7451 593.9843 594.2618 594.7635 595.7829 598.0344 598.9092 598.206 597.7572 597.4122 -9999 -9999 -9999 -9999 595.9993 596.0018 596.0051 595.9828 595.6555 595.3325 595.1091 595.0001 594.9999 594.9763 595.0592 595.0703 595.0001 594.9999 594.9997 594.9997 594.9997 594.9999 595.0927 595.3491 596.2277 597.9285 599.59 600.5463 601.417 602.203 603.8464 606.3226 609.4755 612.2078 613.9718 614.178 612.3214 608.5761 603.3505 597.0463 590.3682 584.006 578.2074 573.0481 568.5946 564.9641 562.4091 561.2329 561.1034 562.1716
592.9404 593.1748 593.38 593.528 593.5736 593.4388 593.36 593.363 593.6752 594.2261 594.9719 596.0779 598.1646 599.849 598.9336 598.0455 597.6932 597.3708 -9999 -9999 -9999 -9999 596.4489 596.4725 596.3928 596.0378 595.6144 595.287 595.0977 595.0243 595.0031 595.2214 595.2383 595.0627 594.9122 594.8302 594.8188 594.84 594.8779 594.991 595.0505 595.9127 597.2731 598.5074 599.6154 600.6407 601.8736 604.0173 607.2013 610.436 612.3431 612.8872 611.3929 608.1645 603.4189 597.5607 591.0752 584.6111 578.6315 573.2861 568.6577 564.8961 562.1733 560.828 560.631 560.9146 562.2648
592.9711 593.1036 593.2134 593.2827 593.2643 593.0159 592.992 593.002 593.358 594.3098 595.5023 596.9246 598.14 599.461 598.6342 598.011 597.9378 597.7497 597.4515 -9999 -9999 -9999 -9999 597.0578 597.0497 596.8171 596.1348 595.5963 595.2939 595.1891 595.25 595.4978 595.4539 595.1155 594.8242 594.6983 594.7316 594.7734 594.7139 594.6306 594.5884 594.9699 595.5883 596.634 597.8014 599.261 600.8777 603.6039 607.1867 610.2291 610.9584 609.9194 607.0847 602.7967 597.3775 591.3352 585.1091 579.1387 573.6727 568.8691 564.8981 562.0453 560.5006 560.1985 560.8793 561.4793 563.4454
593.0189 593.0004 592.9999 593.0012 592.9846 592.7354 592.6304 592.685 593.1149 594.3851 596.105 598.1347 599.9877 598.1635 597.3094 597.4056 597.9716 598.0095 597.8083 597.5888 -9999 -9999 597.4941 597.6017 597.7393 597.8301 597.0594 596.0284 595.5316 595.3191 595.2875 595.3906 595.4818 595.0518 594.7549 594.7532 595.0558 595.2237 594.9197 594.5109 594.2006 594.1656 594.3827 594.9502 595.816 597.4193 599.4318 602.2667 605.6349 608.0059 607.7667 605.3816 601.5234 596.5961 591.0526 585.2639 579.5518 574.1577 569.2579 565.1352 562.1152 560.2717 559.7302 560.4617 561.9869 562.5308 564.4387
592.9943 592.7941 592.6589 592.5739 592.4904 592.3422 592.2953 592.4889 593.0607 594.2831 595.8444 597.3358 598.0886 596.7611 595.7278 596.4675 597.5079 597.9977 597.9681 597.8441 597.7823 597.7986 597.8362 597.8956 598.011 598.2042 597.7231 596.3141 595.7394 595.3939 595.1759 595.0078 595.0085 594.8036 594.7798 595.1793 596.2839 596.9379 595.8896 594.9097 594.2204 593.8184 593.6817 593.8613 594.4607 595.6613 597.6843 600.3669 603.0081 604.3521 603.0154 599.715 595.3148 590.343 585.1384 579.8207 574.6639 569.8482 565.5355 562.2731 560.1448 559.2183 559.515 560.7108 562.3015 563.9695 565.5678
592.6195 592.3494 592.1714 592.045 591.9456 591.8667 591.9169 592.2576 592.9377 593.8493 594.9784 595.9016 596.1062 595.4077 595.0275 595.9088 597.2517 597.9351 598.0005 597.9481 597.9483 597.9999 598 598.0007 598.1967 598.3657 597.9346 596.6445 595.9683 595.4683 595.1661 594.9938 594.8077 594.7746 595.1597 596.1689 597.938 598.8734 597.6929 595.9039 594.7948 594.0729 593.6207 593.5151 593.8383 594.7239 596.2285 598.5535 600.103 600.14 597.7828 593.9896 589.493 584.7616 579.8756 575.0406 570.4928 566.3106 562.6555 560.155 558.875 558.8119 559.8436 561.5394 563.6346 565.223 566.6798
592.111 591.8354 591.6254 591.4764 591.3808 591.3493 591.456 591.813 592.3864 593.0798 593.8934 594.3812 594.4568 594.2012 594.3693 595.3471 597.0611 597.8988 598.124 598.0014 598.0002 598.0247 597.8783 597.765 597.9324 598.1522 597.7169 596.3453 595.7502 595.3015 594.9962 594.7767 594.7281 595.0344 596.0194 597.8207 599.5163 600.0391 599.2271 597.4151 595.9524 594.9274 594.1661 593.907 594.0436 594.7094 596.0414 597.8444 597.7201 596.254 593.0612 588.9678 584.5248 579.9261 575.3126 570.9207 566.9055 563.3369 560.4641 558.6373 558.1898 559.0178 560.6897 562.7831 564.7717 566.4061 567.8719
591.5507 591.2706 591.0467 590.8922 590.8026 590.795 590.939 591.2388 591.6868 592.249 592.8477 593.0425 593.06 593.1007 593.6149 594.5748 595.8818 597.348 598.0256 598.1134 598.0693 597.91 597.3724 596.9088 596.9681 597.2913 596.7943 595.9723 595.4618 595.007 594.7177 594.5966 594.8275 595.6166 597.561 599.3746 600.4458 600.6777 600.043 598.8447 597.5687 596.2369 595.1851 594.8894 594.9404 595.4179 596.7438 597.7263 595.8176 593.2809 589.4552 584.9884 580.3253 575.6771 571.2642 567.239 563.7048 560.7538 558.5549 557.5059 557.9973 559.6426 561.8267 564.1614 566.0092 567.6382 569.1884
590.9985 590.7037 590.4646 590.3013 590.2104 590.1851 590.3467 590.5707 590.8657 591.2467 591.672 591.9077 592.0645 592.3413 592.946 593.776 594.8544 596.0068 597.3401 597.6337 597.6046 597.3544 596.3724 595.4276 595.2299 595.3192 595.1985 594.9885 594.8998 594.5906 594.4257 594.4972 595.0671 596.4019 598.7759 600.1671 600.7921 600.8511 600.5023 599.9007 598.972 597.8943 596.6826 596.2845 596.3027 596.7765 597.9326 596.9685 594.2731 590.7845 586.4427 581.5936 576.6697 571.9708 567.6868 563.9658 560.8777 558.5114 557.069 556.9642 558.1541 560.5468 563.264 565.3906 567.1567 568.7917 570.4612
