backend/lakes/data/Wolf Lake/wolf_dem_tm.asc
ncols         267
nrows         178
xllcorner     753900
yllcorner     6061500
cellsize      50
NODATA_value  -9999
[rows 60 to 89 of 178, columns 67 to 133 of 267]
614.9953 613.0378 611.4439 609.9268 608.7161 607.7925 606.8751 605.7142 603.7281 600.7196 597.1642 595.4535 594.3793 593.4833 592.3679 589.9994 587.2323 584.8517 583.2789 582.467 581.8752 581.4451 581.1598 581 580.9109 580.807 580.7542 580.8179 581.03 581.6885 582.6119 583.7959 585.0731 585.5566 585.3971 584.6829 583.5291 582.8712 582.4161 582.1768 582.2097 582.5255 582.7516 582.9653 584.0875 586.159 588.5697 590.6962 592.2211 593.4852 594.9303 596.293 597.6034 599.4829 596.9541 593.4044 589.9028 586.8139 584.167 582.1872 580.4048 579.0588 578.6895 578.9118 579.704 581.2869 583.7719
-9999 614.1885 613.0806 611.923 610.8163 609.6057 608.0266 606.1429 603.6467 600.4671 597.1469 595.6361 594.2793 592.9326 591.452 588.7203 585.8208 584.0207 583.2248 582.6277 582.0886 581.6216 581.2514 580.9991 580.8643 580.7766 580.7461 580.808 580.9973 581.3411 581.8317 582.4641 583.0931 583.3325 583.2756 582.9781 582.5318 582.3848 582.1943 582.1497 582.5486 583.2638 583.343 583.2142 584.8621 587.3258 589.8181 591.7972 593.0729 594.2024 595.4048 596.5526 597.5891 598.6898 596.5496 593.1481 589.4857 586.0197 583.2711 581.1592 579.4357 578.8278 578.9731 579.6138 580.9017 583.058 586.2183
-9999 -9999 613.7808 612.614 611.5087 609.9864 608.203 606.0505 603.2281 600.0048 597.2227 595.4914 594.0477 592.506 590.2632 587.4869 585.0118 584.85 583.9795 583.177 582.4865 581.8917 581.3917 581.0058 580.8772 580.7975 580.7835 580.8511 580.9994 581.1526 581.3891 581.6981 582.0012 582.1297 582.1028 581.9143 581.7813 581.9263 581.9966 581.973 582.4495 583.2891 583.9581 583.7888 585.7126 588.3718 590.6967 592.5196 593.4734 594.3574 595.2166 595.9113 596.4373 597.5904 595.6907 592.2926 588.6164 585.1295 582.4249 580.4512 579.0718 578.9791 579.5343 580.751 582.7017 585.6702 589.636
-9999 -9999 -9999 -9999 610.4911 609.2515 607.7951 605.7352 602.7277 599.4047 596.8444 595.0298 593.4434 591.6182 588.908 585.9183 583.7956 583.9448 583.9689 583.4056 582.7411 582.1176 581.5798 581.1827 580.9984 580.863 580.8363 580.8955 580.9998 581.071 581.1607 581.3028 581.4752 581.563 581.5341 581.4063 581.2747 581.4489 581.738 581.7576 582.0883 582.8029 583.4617 584.7827 586.9701 589.2457 590.892 592.2572 593.0905 593.8369 594.3691 594.7568 594.9905 594.9784 593.2299 590.2941 586.91 583.6243 581.1202 579.5537 578.9979 579.5195 580.8483 582.9024 585.8395 589.495 593.813
-9999 -9999 -9999 -9999 609.2865 608.1366 606.9529 605.2935 602.2677 598.5037 596.0726 594.1912 592.3973 590.1584 587.5012 584.7784 583.1386 583.2001 583.3671 583.2031 582.718 582.1826 581.674 581.2627 581.0005 580.8868 580.8746 580.9315 581.0001 581.0542 581.0906 581.1394 581.2447 581.3442 581.3431 581.2394 581.1157 581.1301 581.4667 581.6903 582.0215 582.887 584.1088 585.9177 588.3148 590.2565 590.8134 591.8257 592.4844 592.8682 593.0132 592.9921 592.7111 591.9039 590.0747 587.3902 584.3334 581.6615 579.8678 579.0018 579.3794 581.0165 583.4509 586.5917 590.324 594.233 598.3616
-9999 -9999 -9999 609.9261 608.3723 607.1687 606.0015 604.6525 601.6257 597.8525 595.2871 593.131 590.9396 588.5211 585.8781 583.6483 582.7092 582.7989 582.8248 582.7338 582.4639 582.0817 581.6579 581.2762 581.0012 580.921 580.9274 580.9999 581.0698 581.1216 581.1372 581.1307 581.1747 581.2799 581.3282 581.2701 581.1407 581.0956 581.2347 581.7179 582.2174 583.1779 584.9537 587.1823 589.2569 590.828 591.2356 591.5613 591.6067 591.2894 591.0481 590.697 589.8633 588.5355 586.5698 584.186 581.8854 580.2667 579.4355 579.569 581.2628 584.0323 587.624 591.6255 595.7609 599.5146 603.0154
-9999 -9999 -9999 609.5514 608.142 606.7078 605.3805 603.6312 600.4857 597.1727 594.488 592.0643 589.5247 587.0558 584.8571 583.1439 582.4755 582.4589 582.3767 582.2964 582.1582 581.901 581.5732 581.2756 581.069 580.9999 581.0001 581.0793 581.1684 581.2327 581.2517 581.2179 581.2013 581.2686 581.3617 581.3698 581.2903 581.213 581.3301 581.7191 582.5487 583.7603 585.8351 588.2589 589.8171 590.7029 590.8835 590.7381 590.279 589.3434 588.6503 587.9838 586.8232 585.2733 583.4208 581.6521 580.4478 579.9572 580.3038 581.7904 584.6778 588.4979 592.8951 597.3213 601.3302 604.48 606.8342
-9999 -9999 610.4296 609.7216 608.4331 606.938 604.7114 601.9961 598.9901 595.9606 593.2457 590.7125 588.2768 585.8796 584.1779 582.984 582.3698 582.1841 582.0491 581.9501 581.8504 581.6926 581.4464 581.2479 581.1166 581.0745 581.1014 581.1859 581.2819 581.3558 581.3812 581.3473 581.2848 581.2962 581.385 581.4605 581.4687 581.4359 581.5498 582.0209 582.9935 584.6846 586.7637 588.7686 589.6136 589.7184 589.223 588.6272 587.9058 586.8456 585.835 585.0707 584.0336 582.7201 581.3093 580.3917 580.1979 580.868 582.3997 585.2416 589.2171 593.7993 598.492 602.7624 606.0612 608.2662 609.3344
-9999 610.6688 609.9686 609.1107 608.039 606.1991 603.5422 600.3314 597.2877 594.422 591.8302 589.3419 587.1243 585.1976 583.8468 582.9716 582.3367 582.0303 581.8734 581.7258 581.6265 581.4945 581.3123 581.2242 581.162 581.1556 581.2059 581.3029 581.4005 581.4797 581.5089 581.4824 581.4077 581.3624 581.4252 581.532 581.6191 581.6732 581.7991 582.2469 583.2058 584.9959 586.8833 588.3277 588.4434 587.9466 586.8959 585.8634 585.1022 584.3854 583.4617 582.7623 582.0009 581.0911 580.4177 580.3085 581.1095 582.9357 585.7404 589.6684 594.3892 599.3111 603.7606 607.1344 609.2969 610.1964 610.2842
610.6518 610.0273 609.2623 608.2026 607.2983 604.9548 601.5632 598.3761 595.4089 592.6948 590.1729 588.0925 586.1978 584.7423 583.578 582.9337 582.2942 581.9243 581.7318 581.5977 581.5266 581.4285 581.3181 581.2609 581.2394 581.2598 581.3221 581.4246 581.5237 581.5924 581.6262 581.6112 581.55 581.4893 581.5119 581.6422 581.7742 581.8865 582.0261 582.3943 583.1962 584.7551 586.0485 586.3843 585.892 585.3016 584.486 583.748 583.3773 582.9651 581.9835 581.2133 580.9277 580.6083 580.6895 581.3813 583.2143 586.1231 590.0355 594.6909 599.7437 604.4349 607.8931 609.811 611.0306 610.8535 609.948
610.0214 609.4891 608.7799 607.7352 606.252 603.3065 599.5499 596.459 593.6345 591.1505 589.0505 587.207 585.4011 584.1234 583.0917 582.6156 582.1751 581.8578 581.6804 581.5704 581.5003 581.4431 581.3834 581.3512 581.3556 581.3951 581.4649 581.5565 581.6547 581.7039 581.7246 581.7175 581.6895 581.665 581.6945 581.8271 582.0201 582.1339 582.2303 582.4747 583.0154 583.9199 584.5844 584.3245 583.7021 583.3322 583.0806 582.9039 582.3214 581.7394 581.0179 580.5609 580.6179 581.0848 582.1003 583.714 586.517 590.4228 595.0566 599.9889 604.7906 608.5959 610.528 610.1082 611.7653 610.9501 -9999
609.4796 608.8167 607.9249 606.6596 604.423 601.3171 597.9188 594.8848 592.2321 589.8649 588.2108 586.7141 585.1109 583.8985 583.0035 582.5177 582.1751 581.9075 581.7278 581.6282 581.566 581.5206 581.4852 581.472 581.4952 581.5531 581.6321 581.7162 581.7877 581.8383 581.82 581.8022 581.8058 581.8553 581.9608 582.1512 582.3962 582.4908 582.4485 582.4982 582.7094 583.0049 583.1082 582.994 582.7 582.431 582.1825 581.8992 581.4573 581.0098 580.6772 580.5846 581.1866 582.5712 584.4803 587.0718 590.8513 595.5251 600.5197 605.2048 609.1313 611.8047 612.728 611.5149 611.9151 -9999 -9999
608.9562 607.7958 606.2889 604.46 602.1009 599.2435 596.2028 593.3354 590.8123 588.7581 587.1871 585.9376 584.8361 583.7788 583.0033 582.5453 582.2393 582.0104 581.8391 581.7266 581.6628 581.6248 581.6025 581.601 581.6373 581.7126 581.8038 581.8901 581.9474 581.9713 581.9611 581.9033 581.9126 582.0382 582.2682 582.5958 582.9807 582.9871 582.7156 582.5547 582.4921 582.4274 582.2799 582.1841 582.1373 581.9488 581.7008 581.3109 580.9947 580.8324 580.9621 581.2662 582.6133 584.744 587.5711 591.2192 595.8724 601.0549 605.9594 609.7827 612.3738 613.6163 613.1482 613.309 -9999 -9999 -9999
608.2853 606.3544 604.0789 601.5928 599.4913 597.1024 594.4719 591.8521 589.4156 587.5347 586.0877 585.0635 584.2894 583.5615 582.9973 582.6306 582.3525 582.1282 581.9559 581.8359 581.7627 581.7241 581.7094 581.7203 581.7675 581.8559 581.962 582.0549 582.1096 582.1245 582.1029 582.0708 582.0808 582.2529 582.6136 583.1394 583.7313 583.5988 583.0534 582.7007 582.4567 582.1863 581.871 581.655 581.6917 581.636 581.3662 581.0709 580.8579 580.9988 581.5934 582.6664 584.6367 587.5532 591.2565 595.827 601.1087 606.409 610.6671 613.2717 614.3958 614.5234 613.9468 613.133 -9999 608.6387 605.5496
607.5463 604.7731 601.5926 599.2349 597.2782 595.1942 592.845 590.2643 588.2034 586.5385 585.2197 584.4709 583.9061 583.4061 583.0045 582.7733 582.5134 582.2719 582.0774 581.9409 581.8579 581.8193 581.8135 581.835 581.8926 581.9858 582.0996 582.1976 582.259 582.2701 582.2556 582.252 582.3281 582.5923 583.1398 584.0972 584.8158 584.4435 583.6989 582.9827 582.5575 582.2005 581.7723 581.4292 581.2784 581.275 581.172 581.013 581.0769 581.6339 582.8369 584.7197 587.4855 591.1297 595.5535 600.5528 605.8329 610.6997 614.0545 615.3396 615.1044 614.2459 613.2731 611.8224 609.6398 606.9279 604.1595
606.6151 602.9301 599.3671 597.2388 595.4611 593.6227 591.5511 589.2251 587.3871 585.9856 584.9958 584.282 583.7671 583.3833 583.1278 582.9947 582.7101 582.4427 582.224 582.0656 581.9693 581.9255 581.9268 581.9602 582.0234 582.1204 582.2307 582.3262 582.3856 582.4077 582.397 582.4315 582.5834 582.9869 583.8514 584.8649 585.3246 585.0107 584.2094 583.08 582.6227 582.3138 581.8588 581.3833 581.1005 580.9819 580.9778 581.1424 581.6563 582.8027 584.7697 587.5602 591.1458 595.536 600.2859 604.9617 608.9951 613.1863 615.6573 615.9031 614.5607 613.194 611.6368 609.6346 607.2014 604.6896 602.4297
605.2135 600.9869 597.8679 595.767 593.9675 592.1827 590.0699 588.2725 586.7395 585.5886 584.9207 584.2308 583.7253 583.3787 583.1531 583.0002 582.8141 582.6005 582.3961 582.2307 582.1199 582.0687 582.0682 582.1083 582.1773 582.2697 582.3732 582.4573 582.5044 582.527 582.5329 582.5814 582.7665 583.1473 584.2679 585.0688 585.5466 585.3996 584.6963 583.2009 582.7128 582.4631 582.0256 581.4721 581.0454 580.8734 580.9811 581.4725 582.5868 584.5286 587.4495 591.1566 595.5906 600.5491 605.1238 608.2692 609.8321 613.7743 615.6683 614.702 612.8341 611.0728 609.0547 606.7053 604.2853 602.2131 600.6024
603.4825 599.5573 596.5106 594.3042 592.4974 590.7155 589.0217 587.5696 586.1896 585.1181 584.5731 584.071 583.6608 583.3602 583.1517 583.0005 582.8983 582.7411 582.5683 582.4155 582.3054 582.2469 582.2438 582.2825 582.3514 582.4403 582.5305 582.598 582.6287 582.6306 582.6461 582.7216 582.9884 583.4912 584.7251 585.3203 585.5634 585.4036 584.6656 583.2005 582.7868 582.6071 582.2433 581.6676 581.1611 580.9437 581.2106 582.1208 583.973 586.8922 590.7751 595.377 600.4108 605.5046 609.422 611.0171 611.2402 614.2445 614.2059 612.3377 609.9989 607.7791 605.4971 603.1378 600.9169 599.3626 598.3556
601.3019 597.738 594.8811 592.6846 590.8492 589.2619 588.0177 586.9796 585.7576 584.9549 584.3835 583.9441 583.5991 583.343 583.1676 583.0584 582.9995 582.8656 582.7188 582.587 582.4902 582.4382 582.4337 582.4703 582.5347 582.6162 582.6937 582.7415 582.7483 582.7251 582.6945 582.7092 582.8317 583.1411 584.1949 584.9105 585.024 584.8676 584.0054 583.0414 582.7943 582.7073 582.4801 582.0358 581.5472 581.2907 581.7236 583.1766 585.8629 589.8095 594.678 599.8871 605.0249 609.6559 612.8448 614.1731 614.4553 613.918 611.8914 609.0031 606.1786 603.6569 601.3829 599.3126 597.3854 596.2165 595.6517
598.3251 595.3879 592.9034 590.8817 589.2369 587.9794 586.9736 586.0867 585.1364 584.6081 584.181 583.824 583.5356 583.3174 583.166 583.0686 583.0001 582.9342 582.8299 582.7264 582.6506 582.6132 582.6157 582.6507 582.7081 582.7786 582.8403 582.8705 582.8579 582.809 582.745 582.7013 582.7546 583.0001 583.571 583.9644 584.0286 583.8155 583.1232 582.7172 582.6681 582.6935 582.7092 582.6018 582.3342 582.0494 582.7039 584.821 588.5086 593.3416 598.9031 604.252 608.7411 612.3608 614.6982 615.2529 614.321 611.8976 608.548 604.996 602.0398 599.6041 597.9439 596.429 595.1151 594.333 594.0447
594.9883 592.8394 590.8699 589.2045 587.9219 586.9279 586.1354 585.4814 584.9648 584.467 584.0666 583.7424 583.4843 583.2902 583.1567 583.0752 583.0294 582.9999 582.9175 582.8368 582.7813 582.7606 582.7723 582.8079 582.8557 582.911 582.9492 582.9647 582.9423 582.8833 582.7958 582.7148 582.6964 582.7948 582.9971 583.0485 583.0414 582.9073 582.4486 582.2546 582.3857 582.5496 582.8672 583.3209 583.5844 583.2454 584.2868 587.3041 591.9305 597.5301 603.3042 607.9888 611.1161 613.8422 614.929 614.1546 611.8718 608.5291 604.728 601.2268 598.891 597.0684 595.7439 594.6246 593.7453 593.2612 593.165
592.1625 590.6263 589.1518 587.9261 586.9442 586.1649 585.5439 585.029 584.6876 584.3156 583.9723 583.6794 583.4424 583.2631 583.1406 583.0675 583.0282 583 582.9645 582.917 582.8842 582.8771 582.8954 582.9287 582.9611 582.9999 583.0059 583.0109 582.9917 582.9376 582.8441 582.7305 582.6527 582.6344 582.628 582.5317 582.3611 582.0602 581.7168 581.6661 581.9747 582.321 582.9329 583.9319 584.9519 584.804 586.8566 590.8692 596.2036 602.082 607.504 611.138 612.3509 615.2781 613.9763 611.5012 608.3085 604.804 601.5721 598.8364 596.9277 595.5396 594.5045 593.6748 593.0741 592.7885 592.7982
590.1554 589.0434 587.9874 587.073 586.3146 585.7048 585.25 584.9833 584.5958 584.2277 583.9014 583.6255 583.4027 583.2344 583.1202 583.0548 583.024 583.0105 583 582.9727 582.9576 582.9587 582.9745 583 583 583.0063 583 583.0131 583.009 582.9719 582.8879 582.7556 582.6284 582.5411 582.4355 582.23 581.9341 581.511 581.0989 581.0676 581.4927 582.115 582.9606 584.2446 585.6006 587.0478 590.3818 595.1791 600.7728 606.4067 611.1848 614.255 615.1934 614.3902 611.5872 608.061 604.4487 601.4916 599.0141 597.0502 595.6785 594.6857 593.9207 593.2953 592.864 592.6853 592.7384
588.9597 588.1152 587.3146 586.6038 585.9868 585.4553 585.0085 584.7715 584.4694 584.1475 583.8448 583.5827 583.3702 583.21 583.1023 583.0431 583.0193 583.0139 583.011 583 583 583 583 583.0034 582.9934 582.9861 582.986 583 583.0098 582.9927 582.9301 582.7982 582.6371 582.509 582.3661 582.1036 581.7292 581.2522 580.7891 580.6719 581.1191 582.0898 583.3745 585.1881 587.1852 590.2909 594.6286 599.7462 605.0497 609.8449 613.285 614.756 614.1556 611.7931 608.1833 604.278 600.8448 598.7018 597.0457 595.7617 594.8649 594.2222 593.6923 593.2408 592.9142 592.7816 592.8262
588.3617 587.6838 587.0378 586.4504 585.9171 585.4335 584.9963 584.7098 584.4144 584.1063 583.8143 583.5602 583.3542 583.1998 583.097 583.0419 583.0226 583.0214 583.0232 583.0208 583.0175 583.0066 582.9913 582.9766 582.9584 582.9472 582.9536 582.9777 583 583.0033 582.9687 582.8622 582.6893 582.5377 582.3888 582.1283 581.7271 581.2759 580.8455 580.7338 581.1793 582.4143 584.2984 586.8149 590.1784 594.4129 599.2817 604.2797 608.845 612.3515 614.0392 613.7504 611.694 608.3696 604.4677 600.8067 598.3821 596.8398 595.7367 594.9192 594.3551 593.9547 593.6021 593.277 593.0459 592.9493 592.9522
588.2727 587.6508 587.0656 586.5136 585.9862 585.4806 585.0125 584.7642 584.4509 584.128 583.8304 583.5759 583.3719 583.2195 583.1185 583.0638 583.0438 583.0416 583.0415 583.0364 583.0241 582.9982 582.9644 582.9329 582.9072 582.895 582.9064 582.9407 582.9772 583 582.9963 582.9384 582.7891 582.6354 582.4993 582.2878 581.9335 581.5618 581.311 581.4031 582.0496 583.5953 586.2419 589.8572 594.187 599.0154 603.951 608.3924 611.8224 613.8141 613.7551 611.7765 608.5895 604.9095 601.3885 598.7528 596.9655 595.8185 595.0273 594.4528 594.0546 593.7723 593.5249 593.2776 593.1011 593.0579 593.0001
588.4667 587.9 587.3386 586.7874 586.248 585.7356 585.2871 584.981 584.5706 584.2115 583.9026 583.6434 583.4371 583.2829 583.1791 583.1194 583.0925 583.0811 583.071 583.0543 583.0277 582.9846 582.9314 582.8829 582.8484 582.8365 582.8526 582.8934 582.9399 582.9764 583 582.9999 582.9119 582.8042 582.7057 582.5797 582.3552 582.1254 582.1531 582.7468 583.8381 586.1667 589.6432 593.9903 598.8243 603.7289 608.1908 611.5916 613.5338 613.9771 612.3633 609.2457 605.5174 602.0947 599.5927 597.7347 596.395 595.4664 594.7944 594.285 593.9122 593.64 593.4089 593.1879 593.0021 592.9936 592.8098
588.988 588.3895 587.8049 587.2308 586.6653 586.111 585.5695 585.0322 584.6774 584.3472 584.0425 583.7779 583.5636 583.4009 583.2876 583.2164 583.1745 583.1453 583.1171 583.0824 583.0374 582.9753 582.9016 582.835 582.7909 582.7791 582.8009 582.8455 582.895 582.9342 582.9656 582.9912 583 582.9994 582.9983 582.9952 582.9784 582.9693 583.3323 584.5917 586.5289 589.7487 593.9529 598.7169 603.6246 608.0702 611.4849 613.3467 613.269 613.0551 610.5875 606.8212 603.0881 600.5083 598.7621 597.4153 596.341 595.4911 594.8038 594.2589 593.8302 593.5054 593.2438 592.9971 592.7477 592.5948 592.3687
589.6281 588.9952 588.3832 587.7871 587.2015 586.626 586.0612 585.4651 585.0017 584.6184 584.2815 583.9927 583.7583 583.5779 583.447 583.3571 583.2925 583.2371 583.1847 583.1286 583.0641 582.9832 582.8887 582.8022 582.7452 582.7316 582.7595 582.8093 582.8582 582.8948 582.9242 582.9639 583.0272 583.1326 583.28 583.4698 583.7166 584.0728 585.0601 586.9802 589.8502 593.8503 598.5454 603.4218 607.9186 611.4438 613.4433 613.2871 611.4872 611.256 608.5489 604.8089 601.7056 599.6227 598.375 597.2853 596.3303 595.4896 594.7454 594.1626 593.6897 593.301 592.9982 592.6829 592.3565 592.1063 591.8396
590.292 589.6187 588.9952 588.3913 587.7935 587.195 586.5916 585.9835 585.4512 584.9993 584.61 584.2816 584.0153 583.8082 583.6537 583.5378 583.4451 583.3593 583.2794 583.203 583.1222 583.0252 582.911 582.8029 582.7275 582.7073 582.7396 582.7975 582.8495 582.8867 582.9204 582.9829 583.1095 583.334 583.6848 584.1563 584.7781 585.4883 587.146 589.7723 593.4308 597.9599 602.87 607.466 611.2039 613.6063 614.3284 613.4355 611.5856 609.4319 606.3507 603.179 600.5368 598.6962 597.5187 596.567 595.7198 594.9553 594.2938 593.8116 593.4022 593.0074 592.6969 592.3622 592.0013 591.6487 591.3223
