backend/lakes/data/Wolf Lake/wolf_dem_tm.asc
ncols         267
nrows         178
xllcorner     753900
yllcorner     6061500
cellsize      50
NODATA_value  -9999
[rows 120 to 149 of 178, columns 134 to 200 of 267]
575.1667 575.5064 575.9202 576.3074 576.8425 578.2203 580.1911 581.8053 583.1537 584.2546 584.9726 585.3179 585.2571 585.002 584.8368 585.0483 586.2873 587.8667 589.39 590.8441 591.2795 590.8582 589.3863 588.2423 587.1385 585.9435 584.5856 582.9241 581.0203 579.9583 580.0091 580.3672 579.5544 576.1185 571.2195 566.1824 562.1248 559.8848 559.0859 559.512 560.9641 563.2433 566.1952 569.6201 573.2601 576.9952 580.9129 585.0521 589.4092 593.9473 598.4119 602.5966 606.5225 609.9766 611.8136 612.0616 611.3727 609.9247 -9999 -9999 -9999 -9999 -9999 -9999 -9999 -9999 -9999
575.7622 576.1913 576.8286 577.3036 577.6611 579.5983 581.0233 582.3398 583.6827 584.8489 585.2874 585.3043 585.0095 584.762 584.6988 585.1126 586.6457 588.3399 589.8796 591.0107 591.3602 590.8562 589.2073 587.7549 586.4446 585.0338 583.5739 582.5928 581.8014 580.2531 580.4655 580.6243 578.549 574.6285 569.7515 565.1929 561.7419 560.064 559.8668 560.9554 563.0112 565.8241 569.2358 572.9692 576.8174 580.723 584.7883 589.1092 593.7051 598.4722 602.726 606.3336 608.8105 611.6671 612.3097 611.5621 609.7402 -9999 -9999 -9999 -9999 -9999 -9999 -9999 -9999 -9999 -9999
576.0878 576.4957 577.2605 578.2371 578.4948 580.2902 581.236 582.2257 583.3196 584.3363 584.9297 584.9792 584.7521 584.6121 584.7205 585.2857 586.9348 588.7401 590.0944 591.002 591.2782 590.7835 589.1915 587.7523 586.2568 584.6599 582.9656 582.8558 583.1056 580.9001 580.7529 580.1208 577.4274 573.3587 568.7582 564.8873 562.201 561.0391 561.3245 563.0027 565.655 569.0058 572.7537 576.6566 580.5721 584.5064 588.6218 593.1075 597.9922 603.0865 607.1709 609.2078 608.9172 612.1697 611.194 609.2089 -9999 -9999 -9999 -9999 -9999 -9999 -9999 -9999 -9999 -9999 -9999
576.1598 576.4706 577.1698 578.2455 579.793 580.7593 581.1753 581.848 582.6888 583.4473 583.9982 584.2631 584.371 584.5385 584.9609 585.8005 587.2983 588.9134 590.0816 590.8145 590.9982 590.4806 589.2384 588.0533 586.485 584.7892 583.1959 582.358 581.1697 580.8279 580.8022 579.2378 576.5407 572.7061 568.5585 565.321 563.3892 562.8252 563.6106 565.7411 568.8784 572.5663 576.485 580.4369 584.3322 588.2169 592.3092 596.9033 602.1711 607.3986 611.1669 612.3976 612.3018 611.2067 608.5483 605.8397 -9999 -9999 -9999 -9999 -9999 -9999 -9999 -9999 -9999 -9999 -9999
576.2033 576.5591 577.4996 579.462 580.7492 581.4885 581.7805 581.9814 582.5056 582.9819 583.4152 583.8083 584.1671 584.5647 585.1086 586.1885 587.5882 588.9605 589.9385 590.5317 590.6917 590.3614 589.5871 588.6177 586.9017 585.0662 583.5666 582.5486 581.6118 581.192 580.6191 578.4814 576.1239 572.7722 569.2906 566.5783 565.3611 565.3399 566.4886 569.0137 572.3894 576.1854 580.134 584.0793 587.9574 591.8114 595.8727 600.4437 605.6262 610.2776 613.1345 612.8461 611.0472 608.2877 605.0784 -9999 -9999 -9999 -9999 -9999 -9999 -9999 -9999 -9999 -9999 -9999 -9999
576.4504 577.0341 578.2659 580.3827 581.7755 582.5947 583.0496 583.2313 583.4581 583.6858 583.9292 584.1989 584.4641 584.9746 585.6724 586.718 587.9105 588.9764 589.7426 590.2169 590.3759 590.2075 589.7072 588.8516 587.2476 585.4688 584.2006 583.1688 582.3226 581.675 580.7298 578.6887 576.3719 573.5062 570.8693 568.9561 568.2698 568.6099 569.9451 572.5346 575.847 579.5435 583.4396 587.4126 591.4028 595.4276 599.5474 603.6443 607.7896 611.017 612.1158 610.4584 607.7208 604.5058 -9999 -9999 -9999 -9999 -9999 -9999 -9999 -9999 -9999 -9999 -9999 -9999 -9999
577.1541 578.1332 579.9116 581.6902 583.0851 584.0048 584.6831 584.8619 584.9023 584.9203 584.943 584.9742 585.0677 585.5818 586.3512 587.3463 588.33 589.02 589.5662 589.9147 590.0541 589.976 589.6453 588.9571 587.7242 586.2627 585.0347 584.0389 583.024 582.0485 580.8455 578.9409 576.8303 574.6467 572.7803 571.4646 571.1594 571.8827 573.3852 575.8934 578.973 582.4753 586.3242 590.4294 594.7805 599.1961 603.1562 606.3176 608.5453 609.8675 609.2575 606.939 603.9654 -9999 -9999 -9999 -9999 -9999 -9999 -9999 -9999 -9999 -9999 -9999 -9999 -9999 -9999
578.6632 580.1463 581.7422 583.3308 584.6741 585.4805 586.1944 586.3314 586.2678 586.1718 586.0845 586.0256 586.0868 586.4727 587.165 588.0895 588.9078 589.2585 589.5165 589.6996 589.7828 589.7444 589.5338 589.0357 588.236 586.9722 585.796 584.7799 583.5576 582.3131 580.9114 579.1485 577.3308 575.8383 574.6849 573.8458 573.8163 574.7189 576.4362 578.9009 581.9696 585.5117 589.3743 593.5719 598.2119 602.9254 606.6838 608.5703 608.8834 608.0914 606.2953 603.6656 -9999 -9999 -9999 -9999 -9999 -9999 -9999 -9999 -9999 -9999 -9999 -9999 -9999 -9999 -9999
580.654 582.2103 583.7197 585.2073 586.5022 587.3396 587.8713 587.8821 587.7631 587.6416 587.5364 587.4418 587.4152 587.5952 588.0853 588.8581 589.3296 589.5222 589.6064 589.646 589.6531 589.6205 589.5258 589.2875 588.7863 587.446 586.1992 585.0136 583.7911 582.4293 580.9587 579.4355 578.0719 577.0898 576.6129 576.3176 576.4394 577.26 579.05 581.6777 584.9912 588.678 592.5353 596.6303 601.2761 606.1558 609.393 609.7837 608.4452 606.1201 603.5955 -9999 -9999 -9999 -9999 -9999 -9999 -9999 -9999 -9999 -9999 -9999 -9999 -9999 -9999 -9999 -9999
582.8613 584.4628 585.8784 587.363 588.6606 589.4277 589.724 589.7006 589.6155 589.5495 589.4777 589.3712 589.2219 589.1033 589.2601 589.7519 590.0681 590.1489 590.0773 589.9391 589.7951 589.67 589.5551 589.3631 588.8852 587.5928 586.4688 585.2205 584.0459 582.5747 581.041 579.7699 578.7651 578.1261 577.8652 577.8483 578.236 579.3121 581.3087 584.2645 587.9103 591.8618 595.8347 599.7896 603.8853 608.0004 610.2083 609.4835 606.8178 603.7804 -9999 -9999 -9999 -9999 -9999 -9999 -9999 -9999 -9999 -9999 -9999 -9999 -9999 -9999 -9999 -9999 -9999
585.2103 586.8241 588.3414 589.6832 590.9617 591.9518 592.2703 592.256 592.2003 592.1876 592.1406 592.0165 591.7667 591.384 591.361 591.5909 591.7162 591.6161 591.3041 590.8668 590.4252 590.0514 589.754 589.4739 589.0113 588.1513 587.0951 585.8567 584.5862 582.9072 581.2915 580.2356 579.4538 579.0062 578.8658 579.019 579.6577 581.0116 583.288 586.5245 590.5894 595.0516 599.4396 603.1534 605.3395 609.0844 609.9885 607.583 604.2421 -9999 -9999 -9999 -9999 -9999 -9999 -9999 -9999 -9999 -9999 -9999 -9999 -9999 -9999 -9999 -9999 -9999 -9999
587.4725 589.1752 590.6729 592.0332 593.0734 593.9522 594.2002 594.1641 594.1646 594.3116 594.4187 594.4497 594.4154 594.3448 594.5582 594.8149 594.8087 594.4497 593.7373 592.7839 591.8301 590.9987 590.3479 589.8701 589.4363 588.8683 587.8492 586.454 584.9438 583.3665 581.9484 580.9508 580.2384 579.9089 579.8273 580.0614 580.9483 582.6102 585.2355 588.9331 593.4225 598.3036 603.0101 606.9619 609.1201 610.3266 608.0948 604.6502 601.4495 -9999 -9999 -9999 -9999 -9999 -9999 -9999 -9999 -9999 -9999 -9999 -9999 -9999 -9999 -9999 -9999 -9999 -9999
589.694 591.5439 592.8845 594.0215 595.0135 596.0162 596.2477 596.2947 596.3973 596.6707 597.1896 597.5918 598.1017 598.7734 599.5978 600.1294 600.0329 599.2924 597.908 596.0645 594.334 592.7698 591.5263 590.6392 590.009 589.4124 588.5696 587.0387 585.3864 583.9962 582.7344 581.7593 581.0936 580.9102 580.8882 581.1714 582.3467 584.4048 587.4378 591.5531 596.3038 601.2051 605.6722 608.9193 609.5232 607.8888 604.6375 601.2992 -9999 -9999 -9999 -9999 -9999 -9999 -9999 -9999 -9999 -9999 -9999 -9999 -9999 -9999 -9999 -9999 -9999 -9999 -9999
592.1637 593.8784 595.2359 596.333 597.224 598.2886 599.0421 599.8 600.1912 600.5873 601.3398 602.0613 603.1903 604.6154 606.1259 606.9719 606.8116 605.5671 603.5046 600.9399 598.325 595.6074 593.5034 591.975 590.9183 590.0641 589.0735 587.7551 586.314 585.0018 583.7695 582.7903 582.1715 581.8831 581.9474 582.6097 584.2161 586.8275 590.5012 594.9512 599.6617 604.0317 607.2235 608.4172 607.2086 604.3179 600.9478 -9999 -9999 -9999 -9999 -9999 -9999 -9999 -9999 -9999 -9999 -9999 -9999 -9999 -9999 -9999 -9999 -9999 -9999 -9999 -9999
595.1984 596.9966 598.5359 599.8796 601.1163 602.3287 603.4643 604.5365 605.173 605.7819 606.9548 608.4471 610.2552 612.1342 613.7463 614.5115 614.0298 612.2877 609.532 606.3871 603.1812 599.5574 596.521 594.1605 592.5367 591.3491 590.225 588.9598 587.6116 586.3557 585.0435 583.9752 583.3846 583.0068 583.2936 584.4606 586.7352 590.1526 594.3582 598.9026 603.1555 606.3555 607.7657 607.2086 604.6136 601.235 -9999 -9999 -9999 -9999 -9999 -9999 -9999 -9999 -9999 -9999 -9999 -9999 -9999 -9999 -9999 -9999 -9999 -9999 -9999 -9999 -9999
599.3097 601.5454 603.3878 604.9959 606.4197 607.6647 608.8671 609.9285 610.6367 611.4551 613.0455 615.2122 617.5514 619.6274 621.1006 621.5591 620.6835 618.5432 615.3546 611.5618 607.6503 603.764 600.2953 597.46 595.2205 593.6232 592.2318 590.781 589.314 588.0577 586.5461 585.2286 584.5808 584.3284 585.0871 586.9392 590.1135 594.1912 598.6242 602.8143 605.9783 607.5259 607.4908 605.5744 602.5433 -9999 -9999 -9999 -9999 -9999 -9999 -9999 -9999 -9999 -9999 -9999 -9999 -9999 -9999 -9999 -9999 -9999 -9999 -9999 -9999 -9999 -9999
604.4502 606.9485 608.9738 610.7105 612.1725 613.3176 614.3337 615.1763 615.8656 616.925 618.9693 621.65 624.2776 626.2803 627.4039 627.4609 626.2661 623.9548 620.6939 616.8324 612.672 608.5512 604.863 601.8182 599.295 597.226 595.321 593.3466 591.4254 589.7502 588.2112 586.7673 585.9066 586.1011 587.6292 590.3588 594.2341 598.6309 602.7968 605.9902 607.5322 607.5958 606.3024 603.8928 -9999 -9999 -9999 -9999 -9999 -9999 -9999 -9999 -9999 -9999 -9999 -9999 -9999 -9999 -9999 -9999 -9999 -9999 -9999 -9999 -9999 -9999 -9999
609.9658 612.4596 614.4355 616.1445 617.535 618.4783 619.1818 619.7897 620.4973 621.8772 624.4309 627.5342 630.1874 631.8094 632.3813 632.0338 630.6381 628.3813 625.3728 621.8002 617.8752 613.9573 610.3035 606.9972 604.1818 601.7197 599.5253 596.7131 594.0229 591.8016 590.0625 588.8877 588.4676 589.1237 591.1231 594.5353 598.7971 603.0419 606.3774 608.0314 608.0715 606.9205 604.7076 -9999 -9999 -9999 -9999 -9999 -9999 -9999 -9999 -9999 -9999 -9999 -9999 -9999 -9999 -9999 -9999 -9999 -9999 -9999 -9999 -9999 -9999 -9999 -9999
615.3264 617.572 619.3692 621.0019 622.3173 623.0756 623.47 -9999 -9999 626.5515 629.6349 632.9979 635.3516 636.2547 636.0496 -9999 633.7752 631.7167 629.1422 626.0833 622.6815 619.2205 615.8176 612.4932 609.311 606.3615 603.5118 600.4319 597.2762 594.4536 592.4451 591.4683 591.4499 592.7594 595.347 599.1627 603.3102 606.622 608.4439 608.8094 607.5569 605.4109 -9999 -9999 -9999 -9999 -9999 -9999 -9999 -9999 -9999 -9999 -9999 -9999 -9999 -9999 -9999 -9999 -9999 -9999 -9999 -9999 -9999 -9999 -9999 -9999 -9999
620.2602 622.1669 623.8572 -9999 -9999 -9999 -9999 -9999 -9999 -9999 -9999 -9999 -9999 -9999 -9999 -9999 -9999 634.0648 631.928 629.4412 626.6543 623.7602 620.778 617.7754 614.7522 611.6722 608.4612 604.9563 601.4014 598.0742 595.4573 594.3132 594.7105 596.6847 599.8798 603.8126 607.2289 608.5293 606.7917 607.9802 606.2083 604.2972 -9999 -9999 -9999 -9999 -9999 -9999 -9999 -9999 -9999 -9999 -9999 -9999 -9999 -9999 -9999 -9999 -9999 -9999 -9999 -9999 -9999 -9999 -9999 -9999 -9999
624.8131 626.5064 -9999 -9999 -9999 -9999 -9999 -9999 -9999 -9999 -9999 -9999 -9999 -9999 -9999 -9999 -9999 -9999 -9999 631.9745 629.6877 627.3048 624.8596 622.4324 619.8679 617.0035 613.8024 610.2148 606.4197 602.6769 599.5937 598.0912 598.5855 600.8978 604.5027 608.2919 610.8918 610.6664 608.714 606.9268 604.8709 -9999 -9999 -9999 -9999 -9999 -9999 -9999 -9999 -9999 -9999 -9999 -9999 -9999 -9999 -9999 -9999 -9999 -9999 -9999 -9999 -9999 -9999 -9999 -9999 -9999 -9999
629.1603 -9999 -9999 -9999 -9999 -9999 -9999 -9999 -9999 -9999 -9999 -9999 -9999 -9999 -9999 -9999 -9999 -9999 -9999 -9999 -9999 629.9996 628.1193 626.3747 624.3303 621.7881 618.7532 615.3074 611.6044 607.7731 604.3182 602.2698 602.7085 605.2805 608.9078 612.2626 613.9907 612.5334 609.2228 606.045 -9999 -9999 -9999 -9999 -9999 -9999 -9999 -9999 -9999 -9999 -9999 -9999 -9999 -9999 -9999 -9999 -9999 -9999 -9999 -9999 -9999 -9999 -9999 -9999 -9999 -9999 -9999
-9999 -9999 -9999 -9999 -9999 -9999 -9999 -9999 -9999 -9999 -9999 -9999 -9999 -9999 -9999 -9999 -9999 -9999 -9999 -9999 -9999 -9999 -9999 629.6633 628.0623 625.7437 622.8921 619.6763 616.2237 612.629 609.2444 607.111 607.3595 609.6075 612.6736 615.0496 614.983 612.4215 608.4722 -9999 -9999 -9999 -9999 -9999 -9999 -9999 -9999 -9999 -9999 -9999 -9999 -9999 -9999 -9999 -9999 -9999 -9999 -9999 -9999 -9999 -9999 -9999 -9999 -9999 -9999 -9999 -9999
-9999 -9999 -9999 -9999 -9999 -9999 -9999 -9999 -9999 -9999 -9999 -9999 -9999 -9999 -9999 -9999 -9999 -9999 -9999 -9999 -9999 -9999 -9999 -9999 -9999 628.9891 626.2866 623.2628 620.0515 616.7971 613.8214 611.8307 611.8576 613.3934 615.3207 616.0797 614.7609 611.2635 -9999 -9999 -9999 -9999 -9999 -9999 -9999 -9999 -9999 -9999 -9999 -9999 -9999 -9999 -9999 -9999 -9999 -9999 -9999 -9999 -9999 -9999 -9999 -9999 -9999 -9999 -9999 -9999 -9999
-9999 -9999 -9999 -9999 -9999 -9999 -9999 -9999 -9999 -9999 -9999 -9999 -9999 -9999 -9999 -9999 -9999 -9999 -9999 -9999 -9999 -9999 -9999 -9999 -9999 -9999 -9999 626.3182 623.2625 620.2277 617.6136 615.9148 615.6283 616.0886 616.3383 615.9045 -9999 -9999 -9999 -9999 -9999 -9999 -9999 -9999 -9999 -9999 -9999 -9999 -9999 -9999 -9999 -9999 -9999 -9999 -9999 -9999 -9999 -9999 -9999 -9999 -9999 -9999 -9999 -9999 -9999 -9999 -9999
-9999 -9999 -9999 -9999 -9999 -9999 -9999 -9999 -9999 -9999 -9999 -9999 -9999 -9999 -9999 -9999 -9999 -9999 -9999 -9999 -9999 -9999 -9999 -9999 -9999 -9999 -9999 -9999 -9999 623.0416 620.5284 618.9943 618.2056 617.27 616.1345 -9999 -9999 -9999 -9999 -9999 -9999 -9999 -9999 -9999 -9999 -9999 -9999 -9999 -9999 -9999 -9999 -9999 -9999 -9999 -9999 -9999 -9999 -9999 -9999 -9999 -9999 -9999 -9999 -9999 -9999 -9999 -9999
-9999 -9999 -9999 -9999 -9999 -9999 -9999 -9999 -9999 -9999 -9999 -9999 -9999 -9999 -9999 -9999 -9999 -9999 -9999 -9999 -9999 -9999 -9999 -9999 -9999 -9999 -9999 -9999 -9999 -9999 -9999 -9999 -9999 -9999 -9999 -9999 -9999 -9999 -9999 -9999 -9999 -9999 -9999 -9999 -9999 -9999 -9999 -9999 -9999 -9999 -9999 -9999 -9999 -9999 -9999 -9999 -9999 -9999 -9999 -9999 -9999 -9999 -9999 -9999 -9999 -9999 -9999
-9999 -9999 -9999 -9999 -9999 -9999 -9999 -9999 -9999 -9999 -9999 -9999 -9999 -9999 -9999 -9999 -9999 -9999 -9999 -9999 -9999 -9999 -9999 -9999 -9999 -9999 -9999 -9999 -9999 -9999 -9999 -9999 -9999 -9999 -9999 -9999 -9999 -9999 -9999 -9999 -9999 -9999 -9999 -9999 -9999 -9999 -9999 -9999 -9999 -9999 -9999 -9999 -9999 -9999 -9999 -9999 -9999 -9999 -9999 -9999 -9999 -9999 -9999 -9999 -9999 -9999 -9999
-9999 -9999 -9999 -9999 -9999 -9999 -9999 -9999 -9999 -9999 -9999 -9999 -9999 -9999 -9999 -9999 -9999 -9999 -9999 -9999 -9999 -9999 -9999 -9999 -9999 -9999 -9999 -9999 -9999 -9999 -9999 -9999 -9999 -9999 -9999 -9999 -9999 -9999 -9999 -9999 -9999 -9999 -9999 -9999 -9999 -9999 -9999 -9999 -9999 -9999 -9999 -9999 -9999 -9999 -9999 -9999 -9999 -9999 -9999 -9999 -9999 -9999 -9999 -9999 -9999 -9999 -9999
-9999 -9999 -9999 -9999 -9999 -9999 -9999 -9999 -9999 -9999 -9999 -9999 -9999 -9999 -9999 -9999 -9999 -9999 -9999 -9999 -9999 -9999 -9999 -9999 -9999 -9999 -9999 -9999 -9999 -9999 -9999 -9999 -9999 -9999 -9999 -9999 -9999 -9999 -9999 -9999 -9999 -9999 -9999 -9999 -9999 -9999 -9999 -9999 -9999 -9999 -9999 -9999 -9999 -9999 -9999 -9999 -9999 -9999 -9999 -9999 -9999 -9999 -9999 -9999 -9999 -9999 -9999
