backend/lakes/data/Buffalo Lake/buff_dem_tm.asc
ncols         403
nrows         290
xllcorner     631600
yllcorner     5806850
cellsize      50
NODATA_value  -9999
[rows 124 to 154 of 290, columns 276 to 344 of 403]
769.8254 769.8402 769.8542 769.8669 769.8785 769.8896 769.8997 769.9091 769.9185 769.9276 769.9333 769.9243 769.9 769.8649 769.8372 769.7906 769.7306 769.6505 769.5662 769.5026 769.4979 769.6101 769.9215 770.5897 771.3948 771.9597 772.4434 772.9888 773.7476 774.468 774.9551 775.2258 775.332 775.3276 775.2552 775.1444 775.0176 774.89 774.7511 774.6084 774.4765 774.3053 774.1111 773.8742 773.5878 773.2563 772.8834 772.3679 771.8436 771.3202 770.7219 770.2229 769.8713 769.5463 769.2947 769.0892 768.939 768.8634 768.8737 768.9692 769.1423 769.3785 769.657 769.9507 770.4493 771.0112 771.5057 772.104 772.6058
769.8473 769.8613 769.8745 769.8861 769.8961 769.9047 769.9113 769.9153 769.9177 769.9198 769.9223 769.9 769.8552 769.804 769.7559 769.6998 769.6302 769.5441 769.4547 769.3896 769.3912 769.5226 769.8722 770.4704 771.3603 771.9741 772.4676 772.9993 773.7554 774.4778 774.967 775.2207 775.3015 775.273 775.1797 775.0504 774.9108 774.7902 774.6436 774.4807 774.3159 774.1224 773.9086 773.6445 773.3206 772.9399 772.4877 771.9541 771.4122 770.8597 770.328 769.9124 769.6376 769.3906 769.1842 769.0186 768.9047 768.8612 768.901 769.0275 769.2369 769.5203 769.8687 770.2383 770.7657 771.3409 771.7925 772.2988 772.7279
769.866 769.8789 769.8909 769.9011 769.9092 769.915 769.9178 769.9161 769.9097 769.9 769.9 769.8554 769.7919 769.7255 769.6636 769.601 769.5292 769.444 769.3558 769.2894 769.2834 769.3873 769.6675 770.1892 771.252 771.9236 772.4473 773.0011 773.7439 774.4769 774.9417 775.1499 775.1919 775.1422 775.0389 774.8972 774.738 774.6469 774.4811 774.2833 774.0683 773.8456 773.6251 773.3278 772.9421 772.4835 771.9778 771.4382 770.8949 770.3567 769.9203 769.6304 769.4249 769.2488 769.0991 768.9816 768.9078 768.8962 768.9619 769.1124 769.3452 769.6426 769.9552 770.4669 771.0209 771.4905 772.0047 772.5037 772.9265
769.8813 769.8927 769.9031 769.9114 769.9171 769.92 769.9188 769.9122 769.9 769.8824 769.8582 769.7993 769.7205 769.6409 769.5688 769.5022 769.4326 769.3541 769.2736 769.2126 769.2053 769.2951 769.5497 770.0663 771.1043 771.7626 772.3083 772.9036 773.5859 774.3495 774.7867 774.9354 774.9406 774.892 774.8138 774.6899 774.4957 774.4681 774.2678 774.0176 773.7413 773.4754 773.2755 772.9374 772.4771 771.9663 771.4495 770.9508 770.4506 769.961 769.6595 769.4422 769.2819 769.1537 769.0513 768.9794 768.9467 768.9677 769.0577 769.2289 769.4928 769.8618 770.2488 770.7765 771.3459 771.7714 772.2201 772.634 772.9493
769.8932 769.9027 769.9109 769.9167 769.9196 769.9188 769.913 769.9 769.8788 769.8532 769.8154 769.7469 769.655 769.5618 769.4795 769.4094 769.3435 769.2752 769.2079 769.1608 769.1642 769.2588 769.4991 769.9548 770.7236 771.3894 771.9331 772.4851 773.0792 773.8007 774.3521 774.4794 774.4783 774.4712 774.4804 774.4631 774.3035 774.1766 773.9526 773.6797 773.3472 773.015 772.8741 772.4701 771.9673 771.4525 770.9862 770.5598 770.1808 769.8745 769.5665 769.3522 769.2084 769.1091 769.043 769.0106 769.0189 769.0765 769.1933 769.3744 769.6299 769.972 770.5083 771.0342 771.4893 771.9731 772.4089 772.7562 772.958
769.9017 769.9091 769.9144 769.9174 769.9167 769.9116 769.9 769.8777 769.8467 769.8125 769.7687 769.6981 769.6 769.4955 769.4022 769.3264 769.2633 769.2054 769.1538 769.1239 769.1427 769.2461 769.4755 769.8677 770.3458 770.9077 771.4366 771.9628 772.5126 773.0811 773.5887 773.7531 773.7783 773.8268 773.9636 774.0294 773.9528 773.7979 773.5464 773.2988 772.9478 772.5961 772.3403 771.9376 771.4536 770.9938 770.5767 770.2101 769.9034 769.6675 769.4458 769.2799 769.1694 769.1008 769.0676 769.0714 769.121 769.225 769.3882 769.6069 769.9156 770.3621 770.921 771.4089 771.812 772.2305 772.6187 772.9354 773.0923
769.9074 769.9121 769.9144 769.9139 769.9098 769.9 769.8827 769.8525 769.811 769.7659 769.7162 769.6475 769.5509 769.441 769.339 769.2556 769.1917 769.1414 769.1035 769.0883 769.1166 769.2133 769.3972 769.6637 769.9688 770.4678 770.9606 771.4476 771.963 772.4688 772.8621 772.9556 772.9746 773.0782 773.3767 773.5157 773.4939 773.3354 773.0209 772.8433 772.4711 772.095 771.8303 771.4417 771.0068 770.5884 770.2158 769.9017 769.6573 769.4722 769.3212 769.2133 769.1473 769.1157 769.1156 769.1526 769.2412 769.3983 769.6306 769.9082 770.2971 770.783 771.3362 771.7319 772.0978 772.4579 772.7665 772.9587 773.169
769.9108 769.913 769.9121 769.9074 769.9 769.8857 769.8634 769.8278 769.7778 769.7206 769.6622 769.594 769.5029 769.3936 769.2866 769.1963 769.1285 769.0813 769.0525 769.0473 769.0805 769.1702 769.331 769.5674 769.8756 770.1913 770.5765 771.0051 771.4514 771.8746 772.1085 772.1713 772.2448 772.4969 772.8427 772.9464 772.9374 772.8019 772.4005 772.1607 771.8822 771.5237 771.3682 771.0068 770.6042 770.2258 769.9013 769.6414 769.4458 769.3068 769.2114 769.1572 769.1389 769.1484 769.1822 769.2476 769.3638 769.5618 769.8724 770.2244 770.6561 771.0858 771.4793 771.9156 772.3021 772.6477 772.9376 773.1013 773.2921
769.9123 769.9125 769.9091 769.9 769.8881 769.868 769.8407 769.8017 769.7469 769.6807 769.6119 769.5406 769.4545 769.3497 769.2413 769.1462 769.073 769.0244 768.9989 768.9988 769.0315 769.1097 769.243 769.431 769.662 769.9054 770.2255 770.6068 771.0071 771.3568 771.4407 771.4539 771.5345 771.8665 772.1213 772.2057 772.1804 772.0063 771.6088 771.4631 771.3618 771.0945 770.8843 770.5754 770.2274 769.9034 769.6374 769.4259 769.2723 769.1747 769.1252 769.1184 769.1464 769.1993 769.27 769.3611 769.4869 769.6758 769.9617 770.4841 771.0093 771.4197 771.7583 772.1235 772.4718 772.7699 772.9604 773.1954 773.4218
769.9122 769.9111 769.9077 769.9 769.8785 769.8494 769.8148 769.7722 769.7155 769.6445 769.5674 769.4902 769.4067 769.3082 769.2015 769.1036 769.0249 768.9716 768.9442 768.9434 768.972 769.036 769.141 769.286 769.4611 769.6587 769.9072 770.2266 770.5483 770.776 770.8579 770.9321 771.0826 771.358 771.4479 771.4652 771.4532 771.3679 771.0895 770.9223 770.8011 770.6355 770.4568 770.1964 769.9054 769.6479 769.4302 769.2582 769.1389 769.076 769.066 769.1014 769.1734 769.2714 769.3864 769.5165 769.6724 769.9073 770.2848 770.8179 771.3571 771.6969 772.0005 772.3156 772.6311 772.9346 773.1221 773.3509 773.5881
769.91 769.9063 769.9 769.8878 769.8635 769.8285 769.7869 769.7394 769.681 769.6086 769.5266 769.4433 769.3597 769.2677 769.1658 769.0673 768.9846 768.9247 768.8916 768.8858 768.9076 768.9578 769.0391 769.1512 769.291 769.4579 769.6635 769.9075 770.1617 770.2848 770.3457 770.4717 770.6208 770.7821 770.8403 770.8469 770.8309 770.7639 770.6016 770.4519 770.3124 770.2242 770.1204 769.9044 769.6742 769.4603 769.2776 769.1366 769.045 769.0098 769.0319 769.1045 769.2172 769.3597 769.524 769.7062 769.9036 770.2032 770.6123 771.0823 771.4679 771.8558 772.1825 772.4749 772.7377 772.9674 773.2546 773.5271 773.7833
769.9067 769.9 769.8898 769.872 769.8446 769.806 769.7584 769.7052 769.6442 769.5711 769.4872 769.3993 769.3135 769.2261 769.1317 769.0355 768.951 768.8859 768.8454 768.8315 768.8439 768.8817 768.9443 769.0325 769.147 769.2905 769.4696 769.6801 769.8841 769.9044 769.9228 770.1011 770.2129 770.2889 770.3165 770.3186 770.3085 770.2737 770.1956 770.0876 769.9183 769.902 769.8893 769.7058 769.5045 769.3212 769.1669 769.0519 768.985 768.9731 769.0204 769.1227 769.2696 769.4499 769.6553 769.8882 770.1323 770.481 770.9128 771.3765 771.7145 772.0676 772.392 772.6833 772.9516 773.2109 773.4929 773.7577 774.0101
769.9052 769.9 769.882 769.8558 769.8232 769.7816 769.7297 769.671 769.6064 769.5324 769.4479 769.3574 769.2682 769.1826 769.0957 769.006 768.9221 768.854 768.8071 768.7847 768.7866 768.8121 768.8594 768.9276 769.0192 769.1368 769.2815 769.4432 769.587 769.6497 769.7286 769.8879 769.9023 769.9034 769.903 769.9023 769.9025 769.9026 769.9018 769.8917 769.7532 769.6899 769.6383 769.5057 769.3497 769.204 769.082 768.9933 768.9497 768.9595 769.0272 769.1513 769.3233 769.5278 769.7394 769.9207 770.2782 770.6924 771.1171 771.4783 771.9115 772.3041 772.6453 772.9537 773.2513 773.5328 773.7972 774.0214 774.2514
769.9 769.8914 769.8712 769.8401 769.8015 769.7561 769.7011 769.6377 769.569 769.4937 769.4092 769.3177 769.2257 769.1387 769.0565 768.9748 768.8954 768.8269 768.7759 768.7462 768.7386 768.7518 768.785 768.8362 768.9053 768.9946 769.1036 769.224 769.3364 769.4224 769.5154 769.6191 769.642 769.6381 769.6326 769.6328 769.6404 769.6551 769.67 769.6625 769.5826 769.5103 769.4361 769.3291 769.2103 769.1008 769.0123 768.9519 768.9313 768.9612 769.0467 769.1871 769.3783 769.6144 769.8878 770.111 770.4761 770.9181 771.3804 771.7684 772.2086 772.6072 772.9542 773.2831 773.597 773.8873 774.1306 774.278 774.477
769.9 769.8842 769.8597 769.8254 769.782 769.7319 769.6738 769.6064 769.5331 769.4556 769.3713 769.2805 769.1873 769.098 769.0165 768.9407 768.8683 768.8026 768.75 768.7152 768.6996 768.7023 768.7227 768.7587 768.8081 768.8709 768.9478 769.0354 769.1265 769.2153 769.3077 769.3914 769.4308 769.4441 769.45 769.457 769.4682 769.4829 769.4934 769.4812 769.4267 769.3568 769.2772 769.1847 769.0917 769.012 768.9532 768.921 768.924 768.9732 769.0743 769.2255 769.4191 769.6446 769.8997 770.2323 770.6503 771.099 771.4974 772.0222 772.5386 772.9474 773.2974 773.6261 773.939 774.2272 774.4609 774.4918 774.6613
769.8933 769.8756 769.8477 769.8109 769.7645 769.7105 769.649 769.5787 769.5009 769.4197 769.3351 769.2457 769.1534 769.063 768.9802 768.9064 768.8397 768.7792 768.7278 768.69 768.6685 768.6631 768.673 768.6963 768.73 768.7719 768.8228 768.884 768.9564 769.039 769.1287 769.2115 769.2683 769.303 769.3262 769.3438 769.3577 769.3678 769.3689 769.3502 769.3029 769.2358 769.1571 769.0737 768.9974 768.9391 768.9043 768.8965 768.923 768.9929 769.1119 769.2788 769.4827 769.7054 769.9299 770.3666 770.8524 771.3645 771.8024 772.3307 772.876 773.264 773.6154 773.9387 774.2305 774.4799 774.6646 774.7419 774.8695
769.8887 769.8681 769.8374 769.7979 769.7493 769.6918 769.6272 769.5546 769.4739 769.3884 769.3017 769.2135 769.1234 769.0341 768.9506 768.8767 768.8126 768.7565 768.7081 768.6695 768.6438 768.6326 768.6349 768.6496 768.6724 768.6997 768.7319 768.7729 768.8286 768.902 768.9886 769.0759 769.149 769.2041 769.245 769.2747 769.2925 769.2985 769.2909 769.2649 769.2167 769.1501 769.0731 768.9954 768.9288 768.8838 768.8655 768.8774 768.9254 769.017 769.1588 769.3526 769.5935 769.879 770.1776 770.6174 771.0712 771.5107 772.0571 772.5714 773.0177 773.494 773.8904 774.2156 774.4808 774.6886 774.8423 774.9453 775.0601
769.8849 769.8612 769.8285 769.7866 769.736 769.6759 769.6082 769.5336 769.4515 769.3633 769.2736 769.1849 769.097 769.0104 768.9282 768.8547 768.7914 768.7375 768.6918 768.6537 768.6254 768.6095 768.6068 768.6161 768.6331 768.6527 768.6737 768.7009 768.7435 768.8072 768.8901 768.9812 769.0671 769.1394 769.1965 769.2381 769.2619 769.2665 769.2529 769.2206 769.169 769.1011 769.0242 768.9486 768.8859 768.8467 768.8377 768.8632 768.929 769.0413 769.2076 769.4287 769.6889 769.9486 770.4273 770.9575 771.4291 771.9086 772.4534 772.9439 773.381 773.8145 774.1847 774.4796 774.7084 774.8712 774.9924 775.0963 775.2078
769.8792 769.8542 769.8199 769.7765 769.7242 769.6627 769.5924 769.5155 769.4326 769.3439 769.2523 769.1621 769.0752 768.9916 768.9124 768.8407 768.7785 768.7256 768.6812 768.644 768.6141 768.5942 768.5874 768.5931 768.6078 768.6253 768.6425 768.663 768.6968 768.7528 768.8315 768.9238 769.0178 769.1031 769.1738 769.2264 769.2574 769.2645 769.2489 769.213 769.1584 769.0881 769.0094 768.9324 768.8687 768.8291 768.8228 768.8561 768.9344 769.0648 769.2571 769.5231 769.8737 770.2291 770.7568 771.3372 771.7988 772.302 772.8629 773.3336 773.7682 774.1586 774.4744 774.7155 774.9023 775.0239 775.1089 775.1984 775.3077
769.8734 769.8468 769.8112 769.7665 769.7131 769.6508 769.5792 769.5005 769.4167 769.3285 769.2372 769.1463 769.0597 768.9784 768.9025 768.8336 768.7734 768.7219 768.6783 768.6415 768.6111 768.5884 768.577 768.579 768.592 768.6105 768.6293 768.6501 768.6813 768.7328 768.8078 768.8997 768.9974 769.0907 769.1716 769.234 769.2732 769.2858 769.2728 769.2375 769.1823 769.11 769.0275 768.9456 768.8767 768.8328 768.8242 768.8605 768.9468 769.0894 769.2921 769.5595 769.9073 770.4196 771.0015 771.4992 772.0397 772.5649 773.0577 773.6456 774.1199 774.4715 774.7028 774.9023 775.0527 775.1405 775.1961 775.2725 775.3857
769.8669 769.8383 769.8016 769.7562 769.7016 769.6388 769.5674 769.4882 769.4037 769.3161 769.2267 769.1372 769.0513 768.9716 768.8987 768.8329 768.7753 768.7256 768.683 768.6468 768.6163 768.592 768.5765 768.5735 768.5833 768.6022 768.6252 768.6516 768.6866 768.7388 768.8121 768.903 769.0019 769.0991 769.1866 769.2572 769.3048 769.3257 769.3199 769.2898 769.2371 769.1641 769.077 768.9878 768.9105 768.859 768.8453 768.8822 768.9774 769.1376 769.3618 769.6443 769.9852 770.6368 771.3146 771.8105 772.3295 772.8849 773.4385 774.0325 774.4677 774.7384 774.8983 775.0698 775.1781 775.2278 775.2642 775.3503 775.4968
769.8579 769.8279 769.7899 769.7441 769.6893 769.626 769.5552 769.4773 769.3934 769.3067 769.2194 769.1331 769.0496 768.9722 768.9022 768.8395 768.784 768.7357 768.6942 768.6588 768.6287 768.6036 768.5853 768.577 768.5814 768.598 768.624 768.6578 768.7014 768.7598 768.8358 768.927 769.0259 769.1245 769.2158 769.293 769.3495 769.3814 769.3873 769.3672 769.3203 769.2482 769.1558 769.0577 768.9706 768.9096 768.8896 768.9258 769.0326 769.2208 769.4954 769.8621 770.301 770.9271 771.5079 772.079 772.5836 773.0774 773.751 774.3848 774.7516 775.0065 775.1724 775.2841 775.3172 775.3053 775.3282 775.4612 775.7123
769.8469 769.8151 769.776 769.7292 769.6749 769.6119 769.5417 769.4659 769.3846 769.3002 769.2153 769.1326 769.0535 768.9796 768.9131 768.8535 768.8001 768.7526 768.7114 768.6763 768.6465 768.6213 768.6013 768.5887 768.5867 768.598 768.6237 768.6633 768.717 768.7854 768.8685 768.9631 769.0631 769.1626 769.2562 769.3387 769.4048 769.4506 769.473 769.4684 769.4312 769.3616 769.2626 769.1548 769.0591 768.9894 768.9617 768.9948 769.1105 769.3234 769.6257 769.9807 770.597 771.3007 771.8875 772.4642 772.9587 773.4737 774.0554 774.5242 774.9368 775.2467 775.4495 775.5342 775.481 775.3907 775.4042 775.6245 776.0665
769.8334 769.7997 769.7595 769.7123 769.6577 769.5963 769.5277 769.4539 769.3759 769.2953 769.2144 769.136 769.0619 768.9928 768.9303 768.8745 768.8235 768.7767 768.7349 768.6988 768.6683 768.6427 768.6215 768.6058 768.5987 768.6041 768.6263 768.6681 768.7296 768.8088 768.9016 769.0027 769.1063 769.2081 769.3044 769.3919 769.4679 769.5297 769.5745 769.593 769.569 769.5056 769.3965 769.2806 769.1813 769.1082 769.0731 769.0988 769.2189 769.4674 769.8553 770.298 770.9185 771.5341 772.2131 772.8492 773.3412 773.8586 774.4044 774.8103 775.1885 775.5145 775.7411 775.8096 775.67 775.505 775.5245 775.8821 776.619
769.8174 769.7822 769.7409 769.6934 769.639 769.5785 769.5123 769.4413 769.3669 769.291 769.2155 769.1428 769.0743 769.0106 768.9525 768.9003 768.8523 768.8069 768.7646 768.7267 768.694 768.666 768.6425 768.6248 768.6146 768.6158 768.6339 768.6745 768.7399 768.8271 768.9294 769.0387 769.1488 769.2554 769.3562 769.4498 769.5357 769.6141 769.6862 769.7382 769.7299 769.6833 769.5549 769.4376 769.3477 769.2828 769.2449 769.2557 769.3602 769.6046 769.9751 770.5844 771.2906 771.8925 772.5121 773.0277 773.5907 774.1129 774.5499 775.0431 775.4576 775.8069 776.0538 776.1127 775.8944 775.6849 775.7528 776.3088 777.5286
769.7999 769.7633 769.7212 769.6731 769.6193 769.5599 769.4958 769.4283 769.3583 769.2873 769.2178 769.1516 769.0897 769.032 768.9787 768.9298 768.8842 768.8405 768.7987 768.7593 768.7231 768.6912 768.6637 768.6427 768.6306 768.6302 768.6462 768.6849 768.7507 768.8417 768.9504 769.0674 769.1853 769.2997 769.4083 769.5106 769.6064 769.6987 769.7987 769.898 769.9022 769.8928 769.7302 769.6338 769.5778 769.5385 769.5099 769.5097 769.6033 769.8983 770.3378 770.9199 771.5273 772.1963 772.8467 773.3369 773.8754 774.4171 774.8668 775.3349 775.7511 776.113 776.3805 776.445 776.1732 775.9931 776.214 777.0889 778.6914
769.7827 769.7446 769.7014 769.653 769.5994 769.5414 769.4796 769.4154 769.3497 769.2843 769.2212 769.1619 769.1068 769.0556 769.0076 768.962 768.9185 768.8757 768.8342 768.7938 768.7546 768.7175 768.6843 768.6583 768.6438 768.6437 768.6603 768.6988 768.7637 768.8546 768.9656 769.0878 769.2139 769.3387 769.4598 769.5759 769.6842 769.7843 769.9017 770.0366 770.0928 770.0683 769.922 769.9016 769.9005 769.8989 769.8947 769.8974 769.9768 770.3352 770.8279 771.3975 771.9509 772.515 773.0263 773.5681 774.0989 774.5755 775.1417 775.636 776.0458 776.408 776.7059 776.808 776.5153 776.5046 777.0191 778.3724 780.1
769.7667 769.7271 769.6829 769.6342 769.5811 769.5242 769.4645 769.4033 769.3422 769.2823 769.2257 769.1733 769.1249 769.0798 769.0371 768.9954 768.9539 768.9117 768.8696 768.8278 768.7857 768.7435 768.7037 768.6716 768.6532 768.6528 768.672 768.7128 768.7778 768.8674 768.9775 769.1021 769.2348 769.3716 769.5099 769.6484 769.783 769.9017 770.0707 770.2507 770.3778 770.4208 770.3662 770.3478 770.3496 770.3599 770.3826 770.4518 770.6342 770.9293 771.4007 771.9215 772.4407 772.942 773.3983 773.8779 774.4054 774.9207 775.4825 775.948 776.314 776.6603 777.006 777.2039 776.9186 777.3413 778.4177 779.9082 781.4853
769.7527 769.7119 769.6671 769.6183 769.5656 769.5096 769.4517 769.3936 769.3365 769.282 769.2314 769.1857 769.1436 769.1039 769.0658 769.028 768.9885 768.947 768.9037 768.8593 768.8136 768.7667 768.7208 768.6824 768.6594 768.6577 768.679 768.7231 768.7902 768.8794 768.9878 769.1126 769.2502 769.3984 769.5554 769.7198 769.8953 770.0598 770.2825 770.5265 770.7437 770.8888 770.8966 770.8823 770.8779 770.8848 770.9163 771.0264 771.3085 771.5054 771.9449 772.4447 772.9344 773.376 773.7733 774.1426 774.5452 775.1647 775.7712 776.2094 776.5154 776.8333 777.2522 777.6372 777.4091 778.5767 780.0823 781.545 782.7664
769.7411 769.6999 769.655 769.6062 769.5538 769.4989 769.4426 769.3871 769.3338 769.2839 769.2389 769.1987 769.1624 769.1271 769.0925 769.0579 769.0205 768.9795 768.9348 768.887 768.8367 768.7847 768.7336 768.6901 768.6631 768.6599 768.6824 768.7295 768.7992 768.8892 768.9972 769.1218 769.2637 769.4229 769.5952 769.766 769.9115 770.1933 770.5049 770.8215 771.126 771.3904 771.434 771.4351 771.4302 771.4238 771.4215 771.4714 771.7468 772.0496 772.472 772.9291 773.3594 773.7676 774.1453 774.465 774.8514 775.4189 776.0157 776.408 776.6473 776.9273 777.4291 778.1155 778.7554 780.2794 781.9431 783.267 784.003
769.7325 769.6912 769.6465 769.5982 769.5466 769.4926 769.4379 769.3846 769.3345 769.2887 769.248 769.2123 769.1801 769.1487 769.1168 769.084 769.0482 769.0074 768.9609 768.9094 768.8535 768.7956 768.7399 768.6929 768.6639 768.6605 768.6847 768.7346 768.8073 768.8995 769.0084 769.1339 769.2811 769.4556 769.6595 769.8895 770.1002 770.4161 770.7667 771.1135 771.4429 771.7484 771.9027 771.9699 771.9733 771.9487 771.9273 771.9724 772.1886 772.5227 772.9291 773.3132 773.6886 774.0621 774.4426 774.7171 775.1188 775.6968 776.2291 776.5883 776.7825 777.0762 777.7073 778.6462 780.2853 782.1328 783.8157 785.0118 785.4034
