backend/lakes/data/Buffalo Lake/buff_dem_tm.asc
ncols         403
nrows         290
xllcorner     631600
yllcorner     5806850
cellsize      50
NODATA_value  -9999
[rows 93 to 123 of 290, columns 207 to 275 of 403]
774.5966 774.484 774.4754 774.3433 774.2012 774.0767 773.9446 773.8125 773.6812 773.5473 773.4086 773.2705 773.1084 772.9567 772.9454 772.8364 772.7919 772.7596 772.6801 772.6161 772.5601 772.4891 772.4178 772.346 772.2755 772.2021 772.119 772.0255 771.9259 771.8271 771.7312 771.6318 771.5306 771.4301 771.332 771.2362 771.1428 771.0522 770.9642 770.878 770.7935 770.7101 770.6255 770.54 770.4565 770.3759 770.297 770.2203 770.1488 770.0844 770.0265 769.9752 769.9315 769.8961 769.87 769.8543 769.8501 769.8577 769.8755 769.9019 769.9353 769.9744 770.0182 770.066 770.1169 770.1685 770.2181 770.264 770.3057
774.4752 774.3566 774.27 774.1327 773.9813 773.8334 773.6856 773.5383 773.4003 773.2791 773.1588 773.077 772.9502 772.834 772.7839 772.7054 772.6459 772.592 772.5209 772.4506 772.3829 772.312 772.2412 772.1716 772.1022 772.0294 771.9496 771.8619 771.7706 771.6847 771.6094 771.5227 771.4301 771.3372 771.2444 771.1525 771.0621 770.9733 770.887 770.8021 770.7177 770.6349 770.5532 770.4708 770.3889 770.3101 770.2351 770.1628 770.0938 770.0304 769.9737 769.9236 769.8808 769.846 769.8196 769.8021 769.7943 769.7974 769.8108 769.8335 769.8636 769.8997 769.9405 769.9851 770.0331 770.0827 770.1315 770.1775 770.2195
774.2689 774.1492 774.027 773.8829 773.7316 773.5819 773.434 773.2849 773.1509 773.066 772.954 772.9474 772.8397 772.7321 772.6551 772.5784 772.5095 772.443 772.37 772.2949 772.2207 772.1476 772.0773 772.0099 771.9435 771.8739 771.7977 771.7141 771.6276 771.5516 771.507 771.4301 771.3447 771.2555 771.1654 771.076 770.9878 770.9008 770.8152 770.7318 770.6489 770.5663 770.4856 770.4064 770.3274 770.2501 770.1769 770.108 770.0425 769.9811 769.9253 769.8759 769.8333 769.7985 769.7721 769.7538 769.7439 769.7431 769.752 769.7701 769.7964 769.8292 769.8672 769.9091 769.9543 770.0018 770.0496 770.0954 770.1377
774.0154 773.8928 773.7616 773.6201 773.4785 773.3428 773.2174 773.0784 772.9536 772.9476 772.8586 772.8087 772.7206 772.6244 772.5393 772.4596 772.3848 772.311 772.2339 772.1549 772.0768 772.002 771.9318 771.8669 771.8049 771.7412 771.6704 771.5914 771.5071 771.4309 771.4293 771.3561 771.2698 771.1811 771.0925 771.0048 770.9182 770.8333 770.7494 770.6664 770.5853 770.5045 770.4241 770.3463 770.2705 770.196 770.1241 770.0569 769.9941 769.9353 769.8812 769.8328 769.7904 769.7551 769.7279 769.7089 769.6978 769.6944 769.6995 769.7131 769.7349 769.7638 769.7986 769.8379 769.8806 769.9258 769.9721 770.0175 770.0598
773.7366 773.619 773.494 773.3643 773.2451 773.132 773.0581 772.9501 772.854 772.814 772.7466 772.6824 772.6021 772.5144 772.4294 772.3484 772.2708 772.1937 772.1144 772.0334 771.953 771.8768 771.8071 771.7446 771.6882 771.6331 771.5709 771.5015 771.4299 771.3651 771.3333 771.2706 771.192 771.1077 771.022 770.9368 770.8526 770.7694 770.6879 770.6067 770.5262 770.4476 770.3694 770.2922 770.2178 770.1464 770.077 770.0109 769.9496 769.8929 769.8407 769.7937 769.7523 769.7168 769.6884 769.6678 769.6553 769.6502 769.6525 769.6624 769.6798 769.7045 769.7356 769.772 769.8121 769.8549 769.8992 769.9435 769.9856
773.463 773.3558 773.2495 773.135 773.057 772.9529 772.9482 772.8557 772.7654 772.7009 772.6335 772.5646 772.4878 772.4058 772.3237 772.244 772.1666 772.0894 772.0101 771.9291 771.8485 771.7719 771.7023 771.6416 771.5908 771.5476 771.493 771.43 771.3634 771.3013 771.2505 771.1882 771.1146 771.0351 770.9532 770.8712 770.7898 770.7094 770.6295 770.551 770.4726 770.3949 770.3192 770.2443 770.1708 770.1006 770.0338 769.9698 769.9097 769.8544 769.8036 769.7579 769.7175 769.6827 769.6538 769.6317 769.6171 769.61 769.6102 769.6171 769.631 769.6517 769.6787 769.7115 769.7489 769.7893 769.8314 769.874 769.9152
773.2239 773.1285 773.057 772.953 772.948 772.865 772.8198 772.7445 772.6637 772.592 772.5223 772.4519 772.3778 772.3003 772.222 772.1453 772.0703 771.9953 771.9183 771.8394 771.7604 771.6845 771.6151 771.5544 771.5071 771.4814 771.43 771.3677 771.3016 771.2374 771.1768 771.1117 771.0404 770.9647 770.8866 770.8079 770.7295 770.6519 770.575 770.4982 770.4227 770.3474 770.2729 770.2004 770.1293 770.0601 769.9946 769.9326 769.8742 769.8199 769.7703 769.7253 769.6859 769.6519 769.6232 769.6002 769.5838 769.5745 769.5723 769.5765 769.5874 769.6047 769.6281 769.6573 769.6916 769.7296 769.7693 769.8097 769.8494
773.0466 772.9527 772.9479 772.8615 772.817 772.7505 772.692 772.6233 772.551 772.4808 772.4118 772.3425 772.2714 772.198 772.1239 772.051 771.9798 771.9086 771.8356 771.7605 771.685 771.6121 771.5438 771.4817 771.4303 771.4297 771.3744 771.308 771.2397 771.1729 771.1074 771.0404 770.9701 770.8972 770.8226 770.7472 770.672 770.5973 770.5231 770.4495 770.3759 770.3036 770.2314 770.1603 770.0914 770.0243 769.96 769.8992 769.8423 769.7894 769.7407 769.6966 769.6575 769.6239 769.5957 769.5727 769.5552 769.5438 769.5389 769.5406 769.5486 769.5629 769.5833 769.6091 769.6403 769.6753 769.7128 769.7511 769.7887
772.9482 772.8621 772.8128 772.7411 772.6816 772.6195 772.5597 772.4966 772.4312 772.366 772.3008 772.2349 772.1675 772.0988 772.0292 771.9606 771.8934 771.8268 771.7588 771.6886 771.618 771.5499 771.4867 771.4299 771.3796 771.3526 771.3022 771.2398 771.1733 771.1064 771.0397 770.9723 770.9033 770.8328 770.7614 770.6892 770.6173 770.5454 770.4742 770.4033 770.333 770.2625 770.1934 770.1246 770.0572 769.9921 769.9294 769.8696 769.8138 769.762 769.7145 769.6714 769.6329 769.5994 769.5713 769.5483 769.5305 769.5178 769.5108 769.5099 769.515 769.5265 769.5439 769.567 769.595 769.627 769.662 769.6982 769.7336
772.8011 772.7343 772.671 772.6028 772.5402 772.4806 772.4238 772.3666 772.3081 772.2487 772.1891 772.1284 772.0661 772.0026 771.938 771.8738 771.8105 771.7483 771.6853 771.6202 771.5543 771.4905 771.43 771.3723 771.3204 771.2776 771.2264 771.1674 771.1039 771.0389 770.9731 770.9068 770.8396 770.7716 770.703 770.6339 770.5651 770.4965 770.4283 770.3605 770.2928 770.2257 770.1586 770.0925 770.0273 769.9636 769.9025 769.8442 769.7892 769.738 769.6913 769.6492 769.6115 769.5784 769.5502 769.5271 769.509 769.4957 769.4874 769.4844 769.4871 769.4956 769.5103 769.5305 769.5557 769.585 769.617 769.6508 769.6841
772.6555 772.5923 772.5263 772.4599 772.3979 772.3411 772.2881 772.2368 772.185 772.132 772.0781 772.0233 771.9671 771.9095 771.8506 771.791 771.7318 771.6733 771.6144 771.5536 771.4915 771.43 771.3694 771.311 771.2565 771.2059 771.1527 771.0953 771.0348 770.9723 770.9087 770.8445 770.7795 770.7139 770.6478 770.5818 770.5158 770.4503 770.3851 770.3203 770.2557 770.1914 770.1274 770.0635 770.0008 769.9392 769.8795 769.8224 769.7685 769.7181 769.6719 769.63 769.593 769.5605 769.5327 769.5094 769.491 769.4773 769.468 769.4635 769.4642 769.4705 769.4824 769.4999 769.5225 769.549 769.5782 769.6091 769.64
772.5164 772.4529 772.3874 772.3228 772.2625 772.2076 772.1579 772.1111 772.0652 772.0184 771.9703 771.9213 771.8712 771.8199 771.7673 771.7132 771.6582 771.6031 771.5472 771.4895 771.43 771.37 771.3096 771.2504 771.1935 771.1389 771.0839 771.0273 770.9689 770.9088 770.8477 770.7859 770.7233 770.66 770.5966 770.5333 770.4701 770.4072 770.345 770.2831 770.2214 770.1603 770.099 770.0381 769.9775 769.9181 769.8603 769.8044 769.7515 769.702 769.6564 769.615 769.578 769.546 769.5186 769.4955 769.4769 769.4627 769.4526 769.447 769.4462 769.4506 769.4604 769.4753 769.4951 769.519 769.5457 769.5739 769.6021
772.3871 772.3242 772.2607 772.1985 772.1398 772.0864 772.0382 771.9944 771.9526 771.9106 771.8679 771.8241 771.7797 771.7345 771.6885 771.6409 771.5907 771.5389 771.4854 771.43 771.373 771.3142 771.2542 771.1941 771.1355 771.0784 771.022 770.9655 770.9082 770.85 770.7911 770.7316 770.6714 770.6108 770.5497 770.4888 770.4281 770.3678 770.3082 770.249 770.1904 770.1321 770.0739 770.0157 769.9579 769.9006 769.8447 769.7904 769.7389 769.6901 769.6448 769.6039 769.5672 769.5352 769.5079 769.4851 769.4667 769.452 769.4414 769.435 769.4331 769.4359 769.4438 769.4566 769.4739 769.4952 769.5193 769.5451 769.5707
772.2701 772.2092 772.1489 772.0898 772.0332 771.9805 771.9329 771.8901 771.8504 771.8115 771.7729 771.7339 771.6944 771.6544 771.6149 771.5748 771.5299 771.4812 771.43 771.3767 771.3213 771.2635 771.204 771.1437 771.084 771.0255 770.9679 770.911 770.8542 770.7972 770.7401 770.6825 770.6244 770.5659 770.5071 770.4485 770.3903 770.3323 770.2751 770.2184 770.1624 770.1068 770.0514 769.9962 769.941 769.8865 769.8328 769.7803 769.73 769.6823 769.6375 769.5967 769.5604 769.5286 769.5012 769.4784 769.4598 769.4452 769.4343 769.4273 769.4244 769.4261 769.4324 769.4434 769.4587 769.4775 769.4993 769.5225 769.5457
772.165 772.1075 772.0507 771.9952 771.9413 771.8899 771.8423 771.7994 771.7603 771.7231 771.6876 771.6526 771.6173 771.5813 771.5474 771.5163 771.4762 771.43 771.3805 771.3284 771.2738 771.2171 771.1584 771.0985 771.0386 770.9793 770.921 770.8636 770.8071 770.7507 770.6947 770.6385 770.5823 770.5258 770.4691 770.4127 770.3564 770.3008 770.2457 770.1913 770.1375 770.0845 770.0317 769.9792 769.9271 769.8752 769.824 769.7736 769.7249 769.6781 769.6344 769.594 769.5576 769.5259 769.4985 769.4756 769.4569 769.4421 769.4312 769.4238 769.4203 769.4209 769.4259 769.4353 769.4488 769.4657 769.4852 769.506 769.527
772.0699 772.0164 771.963 771.9108 771.86 771.8107 771.7642 771.7213 771.6824 771.6464 771.6132 771.5817 771.5504 771.5166 771.4857 771.4675 771.43 771.3849 771.3352 771.2829 771.2286 771.1728 771.1153 771.0565 770.9972 770.9382 770.8799 770.8224 770.7659 770.7098 770.6545 770.5995 770.5447 770.4899 770.4352 770.3807 770.3265 770.2729 770.22 770.1676 770.1161 770.0653 770.015 769.9653 769.9159 769.8667 769.818 769.7699 769.723 769.6779 769.6349 769.5952 769.5592 769.5275 769.5 769.4771 769.4583 769.4432 769.432 769.4243 769.4204 769.4203 769.4242 769.4321 769.4441 769.4593 769.4769 769.4956 769.5145
771.982 771.932 771.8822 771.8329 771.7847 771.7383 771.694 771.6525 771.6146 771.5804 771.5502 771.5223 771.4967 771.4635 771.4301 771.4299 771.3909 771.3427 771.291 771.2379 771.1838 771.1287 771.0725 771.0154 770.9577 770.8997 770.8421 770.7851 770.7288 770.6733 770.6187 770.5646 770.511 770.4578 770.4049 770.3524 770.3004 770.2488 770.1978 770.1475 770.0979 770.0491 770.0012 769.954 769.9072 769.8606 769.8145 769.7689 769.7241 769.6807 769.6392 769.6003 769.5648 769.5333 769.5056 769.4825 769.4635 769.4484 769.437 769.4287 769.4245 769.4238 769.4269 769.4337 769.4443 769.4579 769.4739 769.491 769.5081
771.8993 771.852 771.8052 771.7587 771.7128 771.6689 771.6279 771.5896 771.5549 771.5234 771.4979 771.4737 771.4594 771.43 771.3983 771.3792 771.3423 771.2954 771.2443 771.1915 771.1377 771.0836 771.0289 770.9738 770.9179 770.8618 770.8055 770.7496 770.6943 770.6398 770.5861 770.533 770.4806 770.429 770.3779 770.3275 770.2774 770.2279 770.1788 770.1306 770.083 770.0363 769.9904 769.9452 769.9008 769.8567 769.813 769.77 769.7275 769.6862 769.6462 769.6086 769.5739 769.5426 769.5152 769.4919 769.4727 769.4573 769.4456 769.4372 769.4324 769.4313 769.4337 769.4396 769.4491 769.4614 769.476 769.4915 769.5072
771.8206 771.7759 771.7313 771.6871 771.6436 771.6022 771.5649 771.5308 771.5019 771.4735 771.4564 771.4301 771.4299 771.3975 771.3613 771.3289 771.2896 771.2437 771.194 771.1425 771.0898 771.0369 770.9839 770.9305 770.8768 770.8229 770.7687 770.7147 770.661 770.608 770.5554 770.5037 770.4528 770.4028 770.3535 770.3051 770.2572 770.2097 770.1628 770.1166 770.071 770.0261 769.9822 769.939 769.8966 769.8547 769.8135 769.7729 769.7327 769.6935 769.6555 769.6194 769.5858 769.5552 769.5281 769.5048 769.4855 769.4698 769.4576 769.449 769.444 769.4423 769.444 769.4492 769.458 769.4693 769.4825 769.4968 769.5113
771.7459 771.7038 771.6616 771.6195 771.5779 771.5396 771.5077 771.4771 771.4585 771.4301 771.4299 771.4019 771.3823 771.3495 771.3118 771.2737 771.2325 771.1875 771.1396 771.0902 771.0396 770.9885 770.9373 770.886 770.8345 770.7828 770.7311 770.6794 770.6279 770.5768 770.5261 770.4762 770.427 770.3788 770.3314 770.2851 770.2394 770.1941 770.1493 770.105 770.0615 770.0186 769.9763 769.9351 769.8945 769.8547 769.8157 769.7773 769.7394 769.7024 769.6664 769.6322 769.6 769.5704 769.5439 769.521 769.5015 769.4856 769.473 769.4641 769.4587 769.4566 769.4579 769.4626 769.4706 769.4812 769.4934 769.5066 769.5201
771.6762 771.6366 771.5974 771.5583 771.5178 771.4819 771.4608 771.4301 771.4299 771.4012 771.3827 771.354 771.3249 771.29 771.2516 771.2121 771.1708 771.1272 771.0817 771.0348 770.9867 770.9382 770.8894 770.8405 770.7914 770.7422 770.6929 770.6439 770.5949 770.5461 770.4977 770.4499 770.4028 770.3565 770.3113 770.2668 770.2233 770.1803 770.1377 770.0956 770.0542 770.0133 769.973 769.9335 769.8947 769.8566 769.8195 769.783 769.7473 769.7125 769.6786 769.6462 769.6157 769.5875 769.562 769.5397 769.5204 769.5043 769.4915 769.4822 769.4764 769.4739 769.4749 769.4792 769.4867 769.4966 769.5079 769.5203 769.5332
771.613 771.575 771.5396 771.507 771.467 771.4301 771.4299 771.3994 771.3803 771.3514 771.3234 771.2916 771.2582 771.2219 771.1837 771.1444 771.1042 771.0627 771.02 770.9762 770.9313 770.8859 770.8401 770.7942 770.7479 770.7014 770.6549 770.6085 770.5621 770.516 770.4701 770.4246 770.3798 770.3357 770.2926 770.2503 770.2089 770.168 770.1277 770.088 770.0486 770.0099 769.9716 769.9337 769.8966 769.8601 769.8246 769.7899 769.7562 769.7233 769.6915 769.6611 769.6324 769.6058 769.5815 769.5599 769.5411 769.5253 769.5125 769.5031 769.4968 769.4939 769.4945 769.4985 769.5055 769.5149 769.5258 769.5376 769.5499
771.5576 771.5194 771.4857 771.467 771.43 771.3943 771.3755 771.3462 771.3177 771.2859 771.2532 771.219 771.1837 771.1473 771.11 771.072 771.0338 770.9949 770.9553 770.9148 770.8734 770.8317 770.7894 770.7468 770.7039 770.6606 770.6172 770.5737 770.5302 770.4868 770.4435 770.4006 770.3583 770.3165 770.2756 770.2355 770.196 770.1573 770.1193 770.0817 770.0448 770.0082 769.9717 769.9355 769.9001 769.8652 769.8311 769.7979 769.7657 769.7347 769.7049 769.6765 769.6497 769.6245 769.6016 769.5811 769.5632 769.5479 769.5352 769.5258 769.5194 769.5164 769.5167 769.5203 769.527 769.5361 769.5466 769.558 769.5701
771.5106 771.4697 771.4301 771.4298 771.3879 771.3453 771.3116 771.2775 771.2435 771.2089 771.174 771.1387 771.1033 771.0676 771.0317 770.996 770.9603 770.9244 770.8879 770.851 770.8135 770.7755 770.7371 770.6982 770.659 770.6193 770.5794 770.5392 770.4989 770.4584 770.4182 770.3782 770.3384 770.2991 770.2604 770.2223 770.1849 770.1482 770.1121 770.0768 770.0419 770.0073 769.9728 769.9386 769.9049 769.8715 769.8386 769.8068 769.7761 769.7467 769.7186 769.692 769.6669 769.6434 769.6219 769.6028 769.5859 769.5713 769.5592 769.55 769.5437 769.5405 769.5406 769.5442 769.5509 769.5597 769.5699 769.5812 769.5931
771.472 771.43 771.386 771.3597 771.3181 771.2739 771.2338 771.1956 771.1588 771.1229 771.0874 771.0524 771.0179 770.9839 770.9503 770.9172 770.8844 770.8516 770.8186 770.7854 770.7518 770.7177 770.6832 770.6484 770.6132 770.5774 770.5412 770.5048 770.468 770.431 770.3939 770.3568 770.3198 770.283 770.2467 770.2107 770.1754 770.1406 770.1064 770.0731 770.04 770.0074 769.9749 769.9424 769.9103 769.8784 769.847 769.8164 769.7869 769.7589 769.7323 769.7072 769.6837 769.6621 769.6422 769.6242 769.6085 769.595 769.5837 769.575 769.5691 769.566 769.5662 769.5697 769.5762 769.585 769.595 769.6063 769.6184
771.4296 771.3763 771.3209 771.2755 771.229 771.1835 771.1414 771.1019 771.0648 771.0292 770.9948 770.9612 770.9288 770.8973 770.8665 770.8363 770.8067 770.7773 770.7479 770.7185 770.6888 770.6588 770.6287 770.5979 770.5667 770.535 770.5028 770.4703 770.4373 770.4039 770.3704 770.3364 770.3024 770.2683 770.2344 770.2006 770.1673 770.1345 770.1022 770.0703 770.0389 770.0079 769.9772 769.9465 769.916 769.8857 769.8557 769.8264 769.7981 769.7712 769.746 769.7223 769.7003 769.6802 769.6618 769.6454 769.631 769.6185 769.6082 769.6001 769.5947 769.592 769.5924 769.5961 769.6026 769.6116 769.6218 769.6332 769.6455
771.339 771.2852 771.2271 771.1738 771.1243 771.0784 771.0366 770.9984 770.9629 770.9294 770.8973 770.8666 770.8369 770.8083 770.7808 770.7539 770.7278 770.702 770.6765 770.651 770.6255 770.5997 770.5736 770.5471 770.5201 770.4926 770.4646 770.4362 770.4071 770.3774 770.3473 770.3167 770.2858 770.2546 770.2231 770.1918 770.1604 770.1295 770.0988 770.0684 770.0385 770.0089 769.9796 769.9507 769.9218 769.8929 769.8643 769.8364 769.8094 769.7838 769.7596 769.7372 769.7167 769.6978 769.6809 769.6659 769.6527 769.6414 769.6321 769.625 769.6202 769.6183 769.6191 769.623 769.6299 769.639 769.6495 769.6611 769.6737
771.2343 771.1743 771.1141 771.0583 771.0079 770.9629 770.923 770.8875 770.8553 770.8252 770.7966 770.7694 770.7433 770.7184 770.6943 770.671 770.6484 770.6263 770.6047 770.5834 770.5621 770.5407 770.519 770.4969 770.4743 770.4512 770.4272 770.4027 770.3774 770.3516 770.325 770.2977 770.2699 770.2415 770.2128 770.1837 770.1544 770.1252 770.0962 770.0673 770.0387 770.0104 769.9823 769.9547 769.9272 769.8998 769.8727 769.8461 769.8204 769.796 769.7731 769.752 769.7325 769.7148 769.6992 769.6854 769.6735 769.6633 769.6552 769.649 769.6453 769.6442 769.6458 769.6503 769.6575 769.6667 769.6776 769.6896 769.7025
771.1223 771.0548 770.9918 770.9349 770.885 770.8418 770.8047 770.7726 770.7443 770.7184 770.6941 770.671 770.649 770.6281 770.6079 770.5884 770.5695 770.5511 770.5334 770.5161 770.4993 770.4823 770.4651 770.4476 770.4295 770.4108 770.3911 770.3705 770.349 770.3268 770.3036 770.2797 770.2548 770.2292 770.2031 770.1764 770.1492 770.1218 770.0941 770.0667 770.0393 770.0122 769.9852 769.9589 769.9326 769.9063 769.8806 769.8553 769.8311 769.8078 769.786 769.766 769.7477 769.7312 769.7168 769.7041 769.6932 769.6842 769.677 769.672 769.6694 769.6694 769.6719 769.677 769.6848 769.6945 769.7056 769.7179 769.7312
771.011 770.9344 770.8674 770.8097 770.7608 770.7199 770.6859 770.6573 770.6331 770.6113 770.5916 770.573 770.5553 770.5385 770.5221 770.5065 770.4915 770.4772 770.4636 770.4504 770.4379 770.4253 770.4126 770.3998 770.3862 770.372 770.3566 770.3402 770.3225 770.3037 770.2838 770.2629 770.241 770.218 770.1945 770.17 770.1448 770.1191 770.0929 770.0667 770.0404 770.0142 769.9883 769.9628 769.9376 769.9126 769.8881 769.864 769.8409 769.819 769.7983 769.7793 769.7621 769.7468 769.7334 769.7217 769.712 769.704 769.6979 769.694 769.6925 769.6935 769.697 769.7031 769.7115 769.7217 769.7332 769.7457 769.7593
770.9044 770.818 770.7462 770.6874 770.6395 770.601 770.5699 770.545 770.5244 770.5069 770.4913 770.4771 770.4635 770.4506 770.4381 770.4265 770.4155 770.4054 770.3959 770.387 770.3786 770.3705 770.3623 770.3541 770.3451 770.3351 770.324 770.3116 770.2977 770.2825 770.2657 770.2478 770.2285 770.2081 770.1869 770.1646 770.1414 770.1173 770.0924 770.0673 770.042 770.0166 769.9915 769.9668 769.9424 769.9185 769.8949 769.8719 769.85 769.8293 769.8099 769.792 769.7758 769.7615 769.749 769.7383 769.7295 769.7226 769.7175 769.7146 769.7143 769.7163 769.7209 769.7279 769.7371 769.7477 769.7595 769.7723 769.7861
