backend/lakes/data/Buffalo Lake/buff_dem_tm.asc
ncols         403
nrows         290
xllcorner     631600
yllcorner     5806850
cellsize      50
NODATA_value  -9999
[rows 186 to 216 of 290, columns 69 to 137 of 403]
-9999 -9999 -9999 -9999 -9999 -9999 -9999 -9999 -9999 -9999 -9999 -9999 -9999 -9999 -9999 -9999 -9999 -9999 -9999 -9999 780.0031 779.5889 778.869 777.926 776.9114 776.1277 775.9525 775.771 775.592 775.4703 775.4112 775.3887 775.3829 775.3844 775.3888 775.4047 775.4586 775.5687 775.7311 775.8491 775.933 776.0293 776.0444 776.2059 776.7152 777.1595 777.3859 777.5986 777.9482 778.1345 778.1141 777.8269 777.0814 776.2905 775.9167 775.5436 775.1465 774.7444 774.4615 774.1445 773.8616 773.6046 773.3693 773.155 772.9624 772.7918 772.6438 772.5181 772.4142
-9999 -9999 -9999 -9999 -9999 -9999 777.9964 778.0017 778.0027 777.9894 777.8093 777.6045 -9999 -9999 -9999 -9999 -9999 -9999 -9999 -9999 -9999 780.2267 779.2997 778.2657 777.2441 776.4766 776.0811 775.9898 775.7599 775.5804 775.4764 775.4241 775.4001 775.3949 775.4012 775.4149 775.4409 775.4772 775.5121 775.5187 775.502 775.4961 775.5091 775.661 776.0241 776.4297 776.7225 776.9504 777.1981 777.3722 777.3988 777.0573 776.4962 775.9592 775.5685 775.214 774.8593 774.5054 774.2997 774.0508 773.7952 773.5513 773.3248 773.1183 772.9333 772.7703 772.6292 772.5098 772.4114
-9999 -9999 -9999 -9999 -9999 777.9804 778.1111 778.1654 778.1941 778.1603 777.9979 777.7787 777.7911 778.1453 -9999 -9999 -9999 -9999 -9999 -9999 -9999 -9999 780.1532 779.0708 777.9514 776.9049 776.0944 775.994 775.7983 775.6268 775.512 775.4467 775.4119 775.4027 775.4144 775.4348 775.4501 775.4493 775.419 775.3548 775.2786 775.2247 775.2305 775.3644 775.6503 775.9984 776.2833 776.4396 776.5853 776.7582 776.9174 776.5435 776.0322 775.6036 775.253 774.9498 774.6851 774.4682 774.218 773.9703 773.7274 773.4952 773.2788 773.0809 772.9036 772.7476 772.6133 772.5 772.4072
-9999 -9999 -9999 -9999 777.3143 777.7308 778.0049 778.1377 778.1887 778.1058 777.9159 777.777 778.0558 778.8662 779.8646 -9999 -9999 -9999 -9999 -9999 -9999 -9999 781.0964 780.0231 778.7776 777.4512 776.329 775.9896 775.824 775.6697 775.5471 775.4663 775.4164 775.3947 775.4019 775.4259 775.442 775.4282 775.3723 775.2771 775.1708 775.0939 775.0881 775.1933 775.4182 775.7083 775.968 776.0024 776.0192 776.1127 776.3569 776.0318 775.6287 775.271 774.9648 774.7027 774.4822 774.303 774.0941 773.8733 773.6511 773.4349 773.2308 773.0428 772.8737 772.7247 772.5969 772.4894 772.4017
-9999 -9999 -9999 776.651 776.9527 777.4466 777.9058 778.0031 777.9697 777.6725 777.1862 777.4473 778.2567 779.5868 780.9086 781.7595 781.9142 -9999 -9999 -9999 -9999 -9999 -9999 780.7702 779.483 778.0961 776.8925 776.1434 775.9834 775.7901 775.6268 775.5071 775.4268 775.3774 775.3643 775.3782 775.3943 775.3807 775.3216 775.2218 775.1078 775.0204 774.9974 775.065 775.2197 775.4162 775.5748 775.6045 775.6057 775.6525 775.7228 775.5142 775.2195 774.9539 774.7029 774.4817 774.3018 774.1398 773.961 773.7677 773.5679 773.3698 773.1798 773.0029 772.8427 772.7013 772.5798 772.478 772.3953
-9999 -9999 -9999 776.0718 776.4225 777.0531 777.8018 777.9585 777.5544 776.775 776.3074 777.004 778.3332 780.01 781.4714 782.0656 782.0073 781.7416 781.7383 -9999 -9999 -9999 -9999 780.9153 779.8755 778.6287 777.4421 776.6259 776.2719 776.014 775.7748 775.5891 775.4612 775.3725 775.322 775.31 775.3126 775.299 775.2455 775.1539 775.0459 774.9567 774.918 774.9471 775.0366 775.1516 775.2375 775.2554 775.245 775.2451 775.2182 775.05 774.8302 774.6763 774.4822 774.3065 774.1483 773.9969 773.836 773.6632 773.483 773.3018 773.126 772.9608 772.81 772.6764 772.5614 772.4652 772.3872
776.7401 -9999 -9999 775.8115 776.0088 776.4849 777.1438 777.5507 776.7011 776.1601 775.9902 776.5896 777.9143 779.5817 781.043 781.7528 781.7999 781.2242 781.1932 781.6854 781.2782 -9999 -9999 -9999 779.9222 778.7785 777.7593 777.0327 776.6605 776.4138 775.9957 775.7151 775.5309 775.402 775.3082 775.2543 775.2288 775.2018 775.149 775.0667 774.9701 774.8846 774.8361 774.8352 774.8745 774.9284 774.964 774.9613 774.9363 774.9106 774.8483 774.6881 774.496 774.472 774.3217 774.1648 774.0166 773.8719 773.7218 773.5634 773.3987 773.2328 773.0706 772.9169 772.7758 772.6501 772.5416 772.451 772.3777
777.0057 776.5364 776.0906 775.9478 775.9451 776.0208 776.4161 776.7145 776.1498 775.7988 775.696 776.054 776.9617 778.4292 779.8033 780.7353 780.9295 780.7075 780.7092 780.9575 780.9153 781.001 -9999 -9999 780.0629 779.0576 778.0603 777.41 777.0226 776.84 776.1671 775.847 775.6355 775.4781 775.3506 775.2509 775.1825 775.1267 775.0601 774.9764 774.8864 774.8064 774.7534 774.7334 774.7382 774.7509 774.7496 774.7273 774.6821 774.663 774.6179 774.4806 774.3386 774.2719 774.1583 774.027 773.8926 773.7567 773.616 773.4691 773.3175 773.1648 773.0151 772.8728 772.7413 772.6237 772.5217 772.4364 772.3677
777.4825 777.1025 776.9148 776.7765 776.5849 776.1777 776.0012 776.0212 775.96 775.6783 775.5435 775.7122 776.274 777.1951 778.1797 779.0655 779.5422 779.7321 779.9106 780.1671 780.5383 780.9135 781.0083 780.989 -9999 779.4797 778.3777 777.7026 777.1862 776.8077 776.4044 775.9979 775.7664 775.6069 775.4623 775.3257 775.2084 775.1087 775.0121 774.9119 774.8156 774.7341 774.678 774.647 774.6312 774.6196 774.5914 774.5614 774.4825 774.4805 774.4762 774.3451 774.2122 774.1147 774.009 773.8933 773.7719 773.6461 773.5154 773.3795 773.24 773.0997 772.9622 772.8309 772.709 772.5994 772.504 772.4238 772.3593
777.8502 777.9728 778.19 778.3725 778.1435 777.3088 776.3464 775.8443 775.7179 775.5762 775.4457 775.4648 775.7397 776.2473 776.8067 777.262 777.8414 778.3043 778.8107 779.4293 780.1671 780.9476 781.265 781.2961 780.8557 779.8277 778.7289 777.8671 777.1109 776.458 776.0438 775.9135 775.8511 775.7742 775.6464 775.4836 775.3185 775.1674 775.0275 774.8956 774.7779 774.6832 774.6176 774.5787 774.55 774.5328 774.4808 774.4785 774.389 774.3389 774.2932 774.1888 774.0726 773.9697 773.8683 773.7631 773.6531 773.5381 773.4182 773.2938 773.1665 773.0388 772.9135 772.7932 772.6812 772.5796 772.4906 772.4155 772.355
778.035 778.8372 779.6485 780.2408 780.0992 778.925 777.428 776.453 775.9189 775.5801 775.3561 775.2818 775.3727 775.6628 776.0397 776.4034 776.767 776.9128 777.569 778.5452 779.6653 780.6731 781.1377 781.1893 780.6212 779.4484 778.3064 777.5149 776.8473 776.1009 775.9091 775.9606 776.0367 776.0256 775.9082 775.7167 775.5013 775.2958 775.1067 774.9335 774.7809 774.6593 774.5748 774.526 774.4803 774.4791 774.4061 774.3511 774.266 774.192 774.1199 774.0259 773.9242 773.8264 773.7313 773.6354 773.5363 773.4326 773.3243 773.212 773.0974 772.9825 772.8695 772.7609 772.6589 772.5659 772.4835 772.4133 772.3563
778.1964 779.6141 780.9482 781.8667 781.8505 780.4902 778.5732 777.1945 776.2801 775.6857 775.3134 775.1305 775.1314 775.3607 775.7146 776.1334 776.6016 776.9427 776.5992 777.3964 778.5769 779.6444 780.3329 780.4875 779.6774 778.5403 777.6173 776.9796 776.6594 776.036 776.0297 776.2275 776.395 776.3915 776.2347 775.9918 775.7239 775.4672 775.2316 775.0144 774.8187 774.655 774.5375 774.4793 774.4048 774.3555 774.2811 774.2063 774.1216 774.0389 773.9572 773.8682 773.7764 773.6868 773.5995 773.5124 773.4234 773.3309 773.2346 773.1349 773.0333 772.9315 772.8312 772.7341 772.6425 772.5582 772.4828 772.4177 772.3642
778.5076 780.2512 781.752 782.7444 782.7444 781.468 779.3854 777.6957 776.527 775.7609 775.285 775.0399 775.0092 775.1967 775.5433 775.9683 776.3741 776.468 776.2504 776.5999 777.2921 778.1195 778.8922 779.1748 778.4989 777.6151 776.8068 776.1932 776.0374 776.0704 776.3426 776.6842 776.9235 776.8475 776.5832 776.2565 775.9349 775.6421 775.3755 775.1234 774.8827 774.6634 774.4813 774.3796 774.2881 774.2121 774.1334 774.0543 773.972 773.8898 773.8076 773.7239 773.6395 773.5575 773.4778 773.3989 773.319 773.2369 773.1519 773.0643 772.9754 772.8862 772.7982 772.7128 772.6316 772.5563 772.4882 772.4285 772.3785
778.9586 780.5895 781.8207 782.3913 782.8533 781.6145 779.5129 777.6862 776.4773 775.6945 775.2052 774.9457 774.8953 775.0511 775.3591 775.7208 776.006 776.0343 775.9056 775.9954 776.2875 776.6978 777.3997 777.8396 777.5249 776.8114 776.1525 775.9978 776.0583 776.3535 776.787 777.2136 777.5355 777.2883 776.8618 776.4433 776.085 775.7828 775.5131 775.2482 774.9756 774.7097 774.4793 774.3027 774.1713 774.0721 773.9877 773.9095 773.8322 773.7549 773.6772 773.5992 773.5216 773.4459 773.3723 773.3 773.2277 773.1545 773.0794 773.0029 772.9254 772.848 772.7714 772.6969 772.626 772.5596 772.4988 772.4448 772.3987
779.3096 780.8342 781.9542 782.4735 782.4462 781.1954 779.1329 777.2262 776.1648 775.4891 775.0601 774.8246 774.7667 774.8906 775.1461 775.4452 775.6704 775.7042 775.6334 775.6295 775.7416 775.97 776.3461 776.8672 776.8225 776.1863 775.9515 775.9974 776.243 776.7028 777.2092 777.5749 777.9714 777.4573 776.9175 776.4796 776.1421 775.8743 775.6354 775.3839 775.0919 774.7747 774.4777 774.2366 774.0692 773.9524 773.8627 773.786 773.7137 773.6425 773.5707 773.4987 773.427 773.3566 773.2878 773.2203 773.1536 773.087 773.0202 772.9527 772.885 772.8176 772.7512 772.6866 772.6249 772.567 772.5137 772.4655 772.4235
778.9263 780.6117 781.7742 782.3082 781.9609 780.564 778.4882 776.8207 775.8326 775.2457 774.8865 774.6847 774.624 774.7239 774.9189 775.1647 775.361 775.4383 775.4392 775.4573 775.5496 775.7602 776.0948 776.4289 776.3685 776.0757 775.9996 776.0048 776.3703 776.9639 777.5305 777.6263 777.2601 776.9476 776.6223 776.3376 776.1112 775.9287 775.7551 775.5464 775.2477 774.8721 774.4767 774.1931 774.0042 773.8733 773.776 773.6968 773.6259 773.5583 773.4912 773.424 773.3569 773.2906 773.2256 773.1616 773.0988 773.037 772.976 772.9154 772.8553 772.7963 772.7382 772.6819 772.6282 772.5778 772.5314 772.4891 772.4518
778.0218 779.7433 781.1731 781.8678 781.3422 779.795 777.6703 776.2798 775.4575 774.994 774.7197 774.5554 774.4812 774.5751 774.6971 774.905 775.0997 775.2269 775.298 775.368 775.4962 775.714 775.9895 776.0223 776.0692 776.0045 776.0095 776.0048 776.3264 776.9494 777.7194 777.5287 776.5938 776.3545 776.2247 776.1219 776.0404 775.97 775.8848 775.7578 775.4814 775.0767 774.5573 774.2443 774.0256 773.8644 773.7449 773.6523 773.5751 773.5055 773.4392 773.3743 773.3099 773.2463 773.184 773.1226 773.0624 773.0038 772.9466 772.891 772.8367 772.7836 772.7321 772.6825 772.6355 772.5916 772.5513 772.5145 772.482
777.6197 778.8761 780.226 781.0792 780.581 778.9645 777.0302 775.8314 775.1432 774.7855 774.593 774.4792 774.4225 774.4771 774.4867 774.6688 774.875 775.0453 775.1718 775.2844 775.4296 775.6339 775.863 775.9959 775.9998 776.0209 776.1661 776.0724 776.0132 776.1439 776.6548 776.5681 776.1007 775.9178 775.8857 775.9136 775.9607 776.001 776.0004 775.9941 775.7931 775.5051 775.0189 774.5324 774.1914 773.947 773.7772 773.6553 773.5615 773.483 773.4127 773.3467 773.2828 773.2205 773.1596 773.0999 773.0415 772.985 772.9305 772.8782 772.8277 772.7791 772.7325 772.6882 772.6464 772.6077 772.5726 772.5412 772.5132
777.3595 778.3441 779.3926 780.4899 779.6895 777.9828 776.5313 775.5157 774.9193 774.6268 774.4781 774.366 774.3082 774.3171 774.3456 774.4813 774.6767 774.8717 775.0342 775.1702 775.313 775.4864 775.6705 775.8087 775.8904 776.0383 776.5031 776.2304 775.8442 775.2689 775.4537 775.6112 775.5442 775.5267 775.5952 775.72 775.8661 775.9993 776.0491 776.0665 776.0009 775.9551 775.5776 775.026 774.4659 774.0974 773.86 773.6978 773.5793 773.4861 773.4074 773.337 773.2715 773.209 773.1486 773.0897 773.0325 772.9775 772.9248 772.8745 772.8269 772.7816 772.7386 772.6981 772.6604 772.6259 772.5952 772.5681 772.5444
776.8307 777.7602 778.7603 779.5879 778.6619 777.3148 776.1104 775.243 774.7294 774.4749 774.3223 774.2249 774.1729 774.1692 774.2078 774.3177 774.4821 774.6819 774.8682 775.019 775.1538 775.2987 775.4581 775.6169 775.8076 776.1616 776.9661 776.3135 775.6122 775.0201 774.9739 775.0756 775.1391 775.2227 775.3585 775.5391 775.7347 775.9041 776.0001 776.0348 776 776.0006 775.9515 775.4656 774.6826 774.257 773.9672 773.7635 773.6167 773.5057 773.4165 773.3403 773.2719 773.208 773.1472 773.0889 773.0325 772.9785 772.9269 772.8782 772.8323 772.7892 772.7489 772.7113 772.6768 772.6456 772.6185 772.5951 772.5751
776.0107 776.8505 777.6406 778.0721 777.4648 776.5108 775.601 774.8987 774.4771 774.2557 774.137 774.0742 774.0441 774.0462 774.0865 774.1775 774.3141 774.4827 774.6733 774.8366 774.9669 775.0897 775.2289 775.3962 775.6088 775.9151 776.2855 776.3959 775.7219 775.1215 774.8816 774.8521 774.9048 775.0135 775.1766 775.3826 775.6039 775.8003 775.9346 775.9999 776 776.0373 776.003 775.8442 775.0651 774.4747 774.088 773.8335 773.6584 773.531 773.4324 773.351 773.2797 773.2145 773.1533 773.0951 773.0393 772.986 772.9351 772.8871 772.8423 772.8007 772.7623 772.7271 772.6949 772.6667 772.6425 772.6219 772.6051
775.1515 775.8223 776.3636 776.5641 776.2008 775.6354 775.0082 774.4982 774.1914 774.0281 773.9564 773.9352 773.938 773.9565 773.9988 774.0743 774.1846 774.3248 774.4822 774.6442 774.7723 774.8707 774.9831 775.145 775.3455 775.5997 775.8503 775.9283 775.5529 775.1177 774.8525 774.756 774.7701 774.8663 775.0323 775.2496 775.4896 775.7129 775.88 775.9715 776.0001 776.0601 776.002 775.7167 775.0767 774.5056 774.1287 773.8676 773.6838 773.5503 773.4478 773.3642 773.2919 773.2264 773.1653 773.1073 773.0519 772.9989 772.9484 772.9006 772.8563 772.8156 772.7784 772.7448 772.7148 772.6888 772.667 772.649 772.6346
774.5203 774.968 775.2687 775.3643 775.2086 774.9196 774.5062 774.1794 773.9633 773.8476 773.8114 773.826 773.8628 773.9034 773.9502 774.0149 774.1024 774.2151 774.3468 774.4812 774.6 774.6582 774.7257 774.8732 775.049 775.2484 775.4227 775.4644 775.2695 774.9972 774.7848 774.6745 774.6685 774.743 774.9027 775.1282 775.3901 775.6472 775.8528 775.9713 776.0002 776.067 775.9748 775.5107 774.9023 774.4612 774.1096 773.8611 773.6854 773.5569 773.4578 773.3765 773.306 773.2419 773.1818 773.1245 773.0695 773.0165 772.9661 772.9183 772.8739 772.8333 772.7966 772.7642 772.736 772.712 772.6921 772.6761 772.6641
774.231 774.4526 774.5115 774.5262 774.507 774.4525 774.2083 773.9855 773.8292 773.7441 773.7261 773.7598 773.8206 773.8842 773.9396 773.996 774.0648 774.1519 774.2592 774.3762 774.4783 774.48 774.4852 774.6243 774.7451 774.9131 775.0339 775.0621 774.9697 774.8208 774.6805 774.5833 774.5724 774.6178 774.7687 775.0021 775.2903 775.5907 775.8459 775.9996 776 776.001 775.7267 775.1835 774.5754 774.2583 774.006 773.8102 773.6625 773.55 773.461 773.3866 773.3207 773.2596 773.2015 773.1454 773.0911 773.0385 772.9879 772.9398 772.8949 772.854 772.8175 772.7858 772.7587 772.7363 772.7183 772.7042 772.6938
774.1072 774.1556 774.1577 774.1561 774.1619 774.142 774.0233 773.8901 773.7874 773.7277 773.7153 773.7491 773.8153 773.8911 773.9574 774.0102 774.0614 774.1222 774.1973 774.28 774.3464 774.3625 774.3876 774.4771 774.488 774.6357 774.7161 774.7346 774.7004 774.6385 774.5672 774.4807 774.4792 774.4816 774.6232 774.8575 775.1689 775.5161 775.8235 776.0001 776.0002 775.9573 775.4728 774.9083 774.4549 774.1309 773.9084 773.7484 773.629 773.5361 773.4606 773.3954 773.3358 773.2791 773.2238 773.1694 773.1158 773.0635 773.0129 772.9644 772.9189 772.8774 772.8408 772.8094 772.7831 772.762 772.7454 772.7332 772.7245
774.1236 774.0745 774.049 774.0386 774.0414 774.0286 773.9666 773.8904 773.8279 773.7903 773.7808 773.8028 773.855 773.9248 773.9919 774.0441 774.0826 774.1196 774.163 774.2122 774.2542 774.2764 774.3025 774.3507 774.3838 774.4772 774.4816 774.4813 774.4806 774.4803 774.4786 774.4053 774.3729 774.376 774.4801 774.6866 775.0038 775.3962 775.7743 776.0021 775.9789 775.6086 775.0394 774.5208 774.1989 773.9673 773.8032 773.6841 773.594 773.522 773.4607 773.4053 773.3525 773.3005 773.2483 773.1957 773.1431 773.0912 773.0404 772.9916 772.9457 772.9037 772.8666 772.8353 772.8096 772.7894 772.7741 772.7633 772.7563
774.2615 774.1443 774.1035 774.0808 774.0718 774.0577 774.0198 773.9705 773.9326 773.9124 773.9069 773.916 773.9442 773.991 774.0442 774.0886 774.118 774.1373 774.1556 774.1775 774.2003 774.2178 774.2368 774.2616 774.285 774.3213 774.319 774.3162 774.324 774.3374 774.3401 774.3004 774.2682 774.2661 774.3312 774.4835 774.7713 775.1802 775.6206 775.9301 775.6254 775.093 774.5466 774.1941 773.9727 773.8198 773.7108 773.6301 773.5668 773.5135 773.4655 773.4192 773.3726 773.3247 773.2753 773.2243 773.1726 773.1209 773.07 773.0208 772.9745 772.9321 772.8949 772.8634 772.8381 772.8187 772.8046 772.7952 772.7898
774.4863 774.3036 774.2648 774.2192 774.1941 774.1716 774.1427 774.1059 774.0769 774.0664 774.0668 774.0686 774.0745 774.0914 774.1187 774.1455 774.1632 774.1694 774.1704 774.1724 774.1785 774.187 774.1962 774.2054 774.211 774.2147 774.205 774.1995 774.2065 774.2199 774.2239 774.204 774.1797 774.1721 774.2062 774.3026 774.4917 774.8246 775.1713 775.3124 775.0143 774.5478 774.2 773.9662 773.8177 773.7194 773.6503 773.5982 773.5551 773.5162 773.4783 773.4391 773.3975 773.3528 773.3054 773.2556 773.2043 773.1527 773.1016 773.0519 773.0054 772.9628 772.9252 772.8938 772.8689 772.8503 772.8373 772.8293 772.8256
774.7587 774.4904 774.4744 774.3844 774.3483 774.312 774.286 774.2603 774.2377 774.2288 774.2307 774.2285 774.2212 774.2148 774.2147 774.2183 774.2201 774.2154 774.2039 774.1917 774.1834 774.1812 774.1818 774.1801 774.1721 774.1575 774.1378 774.1252 774.1266 774.137 774.1436 774.136 774.1207 774.1119 774.1276 774.1854 774.3032 774.4929 774.7332 774.7711 774.5128 774.2322 774.0038 773.8439 773.7405 773.6737 773.6278 773.5929 773.5623 773.5326 773.5013 773.4667 773.4281 773.3856 773.3392 773.29 773.2389 773.187 773.1353 773.0852 773.0383 772.9956 772.958 772.9267 772.9023 772.8845 772.8727 772.866 772.8638
775.0038 774.7034 774.5758 774.4808 774.4789 774.427 774.4072 774.3946 774.3837 774.3776 774.3763 774.3655 774.3516 774.3354 774.3192 774.3027 774.2887 774.275 774.2559 774.2324 774.2126 774.1995 774.1912 774.1824 774.1664 774.1419 774.1132 774.0914 774.0846 774.0905 774.0991 774.1007 774.0944 774.0885 774.0969 774.134 774.2137 774.339 774.4781 774.4768 774.2935 774.0923 773.9258 773.8065 773.7278 773.6767 773.6414 773.6138 773.5887 773.563 773.5346 773.5021 773.465 773.4231 773.3771 773.3278 773.2764 773.2239 773.1715 773.121 773.0739 773.0309 772.9933 772.9624 772.9387 772.9218 772.911 772.9055 772.9048
775.1642 774.8722 774.6901 774.5734 774.5256 774.4801 774.4799 774.4799 774.4799 774.4799 774.4798 774.4569 774.4417 774.4284 774.4125 774.384 774.361 774.3434 774.3242 774.2929 774.2639 774.2422 774.2244 774.2084 774.1879 774.1586 774.1235 774.0929 774.0764 774.0758 774.0846 774.0927 774.0948 774.0942 774.1003 774.1248 774.1752 774.2485 774.3132 774.2951 774.1792 774.0392 773.916 773.8226 773.7574 773.713 773.6808 773.6549 773.6308 773.6056 773.5773 773.5451 773.5078 773.4656 773.4193 773.3694 773.3171 773.2638 773.2108 773.1599 773.1123 773.0692 773.0316 773.0011 772.9781 772.9622 772.9525 772.9485 772.9495
