backend/lakes/data/Buffalo Lake/buff_dem_tm.asc
ncols         403
nrows         290
xllcorner     631600
yllcorner     5806850
cellsize      50
NODATA_value  -9999
[rows 62 to 92 of 290, columns 207 to 275 of 403]
776.9935 777.007 776.926 776.8532 776.9243 777.0892 777.228 777.3022 777.3038 777.2349 777.127 777.0332 777.0328 777.2451 777.8254 778.9868 779.6478 779.4472 778.7206 777.6913 776.761 776.2675 775.8976 775.5767 775.2711 775.0186 774.8851 774.7452 774.5157 774.4528 774.2341 774.071 773.8309 773.5674 773.2603 772.9577 772.7374 772.6063 772.5606 772.5884 772.6732 772.8029 772.9631 773.2617 773.6075 773.9435 774.2351 774.4615 774.4894 774.4914 774.4917 774.487 774.4794 774.4732 774.4696 774.4664 774.4797 774.5653 774.7653 775.0623 775.4142 775.9475 776.3079 776.5334 776.9365 777.7823 779.169 780.6264 781.5694
776.6989 776.7762 776.7582 776.6816 776.6577 776.7734 776.9325 777.0275 777.048 777.0126 776.9457 776.8659 776.8118 776.8695 777.1573 777.7255 778.3542 778.6074 778.4005 777.895 777.228 776.9473 776.5313 776.1459 775.8151 775.572 775.3832 775.1765 774.9384 774.7539 774.5145 774.4477 774.2068 773.9926 773.6642 773.295 772.96 772.7378 772.6276 772.6097 772.6587 772.7687 772.9444 773.1274 773.3837 773.6732 773.9349 774.1105 774.1438 774.13 774.1122 774.0972 774.0819 774.0624 774.0336 773.994 773.9601 773.9946 774.1489 774.4086 774.5994 775.0502 775.3545 775.6343 776.0518 776.7899 777.9211 779.1639 780.3853
776.3357 776.4673 776.5461 776.5267 776.4639 776.4653 776.5739 776.692 776.7524 776.7699 776.7434 776.6682 776.5455 776.4398 776.4506 776.5989 776.7502 777.1542 777.9587 778.3428 778.6473 778.0578 777.2305 776.6557 776.2894 776.1193 775.9313 775.6826 775.4125 775.1625 774.9149 774.7415 774.5144 774.4336 774.1041 773.7071 773.3077 772.962 772.7635 772.6893 772.6819 772.7303 772.829 772.9526 773.1622 773.4127 773.6429 773.7909 773.8351 773.8265 773.8038 773.7778 773.7476 773.714 773.679 773.6433 773.6117 773.6339 773.7479 773.9303 774.1118 774.4174 774.5923 774.9459 775.3833 776.0137 776.8794 777.8453 778.7814
775.9788 776.1319 776.2744 776.3549 776.3346 776.2831 776.2871 776.3608 776.4377 776.5044 776.5403 776.4954 776.3324 776.1337 776.0313 776.1343 776.4554 777.0823 777.9152 778.476 779.7892 778.8073 777.5856 776.7245 776.5847 776.6494 776.4902 776.1902 775.8775 775.5833 775.3135 775.0916 774.8875 774.7433 774.4759 774.118 773.7149 773.2904 772.9594 772.8132 772.7244 772.6936 772.7216 772.8015 772.9527 773.1707 773.3824 773.5085 773.5516 773.5488 773.5287 773.5006 773.4642 773.426 773.3976 773.3897 773.3815 773.3955 773.4762 773.6057 773.7609 773.953 774.1508 774.4744 774.879 775.3973 776.0457 776.7668 777.478
775.6901 775.8496 775.9999 776.141 776.2063 776.1853 776.147 776.1506 776.2006 776.2764 776.3579 776.3661 776.2107 775.9777 775.8723 776.044 776.5211 777.1956 777.7485 777.3815 778.2441 778.163 777.942 777.6329 776.9994 777.2413 777.0113 776.6172 776.2676 775.9435 775.6517 775.4016 775.1865 775.0017 774.7698 774.4779 774.1126 773.6139 773.1812 772.9468 772.7516 772.639 772.6097 772.6564 772.7765 772.9539 773.1543 773.2422 773.2681 773.267 773.2552 773.2365 773.2098 773.1803 773.1665 773.1987 773.2213 773.2353 773.2885 773.3771 773.4964 773.6538 773.8404 774.1196 774.474 774.8926 775.3893 775.9333 776.5315
775.5086 775.6514 775.7959 775.9285 776.0353 776.08 776.078 776.0673 776.088 776.1503 776.2445 776.2963 776.1838 775.9525 775.8507 776.0653 776.5748 777.0817 777.1537 776.7708 776.8181 777.1592 777.5148 776.9547 776.4355 777.5591 777.2844 776.8934 776.5218 776.1849 775.8826 775.6162 775.3824 775.173 774.955 774.7127 774.42 773.7966 773.2258 772.938 772.6848 772.527 772.4634 772.4859 772.5875 772.7505 772.9323 772.9518 772.9503 772.9489 772.9481 772.9478 772.9476 772.9477 772.9545 773.0579 773.0889 773.1025 773.1561 773.2159 773.2925 773.4257 773.6063 773.8458 774.1398 774.4795 774.8576 775.2389 775.7897
775.3716 775.5276 775.6602 775.7772 775.8755 775.9435 775.9861 776.0166 776.0492 776.1082 776.2057 776.2872 776.2383 776.0297 775.8998 776.0709 776.4998 776.7203 776.671 776.3885 776.2179 776.2156 776.5334 776.1595 776.2579 776.9941 777.0685 776.8611 776.5653 776.267 775.9794 775.7097 775.4621 775.2332 774.9987 774.7379 774.4499 773.7529 773.0411 772.7333 772.5076 772.3508 772.2721 772.2708 772.3363 772.4439 772.5471 772.5699 772.5692 772.5674 772.5693 772.5811 772.6118 772.6744 772.7762 772.9383 772.9493 772.9529 773.0458 773.0835 773.127 773.2441 773.4133 773.6227 773.8651 774.138 774.4277 774.6074 775.1237
775.2155 775.3974 775.5518 775.6661 775.7549 775.8273 775.8903 775.9579 776.0226 776.0922 776.1896 776.2941 776.3188 776.1672 775.9936 776.0103 776.2139 776.366 776.3972 776.287 776.1578 776.08 776.1296 775.9993 776.1527 776.5735 776.7341 776.657 776.4473 776.2119 775.9547 775.6909 775.4348 775.2004 774.9711 774.708 774.3834 773.66 772.9837 772.5975 772.3361 772.1597 772.0592 772.029 772.0524 772.0984 772.135 772.1505 772.1548 772.1562 772.1589 772.1734 772.22 772.3242 772.4613 772.6113 772.7032 772.8005 772.9429 772.9494 772.9531 773.0847 773.2497 773.4313 773.6201 773.8199 774.0183 774.2009 774.5563
775.0763 775.2482 775.4187 775.5525 775.6544 775.7405 775.8206 775.9137 776.0079 776.0882 776.1712 776.2758 776.3512 776.3088 776.1523 776.0598 776.1086 776.219 776.3356 776.4037 776.3823 776.2421 776.1203 776.0165 776.0846 776.3009 776.4341 776.416 776.2778 776.0808 775.8458 775.588 775.3207 775.0774 774.8444 774.5109 774.0612 773.4185 772.9092 772.4833 772.1815 771.9757 771.8497 771.7923 771.7825 771.7769 771.749 771.7518 771.7579 771.7611 771.7621 771.7689 771.8091 771.9407 772.0803 772.2191 772.3624 772.5183 772.6703 772.7463 772.8146 772.9492 773.1007 773.2554 773.394 773.5488 773.7067 773.8811 774.1453
774.9994 775.1327 775.2894 775.4299 775.5504 775.6656 775.7842 775.9043 776.026 776.1133 776.1685 776.2354 776.3118 776.3664 776.304 776.2219 776.2052 776.2912 776.4489 776.6248 776.7117 776.4665 776.2112 776.0447 776.0214 776.1041 776.1818 776.176 776.0734 775.9023 775.6861 775.4402 775.1741 774.9088 774.7029 774.3797 773.7441 773.0705 772.6647 772.31 772.023 771.8071 771.6619 771.5872 771.5685 771.5372 771.4373 771.4301 771.4304 771.4304 771.4299 771.4291 771.4442 771.6095 771.7139 771.8116 771.9882 772.1851 772.3683 772.509 772.6382 772.7913 772.9501 773.0919 773.1748 773.3075 773.4525 773.5961 773.7689
774.9816 775.0818 775.2084 775.3398 775.4668 775.605 775.7655 775.9302 776.082 776.1834 776.2145 776.213 776.2455 776.2983 776.3517 776.361 776.3801 776.46 776.5959 776.7468 776.9018 776.5084 776.1909 775.9945 775.9158 775.9223 775.9526 775.9404 775.8516 775.6948 775.4924 775.2603 775.0063 774.7396 774.4531 773.9977 773.4061 772.9178 772.5127 772.1755 771.8961 771.6752 771.5151 771.4308 771.4299 771.4271 771.3076 771.241 771.2085 771.1953 771.1968 771.2179 771.2805 771.4218 771.4298 771.4464 771.6483 771.8722 772.0801 772.2618 772.4326 772.6099 772.7889 772.9431 772.9567 773.1002 773.242 773.3483 773.4454
774.9965 775.083 775.187 775.3074 775.4377 775.588 775.7739 775.985 776.17 776.2921 776.3091 776.251 776.1954 776.202 776.2568 776.363 776.4972 776.6405 776.6937 776.4697 776.155 776.1062 775.9894 775.8612 775.7719 775.7389 775.7338 775.7079 775.6206 775.4679 775.2681 775.0355 774.7722 774.4669 774.0708 773.5733 773.0313 772.6895 772.3718 772.0768 771.8157 771.5978 771.4309 771.3489 771.3179 771.2811 771.1868 771.1061 771.0544 771.03 771.0309 771.0588 771.1193 771.2023 771.2272 771.272 771.4293 771.6245 771.8268 772.0212 772.2086 772.3937 772.5713 772.7214 772.8097 772.9503 773.0856 773.1404 773.1748
775.041 775.1155 775.2081 775.327 775.4701 775.6364 775.8345 776.0679 776.2862 776.4279 776.4402 776.3414 776.2067 776.1252 776.1378 776.2684 776.5345 776.9026 777.1082 776.402 776.1273 776.0251 775.9087 775.7728 775.6487 775.5679 775.5284 775.4834 775.3868 775.2273 775.0177 774.7686 774.4748 774.1163 773.6993 773.2673 772.9259 772.5939 772.2949 772.024 771.7825 771.5813 771.4295 771.3195 771.2474 771.1785 771.0887 771.005 770.9442 770.9116 770.9079 770.9318 770.9799 771.0381 771.0812 771.145 771.2693 771.43 771.6087 771.795 771.9814 772.163 772.3346 772.4927 772.634 772.7947 772.9438 772.9509 772.9496
775.132 775.1838 775.2644 775.3829 775.5475 775.7445 775.9601 776.1925 776.4219 776.5715 776.5917 776.4607 776.2668 776.0997 776.0429 776.1443 776.5303 777.3445 778.4764 777.2878 776.6125 776.2509 775.993 775.7739 775.5798 775.4314 775.3395 775.2656 775.1537 774.9797 774.7515 774.4769 774.1482 773.7729 773.3708 772.9824 772.7491 772.4975 772.2436 771.9969 771.7727 771.5819 771.4299 771.3052 771.2064 771.1157 771.0211 770.9337 770.8663 770.8265 770.8162 770.8328 770.8706 770.9202 770.9734 771.0446 771.15 771.2817 771.4302 771.5936 771.7649 771.9338 772.093 772.2501 772.4075 772.5649 772.6926 772.739 772.7705
775.2776 775.2995 775.3644 775.4729 775.6527 775.8894 776.139 776.3716 776.5735 776.713 776.7228 776.5899 776.3496 776.1036 775.9901 776.0004 776.3594 777.4981 777.2499 777.2233 776.8839 776.4918 776.1289 775.8188 775.5511 775.3302 775.1747 775.0583 774.9215 774.7281 774.4787 774.1792 773.8429 773.491 773.1653 772.9372 772.6827 772.4409 772.2065 771.9802 771.7694 771.5847 771.4299 771.2976 771.1851 771.0815 770.9807 770.8881 770.8142 770.7668 770.7487 770.7578 770.7886 770.8343 770.8912 770.964 771.0583 771.1708 771.2955 771.4302 771.5764 771.7225 771.8545 772.0018 772.157 772.307 772.4285 772.5054 772.5682
775.4709 775.4606 775.5134 775.5969 775.7702 776.0428 776.3427 776.5925 776.7493 776.8328 776.8172 776.6755 776.4308 776.103 775.9986 775.9211 776.1329 777.0131 778.0098 777.7266 777.2346 776.7236 776.2494 775.8492 775.5211 775.2436 775.0283 774.8646 774.6962 774.4794 774.2097 773.9032 773.5769 773.2535 772.9635 772.7998 772.5991 772.3846 772.1696 771.9603 771.763 771.585 771.43 771.2954 771.1772 771.0674 770.9618 770.8639 770.7828 770.7267 770.6998 770.7014 770.7267 770.7695 770.8263 770.8978 770.9849 771.0853 771.1951 771.3107 771.4304 771.5491 771.6301 771.7623 771.9125 772.0547 772.1729 772.2634 772.3419
775.6946 775.6553 775.7156 775.7446 775.8815 776.172 776.5301 776.819 776.9283 776.9206 776.8456 776.6863 776.4536 776.021 775.9999 776.0016 776.2914 776.9778 777.6923 777.6731 777.3015 776.7933 776.2769 775.8117 775.4412 775.1346 774.8816 774.678 774.478 774.2363 773.9597 773.6636 773.3696 773.1111 772.9433 772.7416 772.5376 772.3314 772.1284 771.9327 771.7488 771.5804 771.43 771.2971 771.178 771.0663 770.9581 770.856 770.7676 770.7017 770.6646 770.6572 770.6766 770.7167 770.7719 770.8405 770.9213 771.0134 771.1139 771.22 771.3288 771.4278 771.4335 771.5582 771.7004 771.8312 771.939 772.0296 772.1108
775.9348 775.8824 775.9868 775.8947 775.9551 776.243 776.6487 776.9955 777.0405 776.9505 776.7864 776.5621 776.2661 776.0452 776.0418 776.1343 776.4104 776.8962 777.3413 777.3887 777.1241 776.6779 776.1724 775.6862 775.2869 774.9697 774.7043 774.4781 774.2484 773.9976 773.729 773.4552 773.1948 772.9575 772.8251 772.655 772.4662 772.272 772.0802 771.8969 771.7265 771.571 771.43 771.3015 771.1835 771.0718 770.9629 770.8582 770.7636 770.6881 770.6392 770.6206 770.6317 770.6675 770.7206 770.7859 770.861 770.9448 771.0361 771.1305 771.2218 771.2966 771.3352 771.4299 771.5436 771.6519 771.7365 771.8173 771.8936
776.234 776.2006 776.3303 776.0431 775.9725 776.2247 776.6242 776.9846 776.9879 776.866 776.6876 776.4708 776.2397 776.0909 776.094 776.2037 776.4264 776.7336 776.9912 777.0176 776.804 776.4177 775.9431 775.4738 775.0634 774.7436 774.4803 774.2464 774.0131 773.7675 773.5163 773.2803 773.0901 772.9453 772.7615 772.5757 772.3887 772.2026 772.0217 771.851 771.6953 771.5562 771.43 771.3081 771.1902 771.0775 770.9685 770.863 770.7649 770.6812 770.6205 770.589 770.5887 770.6168 770.6661 770.728 770.7985 770.8752 770.9571 771.0413 771.1224 771.1931 771.2532 771.3359 771.4302 771.5186 771.5675 771.6368 771.7023
776.9861 776.9988 776.925 776.4581 776.0158 776.1476 776.428 776.6685 776.7091 776.6362 776.5109 776.3566 776.2001 776.0855 776.0747 776.1577 776.3038 776.4781 776.6057 776.5874 776.3946 776.0514 775.6184 775.1809 774.7891 774.4805 774.2321 774.0084 773.786 773.5547 773.3191 773.1028 772.9504 772.8238 772.661 772.483 772.302 772.1237 771.9527 771.7939 771.653 771.5334 771.4301 771.3146 771.1942 771.0778 770.9677 770.8625 770.7638 770.6756 770.6052 770.5609 770.5474 770.5641 770.6055 770.663 770.7291 770.8008 770.8759 770.953 771.0297 771.1029 771.175 771.258 771.3485 771.4291 771.4312 771.501 771.547
776.5264 776.2352 776.2311 776.4616 776.1443 776.085 776.1857 776.2957 776.3271 776.3026 776.2493 776.1742 776.0853 776.0015 775.9581 775.99 776.0602 776.129 776.1656 776.1068 775.9235 775.6261 775.2364 774.8328 774.485 774.2106 773.9849 773.7814 773.5803 773.3738 773.1617 772.9551 772.8342 772.7103 772.5582 772.3882 772.2128 772.0406 771.8773 771.7275 771.5977 771.4961 771.4294 771.3134 771.1888 771.0677 770.955 770.8505 770.7534 770.6647 770.5892 770.5344 770.5074 770.511 770.5414 770.5911 770.652 770.719 770.7903 770.8638 770.9388 771.0145 771.0919 771.1739 771.257 771.3282 771.3672 771.4293 771.4308
776.0585 775.8289 775.8543 776.0129 775.9161 775.86 775.8809 775.9126 775.9177 775.9166 775.9199 775.9153 775.8826 775.8268 775.7601 775.7308 775.7378 775.7331 775.6953 775.6023 775.4263 775.1797 774.8439 774.4897 774.1972 773.9613 773.7578 773.5753 773.4009 773.2312 773.0751 772.9465 772.7812 772.6264 772.4667 772.2986 772.1275 771.9606 771.8029 771.6591 771.5334 771.4307 771.3741 771.2797 771.1639 771.0432 770.9282 770.8236 770.7292 770.6434 770.5673 770.5063 770.4686 770.4591 770.477 770.5161 770.5696 770.6311 770.6988 770.7708 770.8456 770.9225 771.0015 771.0815 771.1597 771.2286 771.2831 771.3376 771.3708
775.7374 775.5521 775.55 775.6188 775.5894 775.5521 775.5475 775.5465 775.5302 775.5303 775.5599 775.5988 775.6072 775.568 775.5006 775.4291 775.3824 775.327 775.2346 775.118 774.9431 774.7748 774.4893 774.2034 773.9523 773.7373 773.5569 773.3933 773.2375 773.0884 772.9506 772.8312 772.6847 772.5311 772.3724 772.2087 772.0441 771.8843 771.7346 771.6005 771.4922 771.4294 771.3411 771.2394 771.1254 771.0059 770.8893 770.7833 770.6902 770.6084 770.5356 770.4736 770.4288 770.4084 770.4142 770.4421 770.4861 770.541 770.6036 770.6732 770.7479 770.8256 770.9045 770.9828 771.0573 771.1248 771.183 771.2352 771.276
775.5485 775.3746 775.3241 775.3275 775.2977 775.258 775.2374 775.2246 775.1995 775.1858 775.2153 775.2626 775.2879 775.2577 775.1817 775.115 775.0475 774.9601 774.8269 774.7145 774.5138 774.4546 774.2104 773.9562 773.7338 773.5464 773.3795 773.2299 773.0887 772.9501 772.8208 772.6991 772.5646 772.4202 772.269 772.1135 771.9582 771.8087 771.6697 771.5433 771.4308 771.3694 771.2836 771.1823 771.0715 770.9556 770.8402 770.7331 770.6395 770.5601 770.4919 770.4329 770.386 770.358 770.3535 770.371 770.4054 770.4519 770.5085 770.5736 770.6461 770.7234 770.8021 770.8787 770.9507 771.016 771.0735 771.123 771.1625
775.4335 775.263 775.1746 775.1298 775.0801 775.0265 774.9885 774.9675 774.9418 774.9142 774.9205 774.9512 774.9687 774.9317 774.8364 774.79 774.7512 774.6719 774.4988 774.4602 774.264 774.1201 773.9154 773.7062 773.5257 773.3694 773.2244 773.0846 772.9499 772.816 772.6869 772.5623 772.4334 772.2977 772.1558 772.0101 771.8659 771.7294 771.6074 771.5066 771.4292 771.3274 771.222 771.1141 771.0045 770.8937 770.7827 770.6768 770.5822 770.5027 770.4373 770.3826 770.3376 770.3064 770.2943 770.3027 770.3284 770.3669 770.4164 770.4757 770.5436 770.6182 770.6952 770.7704 770.8407 770.9041 770.9596 771.0067 771.0436
775.3476 775.1851 775.0751 774.9951 774.9265 774.8623 774.8118 774.7828 774.7571 774.7231 774.7009 774.6896 774.696 774.6486 774.4959 774.4798 774.4803 774.4612 774.2783 774.1487 773.9689 773.7977 773.6179 773.4496 773.3218 773.209 773.0812 772.9501 772.8174 772.6837 772.552 772.424 772.297 772.1677 772.0341 771.8979 771.7638 771.6376 771.5253 771.4301 771.3503 771.2525 771.1455 771.0359 770.9277 770.8219 770.7178 770.6163 770.5225 770.4418 770.3765 770.3242 770.2821 770.2512 770.235 770.2365 770.2548 770.2865 770.3292 770.3818 770.4438 770.5133 770.5868 770.6598 770.7283 770.7903 770.8444 770.89 770.9258
775.2659 775.113 774.9958 774.8966 774.8127 774.7437 774.6907 774.6615 774.6354 774.5913 774.5612 774.483 774.4808 774.467 774.2944 774.2023 774.155 774.0952 773.953 773.8116 773.6484 773.482 773.3307 773.1921 773.1266 773.0677 772.9506 772.8225 772.6884 772.5524 772.4181 772.2871 772.1595 772.0338 771.9069 771.7792 771.6538 771.5358 771.4301 771.3383 771.2539 771.1611 771.0593 770.9526 770.8466 770.7446 770.647 770.5524 770.4622 770.3813 770.3142 770.2616 770.221 770.1914 770.1741 770.1715 770.1838 770.2095 770.2463 770.2927 770.3484 770.412 770.4805 770.5497 770.616 770.6764 770.7296 770.7749 770.811
775.1689 775.0284 774.9083 774.8036 774.7131 774.6469 774.5893 774.575 774.5536 774.4816 774.4756 774.3472 774.2543 774.1636 774.0103 773.8873 773.8015 773.7136 773.5905 773.4731 773.3415 773.1927 773.0884 772.9554 772.9501 772.947 772.8297 772.6942 772.5558 772.4179 772.2828 772.1519 772.0248 771.901 771.7789 771.6583 771.5406 771.4301 771.331 771.2405 771.1534 771.0635 770.9681 770.8675 770.7652 770.6661 770.573 770.485 770.4008 770.3223 770.2542 770.1994 770.158 770.1284 770.1107 770.106 770.1145 770.1353 770.1669 770.208 770.2578 770.3152 770.3781 770.4431 770.5062 770.5648 770.6173 770.663 770.7004
775.0499 774.9246 774.8081 774.6993 774.6062 774.5575 774.4811 774.4799 774.4764 774.3625 774.2662 774.1207 773.9769 773.8356 773.6832 773.5508 773.4574 773.3628 773.2454 773.1755 773.0934 772.9567 772.9457 772.8406 772.7972 772.761 772.6646 772.541 772.4094 772.2761 772.1446 772.0168 771.8933 771.7729 771.6553 771.5405 771.4301 771.3273 771.2325 771.1436 771.0559 770.9666 770.8756 770.7816 770.6853 770.5896 770.499 770.4153 770.3369 770.2631 770.1963 770.1403 770.0964 770.0651 770.0461 770.0396 770.0456 770.063 770.0907 770.1271 770.1715 770.2231 770.2805 770.3409 770.401 770.4576 770.5094 770.5551 770.5942
774.91 774.7974 774.6994 774.5858 774.482 774.4771 774.379 774.3151 774.2505 774.1296 773.9943 773.8344 773.667 773.5055 773.3607 773.2279 773.163 773.0909 772.958 772.9503 772.9455 772.8342 772.7755 772.6936 772.6321 772.5721 772.4828 772.3719 772.2509 772.1273 772.0043 771.8832 771.7653 771.6504 771.5385 771.4301 771.3269 771.2292 771.1373 771.0499 770.9634 770.8752 770.786 770.6968 770.6067 770.5161 770.4281 770.3465 770.272 770.2029 770.1395 770.084 770.0387 770.0048 769.9832 769.9741 769.9774 769.9921 770.0165 770.0493 770.0892 770.1357 770.188 770.2439 770.3008 770.3557 770.4066 770.4526 770.4928
774.7534 774.6518 774.5918 774.48 774.3663 774.2939 774.186 774.0814 773.9736 773.8417 773.6956 773.5354 773.3626 773.2015 773.0944 772.9568 772.95 772.9456 772.8317 772.7821 772.7484 772.6696 772.599 772.524 772.4552 772.3848 772.2987 772.1973 772.0878 771.976 771.8647 771.7535 771.6434 771.5353 771.43 771.3286 771.2311 771.1375 771.0474 770.9607 770.8759 770.7902 770.7026 770.6155 770.5299 770.4449 770.3611 770.2812 770.2084 770.1426 770.0825 770.0292 769.9841 769.9487 769.9241 769.9116 769.9116 769.9232 769.9445 769.9741 770.0106 770.053 770.1006 770.1523 770.2061 770.2595 770.3097 770.3557 770.3967
