backend/lakes/data/Fickle Lake/fick_dem_tm.asc
ncols         109
nrows         84
xllcorner     378850
yllcorner     5919300
cellsize      50
NODATA_value  -9999
[rows 30 to 59 of 84, columns 0 to 68 of 109]
-9999 -9999 -9999 -9999 -9999 -9999 -9999 -9999 -9999 -9999 -9999 -9999 -9999 -9999 -9999 -9999 -9999 995.4014 995.7208 996.009 996.1686 996.2701 996.4074 996.5064 996.3915 995.9221 995.0895 994.0508 993.0208 991.7109 989.927 987.8317 985.726 983.9102 982.5212 981.748 980.7156 979.844 979.1149 979.0735 979.7417 980.0009 980.0305 979.9957 979.8033 979.0581 977.7825 977.1969 976.9845 976.38 975.755 975.4513 975.2658 975.0847 975.1365 975.053 974.8973 974.7331 974.5884 974.4873 974.4495 974.4435 974.4019 974.2078 973.8578 973.4697 973.1359 972.9145 972.8245
-9999 -9999 -9999 -9999 -9999 -9999 -9999 -9999 -9999 -9999 -9999 -9999 -9999 -9999 -9999 -9999 989.3311 988.9174 988.9031 989.0754 989.2657 989.5583 990.0795 990.6692 991.1255 991.3448 991.1537 990.6744 990.0121 988.9627 987.5004 985.8291 984.1849 982.835 981.7997 980.9446 979.9623 979.0223 978.3495 978.4498 979.7197 980.1478 980.1003 980.0021 979.6559 978.1559 977.1071 976.4457 976.0324 975.4535 974.8519 974.4417 974.1757 973.9044 973.8583 973.8365 973.8214 973.8176 973.821 973.8275 973.8369 973.848 973.8568 973.8245 973.5288 973.2087 972.9403 972.7724 972.7166
-9999 -9999 -9999 -9999 -9999 -9999 -9999 -9999 -9999 -9999 -9999 -9999 -9999 -9999 -9999 -9999 985.4016 984.3174 983.7678 983.5927 983.5536 983.7643 984.3968 985.116 985.7976 986.4278 986.685 986.6024 986.1276 985.2294 984.0798 982.8712 981.7227 980.8218 980.0603 979.5331 978.6807 977.9191 977.4886 978.069 979.5923 980.4631 980.4213 980.2739 979.8065 978.4634 977.0992 976.1883 975.6836 975.263 974.572 974.0831 973.8244 973.4836 973.3114 973.2389 973.2227 973.2412 973.2769 973.3156 973.3531 973.3905 973.4171 973.3878 973.2049 972.9785 972.7823 972.6558 972.6286
-9999 -9999 -9999 -9999 -9999 -9999 -9999 -9999 -9999 -9999 -9999 -9999 -9999 -9999 -9999 985.812 983.7033 982.0093 980.7724 980.0733 979.6663 979.7346 980.5286 981.038 981.5272 982.2424 982.6901 982.7773 982.2092 981.2087 980.1539 979.2835 978.604 977.989 977.6548 977.5768 977.0797 976.7457 976.7184 977.428 979.2603 981.1729 981.8256 981.036 979.9904 978.3685 976.9068 975.8978 975.3513 974.8713 974.3163 973.8617 973.6024 973.3258 973.123 973.0016 972.9408 972.9237 972.9347 972.9603 972.9943 973.0317 973.0549 973.0273 972.9159 972.77 972.6404 972.5602 972.5507
-9999 -9999 -9999 -9999 -9999 -9999 -9999 -9999 -9999 -9999 -9999 -9999 -9999 -9999 -9999 985.6494 983.3775 981.1946 979.5165 978.3645 977.6751 978.0658 979.101 979.9542 979.9614 980.1603 980.413 980.4612 979.3665 977.9979 976.7376 976.0184 975.6987 975.5074 975.4826 975.5844 975.4773 975.4106 975.6411 976.7831 978.9076 981.2419 983.2463 982.4704 980.592 978.1644 976.5712 975.4973 974.9425 974.526 974.1456 973.8483 973.5815 973.3263 973.115 972.9543 972.8419 972.773 972.7399 972.7315 972.7407 972.7604 972.7698 972.7426 972.6714 972.5906 972.5177 972.4816 972.4984
-9999 -9999 -9999 -9999 -9999 -9999 -9999 -9999 -9999 -9999 -9999 -9999 -9999 -9999 -9999 985.2332 983.0339 980.813 979.0259 977.7917 976.9614 977.5209 978.5277 978.998 978.9437 978.8359 978.7184 978.3659 977.1563 975.7559 974.5773 974.0781 973.8929 973.877 974.012 974.344 974.4259 974.4807 974.8686 975.9495 978.0138 980.4398 983.1599 983.2473 981.0015 978.1749 976.2929 975.2855 974.6656 974.2794 974.0085 973.8466 973.607 973.3742 973.1648 972.9844 972.8322 972.7159 972.639 972.5946 972.5737 972.5679 972.5598 972.5261 972.4728 972.4445 972.4237 972.4224 972.4686
-9999 -9999 -9999 -9999 -9999 -9999 -9999 -9999 -9999 -9999 -9999 -9999 -9999 -9999 -9999 983.8041 981.8659 979.992 978.4515 977.3843 976.8708 977.2689 977.8544 978.1345 978.0534 977.79 977.4056 976.7996 975.7513 974.7152 973.8412 973.3258 973.1191 973.1492 973.3817 973.7708 973.8291 973.8682 974.3108 975.3177 977.0625 979.3654 981.9916 982.2762 980.2999 977.8167 975.8766 974.9298 974.3929 974.0751 973.8532 973.7429 973.5762 973.3885 973.1985 973.0134 972.8416 972.6948 972.5871 972.5159 972.4727 972.4475 972.4236 972.3829 972.3304 972.35 972.3646 972.3893 972.4573
-9999 -9999 -9999 -9999 -9999 -9999 -9999 -9999 -9999 -9999 -9999 -9999 -9999 -9999 -9999 981.6861 980.1389 978.7441 977.4789 976.4128 976.2986 976.4863 977.1519 977.3153 977.1984 976.8958 976.4726 975.9344 975.2774 974.4715 973.7964 973.247 972.9503 972.8975 973.0259 973.2302 973.2997 973.4077 973.8171 974.623 976.0356 978.0945 980.1061 980.7652 978.9861 977.1282 975.5596 974.6984 974.2169 973.979 973.8475 973.6846 973.5198 973.3542 973.184 973.0065 972.83 972.6715 972.5488 972.4658 972.4144 972.3856 972.3597 972.33 972.3047 972.33 972.3453 972.3746 972.4625
-9999 -9999 -9999 -9999 -9999 -9999 -9999 -9999 -9999 -9999 -9999 -9999 -9999 -9999 -9999 979.3591 978.2789 977.3692 976.3112 975.6058 975.3947 975.6366 976.7402 976.646 976.4187 976.1346 975.7809 975.3938 974.9999 973.9788 973.8837 973.4293 973.0547 972.8864 972.8763 972.9204 972.9324 973.0083 973.304 973.9318 975.1191 976.7064 978.2 978.7538 977.7758 976.4312 975.3198 974.5457 974.0624 973.8481 973.6974 973.5446 973.397 973.254 973.1077 972.9485 972.7826 972.6276 972.5046 972.4215 972.3729 972.3544 972.33 972.2998 972.2847 972.3011 972.33 972.3596 972.4716
-9999 -9999 -9999 -9999 -9999 -9999 -9999 -9999 -9999 -9999 -9999 -9999 -9999 -9999 -9999 977.457 976.7968 976.1915 975.7297 975.1667 974.7917 974.7399 974.6448 974.5496 974.4545 974.3594 974.2642 974.1691 974.074 974.7914 974.2878 973.7844 973.262 972.9786 972.8727 972.8174 972.7598 972.7515 972.9076 973.3212 974.1038 975.3397 976.5959 977.2009 976.5656 975.5902 974.8939 974.3411 973.8704 973.6558 973.4871 973.3351 973.203 973.0864 972.9703 972.8408 972.6991 972.5617 972.4498 972.374 972.3301 972.33 972.2997 972.2696 972.2534 972.26 972.2817 972.3302 972.4817
-9999 -9999 -9999 -9999 -9999 -9999 -9999 -9999 -9999 -9999 -9999 -9999 -9999 -9999 -9999 -9999 976.0757 975.9822 975.9527 975.4796 975.2604 975.5236 976.437 976.2933 975.9072 975.5771 975.4 975.381 975.3904 975.3044 974.6943 973.8908 973.3698 973.1078 972.97 972.8896 972.7863 972.6899 972.7068 972.9236 973.399 974.144 975.0906 975.4641 975.2468 974.7584 974.4203 974.1593 973.8323 973.4962 973.2526 973.0771 972.9516 972.8616 972.7831 972.694 972.5887 972.48 972.3901 972.33 972.2942 972.2823 972.2599 972.2358 972.2233 972.2278 972.2555 972.33 972.5076
-9999 -9999 -9999 -9999 -9999 -9999 -9999 -9999 -9999 -9999 -9999 -9999 -9999 -9999 -9999 -9999 975.9932 976.1185 976.2815 976.2057 976.3124 976.8115 977.3338 976.8842 976.2739 975.8444 975.7382 975.8605 975.9454 975.7703 975.1906 974.1736 973.6053 973.3551 973.1955 973.1098 973.0033 972.8353 972.7278 972.7776 973.0154 973.413 973.8521 973.9677 973.8641 973.7053 973.6931 973.7315 973.4487 973.1571 972.9354 972.7771 972.6687 972.6095 972.5706 972.5292 972.4697 972.3943 972.33 972.2861 972.2581 972.2425 972.2256 972.2104 972.2035 972.2135 972.2466 972.33 972.5319
-9999 -9999 -9999 -9999 -9999 -9999 -9999 -9999 -9999 -9999 -9999 -9999 -9999 -9999 -9999 -9999 976.0049 976.4742 977.0333 977.5709 977.9066 978.2037 978.335 977.7322 976.9598 976.4346 976.425 976.7267 976.8379 976.4647 975.8051 975.009 974.1437 973.8135 973.5301 973.46 973.3774 973.1413 972.9498 972.8876 972.9482 973.0768 973.1622 973.0366 972.7407 972.4607 972.4978 972.7959 972.7911 972.6897 972.5835 972.4916 972.4098 972.3829 972.3758 972.3797 972.3723 972.3301 972.2899 972.2551 972.2318 972.217 972.2058 972.1986 972.2019 972.2222 972.2639 972.3314 972.5579
-9999 -9999 -9999 -9999 -9999 -9999 -9999 -9999 -9999 -9999 -9999 -9999 -9999 -9999 -9999 -9999 -9999 977.0568 977.9103 978.7661 979.5082 979.8931 979.942 979.2866 978.2441 977.5297 977.6355 978.165 978.2663 977.5173 976.5746 975.7022 975.0284 974.3334 973.8752 973.841 973.8226 973.5265 973.3328 973.2593 973.2369 973.2 973.0884 972.7995 972.3463 972.0827 972.1119 972.3242 972.3343 972.3273 972.3286 972.3299 972.2618 972.2581 972.2476 972.2797 972.3311 972.33 972.2814 972.2411 972.2188 972.208 972.2021 972.2026 972.2153 972.2526 972.3297 972.4153 972.6157
-9999 -9999 -9999 -9999 -9999 -9999 -9999 -9999 -9999 -9999 -9999 -9999 -9999 -9999 -9999 -9999 -9999 977.9354 978.9496 980.0753 981.0504 981.6779 981.8786 981.0952 980.1107 979.5839 979.8508 980.1837 980.2728 979.2498 977.68 976.3994 975.5049 974.8255 974.3075 974.0727 973.9823 973.8688 973.8723 973.9498 973.9373 973.8007 973.6316 973.3387 972.8551 972.4608 972.3452 972.3356 972.3244 972.1921 972.2482 972.4125 972.3607 972.324 972.2216 972.2344 972.3292 972.3299 972.2656 972.2302 972.2157 972.2131 972.2143 972.2192 972.2318 972.2587 972.33 972.4614 972.6635
-9999 -9999 -9999 -9999 -9999 -9999 -9999 -9999 -9999 -9999 -9999 -9999 -9999 -9999 -9999 -9999 -9999 -9999 980.5637 982.0741 983.2733 983.9758 984.0162 983.4706 982.6444 982.1729 982.5615 982.4396 982.1455 981.11 979.3693 977.6335 976.6033 975.7856 975.0345 974.5244 974.3643 974.5021 974.7264 975.1186 975.1473 974.8018 974.6367 974.4468 974.0027 973.6909 973.3042 972.9779 972.7635 972.5359 972.7327 973.1899 973.1406 972.5958 972.3206 972.2353 972.3289 972.2418 972.1984 972.2142 972.2249 972.233 972.24 972.2523 972.2657 972.2723 972.3306 972.4986 972.7075
-9999 -9999 -9999 -9999 -9999 -9999 -9999 -9999 -9999 -9999 -9999 -9999 -9999 -9999 -9999 -9999 -9999 -9999 -9999 -9999 987.0704 987.9713 987.9666 987.3434 986.4222 985.7501 985.5599 985.2917 984.7264 983.552 981.7496 979.8459 978.6969 977.7628 976.3492 975.3332 974.9631 975.2327 975.4357 975.9149 976.1666 975.9689 975.8196 975.6623 975.3393 975.0685 974.5457 974.054 973.895 973.9146 974.3298 974.833 974.701 973.7791 972.7687 972.3497 972.1788 972.0795 972.1113 972.2263 972.2603 972.2731 972.275 972.2975 972.3299 972.3302 972.4136 972.5767 972.7719
-9999 -9999 -9999 -9999 -9999 -9999 -9999 -9999 -9999 -9999 -9999 -9999 -9999 -9999 -9999 -9999 -9999 -9999 -9999 -9999 -9999 -9999 993.7833 993.1891 992.1495 991.1491 990.3976 989.6815 988.7635 987.3957 985.4443 983.3025 981.8224 980.7195 978.4895 976.6178 975.7524 975.8003 976.11 976.7113 977.2168 977.0298 976.9077 976.7573 976.3491 976.0637 975.6771 975.3377 975.2452 975.2725 975.4875 975.7529 975.6337 975.0037 973.9338 973.0476 972.388 972.1078 972.1312 972.3271 972.3301 972.33 972.3059 972.33 972.3725 972.4203 972.5237 972.6815 972.8601
-9999 -9999 -9999 -9999 -9999 -9999 -9999 -9999 -9999 -9999 -9999 -9999 -9999 -9999 -9999 -9999 -9999 -9999 -9999 -9999 -9999 -9999 -9999 -9999 -9999 998.2731 997.1722 996.1046 994.8262 993.1361 990.8342 988.0712 985.5483 983.4567 980.9808 978.8129 977.4739 976.9797 977.0089 977.5524 978.0912 977.9983 977.8044 977.4946 977.0275 976.864 976.6036 976.3029 976.1783 976.0988 976.1619 976.2634 976.1703 975.7628 975.0489 974.0298 973.1215 972.5318 972.3644 972.4309 972.4133 972.3718 972.3301 972.3644 972.4292 972.5173 972.6438 972.8041 972.972
-9999 -9999 -9999 -9999 -9999 -9999 -9999 -9999 -9999 -9999 -9999 -9999 -9999 -9999 -9999 -9999 -9999 -9999 -9999 -9999 -9999 -9999 -9999 -9999 -9999 -9999 -9999 1003.911 1002.353 1000.302 997.6125 994.2612 990.7424 987.4467 984.4257 981.8317 980.0048 978.9501 978.4575 978.7988 979.0568 978.8491 978.6073 978.2204 977.7755 977.5429 977.3708 977.0588 976.9334 976.6459 976.5547 976.5155 976.4238 976.1815 975.7432 975.0936 974.2097 973.7208 973.1974 972.8824 972.6671 972.5228 972.4437 972.4497 972.5153 972.6254 972.7732 972.9443 973.1104
-9999 -9999 -9999 -9999 -9999 -9999 -9999 -9999 -9999 -9999 -9999 -9999 -9999 -9999 -9999 -9999 -9999 -9999 -9999 -9999 -9999 -9999 -9999 -9999 -9999 -9999 -9999 -9999 1010.378 1007.996 1004.945 1001.216 997.0502 992.9105 989.0737 985.8915 983.5819 982.0605 981.1125 980.6001 980.1196 979.6367 979.3417 978.8025 978.3302 978.0407 977.8896 977.9274 977.7972 977.1315 976.8981 976.6869 976.5352 976.3788 976.1463 975.7871 975.3315 974.958 974.1302 973.4919 973.054 972.7711 972.6146 972.5719 972.6215 972.7415 972.9097 973.1003 973.2772
-9999 -9999 -9999 -9999 -9999 -9999 -9999 -9999 -9999 -9999 -9999 -9999 -9999 -9999 -9999 -9999 -9999 -9999 -9999 -9999 -9999 -9999 -9999 -9999 -9999 -9999 -9999 -9999 1017.981 1015.376 1012.003 1008.038 1003.628 999.1089 994.8152 991.1725 988.3557 986.2431 984.5646 983.0881 981.7321 980.5894 979.959 979.2949 978.7759 978.4707 978.3603 978.3919 978.2928 977.9066 977.4257 976.9355 976.6591 976.4935 976.3732 976.1617 975.8671 975.5386 975.0107 974.1609 973.5337 973.092 972.8257 972.7154 972.7345 972.8554 973.0449 973.2664 973.473
-9999 -9999 -9999 -9999 -9999 -9999 -9999 -9999 -9999 -9999 -9999 -9999 -9999 -9999 -9999 -9999 -9999 -9999 -9999 -9999 -9999 -9999 -9999 -9999 -9999 -9999 -9999 -9999 -9999 1021.78 1018.26 1014.149 1009.696 1005.108 1000.652 996.6902 993.4167 990.7027 988.2886 986.0831 983.9873 982.3083 981.1109 980.0626 979.318 978.9129 978.7844 978.7521 978.6611 978.3879 977.97 977.42 976.9263 976.6589 976.5706 976.3718 976.0836 975.7531 975.2413 975.0105 974.1541 973.4821 973.063 972.868 972.8453 972.9563 973.1624 973.4226 973.6838
-9999 -9999 -9999 -9999 -9999 -9999 -9999 -9999 -9999 -9999 -9999 -9999 -9999 -9999 -9999 -9999 -9999 -9999 -9999 -9999 -9999 -9999 -9999 -9999 -9999 -9999 -9999 -9999 -9999 -9999 1023.421 1019.384 1015.015 1010.504 1006.039 1001.872 998.2258 995.0419 992.1195 989.3784 986.8277 984.596 -9999 981.3747 980.1575 979.4803 979.2504 979.1033 979.0103 978.7817 978.4196 977.9611 977.4103 976.9556 976.8805 976.6039 976.2874 975.4999 976.0443 975.7219 974.9969 973.9005 973.2996 973.0214 972.9535 973.0419 973.245 973.5273 973.8438
-9999 -9999 -9999 -9999 -9999 -9999 -9999 -9999 -9999 -9999 -9999 -9999 -9999 -9999 -9999 -9999 -9999 -9999 -9999 -9999 -9999 -9999 -9999 -9999 -9999 -9999 -9999 -9999 -9999 -9999 -9999 -9999 1019.609 1015.287 1010.913 1006.661 1002.717 999.1585 995.9155 992.8856 -9999 -9999 -9999 -9999 -9999 -9999 979.7648 979.4753 979.4058 979.1604 978.8031 978.395 977.965 977.5146 977.2235 976.8809 976.4661 975.7585 976.7813 976.2078 975.2797 974.0886 973.5004 973.1917 973.078 973.1296 973.2994 973.55 973.8485
-9999 -9999 -9999 -9999 -9999 -9999 -9999 -9999 -9999 -9999 -9999 -9999 -9999 -9999 -9999 -9999 -9999 -9999 -9999 -9999 -9999 -9999 -9999 -9999 -9999 -9999 -9999 -9999 -9999 -9999 -9999 -9999 -9999 -9999 -9999 1011.143 1007.052 1003.236 -9999 -9999 -9999 -9999 -9999 -9999 -9999 -9999 -9999 -9999 979.9224 979.5697 979.149 978.7349 978.3467 977.9811 977.6177 977.2697 976.6741 976.0172 976.8809 976.338 975.4002 974.4895 973.8621 973.4672 973.2664 973.2673 973.3951 973.6108 973.8726
-9999 -9999 -9999 -9999 -9999 -9999 -9999 -9999 -9999 -9999 -9999 -9999 -9999 -9999 -9999 -9999 -9999 -9999 -9999 -9999 -9999 -9999 -9999 -9999 -9999 -9999 -9999 -9999 -9999 -9999 -9999 -9999 -9999 -9999 -9999 -9999 -9999 -9999 -9999 -9999 -9999 -9999 -9999 -9999 -9999 -9999 -9999 -9999 -9999 980.0222 979.5173 979.0533 978.6548 978.3116 978.0266 977.9638 977.6703 976.8964 976.7798 976.2081 975.4455 974.8932 974.3488 973.8605 973.5398 973.4974 973.5944 973.8445 974.1825
-9999 -9999 -9999 -9999 -9999 -9999 -9999 -9999 -9999 -9999 -9999 -9999 -9999 -9999 -9999 -9999 -9999 -9999 -9999 -9999 -9999 -9999 -9999 -9999 -9999 -9999 -9999 -9999 -9999 -9999 -9999 -9999 -9999 -9999 -9999 -9999 -9999 -9999 -9999 -9999 -9999 -9999 -9999 -9999 -9999 -9999 -9999 -9999 -9999 -9999 980.0718 979.4713 979.0096 978.6674 978.4294 978.2828 977.9598 977.3828 976.7165 976.0806 975.6066 975.3464 974.9115 974.3903 973.9167 973.8405 973.8533 974.0961 974.5084
-9999 -9999 -9999 -9999 -9999 -9999 -9999 -9999 -9999 -9999 -9999 -9999 -9999 -9999 -9999 -9999 -9999 -9999 -9999 -9999 -9999 -9999 -9999 -9999 -9999 -9999 -9999 -9999 -9999 -9999 -9999 -9999 -9999 -9999 -9999 -9999 -9999 -9999 -9999 -9999 -9999 -9999 -9999 -9999 -9999 -9999 -9999 -9999 -9999 -9999 -9999 -9999 979.4609 979.05 978.7606 978.488 978.0396 977.4466 976.4741 975.799 975.5378 975.4741 975.3593 974.9858 974.5676 974.299 974.1896 974.3585 974.7842
-9999 -9999 -9999 -9999 -9999 -9999 -9999 -9999 -9999 -9999 -9999 -9999 -9999 -9999 -9999 -9999 -9999 -9999 -9999 -9999 -9999 -9999 -9999 -9999 -9999 -9999 -9999 -9999 -9999 -9999 -9999 -9999 -9999 -9999 -9999 -9999 -9999 -9999 -9999 -9999 -9999 -9999 -9999 -9999 -9999 -9999 -9999 -9999 -9999 -9999 -9999 -9999 -9999 979.4968 979.1293 978.7868 978.3219 977.6449 976.2448 975.4872 975.3851 975.4181 975.4554 975.3704 975.1055 974.7585 974.5167 974.6005 974.9888
