backend/lakes/data/Cache Lake/cach_dem_tm.asc
ncols         74
nrows         103
xllcorner     627200
yllcorner     6026600
cellsize      50
NODATA_value  -9999
[rows 31 to 61 of 103, columns 0 to 68 of 74]
-9999 -9999 -9999 -9999 -9999 -9999 -9999 -9999 -9999 -9999 -9999 -9999 -9999 -9999 -9999 -9999 675.2406 674.9879 674.368 673.404 672.1351 671.0337 670.4471 670.1259 670.0364 670.0819 670.1705 670.2202 670.2581 670.2745 670.2696 670.2488 670.2216 670.1998 670.1912 670.188 670.1896 670.185 670.1552 670.0737 669.9067 669.6285 669.5682 669.76 669.8573 669.9501 670.1683 670.6106 671.8562 673.897 675.6595 676.7425 677.3268 677.6866 -9999 -9999 -9999 -9999 -9999 -9999 -9999 -9999 -9999 -9999 -9999 -9999 -9999 -9999 -9999
-9999 -9999 -9999 -9999 -9999 -9999 -9999 -9999 -9999 -9999 -9999 -9999 -9999 -9999 -9999 675.0045 674.799 674.4183 673.7666 672.7432 671.5618 670.7084 670.2423 670.0193 669.9918 670.0877 670.2188 670.2594 670.2781 670.2803 670.2646 670.2334 670.1958 670.1653 670.1512 670.1522 670.1614 670.1635 670.1383 670.0604 669.9005 669.6128 669.5905 669.7575 669.7943 669.8234 669.97 670.4139 671.6469 673.7392 675.8712 677.3436 678.2312 678.6558 678.2191 -9999 -9999 -9999 -9999 -9999 -9999 -9999 -9999 -9999 -9999 -9999 -9999 -9999 -9999
-9999 -9999 -9999 -9999 -9999 -9999 -9999 -9999 -9999 -9999 -9999 -9999 -9999 -9999 -9999 674.9978 674.7083 674.146 673.3479 672.2479 671.172 670.5078 670.1113 669.9426 669.9558 670.0787 670.2197 670.2758 670.2904 670.2827 670.2563 670.2137 670.165 670.1257 670.1081 670.1125 670.1293 670.14 670.1237 670.0553 669.9022 669.6133 669.5974 669.7612 669.7742 669.7474 669.8352 670.2444 671.3284 673.2943 675.4868 677.0215 678.145 678.8315 678.8232 678.1254 -9999 -9999 -9999 -9999 -9999 -9999 -9999 -9999 -9999 -9999 -9999 -9999 -9999
-9999 -9999 -9999 -9999 -9999 -9999 -9999 -9999 -9999 -9999 -9999 -9999 -9999 -9999 -9999 675.1675 674.8747 674.1686 673.2724 672.1821 671.1004 670.4671 670.0556 669.8925 669.9242 670.0662 670.2195 670.2837 670.2968 670.282 670.2465 670.1936 670.1344 670.0878 670.0675 670.0742 670.0955 670.1119 670.1024 670.0436 669.9009 669.6112 669.6204 669.8993 669.833 669.7361 669.7545 670.0483 670.8611 672.4601 674.3651 675.6893 677.3584 678.5061 678.9635 678.8076 -9999 -9999 -9999 -9999 -9999 -9999 -9999 -9999 -9999 -9999 -9999 -9999 -9999
-9999 -9999 -9999 -9999 -9999 -9999 -9999 -9999 -9999 -9999 -9999 -9999 -9999 -9999 -9999 675.4597 675.1676 674.5681 673.7077 672.5579 671.265 670.4857 670.0184 669.8437 669.8877 670.0497 670.2193 670.2893 670.3005 670.2796 670.2365 670.1752 670.1075 670.0547 670.0324 670.04 670.0621 670.0786 670.072 670.0236 669.9012 669.6319 669.7301 669.9094 669.8497 669.7477 669.7218 669.8723 670.3469 671.3985 672.9708 674.8042 676.6133 677.9948 678.7761 679.0236 678.9724 -9999 -9999 -9999 -9999 -9999 -9999 -9999 -9999 -9999 -9999 -9999 -9999
-9999 -9999 -9999 -9999 -9999 -9999 -9999 -9999 -9999 -9999 -9999 -9999 -9999 -9999 -9999 675.9539 675.7983 675.1622 674.2234 672.9724 671.4459 670.5006 669.9713 669.7849 669.8427 670.0287 670.2191 670.2939 670.3025 670.2764 670.2267 670.1591 670.0858 670.0285 670.0043 670.0108 670.0296 670.0406 670.0334 670.0055 669.9576 669.9022 669.9089 669.9327 669.8713 669.7941 669.7661 669.8258 670.0209 670.5948 671.758 673.5112 675.6342 677.2107 678.1811 678.6378 678.8085 -9999 -9999 -9999 -9999 -9999 -9999 -9999 -9999 -9999 -9999 -9999 -9999
-9999 -9999 -9999 -9999 -9999 -9999 -9999 -9999 -9999 -9999 -9999 -9999 -9999 -9999 -9999 676.3997 676.3168 675.7926 674.7737 673.269 671.5608 670.4948 669.9175 669.7223 669.7924 670.0033 670.2192 670.2947 670.3 670.2708 670.2169 670.1447 670.068 670.0084 669.9823 669.9858 669.9973 669.9958 669.9769 669.9502 669.9257 669.91 669.9292 669.9349 669.8994 669.8627 669.8643 669.9092 669.9291 670.2398 670.9661 672.3461 674.3223 676.0602 677.0625 677.3889 677.6601 678.1197 -9999 -9999 -9999 -9999 -9999 -9999 -9999 -9999 -9999 -9999 -9999
-9999 -9999 -9999 -9999 -9999 -9999 -9999 -9999 -9999 -9999 -9999 -9999 -9999 -9999 -9999 676.9485 676.824 676.3242 675.2911 673.5475 671.7086 670.5234 669.8981 669.6809 669.7443 669.9666 670.2129 670.2794 670.2875 670.2609 670.207 670.1322 670.0531 669.9919 669.964 669.9636 669.9653 669.9468 669.9077 669.8681 669.8502 669.8604 669.8938 669.9172 669.9149 669.9069 669.9099 669.8907 669.9121 670.1887 670.5776 671.448 672.9882 674.5234 675.553 675.8403 676.2069 676.7806 -9999 -9999 -9999 -9999 -9999 -9999 -9999 -9999 -9999 -9999 -9999
-9999 -9999 -9999 -9999 -9999 -9999 -9999 -9999 -9999 -9999 -9999 -9999 -9999 -9999 -9999 677.6165 677.3982 676.9419 675.923 674.0946 672.0986 670.7048 669.9842 669.696 669.7051 669.8884 670.1083 670.2208 670.2625 670.2488 670.1985 670.1227 670.041 669.9774 669.9467 669.9413 669.9337 669.8983 669.8362 669.7759 669.7511 669.7737 669.827 669.8782 669.9071 669.9164 669.91 669.8737 669.9143 670.2009 670.3798 670.863 671.8458 673.2699 674.3072 674.5576 675.0623 675.6177 -9999 -9999 -9999 -9999 -9999 -9999 -9999 -9999 -9999 -9999 -9999
-9999 -9999 -9999 -9999 -9999 -9999 -9999 -9999 -9999 -9999 -9999 -9999 -9999 -9999 -9999 678.4255 678.3329 677.8295 676.7446 674.9546 672.8028 671.1129 670.2222 669.7896 669.6968 669.8224 670.0355 670.2168 670.2558 670.244 670.1941 670.1169 670.0322 669.9646 669.9288 669.9175 669.9023 669.8553 669.7752 669.6936 669.6537 669.677 669.7469 669.8256 669.8842 669.9126 669.91 669.8686 669.9153 670.2075 670.2855 670.5438 671.2063 672.4793 673.4275 673.519 673.9485 674.627 -9999 -9999 -9999 -9999 -9999 -9999 -9999 -9999 -9999 -9999 -9999
-9999 -9999 -9999 -9999 -9999 -9999 -9999 -9999 -9999 -9999 -9999 -9999 -9999 -9999 -9999 679.6459 679.6781 679.0983 677.8302 675.8825 673.5848 671.6441 670.546 669.9133 669.6974 669.7554 669.9429 670.1313 670.2202 670.2349 670.1923 670.114 670.0261 669.9536 669.911 669.8922 669.8715 669.8206 669.734 669.64 669.5853 669.6003 669.6769 669.7759 669.8587 669.9049 669.91 669.876 669.9194 670.2081 670.2875 670.5165 671.1232 672.2802 672.942 672.9886 673.1714 673.8199 -9999 -9999 -9999 -9999 -9999 -9999 -9999 -9999 -9999 -9999 -9999
-9999 -9999 -9999 -9999 -9999 -9999 -9999 -9999 -9999 -9999 -9999 -9999 -9999 -9999 -9999 -9999 681.2116 680.491 678.9601 676.7557 674.2687 672.1024 670.6953 669.95 669.6672 669.6848 669.8583 670.0664 670.2187 670.2379 670.1948 670.1141 670.0216 669.944 669.8943 669.8672 669.8422 669.7943 669.7147 669.624 669.5637 669.5688 669.6407 669.7469 669.8441 669.9019 669.91 669.9099 669.986 670.2122 670.3549 670.6716 671.3387 672.4529 672.8351 672.8066 672.8293 673.2242 -9999 -9999 -9999 -9999 -9999 -9999 -9999 -9999 -9999 -9999 -9999
-9999 -9999 -9999 -9999 -9999 -9999 -9999 -9999 -9999 -9999 -9999 -9999 -9999 -9999 -9999 -9999 682.4562 681.6056 679.8346 677.3544 674.6367 672.2847 670.7429 669.9348 669.6224 669.6219 669.7869 669.9986 670.1642 670.22 670.1918 670.1129 670.0176 669.9353 669.88 669.8461 669.8176 669.7766 669.7139 669.6414 669.5898 669.5902 669.651 669.7501 669.8483 669.9099 669.9037 669.91 670.0023 670.2117 670.5123 671.0153 671.7887 672.791 673.0859 673.0079 672.912 673.0978 -9999 -9999 -9999 -9999 -9999 -9999 -9999 -9999 -9999 -9999 -9999
-9999 -9999 -9999 -9999 -9999 -9999 -9999 -9999 -9999 -9999 -9999 -9999 -9999 -9999 -9999 -9999 682.7695 681.9149 680.0622 677.4682 674.6194 672.1785 670.6608 669.8846 669.5872 669.5881 669.7501 669.962 670.1371 670.2199 670.1926 670.1113 670.0128 669.9277 669.8699 669.8334 669.804 669.7706 669.7285 669.683 669.6515 669.6548 669.7026 669.7821 669.8628 669.91 669.892 669.9098 670.0408 670.2819 670.8681 671.7825 672.7917 673.6783 673.8536 673.7102 673.4934 673.4133 -9999 -9999 -9999 -9999 -9999 -9999 -9999 -9999 -9999 -9999 -9999
-9999 -9999 -9999 -9999 -9999 -9999 -9999 -9999 -9999 -9999 -9999 -9999 -9999 -9999 -9999 -9999 682.1235 681.192 679.4359 676.9949 674.2778 671.9521 670.5685 669.8621 669.5948 669.6032 669.7617 669.9679 670.1395 670.22 670.1885 670.1045 670.0054 669.9202 669.8641 669.8317 669.8077 669.7841 669.7616 669.7434 669.7355 669.7459 669.7808 669.8342 669.8862 669.91 669.8766 669.9133 670.1797 670.5734 671.4653 672.7315 674.063 675.0615 675.2671 675.0311 674.7586 -9999 -9999 -9999 -9999 -9999 -9999 -9999 -9999 -9999 -9999 -9999 -9999
-9999 -9999 -9999 -9999 -9999 -9999 -9999 -9999 -9999 -9999 -9999 -9999 -9999 -9999 -9999 -9999 680.9254 679.8417 678.2452 676.1101 673.7056 671.6547 670.4973 669.8879 669.6558 669.6702 669.8215 670.015 670.1694 670.22 670.1783 670.0912 669.9941 669.913 669.8627 669.8405 669.8311 669.8239 669.8204 669.8251 669.8364 669.8508 669.8707 669.8949 669.9135 669.9099 669.8649 669.9119 670.2109 670.7877 671.9941 673.6942 675.4167 676.6956 677.0892 676.9487 676.6416 -9999 -9999 -9999 -9999 -9999 -9999 -9999 -9999 -9999 -9999 -9999 -9999
-9999 -9999 -9999 -9999 -9999 -9999 -9999 -9999 -9999 -9999 -9999 -9999 -9999 -9999 -9999 -9999 679.652 678.4244 676.9786 675.1238 673.0416 671.3454 670.4584 669.9542 669.7554 669.7725 669.913 670.0882 670.2192 670.2273 670.1666 670.0739 669.9802 669.9069 669.8658 669.8574 669.8687 669.8865 669.9069 669.9321 669.9557 669.9637 669.9623 669.9551 669.9399 669.9099 669.858 669.9102 670.203 670.842 672.2788 674.3787 676.4988 678.0706 678.7054 678.7386 -9999 -9999 -9999 -9999 -9999 -9999 -9999 -9999 -9999 -9999 -9999 -9999 -9999
-9999 -9999 -9999 -9999 -9999 -9999 -9999 -9999 -9999 -9999 -9999 -9999 -9999 -9999 -9999 -9999 678.639 677.3719 676.0453 674.3824 672.5366 671.1259 670.4562 670.0375 669.8658 669.8828 670.0085 670.152 670.22 670.2124 670.1464 670.0537 669.9657 669.9028 669.874 669.8799 669.9124 669.9581 670.0078 670.0572 670.0914 670.0795 670.0482 670.0086 669.9625 669.9099 669.8544 669.9097 670.194 670.8392 672.3531 674.6674 676.9942 678.6326 679.3834 679.8194 -9999 -9999 -9999 -9999 -9999 -9999 -9999 -9999 -9999 -9999 -9999 -9999 -9999
-9999 -9999 -9999 -9999 -9999 -9999 -9999 -9999 -9999 -9999 -9999 -9999 -9999 -9999 -9999 -9999 678.127 676.8903 675.6326 674.053 672.314 671.0358 670.4712 670.1076 669.9578 669.9758 670.0916 670.2191 670.2339 670.1956 670.1232 670.0353 669.9555 669.9039 669.8877 669.9069 669.9554 670.022 670.0963 670.1697 670.219 670.1786 670.1173 670.0496 669.9791 669.9099 669.8519 669.9099 670.1934 670.8235 672.3278 674.6541 677.0446 678.801 679.394 680.0478 -9999 -9999 -9999 -9999 -9999 -9999 -9999 -9999 -9999 -9999 -9999 -9999 -9999
-9999 -9999 -9999 -9999 -9999 -9999 -9999 -9999 -9999 -9999 -9999 -9999 -9999 -9999 -9999 -9999 678.2551 676.8986 675.5762 673.993 672.2841 671.0343 670.4832 670.1484 670.0156 670.0327 670.1289 670.22 670.2185 670.1666 670.097 670.024 669.9586 669.918 669.9102 669.9384 669.9955 670.0691 670.1476 670.2198 670.2495 670.2198 670.1559 670.074 669.9885 669.9099 669.8507 669.9108 670.1979 670.7736 672.1351 674.4418 676.9519 678.902 679.7712 680.1246 -9999 -9999 -9999 -9999 -9999 -9999 -9999 -9999 -9999 -9999 -9999 -9999 -9999
-9999 -9999 -9999 -9999 -9999 -9999 -9999 -9999 -9999 -9999 -9999 -9999 -9999 -9999 -9999 -9999 678.7863 677.1979 675.7042 674.0674 672.3713 671.1001 670.4965 670.1675 670.0469 670.0651 670.1487 670.22 670.1996 670.1377 670.0776 670.0313 669.9882 669.9595 669.9493 669.9778 670.0378 670.1076 670.1724 670.2201 670.2511 670.2202 670.1764 670.0869 669.9919 669.9099 669.8508 669.9117 670.1934 670.6163 671.7549 674.0309 676.7573 678.8846 679.8712 679.9094 679.0987 -9999 -9999 -9999 -9999 -9999 -9999 -9999 -9999 -9999 -9999 -9999 -9999
-9999 -9999 -9999 -9999 -9999 -9999 -9999 -9999 -9999 -9999 -9999 -9999 -9999 -9999 -9999 -9999 679.4506 677.6387 675.9276 674.1956 672.5235 671.2164 670.5201 670.1817 670.0686 670.0876 670.1622 670.22 670.1838 670.1185 670.0808 670.0811 670.0653 670.0494 670.0159 670.0306 670.0914 670.1584 670.2198 670.2739 670.3193 670.2836 670.2186 670.0947 669.9896 669.9099 669.8517 669.9131 670.1929 670.4755 671.4009 673.5513 676.4479 678.7875 679.7809 679.4709 678.4048 -9999 -9999 -9999 -9999 -9999 -9999 -9999 -9999 -9999 -9999 -9999 -9999
-9999 -9999 -9999 -9999 -9999 -9999 -9999 -9999 -9999 -9999 -9999 -9999 -9999 -9999 -9999 681.877 680.1699 678.1938 676.2131 674.2704 672.4849 671.1494 670.5049 670.193 670.0948 670.1136 670.176 670.22 670.1747 670.1161 670.1276 670.2212 670.226 670.2173 670.1136 670.0952 670.1572 670.2195 670.2844 670.3832 670.4919 670.3864 670.2184 670.073 669.9757 669.9098 669.8522 669.9138 670.1946 670.4215 671.2722 673.3337 676.2124 678.6649 679.7206 679.0232 677.8237 -9999 -9999 -9999 -9999 -9999 -9999 -9999 -9999 -9999 -9999 -9999 -9999
-9999 -9999 -9999 -9999 -9999 -9999 -9999 -9999 -9999 -9999 -9999 -9999 -9999 -9999 -9999 682.4213 680.8829 678.8063 676.5535 674.3345 672.4054 671.0668 670.4936 670.2207 670.1428 670.1561 670.1956 670.22 670.1826 670.1447 670.2526 670.5431 670.549 670.4891 670.2416 670.1598 670.2192 670.2617 670.3806 670.6013 670.9145 670.6171 670.2346 670.0582 669.9673 669.9097 669.8491 669.913 670.1918 670.4769 671.3975 673.465 676.1634 678.3577 679.0364 678.361 677.2834 -9999 -9999 -9999 -9999 -9999 -9999 -9999 -9999 -9999 -9999 -9999 -9999
-9999 -9999 -9999 -9999 -9999 -9999 -9999 -9999 -9999 -9999 -9999 -9999 -9999 -9999 -9999 682.7242 681.4048 679.306 676.8597 674.404 672.3986 671.0361 670.4969 670.2734 670.2271 670.2273 670.2275 670.2216 670.2199 670.2298 670.5569 671.0708 671.0421 670.8248 670.493 670.2269 670.2 670.2814 670.5254 671.0498 671.8853 671.1131 670.371 670.1151 669.9943 669.9092 669.839 669.9098 670.1855 670.6322 671.7811 673.9348 676.4516 678.3103 678.7235 678.0511 677.0297 -9999 -9999 -9999 -9999 -9999 -9999 -9999 -9999 -9999 -9999 -9999 -9999
-9999 -9999 -9999 -9999 -9999 -9999 -9999 -9999 -9999 -9999 -9999 -9999 -9999 -9999 -9999 682.3507 681.4359 679.5207 677.0765 674.5294 672.4351 671.031 670.5054 670.3525 670.3578 670.3333 670.2761 670.2188 670.2114 670.3215 670.7046 671.2709 671.6776 671.17 670.6817 670.356 670.2371 670.3173 670.553 670.9418 671.2562 670.8061 670.4323 670.2183 670.0687 669.9128 669.8333 669.9075 670.1945 670.8795 672.4053 674.7141 677.0618 678.6047 678.7617 678.0133 -9999 -9999 -9999 -9999 -9999 -9999 -9999 -9999 -9999 -9999 -9999 -9999 -9999
-9999 -9999 -9999 -9999 -9999 -9999 -9999 -9999 -9999 -9999 -9999 -9999 -9999 -9999 -9999 681.5525 681.1395 679.5474 677.2488 674.7287 672.4999 671.0418 670.5225 670.4491 670.5173 670.4559 670.3427 670.2439 670.2408 670.4385 670.9661 671.7256 672.025 671.3212 670.8215 670.5019 670.3557 670.5252 670.8935 671.2983 670.9544 670.7001 670.5099 670.3318 670.2144 670.048 669.9129 669.98 670.3206 671.3214 673.2336 675.6078 677.7782 678.9927 678.931 678.0377 -9999 -9999 -9999 -9999 -9999 -9999 -9999 -9999 -9999 -9999 -9999 -9999 -9999
-9999 -9999 -9999 -9999 -9999 -9999 -9999 -9999 -9999 -9999 -9999 -9999 -9999 -9999 -9999 680.9375 680.9529 679.5692 677.3696 674.8605 672.5545 671.0985 670.6045 670.5196 670.5383 670.5194 670.4034 670.3041 670.3384 670.6501 671.4611 672.4305 672.6241 671.7643 671.0792 670.6714 670.5631 670.9199 671.4465 671.7845 671.3475 670.8257 670.5215 670.3785 670.3035 670.2139 670.1088 670.2004 670.6091 671.8525 674.0396 676.4882 678.4485 679.4786 679.0314 677.9824 -9999 -9999 -9999 -9999 -9999 -9999 -9999 -9999 -9999 -9999 -9999 -9999 -9999
-9999 -9999 -9999 -9999 -9999 -9999 -9999 -9999 -9999 -9999 -9999 -9999 -9999 -9999 -9999 680.5881 680.9221 679.6538 677.5372 675.1182 672.8799 671.3226 670.7576 670.5284 670.5042 670.52 670.4519 670.3956 670.5138 671.0148 672.1752 673.2814 673.2861 672.5281 671.5684 671.088 671.057 671.6212 672.3885 672.532 671.6675 670.9062 670.5286 670.4148 670.3586 670.2237 670.2177 670.3549 670.8348 672.2535 674.574 676.9681 678.7879 679.9272 679.0774 677.8562 -9999 -9999 -9999 -9999 -9999 -9999 -9999 -9999 -9999 -9999 -9999 -9999 -9999
-9999 -9999 -9999 -9999 -9999 -9999 -9999 -9999 -9999 -9999 -9999 -9999 -9999 -9999 -9999 680.4204 680.9333 679.7898 677.7919 675.5397 673.5054 671.6649 670.8123 670.4766 670.4425 670.5196 670.4997 670.4741 670.633 671.2128 672.5425 673.5427 673.8861 673.0988 672.2689 671.7857 671.6057 672.1654 672.7662 672.7855 672.0844 671.0797 670.6366 670.5201 670.514 670.3583 670.2219 670.4516 670.9326 672.3071 674.5717 676.796 678.1848 679.4002 679.0742 -9999 -9999 -9999 -9999 -9999 -9999 -9999 -9999 -9999 -9999 -9999 -9999 -9999 -9999
-9999 -9999 -9999 -9999 -9999 -9999 -9999 -9999 -9999 -9999 -9999 -9999 -9999 -9999 -9999 680.337 680.8701 680.006 678.1879 675.9895 673.8347 671.8982 670.8392 670.41 670.3524 670.4517 670.52 670.5016 670.6307 671.1681 672.4568 672.9987 673.2961 672.9499 672.599 672.5172 672.4881 672.8615 673.0839 672.9072 672.2909 671.1945 670.7138 670.5799 670.5751 670.5112 670.299 670.3244 670.7139 671.985 674.207 676.5417 678.343 679.4741 679.4136 678.4221 -9999 -9999 -9999 -9999 -9999 -9999 -9999 -9999 -9999 -9999 -9999 -9999 -9999
