backend/lakes/data/Sylvan Lake/sylv_dem_tm.asc
ncols         278
nrows         246
xllcorner     550350
yllcorner     5792650
cellsize      50
NODATA_value  -9999
[rows 150 to 179 of 246, columns 207 to 275 of 278]
923.3537 923.8733 924.2745 924.7939 925.3455 925.8927 926.4171 926.9092 927.3975 927.894 928.3989 928.9216 929.4425 929.9279 930.408 930.8885 931.3366 931.7214 932.114 932.8044 934.0106 935.7776 938.1208 941.0194 944.4281 948.1724 951.8038 955.142 958.1181 960.7381 963.0464 965.0643 -9999 -9999 -9999 -9999 -9999 -9999 -9999 -9999 -9999 -9999 -9999 -9999 -9999 -9999 -9999 -9999 -9999 -9999 -9999 -9999 -9999 -9999 -9999 -9999 -9999 -9999 -9999 -9999 -9999 -9999 -9999 -9999 -9999 -9999 -9999 -9999 -9999
922.6108 923.1095 923.5032 924.092 924.7487 925.3464 925.8892 926.3935 926.8959 927.3981 927.8997 928.4084 928.9204 929.4155 929.8746 930.3105 930.8299 931.2119 931.4776 931.9155 932.7515 934.1721 936.1873 938.7236 941.6635 945.0403 948.5002 951.8579 955.0161 957.9154 960.5198 962.8018 964.6919 -9999 -9999 -9999 -9999 -9999 -9999 -9999 -9999 -9999 -9999 -9999 -9999 -9999 -9999 -9999 -9999 -9999 -9999 -9999 -9999 -9999 -9999 -9999 -9999 -9999 -9999 -9999 -9999 -9999 -9999 -9999 -9999 -9999 -9999 -9999 -9999
921.9409 922.3535 922.7896 923.3492 924.0422 924.7473 925.356 925.8942 926.3965 926.8997 927.4011 927.9048 928.4133 928.8992 929.3299 929.6381 930.189 930.7208 930.9726 931.3146 931.9014 932.9537 934.6466 936.8965 939.4806 942.0862 945.1062 948.2897 951.5014 954.6024 957.4641 959.9928 962.088 963.6208 -9999 -9999 -9999 -9999 -9999 -9999 -9999 -9999 -9999 -9999 -9999 -9999 -9999 -9999 -9999 -9999 -9999 -9999 -9999 -9999 -9999 -9999 -9999 -9999 -9999 -9999 -9999 -9999 -9999 -9999 -9999 -9999 -9999 -9999 -9999
921.5965 921.8368 922.1931 922.6265 923.2824 924.0298 924.7532 925.3645 925.9009 926.4003 926.901 927.4036 927.9049 928.3795 928.7822 929.108 929.5331 930.045 930.4286 930.8307 931.3043 932.0924 933.3904 935.3314 937.6642 939.5264 941.764 944.5641 947.6589 950.8508 953.8923 956.6285 958.9343 960.6718 961.8236 962.3165 -9999 -9999 -9999 -9999 -9999 -9999 -9999 -9999 -9999 -9999 -9999 -9999 -9999 -9999 -9999 -9999 -9999 -9999 -9999 -9999 -9999 -9999 -9999 -9999 -9999 -9999 -9999 -9999 -9999 -9999 -9999 -9999 -9999
921.4354 921.5599 921.7687 921.9648 922.5203 923.259 924.033 924.7593 925.3695 925.9037 926.4017 926.9027 927.4073 927.8927 928.3122 928.6724 929.0541 929.4665 929.8625 930.2318 930.755 931.3926 932.3363 933.674 935.3652 936.9656 938.8284 941.1407 943.8071 946.8928 949.9611 952.8304 955.3362 957.3274 958.7587 959.5682 959.6867 -9999 -9999 -9999 -9999 -9999 -9999 -9999 -9999 -9999 -9999 -9999 -9999 -9999 -9999 -9999 -9999 -9999 -9999 -9999 -9999 -9999 -9999 -9999 -9999 -9999 -9999 -9999 -9999 -9999 -9999 -9999 -9999
921.377 921.3947 921.4572 921.559 921.895 922.5106 923.2664 924.0398 924.7614 925.3694 925.9026 926.402 926.9075 927.4111 927.8795 928.2811 928.6624 929.0316 929.3638 929.5873 930.0901 930.7367 931.4636 932.3635 933.4478 934.7236 936.2753 938.2006 940.4848 943.126 945.9716 948.8418 951.4911 953.7264 955.4553 956.6165 957.1398 957.068 -9999 -9999 -9999 -9999 -9999 -9999 -9999 -9999 -9999 -9999 -9999 -9999 -9999 -9999 -9999 -9999 -9999 -9999 -9999 -9999 -9999 -9999 -9999 -9999 -9999 -9999 -9999 -9999 -9999 -9999 -9999
921.3922 921.334 921.3033 921.324 921.4969 921.8876 922.5187 923.2722 924.0395 924.7581 925.3657 925.8995 926.4022 926.9122 927.4132 927.8767 928.2816 928.6348 928.9172 929.1344 929.4984 930.0664 930.7418 931.4248 932.1594 933.0283 934.2298 935.7863 937.6813 939.8678 942.2698 944.9815 947.6368 950.0189 952.0064 953.5292 954.4932 954.8577 954.7628 -9999 -9999 -9999 -9999 -9999 -9999 -9999 -9999 -9999 -9999 -9999 -9999 -9999 -9999 -9999 -9999 -9999 -9999 -9999 -9999 -9999 -9999 -9999 -9999 -9999 -9999 -9999 -9999 -9999 -9999
921.4441 921.347 921.2598 921.2112 921.2607 921.4714 921.8849 922.5194 923.2689 924.0364 924.7609 925.3666 925.8962 926.4009 926.9132 927.4135 927.8768 928.2623 928.5596 928.7924 929.0746 929.4876 930.0768 930.7504 931.3582 931.969 932.7779 933.9541 935.4728 937.2815 939.335 941.6482 944.0255 946.3635 948.5076 950.3323 951.7418 952.6204 952.9724 953.0427 -9999 -9999 -9999 -9999 -9999 -9999 -9999 -9999 -9999 -9999 -9999 -9999 -9999 -9999 -9999 -9999 -9999 -9999 -9999 -9999 -9999 -9999 -9999 -9999 -9999 -9999 -9999 -9999 -9999
921.495 921.3912 921.2769 921.1771 921.135 921.21 921.4481 921.8778 922.5168 923.2838 924.0767 924.7946 925.3738 925.8889 926.395 926.911 927.4139 927.8729 928.2314 928.5077 928.761 929.0706 929.5125 930.1566 930.8611 931.3679 931.9163 932.6984 933.8337 935.2681 936.9458 938.8337 940.8346 942.8873 945.0016 947.0093 948.8021 950.187 951.0798 951.5668 951.7328 -9999 -9999 -9999 -9999 -9999 -9999 -9999 -9999 -9999 -9999 -9999 -9999 -9999 -9999 -9999 -9999 -9999 -9999 -9999 -9999 -9999 -9999 -9999 -9999 -9999 -9999 -9999 -9999
921.5045 921.4292 921.3143 921.1863 921.08 921.0587 921.1692 921.4372 921.8941 922.5923 923.4336 924.2142 924.8467 925.3719 925.8712 926.3848 926.9086 927.4139 927.8676 928.2169 928.498 928.7698 929.1228 929.6542 930.4649 931.009 931.4449 931.9672 932.7105 933.76 935.0481 936.524 938.1323 939.8383 941.6527 943.6277 945.6696 947.4919 948.8946 949.8318 950.2995 950.5574 -9999 -9999 -9999 -9999 -9999 -9999 -9999 -9999 -9999 -9999 -9999 -9999 -9999 -9999 -9999 -9999 -9999 -9999 -9999 -9999 -9999 -9999 -9999 -9999 -9999 -9999 -9999
921.4484 921.4219 921.3401 921.21 921.0685 920.9856 921.0159 921.1788 921.5089 922.0737 922.9774 923.7394 924.3636 924.8746 925.3531 925.8516 926.3812 926.9067 927.4086 927.8619 928.2154 928.5148 928.8331 929.2515 929.8508 930.642 931.1322 931.5508 932.0477 932.7137 933.6233 934.7157 935.9477 937.2949 938.7599 940.41 942.4813 944.5914 946.4075 947.7887 948.6952 949.3022 949.9977 -9999 -9999 -9999 -9999 -9999 -9999 -9999 -9999 -9999 -9999 -9999 -9999 -9999 -9999 -9999 -9999 -9999 -9999 -9999 -9999 -9999 -9999 -9999 -9999 -9999 -9999
921.3339 921.3514 921.321 921.2247 921.0793 920.9677 920.9548 921.0573 921.3079 921.7784 922.5038 923.3221 923.9556 924.4509 924.8853 925.3502 925.8723 926.3899 926.8992 927.3975 927.8655 928.2461 928.5999 928.972 929.4541 930.1266 930.7661 931.2241 931.6385 932.0867 932.6495 933.4033 934.3016 935.3251 936.4807 937.8282 939.5125 941.616 943.6764 945.4383 946.804 947.8217 948.6786 949.3149 -9999 -9999 -9999 -9999 -9999 -9999 -9999 -9999 -9999 -9999 -9999 -9999 -9999 -9999 -9999 -9999 -9999 -9999 -9999 -9999 -9999 -9999 -9999 -9999 -9999
921.1925 921.2311 921.2473 921.2066 921.0952 920.9854 920.9557 921.0156 921.1839 921.5194 922.0865 923.0094 923.6376 924.1263 924.5457 924.9512 925.4501 925.926 926.3962 926.9005 927.4395 927.9485 928.3804 928.7323 929.0947 929.5535 930.1717 930.7927 931.2734 931.6765 932.0689 932.5482 933.1713 933.9149 934.7864 935.8357 937.1538 938.8159 940.8391 942.8171 944.5372 945.926 947.0148 947.8053 948.3914 -9999 -9999 -9999 -9999 -9999 -9999 -9999 -9999 -9999 -9999 -9999 -9999 -9999 -9999 -9999 -9999 -9999 -9999 -9999 -9999 -9999 -9999 -9999 -9999
921.0718 921.0979 921.1376 921.1516 921.0985 921.0264 921.0024 921.0435 921.1564 921.4066 921.8802 922.6832 923.36 923.8755 924.3353 924.794 925.1675 925.545 925.953 926.4291 927.0348 927.7198 928.173 928.5078 928.7986 929.1199 929.5525 930.1686 930.8057 931.2919 931.6748 932.0416 932.476 932.9971 933.6099 934.3605 935.3502 936.6281 938.2169 940.1351 941.9993 943.6448 944.9819 946.05 946.9736 947.9083 -9999 -9999 -9999 -9999 -9999 -9999 -9999 -9999 -9999 -9999 -9999 -9999 -9999 -9999 -9999 -9999 -9999 -9999 -9999 -9999 -9999 -9999 -9999
921.0107 920.9991 921.031 921.0787 921.0868 921.0748 921.0823 921.123 921.2094 921.412 921.8273 922.5159 923.2041 923.6482 924.0832 924.5021 924.8574 925.1925 925.5638 926.019 926.5709 927.2736 927.8407 928.2274 928.5222 928.7941 929.1057 929.5438 930.1691 930.809 931.2893 931.6778 932.0486 932.447 932.8539 933.3124 934.0181 934.9888 936.224 937.7341 939.4341 941.1509 942.6662 943.9924 945.2678 946.6241 948.1927 -9999 -9999 -9999 -9999 -9999 -9999 -9999 -9999 -9999 -9999 -9999 -9999 -9999 -9999 -9999 -9999 -9999 -9999 -9999 -9999 -9999 -9999
921.031 920.9694 920.9712 921.0211 921.074 921.1212 921.1769 921.2285 921.3014 921.4647 921.8114 922.3726 922.9568 923.3851 923.8242 924.2104 924.5462 924.8647 925.2242 925.7067 926.2813 926.8528 927.3997 927.8749 928.2333 928.533 928.7949 929.1008 929.542 930.1658 930.8049 931.2989 931.7053 932.0624 932.3824 932.5811 933.0711 933.7823 934.6884 935.7731 937.0414 938.658 940.2883 941.825 943.3901 945.1324 947.0237 949.2698 -9999 -9999 -9999 -9999 -9999 -9999 -9999 -9999 -9999 -9999 -9999 -9999 -9999 -9999 -9999 -9999 -9999 -9999 -9999 -9999 -9999
921.1295 921.0239 920.9877 921.014 921.0821 921.17 921.2711 921.3426 921.4064 921.5334 921.8093 922.299 922.8499 923.32 923.6685 923.9883 924.2953 924.6 924.9239 925.3901 925.8959 926.4011 926.9373 927.4882 927.9457 928.3191 928.5769 928.8055 929.105 929.5476 930.1762 930.8318 931.3215 931.6884 931.948 932.1296 932.4651 932.9641 933.5998 934.3592 935.2791 936.488 938.0893 939.7881 941.5907 943.5494 945.6281 947.9356 950.691 -9999 -9999 -9999 -9999 -9999 -9999 -9999 -9999 -9999 -9999 -9999 -9999 -9999 -9999 -9999 -9999 -9999 -9999 -9999 -9999
921.2789 921.1537 921.0896 921.0818 921.1376 921.2338 921.3654 921.4594 921.5261 921.6311 921.8348 922.2867 922.8104 923.2847 923.5334 923.8121 924.1141 924.4441 924.8155 925.1528 925.5516 926.0081 926.5261 927.1772 927.783 928.1503 928.4022 928.5986 928.8287 929.156 929.6208 930.2897 930.8901 931.3121 931.6002 931.8085 932.0703 932.445 932.8934 933.4257 934.0934 935.002 936.2491 937.9554 939.884 941.983 944.1711 946.4766 949.1126 952.2068 -9999 -9999 -9999 -9999 -9999 -9999 -9999 -9999 -9999 -9999 -9999 -9999 -9999 -9999 -9999 -9999 -9999 -9999 -9999
921.4428 921.3291 921.2604 921.2317 921.2579 921.3373 921.4723 921.578 921.6716 921.8075 922.0063 922.3586 922.7695 923.1296 923.3494 923.6475 923.9495 924.2551 924.5682 924.8646 925.22 925.6808 926.2619 926.8363 927.41 927.8665 928.1731 928.403 928.6453 928.9591 929.3817 929.8738 930.4366 930.9248 931.2737 931.5343 931.7766 932.0764 932.4434 932.8397 933.3474 934.0802 935.0954 936.4539 938.3178 940.4557 942.6784 944.9476 947.4781 950.4272 -9999 -9999 -9999 -9999 -9999 -9999 -9999 -9999 -9999 -9999 -9999 -9999 -9999 -9999 -9999 -9999 -9999 -9999 -9999
921.5881 921.5117 921.4624 921.4396 921.4415 921.4985 921.613 921.6946 921.8115 921.9819 922.1971 922.4836 922.8036 923.0946 923.3272 923.5714 923.8271 924.0836 924.334 924.5814 924.8751 925.2872 925.8342 926.3897 926.9434 927.4652 927.8779 928.1697 928.4728 928.7926 929.1445 929.5153 930.0275 930.5144 930.9318 931.2479 931.5101 931.7811 932.0889 932.4371 932.8602 933.5239 934.4662 935.6179 936.9728 938.9526 941.1669 943.4081 945.8512 948.6718 -9999 -9999 -9999 -9999 -9999 -9999 -9999 -9999 -9999 -9999 -9999 -9999 -9999 -9999 -9999 -9999 -9999 -9999 -9999
921.6919 921.668 921.6577 921.6454 921.6495 921.6889 921.8015 921.8157 921.9642 922.1637 922.3881 922.6406 922.8983 923.1321 923.3284 923.5292 923.7422 923.9536 924.158 924.3674 924.6145 924.9374 925.4427 925.971 926.5007 927.0789 927.5685 927.9379 928.3236 928.6741 929.0222 929.3907 929.7362 930.1345 930.5566 930.9384 931.2365 931.5199 931.7927 932.0651 932.4506 933.0991 934.098 935.2286 936.2349 937.6765 939.8144 942.0104 944.3577 947.0426 949.9921 -9999 -9999 -9999 -9999 -9999 -9999 -9999 -9999 -9999 -9999 -9999 -9999 -9999 -9999 -9999 -9999 -9999 -9999
921.7538 921.7707 921.809 921.8097 921.809 921.8128 921.9169 921.9882 922.1415 922.3425 922.5652 922.7975 923.0231 923.2106 923.3333 923.51 923.6897 923.8662 924.0412 924.2325 924.48 924.8181 925.1871 925.6689 926.2557 926.8097 927.3828 927.8868 928.252 928.5737 928.8789 929.172 929.438 929.7708 930.1993 930.6301 930.984 931.2963 931.5615 931.7627 932.0399 932.6104 933.6414 934.6862 935.7344 937.0466 938.8508 940.9572 943.2047 945.7076 948.4062 -9999 -9999 -9999 -9999 -9999 -9999 -9999 -9999 -9999 -9999 -9999 -9999 -9999 -9999 -9999 -9999 -9999 -9999
921.7809 921.8102 921.8669 921.8992 921.9222 921.958 922.0531 922.1713 922.3134 922.5035 922.7164 922.9305 923.1423 923.3262 923.4094 923.5292 923.6683 923.8092 923.9523 924.1136 924.3149 924.5709 924.8683 925.2885 925.853 926.4824 927.1725 927.8021 928.1517 928.4555 928.7333 928.9861 929.2161 929.4791 929.9161 930.4145 930.8902 931.1529 931.3906 931.5631 931.7207 932.1194 932.9266 934.1172 935.3081 936.5812 938.1503 940.2814 942.4924 944.7899 947.1551 949.3658 -9999 -9999 -9999 -9999 -9999 -9999 -9999 -9999 -9999 -9999 -9999 -9999 -9999 -9999 -9999 -9999 -9999
921.81 921.8573 921.9187 921.9718 922.0219 922.0876 922.1934 922.3283 922.4925 922.6689 922.8525 923.032 923.1959 923.3301 923.427 923.5331 923.6504 923.7663 923.8803 924.0045 924.1539 924.3353 924.5599 924.8934 925.4407 926.1864 926.8668 927.5038 927.9416 928.3016 928.5934 928.8518 929.1071 929.4019 929.7125 930.1697 930.6467 930.9708 931.2372 931.4443 931.5836 931.8746 932.5674 933.7366 934.9563 936.1848 937.5482 939.8752 942.2049 944.3857 946.4076 948.1566 -9999 -9999 -9999 -9999 -9999 -9999 -9999 -9999 -9999 -9999 -9999 -9999 -9999 -9999 -9999 -9999 -9999
921.853 921.9089 921.9763 922.046 922.119 922.2079 922.3264 922.4745 922.6426 922.8202 922.9901 923.1345 923.2484 923.3307 923.4285 923.5269 923.6302 923.7328 923.8257 923.9193 924.03 924.1636 924.3367 924.5972 925.0201 925.7642 926.4946 927.2108 927.8074 928.1584 928.4543 928.7174 928.9691 929.2222 929.4767 929.927 930.4431 930.8994 931.1211 931.3529 931.5336 931.8066 932.4142 933.4131 934.4569 935.67 937.263 939.7019 942.0743 944.126 945.8494 947.2097 -9999 -9999 -9999 -9999 -9999 -9999 -9999 -9999 -9999 -9999 -9999 -9999 -9999 -9999 -9999 -9999 -9999
921.9026 921.9657 922.0411 922.1248 922.2177 922.3254 922.4554 922.6097 922.7813 922.9547 923.1143 923.238 923.3297 923.386 923.4523 923.5279 923.6145 923.7053 923.7905 923.8668 923.9532 924.0689 924.2286 924.4801 924.8814 925.5054 926.2338 926.8834 927.4977 927.9392 928.2913 928.5756 928.839 929.1069 929.402 929.7231 930.195 930.6659 930.9673 931.2314 931.4578 931.6903 932.1186 932.8181 933.8557 935.0989 936.7652 939.3241 941.7273 943.6763 945.2026 946.3187 -9999 -9999 -9999 -9999 -9999 -9999 -9999 -9999 -9999 -9999 -9999 -9999 -9999 -9999 -9999 -9999 -9999
921.945 922.0208 922.1091 922.2095 922.3192 922.4418 922.5818 922.7384 922.9078 923.0775 923.2299 923.3302 923.4016 923.4442 923.4853 923.5378 923.605 923.6863 923.7687 923.842 923.9171 924.0222 924.1823 924.4324 924.8121 925.2473 925.8723 926.5103 927.1996 927.8024 928.1453 928.4279 928.6911 928.9521 929.2109 929.481 929.9546 930.4934 930.9391 931.1925 931.3964 931.6099 931.9486 932.5209 933.4471 934.6713 936.35 938.8323 941.1246 942.9198 944.2666 945.2363 -9999 -9999 -9999 -9999 -9999 -9999 -9999 -9999 -9999 -9999 -9999 -9999 -9999 -9999 -9999 -9999 -9999
921.9807 922.0734 922.1782 922.2958 922.4241 922.5596 922.704 922.8583 923.0182 923.1781 923.3275 923.4097 923.4705 923.5048 923.5262 923.556 923.606 923.675 923.7573 923.8351 923.9059 923.9976 924.1385 924.344 924.6205 924.954 925.5701 926.2525 926.8724 927.4952 927.9336 928.2614 928.539 928.8068 929.0819 929.3953 929.7651 930.3268 930.8791 931.1256 931.3613 931.6011 931.9326 932.4564 933.2274 934.3674 935.9983 938.1847 940.2814 941.9426 943.1322 943.8574 -9999 -9999 -9999 -9999 -9999 -9999 -9999 -9999 -9999 -9999 -9999 -9999 -9999 -9999 -9999 -9999 -9999
922.0121 922.1239 922.2475 922.384 922.53 922.679 922.8261 922.9709 923.1111 923.2352 923.332 923.4485 923.5296 923.5689 923.5792 923.5891 923.6204 923.6776 923.7559 923.8389 923.9135 923.9938 924.114 924.2922 924.5378 924.8668 925.3491 925.9378 926.5275 927.2294 927.8153 928.1224 928.3984 928.6643 928.9244 929.1909 929.501 930.0823 930.6332 930.9724 931.2896 931.6071 931.9677 932.4553 933.0629 934.0267 935.4308 937.4363 939.3497 940.8701 941.8958 942.2767 -9999 -9999 -9999 -9999 -9999 -9999 -9999 -9999 -9999 -9999 -9999 -9999 -9999 -9999 -9999 -9999 -9999
922.0402 922.1729 922.3173 922.4734 922.6373 922.7997 922.9511 923.0883 923.2161 923.3296 923.4211 923.5236 923.6051 923.6459 923.6495 923.6419 923.6544 923.698 923.7678 923.8524 923.9315 924.008 924.1115 924.2692 924.5004 924.8249 925.1738 925.7335 926.3712 926.9993 927.5635 927.9339 928.2694 928.5532 928.8181 929.0925 929.4355 929.9641 930.5153 930.9451 931.2732 931.5933 931.9724 932.426 932.8962 933.7496 934.9565 936.5787 938.4347 939.8632 940.6611 940.6268 -9999 -9999 -9999 -9999 -9999 -9999 -9999 -9999 -9999 -9999 -9999 -9999 -9999 -9999 -9999 -9999 -9999
