backend/lakes/data/Sylvan Lake/sylv_dem_tm.asc
ncols         278
nrows         246
xllcorner     550350
yllcorner     5792650
cellsize      50
NODATA_value  -9999
[rows 180 to 209 of 246, columns 207 to 275 of 278]
922.066 922.2209 922.3878 922.5643 922.7461 922.9223 923.0791 923.2095 923.3301 923.4375 923.5287 923.6193 923.6952 923.7355 923.7357 923.7172 923.7124 923.7404 923.7994 923.8779 923.9586 924.0331 924.1208 924.2455 924.4183 924.6459 924.9363 925.5454 926.2364 926.7872 927.3837 927.8873 928.2127 928.4891 928.7643 929.0629 929.4322 929.9335 930.4746 930.9442 931.2537 931.567 931.9333 932.3347 932.7292 933.5756 934.6013 935.857 937.5915 938.8763 939.4546 939.1204 -9999 -9999 -9999 -9999 -9999 -9999 -9999 -9999 -9999 -9999 -9999 -9999 -9999 -9999 -9999 -9999 -9999
922.093 922.2698 922.4581 922.6548 922.8538 923.0436 923.2086 923.3309 923.4541 923.5616 923.6505 923.73 923.7965 923.834 923.8346 923.811 923.7944 923.8083 923.8549 923.9243 924.0009 924.0739 924.1514 924.2525 924.3878 924.5753 924.8651 925.3843 925.975 926.5076 927.187 927.8058 928.126 928.4222 928.7256 929.053 929.4359 929.9214 930.4437 930.9105 931.1729 931.5165 931.9442 932.4457 932.9615 933.691 934.5564 935.6045 936.9923 937.9699 938.2634 937.8514 -9999 -9999 -9999 -9999 -9999 -9999 -9999 -9999 -9999 -9999 -9999 -9999 -9999 -9999 -9999 -9999 -9999
922.1291 922.3223 922.5272 922.7394 922.9515 923.1501 923.3253 923.4503 923.5822 923.6976 923.7864 923.8553 923.9093 923.9406 923.941 923.9186 923.897 923.9002 923.9366 923.9971 924.069 924.1411 924.2154 924.3062 924.4259 924.5919 924.8566 925.3038 925.8397 926.3875 926.9756 927.5466 927.9407 928.3271 928.6815 929.0424 929.4367 929.8939 930.3683 930.7539 930.9825 931.4083 931.897 932.4529 933.0734 933.7556 934.506 935.3365 936.5266 937.1991 937.162 936.7831 -9999 -9999 -9999 -9999 -9999 -9999 -9999 -9999 -9999 -9999 -9999 -9999 -9999 -9999 -9999 -9999 -9999
922.185 922.3807 922.592 922.8126 923.0301 923.2167 923.3367 923.5244 923.6996 923.8389 923.9335 923.9943 924.0335 924.0544 924.0531 924.0337 924.0134 924.0127 924.0423 924.0981 924.1686 924.2424 924.3195 924.4088 924.5277 924.6763 924.877 925.2798 925.7717 926.3019 926.7684 927.3534 927.8832 928.2686 928.6352 929.0201 929.433 929.8649 930.3452 930.7509 930.9755 931.3616 931.7845 932.2235 932.6943 933.4067 934.1531 934.8825 935.8873 936.5102 936.2083 935.8713 -9999 -9999 -9999 -9999 -9999 -9999 -9999 -9999 -9999 -9999 -9999 -9999 -9999 -9999 -9999 -9999 -9999
922.2487 922.4379 922.6466 922.8709 923.1031 923.3241 923.4607 923.6447 923.8361 923.9921 924.0917 924.1442 924.1692 924.1774 924.1714 924.1548 924.139 924.1401 924.1686 924.2254 924.2994 924.3785 924.4627 924.5521 924.6878 924.8538 925.0248 925.3228 925.696 926.0909 926.4896 927.1519 927.7923 928.1556 928.5337 928.941 929.3801 929.7779 930.3489 930.8977 931.1534 931.4306 931.7322 932.059 932.4595 933.033 933.7608 934.4067 935.0901 935.5992 935.2933 935.0818 934.98 -9999 -9999 -9999 -9999 -9999 -9999 -9999 -9999 -9999 -9999 -9999 -9999 -9999 -9999 -9999 -9999
922.3091 922.485 922.6801 922.894 923.1172 923.3321 923.5341 923.7606 923.985 924.1595 924.2598 924.3032 924.3151 924.312 924.301 924.2858 924.2747 924.2797 924.3107 924.3737 924.4585 924.5424 924.6393 924.7092 924.8577 925.0186 925.1877 925.4185 925.7004 926.0134 926.3919 926.9747 927.5491 927.9437 928.361 928.7576 929.1465 929.5516 930.2592 930.9198 931.2633 931.5021 931.7108 931.9167 932.1761 932.5578 933.1672 933.8406 934.3108 934.7556 934.7432 934.7084 934.7385 -9999 -9999 -9999 -9999 -9999 -9999 -9999 -9999 -9999 -9999 -9999 -9999 -9999 -9999 -9999 -9999
922.3618 922.5188 922.6922 922.8896 923.107 923.3327 923.5667 923.8596 924.1481 924.3498 924.4413 924.4705 924.4722 924.463 924.4498 924.4366 924.4286 924.4349 924.4662 924.5361 924.6412 924.7177 924.849 924.8735 925.0409 925.2164 925.384 925.5739 925.795 926.048 926.3792 926.8909 927.4363 927.8915 928.2485 928.6069 928.9982 929.4777 930.2121 930.9216 931.325 931.5556 931.7094 931.8331 931.9801 932.2297 932.6624 933.3865 933.9445 934.121 934.4382 934.6475 934.7639 935.1469 -9999 -9999 -9999 -9999 -9999 -9999 -9999 -9999 -9999 -9999 -9999 -9999 -9999 -9999 -9999
922.4078 922.5395 922.6829 922.8553 923.0649 923.3142 923.5353 923.9294 924.331 924.5771 924.6429 924.6517 924.6476 924.6396 924.6307 924.622 924.6167 924.6196 924.6405 924.7048 924.8477 924.876 925.0332 925.1466 925.3093 925.476 925.6277 925.785 925.9662 926.1658 926.4094 926.8701 927.3837 927.853 928.1296 928.4707 928.896 929.4465 930.1716 930.9195 931.369 931.6041 931.73 931.8137 931.9114 932.1125 932.5129 933.2034 933.8584 934.0403 934.5415 934.9305 935.0469 935.4867 -9999 -9999 -9999 -9999 -9999 -9999 -9999 -9999 -9999 -9999 -9999 -9999 -9999 -9999 -9999
922.452 922.5524 922.6548 922.7826 922.9415 923.1367 923.3892 923.9643 924.5416 924.8465 924.8694 924.8644 924.8622 924.8613 924.8608 924.861 924.8611 924.8599 924.8586 924.8785 925.046 925.1706 925.327 925.4699 925.6257 925.7784 925.8995 926.0242 926.1873 926.3733 926.571 926.9066 927.3048 927.6736 927.9337 928.299 928.7546 929.3478 930.0461 930.8853 931.399 931.6586 931.7723 931.8384 931.922 932.1046 932.4787 933.068 933.6821 934.1385 934.8663 935.3387 935.6127 936.1884 937.2451 -9999 -9999 -9999 -9999 -9999 -9999 -9999 -9999 -9999 -9999 -9999 -9999 -9999 -9999
922.5004 922.5692 922.6292 922.7135 922.835 923.0245 923.3593 924.0152 924.7565 925.0768 925.1542 925.1628 925.1591 925.1569 925.1603 925.1726 925.1856 925.1875 925.1917 925.2357 925.3809 925.5396 925.681 925.8082 925.9467 926.0894 926.1622 926.2356 926.3766 926.5228 926.6943 926.9414 927.2456 927.5659 927.8735 928.1399 928.5364 929.0773 929.774 930.7966 931.4097 931.7151 931.8351 931.8889 931.964 932.1304 932.4747 933.0332 933.7032 934.4128 935.2583 935.861 936.2266 936.9575 937.9126 -9999 -9999 -9999 -9999 -9999 -9999 -9999 -9999 -9999 -9999 -9999 -9999 -9999 -9999
922.5581 922.6012 922.6239 922.671 922.7618 922.9412 923.301 923.9175 924.7663 925.1948 925.3729 925.4403 925.4661 925.4783 925.4913 925.5228 925.5632 925.5757 925.5851 925.6372 925.7721 925.9465 926.0449 926.1191 926.2173 926.3682 926.3794 926.3832 926.4899 926.6189 926.7653 926.9476 927.1714 927.4244 927.6857 927.9323 928.3198 928.8734 929.6507 930.7551 931.4225 931.7701 931.9097 931.9619 932.0255 932.1736 932.488 933.0906 933.8409 934.6598 935.668 936.2957 936.8191 937.5886 938.4222 -9999 -9999 -9999 -9999 -9999 -9999 -9999 -9999 -9999 -9999 -9999 -9999 -9999 -9999
922.6306 922.6567 922.6526 922.6675 922.723 922.8522 923.1298 923.6577 924.6685 925.2277 925.5157 925.6641 925.7452 925.7916 925.8187 925.8741 925.9625 925.9852 925.9893 926.0239 926.1382 926.3446 926.3802 926.3804 926.3899 926.4989 926.532 926.5438 926.6063 926.6995 926.8104 926.9375 927.0953 927.295 927.5455 927.8558 928.1664 928.7446 929.6041 930.743 931.4351 931.8114 931.9805 932.0518 932.1246 932.2739 932.5757 933.2857 934.1823 935.1975 936 936.6066 937.2162 938.0781 938.7894 -9999 -9999 -9999 -9999 -9999 -9999 -9999 -9999 -9999 -9999 -9999 -9999 -9999 -9999
922.723 922.7422 922.7273 922.726 922.7643 922.8763 923.1316 923.6483 924.6544 925.2611 925.6223 925.8429 925.9888 926.0848 926.1153 926.1837 926.3508 926.3814 926.3804 926.3794 926.4127 926.5889 926.6564 926.6577 926.6501 926.6865 926.7031 926.7098 926.7377 926.7911 926.8588 926.9351 927.0331 927.1717 927.3645 927.6206 927.9587 928.6429 929.5826 930.7381 931.4425 931.8375 932.0369 932.1436 932.2539 932.4596 932.8326 933.5615 934.5251 935.5195 936.166 936.7559 937.4907 938.405 -9999 -9999 -9999 -9999 -9999 -9999 -9999 -9999 -9999 -9999 -9999 -9999 -9999 -9999 -9999
922.8396 922.8591 922.8528 922.8595 922.9043 923.0531 923.3663 923.9546 924.7645 925.3398 925.7311 925.9991 926.2025 926.3663 926.3838 926.4174 926.6234 926.7374 926.7765 926.7866 926.8165 926.9124 926.962 926.9552 926.93 926.9199 926.9102 926.8998 926.9003 926.9157 926.9413 926.9725 927.0222 927.1141 927.2692 927.5123 927.9153 928.6686 929.6328 930.7612 931.4603 931.8624 932.0801 932.2147 932.3406 932.5109 932.9626 933.6698 934.5673 935.2946 935.9998 936.5602 937.3058 938.2019 -9999 -9999 -9999 -9999 -9999 -9999 -9999 -9999 -9999 -9999 -9999 -9999 -9999 -9999 -9999
922.9806 923.0021 923.019 923.0629 923.1166 923.3342 923.739 924.3203 924.9261 925.4769 925.8772 926.1616 926.3903 926.6049 926.7198 926.823 926.9958 927.1302 927.1874 927.2045 927.2264 927.2728 927.2928 927.261 927.2139 927.1763 927.1464 927.1211 927.1012 927.0884 927.0802 927.0766 927.0946 927.1669 927.3241 927.5944 928.0504 928.897 929.871 930.8794 931.5244 931.9072 932.1292 932.2887 932.4694 932.6664 933.0631 933.6336 934.3357 935.2413 935.8828 936.1837 936.8548 937.4554 -9999 -9999 -9999 -9999 -9999 -9999 -9999 -9999 -9999 -9999 -9999 -9999 -9999 -9999 -9999
923.1437 923.1588 923.1957 923.3141 923.3521 923.6398 924.1063 924.7161 925.2305 925.726 926.1044 926.392 926.6642 926.9066 927.0876 927.2391 927.3939 927.5344 927.5813 927.5905 927.5994 927.6177 927.6156 927.5465 927.4814 927.434 927.3985 927.368 927.3403 927.314 927.2869 927.2632 927.264 927.3403 927.5488 927.9065 928.4844 929.3763 930.4268 931.1599 931.6636 931.9871 932.1898 932.3361 932.4965 932.8083 933.2502 933.8206 934.5376 935.5087 935.9576 935.8375 936.1658 936.5598 -9999 -9999 -9999 -9999 -9999 -9999 -9999 -9999 -9999 -9999 -9999 -9999 -9999 -9999 -9999
923.3295 923.3287 923.3419 923.4983 923.6462 923.9302 924.3436 924.8651 925.4536 926.0063 926.3886 926.6979 926.9789 927.2311 927.4397 927.6079 927.7272 927.8838 927.901 927.9002 927.8998 927.9006 927.8912 927.7733 927.7108 927.6761 927.6522 927.6314 927.6105 927.5884 927.5632 927.537 927.5293 927.611 927.8939 928.3322 928.9454 929.7553 930.7424 931.381 931.8131 932.103 932.3055 932.4792 932.6913 933.0536 933.5763 934.2694 935.1516 935.8981 935.6133 935.1951 935.4465 935.649 -9999 -9999 -9999 -9999 -9999 -9999 -9999 -9999 -9999 -9999 -9999 -9999 -9999 -9999 -9999
923.5475 923.5704 923.6331 923.7861 923.967 924.223 924.5571 924.9746 925.6364 926.2834 926.6677 926.9852 927.2706 927.5201 927.725 927.8884 927.9089 928.0357 928.0907 928.1078 928.1047 928.0803 928.0216 927.9059 927.899 927.8995 927.8997 927.8997 927.8995 927.8997 927.8993 927.895 927.8931 927.9629 928.3268 928.8382 929.4725 930.2358 930.9881 931.5671 931.9746 932.2604 932.481 932.6903 932.9434 933.3411 933.9526 934.8165 935.6357 935.9771 935.2918 934.9797 934.9283 -9999 -9999 -9999 -9999 -9999 -9999 -9999 -9999 -9999 -9999 -9999 -9999 -9999 -9999 -9999 -9999
923.8201 923.8712 923.9727 924.1332 924.3107 924.5502 924.8514 925.235 925.7896 926.3686 926.8087 927.1791 927.4922 927.738 927.9021 928.0295 928.0792 928.1608 928.2194 928.2496 928.2523 928.2253 928.1688 928.1005 928.0947 928.1115 928.1356 928.1621 928.192 928.2286 928.2684 928.3062 928.362 928.4982 928.8708 929.4009 930.0265 930.7396 931.3176 931.8088 932.191 932.4821 932.7326 932.975 933.2498 933.631 934.2174 935.1077 935.8925 935.9189 935.3668 934.9182 934.4183 -9999 -9999 -9999 -9999 -9999 -9999 -9999 -9999 -9999 -9999 -9999 -9999 -9999 -9999 -9999 -9999
924.1433 924.2062 924.3278 924.4958 924.6302 924.8508 925.1097 925.4472 925.8922 926.3836 926.8593 927.2897 927.6413 927.8915 928.0303 928.1317 928.1932 928.2572 928.314 928.3541 928.3693 928.3552 928.3181 928.2827 928.2852 928.3153 928.3619 928.4197 928.4868 928.5685 928.6584 928.7463 928.87 929.0317 929.4083 929.9097 930.4698 931.0455 931.6182 932.1 932.4813 932.7899 933.0707 933.3593 933.6692 934.0544 934.6472 935.3521 935.817 935.7345 935.2493 934.6917 -9999 -9999 -9999 -9999 -9999 -9999 -9999 -9999 -9999 -9999 -9999 -9999 -9999 -9999 -9999 -9999 -9999
924.4916 924.5416 924.6509 924.8331 924.8723 925.0637 925.3091 925.6053 925.9651 926.3844 926.8765 927.3561 927.729 927.9106 928.0881 928.2015 928.2712 928.3304 928.3878 928.4374 928.4678 928.4724 928.4567 928.4435 928.4579 928.5024 928.571 928.6616 928.7713 928.9036 929.0446 929.158 929.364 929.5062 929.9071 930.4113 930.9474 931.4823 932.0123 932.4802 932.8621 933.184 933.5016 933.863 934.2559 934.6505 935.2876 935.6787 935.7661 935.5092 934.9515 934.2029 -9999 -9999 -9999 -9999 -9999 -9999 -9999 -9999 -9999 -9999 -9999 -9999 -9999 -9999 -9999 -9999 -9999
924.8465 924.8481 924.8668 924.9943 925.087 925.2596 925.4871 925.7484 926.0412 926.3883 926.8948 927.4286 927.8735 928.0519 928.1839 928.2756 928.338 928.3927 928.4515 928.5096 928.5545 928.5771 928.5808 928.5837 928.6102 928.6677 928.756 928.8743 929.0237 929.2048 929.399 929.4699 929.7256 930.0044 930.4305 930.9378 931.4572 931.9745 932.4813 932.9416 933.3205 933.6471 934.0101 934.4861 935.0788 935.6328 935.9385 935.9864 935.7073 935.2933 934.7548 -9999 -9999 -9999 -9999 -9999 -9999 -9999 -9999 -9999 -9999 -9999 -9999 -9999 -9999 -9999 -9999 -9999 -9999
925.2651 925.142 925.1063 925.1761 925.288 925.4594 925.6746 925.9106 926.1617 926.4245 926.9246 927.4557 927.8954 928.1202 928.2523 928.3367 928.3956 928.4496 928.5112 928.5769 928.6339 928.6713 928.6909 928.7081 928.7449 928.8151 928.9191 929.0575 929.2303 929.433 929.6532 929.8373 930.1272 930.4911 930.9536 931.4661 931.9765 932.4821 932.9885 933.4576 933.8302 934.1444 934.5377 935.1104 935.8833 936.3688 936.3779 936.0168 935.4753 934.9711 -9999 -9999 -9999 -9999 -9999 -9999 -9999 -9999 -9999 -9999 -9999 -9999 -9999 -9999 -9999 -9999 -9999 -9999 -9999
925.8594 925.5427 925.4008 925.4025 925.5056 925.6798 925.8881 926.0986 926.3571 926.6013 927.0178 927.4896 927.897 928.1396 928.2839 928.3762 928.4426 928.5027 928.5695 928.6423 928.7085 928.7576 928.7905 928.8209 928.8696 928.9532 929.0755 929.2347 929.4318 929.6691 929.927 930.2008 930.549 930.9771 931.4772 931.9838 932.4719 932.9633 933.484 933.9965 934.3718 934.6604 935.08 935.7441 936.6352 936.959 936.6621 935.9364 935.1422 934.6447 -9999 -9999 -9999 -9999 -9999 -9999 -9999 -9999 -9999 -9999 -9999 -9999 -9999 -9999 -9999 -9999 -9999 -9999 -9999
926.6724 926.0963 925.7959 925.687 925.751 925.92 926.1129 926.2291 926.394 926.6979 927.0949 927.5228 927.897 928.1362 928.2898 928.3962 928.4789 928.5531 928.6291 928.7083 928.7813 928.8387 928.8827 928.9276 928.9922 929.0946 929.2413 929.4305 929.662 929.9335 930.2361 930.5795 930.9976 931.4944 931.9921 932.4523 932.8805 933.3509 933.8983 934.5048 934.9302 935.1932 935.6943 936.5178 937.0365 937.1158 936.659 935.6594 934.8126 -9999 -9999 -9999 -9999 -9999 -9999 -9999 -9999 -9999 -9999 -9999 -9999 -9999 -9999 -9999 -9999 -9999 -9999 -9999 -9999
927.7466 926.847 926.3447 926.0524 926.0332 926.1708 926.3643 926.3832 926.5289 926.8094 927.1721 927.5568 927.8973 928.1227 928.2813 928.4041 928.5084 928.6025 928.6921 928.7787 928.8568 928.9198 928.9727 929.0333 929.1205 929.2504 929.431 929.6594 929.9268 930.2339 930.5861 931.0011 931.5109 932.0091 932.4382 932.7844 933.1521 933.5955 934.1506 934.8087 935.4395 935.7506 936.4974 936.9749 937.1302 936.9317 936.2178 935.226 -9999 -9999 -9999 -9999 -9999 -9999 -9999 -9999 -9999 -9999 -9999 -9999 -9999 -9999 -9999 -9999 -9999 -9999 -9999 -9999 -9999
928.9329 927.9017 927.1009 926.5353 926.3721 926.379 926.46 926.5131 926.6621 926.922 927.2509 927.5931 927.8972 928.1071 928.2709 928.4115 928.5389 928.6557 928.762 928.8584 928.942 929.0092 929.0673 929.1459 929.2628 929.4311 929.6579 929.9284 930.2333 930.5782 930.9796 931.4791 932.0124 932.4348 932.7059 932.9655 933.2931 933.7191 934.271 934.9372 935.6261 936.4728 937.0021 937.1945 937.0234 936.5857 935.9005 -9999 -9999 -9999 -9999 -9999 -9999 -9999 -9999 -9999 -9999 -9999 -9999 -9999 -9999 -9999 -9999 -9999 -9999 -9999 -9999 -9999 -9999
930.0876 929.0599 928.0837 927.3057 926.8615 926.6575 926.6083 926.6459 926.7925 927.0398 927.3413 927.6388 927.8964 928.0986 928.2747 928.4349 928.5839 928.7207 928.8433 928.9517 929.0444 929.1163 929.1744 929.2748 929.431 929.6494 929.9227 930.2366 930.5787 930.9559 931.3943 931.8949 932.3944 932.6572 932.8411 933.061 933.3873 933.8433 934.462 935.2781 936.1708 936.9318 937.2822 937.295 936.9493 936.2393 -9999 -9999 -9999 -9999 -9999 -9999 -9999 -9999 -9999 -9999 -9999 -9999 -9999 -9999 -9999 -9999 -9999 -9999 -9999 -9999 -9999 -9999 -9999
931.279 930.2691 929.2582 928.2482 927.512 927.0679 926.8634 926.8315 926.9517 927.188 927.4705 927.7209 927.9068 928.1199 928.314 928.4921 928.6569 928.8066 928.9403 929.0609 929.1687 929.2526 929.2974 929.4302 929.6385 929.9076 930.2256 930.5778 930.9503 931.3407 931.7548 932.166 932.5065 932.7704 932.962 933.1978 933.5692 934.1162 934.8666 935.9166 936.7708 937.2017 937.3151 937.184 936.7207 -9999 -9999 -9999 -9999 -9999 -9999 -9999 -9999 -9999 -9999 -9999 -9999 -9999 -9999 -9999 -9999 -9999 -9999 -9999 -9999 -9999 -9999 -9999 -9999
932.5422 931.5768 930.5803 929.4302 928.3666 927.6542 927.2654 927.1086 927.1655 927.3859 927.6658 927.894 928.0483 928.2273 928.4144 928.5974 928.7683 928.9199 929.0525 929.1807 929.3081 929.4239 929.4401 929.6246 929.8893 930.2092 930.5681 930.9495 931.3391 931.728 932.1118 932.4711 932.7621 933.0068 933.2252 933.5138 933.9879 934.7203 935.7625 936.6609 937.1157 937.2117 937.0378 936.7176 -9999 -9999 -9999 -9999 -9999 -9999 -9999 -9999 -9999 -9999 -9999 -9999 -9999 -9999 -9999 -9999 -9999 -9999 -9999 -9999 -9999 -9999 -9999 -9999 -9999
