backend/lakes/data/Sylvan Lake/sylv_dem_tm.asc
ncols         278
nrows         246
xllcorner     550350
yllcorner     5792650
cellsize      50
NODATA_value  -9999
[rows 30 to 59 of 246, columns 0 to 68 of 278]
-9999 -9999 -9999 -9999 -9999 -9999 -9999 -9999 -9999 -9999 -9999 -9999 -9999 -9999 -9999 -9999 -9999 -9999 -9999 -9999 -9999 -9999 -9999 -9999 -9999 -9999 -9999 -9999 -9999 -9999 -9999 -9999 -9999 -9999 -9999 957.2612 955.7233 953.7528 951.2756 948.1879 944.454 940.5779 937.4952 935.281 933.6691 932.5937 931.8729 931.3608 930.9209 930.4824 930.1278 929.9545 929.889 929.8696 929.943 930.2102 930.5968 930.9865 931.3813 931.8053 932.5369 933.946 936.1368 938.8932 942.0761 945.6522 948.6602 950.5792 951.5476
-9999 -9999 -9999 -9999 -9999 -9999 -9999 -9999 -9999 -9999 -9999 -9999 -9999 -9999 -9999 -9999 -9999 -9999 -9999 -9999 -9999 -9999 -9999 -9999 -9999 -9999 -9999 -9999 -9999 -9999 -9999 -9999 -9999 -9999 956.3209 955.1387 953.5461 951.657 949.3496 946.4458 942.9142 939.3832 936.4041 934.27 932.9093 932.0118 931.3881 930.891 930.3983 929.8997 929.4706 929.2944 929.3284 929.3762 929.4741 929.823 930.3349 930.9146 931.3745 931.8522 932.6453 934.1536 936.6074 939.6646 943.149 946.727 949.6022 951.2985 951.8746
-9999 -9999 -9999 -9999 -9999 -9999 -9999 -9999 -9999 -9999 -9999 -9999 -9999 -9999 -9999 -9999 -9999 -9999 -9999 -9999 -9999 -9999 -9999 -9999 -9999 -9999 -9999 -9999 -9999 -9999 -9999 -9999 -9999 955.2803 954.2344 952.7318 950.9573 948.978 946.7081 944.0291 940.9127 937.8002 935.2451 933.6038 932.3809 931.4988 930.8389 930.2495 929.7111 929.1417 928.6097 928.3212 928.4918 928.684 928.9569 929.4203 930.0662 930.8572 931.4308 931.9999 932.8938 934.6213 937.1594 940.2994 943.9144 947.3973 950.0955 951.5839 952.0184
-9999 -9999 -9999 -9999 -9999 -9999 -9999 -9999 -9999 -9999 -9999 -9999 -9999 -9999 -9999 -9999 -9999 -9999 -9999 -9999 -9999 -9999 -9999 -9999 -9999 -9999 -9999 -9999 -9999 -9999 -9999 -9999 953.8683 953.0905 951.761 950.0176 948.062 945.951 943.6835 941.2592 938.6215 936.0775 934.0999 932.9883 931.8245 930.8822 930.0835 929.3821 928.7954 928.0812 927.6454 927.4681 927.7089 927.9626 928.3929 928.984 929.7551 930.7803 931.5037 932.1902 933.1671 934.9799 937.4441 940.456 943.9053 947.1937 949.7921 951.3889 951.9574
-9999 -9999 -9999 -9999 -9999 -9999 -9999 -9999 -9999 -9999 -9999 -9999 -9999 -9999 -9999 -9999 -9999 -9999 -9999 -9999 -9999 -9999 -9999 -9999 -9999 -9999 -9999 -9999 -9999 -9999 -9999 951.864 951.3805 950.4148 948.9333 947.0822 945.0596 942.9308 940.7449 938.6627 936.447 934.3671 932.9034 931.9222 930.9503 930.028 929.138 928.2754 927.6048 926.8924 926.5552 926.5376 926.8733 927.2418 927.8277 928.5951 929.5858 930.7346 931.5691 932.3814 933.4194 935.0703 937.1089 939.7622 942.8353 945.8603 948.407 950.2366 951.2831
-9999 -9999 -9999 -9999 -9999 -9999 -9999 -9999 -9999 -9999 -9999 -9999 -9999 -9999 -9999 -9999 -9999 -9999 -9999 -9999 -9999 -9999 -9999 -9999 -9999 -9999 -9999 -9999 -9999 -9999 949.7725 949.2798 948.5833 947.4708 945.9291 944.1042 942.1853 940.2761 938.4589 936.5707 934.6733 932.9936 931.7939 930.8754 929.983 929.0647 928.1038 927.2646 926.589 926.0858 925.8551 925.9124 926.2313 926.5436 927.1982 928.1341 929.3394 930.5432 931.4574 932.408 933.5813 934.8801 936.3218 938.3603 940.9128 943.5947 946.0367 948.0439 949.5113
-9999 -9999 -9999 -9999 -9999 -9999 -9999 -9999 -9999 -9999 -9999 -9999 -9999 -9999 -9999 -9999 -9999 -9999 -9999 -9999 -9999 -9999 -9999 -9999 -9999 -9999 -9999 -9999 -9999 -9999 947.6279 946.7521 945.7463 944.4731 942.939 941.2306 939.5284 938.0035 936.5643 934.813 933.2113 931.8958 930.8532 929.9342 929.0244 928.0577 927.1858 926.4647 925.9335 925.5606 925.3843 925.4258 925.6586 925.9878 926.5872 927.5839 928.8062 929.9379 930.899 931.8157 932.8158 933.9105 935.1036 936.6689 938.6663 940.852 943.0073 945.0167 946.7287
-9999 -9999 -9999 -9999 -9999 -9999 -9999 -9999 -9999 -9999 -9999 -9999 -9999 -9999 -9999 -9999 -9999 -9999 -9999 -9999 -9999 -9999 -9999 -9999 -9999 -9999 -9999 -9999 -9999 947.1429 945.7775 944.4205 943.0367 941.6018 940.1234 938.5912 937.1848 935.8793 934.5924 933.2056 931.9914 930.9754 930.0399 929.0794 928.0699 927.1714 926.4393 925.9016 925.5139 925.2354 925.0845 925.0915 925.2555 925.5465 926.0275 926.7801 927.8625 929.0081 929.9885 930.8657 931.7909 932.7171 933.7169 934.9623 936.5829 938.3332 939.8843 941.6312 943.3662
-9999 -9999 -9999 -9999 -9999 -9999 -9999 -9999 -9999 -9999 -9999 -9999 -9999 -9999 -9999 -9999 -9999 -9999 -9999 -9999 -9999 -9999 -9999 -9999 -9999 -9999 -9999 -9999 947.5983 945.8052 943.9944 942.2141 940.5209 938.9911 937.6324 936.3722 935.1953 934.0761 932.9827 931.9559 931.0396 930.2188 929.3499 928.2791 927.2748 926.4676 925.9054 925.5182 925.249 925.05 924.9215 924.9012 925.0089 925.2329 925.5807 926.1003 926.8563 927.8687 928.8702 929.6913 930.6352 931.5321 932.3608 933.3286 934.7045 936.2219 937.2733 938.4774 939.9985
-9999 -9999 -9999 -9999 -9999 -9999 -9999 -9999 -9999 -9999 -9999 -9999 -9999 -9999 -9999 -9999 -9999 -9999 -9999 -9999 -9999 -9999 -9999 -9999 -9999 -9999 -9999 947.9572 946.1536 944.1417 942.072 940.0667 938.2578 936.7549 935.5925 934.5833 933.6182 932.6836 931.8302 931.0432 930.3377 929.6309 928.8076 927.7146 926.6864 926.0039 925.5577 925.2755 925.0922 924.9585 924.8616 924.8285 924.8898 925.0369 925.2573 925.5842 926.0879 926.7815 927.6391 928.411 929.3654 930.3389 931.0913 931.9102 932.9338 934.066 934.9656 935.9663 937.1746
-9999 -9999 -9999 -9999 -9999 -9999 -9999 -9999 -9999 -9999 -9999 -9999 -9999 -9999 -9999 -9999 -9999 -9999 -9999 -9999 -9999 -9999 -9999 -9999 -9999 -9999 947.7194 946.2098 944.3284 942.2123 940.0514 938.0325 936.3027 934.9891 934.0065 933.2261 932.4587 931.6993 931.009 930.386 929.7494 929.0067 928.0582 927.1072 926.3019 925.7114 925.3434 925.1321 925.0083 924.9218 924.8613 924.8384 924.8607 924.9291 925.0291 925.1926 925.5214 925.9686 926.5433 927.223 928.0493 929.0061 929.8196 930.6346 931.5101 932.3596 933.0958 933.9746 934.9583
-9999 -9999 -9999 -9999 -9999 -9999 -9999 -9999 -9999 -9999 -9999 -9999 -9999 -9999 -9999 -9999 -9999 -9999 -9999 -9999 -9999 -9999 -9999 -9999 -9999 947.2524 945.9343 944.2993 942.3451 940.1998 938.0861 936.213 934.7305 933.6108 932.7961 932.2427 931.611 930.9842 930.4072 929.8375 929.1649 928.2437 927.3051 926.4953 925.9043 925.4694 925.1967 925.0469 924.9615 924.9024 924.86 924.8599 924.8597 924.8592 924.8577 924.8803 925.1067 925.3435 925.6591 926.1386 926.7645 927.5948 928.3746 929.3219 930.2942 931.0728 931.7711 932.5179 933.3185
-9999 -9999 -9999 -9999 -9999 -9999 -9999 -9999 -9999 -9999 -9999 -9999 -9999 -9999 -9999 -9999 -9999 -9999 -9999 -9999 -9999 -9999 -9999 -9999 -9999 945.9144 944.3009 942.4792 940.4469 938.3214 936.3366 934.7308 933.4965 932.5888 931.9586 931.4798 930.9591 930.4214 929.8822 929.2892 928.533 927.6414 926.6996 926.0648 925.6133 925.2958 925.0982 924.9902 924.9227 924.8596 924.7974 924.7692 924.7472 924.7173 924.688 924.7026 924.8273 924.8459 924.8987 925.1398 925.6749 926.3358 926.9991 927.9783 929.0426 929.9257 930.6897 931.422 932.1132
-9999 -9999 -9999 -9999 -9999 -9999 -9999 -9999 -9999 -9999 -9999 -9999 -9999 -9999 -9999 -9999 -9999 -9999 -9999 -9999 -9999 -9999 -9999 -9999 946.7922 944.8364 942.9087 940.9152 938.8045 936.7039 934.9268 933.552 932.558 931.871 931.3666 930.9214 930.4277 929.8981 929.3193 928.6361 927.8788 927.0696 926.3455 925.8065 925.433 925.183 925.0303 924.9384 924.8588 924.7539 924.6628 924.6064 924.5676 924.5259 924.4782 924.4494 924.4486 924.3931 924.3722 924.5183 924.8924 925.3943 925.926 926.7305 927.7612 928.71 929.5446 930.3893 931.037
-9999 -9999 -9999 -9999 -9999 -9999 -9999 -9999 -9999 -9999 -9999 -9999 -9999 -9999 -9999 -9999 -9999 -9999 -9999 -9999 -9999 -9999 -9999 948.5571 946.2427 943.9643 941.8237 939.7177 937.5292 935.4412 933.797 932.6275 931.8694 931.3429 930.9033 930.4271 929.9075 929.3282 928.6565 927.9581 927.2645 926.5606 926.0325 925.611 925.3032 925.0944 924.9606 924.8585 924.7317 924.5942 924.4767 924.3964 924.3444 924.2959 924.2372 924.1726 924.1091 924.0286 923.9854 924.0769 924.3474 924.7284 925.0668 925.7225 926.5929 927.5303 928.3347 929.2026 929.9387
-9999 -9999 -9999 -9999 -9999 -9999 -9999 -9999 -9999 -9999 -9999 -9999 -9999 -9999 -9999 -9999 -9999 -9999 -9999 -9999 -9999 -9999 -9999 948.0313 945.5478 943.118 940.8702 938.6806 936.403 934.3694 932.8713 931.9355 931.3469 930.9041 930.4343 929.9128 929.329 928.6596 927.9823 927.3726 926.8124 926.3051 925.8278 925.4561 925.1844 924.995 924.8589 924.7244 924.5699 924.4081 924.2668 924.1654 924.0996 924.0465 923.984 923.9039 923.8163 923.7407 923.6967 923.745 923.9159 924.175 924.4618 924.9423 925.6434 926.4405 927.2034 927.9575 928.7133
-9999 -9999 -9999 -9999 -9999 -9999 -9999 -9999 -9999 -9999 -9999 -9999 -9999 -9999 -9999 -9999 -9999 -9999 -9999 -9999 -9999 -9999 949.3718 947.1279 944.6312 942.1561 939.819 937.5458 935.2345 933.3668 932.1418 931.394 930.9111 930.4625 929.948 929.3445 928.6588 927.9773 927.3791 926.85 926.3837 925.9733 925.5916 925.2786 925.0391 924.8593 924.7114 924.5638 924.3973 924.2195 924.0581 923.9362 923.8561 923.7949 923.7399 923.6594 923.5585 923.5101 923.4843 923.5225 923.6208 923.7976 924.0359 924.3984 924.9156 925.5619 926.2233 926.8185 927.5615
-9999 -9999 -9999 -9999 -9999 -9999 -9999 -9999 -9999 -9999 -9999 -9999 -9999 -9999 -9999 -9999 -9999 -9999 -9999 -9999 -9999 950.3729 948.2712 945.9694 943.5145 941.0239 938.5898 936.259 934.1478 932.5507 931.5341 930.9289 930.4961 930.0433 929.4554 928.7191 927.9911 927.3733 926.8434 926.3874 925.9971 925.6526 925.3409 925.0753 924.8595 924.6846 924.5356 924.3886 924.2219 924.038 923.8622 923.7241 923.6336 923.556 923.5208 923.459 923.3367 923.3285 923.3315 923.3949 923.4472 923.5687 923.7574 924.0316 924.4136 924.8926 925.4287 925.951 926.5507
-9999 -9999 -9999 -9999 -9999 -9999 -9999 -9999 -9999 -9999 -9999 -9999 -9999 -9999 -9999 -9999 -9999 -9999 -9999 -9999 -9999 949.1025 946.8458 944.5553 942.1433 939.6127 937.0786 934.8484 933.0264 931.7609 930.9725 930.4987 930.1177 929.6538 928.9989 928.1186 927.4139 926.8466 926.3824 925.9927 925.6591 925.3634 925.0953 924.8595 924.6581 924.489 924.344 924.2035 924.0441 923.8613 923.6772 923.5295 923.4499 923.3369 923.3295 923.3202 923.2068 923.1826 923.2261 923.325 923.3317 923.4347 923.5875 923.7969 924.0811 924.4431 924.8648 925.317 925.8251
-9999 -9999 -9999 -9999 -9999 -9999 -9999 -9999 -9999 -9999 -9999 -9999 -9999 -9999 -9999 -9999 -9999 -9999 -9999 -9999 949.7662 947.4224 945.2157 942.9812 940.5845 938.0237 935.5078 933.4973 932.0369 931.0667 930.4973 930.1152 929.734 929.1854 928.3304 927.5394 926.8877 926.3828 925.9856 925.6547 925.3646 925.1016 924.8589 924.6387 924.4487 924.2867 924.1476 924.0162 923.866 923.6875 923.4975 923.3383 923.3181 923.1826 923.1097 923.061 922.9905 922.9791 923.0327 923.1283 923.2014 923.3276 923.468 923.6409 923.8591 924.1371 924.4724 924.8546 925.2826
-9999 -9999 -9999 -9999 -9999 -9999 -9999 -9999 -9999 -9999 -9999 -9999 -9999 -9999 -9999 -9999 -9999 -9999 -9999 -9999 947.7366 945.6555 943.5963 941.3786 938.9274 936.3775 934.1028 932.4476 931.2792 930.5732 930.1201 929.7454 929.2867 928.5978 927.7773 927.0035 926.4052 925.9761 925.6433 925.3613 925.1033 924.8578 924.6239 924.4156 924.2372 924.085 923.955 923.8347 923.6921 923.517 923.3283 923.1606 923.0665 922.9406 922.8417 922.7712 922.7208 922.7229 922.7836 922.8857 923.0042 923.1564 923.3275 923.4998 923.6896 923.9135 924.1819 924.4957 924.8561
-9999 -9999 -9999 -9999 -9999 -9999 -9999 -9999 -9999 -9999 -9999 -9999 -9999 -9999 -9999 -9999 -9999 -9999 -9999 947.5703 945.7758 944.0258 942.0822 939.803 937.252 934.8342 932.9741 931.6712 930.8154 930.2145 929.7622 929.2936 928.649 927.8939 927.1205 926.4512 925.9779 925.6285 925.35 925.101 924.8572 924.6125 924.387 924.1923 924.027 923.884 923.7642 923.6608 923.5167 923.3282 923.1176 922.9288 922.7861 922.6544 922.5516 922.4796 922.4407 922.4495 922.5116 922.6202 922.7598 922.9314 923.1249 923.3273 923.5239 923.7256 923.9506 924.2074 924.5052
-9999 -9999 -9999 -9999 -9999 -9999 -9999 -9999 -9999 -9999 -9999 -9999 -9999 -9999 -9999 -9999 -9999 -9999 946.7119 945.3992 944.094 942.5989 940.688 938.3082 935.7197 933.5911 932.0225 930.9846 930.3168 929.7998 929.2903 928.6407 927.9026 927.1525 926.4793 925.9839 925.6213 925.3391 925.0946 924.8556 924.603 924.3593 924.1453 923.9712 923.8223 923.6823 923.5635 923.4907 923.3282 923.1038 922.8663 922.6565 922.4913 922.3572 922.2681 922.2111 922.183 922.1917 922.2455 922.3528 922.4957 922.6729 922.8766 923.0992 923.3265 923.5396 923.7469 923.9661 924.2108
-9999 -9999 -9999 -9999 -9999 -9999 -9999 -9999 -9999 -9999 -9999 -9999 -9999 -9999 -9999 -9999 -9999 -9999 944.5358 943.6897 942.7083 941.3101 939.3666 936.9389 934.4623 932.5444 931.2007 930.3738 929.8073 929.2768 928.6209 927.8875 927.1447 926.478 925.9795 925.6119 925.3302 925.09 924.8538 924.5946 924.3337 924.0919 923.894 923.756 923.6342 923.4869 923.3413 923.3124 923.1031 922.8436 922.5849 922.3646 922.2015 922.0694 922.014 921.9858 921.9706 921.9735 922.0065 922.108 922.2361 922.4043 922.6021 922.829 923.0758 923.3248 923.5468 923.7515 923.9603
-9999 -9999 -9999 -9999 -9999 -9999 -9999 -9999 -9999 -9999 -9999 -9999 -9999 -9999 -9999 -9999 -9999 943.8996 943.16 942.4819 941.5159 940.0082 937.9807 935.6698 933.4604 931.6898 930.5562 929.833 929.2612 928.5997 927.8695 927.1304 926.4673 925.9658 925.5962 925.3171 925.0836 924.8528 924.5899 924.3174 924.0522 923.8109 923.6257 923.5462 923.4764 923.3296 923.165 923.0355 922.8148 922.5504 922.2897 922.0773 921.9539 921.8178 921.8089 921.8094 921.8095 921.8091 921.8132 921.9152 922.0035 922.1496 922.3203 922.5347 922.7814 923.0538 923.3224 923.5453 923.7418
-9999 -9999 -9999 -9999 -9999 -9999 -9999 -9999 -9999 -9999 -9999 -9999 -9999 -9999 -9999 -9999 -9999 943.3604 942.4537 941.6086 940.3562 938.5673 936.4672 934.5619 932.5555 931.006 929.9926 929.297 928.62 927.8962 927.1434 926.4695 925.9594 925.5804 925.3001 925.0737 924.8533 924.5941 924.3146 924.0374 923.7772 923.5372 923.3445 923.329 923.3164 923.1456 922.9496 922.7561 922.5222 922.2642 922.0159 921.8224 921.8019 921.6949 921.6609 921.6595 921.6696 921.6866 921.7219 921.8068 921.815 921.9385 922.0525 922.2391 922.4604 922.737 923.0388 923.3202 923.5381
-9999 -9999 -9999 -9999 -9999 -9999 -9999 -9999 -9999 -9999 -9999 -9999 -9999 -9999 -9999 -9999 944.0638 942.8024 941.8249 940.7324 939.112 936.9702 934.8285 933.0731 931.4708 930.261 929.4062 928.7283 928.034 927.3067 926.5697 926.0153 925.5946 925.2909 925.0624 924.8545 924.6113 924.3364 924.0477 923.7732 923.5373 923.3274 923.1561 923.0894 923.029 922.8793 922.688 922.4803 922.2525 922.0188 921.8105 921.665 921.6168 921.5542 921.5249 921.5251 921.5426 921.5709 921.6125 921.6716 921.7124 921.8048 921.8196 921.9777 922.1342 922.3973 922.715 923.0347 923.3171
-9999 -9999 -9999 -9999 -9999 -9999 -9999 -9999 -9999 -9999 -9999 -9999 -9999 -9999 -9999 -9999 943.8849 942.3809 941.2329 939.9033 937.9197 935.5453 933.5203 931.8598 930.5898 929.609 928.8788 928.2642 927.6465 926.9113 926.2783 925.726 925.3275 925.061 924.8555 924.6354 924.3856 924.1057 923.8104 923.5339 923.3268 923.132 922.9669 922.8525 922.7452 922.5969 922.4167 922.2202 922.0127 921.811 921.6428 921.5244 921.4617 921.4146 921.3922 921.3954 921.4171 921.4493 921.4883 921.5327 921.577 921.6392 921.6862 921.799 921.8312 922.0701 922.3827 922.7115 923.0251
-9999 -9999 -9999 -9999 -9999 -9999 -9999 -9999 -9999 -9999 -9999 -9999 -9999 -9999 -9999 946.4401 944.0031 942.2509 940.7985 939.1172 936.8215 934.4573 932.5934 931.1218 930.0181 929.1933 928.4342 927.7804 927.0886 926.4289 925.8933 925.431 925.0819 924.8574 924.6583 924.4446 924.2025 923.9299 923.6354 923.3434 923.1554 922.9718 922.798 922.6455 922.499 922.3397 922.1676 921.9919 921.8106 921.6415 921.4995 921.3952 921.3285 921.2842 921.2632 921.2664 921.2884 921.3199 921.3536 921.3877 921.4241 921.4705 921.5182 921.5851 921.6399 921.8137 922.0801 922.3826 922.688
-9999 -9999 -9999 -9999 -9999 -9999 -9999 -9999 -9999 -9999 -9999 -9999 -9999 -9999 -9999 946.8121 944.2891 942.3139 940.5236 938.449 935.9545 933.7417 931.9761 930.6674 929.5914 928.7499 927.98 927.2598 926.5556 926.0104 925.5558 925.1754 924.8767 924.6935 924.5093 924.3051 924.0784 923.8312 923.5742 923.3264 923.0962 922.8811 922.6781 922.4883 922.308 922.1313 921.9604 921.8096 921.6523 921.5029 921.3749 921.2767 921.2084 921.1625 921.1384 921.1378 921.1565 921.1843 921.2123 921.2381 921.2664 921.3046 921.3499 921.4032 921.4713 921.6093 921.8149 922.0688 922.3207
