backend/lakes/data/Sylvan Lake/sylv_dem_tm.asc
ncols         278
nrows         246
xllcorner     550350
yllcorner     5792650
cellsize      50
NODATA_value  -9999
[rows 60 to 89 of 246, columns 0 to 68 of 278]
-9999 -9999 -9999 -9999 -9999 -9999 -9999 -9999 -9999 -9999 -9999 -9999 -9999 -9999 -9999 946.8345 944.4607 942.3682 940.2488 937.812 935.2 933.1776 931.4884 930.3173 929.3503 928.4393 927.6777 926.8989 926.2839 925.7397 925.3224 925.0237 924.8481 924.6302 924.4254 924.2188 924.0032 923.7797 923.5533 923.3282 923.082 922.8396 922.6062 922.3848 922.177 921.9869 921.8151 921.681 921.5338 921.3895 921.2644 921.1666 921.0959 921.0468 921.0178 921.0111 921.0241 921.0464 921.0684 921.0875 921.1101 921.1452 921.1917 921.2441 921.3116 921.4247 921.5875 921.7783 921.8843
-9999 -9999 -9999 -9999 -9999 -9999 -9999 -9999 -9999 -9999 -9999 -9999 -9999 -9999 -9999 946.2673 944.2337 942.1882 939.8583 937.158 934.5859 932.8202 931.2242 930.1263 929.2033 928.1409 927.3007 926.5189 925.9717 925.5031 925.1357 924.8692 924.7295 924.5531 924.3608 924.1613 923.9563 923.7491 923.5415 923.329 923.0857 922.8305 922.5735 922.325 922.0981 921.9152 921.8039 921.6226 921.4492 921.2939 921.1631 921.0612 920.9873 920.9354 920.9021 920.8893 920.8959 920.9119 920.9269 920.9401 920.9586 920.9926 921.0427 921.0968 921.1544 921.2331 921.3376 921.4503 921.5566
-9999 -9999 -9999 -9999 -9999 -9999 -9999 -9999 -9999 -9999 -9999 -9999 -9999 -9999 946.834 945.2188 943.6069 941.7124 939.3389 936.5974 934.0963 932.3903 931.0179 930.028 929.148 928.0269 927.1276 926.3784 925.8026 925.3552 925.0432 924.8582 924.6874 924.5043 924.3135 924.1193 923.9231 923.7267 923.5302 923.3292 923.101 922.8455 922.5715 922.2967 922.0386 921.8152 921.6923 921.5294 921.358 921.1989 921.0633 920.9572 920.8804 920.8268 920.7913 920.7745 920.7759 920.7866 920.7952 920.8011 920.8145 920.8474 920.9 920.9573 921.0046 921.0515 921.1085 921.1768 921.2726
-9999 -9999 -9999 -9999 -9999 -9999 -9999 -9999 -9999 -9999 -9999 -9999 -9999 -9999 945.2042 944.0941 942.8475 941.1452 938.8585 936.2377 933.934 932.27 930.9784 930.0247 929.1368 927.9964 927.0739 926.3411 925.7219 925.2587 924.967 924.8553 924.6697 924.472 924.2762 924.0852 923.8971 923.7096 923.52 923.3288 923.132 922.8827 922.5948 922.3008 922.033 921.8096 921.6299 921.4457 921.2647 921.1006 920.9617 920.853 920.7749 920.7214 920.686 920.6678 920.6667 920.6748 920.6791 920.6779 920.6843 920.7119 920.7644 920.824 920.8671 920.8899 920.9108 920.9479 921.0223
-9999 -9999 -9999 -9999 -9999 -9999 -9999 -9999 -9999 -9999 -9999 -9999 -9999 -9999 944.1707 943.3429 942.3288 940.7542 938.6266 936.2493 934.3008 932.575 931.1962 930.1696 929.1772 928.0082 927.0712 926.3272 925.6831 925.1957 924.872 924.7952 924.6353 924.4382 924.2406 924.0546 923.8777 923.7037 923.5241 923.3356 923.1949 922.9413 922.6262 922.3059 922.0286 921.8112 921.5875 921.3685 921.1691 920.9977 920.857 920.7484 920.6713 920.62 920.5869 920.5697 920.569 920.5774 920.5813 920.576 920.574 920.5934 920.6394 920.6974 920.7402 920.7507 920.7449 920.7505 920.7968
-9999 -9999 -9999 -9999 -9999 -9999 -9999 -9999 -9999 -9999 -9999 -9999 -9999 -9999 944.3644 943.3953 942.3102 940.8507 938.9849 936.9216 935.1973 933.2977 931.767 930.5609 929.3735 928.1526 927.1661 926.3607 925.7224 925.2526 924.9652 924.8538 924.6354 924.4109 924.2061 924.0254 923.8654 923.7183 923.5784 923.4461 923.3188 923.0111 922.645 922.2798 921.9783 921.7948 921.5265 921.2776 921.0641 920.8885 920.7495 920.6443 920.5712 920.5244 920.4954 920.4811 920.4824 920.4937 920.501 920.4959 920.4883 920.4973 920.5321 920.5827 920.6218 920.6305 920.6078 920.5863 920.5967
-9999 -9999 -9999 -9999 -9999 -9999 -9999 -9999 -9999 -9999 -9999 -9999 -9999 -9999 946.1001 944.7988 943.4866 941.9781 940.165 938.1212 936.2802 934.3502 932.604 931.1593 929.8701 928.623 927.506 926.5651 925.8949 925.3876 925.0547 924.8557 924.6093 924.3743 924.1683 923.9946 923.85 923.7263 923.6122 923.4926 923.3297 923.0234 922.6329 922.2148 921.8331 921.6259 921.3893 921.1542 920.9458 920.7748 920.6419 920.5436 920.4772 920.437 920.4137 920.4031 920.4069 920.4222 920.4357 920.4355 920.4263 920.4265 920.4485 920.4855 920.5176 920.522 920.496 920.457 920.4376
-9999 -9999 -9999 -9999 -9999 -9999 -9999 -9999 -9999 -9999 -9999 -9999 -9999 -9999 949.1293 947.4306 945.7637 944.1022 942.222 940.0707 937.9974 935.8762 933.8626 932.1945 930.7638 929.4282 928.1857 927.128 926.2814 925.6227 925.1659 924.8527 924.5852 924.3451 924.1368 923.965 923.8286 923.7186 923.618 923.5022 923.3288 923.0286 922.6371 922.2078 921.8104 921.5225 921.2657 921.032 920.8296 920.6653 920.5401 920.4503 920.3922 920.36 920.3442 920.3378 920.3434 920.3618 920.3827 920.3906 920.3848 920.3798 920.3896 920.4133 920.4323 920.4312 920.4017 920.3596 920.3315
-9999 -9999 -9999 -9999 -9999 -9999 -9999 -9999 -9999 -9999 -9999 -9999 -9999 -9999 -9999 950.8802 948.9073 947.041 945.0313 942.7258 940.3597 937.9614 935.6796 933.6725 932.0139 930.5601 929.2021 927.9244 926.7883 925.9638 925.3613 924.9034 924.625 924.361 924.1311 923.9467 923.8064 923.6996 923.605 923.4944 923.3283 923.0448 922.6629 922.2284 921.8098 921.4627 921.1724 920.9282 920.7272 920.5685 920.4507 920.3689 920.3186 920.2949 920.2875 920.2869 920.2938 920.3132 920.3392 920.3564 920.3582 920.3527 920.3541 920.3647 920.3729 920.3619 920.3278 920.2805 920.2788
-9999 -9999 -9999 -9999 -9999 -9999 -9999 -9999 -9999 -9999 -9999 -9999 -9999 -9999 -9999 954.5594 952.4274 950.4209 948.3132 945.8541 943.1584 940.4452 937.8796 935.5662 933.5578 931.8451 930.3412 928.8953 927.5659 926.4999 925.7631 925.2203 924.817 924.4519 924.1651 923.9482 923.7917 923.6791 923.5852 923.4796 923.3279 923.0809 922.7115 922.2618 921.8102 921.4212 921.1024 920.8459 920.6437 920.4893 920.3781 920.3034 920.2596 920.2426 920.2435 920.2499 920.2592 920.2775 920.305 920.3295 920.3397 920.3386 920.3355 920.3369 920.3348 920.3176 920.28 920.2271 920.1825
-9999 -9999 -9999 -9999 -9999 -9999 -9999 -9999 -9999 -9999 -9999 -9999 -9999 -9999 -9999 957.8546 955.7977 953.8168 951.7151 949.1699 946.222 943.1387 940.261 937.6538 935.3398 933.213 931.4323 929.7597 928.2867 927.1324 926.28 925.6312 924.9921 924.5717 924.2318 923.9739 923.7922 923.6687 923.5747 923.4749 923.3342 923.1587 922.7943 922.3097 921.8106 921.3895 921.0524 920.7871 920.5825 920.4301 920.3241 920.2561 920.2177 920.2047 920.2114 920.225 920.2379 920.2548 920.2805 920.3078 920.3252 920.3289 920.3259 920.3199 920.3082 920.28 920.2305 920.1671 920.096
-9999 -9999 -9999 -9999 -9999 -9999 -9999 -9999 -9999 -9999 -9999 -9999 -9999 -9999 -9999 -9999 958.5836 956.8403 954.8886 952.3759 949.2849 945.8858 942.6331 939.6982 937.1317 934.602 932.6064 930.6901 929.0987 927.8203 926.8254 926.1916 925.4052 924.8107 924.3572 924.0336 923.8156 923.6791 923.5919 923.5206 923.4373 923.3076 922.9184 922.3771 921.8137 921.3732 921.0287 920.7578 920.549 920.395 920.2906 920.2275 920.1943 920.1835 920.1923 920.2109 920.2281 920.2443 920.266 920.2919 920.3116 920.3188 920.3149 920.3038 920.28 920.2354 920.1743 920.1007 920.0156
-9999 -9999 -9999 -9999 -9999 -9999 -9999 -9999 -9999 -9999 -9999 -9999 -9999 -9999 -9999 -9999 -9999 959.1794 957.5175 955.1777 952.1107 948.5367 944.8413 941.4601 938.507 935.7539 933.3873 931.4019 929.8162 928.5604 927.5201 926.6081 925.7719 925.0203 924.5127 924.1284 923.8661 923.7098 923.624 923.566 923.4927 923.3402 923.0391 922.4728 921.8372 921.3975 921.0488 920.7672 920.5481 920.3873 920.2798 920.2178 920.1881 920.1787 920.1865 920.2065 920.2274 920.2443 920.2615 920.2823 920.3 920.3062 920.2987 920.28 920.2391 920.1812 920.11 920.0272 919.9341
-9999 -9999 -9999 -9999 -9999 -9999 -9999 -9999 -9999 -9999 -9999 -9999 -9999 -9999 -9999 -9999 -9999 960.7299 959.4333 957.365 954.4753 950.917 946.9981 943.1528 939.9108 936.939 934.3165 932.2605 930.6922 929.4141 928.2704 927.2719 926.3551 925.5016 924.8058 924.291 923.9557 923.7665 923.6745 923.6271 923.5802 923.4819 923.2562 922.6627 921.9564 921.5157 921.1348 920.8214 920.5801 920.4066 920.2919 920.2265 920.1971 920.1887 920.1942 920.212 920.2342 920.252 920.2662 920.2805 920.2928 920.2949 920.28 920.2488 920.1931 920.1216 920.04 919.949 919.8489
-9999 -9999 -9999 -9999 -9999 -9999 -9999 -9999 -9999 -9999 -9999 -9999 -9999 -9999 -9999 -9999 -9999 -9999 960.7172 958.9717 956.382 953.0426 949.1661 945.1631 941.6147 938.3917 935.5656 933.2938 931.6454 930.4085 929.2598 928.1395 927.1016 926.0903 925.1246 924.4976 924.0859 923.8538 923.7451 923.6959 923.6559 923.5695 923.35 922.9243 922.2809 921.7487 921.2732 920.9077 920.6362 920.4467 920.3238 920.2524 920.2197 920.2104 920.2139 920.2277 920.2477 920.2656 920.2774 920.2861 920.2919 920.2915 920.28 920.2266 920.1512 920.0633 919.97 919.8699 919.7623
-9999 -9999 -9999 -9999 -9999 -9999 -9999 -9999 -9999 -9999 -9999 -9999 -9999 -9999 -9999 -9999 -9999 -9999 961.4984 960.1226 957.9615 955.0204 951.3954 947.4119 943.5889 940.0895 937.0317 934.5289 932.6415 931.3195 930.2471 929.11 927.9412 926.7322 925.6392 924.8143 924.2814 923.9865 923.8447 923.7791 923.7369 923.6743 923.5273 923.2186 922.5306 921.8502 921.3704 920.9933 920.7039 920.4997 920.3687 920.2914 920.2532 920.2415 920.2436 920.2536 920.2689 920.2834 920.2924 920.2949 920.2921 920.28 920.2578 920.1987 920.112 920.0108 919.9047 919.7955 919.6808
-9999 -9999 -9999 -9999 -9999 -9999 -9999 -9999 -9999 -9999 -9999 -9999 -9999 -9999 -9999 -9999 -9999 -9999 -9999 960.9583 959.3458 956.9275 953.6779 949.8257 945.7883 942.0057 938.6873 935.924 933.7454 932.2089 931.0313 929.9453 928.8135 927.509 926.2207 925.1541 924.5313 924.1766 923.9805 923.8771 923.812 923.7412 923.6021 923.3013 922.6846 921.9647 921.5034 921.1019 920.7861 920.5637 920.4222 920.339 920.2955 920.2805 920.2823 920.2901 920.2992 920.3066 920.3092 920.3064 920.298 920.28 920.2428 920.1749 920.0792 919.9667 919.8489 919.7303 919.6085
-9999 -9999 -9999 -9999 -9999 -9999 -9999 -9999 -9999 -9999 -9999 -9999 -9999 -9999 -9999 -9999 -9999 -9999 -9999 -9999 960.8123 958.9693 956.1412 952.5041 948.3925 944.2397 940.6088 937.5886 935.1586 933.3019 931.9222 930.7452 929.5323 928.1746 926.8106 925.6826 924.9048 924.4517 924.1598 923.9905 923.8853 923.7894 923.6399 923.3556 922.9181 922.2809 921.7397 921.244 920.881 920.6365 920.4829 920.3928 920.3453 920.3281 920.3304 920.337 920.3393 920.3356 920.3275 920.3162 920.3024 920.28 920.2304 920.1533 920.0505 919.9299 919.803 919.6759 919.5485
-9999 -9999 -9999 -9999 -9999 -9999 -9999 -9999 -9999 -9999 -9999 -9999 -9999 -9999 -9999 -9999 -9999 -9999 -9999 -9999 962.6241 961.3566 958.9162 955.4831 951.3763 947.0004 942.8806 939.5378 936.8355 934.6907 932.9918 931.6099 930.3417 928.9662 927.5509 926.2783 925.3503 924.7759 924.3604 924.11 923.9622 923.8531 923.726 923.5311 923.2167 922.5548 921.8577 921.3453 920.9717 920.7166 920.5525 920.4548 920.4046 920.3878 920.3907 920.3954 920.3893 920.3713 920.3468 920.3217 920.2999 920.2799 920.2151 920.1288 920.0217 919.8968 919.7638 919.6309 919.4995
-9999 -9999 -9999 -9999 -9999 -9999 -9999 -9999 -9999 -9999 -9999 -9999 -9999 -9999 -9999 -9999 -9999 -9999 -9999 -9999 -9999 964.1025 961.9347 958.6367 954.532 950.0033 945.5375 941.7338 938.6904 936.2498 934.234 932.5031 931.0292 929.6177 928.1638 926.7626 925.7123 924.9742 924.5308 924.2247 924.0367 923.9137 923.7941 923.6324 923.3456 922.8036 922.0486 921.5067 921.1033 920.8242 920.6418 920.5319 920.4783 920.4639 920.4669 920.4665 920.4486 920.4129 920.3681 920.3221 920.2801 920.2493 920.186 920.0984 919.9905 919.8645 919.7283 919.5913 919.4575
-9999 -9999 -9999 -9999 -9999 -9999 -9999 -9999 -9999 -9999 -9999 -9999 -9999 -9999 -9999 -9999 -9999 -9999 -9999 -9999 -9999 966.8848 964.8856 961.6806 957.5967 952.9975 948.3011 944.0013 940.5964 937.8563 935.5393 933.4072 931.7579 930.3657 928.9188 927.3873 926.184 925.3646 924.7956 924.3746 924.1189 923.9727 923.8533 923.734 923.5598 923.2195 922.5436 921.8204 921.3138 920.9792 920.7623 920.6321 920.5715 920.5583 920.5597 920.5497 920.5159 920.4609 920.3964 920.3331 920.28 920.2354 920.1664 920.073 919.9617 919.834 919.6953 919.5548 919.4187
-9999 -9999 -9999 -9999 -9999 -9999 -9999 -9999 -9999 -9999 -9999 -9999 -9999 -9999 -9999 -9999 -9999 -9999 -9999 -9999 -9999 -9999 967.3175 964.2378 960.2487 955.7054 950.9479 946.3648 942.4707 939.3903 936.8301 934.292 932.413 930.9796 929.6091 928.0374 926.6932 925.8235 925.0327 924.5363 924.2134 924.0306 923.8993 923.7988 923.7037 923.4999 923.023 922.1568 921.5756 921.1832 920.9194 920.7601 920.6867 920.6687 920.6633 920.6403 920.5879 920.514 920.4323 920.3523 920.2803 920.2413 920.165 920.061 919.9407 919.8083 919.6664 919.5218 919.3823
-9999 -9999 -9999 -9999 -9999 -9999 -9999 -9999 -9999 -9999 -9999 -9999 -9999 -9999 -9999 -9999 -9999 -9999 -9999 -9999 -9999 -9999 -9999 965.9513 962.1878 957.8481 953.1887 948.4547 944.0602 940.6053 937.6677 935.0111 932.9489 931.5243 930.2393 928.7159 927.3083 926.4516 925.4706 924.7935 924.3495 924.105 923.9459 923.8353 923.7747 923.6557 923.3138 922.6429 921.9374 921.4536 921.1163 920.9148 920.8202 920.7875 920.7665 920.7265 920.6581 920.571 920.4808 920.3983 920.3297 920.2795 920.1814 920.0629 919.9312 919.7909 919.6438 919.4946 919.3502
-9999 -9999 -9999 -9999 -9999 -9999 -9999 -9999 -9999 -9999 -9999 -9999 -9999 -9999 -9999 -9999 -9999 -9999 -9999 -9999 -9999 -9999 -9999 966.6055 963.2194 959.2604 954.8734 950.1793 945.5591 941.6921 938.4065 935.598 933.4178 932.0414 930.8054 929.4442 928.0211 926.795 925.7684 924.9741 924.5074 924.2147 924.0188 923.8845 923.831 923.7749 923.5682 923.1296 922.3986 921.7697 921.3364 921.0862 920.9614 920.9024 920.8555 920.7961 920.7185 920.6282 920.5369 920.4507 920.3669 920.2798 920.1879 920.0707 919.9323 919.7835 919.6301 919.4759 919.326
-9999 -9999 -9999 -9999 -9999 -9999 -9999 -9999 -9999 -9999 -9999 -9999 -9999 -9999 -9999 -9999 -9999 -9999 -9999 -9999 -9999 -9999 -9999 -9999 963.2922 959.8787 955.9076 951.4059 946.7278 942.5745 939.0516 936.1393 933.9078 932.569 931.373 930.2086 928.8217 927.3798 926.239 925.3864 924.8246 924.4282 924.1434 923.9812 923.9224 923.8906 923.7302 923.3533 922.7256 921.9918 921.5428 921.2675 921.1022 921.0009 920.9193 920.8422 920.7678 920.69 920.6066 920.5187 920.4153 920.282 920.2086 920.0923 919.9459 919.7869 919.6259 919.4667 919.3128
-9999 -9999 -9999 -9999 -9999 -9999 -9999 -9999 -9999 -9999 -9999 -9999 -9999 -9999 -9999 -9999 -9999 -9999 -9999 -9999 -9999 -9999 -9999 -9999 962.572 959.7854 956.2938 952.06 947.4337 943.149 939.5599 936.6715 934.4614 932.9326 931.803 930.7547 929.5217 928.1462 926.9013 925.9531 925.2462 924.7338 924.3115 924.1296 924.0945 924.0938 923.9631 923.6542 923.1436 922.4207 921.8534 921.4985 921.2491 921.0798 920.9552 920.868 920.8165 920.7728 920.7064 920.6211 920.5072 920.3768 920.2772 920.134 919.9712 919.8003 919.6317 919.4689 919.3126
-9999 -9999 -9999 -9999 -9999 -9999 -9999 -9999 -9999 -9999 -9999 -9999 -9999 -9999 -9999 -9999 -9999 -9999 -9999 -9999 -9999 -9999 -9999 -9999 961.3583 959.1318 956.092 952.1536 947.6646 943.3842 939.9272 937.1992 935.084 933.5054 932.3191 931.3152 930.3097 929.1002 927.8701 926.7318 925.7847 924.9994 924.504 924.3303 924.3616 924.4379 924.3583 923.985 923.425 922.825 922.2435 921.7689 921.3988 921.1468 920.9762 920.8893 920.8842 920.9012 920.8522 920.7625 920.6363 920.4717 920.2869 920.1681 920.0017 919.8235 919.6503 919.4858 919.3291
-9999 -9999 -9999 -9999 -9999 -9999 -9999 -9999 -9999 -9999 -9999 -9999 -9999 -9999 -9999 -9999 -9999 -9999 -9999 -9999 -9999 -9999 -9999 -9999 959.9857 958.1507 955.4717 951.8523 947.6052 943.4212 940.2863 937.8216 935.8413 934.2426 932.9338 931.9038 930.9588 929.9592 928.9152 927.7674 926.6237 925.6387 924.9459 924.6753 924.7247 924.8784 924.7918 924.3664 923.8108 923.2607 922.6459 921.993 921.5549 921.2354 921.0174 920.9319 920.9888 921.0961 921.0555 920.962 920.832 920.657 920.4452 920.2703 920.0557 919.8644 919.6901 919.5269 919.3706
-9999 -9999 -9999 -9999 -9999 -9999 -9999 -9999 -9999 -9999 -9999 -9999 -9999 -9999 -9999 -9999 -9999 -9999 -9999 -9999 -9999 -9999 -9999 -9999 958.7543 957.1112 954.6807 951.4235 947.6089 943.8229 940.9738 938.7266 936.8707 935.2823 933.9039 932.7308 931.731 930.8025 929.8596 928.8531 927.7125 926.6019 925.7679 925.306 925.1804 925.4094 925.2451 924.6963 924.1355 923.646 923.1658 922.5193 921.9003 921.4457 921.1387 921.0238 921.1208 921.3017 921.2936 921.2134 921.087 920.8981 920.6144 920.3055 920.1072 919.9301 919.7639 919.6046 919.448
-9999 -9999 -9999 -9999 -9999 -9999 -9999 -9999 -9999 -9999 -9999 -9999 -9999 -9999 -9999 -9999 -9999 -9999 -9999 -9999 -9999 -9999 -9999 -9999 957.8758 956.2834 954.0677 951.2339 947.9611 944.6725 942.1434 940.0475 938.2442 936.6407 935.187 933.8741 932.7098 931.7015 930.7834 929.8492 928.862 927.8115 926.9362 926.4602 925.7435 925.9303 925.3821 924.8524 924.3783 923.9814 923.6193 923.1481 922.4739 921.8373 921.3911 921.1998 921.3036 921.551 921.5759 921.52 921.4023 921.1978 920.899 920.5648 920.2874 920.0729 919.8942 919.7317 919.5712
