backend/lakes/data/Jack Fish Lake/jack_dem_tm.asc
ncols         98
nrows         114
xllcorner     547250
yllcorner     5921350
cellsize      50
NODATA_value  -9999
[rows 60 to 89 of 114, columns 0 to 68 of 98]
-9999 -9999 -9999 -9999 -9999 -9999 -9999 -9999 -9999 -9999 -9999 -9999 -9999 -9999 -9999 -9999 -9999 -9999 -9999 -9999 -9999 -9999 -9999 -9999 -9999 -9999 -9999 -9999 -9999 -9999 -9999 -9999 741.0376 741.1572 741.3701 741.8362 742.5789 744.1285 746.7397 750.038 753.051 754.2068 753.2884 750.9665 747.4502 743.3887 739.7725 737.4782 736.7714 737.1813 737.8708 737.8327 736.7264 734.5891 731.9137 729.4634 727.667 726.5139 726.4437 726.9244 727.6115 728.1194 728.2332 727.6218 726.3829 725.0787 724.2308 723.6971 723.0714
-9999 -9999 -9999 -9999 -9999 -9999 -9999 -9999 -9999 -9999 -9999 -9999 -9999 -9999 -9999 -9999 -9999 -9999 -9999 -9999 -9999 -9999 -9999 -9999 -9999 -9999 -9999 -9999 -9999 -9999 742.9827 742.0071 741.1348 740.7055 740.4501 740.5394 741.2805 742.8733 745.32 748.395 751.2731 752.6889 752.131 749.96 746.2498 741.7804 737.8121 734.9717 733.575 733.3353 734.0256 734.3818 733.9869 732.652 730.7203 728.6635 727.1587 726.426 726.4591 727.2443 728.1654 728.7691 729.0134 728.4238 727.1565 725.9929 725.231 724.966 724.7485
-9999 -9999 -9999 -9999 -9999 -9999 -9999 -9999 -9999 -9999 -9999 -9999 -9999 -9999 -9999 -9999 -9999 -9999 -9999 -9999 -9999 -9999 -9999 -9999 -9999 -9999 -9999 -9999 744.2373 743.9727 743.0032 741.688 740.2544 738.9661 738.0915 737.8941 738.5729 740.021 742.2573 745.3182 748.4796 750.7009 751.1577 749.5399 745.8593 741.0711 736.5894 733.198 731.303 730.7114 731.1888 731.5685 731.3995 730.5872 729.5405 728.0152 726.6334 726.2334 726.7413 728.2803 729.9393 731.015 731.272 730.6798 729.369 728.0944 727.3377 727.2296 727.4029
-9999 -9999 -9999 -9999 -9999 -9999 -9999 -9999 -9999 -9999 -9999 -9999 -9999 -9999 -9999 -9999 -9999 -9999 -9999 -9999 -9999 -9999 -9999 -9999 -9999 -9999 -9999 743.3585 743.9087 743.562 742.1581 740.261 738.2102 736.4248 735.1935 734.8964 735.5147 736.6635 738.5814 741.5886 745.0819 748.1076 749.5901 748.4564 745.1095 740.3008 735.5215 731.881 729.9301 729.4794 729.6485 729.8139 729.7147 729.3594 728.9426 727.7648 726.5066 726.4104 727.5976 730.0008 732.3679 733.9384 734.4026 733.9145 732.7405 731.4437 730.5783 730.5001 730.8496
-9999 -9999 -9999 -9999 -9999 -9999 -9999 -9999 -9999 -9999 -9999 -9999 -9999 -9999 -9999 -9999 -9999 -9999 -9999 -9999 -9999 -9999 -9999 -9999 -9999 738.6393 740.5441 742.0783 742.7881 742.0129 740.1797 737.8417 735.5268 733.8099 732.7365 732.7786 733.4534 733.9785 735.1813 737.8348 741.2634 744.555 746.5649 746.101 743.1048 738.6715 734.2175 730.9224 729.2847 729.137 729.2345 729.014 729.0398 729.0572 728.4523 727.4716 726.4691 726.7783 728.8071 731.9006 734.7138 736.5355 737.0981 736.9724 736.2475 735.2319 734.4673 734.2954 734.6287
-9999 -9999 -9999 -9999 -9999 -9999 -9999 -9999 -9999 -9999 -9999 -9999 -9999 -9999 -9999 -9999 -9999 -9999 -9999 -9999 -9999 -9999 -9999 -9999 735.2697 737.3055 739.0827 740.449 740.7427 739.5156 737.3413 734.8445 732.6721 731.4528 730.931 731.1241 731.5946 731.9014 732.7283 734.5628 737.391 740.3115 742.2339 742.0034 739.4877 735.7896 732.1639 729.7926 728.7724 728.755 728.9417 728.2947 728.3135 728.1157 727.601 726.6895 726.3785 727.2131 729.783 733.2985 736.3282 738.1093 738.3533 738.7928 738.884 738.5368 738.2041 738.0638 738.2311
-9999 -9999 -9999 -9999 -9999 -9999 -9999 -9999 -9999 -9999 -9999 -9999 -9999 -9999 -9999 -9999 -9999 -9999 -9999 -9999 -9999 -9999 -9999 -9999 735.315 737.1323 738.2855 738.9186 738.3901 736.6148 734.1805 731.8018 730.2194 729.5029 729.4661 729.9454 730.4454 730.4805 730.8252 731.8313 733.7367 735.8618 737.2773 736.975 734.9175 732.0782 729.5779 728.175 727.7859 727.9017 728.0552 727.8046 727.6998 727.231 726.6094 726.1666 726.3728 727.6633 730.4562 733.9599 736.9996 738.8167 739.4227 739.9207 740.429 740.9036 741.2562 741.3289 741.344
-9999 -9999 -9999 -9999 -9999 -9999 -9999 -9999 -9999 -9999 -9999 -9999 -9999 -9999 -9999 -9999 -9999 -9999 -9999 -9999 -9999 -9999 731.8239 733.8712 736.0828 737.6472 738.0555 737.5487 735.9661 733.5977 731.028 728.9774 727.8867 727.6522 728.0676 729.0079 729.8938 729.9308 729.3149 729.3047 730.3282 731.6036 732.363 731.9822 730.3058 728.3347 726.8602 726.2303 726.2356 726.5657 726.7918 726.7368 726.4875 726.1778 725.7854 725.7355 726.3384 727.8915 730.7429 733.8964 736.8569 738.8257 739.744 740.2405 741.1826 742.4229 743.4752 743.9208 743.8708
-9999 -9999 -9999 -9999 -9999 -9999 -9999 -9999 -9999 -9999 -9999 -9999 -9999 -9999 -9999 -9999 -9999 -9999 -9999 -9999 -9999 731.3287 732.7159 734.7465 736.6333 737.6113 737.4069 735.8176 733.384 730.5338 728.0568 726.334 725.5464 725.5936 726.3723 727.6648 728.7661 728.251 727.451 727.014 727.3398 727.8903 728.0361 727.5071 726.3124 725.0436 724.3499 724.2158 724.3905 724.6761 724.9316 724.9697 724.8827 724.8199 724.927 725.3463 726.2797 727.8914 730.4896 733.3956 736.2657 738.4676 739.8074 740.5566 741.6412 743.327 744.8945 745.7383 745.6548
-9999 -9999 -9999 -9999 -9999 -9999 -9999 -9999 -9999 -9999 -9999 -9999 -9999 -9999 -9999 -9999 -9999 -9999 -9999 -9999 732.109 732.5323 733.7504 735.2708 736.5295 736.9101 735.9233 733.5121 730.4775 727.5197 725.277 723.8795 723.334 723.4755 724.3183 725.5945 726.6006 726.3962 725.6417 725.0615 724.9702 725.0373 724.8091 724.2325 723.4524 722.7228 722.6071 722.8644 723.2586 723.5488 723.5397 723.4973 723.4799 723.6342 724.3275 725.2288 726.4102 727.9938 730.2751 732.9069 735.5586 738.0078 739.5567 740.5458 741.7435 743.7436 -9999 -9999 -9999
-9999 -9999 -9999 -9999 -9999 -9999 -9999 -9999 -9999 -9999 -9999 -9999 -9999 -9999 -9999 -9999 -9999 -9999 -9999 734.285 733.2309 733.652 734.2606 735.0431 735.754 735.6377 734.1252 731.2298 727.9551 725.018 723.1128 722.0989 721.8511 721.9813 722.6718 723.7073 724.5206 724.3879 723.8859 723.4246 723.3669 722.996 722.6527 722.2172 721.937 721.803 721.8948 722.3781 722.9906 723.4099 723.1874 722.9561 722.9692 723.4041 724.4208 725.8008 726.8026 728.1616 730.2488 732.7242 735.244 737.8073 739.2696 740.5943 742.0146 744.1312 -9999 -9999 -9999
-9999 -9999 -9999 -9999 -9999 -9999 -9999 -9999 -9999 -9999 -9999 -9999 -9999 -9999 -9999 -9999 -9999 -9999 737.813 735.3491 734.1297 734.0073 734.0609 734.0569 734.1448 733.8807 732.3921 729.6136 726.5165 723.8769 722.5958 722.0516 721.9657 722.0955 722.403 723.106 723.4004 723.0901 722.4735 722.0067 721.9167 721.7471 721.5826 721.4819 721.6011 721.8557 722.0508 722.6144 723.4418 724.2012 723.4727 722.9594 722.9036 723.4582 724.7101 726.1011 727.0303 728.3279 730.4844 733.1194 735.9075 738.5364 740.1509 741.225 742.636 -9999 -9999 -9999 -9999
-9999 -9999 -9999 -9999 -9999 -9999 -9999 -9999 -9999 -9999 -9999 -9999 -9999 -9999 -9999 -9999 -9999 740.9178 738.3806 736.0279 734.69 734.0054 733.4025 732.4873 731.8417 731.7634 730.9211 728.8879 726.6718 724.9491 724.1761 724.051 724.1536 724.3557 724.5285 724.4995 723.957 723.1202 722.1057 721.5501 721.4112 721.3829 721.3761 721.4775 721.8326 722.1674 722.5779 723.2351 724.1469 725.0762 723.9813 723.1984 722.9641 723.4028 724.5354 725.8795 726.929 728.4427 730.8885 733.8713 737.0165 739.5792 741.1051 742.2083 743.6548 -9999 -9999 -9999 -9999
-9999 -9999 -9999 -9999 -9999 -9999 -9999 -9999 -9999 -9999 -9999 -9999 -9999 -9999 -9999 -9999 742.8814 741.0861 738.5403 736.2036 734.6748 733.4847 732.163 731.093 730.3838 730.0693 730.1415 729.1971 728.1724 727.7221 727.8398 728.2496 728.5741 728.7029 728.5145 727.8063 726.4425 724.8319 723.315 722.2403 721.9086 721.8907 721.9049 721.9966 722.4161 722.9678 723.6584 724.4252 725.452 726.0443 724.9078 723.7139 723.1096 723.1311 723.7601 725.0453 726.494 728.4761 731.3797 734.9107 738.2557 740.7042 742.2278 743.4371 744.9509 -9999 -9999 -9999 -9999
-9999 -9999 -9999 -9999 -9999 -9999 -9999 -9999 -9999 -9999 -9999 -9999 -9999 -9999 -9999 -9999 743.2753 741.0302 738.2045 735.6598 733.8314 732.3737 730.9171 730.1377 729.8556 729.9709 730.3357 730.3514 730.4454 731.1709 732.3439 733.4314 733.9962 733.9396 733.2904 732.0149 730.0727 727.7719 725.6175 723.9785 723.2423 723.0681 723.0637 723.1751 723.6315 724.4913 725.6111 726.5673 727.2394 727.1163 726.0482 724.7565 723.6395 723.1635 723.3923 724.4236 726.0274 728.4101 731.8286 735.717 739.2475 741.8073 743.4429 744.7565 -9999 -9999 -9999 -9999 -9999
-9999 -9999 -9999 -9999 -9999 -9999 -9999 -9999 -9999 -9999 -9999 -9999 -9999 -9999 -9999 745.3361 743.4242 740.7573 737.4953 734.5927 732.5149 731.0266 729.849 729.7765 730.1702 730.8734 731.6671 732.3661 733.2245 734.8349 736.7571 738.3492 739.0417 738.7319 737.6144 735.9216 733.7531 731.1768 728.5353 726.2201 724.7493 724.0612 724.0332 724.5223 725.5124 726.9887 728.5452 729.5688 729.8389 729.1995 727.8329 726.2675 724.7754 723.6259 723.213 723.6741 725.3036 727.9227 731.5936 735.7073 739.5044 742.4079 744.3314 745.6547 -9999 -9999 -9999 -9999 -9999
-9999 -9999 -9999 -9999 -9999 -9999 -9999 -9999 -9999 -9999 -9999 -9999 -9999 -9999 -9999 745.6555 743.613 740.4911 736.724 733.3664 731.0854 729.8067 729.5843 730.2629 731.3966 732.7681 734.0577 735.2709 736.5992 738.4838 740.5698 742.2065 742.7861 742.1809 740.6191 738.6505 736.5634 734.2264 731.5148 728.6915 726.464 725.3096 725.3775 726.4226 728.0813 730.0945 731.8748 732.8292 732.6548 731.525 729.7604 727.9581 726.2538 724.7371 723.6334 723.5499 724.8832 727.2116 730.6261 734.681 738.6434 741.8894 744.0637 745.2358 746.2212 -9999 -9999 -9999 -9999
-9999 -9999 -9999 -9999 -9999 -9999 -9999 -9999 -9999 -9999 -9999 -9999 -9999 -9999 -9999 746.1541 743.9235 740.4843 736.3513 732.6578 730.3594 729.4788 729.9795 731.4525 733.4784 735.5962 737.4601 738.9733 740.2706 741.7694 743.3577 744.477 744.6058 743.7868 741.8356 739.6714 737.8019 735.9485 733.6437 730.9044 728.3666 727.1145 727.5176 729.11 731.2313 733.4409 735.1827 735.9114 735.275 733.6617 731.5309 729.5721 727.7832 726.1508 724.7683 724.1821 724.8132 726.4583 729.1791 732.7733 736.673 740.0873 742.4853 743.7633 744.741 746.3134 -9999 -9999 -9999
-9999 -9999 -9999 -9999 -9999 -9999 -9999 -9999 -9999 -9999 -9999 -9999 -9999 -9999 -9999 747.1473 744.7661 741.1464 736.8343 732.9359 730.3928 729.647 730.6539 732.7355 735.3834 738.1654 740.6365 742.435 743.4907 744.2122 744.8129 744.975 744.4601 743.1272 740.8823 738.6331 736.9917 735.4459 733.6627 731.8533 729.8528 729.2424 730.3447 732.3915 734.6767 736.744 738.1829 738.545 737.4396 735.374 732.898 730.8541 729.0037 727.307 725.6804 724.684 724.6683 725.6721 727.7258 730.637 734.2204 737.6479 740.2577 741.695 742.7263 744.3514 -9999 -9999 -9999
-9999 -9999 -9999 -9999 -9999 -9999 -9999 -9999 -9999 -9999 -9999 -9999 -9999 -9999 -9999 748.3917 745.9424 742.2844 737.9759 734.0759 731.3987 730.2087 731.1694 733.2076 736.0853 739.4031 742.4786 744.6544 745.5254 745.5781 745.1296 744.173 742.7789 740.6658 738.0817 735.8353 734.7665 733.6115 732.0008 730.4714 730.7101 731.6235 733.5737 735.9393 738.1591 739.8282 740.701 740.5315 739.0156 736.5894 733.8397 731.692 729.7479 727.8406 726.106 724.8791 724.481 725.0529 726.6652 729.0797 732.224 735.4034 738.1895 739.8393 740.8258 742.2717 -9999 -9999 -9999
-9999 -9999 -9999 -9999 -9999 -9999 -9999 -9999 -9999 -9999 -9999 -9999 -9999 -9999 -9999 -9999 746.8576 743.282 739.2101 735.5406 732.9568 731.6425 731.6721 733.0394 735.5427 738.9309 742.3985 745.0519 746.2068 745.935 744.5305 742.5007 740.1368 737.4631 734.866 733.1725 732.1497 731.7365 730.0084 730.8537 732.6536 734.6351 736.9633 739.3459 741.2808 742.4263 742.6301 741.7769 739.837 737.1058 734.1003 731.8432 729.8101 727.8038 725.9297 724.737 724.3893 724.9564 726.4219 728.4666 731.1756 734.1724 736.9714 738.7676 739.6996 740.7101 -9999 -9999 -9999
-9999 -9999 -9999 -9999 -9999 -9999 -9999 -9999 -9999 -9999 -9999 -9999 -9999 -9999 -9999 -9999 746.9125 743.5135 739.8592 736.6151 734.2469 732.7835 732.0844 732.9619 734.5457 737.5317 741.1088 744.186 745.7809 745.2859 743.2036 740.3907 737.4333 734.6429 732.7376 731.6414 731.2771 731.5636 731.9434 733.2552 735.4677 737.7238 740.0065 742.0729 743.4382 743.9272 743.6978 742.3485 740.1869 737.4157 734.3304 731.9933 729.8367 727.6895 725.7574 724.6857 724.6378 725.5054 727.0903 728.8895 731.1774 734.0391 736.7541 738.5983 739.4861 740.3014 -9999 -9999 -9999
-9999 -9999 -9999 -9999 -9999 -9999 -9999 -9999 -9999 -9999 -9999 -9999 -9999 -9999 -9999 -9999 -9999 742.9391 739.6685 736.8698 734.8782 733.583 732.587 732.9653 733.3967 735.7425 739.1667 742.4576 744.3868 743.838 741.4489 738.3479 735.5637 733.2017 731.7076 731.0741 731.2808 732.1766 733.5513 735.6558 738.0228 740.2266 742.1804 743.6672 744.1347 743.9384 743.1871 741.9695 740.2179 738.0103 735.3808 732.6553 730.1847 727.72 725.7248 724.9088 725.4542 727.0065 728.682 730.3345 732.4582 735.0868 737.525 739.2172 740.1941 740.9554 -9999 -9999 -9999
-9999 -9999 -9999 -9999 -9999 -9999 -9999 -9999 -9999 -9999 -9999 -9999 -9999 -9999 -9999 -9999 -9999 741.8978 738.9366 736.475 734.7794 733.6692 732.6479 731.9424 731.8846 733.7313 736.8185 740.054 742.1301 741.7429 739.4619 736.7374 734.2864 732.3947 731.3411 731.1849 731.8685 733.2843 735.2281 737.6253 739.8731 741.7463 743.1268 743.9399 743.55 -9999 741.7796 740.8676 739.7776 738.3143 736.2216 733.7477 730.814 727.9072 725.9197 725.5463 726.9866 729.0322 730.9061 732.6711 734.759 737.0411 739.0701 740.5921 741.6182 742.3398 -9999 -9999 -9999
-9999 -9999 -9999 -9999 -9999 -9999 -9999 -9999 -9999 -9999 -9999 -9999 -9999 -9999 -9999 -9999 -9999 -9999 -9999 736.1745 734.3671 732.9821 731.7261 730.553 -9999 731.7319 734.3287 737.2728 739.3687 739.3732 737.2421 735.1132 733.2363 731.9025 731.3677 731.7234 732.9258 734.818 737.1906 739.375 741.0424 742.2227 742.9987 -9999 -9999 -9999 -9999 739.0628 738.4608 737.5713 735.8174 733.8729 730.9476 728.0427 726.5687 727.0486 729.1483 731.5016 733.5674 735.4938 737.5027 739.4508 741.0826 742.2992 743.0866 -9999 -9999 -9999 -9999
-9999 -9999 -9999 -9999 -9999 -9999 -9999 -9999 -9999 -9999 -9999 -9999 -9999 -9999 -9999 -9999 -9999 -9999 -9999 -9999 -9999 -9999 -9999 -9999 -9999 730.1111 732.067 734.4497 736.3635 736.676 735.0615 733.5214 732.2848 731.5701 731.6155 732.551 734.369 736.8953 739.2767 741.0104 742.0598 742.6163 742.6869 -9999 -9999 -9999 737.7175 736.9898 736.7269 736.3898 735.264 733.1217 730.3535 728.0859 727.3813 729.0183 731.6495 734.2781 736.5389 738.5901 740.4822 742.0757 743.2092 743.8727 -9999 -9999 -9999 -9999 -9999
-9999 -9999 -9999 -9999 -9999 -9999 -9999 -9999 -9999 -9999 -9999 -9999 -9999 -9999 -9999 -9999 -9999 -9999 -9999 -9999 -9999 -9999 -9999 -9999 728.587 729.1578 730.3669 731.9579 733.4224 733.8185 732.6514 731.9056 731.3817 731.3006 731.9501 733.5102 736.0871 739.0017 741.3238 742.6564 743.1006 743.0591 -9999 -9999 -9999 -9999 736.0389 735.186 735.0351 734.9379 733.9767 731.6689 729.2479 728.2052 728.8306 731.2455 734.2871 737.1919 739.6577 741.8096 743.5577 744.7186 745.1995 -9999 -9999 -9999 -9999 -9999 -9999
-9999 -9999 -9999 -9999 -9999 -9999 -9999 -9999 -9999 -9999 -9999 -9999 -9999 -9999 -9999 -9999 -9999 -9999 -9999 -9999 -9999 -9999 -9999 728.8374 728.9142 729.209 729.5624 730.1485 730.9672 731.3582 730.9793 730.6816 730.6193 731.0339 732.21 734.3615 737.5522 740.7735 743.1432 744.2396 744.2057 743.7424 -9999 -9999 -9999 736.6246 735.2344 733.8787 733.5962 733.5931 732.7539 730.8284 728.7286 728.538 730.2202 733.3414 736.8071 739.9597 742.6071 744.8281 -9999 -9999 -9999 -9999 -9999 -9999 -9999 -9999 -9999
-9999 -9999 -9999 -9999 -9999 -9999 -9999 -9999 -9999 -9999 -9999 -9999 -9999 -9999 -9999 -9999 -9999 -9999 -9999 -9999 -9999 -9999 -9999 729.564 729.8383 730.0693 729.576 729.1825 729.369 729.7853 729.8096 729.7815 729.9724 730.6555 732.1401 734.6569 738.2069 741.6689 744.128 745.0951 744.9702 -9999 -9999 -9999 -9999 736.7201 734.8594 733.2788 732.6184 732.3404 731.4837 730.2604 728.9266 729.1451 731.5699 735.187 738.9548 742.2706 745.0349 747.2039 -9999 -9999 -9999 -9999 -9999 -9999 -9999 -9999 -9999
-9999 -9999 -9999 -9999 -9999 -9999 -9999 -9999 -9999 -9999 -9999 -9999 -9999 -9999 -9999 -9999 -9999 -9999 -9999 -9999 -9999 -9999 732.3635 731.4255 731.5994 731.5961 730.4752 729.4009 729.6057 729.5927 729.4197 729.3131 729.4802 730.1514 731.5967 734.0467 737.6146 741.0745 743.5593 744.6536 744.5441 -9999 -9999 -9999 -9999 737.3503 735.467 733.6205 732.3373 731.687 730.8755 729.8517 729.2842 730.1949 732.8951 736.6671 740.5092 743.8481 746.5765 -9999 -9999 -9999 -9999 -9999 -9999 -9999 -9999 -9999 -9999
