backend/lakes/data/Steele Lake/stee_dem_tm.asc
ncols         152
nrows         105
xllcorner     575100
yllcorner     6051450
cellsize      50
NODATA_value  -9999
[rows 31 to 61 of 105, columns 70 to 139 of 152]
648.7041 648.9056 648.8933 648.6465 648.3025 648.1588 648.5066 649.7413 652.1976 655.8409 660.1144 663.8438 666.2899 667.7294 667.9826 -9999 -9999 -9999 -9999 -9999 -9999 664.9236 664.2975 663.0361 661.0118 658.5919 656.2764 654.6516 653.1826 652.0458 651.6407 651.6926 651.8483 651.8798 651.6818 651.4296 651.1696 650.6966 650.2377 649.875 649.638 649.5168 649.5015 649.5221 649.5492 649.5675 649.5537 649.4435 649.2588 649.1828 649.2173 649.4004 649.5289 650.03 650.7281 651.3159 652.0118 653.0109 654.5334 655.9955 657.2225 658.1924 658.6625 658.7415 -9999 -9999 -9999 -9999 -9999 -9999
648.4283 648.6688 648.7319 648.5878 648.3577 648.2885 648.7166 649.9766 652.4239 655.9595 659.9415 663.3827 665.5858 666.5604 666.5035 -9999 -9999 -9999 -9999 -9999 -9999 664.5167 663.9905 662.8496 660.9094 658.428 655.9178 654.0785 652.4813 651.3394 650.9584 650.9329 651.0007 651.0082 650.8909 650.6036 650.2905 650.0181 649.8051 649.6473 649.5382 649.4503 649.449 649.449 649.4492 649.4501 649.441 649.2679 649.0675 648.9402 648.9096 648.9835 649.1187 649.506 650.137 650.806 651.4827 652.4357 653.8603 655.6682 657.5768 659.2086 660.1835 660.5714 660.8716 -9999 -9999 -9999 -9999 -9999
648.1471 648.3842 648.5024 648.4636 648.3668 648.4386 648.9785 650.3165 652.7174 655.9905 659.6309 662.7634 664.7659 665.5955 665.5319 -9999 -9999 -9999 -9999 -9999 664.9553 664.3481 663.8423 662.6696 660.6325 657.9846 655.2983 653.384 651.7006 650.6951 650.2747 650.1467 650.1884 650.1598 650.0762 649.8715 649.563 649.4608 649.4448 649.4463 649.442 649.3464 649.3013 649.2792 649.2643 649.2414 649.1826 649.0229 648.8328 648.6757 648.5831 648.5792 648.6936 648.9929 649.4844 650.1094 650.8258 651.7412 653.0943 654.9245 657.2783 659.4871 661.0218 662.0291 662.7274 -9999 -9999 -9999 -9999 -9999
647.9403 648.1044 648.2644 648.3127 648.3464 648.5613 649.2211 650.6063 652.9429 656.0078 659.398 662.2961 664.1484 664.994 665.0369 -9999 -9999 -9999 -9999 -9999 665.3312 664.8328 663.9097 662.3519 660.0255 657.2112 654.5337 652.494 650.9818 650.0978 649.724 649.5245 649.6072 649.5092 649.4713 649.4111 649.2018 649.1125 649.1128 649.1405 649.1519 649.1045 649.0625 649.0359 649.016 648.9812 648.9031 648.7583 648.5825 648.414 648.2796 648.2177 648.307 648.5294 648.9115 649.437 650.0927 650.999 652.3406 654.2579 656.6393 659.2143 661.3432 662.9474 664.0739 -9999 -9999 -9999 -9999 -9999
647.8381 647.918 648.0504 648.1715 648.3147 648.6522 649.4195 650.856 653.0952 656.0376 659.3464 662.1575 663.8962 664.7401 664.8972 664.8309 664.8078 664.9896 665.3384 665.5444 665.416 664.7948 663.508 661.5126 658.8672 656.004 653.4291 651.4819 650.2148 649.5325 649.3859 649.2961 649.4001 649.2307 649.1184 649.0349 648.9083 648.8339 648.8164 648.8259 648.8315 648.8105 648.782 648.7595 648.7421 648.7111 648.6396 648.515 648.3577 648.1946 648.0459 647.9364 648.0301 648.1833 648.4905 648.9414 649.5329 650.4058 651.683 653.6498 655.9828 658.658 661.1192 663.2134 664.7061 665.0216 -9999 -9999 -9999 -9999
647.8539 647.8494 647.9406 648.0723 648.2854 648.702 649.5154 650.9655 653.0955 655.9951 659.3046 662.0546 663.6398 664.379 664.4958 664.3485 664.1769 664.3402 664.8551 665.0971 664.8657 663.9634 662.3383 659.9818 657.1399 654.4797 652.1462 650.4994 649.4845 648.9984 648.8969 648.9042 648.9679 648.8933 648.8071 648.7324 648.6503 648.5897 648.5579 648.5461 648.5413 648.5324 648.5157 648.4969 648.482 648.4614 648.4108 648.3146 648.1839 648.0437 647.9272 647.8365 647.9239 648.0026 648.3077 648.7703 649.3778 650.1863 651.4023 653.3091 655.4229 658.0941 660.6897 662.977 664.6174 664.9482 -9999 -9999 -9999 -9999
647.9415 647.8951 647.9414 648.0637 648.2993 648.7548 649.5873 651.0167 652.9026 655.7292 659.0222 661.6733 663.0093 663.4891 663.4127 663.1937 662.9655 663.1267 663.6091 663.8407 663.4711 662.3765 660.5399 658.0629 655.4315 652.9992 650.993 649.6251 648.8594 648.5168 648.4503 648.4961 648.5592 648.5523 648.5146 648.4706 648.4216 648.3773 648.3435 648.3214 648.3109 648.3093 648.3033 648.2862 648.2694 648.2559 648.2279 648.1634 648.061 647.9315 647.7994 647.7258 647.7983 647.9711 648.4114 648.9365 649.5268 650.335 651.4763 653.2419 655.3229 657.7656 660.147 662.2793 663.8715 664.4357 -9999 -9999 -9999 -9999
648.037 648.001 648.0271 648.1282 648.3597 648.8229 649.6624 651.0952 652.6939 655.3178 658.2825 660.5719 661.509 661.538 661.1985 660.8438 660.6477 660.8755 661.3079 661.468 661.0813 659.9893 658.2198 655.9631 653.67 651.5806 649.9584 648.9485 648.3958 648.1598 648.1165 648.1727 648.2369 648.2615 648.2595 648.2479 648.2263 648.2003 648.1763 648.1582 648.1509 648.1565 648.1602 648.1445 648.1234 648.1113 648.0988 648.0631 647.9999 647.9263 647.7709 647.7651 647.9869 648.4321 648.9595 649.5511 650.1388 650.9016 651.9786 653.5784 655.6041 657.663 659.5346 661.2005 662.5689 -9999 -9999 -9999 -9999 -9999
648.0919 648.1001 648.1334 648.2126 648.408 648.8176 649.5438 650.6823 652.123 654.3542 656.6921 658.2977 658.5845 658.2347 657.7081 657.3311 657.255 657.6065 658.035 658.152 657.8202 656.8855 655.4192 653.6678 651.9294 650.3702 649.2084 648.4893 648.1138 647.9656 647.9308 647.9805 648.0256 648.0487 648.0593 648.074 648.0742 648.0646 648.0554 648.0522 648.0557 648.0688 648.0782 648.0649 648.041 648.0295 648.0232 647.9953 647.9301 647.845 647.8081 648.0248 648.5828 649.2524 649.8389 650.5314 650.9849 651.6237 652.6001 654.0659 655.9551 657.5872 658.8851 659.9731 660.9815 -9999 -9999 -9999 -9999 -9999
648.0717 648.1401 648.1908 648.2442 648.3768 648.6886 649.2749 650.0828 651.2367 652.8739 654.3157 655.0858 654.9154 654.3101 653.7322 653.4304 653.5096 653.9301 654.3313 654.3796 654.1461 653.4718 652.5146 651.3839 650.3088 649.3295 648.6146 648.1847 647.9814 647.9299 647.93 647.93 647.9301 647.9301 647.9304 647.9634 647.9745 647.9746 647.976 647.9915 648.0076 648.0254 648.0376 648.0248 648.0034 647.9976 647.9993 647.9786 647.9297 647.8592 648.0012 648.5946 649.3522 650.1407 650.8561 651.4331 651.7664 652.3185 653.1852 654.5015 656.175 657.5306 658.3368 658.9407 659.5321 -9999 -9999 -9999 -9999 -9999
647.9357 648.0757 648.1404 648.1602 648.2031 648.3393 648.646 649.183 649.935 650.8301 651.4698 651.6494 651.3623 650.8434 650.396 650.2477 650.4629 650.8839 651.1472 651.1078 650.8903 650.4983 650.0064 649.4543 648.9656 648.4863 648.1722 647.9993 647.93 647.93 647.9279 647.9235 647.9236 647.93 647.9156 647.93 647.93 647.93 647.9301 647.9594 647.9794 647.9937 648.014 647.999 647.9833 647.989 647.999 647.9731 647.9297 647.9366 648.3661 649.1805 649.9647 650.8412 651.6387 652.193 652.3904 652.8808 653.7921 655.0627 656.4052 657.4166 657.9967 658.3245 -9999 -9999 -9999 -9999 -9999 -9999
647.6811 647.8479 647.9026 647.9193 647.9247 647.9296 647.9742 648.1923 648.678 649.0606 649.2482 649.1548 648.906 648.5653 648.2712 648.262 648.5989 649.083 649.2252 648.9811 648.7115 648.4614 648.2587 648.1324 648.1185 647.9539 647.9294 647.9299 647.93 647.9359 647.936 647.9332 647.9326 647.93 647.9102 647.9135 647.9246 647.9281 647.9175 647.9297 647.9293 647.9305 647.9849 647.9714 647.9598 647.9745 647.9879 647.9283 647.8499 647.9495 648.5192 649.368 650.1713 651.0938 652.0234 652.399 653.0534 653.8111 654.7967 655.8404 656.8452 657.6581 658.2408 658.7813 -9999 -9999 -9999 -9999 -9999 -9999
647.1586 647.1644 647.2894 647.4484 647.5865 647.6859 647.7701 647.895 648.076 648.2007 648.2339 648.1541 648.0111 647.7629 647.4978 647.5216 647.9141 648.368 648.4899 648.2607 647.9624 647.7416 647.6489 647.7186 647.9187 647.8798 647.8973 647.93 647.9432 647.9519 647.9531 647.9496 647.9442 647.93 647.9001 647.8923 647.9098 647.9077 647.8602 647.812 647.7659 647.791 647.9246 647.9302 647.93 647.9301 647.9233 647.7745 647.7272 647.9349 648.5306 649.3315 650.0865 651.0974 652.2157 652.949 653.8586 654.8212 655.7401 656.562 657.3639 658.2245 658.9526 -9999 -9999 -9999 -9999 -9999 -9999 -9999
646.634 646.4763 646.6875 647.0199 647.3399 647.6072 647.8131 647.929 647.9301 647.9302 647.9359 647.9296 647.928 647.7542 647.5005 647.3928 647.698 648.1204 648.3019 648.1682 647.9121 647.7073 647.6168 647.6674 647.8213 647.8865 647.9299 647.9455 647.9577 647.9683 647.9719 647.9677 647.9571 647.93 647.8828 647.8513 647.858 647.8423 647.7509 647.6172 647.5149 647.51 647.7027 647.893 647.9468 647.8585 647.7145 647.5724 647.6104 647.9208 648.5414 649.2444 649.8809 650.9039 652.0031 652.9761 654.1077 655.2809 656.252 657.1872 658.1326 659.0715 -9999 -9999 -9999 -9999 -9999 -9999 -9999 -9999
646.4137 646.2532 646.4165 646.8287 647.2539 647.6295 647.9227 647.9808 647.9462 647.9193 647.93 647.9238 647.9481 647.9277 647.7899 647.5714 647.6382 647.9209 648.1435 648.1444 648.0022 647.8674 647.7888 647.7831 647.8644 647.9298 647.9421 647.9463 647.96 647.9741 647.9852 647.984 647.9709 647.93 647.8557 647.7814 647.7532 647.7178 647.5906 647.3933 647.228 647.1827 647.4098 647.7827 647.9641 647.8666 647.6599 647.5513 647.7002 648.1078 648.8676 649.6132 650.1912 650.7253 651.3799 652.4254 653.533 654.8343 656.2921 657.6568 658.7965 659.7399 -9999 -9999 -9999 -9999 -9999 -9999 -9999 -9999
646.6021 646.4229 646.5904 646.9413 647.326 647.6736 647.9291 647.9952 647.9751 647.9498 647.9501 647.9457 647.9502 647.959 647.9302 647.9189 647.7588 647.7941 647.9158 647.9805 647.9526 647.9255 647.9154 647.8995 647.9299 647.9386 647.93 647.93 647.9487 647.9635 647.9877 647.9935 647.9846 647.9301 647.817 647.6805 647.5933 647.5344 647.402 647.1871 646.9908 646.9333 647.1675 647.6263 647.966 647.9963 647.8798 647.9125 648.2988 648.8953 649.7014 650.5062 650.8229 650.8036 651.0712 651.8931 652.928 654.3952 656.2004 657.8455 659.0515 659.9323 -9999 -9999 -9999 -9999 -9999 -9999 -9999 -9999
647.0266 646.9263 647.0288 647.2533 647.51 647.7512 647.9297 647.9872 647.9831 647.9688 647.9664 647.9664 647.9468 647.9363 647.9304 647.9986 648.0491 647.9478 647.866 647.8464 647.8341 647.8539 647.9184 647.93 647.934 647.93 647.926 647.9223 647.9299 647.9301 647.9733 647.9845 647.9946 647.9304 647.7693 647.5602 647.4045 647.3245 647.2318 647.0748 646.9274 646.8907 647.1351 647.6467 648.1117 648.3794 648.5026 648.7867 649.6087 650.1291 650.8227 651.3026 651.2659 651.0335 651.2702 651.9965 653.081 654.734 656.6794 658.348 659.437 660.1185 -9999 -9999 -9999 -9999 -9999 -9999 -9999 -9999
647.4777 647.4752 647.5284 647.6248 647.7261 647.839 647.9299 647.9635 647.9705 647.9691 647.9694 647.9722 647.9497 647.93 647.917 647.9329 648.0438 648.1034 648.0668 647.9653 647.8666 647.834 647.8926 647.93 647.93 647.9302 647.9202 647.8926 647.8708 647.8745 647.9283 647.9309 647.9895 647.9276 647.7137 647.4485 647.2457 647.1697 647.1714 647.1697 647.1868 647.2805 647.5768 648.152 648.756 649.3557 649.7991 650.3253 651.0643 651.6423 652.0272 652.1674 651.8603 651.6318 651.9321 652.7979 654.1254 655.9975 658.0072 659.5508 660.3699 660.6982 -9999 -9999 -9999 -9999 -9999 -9999 -9999 -9999
647.8134 647.9117 647.9256 647.9258 647.8878 647.9 647.9236 647.93 647.9474 647.955 647.9624 647.9589 647.9301 647.9189 647.93 647.929 647.9333 648.0317 648.0876 648.0942 648.0114 647.9299 647.9299 647.9318 647.93 647.9318 647.9107 647.8341 647.7549 647.7196 647.7515 647.8165 647.9228 647.821 647.6328 647.3955 647.2108 647.2021 647.3685 647.6292 647.9585 648.3373 648.8507 649.625 650.5369 651.3966 652.0967 652.6727 653.1697 653.3604 653.031 652.4589 652.3384 652.3228 652.8981 654.1204 655.8462 657.9861 660.0775 661.6272 662.2875 662.209 -9999 -9999 -9999 -9999 -9999 -9999 -9999 -9999
647.9311 648.0205 648.0421 648.0065 647.9303 647.9177 647.9222 647.9238 647.93 647.93 647.93 647.9294 647.8759 647.8549 647.8781 647.928 647.8738 647.8993 647.9635 648.0348 648.0194 647.9688 647.9299 647.9075 647.912 647.93 647.9094 647.7533 647.5891 647.4923 647.4913 647.5659 647.6688 647.6764 647.625 647.514 647.4429 647.5896 648.0227 648.6421 649.4511 650.3011 651.2015 652.2222 653.222 654.0743 654.8189 655.27 655.4418 655.175 654.3491 653.3934 652.9949 653.2269 654.1375 655.7537 657.8686 660.216 662.4844 664.2222 664.8837 -9999 -9999 -9999 -9999 -9999 -9999 -9999 -9999 -9999
647.9905 648.0442 648.0583 648.0243 647.9634 647.93 647.925 647.921 647.9103 647.8849 647.8495 647.8081 647.7466 647.6996 647.6995 647.7394 647.7383 647.7541 647.8209 647.9271 647.9301 647.9296 647.899 647.8785 647.8899 647.9271 647.9229 647.6556 647.4014 647.2523 647.2413 647.3551 647.5367 647.7183 647.8881 647.9722 648.1147 648.5224 649.3442 650.4824 651.732 652.9326 654.1583 655.3401 656.191 656.7305 657.2016 657.3806 657.2721 656.7169 655.761 654.8007 654.4402 654.8187 655.8502 657.5533 659.7156 662.1074 664.4598 666.3186 667.0043 -9999 -9999 -9999 -9999 -9999 -9999 -9999 -9999 -9999
648.0062 648.0371 648.0433 648.0184 647.9763 647.9447 647.93 647.9172 647.889 647.8337 647.7563 647.6729 647.5902 647.525 647.4948 647.5231 647.5922 647.6717 647.7738 647.9277 647.8836 647.8777 647.925 647.9255 647.9265 647.9273 647.8218 647.5389 647.2458 647.0803 647.1089 647.3329 647.6969 648.1347 648.6121 648.9351 649.4439 650.2217 651.358 652.8132 654.277 655.6942 657.1542 658.2853 658.7135 658.6953 658.7787 658.5859 658.2882 657.8042 657.0182 656.3306 656.2086 656.6808 657.5851 659.0443 660.941 663.0828 665.2328 666.9337 -9999 -9999 -9999 -9999 -9999 -9999 -9999 -9999 -9999 -9999
648.0059 648.02 648.02 648.002 647.9736 647.9481 647.93 647.9114 647.8694 647.7924 647.6853 647.5705 647.4718 647.3995 647.3717 647.4104 647.511 647.6674 647.8322 648.0453 648.0837 648.1337 648.1957 648.2189 648.2233 648.2189 648.0525 647.6646 647.2736 647.0808 647.1934 647.6133 648.2831 649.1473 649.8317 650.3673 651.1578 652.2272 653.5765 655.1277 656.6228 658.1793 659.7582 660.5729 660.2302 659.5498 659.6447 659.2186 658.8532 658.5815 658.1111 657.7559 657.825 658.2653 658.944 659.9924 661.5134 663.2781 665.1011 -9999 -9999 -9999 -9999 -9999 -9999 -9999 -9999 -9999 -9999 -9999
648.0046 648.0042 647.9976 647.9828 647.9629 647.9443 647.93 647.9123 647.8603 647.7783 647.6665 647.5464 647.447 647.394 647.4083 647.5117 647.671 647.9269 648.2007 648.6914 649.1179 649.3797 649.5667 649.6243 649.5864 649.52 649.0825 648.2552 647.6063 647.3302 647.5534 648.2477 649.3238 650.4183 651.184 651.9385 653.0311 654.279 655.702 657.1616 658.5427 660.1313 661.6808 661.7924 660.5882 660.6841 660.4095 659.8801 659.3367 -9999 659.1042 658.8966 658.8528 659.0848 659.8054 660.5841 661.9017 663.3752 -9999 -9999 -9999 -9999 -9999 -9999 -9999 -9999 -9999 -9999 -9999 -9999
648.0103 647.994 647.9797 647.9652 647.95 647.9376 647.9342 647.9299 647.8761 647.8134 647.7361 647.6492 647.5788 647.5636 647.6653 647.9093 648.1672 648.606 649.1268 649.6812 650.3132 650.8737 651.3076 651.3898 651.1559 650.8002 650.2283 649.2024 648.243 647.8503 648.2134 649.2263 650.5291 651.7619 652.6829 653.6741 654.9343 656.2635 657.5746 658.8181 659.9301 661.2962 662.6747 661.4866 661.8456 -9999 -9999 -9999 -9999 -9999 -9999 -9999 -9999 659.3214 660.4787 -9999 -9999 -9999 -9999 -9999 -9999 -9999 -9999 -9999 -9999 -9999 -9999 -9999 -9999 -9999
648.0248 647.9907 647.967 647.9509 647.938 647.9281 647.9354 647.9448 647.9305 647.9308 647.9322 647.934 647.9419 647.9877 648.1917 648.629 649.1033 649.4663 649.951 650.5763 651.3311 652.1061 652.6517 652.7134 652.3516 651.7279 651.0227 650.1126 649.2128 648.6805 649.2367 650.3013 651.6421 652.9409 654.0778 655.2867 656.6504 657.9693 659.1088 660.0412 660.6621 661.2607 -9999 -9999 -9999 -9999 -9999 -9999 -9999 -9999 -9999 -9999 -9999 -9999 -9999 -9999 -9999 -9999 -9999 -9999 -9999 -9999 -9999 -9999 -9999 -9999 -9999 -9999 -9999 -9999
648.0432 647.9911 647.958 647.9401 647.93 647.9247 647.962 648.0208 648.0878 648.1798 648.2963 648.4373 648.6093 648.8077 649.1743 649.5266 649.954 650.2673 650.6773 651.3132 652.0745 652.8433 653.1616 653.0425 652.5943 652.1559 651.6866 651.0881 650.4058 650.0057 650.5259 651.4745 652.7253 653.9922 655.1908 656.533 657.9681 659.2391 660.2263 660.8922 660.9778 -9999 -9999 -9999 -9999 -9999 -9999 -9999 -9999 -9999 -9999 -9999 -9999 -9999 -9999 -9999 -9999 -9999 -9999 -9999 -9999 -9999 -9999 -9999 -9999 -9999 -9999 -9999 -9999 -9999
648.0547 647.989 647.9496 647.93 647.9133 647.9302 648.0206 648.1443 648.2971 648.489 648.725 649.0052 649.3486 649.6238 650.0514 650.3959 650.8 651.0326 651.3732 652.0358 652.8027 653.2627 653.333 653.0836 652.7369 652.4186 652.2997 652.1601 651.7367 651.5005 651.9766 652.7518 653.728 654.7105 655.7303 657.02 658.4742 659.6874 660.7205 -9999 -9999 -9999 -9999 -9999 -9999 -9999 -9999 -9999 -9999 -9999 -9999 -9999 -9999 -9999 -9999 -9999 -9999 -9999 -9999 -9999 -9999 -9999 -9999 -9999 -9999 -9999 -9999 -9999 -9999 -9999
648.0476 647.9804 647.9442 647.93 647.9302 647.9967 648.1223 648.2932 648.5121 648.7872 649.118 649.4809 649.949 650.4047 650.8358 651.0599 651.4285 651.8046 652.3176 652.9358 653.4215 653.5899 653.4319 653.04 652.7542 652.5446 652.7457 652.9285 652.8658 652.8348 653.2178 653.7553 654.1657 654.5853 655.189 656.2419 657.6024 658.9799 -9999 -9999 -9999 -9999 -9999 -9999 -9999 -9999 -9999 -9999 -9999 -9999 -9999 -9999 -9999 -9999 -9999 -9999 -9999 -9999 -9999 -9999 -9999 -9999 -9999 -9999 -9999 -9999 -9999 -9999 -9999 -9999
648.0168 647.9683 647.9542 647.9672 648.0074 648.0984 648.2405 648.4337 648.6864 649.0116 649.4171 649.8387 650.3614 650.9022 651.2646 651.5217 651.8591 652.3125 652.995 653.7286 653.9329 653.8893 653.636 653.2735 653.0131 652.98 653.158 653.3883 653.5268 653.6758 653.9567 654.1305 654.1021 653.978 654.1674 654.941 -9999 -9999 -9999 -9999 -9999 -9999 -9999 -9999 -9999 -9999 -9999 -9999 -9999 -9999 -9999 -9999 -9999 -9999 -9999 -9999 -9999 -9999 -9999 -9999 -9999 -9999 -9999 -9999 -9999 -9999 -9999 -9999 -9999 -9999
647.9692 647.9586 647.9807 648.0281 648.1 648.205 648.3487 648.5388 648.785 649.0936 649.4681 649.9474 650.4828 650.9956 651.4081 651.7076 651.9912 652.3179 652.7691 653.6004 654.0025 654.0111 653.7999 653.5198 653.3177 653.2838 653.4092 653.6152 653.8076 653.9986 654.1577 654.123 653.7783 653.194 653.1268 -9999 -9999 -9999 -9999 -9999 -9999 -9999 -9999 -9999 -9999 -9999 -9999 -9999 -9999 -9999 -9999 -9999 -9999 -9999 -9999 -9999 -9999 -9999 -9999 -9999 -9999 -9999 -9999 -9999 -9999 -9999 -9999 -9999 -9999 -9999
