backend/lakes/data/Obed Lake/obed_dem_tm.asc
ncols         91
nrows         109
xllcorner     355850
yllcorner     5932200
cellsize      50
NODATA_value  -9999
[rows 60 to 89 of 109, columns 0 to 67 of 91]
-9999 -9999 -9999 -9999 -9999 -9999 -9999 -9999 -9999 -9999 -9999 -9999 -9999 -9999 -9999 1056.642 1056.127 1055.716 1054.83 1053.453 1052.027 1050.974 1050.526 1050.249 1050.149 1050.179 1050.258 1050.347 1050.39 1050.375 1050.331 1050.288 1050.27 1050.297 1050.37 1050.108 1049.992 1049.983 1050.079 1050.195 1050.308 1050.39 1050.429 1050.432 1050.39 1050.254 1050.083 1049.965 1049.855 1049.8 1049.809 1049.889 1050.007 1050.118 1050.187 1050.198 1050.153 1050.043 1049.864 1049.664 1049.423 1049.127 1049.394 1049.57 1049.647 1049.601 1049.883 1050.223
-9999 -9999 -9999 -9999 -9999 -9999 -9999 -9999 -9999 -9999 -9999 -9999 -9999 -9999 -9999 1056.873 1056.56 1056.037 1055.043 1053.601 1052.159 1050.98 1050.476 1050.232 1050.199 1050.283 1050.336 1050.39 1050.386 1050.339 1050.267 1050.194 1050.139 1050.082 1050.087 1050.08 1050.013 1050.003 1050.081 1050.224 1050.337 1050.39 1050.406 1050.406 1050.39 1050.316 1050.198 1050.079 1049.957 1049.93 1049.954 1050.05 1050.161 1050.231 1050.229 1050.131 1049.952 1049.676 1049.29 1048.835 1048.627 1048.675 1049.114 1050.042 1050.594 1050.659 1050.752 1050.968
-9999 -9999 -9999 -9999 -9999 -9999 -9999 -9999 -9999 -9999 -9999 -9999 -9999 -9999 -9999 1057.632 1057.476 1056.901 1055.757 1054.06 1052.38 1051.225 1050.618 1050.281 1050.25 1050.389 1050.39 1050.4 1050.373 1050.306 1050.213 1050.121 1050.08 1050.042 1050.065 1050.08 1050.08 1050.082 1050.177 1050.305 1050.39 1050.393 1050.383 1050.39 1050.432 1050.437 1050.375 1050.251 1050.091 1050.078 1050.062 1050.139 1050.196 1050.161 1050.036 1049.771 1049.415 1048.888 1048.447 1048.102 1048.057 1048.778 1049.92 1051.459 1052.629 1052.917 1052.786 1052.845
-9999 -9999 -9999 -9999 -9999 -9999 -9999 -9999 -9999 -9999 -9999 -9999 -9999 -9999 -9999 1059.058 1058.789 1058.13 1056.973 1055.271 1053.459 1051.914 1050.925 1050.413 1050.285 1050.389 1050.409 1050.405 1050.37 1050.302 1050.201 1050.081 1050.039 1050.017 1050.074 1050.14 1050.194 1050.242 1050.308 1050.39 1050.405 1050.379 1050.365 1050.391 1050.526 1050.618 1050.619 1050.525 1050.37 1050.239 1050.082 1050.081 1049.996 1049.757 1049.458 1049.004 1048.499 1048.078 1047.958 1048.038 1048.609 1049.545 1050.863 1052.791 1054.678 1055.503 1055.487 1055.31
-9999 -9999 -9999 -9999 -9999 -9999 -9999 -9999 -9999 -9999 -9999 -9999 -9999 -9999 -9999 1060.527 1060.031 1059.284 1058.296 1056.849 1055.041 1053.304 1051.868 1050.854 1050.414 1050.346 1050.39 1050.401 1050.381 1050.342 1050.281 1050.198 1050.09 1049.929 1049.805 1050.043 1050.22 1050.353 1050.39 1050.414 1050.398 1050.366 1050.39 1050.507 1050.69 1050.828 1050.859 1050.769 1050.585 1050.361 1050.088 1049.795 1049.398 1048.792 1048.186 1047.74 1047.525 1047.71 1048.065 1048.686 1049.449 1050.203 1051.288 1053.208 1055.544 1056.777 1057.111 1057.205
-9999 -9999 -9999 -9999 -9999 -9999 -9999 -9999 -9999 -9999 -9999 -9999 -9999 -9999 -9999 1061.906 1061.164 1060.273 1059.359 1058.246 1056.744 1054.96 1053.317 1051.683 1050.756 1050.419 1050.356 1050.39 1050.392 1050.39 1050.39 1050.39 1050.36 1049.955 1049.594 1049.647 1050.067 1050.385 1050.449 1050.421 1050.39 1050.349 1050.395 1050.619 1050.842 1050.979 1050.98 1050.827 1050.534 1050.161 1049.696 1048.967 1048.059 1047.165 1046.549 1046.526 1046.861 1047.844 1048.699 1049.469 1050.001 1050.391 1051.161 1052.907 1055.227 1056.898 1057.586 1057.949
-9999 -9999 -9999 -9999 -9999 -9999 -9999 -9999 -9999 -9999 -9999 -9999 -9999 -9999 -9999 -9999 1062.406 1061.313 1060.269 1059.242 1058.014 1056.353 1054.446 1052.639 1051.345 1050.713 1050.442 1050.37 1050.39 1050.397 1050.408 1050.404 1050.306 1049.934 1049.265 1049.084 1049.745 1050.267 1050.428 1050.39 1050.386 1050.392 1050.531 1050.743 1050.917 1050.971 1050.859 1050.55 1050.023 1049.352 1048.482 1047.454 1046.329 1045.627 1045.739 1046.287 1047.415 1048.551 1049.429 1050 1050.158 1050.241 1050.638 1051.872 1053.811 1055.622 1056.865 1057.679
-9999 -9999 -9999 -9999 -9999 -9999 -9999 -9999 -9999 -9999 -9999 -9999 -9999 -9999 -9999 -9999 -9999 1062.558 1061.249 1060.03 1058.776 1057.264 1055.456 1053.609 1052.219 1051.35 1050.788 1050.491 1050.44 1050.403 1050.373 1050.315 1050.123 1049.661 1049.018 1048.446 1049.236 1050.112 1050.401 1050.39 1050.445 1050.526 1050.647 1050.76 1050.797 1050.685 1050.38 1049.839 1048.977 1047.917 1046.822 1045.896 1045.148 1045.358 1046.119 1047.242 1048.365 1049.22 1049.802 1050.081 1050.075 1050.005 1050.157 1050.82 1052.087 1053.686 1055.284 1056.644
-9999 -9999 -9999 -9999 -9999 -9999 -9999 -9999 -9999 -9999 -9999 -9999 -9999 -9999 -9999 -9999 -9999 -9999 1062.395 1060.854 1059.383 1057.847 1056.149 1054.467 1053.184 1052.345 1051.545 1050.849 1050.661 1050.488 1050.369 1050.258 1050.043 1049.563 1048.703 1048.313 1048.864 1049.878 1050.36 1050.392 1050.475 1050.56 1050.585 1050.517 1050.342 1049.981 1049.414 1048.575 1047.443 1046.258 1045.422 1045.352 1045.569 1046.239 1047.35 1048.388 1049.188 1049.755 1050.071 1050.096 1049.975 1049.851 1049.912 1050.322 1051.06 1052.237 1053.933 1055.815
-9999 -9999 -9999 -9999 -9999 -9999 -9999 -9999 -9999 -9999 -9999 -9999 -9999 -9999 -9999 -9999 -9999 -9999 -9999 1062.164 1060.404 1058.645 1056.892 1055.29 1054.063 1053.175 1052.378 1051.52 1051.018 1050.682 1050.444 1050.274 1050.066 1049.615 1048.629 1048.157 1048.495 1049.514 1050.309 1050.493 1050.404 1050.371 1050.198 1049.853 1049.398 1048.697 1047.885 1046.972 1045.839 1045.125 1045.112 1045.832 1046.68 1047.621 1048.575 1049.26 1049.752 1050.007 1050.08 1050.028 1049.913 1049.844 1049.95 1050.336 1051.039 1052.385 1054.273 1056.154
-9999 -9999 -9999 -9999 -9999 -9999 -9999 -9999 -9999 -9999 -9999 -9999 -9999 -9999 -9999 -9999 -9999 -9999 -9999 -9999 1062.049 1060.094 1058.174 1056.481 1055.177 1054.216 1053.481 1052.717 1051.776 1051.117 1050.662 1050.369 1050.133 1049.689 1048.6 1047.828 1047.877 1048.855 1049.858 1050.235 1050.031 1049.75 1049.298 1048.595 1047.794 1046.897 1046.091 1045.57 1044.907 1045.591 1046.286 1047.223 1048.048 1048.768 1049.393 1049.781 1050.011 1050.08 1050.048 1049.984 1049.947 1050.018 1050.313 1050.953 1052.161 1054.034 1055.999 1057.611
-9999 -9999 -9999 -9999 -9999 -9999 -9999 -9999 -9999 -9999 -9999 -9999 -9999 -9999 -9999 -9999 -9999 -9999 -9999 -9999 -9999 1062.105 1060.053 1058.188 1056.698 1055.595 1054.855 1054.229 1053.134 1051.978 1051.099 1050.597 1050.233 1049.69 1048.489 1047.32 1046.901 1047.803 1048.825 1049.15 1048.806 1048.229 1047.596 1046.729 1045.934 1045.297 1044.927 1045.512 1045.955 1046.819 1047.727 1048.476 1048.979 1049.446 1049.792 1050.008 1050.08 1050.05 1049.999 1049.999 1050.095 1050.342 1050.855 1052.064 1054.125 1056.596 1058.647 1059.689
-9999 -9999 -9999 -9999 -9999 -9999 -9999 -9999 -9999 -9999 -9999 -9999 -9999 -9999 -9999 -9999 -9999 -9999 -9999 -9999 -9999 -9999 -9999 1060.295 1058.528 1057.123 1056.161 1055.532 1054.716 1053.472 1052.162 1051.209 1050.544 1049.819 1048.578 1047.18 1046.544 1046.766 1047.45 1047.444 1046.831 1046.245 1045.835 1045.21 1044.979 1045.489 1045.951 1046.689 1047.445 1048.213 1048.905 1049.274 1049.492 1049.777 1049.992 1050.08 1050.044 1049.977 1049.974 1050.114 1050.397 1050.788 1051.606 1053.63 1056.577 1059.468 1061.415 1061.814
-9999 -9999 -9999 -9999 -9999 -9999 -9999 -9999 -9999 -9999 -9999 -9999 -9999 -9999 -9999 -9999 -9999 -9999 -9999 -9999 -9999 -9999 -9999 1062.579 1060.535 1058.794 1057.565 1056.973 1056.52 1055.503 1053.931 1052.408 1051.232 1050.24 1049.159 1047.935 1046.941 1046.666 1046.563 1046.102 1045.277 1045.208 1045.746 1045.971 1046.333 1047.032 1047.609 1048.239 1048.812 1049.319 1049.711 1049.799 1049.796 1049.941 1050.079 1050.066 1049.969 1049.906 1050.004 1050.371 1050.998 1051.529 1052.552 1055.192 1058.594 1061.657 1063.408 1063.331
-9999 -9999 -9999 -9999 -9999 -9999 -9999 -9999 -9999 -9999 -9999 -9999 -9999 -9999 -9999 -9999 -9999 -9999 -9999 -9999 -9999 -9999 -9999 -9999 1062.652 1060.65 1059.19 1058.545 1058.394 1057.737 1056.132 1054.163 1052.336 1050.922 1049.879 1048.954 1048.085 1047.49 1046.979 1046.65 1046.697 1047.027 1047.603 1047.987 1048.314 1048.724 1049.054 1049.488 1049.844 1050.089 1050.239 1050.223 1050.092 1050.091 1050.144 1050.074 1049.94 1049.908 1050.112 1050.694 1051.859 1052.468 1053.357 1056.097 1059.449 1062.358 1063.994 1063.24
-9999 -9999 -9999 -9999 -9999 -9999 -9999 -9999 -9999 -9999 -9999 -9999 -9999 -9999 -9999 -9999 -9999 -9999 -9999 -9999 -9999 -9999 -9999 -9999 -9999 -9999 1061.182 1060.418 1060.249 1059.781 1058.316 1056.187 1053.954 1052.048 1050.701 1049.846 1049.228 1048.832 1048.56 1048.515 1048.754 1049.093 1049.464 1049.673 1049.747 1049.905 1049.989 1050.22 1050.402 1050.53 1050.559 1050.489 1050.39 1050.384 1050.316 1050.201 1050.056 1050.128 1050.491 1051.209 1052.488 1053.502 1054.057 1056.282 1059.008 1061.184 1062.16 1061.482
-9999 -9999 -9999 -9999 -9999 -9999 -9999 -9999 -9999 -9999 -9999 -9999 -9999 -9999 -9999 -9999 -9999 -9999 -9999 -9999 -9999 -9999 -9999 -9999 -9999 -9999 -9999 1062.396 1061.917 1061.323 1060.081 1058.074 1055.729 1053.516 1051.759 1050.628 1050.056 1049.887 1049.902 1049.984 1050.153 1050.296 1050.376 1050.347 1050.084 1050.258 1050.383 1050.526 1050.652 1050.717 1050.681 1050.562 1050.438 1050.39 1050.39 1050.386 1050.354 1050.764 1051.536 1052.589 1053.818 1054.811 1055.448 1056.888 1058.344 1059.427 1059.795 1059.251
-9999 -9999 -9999 -9999 -9999 -9999 -9999 -9999 -9999 -9999 -9999 -9999 -9999 -9999 -9999 -9999 -9999 -9999 -9999 -9999 -9999 -9999 -9999 -9999 -9999 -9999 -9999 -9999 -9999 1062.718 1061.491 1059.672 1057.424 1055.178 1053.184 1051.674 1050.797 1050.46 1050.36 1050.372 1050.46 1050.542 1050.569 1050.515 1050.388 1050.401 1050.391 1050.519 1050.645 1050.696 1050.626 1050.462 1050.288 1050.194 1050.223 1050.394 1050.809 1051.977 1053.606 1055.247 1056.687 1057.658 1058.064 1058.265 1058.298 1058.173 1057.914 1057.413
-9999 -9999 -9999 -9999 -9999 -9999 -9999 -9999 -9999 -9999 -9999 -9999 -9999 -9999 -9999 -9999 -9999 -9999 -9999 -9999 -9999 -9999 -9999 -9999 -9999 -9999 -9999 -9999 -9999 1064.056 1062.793 1061.054 1058.963 1056.857 1054.919 1053.231 1051.989 1051.119 1050.622 1050.377 1050.324 1050.362 1050.405 1050.4 1050.367 1050.385 1050.308 1050.364 1050.473 1050.525 1050.446 1050.251 1050.042 1049.954 1050.109 1050.646 1051.772 1053.857 1056.26 1058.357 1059.85 1060.624 1060.732 1059.925 1058.642 1057.465 1056.836 1056.391
-9999 -9999 -9999 -9999 -9999 -9999 -9999 -9999 -9999 -9999 -9999 -9999 -9999 -9999 -9999 -9999 -9999 -9999 -9999 -9999 -9999 -9999 -9999 -9999 -9999 -9999 -9999 -9999 -9999 -9999 1064.077 1062.302 1060.281 1058.358 1056.667 1055.094 1053.557 1052.083 1051.093 1050.473 1050.213 1050.173 1050.219 1050.229 1050.189 1050.128 1050.05 1050.085 1050.194 1050.262 1050.194 1049.993 1049.776 1049.728 1050.059 1051.007 1052.852 1055.749 1058.71 1060.996 1062.171 1062.562 1062.601 1061.111 1059.031 1057.275 1056.353 -9999
-9999 -9999 -9999 -9999 -9999 -9999 -9999 -9999 -9999 -9999 -9999 -9999 -9999 -9999 -9999 -9999 -9999 -9999 -9999 -9999 -9999 -9999 -9999 -9999 -9999 -9999 -9999 -9999 -9999 -9999 -9999 1063.613 1061.603 1059.765 1058.261 1056.956 1055.511 1053.735 1052.143 1051.045 1050.513 1050.336 1050.344 1050.311 1050.19 1049.995 1049.832 1049.807 1049.895 1049.976 1049.934 1049.744 1049.532 1049.521 1049.985 1051.231 1053.654 1057.082 1060.431 1062.748 1063.373 1064.314 1063.479 1061.385 1058.958 1057.041 1056.085 -9999
-9999 -9999 -9999 -9999 -9999 -9999 -9999 -9999 -9999 -9999 -9999 -9999 -9999 -9999 -9999 -9999 -9999 -9999 -9999 -9999 -9999 -9999 -9999 -9999 -9999 -9999 -9999 -9999 -9999 -9999 -9999 -9999 1063.218 1061.353 1059.836 1058.678 1057.49 1055.843 1054.004 1052.471 1051.572 1051.178 1051.102 1050.941 1050.644 1050.211 1049.844 1049.671 1049.679 1049.748 1049.731 1049.556 1049.347 1049.348 1049.861 1051.225 1053.846 1057.505 1061.14 1063.796 1064.913 1064.481 1062.935 1060.692 1058.339 -9999 -9999 -9999
-9999 -9999 -9999 -9999 -9999 -9999 -9999 -9999 -9999 -9999 -9999 -9999 -9999 -9999 -9999 -9999 -9999 -9999 -9999 -9999 -9999 -9999 -9999 -9999 -9999 -9999 -9999 -9999 -9999 -9999 -9999 -9999 -9999 1063.181 1061.595 1060.419 1059.372 1057.951 1056.266 1054.676 1053.608 1053.028 1052.752 1052.418 1051.692 1050.886 1050.197 1049.778 1049.631 1049.643 1049.642 1049.467 1049.251 1049.235 1049.713 1051.006 1053.466 1057.04 1060.703 1063.303 1064.195 1063.347 -9999 -9999 -9999 -9999 -9999 -9999
-9999 -9999 -9999 -9999 -9999 -9999 -9999 -9999 -9999 -9999 -9999 -9999 -9999 -9999 -9999 -9999 -9999 -9999 -9999 -9999 -9999 -9999 -9999 -9999 -9999 -9999 -9999 -9999 -9999 -9999 -9999 -9999 -9999 -9999 1063.557 1062.321 1061.199 1059.854 1058.37 1056.983 1056.004 1055.466 1055.1 1054.483 1053.359 1052.047 1050.923 1050.177 1049.797 1049.69 1049.687 1049.487 1049.262 1049.22 1049.633 1050.79 1052.989 1056.302 1059.725 1062.065 1062.665 1061.912 1060.608 -9999 -9999 -9999 -9999 -9999
-9999 -9999 -9999 -9999 -9999 -9999 -9999 -9999 -9999 -9999 -9999 -9999 -9999 -9999 -9999 -9999 -9999 -9999 -9999 -9999 -9999 -9999 -9999 -9999 -9999 -9999 -9999 -9999 -9999 -9999 -9999 -9999 -9999 -9999 1065.526 1064.224 1062.93 1061.522 1060.078 1058.818 1057.958 1057.558 1057.205 1056.453 1055.151 1053.536 1052.011 1050.896 1050.206 1049.869 1049.732 1049.575 1049.377 1049.323 1049.674 1050.693 1052.636 1055.644 1058.737 1060.839 1061.324 1060.849 1059.912 -9999 -9999 -9999 -9999 -9999
-9999 -9999 -9999 -9999 -9999 -9999 -9999 -9999 -9999 -9999 -9999 -9999 -9999 -9999 -9999 -9999 -9999 -9999 -9999 -9999 -9999 -9999 -9999 -9999 -9999 -9999 -9999 -9999 -9999 -9999 -9999 -9999 -9999 -9999 -9999 1065.997 1064.543 1063.002 1061.459 1060.136 1059.281 1058.964 1058.644 1057.907 1056.754 1055.193 1053.495 1052.009 1050.941 1050.298 1049.973 1049.818 1049.615 1049.539 1049.839 1050.736 1052.469 1055.135 1057.862 1059.783 1060.37 1060.122 -9999 -9999 -9999 -9999 -9999 -9999
-9999 -9999 -9999 -9999 -9999 -9999 -9999 -9999 -9999 -9999 -9999 -9999 -9999 -9999 -9999 -9999 -9999 -9999 -9999 -9999 -9999 -9999 -9999 -9999 -9999 -9999 -9999 -9999 -9999 -9999 -9999 -9999 -9999 -9999 -9999 -9999 -9999 1064.353 1062.617 1061.15 1060.225 1059.872 1059.49 1058.893 1057.973 1056.739 1055.202 1053.571 1052.107 1051.054 1050.422 1050.124 1049.924 1049.812 1050.086 1050.89 1052.481 1054.758 1057.023 1058.724 1059.567 1059.72 -9999 -9999 -9999 -9999 -9999 -9999
-9999 -9999 -9999 -9999 -9999 -9999 -9999 -9999 -9999 -9999 -9999 -9999 -9999 -9999 -9999 -9999 -9999 -9999 -9999 -9999 -9999 -9999 -9999 -9999 -9999 -9999 -9999 -9999 -9999 -9999 -9999 -9999 -9999 -9999 -9999 -9999 -9999 -9999 -9999 1061.996 1060.962 1060.431 1060.006 1059.526 1058.884 1058.004 1056.868 1055.357 1053.728 1052.246 1051.142 1050.604 1050.243 1050.052 1050.345 1051.009 1052.385 1054.315 1056.141 1057.603 1058.517 1059.184 -9999 -9999 -9999 -9999 -9999 -9999
-9999 -9999 -9999 -9999 -9999 -9999 -9999 -9999 -9999 -9999 -9999 -9999 -9999 -9999 -9999 -9999 -9999 -9999 -9999 -9999 -9999 -9999 -9999 -9999 -9999 -9999 -9999 -9999 -9999 -9999 -9999 -9999 -9999 -9999 -9999 -9999 -9999 -9999 -9999 -9999 -9999 -9999 -9999 1060.062 1059.61 1059.105 1058.414 1057.16 1055.49 1053.716 1052.177 1051.225 1050.622 1050.16 1050.606 1051.204 1052.438 1054.11 1055.462 1056.685 1057.601 -9999 -9999 -9999 -9999 -9999 -9999 -9999
-9999 -9999 -9999 -9999 -9999 -9999 -9999 -9999 -9999 -9999 -9999 -9999 -9999 -9999 -9999 -9999 -9999 -9999 -9999 -9999 -9999 -9999 -9999 -9999 -9999 -9999 -9999 -9999 -9999 -9999 -9999 -9999 -9999 -9999 -9999 -9999 -9999 -9999 -9999 -9999 -9999 -9999 -9999 -9999 1060.43 1060.232 1059.88 1058.921 1057.324 1055.416 1053.579 1052.114 1050.982 1050.262 1050.55 1051.382 1052.895 1054.543 1055.805 1056.645 1057.406 -9999 -9999 -9999 -9999 -9999 -9999 -9999
