backend/lakes/data/Obed Lake/obed_dem_tm.asc
ncols         91
nrows         109
xllcorner     355850
yllcorner     5932200
cellsize      50
NODATA_value  -9999
[rows 30 to 59 of 109, columns 0 to 67 of 91]
-9999 -9999 -9999 -9999 -9999 -9999 -9999 -9999 -9999 -9999 -9999 -9999 -9999 -9999 -9999 -9999 -9999 -9999 -9999 -9999 -9999 -9999 -9999 -9999 -9999 -9999 -9999 -9999 -9999 -9999 -9999 -9999 -9999 -9999 -9999 -9999 -9999 -9999 -9999 -9999 1057.304 1057.04 1056.589 1055.558 1054.136 1052.612 1051.422 1050.973 1050.702 1050.533 1050.414 1050.311 1050.248 1050.271 1050.379 1050.527 1050.658 1050.683 1050.531 1050.241 1049.96 1049.873 1050.133 1050.845 1052.092 1053.593 1054.92 1055.938
-9999 -9999 -9999 -9999 -9999 -9999 -9999 -9999 -9999 -9999 -9999 -9999 -9999 -9999 -9999 -9999 -9999 -9999 -9999 -9999 -9999 -9999 -9999 -9999 -9999 -9999 -9999 -9999 -9999 -9999 -9999 -9999 -9999 -9999 -9999 -9999 -9999 -9999 -9999 -9999 1056.888 1056.325 1055.529 1054.441 1053.182 1051.891 1051.029 1050.683 1050.51 1050.426 1050.362 1050.294 1050.253 1050.284 1050.38 1050.509 1050.681 1050.797 1050.713 1050.428 1050.088 1049.907 1050.073 1050.721 1051.93 1053.506 1054.951 1056.045
-9999 -9999 -9999 -9999 -9999 -9999 -9999 -9999 -9999 -9999 -9999 -9999 -9999 -9999 -9999 -9999 -9999 -9999 -9999 -9999 -9999 -9999 -9999 -9999 -9999 -9999 -9999 -9999 -9999 -9999 -9999 -9999 -9999 -9999 -9999 -9999 -9999 -9999 -9999 1056.677 1056.172 1055.341 1054.359 1053.417 1052.364 1051.287 1050.688 1050.455 1050.384 1050.371 1050.354 1050.316 1050.287 1050.306 1050.356 1050.393 1050.567 1050.796 1050.814 1050.571 1050.216 1049.989 1050.117 1050.767 1052.037 1053.672 1055.187 1056.339
-9999 -9999 -9999 -9999 -9999 -9999 -9999 -9999 -9999 -9999 -9999 -9999 -9999 -9999 -9999 -9999 -9999 -9999 -9999 -9999 -9999 -9999 -9999 -9999 -9999 -9999 -9999 -9999 -9999 -9999 -9999 -9999 -9999 -9999 -9999 -9999 -9999 -9999 -9999 1056.088 1055.322 1054.234 1053.242 1052.468 1051.484 1050.76 1050.431 1050.337 1050.346 1050.364 1050.37 1050.354 1050.337 1050.353 1050.39 1050.351 1050.414 1050.751 1050.852 1050.65 1050.297 1050.051 1050.169 1050.844 1052.146 1053.859 1055.492 1056.862
-9999 -9999 -9999 -9999 -9999 -9999 -9999 -9999 -9999 -9999 -9999 -9999 -9999 -9999 -9999 -9999 -9999 -9999 -9999 -9999 -9999 -9999 -9999 -9999 -9999 -9999 -9999 -9999 -9999 -9999 -9999 -9999 -9999 -9999 -9999 -9999 -9999 -9999 -9999 1055.527 1054.421 1053.188 1052.254 1051.644 1050.955 1050.533 1050.355 1050.344 1050.39 1050.39 1050.39 1050.381 1050.371 1050.374 1050.39 1050.39 1050.528 1050.795 1050.872 1050.667 1050.309 1050.052 1050.163 1050.86 1052.25 1054.131 1055.945 1057.533
-9999 -9999 -9999 -9999 -9999 -9999 -9999 -9999 -9999 -9999 -9999 -9999 -9999 -9999 -9999 -9999 -9999 -9999 -9999 -9999 -9999 -9999 -9999 -9999 -9999 -9999 -9999 -9999 -9999 -9999 -9999 -9999 -9999 -9999 -9999 -9999 -9999 -9999 -9999 1054.76 1053.47 1052.284 1051.576 1051.204 1050.823 1050.509 1050.381 1050.39 1050.404 1050.403 1050.398 1050.39 1050.384 1050.378 1050.376 1050.391 1050.565 1050.782 1050.822 1050.607 1050.252 1050 1050.125 1050.865 1052.424 1054.534 1056.57 1058.353
-9999 -9999 -9999 -9999 -9999 -9999 -9999 -9999 -9999 -9999 -9999 -9999 -9999 -9999 -9999 -9999 -9999 -9999 -9999 -9999 -9999 -9999 -9999 -9999 -9999 -9999 -9999 -9999 -9999 -9999 -9999 -9999 -9999 -9999 -9999 -9999 -9999 -9999 1055.209 1054.013 1052.668 1051.642 1051.09 1050.826 1050.685 1050.486 1050.39 1050.385 1050.396 1050.401 1050.399 1050.394 1050.39 1050.387 1050.387 1050.41 1050.513 1050.671 1050.687 1050.477 1050.148 1049.939 1050.135 1051.014 1052.853 1055.224 1057.417 1059.257
-9999 -9999 -9999 -9999 -9999 -9999 -9999 -9999 -9999 -9999 -9999 -9999 -9999 -9999 -9999 -9999 -9999 -9999 -9999 -9999 -9999 -9999 -9999 -9999 -9999 -9999 -9999 -9999 -9999 -9999 1056.017 1057.024 1057.921 1058.228 1058.045 -9999 -9999 -9999 1055.392 1053.909 1052.401 1051.379 1051.002 1051.065 1050.702 1050.483 1050.39 1050.381 1050.386 1050.394 1050.396 1050.393 1050.389 1050.39 1050.39 1050.39 1050.392 1050.504 1050.509 1050.317 1050.029 1049.884 1050.185 1051.249 1053.404 1056.044 1058.374 1060.23
-9999 -9999 -9999 -9999 -9999 -9999 -9999 -9999 -9999 -9999 -9999 -9999 -9999 -9999 -9999 -9999 -9999 -9999 -9999 -9999 -9999 -9999 -9999 -9999 -9999 -9999 -9999 1058.035 1057.131 1055.868 1056.693 1057.731 1058.485 1058.672 1058.52 1058.356 1058.22 -9999 1056.522 1054.821 1053.001 1051.602 1051.099 1051.128 1050.715 1050.49 1050.395 1050.39 1050.381 1050.386 1050.391 1050.388 1050.377 1050.367 1050.361 1050.358 1050.359 1050.39 1050.372 1050.185 1049.927 1049.831 1050.201 1051.381 1053.724 1056.57 1059.09 1061.033
-9999 -9999 -9999 -9999 -9999 -9999 -9999 -9999 -9999 -9999 -9999 -9999 -9999 -9999 -9999 -9999 -9999 -9999 -9999 -9999 -9999 -9999 -9999 -9999 -9999 1059.263 1059.214 1058.679 1057.24 1055.574 1056.419 1057.651 1058.673 1059.001 1059.176 1059.465 1059.605 1059.302 1058.275 1056.521 1054.464 1052.63 1051.516 1051.226 1050.837 1050.552 1050.409 1050.39 1050.37 1050.376 1050.386 1050.384 1050.369 1050.351 1050.341 1050.347 1050.367 1050.39 1050.329 1050.127 1049.875 1049.782 1050.127 1051.242 1053.514 1056.517 1059.303 1061.358
-9999 -9999 -9999 -9999 -9999 -9999 -9999 -9999 -9999 -9999 -9999 -9999 -9999 -9999 -9999 -9999 -9999 -9999 -9999 -9999 -9999 -9999 -9999 -9999 1060.447 1060.678 1060.311 1059.564 1057.881 1055.771 1055.115 1056.758 1057.916 1058.728 1059.652 1060.349 1060.827 1060.757 1060.027 1058.516 1056.473 1054.331 1052.602 1051.549 1051.054 1050.674 1050.443 1050.39 1050.36 1050.372 1050.385 1050.386 1050.375 1050.353 1050.34 1050.349 1050.375 1050.39 1050.339 1050.141 1049.895 1049.783 1050.043 1050.97 1052.955 1055.978 1059.082 1061.573
-9999 -9999 -9999 -9999 -9999 -9999 -9999 -9999 -9999 -9999 -9999 -9999 -9999 -9999 -9999 -9999 -9999 -9999 -9999 -9999 -9999 -9999 1062.003 1062.029 1062.201 1061.993 1061.244 1060.21 1058.401 1056.057 1054.743 1055.6 1056.483 1057.42 1058.856 1060.128 1060.933 1061.291 1061.12 1060.293 1058.68 1056.506 1054.358 1052.676 1051.587 1050.939 1050.572 1050.459 1050.39 1050.39 1050.39 1050.39 1050.39 1050.371 1050.354 1050.36 1050.383 1050.405 1050.389 1050.213 1049.995 1049.882 1050.057 1050.778 1052.427 1055.313 1058.631 1061.504
-9999 -9999 -9999 -9999 -9999 -9999 -9999 -9999 -9999 -9999 -9999 -9999 -9999 -9999 -9999 -9999 -9999 -9999 -9999 -9999 -9999 1064.062 1063.935 1063.784 1063.451 1062.687 1061.388 1059.835 1058.072 1055.833 1054.317 1053.737 1054.197 1055.19 1056.896 1058.599 1060.024 1061.015 1061.579 1061.592 1060.707 1058.841 1056.58 1054.498 1052.888 1051.754 1051.015 1050.756 1050.53 1050.417 1050.38 1050.38 1050.39 1050.39 1050.375 1050.374 1050.381 1050.39 1050.387 1050.29 1050.151 1050.075 1050.189 1050.692 1052.042 1054.654 1058.006 1061.186
-9999 -9999 -9999 -9999 -9999 -9999 -9999 -9999 -9999 -9999 -9999 -9999 -9999 -9999 -9999 -9999 -9999 -9999 -9999 -9999 -9999 1064.939 1064.853 1064.382 1063.513 1061.989 1060.068 1058.19 1056.5 1054.696 1053.385 1052.796 1053.05 1053.578 1054.743 1056.549 1058.485 1060.165 1061.486 1062.406 1062.225 1061.005 1058.976 1056.741 1054.712 1053.074 1051.868 1051.276 1050.713 1050.45 1050.373 1050.371 1050.386 1050.395 1050.39 1050.39 1050.383 1050.39 1050.406 1050.377 1050.321 1050.298 1050.378 1050.669 1051.816 1054.019 1057.154 1060.499
-9999 -9999 -9999 -9999 -9999 -9999 -9999 -9999 -9999 -9999 -9999 -9999 -9999 -9999 -9999 -9999 -9999 -9999 -9999 -9999 1063.264 1063.997 1064.177 1063.428 1061.912 1059.873 1057.65 1055.796 1054.319 1053.061 1052.205 1051.86 1052.007 1052.315 1053.283 1054.937 1056.939 1059.128 1061.101 1062.638 1063.192 1062.746 1061.214 1059.062 1056.734 1054.582 1052.796 1051.458 1050.71 1050.425 1050.364 1050.372 1050.39 1050.403 1050.403 1050.398 1050.39 1050.412 1050.436 1050.438 1050.418 1050.389 1050.307 1050.495 1051.525 1053.37 1056.024 1059.431
-9999 -9999 -9999 -9999 -9999 -9999 -9999 -9999 -9999 -9999 -9999 -9999 -9999 -9999 -9999 -9999 -9999 -9999 -9999 1060.649 1061.199 1061.894 1062.041 1061.051 1059.183 1056.922 1054.813 1053.279 1052.239 1051.527 1051.13 1051.021 1051.06 1051.255 1052.119 1053.652 1055.609 1057.846 1060.017 1061.906 1063.192 1063.506 1062.75 1060.972 1058.536 1055.943 1053.575 1051.671 1050.722 1050.416 1050.38 1050.39 1050.4 1050.414 1050.415 1050.417 1050.42 1050.436 1050.448 1050.439 1050.389 1050.272 1050.176 1050.386 1051.294 1053.024 1054.91 1058.155
-9999 -9999 -9999 -9999 -9999 -9999 -9999 -9999 -9999 -9999 -9999 -9999 -9999 -9999 -9999 -9999 -9999 -9999 1059 1058.715 1058.992 1059.429 1059.276 1058.053 1056.089 1054.069 1052.589 1051.672 1051.174 1050.884 1050.69 1050.668 1050.653 1050.7 1051.304 1052.682 1054.546 1056.346 1058.281 1060.228 1061.914 1062.962 1062.877 1061.751 1059.448 1056.62 1053.854 1051.689 1050.68 1050.388 1050.389 1050.39 1050.39 1050.416 1050.417 1050.425 1050.432 1050.438 1050.429 1050.39 1050.281 1050.115 1049.986 1050.097 1050.676 1051.926 1053.695 1056.942
-9999 -9999 -9999 -9999 -9999 -9999 -9999 -9999 -9999 -9999 -9999 -9999 -9999 -9999 -9999 -9999 -9999 -9999 1057.788 1057.365 1057.466 1057.511 1056.752 1055.213 1053.401 1051.91 1051.012 1050.669 1050.643 1050.652 1050.477 1050.383 1050.328 1050.382 1050.827 1051.912 1053.659 1054.856 1056.113 1057.84 1059.519 1060.82 1061.33 1060.646 1058.711 1055.989 1053.181 1051.256 1050.415 1050.206 1050.221 1050.274 1050.324 1050.39 1050.39 1050.417 1050.421 1050.417 1050.39 1050.327 1050.187 1049.993 1049.832 1049.862 1050.259 1051.089 1052.72 1055.898
-9999 -9999 -9999 -9999 -9999 -9999 -9999 -9999 -9999 -9999 -9999 -9999 -9999 -9999 -9999 -9999 -9999 1057.923 1057.069 1056.618 1056.351 1055.776 1054.608 1053.024 1051.636 1050.703 1050.19 1050.079 1050.192 1050.299 1050.261 1050.199 1050.166 1050.25 1050.607 1051.233 1052.375 1053.449 1054.567 1055.783 1056.921 1057.751 1058.371 1058.01 1056.538 1054.297 1052.05 1050.669 1050.167 1050.074 1050.081 1050.148 1050.202 1050.282 1050.337 1050.39 1050.39 1050.39 1050.368 1050.293 1050.141 1049.932 1049.736 1049.669 1049.871 1050.501 1051.964 1054.898
-9999 -9999 -9999 -9999 -9999 -9999 -9999 -9999 -9999 -9999 -9999 -9999 -9999 -9999 -9999 -9999 -9999 1057.812 1056.898 1056.264 1055.615 1054.417 1052.883 1051.712 1050.813 1050.198 1049.864 1049.822 1049.957 1050.096 1050.136 1050.12 1050.107 1050.161 1050.349 1050.697 1051.339 1052.264 1053.284 1054.013 1054.672 1055.238 1055.654 1055.397 1054.115 1052.386 1050.975 1050.276 1050.077 1050.08 1050.058 1050.08 1050.081 1050.165 1050.242 1050.295 1050.325 1050.346 1050.339 1050.272 1050.132 1049.935 1049.73 1049.603 1049.686 1050.19 1051.36 1053.827
-9999 -9999 -9999 -9999 -9999 -9999 -9999 -9999 -9999 -9999 -9999 -9999 -9999 -9999 -9999 -9999 1060.173 1058.416 1057.136 1056.111 1055.001 1053.393 1051.873 1051.052 1050.581 1050.097 1049.817 1049.776 1049.897 1050.042 1050.123 1050.143 1050.145 1050.167 1050.244 1050.406 1050.734 1051.325 1052.13 1052.42 1052.706 1053.031 1053.318 1053.241 1052.115 1051.017 1050.373 1050.113 1050.08 1050.05 1050.018 1050.01 1050.018 1050.08 1050.154 1050.187 1050.233 1050.267 1050.276 1050.234 1050.132 1049.981 1049.806 1049.653 1049.607 1049.877 1050.761 1052.829
-9999 -9999 -9999 -9999 -9999 -9999 -9999 -9999 -9999 -9999 -9999 -9999 -9999 -9999 -9999 -9999 1060.702 1058.953 1057.385 1055.929 1054.324 1052.659 1051.415 1050.73 1050.366 1050.043 1049.84 1049.813 1049.926 1050.076 1050.181 1050.233 1050.259 1050.265 1050.288 1050.343 1050.467 1050.686 1050.905 1050.984 1051.105 1051.241 1051.361 1051.288 1050.749 1050.327 1050.134 1050.079 1050.034 1049.992 1049.954 1049.935 1049.946 1050.003 1050.079 1050.081 1050.141 1050.169 1050.179 1050.163 1050.115 1050.04 1049.944 1049.831 1049.697 1049.794 1050.441 1052.122
-9999 -9999 -9999 -9999 -9999 -9999 -9999 -9999 -9999 -9999 -9999 -9999 -9999 -9999 -9999 1061.503 1060.191 1058.674 1057.166 1055.573 1053.651 1051.987 1051.116 1050.669 1050.304 1050.029 1049.87 1049.866 1049.986 1050.14 1050.258 1050.333 1050.389 1050.39 1050.39 1050.39 1050.39 1050.387 1050.355 1050.325 1050.362 1050.384 1050.409 1050.388 1050.218 1050.08 1050.078 1050.019 1049.963 1049.91 1049.865 1049.838 1049.842 1049.885 1049.951 1050.003 1050.079 1050.08 1050.08 1050.08 1050.08 1050.08 1050.08 1050.072 1049.907 1049.911 1050.36 1051.712
-9999 -9999 -9999 -9999 -9999 -9999 -9999 -9999 -9999 -9999 -9999 -9999 -9999 -9999 -9999 1059.913 1058.989 1057.854 1056.495 1054.817 1052.914 1051.585 1050.933 1050.638 1050.263 1050.007 1049.886 1049.912 1050.052 1050.213 1050.324 1050.39 1050.439 1050.442 1050.422 1050.383 1050.32 1050.233 1050.135 1050.07 1050.066 1050.08 1050.099 1050.096 1050.077 1049.984 1049.962 1049.92 1049.868 1049.813 1049.761 1049.725 1049.717 1049.747 1049.809 1049.885 1049.966 1050.006 1050.031 1050.05 1050.066 1050.081 1050.093 1050.099 1050.079 1050.123 1050.395 1051.483
-9999 -9999 -9999 -9999 -9999 -9999 -9999 -9999 -9999 -9999 -9999 -9999 -9999 -9999 -9999 1058.375 1057.819 1056.905 1055.609 1053.951 1052.157 1051.126 1050.66 1050.384 1050.131 1049.962 1049.901 1049.963 1050.126 1050.298 1050.39 1050.441 1050.466 1050.459 1050.428 1050.375 1050.296 1050.191 1050.092 1050.041 1050.053 1050.103 1050.139 1050.085 1050.006 1049.927 1049.885 1049.838 1049.78 1049.717 1049.657 1049.613 1049.597 1049.619 1049.68 1049.77 1049.869 1049.95 1050.008 1050.045 1050.064 1050.069 1050.068 1050.08 1050.2 1050.375 1050.461 1051.275
-9999 -9999 -9999 -9999 -9999 -9999 -9999 -9999 -9999 -9999 -9999 -9999 -9999 -9999 -9999 1057.443 1057.012 1056.192 1054.993 1053.394 1051.674 1050.745 1050.35 1050.156 1050.021 1049.949 1049.95 1050.038 1050.208 1050.388 1050.449 1050.472 1050.474 1050.455 1050.421 1050.378 1050.309 1050.206 1050.124 1050.105 1050.162 1050.275 1050.386 1050.368 1050.105 1049.961 1049.885 1049.809 1049.725 1049.643 1049.573 1049.526 1049.51 1049.532 1049.597 1049.697 1049.814 1049.925 1050.01 1050.061 1050.077 1050.07 1050.06 1050.08 1050.218 1050.388 1050.437 1051.088
-9999 -9999 -9999 -9999 -9999 -9999 -9999 -9999 -9999 -9999 -9999 -9999 -9999 -9999 -9999 1057.004 1056.651 1055.942 1054.751 1053.098 1051.477 1050.63 1050.2 1050.027 1049.97 1049.98 1050.034 1050.127 1050.26 1050.39 1050.448 1050.464 1050.457 1050.433 1050.405 1050.39 1050.344 1050.226 1050.157 1050.167 1050.253 1050.389 1050.492 1050.502 1050.368 1050.09 1049.966 1049.838 1049.712 1049.603 1049.526 1049.485 1049.481 1049.515 1049.588 1049.696 1049.823 1049.945 1050.039 1050.09 1050.096 1050.076 1050.06 1050.08 1050.189 1050.388 1050.417 1050.944
-9999 -9999 -9999 -9999 -9999 -9999 -9999 -9999 -9999 -9999 -9999 -9999 -9999 -9999 -9999 1056.879 1056.544 1055.914 1054.745 1053.09 1051.51 1050.652 1050.202 1049.994 1049.949 1050.006 1050.108 1050.215 1050.312 1050.39 1050.425 1050.433 1050.424 1050.404 1050.39 1050.429 1050.389 1050.203 1050.147 1050.184 1050.278 1050.391 1050.49 1050.5 1050.391 1050.208 1050.076 1049.894 1049.728 1049.6 1049.524 1049.503 1049.525 1049.582 1049.668 1049.778 1049.9 1050.011 1050.089 1050.116 1050.094 1050.048 1050.023 1050.012 1050.094 1050.377 1050.429 1050.866
-9999 -9999 -9999 -9999 -9999 -9999 -9999 -9999 -9999 -9999 -9999 -9999 -9999 -9999 -9999 1056.822 1056.474 1055.927 1054.855 1053.358 1051.794 1050.799 1050.374 1050.098 1049.99 1050.027 1050.145 1050.271 1050.357 1050.39 1050.4 1050.395 1050.39 1050.39 1050.417 1050.456 1050.368 1050.088 1050.094 1050.176 1050.284 1050.39 1050.467 1050.475 1050.39 1050.24 1050.081 1049.911 1049.751 1049.631 1049.573 1049.583 1049.643 1049.728 1049.826 1049.928 1050.024 1050.097 1050.129 1050.107 1050.028 1049.941 1049.939 1049.911 1050.049 1050.213 1050.348 1050.651
-9999 -9999 -9999 -9999 -9999 -9999 -9999 -9999 -9999 -9999 -9999 -9999 -9999 -9999 -9999 1056.724 1056.313 1055.855 1054.86 1053.422 1051.936 1050.998 1050.621 1050.251 1050.088 1050.092 1050.189 1050.309 1050.39 1050.395 1050.376 1050.354 1050.347 1050.365 1050.39 1050.367 1050.104 1050.011 1050.08 1050.18 1050.293 1050.39 1050.448 1050.453 1050.39 1050.246 1050.079 1049.926 1049.79 1049.698 1049.672 1049.719 1049.815 1049.925 1050.022 1050.095 1050.138 1050.142 1050.093 1049.996 1049.833 1049.666 1049.752 1049.63 1049.644 1049.862 1049.979 1050.303
