backend/lakes/data/Sandy Lake/sand_dem_tm.asc
ncols         124
nrows         192
xllcorner     560100
yllcorner     5953150
cellsize      50
NODATA_value  -9999
[rows 32 to 63 of 192, columns 0 to 70 of 124]
-9999 -9999 -9999 -9999 -9999 -9999 -9999 -9999 -9999 -9999 -9999 -9999 -9999 -9999 -9999 704.7673 702.175 699.7606 697.7131 696.0082 694.49 693.2042 692.2422 691.7744 691.5864 691.4214 691.3152 691.3162 691.8383 692.5576 693.3959 693.7863 693.721 692.8842 692.2534 692.0561 692.1968 693.1299 694.916 697.0278 699.1006 700.1807 700.0301 699.2271 698.5275 699.0022 700.6787 702.9091 704.9562 706.3481 707.1981 707.8214 708.7875 709.8926 710.8105 711.1505 711.0397 -9999 -9999 -9999 -9999 -9999 -9999 -9999 -9999 -9999 -9999 -9999 -9999 -9999 -9999
-9999 -9999 -9999 -9999 -9999 -9999 -9999 -9999 -9999 -9999 -9999 -9999 -9999 -9999 -9999 -9999 704.8792 702.2311 699.7677 697.6021 695.7045 694.0387 692.7634 692.0976 691.7644 691.5071 691.3121 691.3267 691.9122 692.7908 693.8382 694.5973 694.8132 694.2899 693.6375 693.1432 692.9926 693.459 694.6498 696.3792 698.0099 698.8419 698.6656 697.8929 697.2536 697.8495 699.752 702.2512 704.4563 705.8205 706.4792 707.0035 707.8203 708.8568 709.8818 710.5865 710.8038 711.003 711.1029 -9999 -9999 -9999 -9999 -9999 -9999 -9999 -9999 -9999 -9999 -9999 -9999
-9999 -9999 -9999 -9999 -9999 -9999 -9999 -9999 -9999 -9999 -9999 -9999 -9999 -9999 -9999 -9999 707.3609 704.8635 702.2793 699.7791 697.5084 695.5477 694.0074 693.0789 692.5664 692.0864 691.4896 691.3118 691.7844 692.7124 694.0439 695.3643 696.0146 696.0527 695.7881 695.1329 694.5833 694.7527 695.7739 696.8416 697.4114 697.7418 697.5332 696.8197 696.3101 697.1207 699.0563 701.5549 703.6694 704.8074 704.999 705.5169 706.1506 707.0649 708.1623 709.2051 710.0546 710.8625 711.4783 712.0886 -9999 -9999 -9999 -9999 -9999 -9999 -9999 -9999 -9999 -9999 -9999
-9999 -9999 -9999 -9999 -9999 -9999 -9999 -9999 -9999 -9999 -9999 -9999 -9999 -9999 -9999 -9999 -9999 707.2098 704.8851 702.3043 699.7264 697.4484 695.7338 694.7255 694.303 693.6333 692.3745 691.3217 691.3682 692.2552 693.76 695.1359 696.366 696.9122 697.2129 696.4518 695.7949 695.7914 696.3902 696.7073 696.0024 696.2336 696.0206 695.5368 695.2903 696.1835 698.0153 700.2161 701.9393 702.6926 702.6735 702.7214 703.0903 703.9273 705.224 706.8022 708.4653 710.0536 711.4269 712.4558 712.9727 -9999 -9999 -9999 -9999 -9999 -9999 -9999 -9999 -9999 -9999
-9999 -9999 -9999 -9999 -9999 -9999 -9999 -9999 -9999 -9999 -9999 -9999 -9999 -9999 -9999 -9999 -9999 708.8143 707.0897 704.7447 702.0356 699.4531 697.5099 696.5022 696.1825 695.3767 693.5804 691.8441 691.2694 691.7564 693.0187 694.149 694.9817 695.2907 695.1703 694.5242 693.9371 693.9756 694.4922 694.8513 694.4327 694.151 693.8889 693.7411 693.8152 694.691 696.1931 697.8102 698.9136 699.1703 698.8299 698.5556 698.7562 699.6099 701.1871 703.4012 705.9418 708.4598 710.6689 712.2723 712.9158 -9999 -9999 -9999 -9999 -9999 -9999 -9999 -9999 -9999 -9999
-9999 -9999 -9999 -9999 -9999 -9999 -9999 -9999 -9999 -9999 -9999 -9999 -9999 -9999 -9999 -9999 -9999 -9999 708.324 706.5183 703.9285 701.207 699.0463 697.9245 697.7689 697.0593 695.0215 692.7422 691.3926 691.219 691.6828 692.2524 692.6821 692.7748 692.5944 692.1251 691.7329 691.7657 692.1542 692.4414 692.2693 692.0331 691.8588 691.8131 691.9587 692.5588 693.5533 694.5511 695.0876 695.0093 694.618 694.3319 694.4749 695.2546 696.8757 699.4621 702.7076 706.0679 709.0354 711.1846 712.1715 713.0421 -9999 -9999 -9999 -9999 -9999 -9999 -9999 -9999 -9999
-9999 -9999 -9999 -9999 -9999 -9999 -9999 -9999 -9999 -9999 -9999 -9999 -9999 -9999 -9999 -9999 -9999 -9999 -9999 707.0319 704.8066 702.2668 700.185 699.1659 699.1739 698.6735 696.7203 694.1032 692.1172 691.1642 690.8829 690.9955 691.2257 691.1656 691.0408 690.7367 690.4917 690.53 690.8153 691.071 690.9966 690.717 690.5662 690.5107 690.5433 690.7806 691.2432 691.711 691.9192 691.7876 691.524 691.3635 691.5029 692.1052 693.4474 695.8774 699.348 703.262 706.8232 709.5688 711.3317 712.3984 -9999 -9999 -9999 -9999 -9999 -9999 -9999 -9999 -9999
-9999 -9999 -9999 -9999 -9999 -9999 -9999 -9999 -9999 -9999 -9999 -9999 -9999 -9999 -9999 -9999 -9999 -9999 -9999 -9999 704.2655 702.2563 700.6091 700.0613 700.2896 699.8539 698.3464 695.8151 693.4612 691.8712 691.0946 690.855 690.6854 690.5159 690.3463 690.1767 690.015 690.0644 690.3124 690.5573 690.5302 690.2284 689.9825 689.8262 689.7426 689.7664 689.9085 690.0695 690.1251 690.0554 689.9691 689.9822 690.1656 690.5601 691.4072 693.3458 696.5884 700.6401 704.4702 707.5174 709.581 710.6965 -9999 -9999 -9999 -9999 -9999 -9999 -9999 -9999 -9999
-9999 -9999 -9999 -9999 -9999 -9999 -9999 -9999 -9999 -9999 -9999 -9999 -9999 -9999 -9999 -9999 -9999 -9999 -9999 -9999 -9999 -9999 700.0967 700.006 700.4759 700.5098 699.7658 697.7104 695.3119 693.2386 691.8749 691.2307 691.0195 690.8204 690.4935 690.1774 690.0071 690.0668 690.3048 690.5491 690.4163 690.1157 689.8312 689.6139 689.4596 689.3678 689.3423 689.3549 689.3683 689.3896 689.4784 689.6812 689.9641 690.1917 690.5547 691.9556 694.8389 698.7427 702.5081 705.5168 707.5287 708.5792 -9999 -9999 -9999 -9999 -9999 -9999 -9999 -9999 -9999
-9999 -9999 -9999 -9999 -9999 -9999 -9999 -9999 -9999 -9999 -9999 -9999 -9999 -9999 -9999 -9999 -9999 -9999 -9999 -9999 -9999 -9999 -9999 699.3849 699.9254 700.4138 700.5445 699.1506 697.2118 695.1265 693.3879 692.3748 691.9054 691.3899 690.8708 690.4323 690.2264 690.2613 690.4195 690.5499 690.416 690.1699 689.9098 689.6871 689.5121 689.3784 689.2883 689.2465 689.2618 689.3555 689.5609 689.8847 690.2293 690.1166 690.2603 691.3749 693.9838 697.706 701.303 704.0964 705.8514 706.7339 -9999 -9999 -9999 -9999 -9999 -9999 -9999 -9999 -9999
-9999 -9999 -9999 -9999 -9999 -9999 -9999 -9999 -9999 -9999 -9999 -9999 -9999 -9999 -9999 -9999 -9999 -9999 -9999 -9999 -9999 -9999 -9999 -9999 699.1793 699.4395 699.9789 699.6484 698.6577 697.127 695.5115 694.3705 693.7223 692.8348 691.7745 690.9691 690.6205 690.5752 690.5486 690.5062 690.4256 690.2843 690.0968 689.9095 689.746 689.6085 689.5055 689.4527 689.4747 689.5903 689.8046 690.0718 690.25 690.095 690.2289 691.2335 693.6796 697.2505 700.6896 703.2552 704.7416 705.4102 -9999 -9999 -9999 -9999 -9999 -9999 -9999 -9999 -9999
-9999 -9999 -9999 -9999 -9999 -9999 -9999 -9999 -9999 -9999 -9999 -9999 -9999 -9999 -9999 -9999 -9999 -9999 -9999 -9999 -9999 -9999 -9999 -9999 699.1562 699.1741 699.5445 699.7968 699.4885 698.7664 697.7455 696.9325 696.3051 695.1659 693.4588 691.9656 691.2642 691.051 690.5703 690.4338 690.4448 690.4204 690.3135 690.1769 690.0434 689.9228 689.8274 689.7746 689.791 689.8875 690.051 690.2136 690.2477 690.0652 690.2416 691.2674 693.6526 697.1198 700.469 702.879 704.1539 704.7526 -9999 -9999 -9999 -9999 -9999 -9999 -9999 -9999 -9999
-9999 -9999 -9999 -9999 -9999 -9999 -9999 -9999 -9999 -9999 -9999 -9999 -9999 -9999 -9999 -9999 -9999 -9999 -9999 -9999 -9999 -9999 -9999 -9999 -9999 699.5533 699.7096 699.9943 699.9294 699.7684 699.4904 699.2629 698.843 697.6563 695.5985 693.5217 692.2148 691.8391 690.7303 690.4225 690.5017 690.5496 690.4948 690.4086 690.3124 690.2175 690.1363 690.0809 690.0775 690.1322 690.2191 690.2491 690.0947 689.94 690.2159 691.3392 693.803 697.274 700.5131 702.796 704.0048 704.632 -9999 -9999 -9999 -9999 -9999 -9999 -9999 -9999 -9999
-9999 -9999 -9999 -9999 -9999 -9999 -9999 -9999 -9999 -9999 -9999 -9999 -9999 -9999 -9999 -9999 -9999 -9999 -9999 -9999 -9999 -9999 -9999 -9999 -9999 -9999 700.0002 699.9579 700.0076 700.3277 700.6335 700.9267 700.8203 699.8833 697.9831 695.6177 693.5671 692.0879 690.8344 690.4333 690.5477 690.5316 690.5499 690.5396 690.4934 690.432 690.3632 690.2932 690.254 690.2556 690.2496 690.1106 689.8695 689.7372 690.0899 691.3448 693.9567 697.4995 700.7394 702.9756 704.1848 704.9191 -9999 -9999 -9999 -9999 -9999 -9999 -9999 -9999 -9999
-9999 -9999 -9999 -9999 -9999 -9999 -9999 -9999 -9999 -9999 -9999 -9999 -9999 -9999 -9999 -9999 -9999 -9999 -9999 -9999 -9999 -9999 -9999 -9999 -9999 -9999 -9999 699.8153 700.0416 700.6771 701.2866 701.8627 701.8765 701.2919 700.0681 698.0633 695.6932 693.4234 691.6178 690.6547 690.4017 690.3549 690.4346 690.5492 690.5674 690.5499 690.4927 690.3918 690.2983 690.2494 690.1539 689.929 689.637 689.5157 689.9179 691.2584 693.9691 697.566 700.9003 703.2853 704.6046 705.36 -9999 -9999 -9999 -9999 -9999 -9999 -9999 -9999 -9999
-9999 -9999 -9999 -9999 -9999 -9999 -9999 -9999 -9999 -9999 -9999 -9999 -9999 -9999 -9999 -9999 -9999 -9999 -9999 -9999 -9999 -9999 -9999 -9999 -9999 -9999 -9999 -9999 -9999 701.0676 701.8428 702.1621 702.1611 701.8573 701.4099 700.1561 698.0674 695.5469 693.1625 691.4733 690.614 690.3149 690.3221 690.4509 690.55 690.5863 690.5495 690.4102 690.2498 690.1647 690.041 689.7793 689.446 689.3067 689.6747 690.9228 693.4792 696.9925 700.4765 703.2246 705.0105 706.1464 707.0416 -9999 -9999 -9999 -9999 -9999 -9999 -9999 -9999
-9999 -9999 -9999 -9999 -9999 -9999 -9999 -9999 -9999 -9999 -9999 -9999 -9999 -9999 -9999 -9999 -9999 -9999 -9999 -9999 -9999 -9999 -9999 -9999 -9999 -9999 -9999 -9999 -9999 -9999 -9999 702.0067 701.8599 701.6141 701.9987 701.5239 700.119 697.887 695.2576 692.9033 691.3441 690.5596 690.3577 690.4227 690.5342 690.5878 690.55 690.4136 690.2499 690.142 690.0152 689.7418 689.3672 689.1813 689.4355 690.402 692.4418 695.616 699.2239 702.4957 705.0305 706.811 708.0436 709.0077 -9999 -9999 -9999 -9999 -9999 -9999 -9999
-9999 -9999 -9999 -9999 -9999 -9999 -9999 -9999 -9999 -9999 -9999 -9999 -9999 -9999 -9999 -9999 -9999 -9999 -9999 -9999 -9999 -9999 -9999 -9999 -9999 -9999 -9999 -9999 -9999 -9999 -9999 -9999 701.1851 701.1432 701.4271 701.9937 701.4977 699.9927 697.5406 694.7646 692.4147 691.0408 690.5379 690.4847 690.5497 690.5903 690.5502 690.4115 690.2504 690.1625 690.0663 689.8195 689.4342 689.2164 689.3666 690.0281 691.4669 693.9946 697.2965 700.8812 704.1824 706.8679 708.8194 710.1614 -9999 -9999 -9999 -9999 -9999 -9999 -9999
-9999 -9999 -9999 -9999 -9999 -9999 -9999 -9999 -9999 -9999 -9999 -9999 -9999 -9999 -9999 -9999 -9999 -9999 -9999 -9999 -9999 -9999 -9999 -9999 -9999 -9999 -9999 -9999 -9999 -9999 -9999 -9999 -9999 700.9387 700.9093 701.3981 701.9916 701.4799 699.6127 696.816 693.8654 691.6937 690.7296 690.5447 690.4907 690.5488 690.5478 690.3969 690.2506 690.2064 690.1642 689.9827 689.6425 689.4338 689.5606 690.0352 691.0635 692.9016 695.2939 698.6364 702.3589 705.872 708.6996 710.6523 711.751 -9999 -9999 -9999 -9999 -9999 -9999
-9999 -9999 -9999 -9999 -9999 -9999 -9999 -9999 -9999 -9999 -9999 -9999 -9999 -9999 -9999 -9999 -9999 -9999 -9999 -9999 -9999 -9999 -9999 -9999 -9999 -9999 -9999 -9999 -9999 -9999 -9999 -9999 -9999 -9999 700.1333 700.3783 701.3138 701.9832 701.1246 698.7631 695.6101 692.7295 691.0099 690.4354 690.3163 690.3616 690.3832 690.3185 690.2501 690.2455 690.2544 690.16 689.9144 689.7562 689.9202 690.3246 691.1199 692.748 693.7545 696.1486 699.7971 703.7816 707.3333 709.9492 711.4402 712.7892 -9999 -9999 -9999 -9999 -9999
-9999 -9999 -9999 -9999 -9999 -9999 -9999 -9999 -9999 -9999 -9999 -9999 -9999 -9999 -9999 -9999 -9999 -9999 -9999 -9999 -9999 -9999 -9999 -9999 -9999 -9999 -9999 -9999 -9999 -9999 -9999 -9999 -9999 -9999 -9999 -9999 700.2065 701.2764 701.6693 700.2223 697.3073 694.0369 691.6811 690.5889 690.2954 690.269 690.272 690.2555 690.25 690.2686 690.3036 690.2835 690.1448 690.0676 690.2669 690.6599 691.1602 691.9803 692.6381 693.9943 696.9642 700.9376 704.9595 708.3479 710.7572 712.2493 712.2449 -9999 -9999 -9999 -9999
-9999 -9999 -9999 -9999 -9999 -9999 -9999 -9999 -9999 -9999 -9999 -9999 -9999 -9999 -9999 -9999 -9999 -9999 -9999 -9999 -9999 -9999 -9999 -9999 -9999 -9999 -9999 -9999 -9999 -9999 -9999 -9999 -9999 -9999 -9999 -9999 699.3535 700.343 701.1313 701.0084 698.7134 695.4409 692.6339 691.0456 690.5148 690.3492 690.2635 690.2354 690.25 690.2731 690.3092 690.3237 690.2568 690.2495 690.4543 690.8423 691.2117 691.6592 692.1747 692.7102 694.5267 697.8211 701.8403 705.7007 708.8105 710.8083 711.3235 711.1644 -9999 -9999 -9999
-9999 -9999 -9999 -9999 -9999 -9999 -9999 -9999 -9999 -9999 -9999 -9999 -9999 -9999 -9999 -9999 -9999 -9999 -9999 -9999 -9999 -9999 -9999 -9999 -9999 -9999 -9999 -9999 -9999 -9999 -9999 -9999 -9999 -9999 -9999 -9999 -9999 700.0178 700.9062 701.6046 699.9565 696.9279 693.835 691.7426 690.8122 690.5206 690.3057 690.239 690.25 690.2576 690.2872 690.302 690.25 690.2156 690.3595 690.7862 691.1595 691.5839 692.1708 692.884 692.9243 694.9807 698.451 702.3588 705.9001 708.5302 709.9217 710.6216 711.1668 -9999 -9999
-9999 -9999 -9999 -9999 -9999 -9999 -9999 -9999 -9999 -9999 -9999 -9999 -9999 -9999 -9999 -9999 -9999 -9999 -9999 -9999 -9999 -9999 -9999 -9999 -9999 -9999 -9999 -9999 -9999 -9999 -9999 -9999 -9999 -9999 -9999 -9999 -9999 699.9575 700.9847 701.9473 701.0486 698.4918 695.3458 692.7847 691.2708 690.5878 690.3274 690.2524 690.2499 690.2245 690.2568 690.2844 690.2484 690.0869 690.206 690.5685 691.0155 691.4032 691.6927 691.8517 691.4235 692.6407 695.3304 698.8506 702.4821 705.6356 707.9612 709.6432 711.0361 712.4965 -9999
-9999 -9999 -9999 -9999 -9999 -9999 -9999 -9999 -9999 -9999 -9999 -9999 -9999 -9999 -9999 -9999 -9999 -9999 -9999 -9999 -9999 -9999 -9999 -9999 -9999 -9999 -9999 -9999 -9999 -9999 -9999 -9999 -9999 -9999 -9999 -9999 -9999 700.0764 701.4429 702.6223 702.37 700.2909 697.2903 694.3431 692.2364 691.0464 690.5336 690.3444 690.2493 690.1859 690.2114 690.25 690.171 690.0541 690.0387 690.3635 690.7958 691.1597 691.2281 690.9829 690.5894 691.2034 693.0393 695.7662 699.0013 702.3499 705.3683 707.9429 710.1917 712.2566 713.895
-9999 -9999 -9999 -9999 -9999 -9999 -9999 -9999 -9999 -9999 -9999 -9999 -9999 -9999 -9999 -9999 -9999 -9999 -9999 -9999 -9999 -9999 -9999 -9999 -9999 -9999 -9999 -9999 -9999 -9999 -9999 -9999 -9999 -9999 -9999 -9999 -9999 -9999 702.0468 703.6343 703.9267 702.2402 699.4191 696.2878 693.6421 691.7771 690.8485 690.5167 690.2643 690.1719 690.1913 690.25 690.2277 690.0707 690.0225 690.1635 690.6053 690.9014 690.9488 690.691 690.3964 690.5545 691.5401 693.4326 695.9233 698.9863 702.2866 705.5165 708.5308 711.2797 713.5195
-9999 -9999 -9999 -9999 -9999 -9999 -9999 -9999 -9999 -9999 -9999 -9999 -9999 -9999 -9999 -9999 -9999 -9999 -9999 -9999 -9999 -9999 -9999 -9999 -9999 -9999 -9999 -9999 -9999 -9999 -9999 -9999 -9999 -9999 -9999 -9999 -9999 -9999 702.866 704.8123 705.4929 704.1271 701.5471 698.4412 695.3447 692.8259 691.2958 690.6875 690.5134 690.2535 690.2075 690.2292 690.25 690.1949 690.1196 690.1449 690.3209 690.6526 690.7709 690.6744 690.5414 690.4122 690.8333 691.9409 693.6959 696.0784 699.0924 702.6378 706.3061 709.7837 712.7315
-9999 -9999 -9999 -9999 -9999 -9999 -9999 -9999 -9999 -9999 -9999 -9999 -9999 -9999 -9999 -9999 -9999 -9999 -9999 -9999 -9999 -9999 -9999 -9999 -9999 -9999 -9999 -9999 -9999 -9999 -9999 -9999 -9999 -9999 -9999 -9999 -9999 -9999 -9999 705.4916 706.2716 705.4637 703.2849 700.4348 697.2883 694.2616 692.0894 690.9559 690.5494 690.3344 690.2493 690.2119 690.2499 690.245 690.1953 690.1792 690.2555 690.418 690.5717 690.6163 690.5488 690.3748 690.4988 691.0749 692.2073 693.9102 696.2616 699.7275 703.8395 707.9485 711.5425
-9999 -9999 -9999 -9999 -9999 -9999 -9999 -9999 -9999 -9999 -9999 -9999 -9999 -9999 -9999 -9999 -9999 -9999 -9999 -9999 -9999 -9999 -9999 -9999 -9999 -9999 -9999 -9999 -9999 -9999 -9999 -9999 -9999 -9999 -9999 -9999 -9999 -9999 -9999 -9999 706.4032 706.0767 704.3592 701.9581 699.0807 695.9598 693.2936 691.6181 690.8419 690.5128 690.2572 690.1742 690.195 690.2501 690.2048 690.1606 690.1801 690.2885 690.4465 690.5408 690.5497 690.417 690.4384 690.7903 691.4187 692.5806 694.2357 697.3153 701.5818 706.1108 710.2133
-9999 -9999 -9999 -9999 -9999 -9999 -9999 -9999 -9999 -9999 -9999 -9999 -9999 -9999 -9999 -9999 -9999 -9999 -9999 -9999 -9999 -9999 -9999 -9999 -9999 -9999 -9999 -9999 -9999 -9999 -9999 -9999 -9999 -9999 -9999 -9999 -9999 -9999 -9999 -9999 -9999 706.0239 704.8384 703.058 700.7214 697.8868 694.9985 692.8029 691.4972 690.8428 690.4965 690.2509 690.187 690.2496 690.2644 690.1545 690.1051 690.1697 690.3175 690.4797 690.55 690.4686 690.4406 690.6073 691.0221 691.9973 693.0989 695.7114 699.9174 704.6479 709.046
-9999 -9999 -9999 -9999 -9999 -9999 -9999 -9999 -9999 -9999 -9999 -9999 -9999 -9999 -9999 -9999 -9999 -9999 -9999 -9999 -9999 -9999 -9999 -9999 -9999 -9999 -9999 -9999 -9999 -9999 -9999 -9999 -9999 -9999 -9999 -9999 -9999 -9999 -9999 -9999 -9999 706.0198 705.3566 704.1039 702.3243 699.9635 697.2316 694.6985 692.8269 691.6306 690.9161 690.5029 690.2484 690.1932 690.2499 690.1677 690.0878 690.1075 690.2319 690.4084 690.5494 690.5245 690.5085 690.5988 690.8404 691.3054 692.3035 694.9328 699.1597 704.0034 708.6017
-9999 -9999 -9999 -9999 -9999 -9999 -9999 -9999 -9999 -9999 -9999 -9999 -9999 -9999 -9999 -9999 -9999 -9999 -9999 -9999 -9999 -9999 -9999 -9999 -9999 -9999 -9999 -9999 -9999 -9999 -9999 -9999 702.4415 703.4853 704.5329 705.501 706.0738 -9999 -9999 -9999 -9999 -9999 706.4073 705.3409 703.9456 702.173 699.92 697.4257 695.1257 693.343 692.0336 691.1526 690.5667 690.2634 690.2473 690.1217 690.0505 690.0738 690.1829 690.3386 690.484 690.5499 690.5988 690.7015 690.8439 691.1805 692.3776 695.1971 699.4713 704.3504 709.0343
