backend/lakes/data/Nakamun Lake/naka_dem_tm.asc
ncols         132
nrows         77
xllcorner     549400
yllcorner     5966900
cellsize      50
NODATA_value  -9999
[rows 30 to 59 of 77, columns 0 to 66 of 132]
-9999 -9999 -9999 -9999 -9999 -9999 -9999 -9999 -9999 -9999 -9999 -9999 -9999 -9999 -9999 693.9933 693.0919 691.537 689.5306 687.1437 684.5176 682.0945 680.0967 678.9789 678.5455 678.3303 678.0484 677.9744 678.6424 679.3269 679.7404 679.8267 679.6483 679.2542 678.6035 677.7032 677.1423 677.0696 677.3331 677.5238 678.0735 678.9032 679.4715 679.8538 680.215 680.749 681.058 680.9412 680.2759 679.4182 678.4792 677.8209 677.3367 677.1576 677.4384 678.3164 679.8902 682.1169 684.8184 687.8475 690.517 691.8527 691.8358 690.7604 -9999 -9999 -9999
-9999 -9999 -9999 -9999 -9999 -9999 -9999 -9999 -9999 -9999 -9999 -9999 -9999 -9999 -9999 692.5997 691.3668 689.6366 687.5489 685.2454 682.9479 681.1162 679.6509 678.7533 678.2798 678.0583 677.9095 677.9699 678.5791 679.3334 679.8192 679.9452 679.7089 679.1646 678.1884 677.3102 676.7305 676.4431 676.4291 676.5043 676.8472 677.4938 677.844 678.0809 678.4429 679.0422 679.2894 679.0412 678.2807 677.4656 676.7078 676.3936 676.3459 676.514 677.1083 678.3066 680.2704 682.8718 685.7429 688.7958 691.0701 691.9847 691.3418 690.3275 -9999 -9999 -9999
-9999 -9999 -9999 -9999 -9999 -9999 -9999 -9999 -9999 -9999 -9999 -9999 -9999 -9999 -9999 690.9002 689.3807 687.5104 685.4686 683.4874 681.8466 680.5654 679.6314 679.0516 678.6149 678.2358 677.9812 677.9463 678.26 679.1802 679.7104 679.845 679.4753 678.6384 677.5463 676.717 676.334 675.9848 675.8367 675.843 676.0446 676.3817 676.5409 676.6704 676.9703 677.5126 677.6752 677.3536 676.5801 675.8519 675.3355 675.3776 675.6868 676.3226 677.3077 678.929 681.3048 684.2074 687.2308 689.9838 691.7178 691.9475 691.1217 690.2008 -9999 -9999 -9999
-9999 -9999 -9999 -9999 -9999 -9999 -9999 -9999 -9999 -9999 -9999 -9999 -9999 -9999 -9999 689.2025 687.4836 685.5467 683.6667 682.1445 681.2028 680.5802 680.1248 679.7763 679.4121 678.8671 678.2942 677.9504 678.1428 678.7916 679.3755 679.5428 679.061 677.9916 676.8701 676.2083 675.8751 675.6024 675.4451 675.4147 675.5128 675.6691 675.7495 675.8131 675.9614 676.1942 676.2107 675.8693 675.2383 674.765 674.5473 674.7906 675.311 676.3101 677.7575 679.8427 682.6646 685.8862 689.012 691.4205 692.5925 692.2372 691.3151 690.5271 -9999 -9999 -9999
-9999 -9999 -9999 -9999 -9999 -9999 -9999 -9999 -9999 -9999 -9999 -9999 -9999 -9999 -9999 687.9457 686.1545 684.231 682.4975 681.3061 680.9889 680.9628 681.0239 680.8748 680.3679 679.6538 678.7656 678.0016 677.9951 678.4209 678.9008 679.0049 678.275 677.3112 676.4301 675.8583 675.5236 675.3192 675.2014 675.1639 675.2042 675.2747 675.306 675.2908 675.2333 675.1176 675.0376 674.8089 674.4004 674.0817 674.0081 674.3254 675.062 676.4427 678.3529 680.9153 684.1374 687.6884 690.7505 692.756 693.4199 692.8724 691.8979 -9999 -9999 -9999 -9999
-9999 -9999 -9999 -9999 -9999 -9999 -9999 -9999 -9999 -9999 -9999 -9999 -9999 -9999 -9999 687.7575 686.0041 684.1429 682.475 681.338 681.0353 681.2494 681.8142 681.8145 681.1899 680.3649 679.2068 678.1095 677.8157 677.9375 678.1236 678.0229 677.4525 676.6772 676.0657 675.6086 675.3102 675.1323 675.0406 675.008 675.0313 675.067 675.0809 675.0432 674.8923 674.6747 674.491 674.2531 673.9407 673.7004 673.7004 674.0997 675.0487 676.7787 679.1436 682.1586 685.6808 689.2592 692.095 693.6226 693.9674 693.1769 -9999 -9999 -9999 -9999 -9999
-9999 -9999 -9999 -9999 -9999 -9999 -9999 -9999 -9999 -9999 -9999 -9999 -9999 -9999 -9999 688.6533 687.0082 685.2603 683.6304 682.3945 681.6811 681.8072 681.7187 681.5839 681.1177 680.1989 679.149 678.0798 677.6155 677.4878 677.4475 677.265 676.8535 676.3718 675.8688 675.4662 675.1907 675.0377 674.9566 674.9003 674.8985 674.898 674.8975 674.8751 674.6666 674.4434 674.2424 674.0127 673.7432 673.5418 673.5703 674.0275 675.1127 677.0764 679.7819 683.156 686.8491 690.276 692.7213 693.7473 693.805 693.0743 692.4142 -9999 -9999 -9999 -9999
-9999 -9999 -9999 -9999 -9999 -9999 -9999 -9999 -9999 -9999 -9999 -9999 -9999 -9999 -9999 -9999 688.4575 686.8721 685.3452 684.0291 682.9042 682.1552 681.3726 680.9772 680.3303 679.5521 678.739 677.9492 677.4539 677.1815 677.0033 676.7831 676.4569 676.1267 675.7291 675.3666 675.1024 674.9774 674.8981 674.7891 674.7072 674.6317 674.5649 674.4958 674.3661 674.2361 674.1005 673.9186 673.691 673.5125 673.5547 674.0295 675.1717 677.2488 680.1331 683.6622 687.3069 690.3756 692.2557 692.8446 692.6498 692.1946 691.9393 691.7209 691.4057 -9999 -9999
-9999 -9999 -9999 -9999 -9999 -9999 -9999 -9999 -9999 -9999 -9999 -9999 -9999 -9999 -9999 -9999 689.8727 688.4179 687.074 685.8168 684.5302 683.2672 682.063 680.9827 679.8962 679.1968 678.5455 677.9409 677.4727 677.1232 676.8781 676.6566 676.4231 676.1353 675.72 675.3204 675.0056 674.8951 674.7659 674.6362 674.5024 674.3506 674.201 674.0859 674.0183 674.0006 673.9702 673.8663 673.6908 673.5382 673.5809 674.0446 675.1709 677.2325 680.1127 683.5783 686.9731 689.5376 690.7342 690.9288 690.7297 690.6381 690.8394 691.0474 691.0347 690.8744 690.433
-9999 -9999 -9999 -9999 -9999 -9999 -9999 -9999 -9999 -9999 -9999 -9999 -9999 -9999 -9999 -9999 -9999 689.6498 688.4725 687.3353 686.1807 684.8571 683.2689 681.8549 680.5134 679.6469 678.9377 678.3368 677.8611 677.4272 677.1257 676.8556 676.6088 676.3467 675.8761 675.4199 674.9484 674.7709 674.6375 674.5092 674.3575 674.1509 673.91 673.7199 673.669 673.7442 673.8171 673.8005 673.6849 673.5612 673.5989 674.0151 675.0482 676.9436 679.6494 682.8727 685.8963 687.8774 688.5095 688.4698 688.3869 688.6763 689.2489 690.0178 690.436 690.6074 690.4785
-9999 -9999 -9999 -9999 -9999 -9999 -9999 -9999 -9999 -9999 -9999 -9999 -9999 -9999 -9999 -9999 -9999 690.7904 689.6588 688.6933 687.669 686.6579 685.2439 683.6859 682.2401 681.0759 680.1273 679.3594 678.7491 678.2379 677.8793 677.4689 677.0725 676.6301 676.2068 675.8472 675.3095 674.9109 674.6697 674.5015 674.3517 674.1227 673.7837 673.4693 673.3825 673.5118 673.6517 673.7062 673.6501 673.5566 673.5796 673.9108 674.755 676.3036 678.6865 681.526 684.1757 685.6886 685.8813 685.7318 685.8052 686.3896 687.1757 688.4551 689.3889 689.9798 690.2166
-9999 -9999 -9999 -9999 -9999 -9999 -9999 -9999 -9999 -9999 -9999 -9999 -9999 -9999 -9999 -9999 -9999 -9999 691.0549 690.2109 689.4305 688.5923 687.4443 686.054 684.6744 683.5057 682.2786 681.2212 680.4602 679.8835 679.3649 678.7192 678.1557 677.5845 676.9145 676.5853 675.8728 675.2845 674.8927 674.6488 674.5315 674.3377 673.9125 673.4384 673.285 673.377 673.5035 673.5912 673.585 673.5243 673.5325 673.7599 674.3641 675.5007 677.3782 679.7252 681.9277 683.1025 683.1682 683.0436 683.2678 684.035 685.1672 686.6288 687.8475 688.7589 689.256
-9999 -9999 -9999 -9999 -9999 -9999 -9999 -9999 -9999 -9999 -9999 -9999 -9999 -9999 -9999 -9999 -9999 -9999 692.9259 692.0767 691.3764 690.6605 689.7932 688.6874 687.4266 686.1922 685.012 683.9592 683.119 682.4225 681.7053 680.8253 679.9454 679.0242 677.9957 677.1331 676.4576 675.7944 675.2794 674.9526 674.8914 674.8027 674.3755 673.8998 673.4506 673.3146 673.3786 673.4714 673.5046 673.4793 673.4858 673.6265 674.0063 674.7412 675.9357 677.6046 679.2845 680.2661 680.2781 680.2574 680.6556 681.599 682.8531 684.3478 685.7188 686.7757 687.3406
-9999 -9999 -9999 -9999 -9999 -9999 -9999 -9999 -9999 -9999 -9999 -9999 -9999 -9999 -9999 -9999 -9999 -9999 -9999 694.1182 693.4498 692.8553 692.233 691.4044 690.3605 689.2538 688.1906 687.1729 686.3162 685.5454 684.6906 683.6024 682.3149 680.9222 679.5424 678.364 677.509 676.6312 675.9633 675.5529 675.3447 675.1936 674.9149 674.6041 674.0044 673.4719 673.3182 673.3788 673.4335 673.4348 673.457 673.5371 673.7344 674.111 674.7233 675.5863 676.6483 677.3108 677.4662 677.6797 678.2975 679.3074 680.4772 681.8748 683.1743 684.2077 684.7261
-9999 -9999 -9999 -9999 -9999 -9999 -9999 -9999 -9999 -9999 -9999 -9999 -9999 -9999 -9999 -9999 -9999 -9999 -9999 -9999 695.591 695.1578 694.7048 694.1043 693.2934 692.3616 691.4584 690.5795 689.7459 688.9022 687.9135 686.5958 684.9312 683.1654 681.4716 680.0212 678.9123 677.8571 676.9725 676.4134 675.9821 675.7114 675.4434 675.1539 674.6841 674.007 673.4655 673.3254 673.3785 673.3801 673.4362 673.4785 673.5481 673.6582 673.8124 674.0151 674.5211 674.9015 675.1607 675.5952 676.3909 677.4094 678.423 679.6198 680.7245 681.6099 681.9784
-9999 -9999 -9999 -9999 -9999 -9999 -9999 -9999 -9999 -9999 -9999 -9999 -9999 -9999 -9999 -9999 -9999 -9999 -9999 -9999 -9999 -9999 697.2386 696.7275 696.0457 695.2484 694.4867 693.7397 692.944 692.0547 690.9943 689.5527 687.6935 685.6504 683.7003 682.0049 680.5988 679.4109 678.4269 677.6248 676.8782 676.4539 676.069 675.7687 675.3615 674.7205 673.9902 673.4535 673.2917 673.2767 673.3723 673.3736 673.3659 673.3505 673.3043 673.2217 673.3615 673.5497 673.7661 674.3215 675.0651 675.972 676.8275 677.8615 678.8167 679.4444 679.6182
-9999 -9999 -9999 -9999 -9999 -9999 -9999 -9999 -9999 -9999 -9999 -9999 -9999 -9999 -9999 -9999 -9999 -9999 -9999 -9999 -9999 -9999 -9999 699.3036 698.5798 697.8044 697.1368 696.5021 695.7609 694.8854 693.8326 692.3945 690.5157 688.3923 686.2579 684.2772 682.5764 681.21 680.0697 679.0832 678.1747 677.562 676.9174 676.5654 676.1768 675.4845 674.7063 673.9581 673.432 673.202 673.1202 673.0436 672.964 672.8862 672.8037 672.7526 672.8479 673.054 673.3572 673.801 674.3467 674.9776 675.6956 676.5467 677.3792 677.783 677.8478
-9999 -9999 -9999 -9999 -9999 -9999 -9999 -9999 -9999 -9999 -9999 -9999 -9999 -9999 -9999 -9999 -9999 -9999 -9999 -9999 -9999 -9999 -9999 -9999 -9999 700.0796 699.4875 698.9735 698.2845 697.44 696.4427 695.1171 693.31 691.1934 688.9857 686.8373 684.8832 683.2608 681.9137 680.7069 679.6724 678.9142 678.1722 677.6786 677.0576 676.3034 675.4697 674.6804 673.9581 673.4308 673.1074 672.8958 672.7267 672.6129 672.5601 672.5966 672.7622 673.0432 673.3648 673.7167 674.0745 674.4472 674.9363 675.5706 676.1835 676.4429 676.5083
-9999 -9999 -9999 -9999 -9999 -9999 -9999 -9999 -9999 -9999 -9999 -9999 -9999 -9999 -9999 -9999 -9999 -9999 -9999 -9999 -9999 -9999 -9999 -9999 -9999 -9999 -9999 -9999 -9999 -9999 698.7424 697.5802 695.929 693.8967 691.6714 689.4295 687.3255 685.4871 683.9225 682.5024 681.3162 680.3787 679.5928 678.9478 678.1221 677.2591 676.4125 675.6036 674.8691 674.1988 673.6202 673.244 672.9476 672.7767 672.7238 672.7945 672.9935 673.3225 673.5596 673.8513 674.0815 674.2537 674.5301 674.92 675.2901 675.4691 675.6056
-9999 -9999 -9999 -9999 -9999 -9999 -9999 -9999 -9999 -9999 -9999 -9999 -9999 -9999 -9999 -9999 -9999 -9999 -9999 -9999 -9999 -9999 -9999 -9999 -9999 -9999 -9999 -9999 -9999 -9999 -9999 699.5899 698.1469 696.2796 694.1103 691.8199 689.61 687.6359 685.9471 684.4736 683.19 682.0886 681.2362 680.4437 679.5657 678.6224 677.7902 677.0174 676.3544 675.6581 674.9628 674.3608 673.8738 673.6047 673.4734 673.4614 673.5469 673.7418 673.8682 674.0851 674.2482 674.3124 674.4767 674.7341 674.9012 674.9205 675.0585
-9999 -9999 -9999 -9999 -9999 -9999 -9999 -9999 -9999 -9999 -9999 -9999 -9999 -9999 -9999 -9999 -9999 -9999 -9999 -9999 -9999 -9999 -9999 -9999 -9999 -9999 -9999 -9999 -9999 -9999 -9999 -9999 -9999 698.2083 696.1558 693.8693 691.5981 689.5769 687.8863 686.49 685.2659 684.1648 683.2418 682.4056 681.5938 680.6921 679.8705 679.1844 678.5591 677.8521 677.0974 676.3796 675.7712 675.3506 675.0235 674.8329 674.7377 674.6364 674.4247 674.4418 674.5332 674.5755 674.7545 675.0323 675.1274 674.9735 674.8992
-9999 -9999 -9999 -9999 -9999 -9999 -9999 -9999 -9999 -9999 -9999 -9999 -9999 -9999 -9999 -9999 -9999 -9999 -9999 -9999 -9999 -9999 -9999 -9999 -9999 -9999 -9999 -9999 -9999 -9999 -9999 -9999 -9999 -9999 -9999 695.4047 693.1412 691.1736 689.612 688.3584 687.2606 686.2917 685.5215 684.8439 684.1574 683.4559 682.7175 682.082 681.4456 680.7018 679.8903 679.0888 678.3623 677.7632 677.2173 676.741 676.3439 675.9073 675.3187 675.0798 675.0463 675.0557 675.311 675.6903 675.7053 675.266 674.9164
-9999 -9999 -9999 -9999 -9999 -9999 -9999 -9999 -9999 -9999 -9999 -9999 -9999 -9999 -9999 -9999 -9999 -9999 -9999 -9999 -9999 -9999 -9999 -9999 -9999 -9999 -9999 -9999 -9999 -9999 -9999 -9999 -9999 -9999 -9999 -9999 -9999 692.3076 690.9349 689.8212 688.8237 687.9731 687.4158 687.033 686.7085 686.3931 685.9835 685.5037 684.8872 684.1107 683.2513 682.3842 681.5425 680.7605 679.9976 679.2159 678.4561 677.7206 676.937 676.4736 676.2046 675.9221 676.1389 676.5131 676.1605 675.6863 675.2994
-9999 -9999 -9999 -9999 -9999 -9999 -9999 -9999 -9999 -9999 -9999 -9999 -9999 -9999 -9999 -9999 -9999 -9999 -9999 -9999 -9999 -9999 -9999 -9999 -9999 -9999 -9999 -9999 -9999 -9999 -9999 -9999 -9999 -9999 -9999 -9999 -9999 -9999 691.7414 690.7053 689.7446 688.9531 688.5116 688.4713 688.7204 688.977 689.0997 688.9614 688.5135 687.7918 686.9595 686.0797 685.1981 684.2876 683.3277 682.27 681.177 680.183 679.2883 678.6389 678.1603 677.6586 677.4056 677.2538 676.9768 676.709 676.4658
-9999 -9999 -9999 -9999 -9999 -9999 -9999 -9999 -9999 -9999 -9999 -9999 -9999 -9999 -9999 -9999 -9999 -9999 -9999 -9999 -9999 -9999 -9999 -9999 -9999 -9999 -9999 -9999 -9999 -9999 -9999 -9999 -9999 -9999 -9999 -9999 -9999 -9999 -9999 -9999 690.0267 689.3949 689.1528 689.4941 690.3096 691.1339 691.8479 692.1844 692.0347 691.481 690.7299 689.8594 688.9376 687.9421 686.8536 685.6626 684.4171 683.2619 682.2667 681.4741 680.8491 680.2887 679.9213 679.669 679.4601 679.269 679.0565
-9999 -9999 -9999 -9999 -9999 -9999 -9999 -9999 -9999 -9999 -9999 -9999 -9999 -9999 -9999 -9999 -9999 -9999 -9999 -9999 -9999 -9999 -9999 -9999 -9999 -9999 -9999 -9999 -9999 -9999 -9999 -9999 -9999 -9999 -9999 -9999 -9999 -9999 -9999 -9999 -9999 -9999 689.9708 690.6824 691.8318 693.0556 694.2319 695.0213 695.2195 694.8911 694.2501 693.3809 692.3938 691.339 690.2531 689.1293 687.9468 686.7606 685.6753 684.7688 684.0469 683.5422 683.2734 683.1266 683.0134 682.8326 682.5622
-9999 -9999 -9999 -9999 -9999 -9999 -9999 -9999 -9999 -9999 -9999 -9999 -9999 -9999 -9999 -9999 -9999 -9999 -9999 -9999 -9999 -9999 -9999 -9999 -9999 -9999 -9999 -9999 -9999 -9999 -9999 -9999 -9999 -9999 -9999 -9999 -9999 -9999 -9999 -9999 -9999 -9999 -9999 -9999 -9999 694.8695 696.2725 697.337 697.8325 697.7274 697.2084 696.3405 695.282 694.2255 693.2906 692.4156 691.4395 690.3066 689.1663 688.1764 687.3834 686.9375 686.7911 686.7734 686.7258 686.5184 686.1649
-9999 -9999 -9999 -9999 -9999 -9999 -9999 -9999 -9999 -9999 -9999 -9999 -9999 -9999 -9999 -9999 -9999 -9999 -9999 -9999 -9999 -9999 -9999 -9999 -9999 -9999 -9999 -9999 -9999 -9999 -9999 -9999 -9999 -9999 -9999 -9999 -9999 -9999 -9999 -9999 -9999 -9999 -9999 -9999 -9999 -9999 -9999 -9999 -9999 -9999 699.3464 698.5042 697.445 696.4462 695.7736 695.2667 694.5672 693.5256 692.3646 691.2833 690.4279 689.9822 689.8879 689.9514 689.9473 689.7328 689.2959
-9999 -9999 -9999 -9999 -9999 -9999 -9999 -9999 -9999 -9999 -9999 -9999 -9999 -9999 -9999 -9999 -9999 -9999 -9999 -9999 -9999 -9999 -9999 -9999 -9999 -9999 -9999 -9999 -9999 -9999 -9999 -9999 -9999 -9999 -9999 -9999 -9999 -9999 -9999 -9999 -9999 -9999 -9999 -9999 -9999 -9999 -9999 -9999 -9999 -9999 -9999 -9999 -9999 -9999 697.6478 697.4418 696.9884 696.0831 694.9666 693.8296 692.8728 692.3351 692.1485 692.2087 692.2701 692.1694 691.7453
-9999 -9999 -9999 -9999 -9999 -9999 -9999 -9999 -9999 -9999 -9999 -9999 -9999 -9999 -9999 -9999 -9999 -9999 -9999 -9999 -9999 -9999 -9999 -9999 -9999 -9999 -9999 -9999 -9999 -9999 -9999 -9999 -9999 -9999 -9999 -9999 -9999 -9999 -9999 -9999 -9999 -9999 -9999 -9999 -9999 -9999 -9999 -9999 -9999 -9999 -9999 -9999 -9999 -9999 -9999 -9999 -9999 -9999 696.8073 695.6979 694.6462 693.8878 693.4325 693.3582 693.5355 693.743 693.5411
