backend/lakes/data/May Lake/may_dem_tm.asc
ncols         79
nrows         98
xllcorner     794750
yllcorner     6068250
cellsize      50
NODATA_value  -9999
[rows 31 to 61 of 98, columns 0 to 69 of 79]
-9999 -9999 -9999 -9999 -9999 -9999 -9999 -9999 -9999 -9999 -9999 -9999 -9999 -9999 -9999 613.4127 611.9503 610.1323 608.2665 606.4355 604.656 603.2117 602.6409 602.0217 600.7061 598.7436 596.6154 594.8202 593.4698 592.6367 591.995 592.1429 593.4591 594.926 594.8776 595.5039 596.4887 597.0785 597.7371 599.1528 602.1645 606.8959 612.6424 618.5849 623.9172 627.9081 630.2268 630.9286 630.4667 629.3687 628.0533 626.9166 626.4445 626.673 627.6201 628.9536 630.2419 631.0281 631.1421 631.256 -9999 -9999 -9999 -9999 -9999 -9999 -9999 -9999 -9999 -9999
-9999 -9999 -9999 -9999 -9999 -9999 -9999 -9999 -9999 -9999 -9999 -9999 -9999 -9999 -9999 610.8931 609.8264 608.3289 606.6733 604.8482 603.056 601.8695 601.1783 600.3342 598.6977 596.5989 594.7806 593.3777 592.4441 591.7621 591.1722 591.2744 592.533 593.9596 594.4039 595.0776 596.3872 597.1779 597.8746 599.1056 601.7011 605.7611 610.6783 615.8247 620.5686 624.2139 626.2888 626.743 625.9786 624.5145 622.8055 621.3082 620.5009 620.7059 622.0964 624.3942 626.9437 629.0578 630.3192 630.9578 631.0109 -9999 -9999 -9999 -9999 -9999 -9999 -9999 -9999 -9999
-9999 -9999 -9999 -9999 -9999 -9999 -9999 -9999 -9999 -9999 -9999 -9999 -9999 -9999 609.8556 609.118 608.7422 607.346 605.6836 603.6985 601.8895 600.5602 599.4854 598.3976 596.7001 594.8531 593.436 592.4547 591.6973 590.8846 590.2709 590.2673 591.434 592.8779 593.9429 595.1405 596.6111 597.3571 597.9334 598.8521 600.8015 603.9918 607.9397 612.134 616.0891 619.1812 620.8645 621.0334 619.9832 618.1923 616.1428 614.3348 613.2764 613.4797 615.244 618.4244 622.2327 625.84 628.5751 630.149 630.8087 -9999 -9999 -9999 -9999 -9999 -9999 -9999 -9999 -9999
-9999 -9999 -9999 -9999 -9999 -9999 -9999 -9999 -9999 -9999 -9999 -9999 -9999 -9999 608.7665 608.6505 608.5007 607.4441 605.7429 603.4727 601.329 599.5336 598.0541 596.8088 595.4043 593.9555 592.8925 591.9661 590.9671 589.9149 589.142 589.1697 590.3513 591.9243 593.4025 595.0057 596.5406 597.2431 597.5677 598.0875 599.4113 601.6709 604.6105 607.7584 610.8284 613.237 614.4476 614.3438 613.1143 611.1824 609.0096 607.1576 606.1522 606.4587 608.4149 612.0134 616.7497 621.6667 625.8642 628.7448 630.2605 630.8365 -9999 -9999 -9999 -9999 -9999 -9999 -9999 -9999
-9999 -9999 -9999 -9999 -9999 -9999 -9999 -9999 -9999 -9999 -9999 -9999 -9999 -9999 609.8809 610.0414 610.0838 609.3024 607.5244 604.9064 602.0822 599.5465 597.501 596.0661 594.9694 593.9991 593.058 591.9971 590.629 589.2344 588.3359 588.2492 589.4086 591.1254 592.8658 594.535 595.9582 596.78 596.9489 597.1968 598.051 599.4855 601.3306 603.3298 605.3781 607.0195 607.7352 607.4218 606.178 604.4053 602.5496 601.0126 600.225 600.5941 602.5255 606.1872 611.3004 617.1332 622.5447 626.6951 629.1974 630.1578 -9999 -9999 -9999 -9999 -9999 -9999 -9999 -9999
-9999 -9999 -9999 -9999 -9999 -9999 -9999 -9999 -9999 -9999 -9999 -9999 -9999 -9999 -9999 613.1685 613.3965 612.6909 610.7979 607.8641 604.4092 601.1019 598.3707 596.4662 595.3401 594.6117 593.7142 592.5278 590.8608 589.1597 588.0295 587.8389 588.6865 590.3312 592.1607 593.8085 595.0687 595.8739 596.1307 596.5604 597.2537 598.1252 599.0225 599.8425 600.7444 601.4538 601.6754 601.2469 600.2156 598.886 597.6072 596.5941 596.0988 596.4432 598.1476 601.5774 606.7056 612.9402 619.1259 624.2291 627.5811 628.9817 -9999 -9999 -9999 -9999 -9999 -9999 -9999 -9999
-9999 -9999 -9999 -9999 -9999 -9999 -9999 -9999 -9999 -9999 -9999 -9999 -9999 -9999 -9999 617.2133 617.5845 616.9333 615.0402 612.0304 608.272 604.3358 600.8109 598.0885 596.3298 595.163 594.1627 592.9555 591.2146 589.3984 588.0593 587.6815 588.1901 589.5701 591.3068 592.9249 594.1303 594.9659 595.4592 596.0037 596.6893 597.3511 597.7097 597.7239 597.6619 597.5195 597.3244 596.8181 596.041 595.1774 594.4976 594.0414 593.8324 594.0633 595.4296 598.4264 603.2999 609.537 616.0651 621.6887 625.5592 627.2493 627.2021 -9999 -9999 -9999 -9999 -9999 -9999 -9999
-9999 -9999 -9999 -9999 -9999 -9999 -9999 -9999 -9999 -9999 -9999 -9999 -9999 -9999 -9999 621.279 621.817 621.3129 619.5986 616.7512 613.0164 608.8137 604.6022 600.9082 598.0798 596.152 594.6752 593.2083 591.4743 589.6971 588.2875 587.7593 587.976 588.9278 590.4393 592.0756 593.3365 594.21 594.8887 595.4636 596.2104 597.001 597.2159 596.6592 595.9233 595.2687 594.8835 594.3536 593.807 593.2527 592.9849 592.896 592.8637 592.9482 593.992 596.6322 601.1494 607.1159 613.5444 619.2278 623.2596 625.0701 624.9925 -9999 -9999 -9999 -9999 -9999 -9999 -9999
-9999 -9999 -9999 -9999 -9999 -9999 -9999 -9999 -9999 -9999 -9999 -9999 -9999 -9999 -9999 -9999 625.5227 625.2344 623.8358 621.3382 617.8759 613.7081 609.129 604.576 600.5636 597.5005 595.1998 593.4098 591.7682 590.1791 588.803 587.9656 587.7491 588.2368 589.5168 591.1605 592.6517 593.7335 594.4279 595.111 596.1544 597.17 597.4795 596.3969 595.1073 594.171 593.778 593.3384 592.9589 592.6123 592.4813 592.4661 592.5092 592.6149 593.5623 596.0376 600.193 605.645 611.5191 616.7858 620.6367 622.4024 622.3036 -9999 -9999 -9999 -9999 -9999 -9999 -9999
-9999 -9999 -9999 -9999 -9999 -9999 -9999 -9999 -9999 -9999 -9999 -9999 -9999 -9999 -9999 -9999 628.4205 628.2585 627.2183 625.1871 622.1569 618.2349 613.5568 608.4229 603.3652 599.0645 595.8666 593.6481 591.9657 590.4539 589.0609 588.0223 587.5874 587.7881 588.6955 590.2116 591.8506 593.1595 594.1623 595.3 596.7257 598.0244 598.3861 596.8499 594.9738 593.8 593.2358 592.9794 592.7418 592.6 592.6067 592.6491 592.8887 593.1179 594.275 596.7051 600.4379 605.0818 609.9489 614.3302 617.6807 619.3289 619.2775 -9999 -9999 -9999 -9999 -9999 -9999 -9999
-9999 -9999 -9999 -9999 -9999 -9999 -9999 -9999 -9999 -9999 -9999 -9999 -9999 -9999 -9999 -9999 -9999 630.046 629.4566 627.8896 625.3532 621.8143 617.2472 611.8021 606.0003 600.6999 596.67 594.0037 592.2256 590.7731 589.4228 588.2384 587.6348 587.575 588.1744 589.5687 591.2964 592.9059 594.3301 595.8968 597.5795 598.7737 598.5918 597.0793 595.0342 593.7258 593.0321 592.8493 592.8049 592.8318 592.9762 592.9992 593.3874 594.2241 595.8918 598.5715 601.9426 605.5936 609.0674 612.1286 614.707 616.2572 616.3662 -9999 -9999 -9999 -9999 -9999 -9999 -9999
-9999 -9999 -9999 -9999 -9999 -9999 -9999 -9999 -9999 -9999 -9999 -9999 -9999 -9999 -9999 -9999 -9999 -9999 -9999 629.3846 627.2427 624.1144 619.7959 614.2784 608.0447 602.0331 597.3466 594.2854 592.4128 591.0844 589.9792 588.8857 588.0354 587.6764 587.9963 589.2004 590.973 592.9089 594.7717 596.6024 598.2607 598.9904 598.5684 597.1375 595.1389 593.863 593.2175 593.0014 592.9963 592.9983 593.0801 593.3771 594.2614 596.0094 598.5238 601.6084 604.6757 607.2954 609.2062 610.6796 612.3165 613.8312 -9999 -9999 -9999 -9999 -9999 -9999 -9999 -9999
-9999 -9999 -9999 -9999 -9999 -9999 -9999 -9999 -9999 -9999 -9999 -9999 -9999 -9999 -9999 -9999 -9999 -9999 -9999 -9999 627.9342 625.138 621.087 615.64 609.2266 602.8394 597.7703 594.4829 592.6212 591.5237 590.6948 589.6785 588.7037 588.0016 587.9213 588.8658 590.791 592.9949 595.091 597.0692 598.618 599.0023 598.4537 597.136 595.2842 594.09 593.5493 593.28 593.1434 593.0839 593.2531 593.9503 595.5599 598.3181 601.8117 605.3914 608.2404 610.0388 610.699 610.7301 611.3214 612.7131 -9999 -9999 -9999 -9999 -9999 -9999 -9999 -9999
-9999 -9999 -9999 -9999 -9999 -9999 -9999 -9999 -9999 -9999 -9999 -9999 -9999 -9999 -9999 -9999 -9999 -9999 -9999 -9999 627.8519 625.2035 621.3205 616.0082 609.6209 603.1407 597.9417 594.5987 592.8483 591.9073 591.262 590.584 589.582 588.6096 588.1373 588.9471 590.8783 593.1625 595.3464 597.288 598.5242 598.818 598.2372 597.0297 595.3319 594.3617 593.9581 593.6517 593.4075 593.3065 593.611 594.773 597.3037 601.0562 605.395 609.2494 611.949 613.4151 613.4993 612.858 612.8215 -9999 -9999 -9999 -9999 -9999 -9999 -9999 -9999 -9999
-9999 -9999 -9999 -9999 -9999 -9999 -9999 -9999 -9999 -9999 -9999 -9999 -9999 -9999 -9999 -9999 -9999 -9999 -9999 -9999 627.1633 624.5588 620.8118 615.7025 609.4797 603.0728 597.8962 594.5819 592.9037 592.0495 591.6265 591.1822 590.5468 589.594 589.0726 589.7725 591.4871 593.6953 595.8223 597.5701 598.6888 598.8407 598.052 596.7922 595.255 594.4818 594.163 593.9821 593.7384 593.6536 594.097 595.7311 598.9731 603.5849 608.415 612.3169 614.7095 616.3471 616.4025 615.4339 -9999 -9999 -9999 -9999 -9999 -9999 -9999 -9999 -9999 -9999
-9999 -9999 -9999 -9999 -9999 -9999 -9999 -9999 -9999 -9999 -9999 -9999 -9999 -9999 -9999 -9999 -9999 -9999 -9999 -9999 625.907 623.3323 619.8005 614.9937 609.0271 602.7918 597.7302 594.5118 592.9493 592.2699 591.9772 591.6441 591.2587 590.6359 590.121 590.7789 592.5658 595.0098 597.3859 599.1734 599.9995 599.5427 598.1112 596.473 595.2077 594.6113 594.3127 594.1244 593.996 593.984 594.5137 596.34 600.0593 605.1694 610.2653 614.0123 615.614 617.92 618.3447 -9999 -9999 -9999 -9999 -9999 -9999 -9999 -9999 -9999 -9999 -9999
-9999 -9999 -9999 -9999 -9999 -9999 -9999 -9999 -9999 -9999 -9999 -9999 -9999 -9999 -9999 -9999 -9999 -9999 -9999 -9999 624.4145 621.9419 618.6884 614.1969 608.4959 602.45 597.5439 594.4617 593.0423 592.5438 592.2942 592.0696 591.9626 591.473 591.1401 591.9332 594.0925 597.017 599.8589 601.7658 602.185 600.8976 598.684 596.7672 595.6645 595.0142 594.5676 594.2169 594.0003 594.0415 594.6853 596.5872 600.4343 605.6917 610.983 615.0737 617.3463 618.5953 618.8691 -9999 -9999 -9999 -9999 -9999 -9999 -9999 -9999 -9999 -9999 -9999
-9999 -9999 -9999 -9999 -9999 -9999 -9999 -9999 -9999 -9999 -9999 -9999 -9999 -9999 -9999 -9999 -9999 -9999 -9999 -9999 623.3497 620.9933 617.8872 613.5576 608.0353 602.1598 597.4168 594.5037 593.2809 592.953 592.7383 592.6882 592.8001 592.4291 592.3215 593.3752 595.7814 599.0891 602.4938 604.6183 604.5284 602.2441 599.4453 597.5362 596.4546 595.6498 594.9332 594.3804 594.0977 594.1534 594.8021 596.6357 600.3066 605.3676 610.6013 614.8359 617.3104 617.9409 617.7846 -9999 -9999 -9999 -9999 -9999 -9999 -9999 -9999 -9999 -9999 -9999
-9999 -9999 -9999 -9999 -9999 -9999 -9999 -9999 -9999 -9999 -9999 -9999 -9999 -9999 -9999 -9999 -9999 -9999 -9999 -9999 622.8712 620.509 617.3882 613.0858 607.6737 601.9434 597.3682 594.6303 593.5128 593.13 592.9965 593.0003 593.1666 593.2715 593.6757 594.9432 597.1044 600.2402 603.7907 605.7124 605.1905 602.3137 599.5875 598.3416 597.2187 596.2051 595.1107 594.5317 594.316 594.4379 595.0115 596.6597 599.9641 604.6425 609.6848 614.0043 616.587 617.1904 617.3352 -9999 -9999 -9999 -9999 -9999 -9999 -9999 -9999 -9999 -9999 -9999
-9999 -9999 -9999 -9999 -9999 -9999 -9999 -9999 -9999 -9999 -9999 -9999 -9999 -9999 -9999 -9999 -9999 -9999 -9999 -9999 622.681 620.2487 617.0504 612.7029 607.3229 601.7446 597.387 594.8863 593.8368 593.3313 593.149 593.2245 593.614 594.3248 595.4059 596.6813 598.1898 600.0413 603.0305 604.9362 603.6437 600.9569 599.2158 598.1825 597.23 596.2137 595.1699 594.7169 594.6505 594.9044 595.3831 596.8457 599.7883 604.0749 609.0904 613.6858 616.8586 618.4604 619.1543 619.3549 -9999 -9999 -9999 -9999 -9999 -9999 -9999 -9999 -9999 -9999
-9999 -9999 -9999 -9999 -9999 -9999 -9999 -9999 -9999 -9999 -9999 -9999 -9999 -9999 -9999 -9999 -9999 -9999 -9999 -9999 622.4681 619.9684 616.7237 612.3681 607.0388 601.5953 597.4171 595.0477 594.0121 593.5566 593.3481 593.4885 594.1786 595.6582 597.5253 599.0051 599.5868 599.5034 601.21 602.3287 601.2097 599.3263 598.4862 597.7419 597.0453 596.2257 595.436 595.012 594.9899 595.2 595.8173 597.3052 600.0814 604.1821 609.2451 614.1992 618.0657 620.5358 621.86 622.3302 -9999 -9999 -9999 -9999 -9999 -9999 -9999 -9999 -9999 -9999
-9999 -9999 -9999 -9999 -9999 -9999 -9999 -9999 -9999 -9999 -9999 -9999 -9999 -9999 -9999 -9999 -9999 -9999 -9999 -9999 622.0679 619.5905 616.3837 612.0786 606.8446 601.5449 597.5143 595.277 594.3573 593.9526 593.6548 593.7899 594.6832 596.6815 599.1531 601.3348 601.9866 600.6276 600.1895 599.9036 599.0507 598.1848 597.6206 597.1706 596.8038 596.2239 595.6927 595.3901 595.3994 595.6387 596.4768 598.1645 600.9772 605.1176 610.2858 615.5125 619.8788 622.9332 624.7676 625.5686 -9999 -9999 -9999 -9999 -9999 -9999 -9999 -9999 -9999 -9999
-9999 -9999 -9999 -9999 -9999 -9999 -9999 -9999 -9999 -9999 -9999 -9999 -9999 -9999 -9999 -9999 -9999 -9999 -9999 -9999 621.4988 619.1674 616.0916 611.9348 606.8663 601.7206 597.806 595.7042 594.857 594.3944 594.026 594.0989 595.0154 596.7676 598.8537 600.578 600.7385 599.7155 598.6184 597.9689 598.1846 597.5822 596.9664 596.5585 596.3589 596.1105 595.8721 595.7504 595.9241 596.2243 597.349 599.3298 602.4365 606.8527 612.1384 617.4535 622.0179 625.3892 627.4996 -9999 -9999 -9999 -9999 -9999 -9999 -9999 -9999 -9999 -9999 -9999
-9999 -9999 -9999 -9999 -9999 -9999 -9999 -9999 -9999 -9999 -9999 -9999 -9999 -9999 -9999 -9999 -9999 -9999 -9999 -9999 620.9316 618.8765 616.0463 612.1205 607.2642 602.2402 598.3132 596.1428 595.2301 594.919 594.5924 594.5884 595.1149 596.2677 597.5478 598.598 598.748 598.0876 597.0837 596.6236 597.3936 597.0463 596.4379 596.0325 595.9976 595.9995 595.9989 596.0131 596.3749 597.0292 598.4227 600.7614 604.3146 609.0853 614.4721 619.7514 624.2808 627.6519 629.8156 -9999 -9999 -9999 -9999 -9999 -9999 -9999 -9999 -9999 -9999 -9999
-9999 -9999 -9999 -9999 -9999 -9999 -9999 -9999 -9999 -9999 -9999 -9999 -9999 -9999 -9999 -9999 -9999 -9999 -9999 -9999 620.5924 618.8724 616.3387 612.6791 608.0541 603.1064 599.0115 596.5809 595.4824 595.1196 594.9888 594.9902 595.2278 595.8104 596.4719 596.9918 597.3767 596.9461 596.179 596.131 596.7065 596.4967 596.0365 595.7931 595.7949 595.8893 596.0446 596.3252 596.9338 597.9149 599.6288 602.4485 606.5503 611.6132 617.0223 622.1602 626.4898 629.673 -9999 -9999 -9999 -9999 -9999 -9999 -9999 -9999 -9999 -9999 -9999 -9999
-9999 -9999 -9999 -9999 -9999 -9999 -9999 -9999 -9999 -9999 -9999 -9999 -9999 -9999 -9999 -9999 -9999 -9999 -9999 -9999 620.2242 618.8682 616.6854 613.3164 608.9227 604.0891 599.819 597.0313 595.7343 595.2723 595.1377 595.1351 595.2621 595.5461 595.8816 596.196 596.7658 596.4105 595.9896 595.9219 596.1455 596.0217 595.8549 595.7292 595.7503 595.8849 596.1465 596.6248 597.4505 598.7464 600.8452 604.2314 608.8856 614.1965 619.5668 624.4727 628.5052 631.4626 -9999 -9999 -9999 -9999 -9999 -9999 -9999 -9999 -9999 -9999 -9999 -9999
-9999 -9999 -9999 -9999 -9999 -9999 -9999 -9999 -9999 -9999 -9999 -9999 -9999 -9999 -9999 -9999 -9999 -9999 -9999 -9999 619.6746 618.557 616.6183 613.5309 609.4143 604.8151 600.5507 597.595 596.0931 595.5468 595.3362 595.2756 595.3334 595.5046 595.7416 595.9957 596.1904 596.0078 595.9106 595.8967 595.9995 595.9353 595.8579 595.7972 595.8357 595.9976 596.3231 596.9285 597.9142 599.4628 602.006 605.9736 611.0599 616.5721 621.8599 626.4725 630.1669 -9999 -9999 -9999 -9999 -9999 -9999 -9999 -9999 -9999 -9999 -9999 -9999 -9999
-9999 -9999 -9999 -9999 -9999 -9999 -9999 -9999 -9999 -9999 -9999 -9999 -9999 -9999 -9999 -9999 -9999 -9999 -9999 619.7949 618.8145 617.6304 615.8107 612.94 609.0693 604.7559 600.723 597.8426 596.4584 595.9459 595.6478 595.4825 595.4631 595.5934 595.8069 595.9982 596.0025 595.9823 595.9987 595.9999 595.9675 595.9074 595.8801 595.8938 595.9984 596.2197 596.5862 597.2158 598.3555 600.1024 603.0123 607.4523 612.8823 618.538 623.7269 628.0121 631.2886 -9999 -9999 -9999 -9999 -9999 -9999 -9999 -9999 -9999 -9999 -9999 -9999 -9999
-9999 -9999 -9999 -9999 -9999 -9999 -9999 -9999 -9999 -9999 -9999 -9999 -9999 -9999 -9999 -9999 -9999 -9999 -9999 618.8093 617.6187 616.3099 614.4465 611.5825 607.8286 603.8336 600.2911 597.8524 596.7106 596.231 595.9758 595.7297 595.6297 595.7568 595.9986 596.1588 596.1704 596.1349 596.1237 596.1034 596.0764 595.9449 595.8953 595.9821 596.2135 596.5809 597.0922 597.8728 598.9659 600.7932 603.9725 608.7316 614.3478 620.0336 625.0892 629.0597 -9999 -9999 -9999 -9999 -9999 -9999 -9999 -9999 -9999 -9999 -9999 -9999 -9999 -9999
-9999 -9999 -9999 -9999 -9999 -9999 -9999 -9999 -9999 -9999 -9999 -9999 -9999 -9999 -9999 -9999 -9999 -9999 619.3821 617.7926 616.3666 614.8441 612.682 609.5602 605.8 602.2745 599.5948 597.9148 597.0175 596.5497 596.2319 595.9871 595.8231 596.0073 596.3468 596.5206 596.5103 596.3944 596.2927 596.2277 596.1764 596.1321 596.1042 596.2235 596.562 597.0956 597.8076 598.6261 599.7171 601.6779 605.0475 609.9743 615.6036 621.1606 626.0002 629.6936 -9999 -9999 -9999 -9999 -9999 -9999 -9999 -9999 -9999 -9999 -9999 -9999 -9999 -9999
-9999 -9999 -9999 -9999 -9999 -9999 -9999 -9999 -9999 -9999 -9999 -9999 -9999 -9999 -9999 -9999 -9999 -9999 619.0529 617.1547 615.3749 613.4064 610.7222 607.2229 603.6064 600.7359 598.9685 597.9766 597.4258 596.9818 596.5839 596.314 596.1234 596.4406 596.9124 597.0706 596.9883 596.7111 596.4952 596.3633 596.2988 596.2986 596.3846 596.6286 597.1119 597.7893 598.3681 599.1375 600.4395 602.7466 606.4662 611.4893 616.9832 622.2444 626.7341 630.143 -9999 -9999 -9999 -9999 -9999 -9999 -9999 -9999 -9999 -9999 -9999 -9999 -9999 -9999
