backend/lakes/data/Lac Sante/sant_dem_tm.asc
ncols         161
nrows         197
xllcorner     722600
yllcorner     5964100
cellsize      50
NODATA_value  -9999
[rows 60 to 89 of 197, columns 67 to 133 of 161]
-9999 -9999 -9999 -9999 -9999 -9999 -9999 -9999 -9999 -9999 -9999 -9999 -9999 -9999 -9999 -9999 -9999 -9999 -9999 -9999 622.2813 622.9478 622.6219 620.9013 617.9932 614.4576 610.8654 607.2825 603.6469 600.088 596.6292 593.0493 589.2152 585.9564 584.447 585.6198 588.3618 591.8012 595.5137 599.1974 602.4049 604.6869 606.1492 606.8398 607.1222 607.3971 608.0038 608.9383 610.3462 611.4646 612.3807 613.2094 614.1113 615.2058 616.4996 617.9922 -9999 -9999 -9999 -9999 -9999 -9999 -9999 -9999 -9999 -9999 -9999
-9999 -9999 -9999 -9999 -9999 -9999 -9999 -9999 -9999 -9999 -9999 -9999 -9999 -9999 -9999 -9999 -9999 -9999 -9999 -9999 622.0298 622.3323 621.6617 619.4926 616.2478 612.6064 609.08 605.6273 602.251 598.9913 595.8589 592.4739 588.5408 584.9669 583.2325 583.7214 586.1161 589.3571 593.0371 596.8385 600.1981 602.4415 603.6019 604.3276 604.8654 605.4196 606.1885 607.2796 608.4893 609.8643 611.2318 612.3622 613.6089 615.0244 616.9888 618.8145 -9999 -9999 -9999 -9999 -9999 -9999 -9999 -9999 -9999 -9999 -9999
-9999 -9999 -9999 -9999 -9999 -9999 -9999 -9999 -9999 -9999 -9999 -9999 -9999 -9999 -9999 -9999 -9999 -9999 -9999 621.9375 622.2227 622.0356 620.8251 618.0717 614.472 611.0516 607.7651 604.5293 601.4084 598.4188 595.4694 592.138 588.1028 584.3831 582.4916 582.6119 584.5242 587.5425 591.1815 595.0231 598.4796 600.977 602.0062 602.9365 603.7759 604.5325 605.2174 606.2382 607.1958 608.3979 610.032 611.7579 613.6434 615.7379 618.1335 620.0218 620.7222 -9999 -9999 -9999 -9999 -9999 -9999 -9999 -9999 -9999 -9999
-9999 -9999 -9999 -9999 -9999 -9999 -9999 -9999 -9999 -9999 -9999 -9999 -9999 -9999 -9999 -9999 -9999 -9999 -9999 622.0561 622.5396 622.0324 620.2462 617.0737 613.3949 610.2687 607.3041 604.3193 601.36 598.4445 595.4938 592.0813 587.9947 584.2539 582.1991 582.0092 583.5025 586.4532 590.1726 594.1636 597.8636 600.7556 602.6924 603.9778 605.085 605.6597 605.7712 606.0769 606.6107 607.6337 609.4685 611.6243 614.1568 617.1182 619.9807 621.8598 621.9878 -9999 -9999 -9999 -9999 -9999 -9999 -9999 -9999 -9999 -9999
-9999 -9999 -9999 -9999 -9999 -9999 -9999 -9999 -9999 -9999 -9999 -9999 -9999 -9999 -9999 -9999 -9999 -9999 -9999 622.6039 623.4309 622.6597 620.4661 617.0989 613.5109 610.6611 607.9647 605.1364 602.163 599.0969 595.9689 592.4044 588.2861 584.5187 582.3959 582.1543 583.6412 586.7211 590.5879 594.6464 598.4217 601.5684 604.0091 605.7695 606.9592 607.1977 606.8579 606.6272 606.9716 607.8929 609.9706 612.2767 615.5847 619.2371 622.4555 624.3368 623.9385 -9999 -9999 -9999 -9999 -9999 -9999 -9999 -9999 -9999 -9999
-9999 -9999 -9999 -9999 -9999 -9999 -9999 -9999 -9999 -9999 -9999 -9999 -9999 -9999 -9999 -9999 -9999 -9999 -9999 623.8291 624.6805 623.9371 621.6991 618.4899 615.183 612.4182 609.7695 606.837 603.5872 600.217 596.6624 592.7255 588.5003 584.8196 582.9431 583.0757 585.0164 588.4361 592.4661 596.4644 600.1035 603.289 605.9485 607.9686 609.2004 609.1708 608.1346 607.2628 607.1423 607.9656 610.0852 613.3207 617.3751 621.5635 625.0873 627.0015 626.2761 -9999 -9999 -9999 -9999 -9999 -9999 -9999 -9999 -9999 -9999
-9999 -9999 -9999 -9999 -9999 -9999 -9999 -9999 -9999 -9999 -9999 -9999 -9999 -9999 -9999 -9999 -9999 -9999 -9999 -9999 626.1162 625.7491 623.8582 621.079 618.098 615.3927 612.4781 609.145 605.3735 601.3619 597.1476 592.7941 588.519 585.137 583.7994 584.7154 587.4736 591.1937 595.1636 598.9045 602.3103 605.4205 608.2153 610.3981 611.5605 611.2817 609.8263 608.2386 607.6564 608.4343 611.0005 614.655 618.9752 623.3653 627.0176 628.8025 -9999 -9999 -9999 -9999 -9999 -9999 -9999 -9999 -9999 -9999 -9999
-9999 -9999 -9999 -9999 -9999 -9999 -9999 -9999 -9999 -9999 -9999 -9999 -9999 -9999 -9999 -9999 -9999 -9999 -9999 -9999 627.5469 627.3501 626.0779 623.8805 621.3038 618.5826 615.3707 611.4565 606.9412 602.1126 597.2283 592.5338 588.382 585.6527 585.0657 587.1478 590.4774 594.1724 597.9268 601.3893 604.6929 607.8518 610.6983 612.9151 613.9011 613.4236 611.7813 609.8733 608.8673 609.7216 612.2358 615.7037 619.7425 623.8995 627.4628 629.354 -9999 -9999 -9999 -9999 -9999 -9999 -9999 -9999 -9999 -9999 -9999
-9999 -9999 -9999 -9999 -9999 -9999 -9999 -9999 -9999 -9999 -9999 -9999 -9999 -9999 -9999 -9999 -9999 -9999 -9999 -9999 -9999 628.3397 627.7087 626.17 623.9951 621.2118 617.5958 613.0531 607.8253 602.3022 596.886 592.0215 588.254 586.4357 587.2153 590.0071 593.4409 596.7872 600.334 603.6625 606.9943 610.2083 612.9922 615.1328 615.7246 615.2164 613.725 611.917 610.827 611.2791 613.2341 616.0243 619.3633 622.9675 626.2388 -9999 -9999 -9999 -9999 -9999 -9999 -9999 -9999 -9999 -9999 -9999 -9999
-9999 -9999 -9999 -9999 -9999 -9999 -9999 -9999 -9999 -9999 -9999 -9999 -9999 -9999 -9999 -9999 -9999 -9999 -9999 -9999 -9999 -9999 628.6049 627.7328 625.8991 623.007 618.9086 613.7281 607.8986 601.9506 596.3472 591.6051 588.4102 587.3175 589.3101 592.5939 596.0331 599.284 602.4933 605.5789 608.9429 612.1328 614.551 616.593 617.3766 616.2714 615.0521 613.4091 612.1223 611.9753 613.5722 615.7186 618.2203 621.0536 -9999 -9999 -9999 -9999 -9999 -9999 -9999 -9999 -9999 -9999 -9999 -9999 -9999
-9999 -9999 -9999 -9999 -9999 -9999 -9999 -9999 -9999 -9999 -9999 -9999 -9999 -9999 -9999 -9999 -9999 -9999 -9999 -9999 -9999 -9999 -9999 628.5188 627.0427 624.0754 619.5477 613.8193 607.5419 601.3821 595.8239 591.4334 588.9431 589.0413 591.5186 594.8738 598.118 601.1738 604.1957 607.3387 610.6619 613.5452 614.954 617.1743 617.8361 616.5043 615.2855 613.9623 612.9034 612.6246 613.7336 615.1976 616.8921 -9999 -9999 -9999 -9999 -9999 -9999 -9999 -9999 -9999 -9999 -9999 -9999 -9999 -9999
-9999 -9999 -9999 -9999 -9999 -9999 -9999 -9999 -9999 -9999 -9999 -9999 -9999 -9999 -9999 -9999 -9999 -9999 -9999 -9999 -9999 -9999 -9999 628.7073 627.5419 624.7686 620.0806 614.0497 607.5209 601.2819 595.8536 591.8041 589.7097 590.6678 593.3962 596.6813 599.8035 602.6663 605.4887 608.5514 611.8362 614.6887 616.5464 617.5005 616.7988 615.7744 614.9359 614.0665 613.4367 613.2067 613.9014 614.9456 -9999 -9999 -9999 -9999 -9999 -9999 -9999 -9999 -9999 -9999 -9999 -9999 -9999 -9999 -9999
-9999 -9999 -9999 -9999 -9999 -9999 -9999 -9999 -9999 -9999 -9999 -9999 -9999 -9999 -9999 -9999 -9999 -9999 -9999 -9999 -9999 -9999 -9999 628.522 627.7963 625.3995 620.8597 614.8122 608.208 601.9456 596.65 592.8482 591.1457 592.1493 594.9437 598.1693 601.1767 603.9107 606.6021 609.354 612.166 614.5012 616.0282 615.7496 614.8956 -9999 -9999 -9999 -9999 -9999 -9999 -9999 -9999 -9999 -9999 -9999 -9999 -9999 -9999 -9999 -9999 -9999 -9999 -9999 -9999 -9999 -9999
-9999 -9999 -9999 -9999 -9999 -9999 -9999 -9999 -9999 -9999 -9999 -9999 -9999 -9999 -9999 -9999 -9999 -9999 -9999 -9999 -9999 -9999 -9999 628.0358 627.9575 626.1964 622.0934 616.2785 609.7236 603.39 598.0466 594.1983 592.4564 593.5148 596.3067 599.5907 602.5309 605.0339 607.4834 609.8157 611.8748 613.3821 614.1015 613.4936 -9999 -9999 -9999 -9999 -9999 -9999 -9999 -9999 -9999 -9999 -9999 -9999 -9999 -9999 -9999 -9999 -9999 -9999 -9999 -9999 -9999 -9999 -9999
-9999 -9999 -9999 -9999 -9999 -9999 -9999 -9999 -9999 -9999 -9999 -9999 -9999 -9999 -9999 -9999 -9999 -9999 -9999 -9999 -9999 -9999 -9999 627.2799 627.983 627.027 623.6365 618.2922 611.9286 605.5054 599.8942 595.7594 593.9081 594.7732 597.5784 600.8962 603.822 606.0991 608.1908 609.9266 611.1754 611.8367 611.9617 611.6487 -9999 -9999 -9999 -9999 -9999 -9999 -9999 -9999 -9999 -9999 -9999 -9999 -9999 -9999 -9999 -9999 -9999 -9999 -9999 -9999 -9999 -9999 -9999
-9999 -9999 -9999 -9999 -9999 -9999 -9999 -9999 -9999 -9999 -9999 -9999 -9999 -9999 -9999 614.5378 614.6411 615.7515 617.3251 619.0322 -9999 -9999 -9999 -9999 627.4889 627.6471 625.2538 620.566 614.5127 608.0532 602.04 597.4127 595.0466 595.6631 598.5883 601.9955 604.8364 606.5698 608.2626 609.7206 610.4044 610.3606 610.238 -9999 -9999 -9999 -9999 -9999 -9999 -9999 -9999 -9999 -9999 -9999 -9999 -9999 -9999 -9999 -9999 -9999 -9999 -9999 -9999 -9999 -9999 -9999 -9999
-9999 -9999 -9999 -9999 -9999 -9999 -9999 -9999 -9999 -9999 -9999 -9999 -9999 614.7969 614.1989 613.7231 613.8535 614.6395 616.2974 618.2209 620.1855 622.0439 -9999 -9999 626.8419 627.9843 626.566 622.6212 616.9973 610.6082 604.2944 599.0524 595.9971 596.3253 599.1718 602.4033 605.1083 606.6373 608.1157 609.3007 609.8944 609.6735 609.4581 -9999 -9999 -9999 -9999 -9999 -9999 -9999 -9999 -9999 -9999 -9999 -9999 -9999 -9999 -9999 -9999 -9999 -9999 -9999 -9999 -9999 -9999 -9999 -9999
612.0002 612.2814 613.5382 614.6488 615.8061 616.5062 -9999 -9999 -9999 -9999 -9999 -9999 614.5521 614.05 613.5824 613.303 613.543 614.2614 616.0192 618.2143 620.3707 622.1774 623.6143 -9999 -9999 627.9484 627.2488 624.0198 618.9546 612.8373 606.4666 600.7979 597.0543 596.5723 599.2558 602.2007 604.8397 606.6259 607.9917 608.944 609.366 609.2931 609.2367 -9999 -9999 -9999 -9999 -9999 -9999 -9999 -9999 -9999 -9999 -9999 -9999 -9999 -9999 -9999 -9999 -9999 -9999 -9999 -9999 -9999 -9999 -9999 -9999
611.9982 612.3798 613.2822 614.1853 615.1874 616.0048 616.4992 616.5818 616.329 615.9897 615.4291 614.852 614.1347 613.578 613.0789 612.8639 613.2184 613.8822 615.8479 618.4682 620.993 622.8033 623.978 624.9716 -9999 -9999 627.04 624.4081 619.9643 614.334 608.2468 602.5574 598.335 596.7333 599.2502 602.3207 604.8609 606.7783 608.0541 608.917 609.3462 609.4447 609.6333 -9999 -9999 -9999 -9999 -9999 -9999 -9999 -9999 -9999 -9999 -9999 -9999 -9999 -9999 -9999 -9999 -9999 -9999 -9999 -9999 -9999 -9999 -9999 -9999
611.9951 612.2596 612.8268 613.5294 614.3148 615.2267 615.9708 616.3687 616.3215 615.9404 615.2673 614.6368 613.9664 613.1323 612.3032 611.7606 611.6231 612.5092 614.9519 618.0102 620.8731 622.8943 623.8549 624.4534 -9999 -9999 625.5884 623.4156 619.6287 614.6493 609.1238 603.8418 599.6786 597.8652 599.6274 602.4697 604.9769 607.0361 608.4357 609.4001 610.0183 610.3185 610.7551 -9999 -9999 -9999 -9999 -9999 -9999 -9999 -9999 -9999 -9999 -9999 -9999 -9999 -9999 -9999 -9999 -9999 -9999 -9999 -9999 -9999 -9999 -9999 -9999
611.3827 611.5726 611.8897 612.4313 613.1058 613.9439 614.7965 615.4816 615.581 615.1311 614.4366 613.9564 613.3197 612.2288 611.0699 610.216 609.6209 610.8361 613.2769 616.4514 619.4041 621.4449 622.4946 622.8198 623.2102 623.5824 623.1123 621.187 617.8611 613.5096 608.6481 603.9158 600.0087 597.9159 599.4794 602.3967 605.062 607.3508 609.1255 610.4742 611.5836 612.2825 -9999 -9999 -9999 -9999 -9999 -9999 -9999 619.9202 619.3474 617.9231 616.1761 -9999 -9999 -9999 -9999 -9999 -9999 -9999 -9999 -9999 -9999 612.8452 611.3602 609.7537 608.4514
609.8698 609.8359 610.0675 610.5797 611.0699 611.7557 612.5919 613.3334 613.582 613.3987 612.9569 612.4204 611.5868 610.4937 609.1931 608.114 607.8929 609.0133 611.2213 614.0161 616.7704 618.8085 619.6351 619.8315 620.0516 620.2713 619.7385 617.9442 614.915 611.0557 606.7872 602.6417 599.3576 597.8652 599.3812 602.3762 605.3231 607.9825 610.2887 612.2208 613.8424 615.0605 -9999 -9999 -9999 -9999 -9999 619.179 619.9517 620.0878 619.307 617.6467 615.8271 614.3272 613.7191 -9999 -9999 -9999 -9999 -9999 614.9697 614.0597 613.0017 611.7245 610.1682 608.576 607.6097
607.934 607.6315 607.5988 607.7652 607.9882 608.573 609.348 610.126 610.4894 610.5722 610.4669 609.9478 608.8889 607.8211 606.7736 605.9784 605.918 606.8905 608.8104 611.23 613.5616 615.334 615.9808 616.1338 616.288 616.4091 615.8237 614.0974 611.2563 607.7427 603.9567 600.4485 597.918 597.4461 599.3671 602.5892 606.0059 609.1442 611.9222 614.3639 616.493 618.2302 -9999 -9999 -9999 620.6091 620.2976 620.0881 620.0173 619.4907 618.1821 616.562 615.0491 613.8515 613.2388 613.3265 -9999 -9999 -9999 614.7763 613.9901 612.9353 611.7336 610.403 608.9836 607.5875 606.8868
606.5644 605.8665 605.2524 604.7172 604.5741 604.9528 605.6238 606.3633 606.8254 607.0606 607.031 606.5939 605.7363 604.8848 604.0979 603.5851 603.637 604.5125 606.2117 608.2829 610.2437 611.6719 612.2578 612.3892 612.4839 612.4799 611.8134 610.1188 607.4014 604.1729 600.9197 598.2043 596.7995 598.4396 600.1829 603.2394 606.7462 610.2465 613.5345 616.4926 619.075 621.1467 -9999 -9999 623.5087 622.7628 621.675 620.4492 619.2987 617.877 616.297 614.9346 613.7891 612.9014 612.4995 612.5919 -9999 614.0382 614.4126 614.0594 613.0312 611.7121 610.29 608.9835 607.5383 606.5054 606.1996
605.4396 604.4303 603.1994 601.9289 601.2614 601.301 601.7635 602.4172 602.8679 603.1265 603.174 602.9187 602.3889 601.7506 601.2552 600.9586 601.1222 602.0288 603.581 605.3961 607.0558 608.2877 608.8832 609.0607 609.083 608.8813 608.0897 606.365 603.7587 600.8475 598.2299 596.5582 596.283 598.1505 600.5215 603.6826 607.2239 610.9675 614.7125 618.1688 621.0504 623.1882 624.828 625.6171 625.1588 623.702 621.6259 619.4532 617.3028 615.312 613.6715 612.6511 611.942 611.6279 611.6648 612.0106 613.134 613.985 614.1883 613.67 612.1264 610.41 608.9034 607.584 606.465 606.9383 606.2978
604.4861 603.2634 601.3879 599.5793 598.3582 597.9728 598.1617 598.6272 598.9487 599.1627 599.2488 599.1822 598.8509 598.4628 598.3028 598.4202 598.6877 599.5598 600.9594 602.6285 604.0787 605.2634 605.9535 606.1997 606.1143 605.6703 604.698 602.9044 600.4713 597.9689 596.0689 595.4817 596.2347 598.2838 601.0206 604.0544 607.4259 611.1854 615.209 618.9984 622.061 624.0757 625.893 626.3857 625.4203 623.0839 620.0377 616.9327 614.1926 611.9882 610.4756 609.9019 609.762 610.044 610.6696 611.9625 613.4874 614.1536 614.0488 613.1666 611.2001 609.2726 607.817 606.7385 606.4984 606.923 607.2579
603.4792 602.0641 599.8494 597.6888 596.2941 595.8468 595.7481 595.7385 595.7916 595.8546 595.895 595.8759 595.758 595.6961 595.915 596.533 596.7648 597.3803 598.5049 599.9144 601.1923 602.3632 603.0871 603.2887 603.0283 602.3071 601.2344 599.605 597.5873 595.727 594.7493 594.9899 596.5499 598.8173 601.4746 604.2059 607.2792 610.8177 614.9175 618.9579 622.3937 624.8507 626.2082 626.0253 624.1905 620.9454 617.1174 613.483 610.6276 608.8104 607.8695 607.7406 608.0886 609.2194 610.6155 612.3771 613.872 614.3265 613.8291 612.4308 610.2069 608.2439 607.0427 606.4186 606.4365 606.8785 607.6461
602.2889 600.4771 598.2087 596.2153 595.4432 594.8303 594.4836 594.2437 594.0698 593.9627 593.9237 593.9222 593.924 594.021 594.3407 594.8222 595.0933 595.5052 596.4209 597.5106 598.3494 599.2594 599.9573 600.0794 599.6664 598.7791 597.77 596.5117 595.1938 594.2688 594.1541 595.0982 597.1615 599.5547 601.7671 604.0716 606.7304 609.9512 613.9077 617.981 621.5323 624.0675 625.2507 624.4495 621.7499 617.7864 613.5106 609.8549 607.3396 606.0714 605.8396 606.4329 607.6385 609.5228 611.5848 613.5061 614.7028 614.7455 613.7598 611.834 609.4393 607.7144 606.7166 606.3463 606.4684 606.9089 607.6514
600.7556 598.7949 596.8322 595.2549 594.6655 594.218 593.8792 593.5743 593.278 593.0482 592.929 592.9114 592.946 593.0594 593.3497 593.771 594.1357 594.2725 594.6405 595.1171 595.6113 596.2507 596.8435 596.8258 596.3242 595.4694 594.6964 593.9634 593.4203 593.271 593.814 595.1786 597.4208 599.688 601.5663 603.5114 605.7286 608.5519 612.161 615.9774 619.4106 621.8507 622.7232 621.449 618.2534 613.9658 609.6979 606.2642 604.3078 603.8354 604.4338 605.8126 607.7935 610.2954 612.8148 614.862 615.9147 615.4752 613.9243 611.6304 609.1329 607.5154 606.6746 606.4594 606.6773 607.0266 607.7103
598.9624 597.2561 595.6864 594.5638 593.9984 593.7292 593.5375 593.3104 593.011 592.7256 592.5538 592.5008 592.5137 592.573 592.7452 593.0287 593.2737 593.1893 593.1202 593.2267 593.4837 593.9275 594.385 594.1517 593.6011 592.832 592.331 592.0969 592.2253 592.602 593.5457 595.0887 597.1571 599.0405 600.7111 602.3535 604.2438 606.6805 609.7237 613.0576 616.1982 618.4423 619.0365 617.5188 614.1937 610.0034 606.1229 603.291 601.9684 602.2285 603.6565 605.6941 608.3135 611.3567 614.2538 616.4498 617.4736 616.5687 614.5145 611.8753 609.2353 607.6205 606.8071 606.6549 606.9721 607.2485 607.8582
