backend/lakes/data/Lac Sante/sant_dem_tm.asc
ncols         161
nrows         197
xllcorner     722600
yllcorner     5964100
cellsize      50
NODATA_value  -9999
[rows 30 to 59 of 197, columns 67 to 133 of 161]
-9999 -9999 -9999 -9999 -9999 -9999 -9999 -9999 -9999 -9999 -9999 -9999 -9999 -9999 -9999 -9999 -9999 -9999 -9999 -9999 -9999 -9999 -9999 -9999 -9999 -9999 -9999 -9999 -9999 -9999 -9999 -9999 -9999 -9999 -9999 -9999 -9999 -9999 -9999 612.0223 612.0493 612.5454 612.8076 612.5156 611.6732 610.6074 609.5636 608.5549 607.8808 607.4996 606.8409 605.8172 603.8683 601.3591 598.8607 596.8518 595.4074 594.7078 594.5572 594.6498 594.8664 595.3495 596.0087 597.0632 598.453 600.5828 602.9195
-9999 -9999 -9999 -9999 -9999 -9999 -9999 -9999 -9999 -9999 -9999 -9999 -9999 -9999 -9999 -9999 -9999 -9999 -9999 -9999 -9999 -9999 -9999 -9999 -9999 -9999 -9999 -9999 -9999 -9999 -9999 -9999 -9999 -9999 -9999 -9999 -9999 -9999 612.5438 611.7972 611.7074 611.8512 611.5992 610.8265 609.6395 608.5739 607.584 606.7791 606.1458 605.3954 604.2364 602.8946 600.8349 598.4562 596.2875 594.7203 593.6879 593.2054 593.2805 593.5745 594.006 594.6463 595.3334 596.3306 597.8017 599.8182 602.2435
-9999 -9999 -9999 -9999 -9999 -9999 -9999 -9999 -9999 -9999 -9999 -9999 -9999 -9999 -9999 -9999 -9999 -9999 -9999 -9999 -9999 -9999 -9999 -9999 -9999 -9999 -9999 -9999 -9999 -9999 -9999 -9999 -9999 -9999 -9999 -9999 -9999 614.3848 613.012 612.1204 611.5791 610.9216 609.9465 608.6116 607.3679 606.2206 605.1975 604.3154 603.4807 602.476 601.3406 599.934 598.0031 595.9714 594.3013 593.0818 592.3766 591.9927 592.2599 592.6593 593.1761 593.8563 594.701 595.7635 597.3773 599.3218 601.6204
-9999 -9999 -9999 -9999 -9999 -9999 -9999 -9999 -9999 -9999 -9999 -9999 -9999 -9999 -9999 -9999 -9999 -9999 -9999 -9999 -9999 -9999 -9999 -9999 -9999 -9999 -9999 -9999 -9999 -9999 -9999 -9999 -9999 -9999 -9999 -9999 -9999 615.0704 614.0522 612.9771 611.7422 610.1206 608.3757 606.5972 605.0538 603.6795 602.5009 601.4501 600.3997 599.2538 598.2607 597.1472 595.5928 594.0789 592.8203 591.9501 591.6514 591.4788 591.7244 592.0581 592.5726 593.298 594.2598 595.5221 597.5264 599.7193 601.818
-9999 -9999 -9999 -9999 -9999 -9999 -9999 -9999 -9999 -9999 -9999 -9999 -9999 -9999 -9999 -9999 -9999 -9999 -9999 -9999 -9999 -9999 -9999 -9999 -9999 -9999 -9999 -9999 -9999 -9999 -9999 -9999 -9999 -9999 -9999 -9999 -9999 616.1019 615.3964 613.9964 611.912 609.3148 606.7902 604.5189 602.6772 601.03 599.7302 598.4802 597.4103 596.3586 595.6265 594.9083 593.8222 592.7157 591.8191 591.2894 591.121 591.1401 591.3843 591.7518 592.3063 593.1699 594.3695 595.9843 598.2172 600.4705 602.5353
-9999 -9999 -9999 -9999 -9999 -9999 -9999 -9999 -9999 -9999 -9999 -9999 -9999 -9999 -9999 -9999 -9999 -9999 -9999 -9999 -9999 -9999 -9999 -9999 -9999 -9999 -9999 -9999 -9999 -9999 -9999 -9999 -9999 -9999 -9999 -9999 617.4225 617.181 616.5748 614.9109 612.0337 608.5081 605.1763 602.4154 600.2174 598.4363 597.1746 595.9464 594.9955 594.2697 593.8245 593.4193 592.6035 591.8201 591.2727 590.9833 590.9435 591.0845 591.3782 591.7842 592.4861 593.5482 595.0792 597.2147 599.5874 601.7814 603.8711
-9999 -9999 -9999 -9999 -9999 -9999 -9999 -9999 -9999 -9999 -9999 -9999 -9999 -9999 -9999 -9999 -9999 -9999 -9999 -9999 -9999 -9999 -9999 -9999 -9999 -9999 -9999 -9999 -9999 -9999 -9999 -9999 -9999 -9999 -9999 -9999 618.0704 618.3414 617.6484 615.3853 611.7228 607.3835 603.4586 600.2914 597.884 596.2433 595.3962 594.2341 593.3005 592.7528 592.4456 592.0677 591.7514 591.3706 591.1019 591.0035 591.0641 591.3188 591.7328 592.2568 593.0923 594.3838 596.2352 598.7037 601.1522 603.4494 605.6718
-9999 -9999 -9999 -9999 -9999 -9999 -9999 -9999 -9999 -9999 -9999 -9999 -9999 -9999 -9999 -9999 -9999 -9999 -9999 -9999 -9999 -9999 -9999 -9999 -9999 -9999 -9999 -9999 -9999 -9999 -9999 -9999 -9999 -9999 -9999 618.027 618.7327 619.5749 618.3209 615.2993 610.8441 605.8716 601.4887 598.1249 595.7901 594.49 593.7947 592.8336 592.0391 591.764 591.7005 591.5306 591.4088 591.2991 591.2266 591.2845 591.3915 591.7476 592.2804 593.0002 594.0215 595.5666 597.8461 600.4623 602.9766 605.34 607.7848
-9999 -9999 -9999 -9999 -9999 -9999 -9999 -9999 -9999 -9999 -9999 -9999 -9999 -9999 -9999 -9999 -9999 -9999 -9999 -9999 -9999 -9999 -9999 -9999 -9999 -9999 -9999 -9999 -9999 -9999 -9999 -9999 -9999 -9999 -9999 618.1915 619.5131 619.7083 618.0741 614.3281 609.2042 603.8513 599.3331 596.0994 594.0789 593.0022 592.4559 591.8107 591.3458 591.2069 591.2491 591.3084 591.3815 591.4576 591.5146 591.7192 591.7925 592.2585 592.9969 593.9572 595.1647 597.0285 599.5877 602.2809 604.8121 607.3459 610.0858
-9999 -9999 -9999 -9999 -9999 -9999 -9999 -9999 -9999 -9999 -9999 -9999 -9999 -9999 -9999 -9999 -9999 -9999 -9999 -9999 -9999 -9999 -9999 -9999 -9999 -9999 -9999 -9999 -9999 -9999 -9999 -9999 -9999 -9999 -9999 618.1789 619.0107 618.9152 616.7968 612.4556 606.9355 601.559 597.2489 594.4101 592.7174 591.8608 591.5781 591.1776 590.933 590.9298 591.0978 591.3204 591.5334 591.7456 591.7929 592.0091 592.2446 592.8206 593.777 595.0076 596.3606 598.5518 601.1897 603.9172 606.6443 609.4845 612.6224
-9999 -9999 -9999 -9999 -9999 -9999 -9999 -9999 -9999 -9999 -9999 -9999 -9999 -9999 -9999 -9999 -9999 -9999 -9999 -9999 -9999 -9999 -9999 -9999 -9999 -9999 -9999 -9999 -9999 -9999 -9999 -9999 -9999 -9999 617.8529 617.5685 618.0213 617.6212 614.8183 610.0168 604.4422 599.3651 595.5181 593.0588 591.7251 591.0834 590.8601 590.7142 590.6856 590.8231 591.1238 591.4821 591.7682 592.0808 592.3142 592.5048 592.7561 593.3469 594.3651 595.79 597.7847 600.2577 602.8635 605.5384 608.4334 611.6635 614.9198
-9999 -9999 -9999 -9999 -9999 -9999 -9999 -9999 -9999 -9999 -9999 -9999 -9999 -9999 -9999 -9999 -9999 -9999 -9999 -9999 -9999 -9999 -9999 -9999 -9999 -9999 -9999 -9999 -9999 -9999 -9999 -9999 -9999 618.9213 616.9324 616.3966 616.6041 615.694 612.5407 607.6303 602.2277 597.5786 594.3164 592.1676 591.1336 590.6802 590.5215 590.495 590.5944 590.8326 591.233 591.7261 592.0708 592.478 592.8841 593.1385 593.4296 594.067 595.2242 596.9984 599.2695 601.8424 604.2894 606.9518 610.0435 613.3985 616.4222
-9999 -9999 -9999 -9999 -9999 -9999 -9999 -9999 -9999 -9999 -9999 -9999 -9999 -9999 -9999 -9999 -9999 -9999 -9999 -9999 -9999 -9999 -9999 -9999 -9999 -9999 -9999 -9999 -9999 -9999 625.21 623.3477 620.9551 618.1788 616.2994 615.5521 615.3305 613.8101 610.4461 605.603 600.5766 596.5007 593.8411 592.058 591.1594 590.7122 590.5342 590.5261 590.6537 590.8998 591.2924 591.7621 592.2296 592.7337 593.2622 593.7744 594.2591 595.1187 596.531 598.4172 600.678 603.0884 605.4688 608.1397 611.3488 614.582 617.0764
-9999 -9999 -9999 -9999 -9999 -9999 -9999 -9999 -9999 -9999 -9999 -9999 -9999 -9999 -9999 -9999 -9999 -9999 -9999 -9999 -9999 -9999 -9999 -9999 -9999 -9999 -9999 -9999 -9999 -9999 625.1905 623.1733 620.3385 617.4333 615.4657 614.505 613.9699 612.1785 608.6486 604.0256 599.5722 596.1018 594.087 592.6368 591.7086 591.142 590.8351 590.7665 590.8605 591.0679 591.4099 591.8217 592.4262 593.0472 593.7697 594.4946 595.2567 596.5437 598.2022 600.1111 602.1147 604.243 606.5629 609.2351 612.3882 615.2654 617.2279
-9999 -9999 -9999 -9999 -9999 -9999 -9999 -9999 -9999 -9999 -9999 -9999 -9999 -9999 -9999 -9999 -9999 -9999 -9999 -9999 -9999 -9999 -9999 -9999 -9999 -9999 -9999 -9999 -9999 626.0385 625.1428 622.7046 619.4385 616.3976 614.4642 613.7456 612.8971 610.6678 607.0327 602.7505 599.0419 596.0581 594.6224 593.329 592.3236 591.7071 591.2975 591.1771 591.2244 591.3784 591.7191 592.1381 592.7971 593.5012 594.3257 595.3057 596.6394 598.313 600.1886 601.9492 603.7352 605.6509 607.8448 610.4933 613.3856 615.5721 616.8246
-9999 -9999 -9999 -9999 -9999 -9999 -9999 -9999 -9999 -9999 -9999 -9999 -9999 -9999 -9999 -9999 -9999 -9999 -9999 -9999 -9999 -9999 -9999 -9999 -9999 -9999 -9999 -9999 -9999 625.7972 624.6024 621.8569 618.256 615.0259 613.1685 612.7632 611.5282 609.0895 605.5741 601.6992 598.5982 595.8026 594.3993 593.4191 592.6727 592.1641 591.8079 591.7352 591.7353 591.7878 592.0723 592.5455 593.328 594.2662 595.3753 596.7786 598.487 600.4775 602.4281 604.0712 605.674 607.4297 609.5324 612.0386 614.4457 615.8606 616.3771
-9999 -9999 -9999 -9999 -9999 -9999 -9999 -9999 -9999 -9999 -9999 -9999 -9999 -9999 -9999 -9999 -9999 -9999 -9999 -9999 -9999 -9999 -9999 -9999 -9999 -9999 -9999 -9999 625.9235 625.0575 623.4707 620.5972 616.819 613.4815 611.7216 611.1585 609.8145 607.3798 604.0095 600.4316 597.5425 595.2765 594.1469 593.4656 593.0113 592.7416 592.5493 592.4599 592.4236 592.4875 592.7904 593.3568 594.2787 595.5447 597.1368 598.8216 600.7978 602.91 604.8647 606.5882 608.1207 609.7531 611.6526 613.6505 615.3956 616.112 616.0148
-9999 -9999 -9999 -9999 -9999 -9999 -9999 -9999 -9999 -9999 -9999 -9999 -9999 -9999 -9999 -9999 -9999 -9999 -9999 -9999 -9999 -9999 -9999 -9999 -9999 -9999 -9999 -9999 625.4433 623.6523 622.1737 619.2139 615.3387 611.8743 610.1543 609.3622 608.0214 605.7598 602.5101 599.1664 596.5787 594.9067 594.1841 593.7791 593.5746 593.5463 593.512 593.4562 593.4075 593.4971 593.8904 594.7096 595.8662 597.5508 599.3925 601.3462 603.417 605.5848 607.7467 609.7394 611.3585 612.7277 613.9208 615.0562 616.001 616.2428 615.7707
-9999 -9999 -9999 -9999 -9999 -9999 -9999 -9999 -9999 -9999 -9999 -9999 -9999 -9999 -9999 -9999 -9999 -9999 -9999 -9999 -9999 -9999 -9999 -9999 -9999 -9999 -9999 -9999 624.9465 623.2957 621.1314 617.8383 613.9009 610.5906 608.5075 607.447 606.1511 603.9993 600.9691 597.9788 595.7967 594.85 594.6257 594.4139 594.3973 594.6319 594.7394 594.7537 594.7168 594.855 595.4174 596.5767 598.1649 600.1102 602.063 604.0638 606.2368 608.5911 611.1521 613.5429 615.207 616.0381 616.2717 616.4036 616.5632 616.2406 -9999
-9999 -9999 -9999 -9999 -9999 -9999 -9999 -9999 -9999 -9999 -9999 -9999 -9999 -9999 -9999 -9999 -9999 -9999 -9999 -9999 -9999 -9999 -9999 -9999 -9999 -9999 -9999 624.7401 624.0123 622.4038 619.8721 616.3143 612.3618 609.0762 606.8354 605.4226 604.1028 601.9562 599.2297 596.7298 595.1882 595.288 595.3239 595.3181 595.4695 595.8964 596.1389 596.2697 596.3101 596.6383 597.5283 598.9803 600.913 603.0372 605.0527 607.0669 609.3151 612.0079 614.9811 617.655 619.2389 619.4188 618.7182 617.9233 617.1786 -9999 -9999
-9999 -9999 -9999 -9999 -9999 -9999 -9999 -9999 -9999 -9999 -9999 -9999 -9999 -9999 -9999 -9999 -9999 -9999 -9999 -9999 -9999 -9999 -9999 -9999 -9999 -9999 -9999 623.4775 622.8693 621.1733 618.27 614.4597 610.4504 607.0735 604.6085 602.8457 601.3182 599.3386 597.1187 595.4902 595.415 596.4912 596.345 596.7665 597.322 597.7223 597.8539 597.941 598.1697 598.7553 600.0302 601.8657 604.0338 606.3015 608.4165 610.4395 612.7243 615.5653 618.743 621.5545 623.0239 622.6192 621.1091 -9999 -9999 -9999 -9999
-9999 -9999 -9999 -9999 -9999 -9999 -9999 -9999 -9999 -9999 -9999 -9999 -9999 -9999 -9999 -9999 -9999 -9999 -9999 -9999 -9999 -9999 -9999 -9999 -9999 -9999 622.1111 622.0628 621.6103 619.6217 616.3411 612.2391 608.067 604.552 601.8735 599.8012 598.1718 596.7009 595.435 595.3469 596.0554 597.4828 598.39 599.1736 599.7296 599.9885 599.8981 599.9386 600.4114 601.2582 602.8417 604.9211 607.3602 609.8557 612.1214 614.0066 616.0157 618.651 621.7755 624.6301 626.0649 -9999 -9999 -9999 -9999 -9999 -9999
-9999 -9999 -9999 -9999 -9999 -9999 -9999 -9999 -9999 -9999 -9999 -9999 -9999 -9999 -9999 -9999 -9999 -9999 -9999 -9999 -9999 -9999 -9999 -9999 -9999 -9999 620.9005 620.7225 620.3696 618.0392 614.2861 609.8022 605.4103 601.7294 598.8738 596.5961 595.4222 594.9988 595.4709 596.7931 598.3792 600.1743 601.4991 602.3243 602.6484 602.5037 602.1864 602.0834 602.6722 603.6703 605.4585 607.8619 610.6531 613.4401 615.668 617.158 618.588 620.6754 623.5042 626.2891 -9999 -9999 -9999 -9999 -9999 -9999 -9999
-9999 -9999 -9999 -9999 -9999 -9999 -9999 -9999 -9999 -9999 -9999 -9999 -9999 -9999 -9999 -9999 -9999 -9999 -9999 -9999 -9999 -9999 -9999 -9999 -9999 -9999 621.1474 619.8549 619.0067 616.1882 611.9865 607.2007 602.6926 599.1642 596.6909 594.4467 594.3368 595.4431 597.4125 599.6382 601.6213 603.4354 604.9648 605.8172 606.0201 605.6853 605.0901 604.5392 604.71 605.7104 607.7535 610.532 613.7261 616.5151 618.2888 619.1998 620.0198 621.5328 624.0165 -9999 -9999 -9999 -9999 -9999 -9999 -9999 -9999
-9999 -9999 -9999 -9999 -9999 -9999 -9999 -9999 -9999 -9999 -9999 -9999 -9999 -9999 -9999 -9999 -9999 -9999 -9999 -9999 -9999 -9999 -9999 -9999 -9999 623.459 622.0967 620.2768 617.8587 614.1705 609.4742 604.4946 600.1373 597.3271 596.4429 594.5484 594.898 597.2094 599.9279 602.4979 604.6683 606.4954 608.0206 608.9711 609.1976 608.8339 608.0203 606.981 606.6174 607.4407 609.7173 612.9225 616.1746 618.5613 619.6652 619.533 619.9801 -9999 -9999 -9999 -9999 -9999 -9999 -9999 -9999 -9999 -9999
-9999 -9999 -9999 -9999 -9999 -9999 -9999 -9999 -9999 -9999 -9999 -9999 -9999 -9999 -9999 -9999 -9999 -9999 -9999 -9999 -9999 -9999 -9999 624.9796 624.4407 623.6893 622.1765 619.5792 616.1422 611.8149 606.7994 601.7475 597.5662 595.283 594.4969 594.0065 596.0408 599.0679 601.9603 604.6735 606.693 608.6024 610.2902 611.3964 611.6933 611.3645 610.4676 609.1255 608.3537 609.021 611.3905 614.5047 617.4109 619.309 619.2393 618.5456 -9999 -9999 -9999 -9999 -9999 -9999 -9999 -9999 -9999 -9999 -9999
-9999 -9999 -9999 -9999 -9999 -9999 -9999 -9999 -9999 -9999 -9999 -9999 -9999 -9999 -9999 -9999 -9999 -9999 -9999 -9999 -9999 -9999 625.2979 624.6551 623.8696 622.7902 620.7094 617.5854 613.6851 609.1631 604.137 599.2213 595.3044 593.2621 592.8818 593.7562 596.4799 599.79 602.797 605.5416 607.6233 609.7329 611.5756 612.5995 612.8934 612.6246 611.9229 611.0775 610.3805 610.8448 612.8011 615.2902 617.423 618.5452 618.2563 -9999 -9999 -9999 -9999 -9999 -9999 -9999 -9999 -9999 -9999 -9999 -9999
-9999 -9999 -9999 -9999 -9999 -9999 -9999 -9999 -9999 -9999 -9999 -9999 -9999 -9999 -9999 -9999 -9999 -9999 -9999 -9999 -9999 -9999 624.8204 623.8158 622.3701 620.7453 618.1661 614.7264 610.7678 606.3156 601.5345 596.9329 593.2831 591.333 591.1708 592.7601 595.7242 599.0495 602.2498 605.0458 607.3777 609.6226 611.5865 612.6218 612.9083 612.7444 612.3506 611.9731 611.8307 612.2448 613.6739 615.2754 616.6694 617.6978 617.6886 -9999 -9999 -9999 -9999 -9999 -9999 -9999 -9999 -9999 -9999 -9999 -9999
-9999 -9999 -9999 -9999 -9999 -9999 -9999 -9999 -9999 -9999 -9999 -9999 -9999 -9999 -9999 -9999 -9999 -9999 -9999 -9999 -9999 624.6042 624.245 622.7672 620.2473 618.3029 615.3337 611.7635 607.8784 603.7355 599.4222 595.1948 591.6044 589.3671 589.0604 590.7853 593.772 597.2091 600.6385 603.6819 606.3355 608.6594 610.5403 611.576 611.8193 611.7274 611.6902 611.889 612.1996 612.7997 613.8434 614.891 615.9178 616.7505 -9999 -9999 -9999 -9999 -9999 -9999 -9999 -9999 -9999 -9999 -9999 -9999 -9999
-9999 -9999 -9999 -9999 -9999 -9999 -9999 -9999 -9999 -9999 -9999 -9999 -9999 -9999 -9999 -9999 -9999 -9999 -9999 -9999 -9999 623.8861 623.6187 621.9705 619.363 616.3797 612.9083 609.2765 605.4652 601.6349 597.7946 593.9297 590.2278 587.5364 586.6602 588.1907 591.1041 594.5939 598.2021 601.623 604.5737 606.9462 608.6959 609.509 609.6844 609.6514 610.0364 610.8788 611.6654 612.4626 613.3028 614.0991 614.991 615.8962 616.6932 -9999 -9999 -9999 -9999 -9999 -9999 -9999 -9999 -9999 -9999 -9999 -9999
