backend/lakes/data/Lac Sante/sant_dem_tm.asc
ncols         161
nrows         197
xllcorner     722600
yllcorner     5964100
cellsize      50
NODATA_value  -9999
[rows 120 to 149 of 197, columns 0 to 66 of 161]
-9999 -9999 -9999 -9999 -9999 -9999 -9999 -9999 -9999 -9999 -9999 -9999 -9999 -9999 -9999 -9999 -9999 -9999 -9999 -9999 -9999 -9999 -9999 -9999 -9999 620.6474 619.8919 617.8673 614.8973 611.4395 607.8936 604.3992 601.0426 597.8077 594.6326 591.4979 588.5247 585.9791 584.2437 583.1343 582.5595 582.1642 582.0411 582.153 582.6384 583.4731 584.6432 585.8276 587.241 589.002 591.3589 594.7466 598.4556 601.756 604.0632 606.0724 608.2156 610.6764 613.563 616.2844 618.2115 619.2203 620.2372 -9999 -9999 -9999 -9999
-9999 -9999 -9999 -9999 -9999 -9999 -9999 -9999 -9999 -9999 -9999 -9999 -9999 -9999 -9999 -9999 -9999 -9999 -9999 -9999 -9999 -9999 -9999 -9999 620.0031 619.9384 618.8784 616.5255 613.4248 610.1339 607.056 604.022 600.9551 597.8492 594.7096 591.5843 588.6396 586.1575 584.5539 583.5169 582.9329 582.6262 582.5916 582.7024 583.279 584.1556 585.2828 586.2693 587.4972 589.1315 591.4363 594.7028 598.1472 601.208 603.4417 605.2677 607.0864 609.1603 611.5452 614.2541 616.3869 617.546 619.3567 -9999 -9999 -9999 -9999
-9999 -9999 -9999 -9999 -9999 -9999 -9999 -9999 -9999 -9999 -9999 -9999 -9999 -9999 -9999 -9999 -9999 -9999 -9999 -9999 -9999 -9999 -9999 619.4238 619.3851 618.9362 617.3386 614.8234 611.8584 608.9308 606.3843 603.7871 600.9324 597.8807 594.736 591.6293 588.7681 586.3923 584.9202 583.8951 583.3131 583.0974 583.1533 583.3846 583.9149 584.6741 585.6027 586.5871 587.7528 589.2323 591.4539 594.4764 597.5148 600.1892 602.4325 604.2328 605.8243 607.5499 609.5607 612.1406 614.6912 616.7524 618.751 620.5349 -9999 -9999 -9999
-9999 -9999 -9999 -9999 -9999 -9999 -9999 -9999 -9999 -9999 -9999 -9999 -9999 -9999 -9999 -9999 -9999 -9999 -9999 -9999 -9999 -9999 618.924 618.7422 618.1727 617.0811 615.1328 612.6317 610.1367 607.9025 605.8239 603.5435 600.8005 597.7301 594.5472 591.4833 588.8134 586.6131 585.2408 584.1688 583.6084 583.4958 583.675 583.9625 584.4056 584.9933 585.7244 586.7923 587.9917 589.321 591.5837 594.3016 596.8478 599.1328 601.407 603.2147 604.7693 606.2943 608.1229 610.4426 613.1451 615.663 618.0638 620.317 -9999 -9999 -9999
-9999 -9999 -9999 -9999 -9999 -9999 -9999 -9999 -9999 -9999 -9999 -9999 -9999 -9999 -9999 -9999 -9999 -9999 -9999 -9999 -9999 618.0732 618.0435 617.4993 616.3514 614.6634 612.5163 610.2291 608.4063 606.9883 605.1758 603.0299 600.3098 597.1617 593.9078 590.8821 588.4932 586.3231 585.003 584.1158 583.6982 583.7197 584.0403 584.3557 584.7394 585.1731 585.711 586.7032 587.9602 589.4688 591.785 594.2736 596.4034 598.3615 600.4138 602.3347 603.9583 605.4159 607.0339 609.053 611.6884 614.4055 617.0812 619.5396 621.5652 -9999 -9999
-9999 -9999 -9999 -9999 -9999 -9999 -9999 -9999 -9999 -9999 -9999 -9999 -9999 -9999 -9999 -9999 -9999 -9999 -9999 -9999 616.868 617.2855 616.5046 615.4874 613.9559 612.0657 610.0651 608.413 607.064 605.806 604.1446 601.9592 599.2335 596.0128 592.7264 589.7951 587.5068 585.7415 584.6138 583.8998 583.5963 583.6737 583.9612 584.3505 584.8417 585.2603 585.7191 586.7664 588.1995 589.9726 592.2988 594.4841 596.2316 597.8752 599.6492 601.6933 603.4555 604.8973 606.3418 608.0551 610.5362 613.2903 616.0029 618.4108 620.432 -9999 -9999
-9999 -9999 -9999 -9999 -9999 -9999 -9999 -9999 -9999 -9999 -9999 -9999 -9999 -9999 -9999 -9999 -9999 -9999 -9999 615.1392 615.9798 615.7764 614.5731 613.1477 611.5055 609.7577 608.2439 606.956 605.8312 604.6069 602.9241 600.5497 597.6686 594.5435 591.4939 588.7802 586.5496 585.1284 584.2123 583.637 583.392 583.4515 583.6937 584.0775 584.5708 585.1023 585.7657 587.0707 588.8051 590.9733 593.2607 594.9335 596.2886 597.5897 599.0059 601.1382 603.2385 604.7107 606.0966 607.6268 609.9246 612.521 615.0881 617.3927 619.3826 -9999 -9999
-9999 -9999 -9999 -9999 -9999 -9999 -9999 -9999 -9999 -9999 -9999 -9999 -9999 -9999 -9999 -9999 -9999 -9999 -9999 614.3566 615.0067 614.1506 612.6337 611.0259 609.369 608.0518 606.875 605.7837 604.6899 603.3503 601.4116 598.9064 595.9951 593.0656 590.3845 588.0583 586.0252 584.7738 583.9718 583.4583 583.2167 583.2513 583.4352 583.823 584.3853 585.1142 586.044 587.6183 589.5283 591.7817 593.9486 595.3724 596.5115 597.6652 598.9349 601.0284 603.2095 604.7268 606.0867 607.5742 609.6574 611.9524 614.2383 616.402 618.4035 -9999 -9999
-9999 -9999 -9999 -9999 -9999 -9999 -9999 -9999 -9999 -9999 -9999 -9999 -9999 -9999 -9999 -9999 -9999 -9999 613.6068 613.6569 613.5484 612.4325 610.8981 609.2933 607.8264 606.9003 605.9039 604.8309 603.627 602.0226 599.9264 597.3733 594.7037 592.0941 589.6977 587.6798 585.8325 584.6597 583.9072 583.4072 583.1198 583.0817 583.2595 583.7015 584.4252 585.4542 586.7621 588.5248 590.5505 592.6379 594.5352 595.8075 596.8381 597.9305 599.4178 601.3243 603.4135 605.0176 606.4269 607.8086 609.7375 611.8425 613.9753 616.0887 618.1619 -9999 -9999
-9999 -9999 -9999 -9999 -9999 -9999 -9999 -9999 -9999 -9999 -9999 -9999 -9999 -9999 -9999 -9999 613.9957 613.7346 613.2713 612.778 612.0749 610.8968 609.4029 607.8745 606.9175 606.2738 605.2808 604.1014 602.6648 600.8864 598.5844 596.0925 593.8592 591.722 589.7106 587.8481 585.9307 584.7328 583.9786 583.466 583.1477 583.0427 583.2275 583.7419 584.6227 585.8746 587.6071 589.6021 591.7574 593.776 595.2675 596.3674 597.342 598.4655 600.1425 601.9556 603.9155 605.7185 607.3276 608.6373 610.4333 612.408 614.4593 616.5518 -9999 -9999 -9999
-9999 -9999 -9999 -9999 -9999 -9999 -9999 -9999 -9999 -9999 -9999 -9999 -9999 -9999 -9999 -9999 614.5979 613.9133 612.8716 611.8528 610.772 609.5951 608.1668 607.0743 606.323 605.7152 604.8668 603.7644 602.1306 600.3353 597.9701 595.5674 593.6382 591.8433 590.0839 588.1763 586.1777 584.9309 584.1425 583.613 583.2801 583.1772 583.3768 583.9819 585.0541 586.6103 588.7192 590.9793 593.0534 594.7833 596.0671 597.0764 598.0648 599.3578 600.9482 602.7795 604.8008 606.9158 608.8467 610.5162 612.1621 613.9807 615.9376 617.9551 -9999 -9999 -9999
-9999 -9999 -9999 -9999 -9999 -9999 -9999 -9999 -9999 -9999 -9999 -9999 -9999 -9999 -9999 615.829 615.1696 613.9416 612.316 610.8113 609.5173 608.5143 607.4763 606.6309 606.0033 605.4617 604.7571 603.7675 602.1929 600.326 597.97 595.6976 593.9448 592.3531 590.7702 588.7406 586.7049 585.3119 584.4066 583.831 583.5031 583.4396 583.7179 584.4513 585.7435 587.7267 589.9985 592.2932 594.3187 595.8303 596.9612 597.9234 598.9939 600.3544 601.9315 603.8854 606.2191 608.6601 611.0081 612.898 614.4769 616.1652 618.0113 619.8899 -9999 -9999 -9999
-9999 -9999 -9999 -9999 -9999 -9999 -9999 -9999 -9999 -9999 -9999 -9999 -9999 -9999 -9999 616.205 615.5092 613.9086 611.8662 609.8541 608.2719 607.7029 607.0027 606.3582 605.8379 605.3574 604.7513 603.8454 602.3741 600.554 598.3641 596.35 594.5705 592.9697 591.3919 589.519 587.6613 585.9194 584.8173 584.1403 583.8115 583.8239 584.2126 585.0645 586.4935 588.686 591.1859 593.574 595.3994 596.7899 597.8361 598.7722 599.8451 601.1401 602.861 605.0656 607.8671 610.79 613.3574 615.402 617.0617 618.685 620.4349 -9999 -9999 -9999 -9999
-9999 -9999 -9999 -9999 -9999 -9999 -9999 -9999 -9999 -9999 -9999 -9999 -9999 -9999 -9999 616.3691 615.4836 613.8255 611.6096 609.3762 608.1149 607.2389 606.7555 606.2233 605.7383 605.2856 604.7319 603.8914 602.5182 600.8161 598.9194 597.0944 595.1837 593.5782 591.9995 590.3188 588.5034 586.673 585.4082 584.5947 584.2352 584.3441 584.8964 585.8878 587.4939 589.67 592.1448 594.4576 596.2325 597.5799 598.5664 599.5114 600.6246 601.9667 603.8039 606.3026 609.4257 612.7625 615.568 617.8075 619.655 621.3617 -9999 -9999 -9999 -9999 -9999
-9999 -9999 -9999 -9999 -9999 -9999 -9999 -9999 -9999 -9999 -9999 -9999 -9999 -9999 -9999 617.0492 615.8725 614.045 611.7325 609.4718 608.4481 607.5829 606.8337 606.1693 605.6256 605.1573 604.6508 603.8885 602.574 600.976 599.3494 597.6943 595.8953 594.3302 592.8104 591.2715 589.5652 587.8972 586.3235 585.2435 584.7814 585.0004 585.7806 586.9373 588.5645 590.7972 593.1505 595.2458 596.9072 598.0834 599.1165 600.1156 601.2348 602.7255 604.6677 607.3799 610.7882 614.4179 617.5363 620.009 622.0607 623.9445 -9999 -9999 -9999 -9999 -9999
-9999 -9999 -9999 -9999 -9999 -9999 -9999 -9999 -9999 -9999 -9999 -9999 -9999 -9999 -9999 617.8081 616.4786 614.6034 612.1851 609.6747 607.8418 607.0146 606.4266 605.8937 605.3986 604.9235 604.474 603.824 602.5321 601.0393 599.7017 598.3632 596.9548 595.2771 593.7001 592.1332 590.6228 589.076 587.5673 586.0681 585.3918 585.7085 586.7747 587.9484 589.4046 591.6407 594.0676 596.1454 597.6705 598.735 599.717 600.7924 602.11 603.6992 605.7605 608.564 612.2037 616.0784 619.4221 622.0716 624.2723 -9999 -9999 -9999 -9999 -9999 -9999
-9999 -9999 -9999 -9999 -9999 -9999 -9999 -9999 -9999 -9999 -9999 -9999 -9999 -9999 -9999 618.4754 617.2961 615.3708 612.8381 610.1332 607.9281 606.8326 606.1959 605.6777 605.1725 604.6747 604.1912 603.6103 602.3502 601.0129 599.9442 598.9028 597.7239 596.2574 594.6418 593.1127 591.707 590.2448 588.6629 587.0748 586.042 586.3188 587.3508 588.7263 590.1174 592.3061 594.7301 596.9138 598.2924 599.3092 600.299 601.4589 603.0757 604.778 607.0009 610.009 613.8538 617.8618 621.3355 624.0877 626.3556 -9999 -9999 -9999 -9999 -9999 -9999
-9999 -9999 -9999 -9999 -9999 -9999 -9999 -9999 -9999 -9999 -9999 -9999 -9999 -9999 -9999 618.8372 617.6721 615.8683 613.5995 611.0465 608.7641 607.2915 606.4193 605.7211 605.0322 604.3894 603.8508 603.0687 601.9949 600.9352 600.1216 599.3359 598.3521 597.1097 595.4109 593.9691 592.683 591.3962 589.8668 588.2599 587.1128 587.0165 587.7775 589.069 590.8921 592.9775 595.18 597.3109 598.7305 599.8413 600.96 602.3763 604.0508 605.9753 608.4241 611.705 615.6782 619.7558 623.3013 626.0924 628.3337 -9999 -9999 -9999 -9999 -9999 -9999
-9999 -9999 -9999 -9999 -9999 -9999 -9999 -9999 -9999 -9999 -9999 -9999 -9999 -9999 -9999 618.8099 617.7126 616.1902 614.3814 612.2676 610.1052 608.3311 607.1134 606.0796 605.0273 604.0574 603.3503 602.5755 601.7273 600.9733 600.4115 599.7914 598.9001 597.6813 596.1464 594.7112 593.4858 592.2927 590.9418 589.2302 588.0096 587.6571 588.2336 589.5031 591.4446 593.5084 595.511 597.5365 599.079 600.403 601.7617 603.476 605.3101 607.4514 610.1728 613.6434 617.6561 621.736 625.3027 628.0589 -9999 -9999 -9999 -9999 -9999 -9999 -9999
-9999 -9999 -9999 -9999 -9999 -9999 -9999 -9999 -9999 -9999 -9999 -9999 -9999 -9999 -9999 -9999 617.5924 616.5507 615.3427 613.6778 611.5898 609.525 607.9932 606.6051 605.1737 603.9736 603.1086 602.382 601.8187 601.4944 601.0767 600.5294 599.639 598.3193 596.8317 595.3145 594.1205 592.9832 591.6957 590.1874 588.8395 588.3063 588.8521 590.2736 592.0894 594.1066 595.9393 597.7739 599.4681 601.0925 602.9168 604.7426 606.8 609.251 612.2718 615.866 619.8632 623.8615 627.3292 -9999 -9999 -9999 -9999 -9999 -9999 -9999 -9999
-9999 -9999 -9999 -9999 -9999 -9999 -9999 -9999 -9999 -9999 -9999 -9999 -9999 -9999 -9999 -9999 617.7808 616.9073 615.9883 614.8328 612.7628 610.4357 608.4025 606.7587 605.2039 603.9683 603.1464 602.5807 602.4847 602.5391 602.3165 601.6839 600.7932 599.4342 597.8011 596.1871 594.749 593.5554 592.3437 591.066 589.658 588.9464 589.6216 591.0936 592.7194 594.5225 596.2396 598.0101 599.9186 601.8232 603.9033 606.0172 608.3712 611.2078 614.5536 618.2991 622.262 626.0931 629.3224 -9999 -9999 -9999 -9999 -9999 -9999 -9999 -9999
-9999 -9999 -9999 -9999 -9999 -9999 -9999 -9999 -9999 -9999 -9999 -9999 -9999 -9999 -9999 -9999 -9999 617.4351 616.6333 615.5133 613.4766 610.9854 608.547 606.6528 605.1484 604.0425 603.4426 603.0781 603.3479 603.735 603.723 603.286 602.2516 600.7592 598.884 597.0473 595.2202 593.9309 592.7233 591.5146 590.296 589.7828 590.3185 591.5676 593.0537 594.738 596.4728 598.3148 600.5056 602.7865 604.9981 607.3466 610.0372 613.1739 616.7889 620.7177 624.7056 628.3711 -9999 -9999 -9999 -9999 -9999 -9999 -9999 -9999 -9999
-9999 -9999 -9999 -9999 -9999 -9999 -9999 -9999 -9999 -9999 -9999 -9999 -9999 -9999 -9999 -9999 -9999 -9999 617.2509 615.8677 613.6942 610.9688 608.299 606.4066 605.0602 604.244 603.8832 603.5306 603.9004 604.1866 604.2811 604.0637 603.347 602.0623 600.1534 597.8484 595.5931 594.11 592.7643 591.5713 590.5807 590.2365 590.6843 591.7423 593.1699 594.8653 596.7548 598.7131 601.0181 603.4831 605.9539 608.597 611.5518 614.907 618.7151 622.7708 626.7521 -9999 -9999 -9999 -9999 -9999 -9999 -9999 -9999 -9999 -9999
-9999 -9999 -9999 -9999 -9999 -9999 -9999 -9999 -9999 -9999 -9999 -9999 -9999 -9999 -9999 -9999 -9999 619.3582 617.9991 616.2418 613.8021 610.8693 608.1056 606.1661 604.9192 604.2946 604.0659 603.9412 603.9872 604.145 604.3483 604.4108 604.0906 603.1166 601.3446 598.609 595.8312 593.8037 592.194 591.2145 590.5821 590.4247 590.8309 591.7692 593.1951 595.0062 597.1823 599.3463 601.6063 604.0883 606.7559 609.6426 612.749 616.2186 620.1024 624.1695 -9999 -9999 -9999 -9999 -9999 -9999 -9999 -9999 -9999 -9999 -9999
-9999 -9999 -9999 -9999 -9999 -9999 -9999 -9999 -9999 -9999 -9999 -9999 -9999 -9999 -9999 -9999 -9999 620.6393 618.9039 616.8033 613.9637 610.7368 607.8774 605.9241 604.7592 604.2717 604.1312 604.0007 603.8303 603.8779 604.1391 604.4532 604.5103 603.9045 602.3367 599.3901 596.1375 593.6208 591.9158 591.0935 590.6777 590.5961 590.9366 591.7704 593.1977 595.1151 597.5283 599.9911 602.3129 604.6808 607.3802 610.441 613.7031 617.1656 620.8715 624.6856 -9999 -9999 -9999 -9999 -9999 -9999 -9999 -9999 -9999 -9999 -9999
-9999 -9999 -9999 -9999 -9999 -9999 -9999 -9999 -9999 -9999 -9999 -9999 -9999 -9999 -9999 -9999 -9999 621.9542 619.7999 617.207 613.9666 610.4813 607.5947 605.7433 604.7162 604.3358 604.2445 604.0418 603.6281 603.6076 603.8958 604.3635 604.6694 604.3354 602.9296 599.9803 596.4676 593.6002 591.9562 591.3106 591.0206 590.9048 591.1201 591.8333 593.2749 595.2211 597.764 600.4353 602.9352 605.2574 607.8628 610.9498 614.2821 617.6197 620.9553 624.3224 -9999 -9999 -9999 -9999 -9999 -9999 -9999 -9999 -9999 -9999 -9999
-9999 -9999 -9999 -9999 -9999 -9999 -9999 -9999 -9999 -9999 -9999 -9999 -9999 -9999 -9999 -9999 -9999 623.1215 620.6097 617.5932 613.9801 610.3115 607.457 605.7703 604.9231 604.6211 604.4669 604.0921 603.4347 603.4512 603.7482 604.2856 604.7068 604.5033 603.1954 600.2842 596.656 593.6384 592.4194 591.8359 591.4993 591.2937 591.4183 592.0834 593.5933 595.4717 597.9945 600.7228 603.2967 605.6188 608.1404 611.205 614.506 617.6285 620.4789 623.2716 -9999 -9999 -9999 -9999 -9999 -9999 -9999 -9999 -9999 -9999 -9999
-9999 -9999 -9999 -9999 -9999 -9999 -9999 -9999 -9999 -9999 -9999 -9999 -9999 -9999 -9999 -9999 -9999 624.2881 621.6116 618.252 614.3375 610.5165 607.6279 606.0659 605.3916 605.0521 604.5889 603.5087 603.6426 603.3529 603.7091 604.2916 604.736 604.5603 603.3133 600.5128 596.9612 593.9945 593.0485 592.3154 591.7047 591.5333 591.7546 592.6521 594.264 596.0434 598.4426 601.0683 603.609 605.938 608.3783 611.3751 614.5768 617.4524 619.8182 -9999 -9999 -9999 -9999 -9999 -9999 -9999 -9999 -9999 -9999 -9999 -9999
-9999 -9999 -9999 -9999 -9999 -9999 -9999 -9999 -9999 -9999 -9999 -9999 -9999 -9999 -9999 -9999 -9999 -9999 622.7979 619.2076 615.1223 611.1808 608.1535 606.5397 605.9155 605.2185 604.4647 603.5765 603.3665 603.3121 603.7917 604.4096 604.826 604.6238 603.415 600.7869 597.4387 594.3613 592.4388 591.6938 591.4011 591.5447 591.9215 593.0555 594.7704 596.8879 599.2415 601.6933 604.1027 606.4266 608.8034 611.6628 614.6837 617.2834 619.1613 -9999 -9999 -9999 -9999 -9999 -9999 -9999 -9999 -9999 -9999 -9999 -9999
-9999 -9999 -9999 -9999 -9999 -9999 -9999 -9999 -9999 -9999 -9999 -9999 -9999 -9999 -9999 -9999 -9999 -9999 624.0884 620.4188 616.2184 612.1077 608.8615 606.9734 606.1623 605.3622 604.4707 603.6658 603.3156 603.4103 603.953 604.5891 604.9716 604.7321 603.5446 601.1102 598.0138 594.8702 592.4195 591.3779 591.2267 591.6821 592.2693 593.4468 595.1714 597.4891 600.0479 602.579 604.8452 607.0825 609.4778 612.2105 614.9749 617.2943 618.839 -9999 -9999 -9999 -9999 -9999 -9999 -9999 -9999 -9999 -9999 -9999 -9999
