backend/lakes/data/Lac Sante/sant_dem_tm.asc
ncols         161
nrows         197
xllcorner     722600
yllcorner     5964100
cellsize      50
NODATA_value  -9999
[rows 90 to 119 of 197, columns 0 to 66 of 161]
-9999 -9999 -9999 -9999 -9999 -9999 -9999 -9999 -9999 -9999 -9999 -9999 -9999 -9999 -9999 -9999 -9999 -9999 -9999 -9999 -9999 -9999 -9999 -9999 -9999 -9999 -9999 -9999 -9999 -9999 -9999 -9999 -9999 -9999 -9999 -9999 -9999 -9999 -9999 616.1223 615.47 614.2622 612.6584 610.7499 608.7203 606.8762 605.5054 604.5474 603.8834 603.6391 603.7708 604.2483 604.9747 605.9543 606.5394 606.7563 606.0287 606.478 606.983 606.9196 606.4631 605.6862 604.8657 603.825 602.4984 600.7167 598.7867
-9999 -9999 -9999 -9999 -9999 -9999 -9999 -9999 -9999 -9999 -9999 -9999 -9999 -9999 -9999 -9999 -9999 -9999 -9999 -9999 -9999 -9999 -9999 -9999 -9999 -9999 -9999 -9999 -9999 -9999 -9999 -9999 -9999 -9999 -9999 -9999 -9999 -9999 616.691 616.0294 615.1855 613.8275 611.8553 609.5009 607.2784 605.2862 603.6168 602.3247 601.4248 601.1549 601.4296 602.1937 603.201 604.3357 605.2683 605.797 606.0753 606.5658 606.5592 606.0738 605.1163 603.7528 602.9068 601.7061 600.1304 598.2587 596.5306
-9999 -9999 -9999 -9999 -9999 -9999 -9999 -9999 -9999 -9999 -9999 -9999 -9999 -9999 -9999 -9999 -9999 -9999 -9999 -9999 -9999 -9999 -9999 -9999 -9999 -9999 -9999 -9999 -9999 -9999 -9999 -9999 -9999 -9999 -9999 -9999 -9999 -9999 616.5084 615.8027 614.7469 613.1548 610.8017 608.0267 605.4738 603.1942 601.2426 599.838 598.8749 598.6252 599.0162 599.9843 600.9926 602.1516 603.1772 603.777 603.9794 604.7886 604.9403 604.4313 603.4532 602.158 600.752 599.0503 597.2898 595.5732 594.2665
-9999 -9999 -9999 -9999 -9999 -9999 -9999 -9999 -9999 -9999 -9999 -9999 -9999 -9999 -9999 -9999 -9999 -9999 -9999 -9999 -9999 -9999 -9999 -9999 -9999 -9999 -9999 -9999 -9999 -9999 -9999 -9999 -9999 -9999 -9999 -9999 -9999 617.1088 616.1199 615.1053 613.9091 611.9778 609.2637 606.2381 603.3647 600.7972 598.7397 597.4521 596.64 596.4188 596.7358 597.4943 598.3898 599.3842 600.3099 601.2409 601.9388 602.5102 602.5195 601.8816 600.8128 599.4521 597.7872 595.9604 594.2986 593.0174 592.3842
-9999 -9999 -9999 -9999 -9999 -9999 -9999 -9999 -9999 -9999 -9999 -9999 -9999 -9999 -9999 -9999 -9999 -9999 -9999 -9999 -9999 -9999 -9999 -9999 -9999 -9999 -9999 -9999 -9999 -9999 -9999 -9999 -9999 -9999 -9999 -9999 -9999 617.0912 615.8718 614.3289 612.8956 610.5637 607.4798 604.1453 601.0197 598.3203 596.3186 595.1832 594.4828 594.208 594.28 594.6684 595.2838 596.1166 597.1348 598.058 598.7538 599.1296 599.0191 598.3558 597.3065 595.9684 594.4282 592.7794 591.5006 590.9225 590.9896
-9999 -9999 -9999 -9999 -9999 -9999 -9999 -9999 -9999 -9999 -9999 -9999 -9999 -9999 -9999 -9999 -9999 -9999 -9999 -9999 -9999 -9999 -9999 -9999 -9999 -9999 -9999 -9999 -9999 -9999 -9999 -9999 -9999 -9999 -9999 -9999 618.6008 617.3691 615.8814 613.9537 611.7048 608.7448 605.2844 601.7916 598.6156 595.9807 594.2104 593.1976 592.3332 591.8832 591.6724 591.7516 592.1069 592.7092 593.5467 594.324 595.0021 595.2867 595.1271 594.5148 593.5101 592.3882 591.2814 590.1523 589.2961 589.2457 589.7147
-9999 -9999 -9999 -9999 -9999 -9999 -9999 -9999 -9999 -9999 -9999 -9999 -9999 -9999 -9999 -9999 -9999 -9999 -9999 -9999 -9999 -9999 -9999 -9999 -9999 -9999 -9999 -9999 -9999 -9999 -9999 -9999 -9999 -9999 -9999 -9999 619.349 617.8315 615.8838 613.4016 610.3695 606.8077 602.9965 599.3406 596.1966 593.8 592.1462 591.1688 590.394 589.8655 589.3972 589.2599 589.4271 589.8671 590.5006 590.9907 591.5464 591.7083 591.512 590.9823 590.1448 589.4521 588.9763 588.6979 588.7296 589.4207 590.9595
-9999 -9999 -9999 -9999 -9999 -9999 -9999 -9999 -9999 -9999 -9999 -9999 -9999 -9999 -9999 -9999 -9999 -9999 -9999 -9999 -9999 -9999 -9999 -9999 -9999 -9999 -9999 -9999 -9999 -9999 -9999 -9999 -9999 -9999 -9999 621.5438 620.0231 618.0715 615.5892 612.4525 608.7346 604.6524 600.5569 596.8962 593.9822 591.7996 590.2778 589.2766 588.6882 588.3043 587.8805 587.69 587.7587 588.0327 588.4127 588.6412 588.8224 588.7012 588.4562 588.1337 587.792 587.7297 588.0049 588.6362 589.6727 591.4102 593.7083
-9999 -9999 -9999 -9999 -9999 -9999 -9999 -9999 -9999 -9999 -9999 -9999 -9999 -9999 -9999 -9999 -9999 -9999 -9999 -9999 -9999 -9999 -9999 -9999 -9999 -9999 -9999 -9999 -9999 -9999 -9999 -9999 -9999 -9999 622.3024 621.7499 620.1738 617.892 614.8669 611.1448 606.9381 602.5049 598.2587 594.7127 591.9905 590.0291 588.6648 587.7867 587.2091 586.8796 586.6401 586.5319 586.5548 586.671 586.7784 586.7891 586.7339 586.2988 586.0473 586.0139 586.3129 587.028 588.1778 589.7827 591.9857 594.4167 597.1821
-9999 -9999 -9999 -9999 -9999 -9999 -9999 -9999 -9999 -9999 -9999 -9999 -9999 -9999 -9999 -9999 -9999 -9999 -9999 -9999 -9999 -9999 -9999 -9999 -9999 -9999 -9999 -9999 -9999 -9999 -9999 -9999 -9999 -9999 622.0306 621.3755 619.7855 617.1997 613.7124 609.5334 604.9907 600.3907 596.1354 592.7015 590.1982 588.454 587.2173 586.4299 585.8312 585.5599 585.4629 585.4434 585.4431 585.4189 585.3161 585.077 584.8535 584.5425 584.5483 584.9155 585.7504 587.2472 589.2684 591.8833 594.9629 597.723 600.5972
-9999 -9999 -9999 -9999 -9999 -9999 -9999 -9999 -9999 -9999 -9999 -9999 -9999 -9999 -9999 -9999 -9999 -9999 -9999 -9999 -9999 -9999 -9999 -9999 -9999 -9999 -9999 -9999 -9999 -9999 -9999 -9999 -9999 621.9998 621.6447 620.7089 618.8661 615.882 612.0066 607.5961 602.9827 598.3807 594.191 590.9095 588.5798 586.9989 585.9307 585.275 584.593 584.1602 584.016 584.0022 583.9872 583.9 583.6704 583.2385 583.0635 583.2167 583.7158 584.5448 585.9283 588.1278 590.8814 594.0804 597.5067 600.6938 603.4945
-9999 -9999 -9999 -9999 -9999 -9999 -9999 -9999 -9999 -9999 -9999 -9999 -9999 -9999 -9999 -9999 -9999 -9999 -9999 -9999 -9999 -9999 -9999 -9999 -9999 -9999 -9999 -9999 -9999 -9999 -9999 -9999 -9999 621.7532 621.0553 619.7104 617.3846 613.9953 609.8588 605.4263 600.8659 596.3635 592.3499 589.248 587.1239 585.7626 584.9025 584.1567 583.4318 582.8607 582.6863 582.6676 582.6768 582.6495 582.5404 582.301 582.2983 582.6503 583.5242 584.8115 586.6622 589.3458 592.6084 596.2672 599.9811 603.3162 605.9612
-9999 -9999 -9999 -9999 -9999 -9999 -9999 -9999 -9999 -9999 -9999 -9999 -9999 -9999 -9999 -9999 -9999 -9999 -9999 -9999 -9999 -9999 -9999 -9999 -9999 -9999 -9999 -9999 -9999 -9999 -9999 -9999 621.9987 621.5119 620.36 618.4753 615.6254 611.8398 607.6589 603.299 598.8513 594.5115 590.7488 587.8723 585.9333 584.797 584.1119 583.3223 582.6137 582.0874 581.8495 581.7931 581.8188 581.8688 581.897 581.9238 582.1743 582.7742 584 585.6574 587.9524 590.9563 594.5179 598.397 602.2053 605.5104 607.9523
-9999 -9999 -9999 -9999 -9999 -9999 -9999 -9999 -9999 -9999 -9999 -9999 -9999 -9999 -9999 -9999 -9999 -9999 -9999 -9999 -9999 -9999 -9999 -9999 -9999 -9999 -9999 -9999 -9999 -9999 -9999 622.5848 622.1334 621.438 619.8329 617.2462 613.7444 609.6328 605.4272 601.2028 596.9926 592.9916 589.6553 586.8681 585.0817 583.984 583.2547 582.6191 582.0472 581.6106 581.3788 581.325 581.3961 581.5532 581.7746 582.0826 582.6063 583.4976 584.9455 586.7882 589.3102 592.5827 596.3809 600.3572 604.1437 607.4555 609.8413
-9999 -9999 -9999 -9999 -9999 -9999 -9999 -9999 -9999 -9999 -9999 -9999 -9999 -9999 -9999 -9999 -9999 -9999 -9999 -9999 -9999 -9999 -9999 -9999 -9999 -9999 -9999 -9999 -9999 -9999 -9999 623.1418 622.6117 621.5143 619.2181 615.8412 611.7257 607.4661 603.2868 599.1894 595.218 591.6645 588.9592 586.2881 584.5391 583.441 582.6959 582.1983 581.7637 581.4166 581.2203 581.2013 581.3523 581.6444 582.0598 582.6122 583.347 584.4012 585.912 588.0135 590.8396 594.3962 598.3594 602.3519 606.0828 609.3469 611.577
-9999 -9999 -9999 -9999 -9999 -9999 -9999 -9999 -9999 -9999 -9999 -9999 -9999 -9999 -9999 -9999 -9999 -9999 -9999 -9999 -9999 -9999 -9999 -9999 -9999 -9999 -9999 -9999 -9999 -9999 623.6493 623.4945 622.7244 621.1222 618.1391 614.0713 609.5284 605.1868 601.0745 597.0878 593.3267 590.1026 587.6405 585.5647 584.1034 583.177 582.6008 582.1409 581.7666 581.4749 581.318 581.3501 581.5994 582.0443 582.6528 583.4084 584.314 585.487 587.1135 589.4287 592.5797 596.3906 600.5088 604.549 608.2713 611.3851 613.2789
-9999 -9999 -9999 -9999 -9999 -9999 -9999 -9999 -9999 -9999 -9999 -9999 -9999 -9999 -9999 -9999 -9999 -9999 -9999 -9999 -9999 -9999 -9999 -9999 -9999 -9999 -9999 -9999 -9999 -9999 623.8104 623.3983 622.2518 620.0757 616.4218 611.8464 607.1717 602.9222 598.973 595.195 591.6954 588.7217 586.4354 584.8157 583.7068 583.0159 582.6093 582.2548 581.9622 581.7124 581.5919 581.6908 582.0557 582.6646 583.4834 584.402 585.4253 586.6497 588.4523 591.108 594.6349 598.7062 602.9497 607.006 610.5751 613.3017 614.7065
-9999 -9999 -9999 -9999 -9999 -9999 -9999 -9999 -9999 -9999 -9999 -9999 -9999 -9999 -9999 -9999 -9999 -9999 -9999 -9999 -9999 -9999 -9999 -9999 -9999 -9999 -9999 -9999 -9999 -9999 623.6285 622.7137 621.1725 618.4055 614.213 609.3835 604.7598 600.6474 596.9267 593.4388 590.2029 587.5125 585.561 584.2323 583.3846 582.8914 582.6206 582.4354 582.2717 582.0505 581.9581 582.1465 582.6547 583.4421 584.4183 585.4423 586.5015 587.8539 589.8943 593.0021 596.9044 601.2291 605.5984 609.641 612.9232 615.1081 616.0774
-9999 -9999 -9999 -9999 -9999 -9999 -9999 -9999 -9999 -9999 -9999 -9999 -9999 -9999 -9999 -9999 -9999 -9999 -9999 -9999 -9999 -9999 -9999 -9999 -9999 -9999 -9999 -9999 -9999 623.4641 623.1707 621.1812 619.6833 616.3546 611.7469 606.8372 602.3007 598.329 594.827 591.6267 588.7411 586.3867 584.7889 583.7488 583.1261 582.8001 582.6644 582.6201 582.6085 582.3937 582.3326 582.6583 583.3521 584.2266 585.2878 586.3387 587.5928 589.1383 591.5385 595.0303 599.2679 603.8749 608.3347 612.1598 614.8697 616.4265 617.187
-9999 -9999 -9999 -9999 -9999 -9999 -9999 -9999 -9999 -9999 -9999 -9999 -9999 -9999 -9999 -9999 -9999 -9999 -9999 -9999 -9999 -9999 -9999 -9999 -9999 -9999 -9999 -9999 622.7677 623.2141 622.8259 621.205 618.4741 614.2862 609.2915 604.4182 599.9869 596.1353 592.832 589.9103 587.3907 585.4855 584.177 583.3744 582.9269 582.7177 582.6656 582.6571 582.6521 582.6172 582.687 583.2588 584.0895 584.9091 585.8608 587.1137 588.7322 590.5202 593.3906 597.2051 601.6449 606.396 610.761 614.0809 616.0287 617.0553 617.6024
-9999 -9999 -9999 -9999 -9999 -9999 -9999 -9999 -9999 -9999 -9999 -9999 -9999 -9999 -9999 -9999 -9999 -9999 -9999 -9999 -9999 -9999 -9999 -9999 -9999 -9999 -9999 -9999 622.4272 622.7551 622.2037 620.2897 616.8389 612.1008 606.942 602.1197 597.8477 594.1644 590.9963 588.2755 586.0915 584.5857 583.6111 583.0627 582.7625 582.6202 582.6189 582.6194 582.6552 582.8557 583.2483 583.9454 584.8033 585.6663 586.6123 587.9074 589.7207 592.1688 595.4606 599.4915 603.9881 608.5717 612.5284 615.1605 616.3632 616.8524 617.1448
-9999 -9999 -9999 -9999 -9999 -9999 -9999 -9999 -9999 -9999 -9999 -9999 -9999 -9999 -9999 -9999 -9999 -9999 -9999 -9999 -9999 -9999 -9999 -9999 -9999 -9999 -9999 -9999 622.0353 622.0791 621.1924 618.7293 614.8054 609.7946 604.7079 600.0131 595.8634 592.2962 589.2526 586.7419 584.9722 583.8057 583.1137 582.8149 582.6181 582.4795 582.4376 582.4625 582.6252 583.1322 583.8454 584.7114 585.6799 586.6703 587.6207 589.0361 591.2867 594.2384 597.8552 601.9043 606.1579 610.2505 613.5472 615.5994 615.9213 615.8696 615.9391
-9999 -9999 -9999 -9999 -9999 -9999 -9999 -9999 -9999 -9999 -9999 -9999 -9999 -9999 -9999 -9999 -9999 -9999 -9999 -9999 -9999 -9999 -9999 -9999 -9999 -9999 -9999 621.9919 621.738 621.2417 619.7454 616.8618 612.5583 607.5294 602.6154 598.1145 594.1279 590.6967 587.8361 585.5909 584.0647 583.1418 582.6517 582.5992 582.4504 582.3503 582.3235 582.4132 582.7181 583.5317 584.5197 585.5342 586.634 587.897 588.912 590.5971 593.3489 596.7758 600.5829 604.5182 608.268 611.5403 613.9195 615.256 614.6896 614.3647 -9999
-9999 -9999 -9999 -9999 -9999 -9999 -9999 -9999 -9999 -9999 -9999 -9999 -9999 -9999 -9999 -9999 -9999 -9999 -9999 -9999 -9999 -9999 -9999 -9999 -9999 -9999 -9999 621.9697 621.0976 619.751 618.0113 614.8005 610.3402 605.4614 600.7648 596.4023 592.4805 589.1192 586.4431 584.515 583.2688 582.5774 582.2451 582.2278 582.2454 582.2946 582.3853 582.6388 583.2103 584.1367 585.2557 586.2592 587.42 588.7955 590.3523 592.7142 595.8986 599.6326 603.5585 607.3419 610.449 612.7104 613.8931 614.0966 613.8355 613.6273 -9999
-9999 -9999 -9999 -9999 -9999 -9999 -9999 -9999 -9999 -9999 -9999 -9999 -9999 -9999 -9999 -9999 -9999 -9999 -9999 -9999 -9999 -9999 -9999 -9999 -9999 -9999 -9999 621.8832 620.3933 618.1371 616.181 612.6872 608.1656 603.5331 599.0797 594.8986 591.1079 587.8387 585.4099 583.6423 582.5853 582.024 581.8322 581.9139 582.1161 582.3778 582.6384 583.1145 583.8337 584.7728 585.8382 587.0443 588.4476 590.1855 592.4711 595.4023 598.9315 602.8086 606.7151 610.3173 613.0338 614.4319 614.6905 614.3052 613.8578 -9999 -9999
-9999 -9999 -9999 -9999 -9999 -9999 -9999 -9999 -9999 -9999 -9999 -9999 -9999 -9999 -9999 -9999 -9999 -9999 -9999 -9999 -9999 -9999 -9999 -9999 -9999 -9999 622.4799 621.9074 620.2349 617.8228 614.8483 610.8162 606.2419 601.7778 597.5634 593.6044 589.9702 586.8845 584.7109 582.9861 582.0457 581.5925 581.4951 581.6772 582.0576 582.5782 583.0508 583.7191 584.5858 585.5942 586.7678 588.2186 590.0424 592.3915 595.21 598.4913 602.1732 606.1129 610.0439 613.4962 615.9254 616.9351 616.7979 615.9371 614.944 -9999 -9999
-9999 -9999 -9999 -9999 -9999 -9999 -9999 -9999 -9999 -9999 -9999 -9999 -9999 -9999 -9999 -9999 -9999 -9999 -9999 -9999 -9999 -9999 -9999 -9999 -9999 -9999 622.4561 621.7864 619.8702 617.0455 613.426 609.0619 604.5452 600.2644 596.255 592.5021 589.1279 586.3521 584.4669 582.7643 581.8009 581.3544 581.2789 581.4971 581.9607 582.6125 583.3702 584.3011 585.3846 586.5276 587.9053 589.768 592.2243 595.0776 598.184 601.5387 605.2419 609.2196 613.0625 616.2694 618.4531 619.3194 619.0959 618.1 -9999 -9999 -9999
-9999 -9999 -9999 -9999 -9999 -9999 -9999 -9999 -9999 -9999 -9999 -9999 -9999 -9999 -9999 -9999 -9999 -9999 -9999 -9999 -9999 -9999 -9999 -9999 -9999 -9999 622.1737 621.2813 619.0189 615.8094 611.8395 607.3988 603.021 598.993 595.2798 591.8113 588.6503 585.9971 584.104 582.6246 581.7284 581.2917 581.2034 581.4065 581.8864 582.624 583.6248 584.804 586.0289 587.4731 589.1335 591.5601 594.574 597.7574 600.8598 604.0853 607.6559 611.5086 615.1395 617.9914 619.7635 620.5675 620.5262 -9999 -9999 -9999 -9999
-9999 -9999 -9999 -9999 -9999 -9999 -9999 -9999 -9999 -9999 -9999 -9999 -9999 -9999 -9999 -9999 -9999 -9999 -9999 -9999 -9999 -9999 -9999 -9999 -9999 -9999 621.7166 620.2999 617.7686 614.3568 610.3145 606.0544 601.9643 598.2341 594.7781 591.505 588.4623 585.8516 583.9581 582.6107 581.8162 581.4047 581.2969 581.4614 581.9144 582.6779 583.8851 585.3209 586.7798 588.4172 590.2318 593.1082 596.5878 599.9157 602.8679 605.7233 608.865 612.4291 615.8376 618.3372 619.956 620.8253 -9999 -9999 -9999 -9999 -9999
-9999 -9999 -9999 -9999 -9999 -9999 -9999 -9999 -9999 -9999 -9999 -9999 -9999 -9999 -9999 -9999 -9999 -9999 -9999 -9999 -9999 -9999 -9999 -9999 -9999 621.2944 620.8211 619.1028 616.3298 612.8464 608.9615 605.0393 601.3326 597.8879 594.6147 591.4437 588.4501 585.8619 584.0085 582.7448 582.0893 581.7065 581.5828 581.7089 582.1382 582.8807 584.158 585.5636 587.0529 588.8086 591.0189 594.2791 597.9855 601.3724 603.9305 606.3094 608.8868 611.941 615.1389 617.7648 619.3694 620.3009 620.9127 -9999 -9999 -9999 -9999
